1 1.67706
2 1.39323
3 1.24406
4 1.14043
5 1.09289
6 1.06903
7 1.05522
8 1.04676
9 1.03918
10 1.03231
11 1.02484
12 1.01857
13 1.0136
14 1.01062
15 1.009
16 1.00822
17 1.00784
18 1.00744
19 1.00717
20 1.00682
21 1.00664
22 1.00645
23 1.00638
24 1.00635
25 1.00637
26 1.00645
27 1.00655
28 1.00671
29 1.00687
30 1.00708
31 1.00728
32 1.00752
33 1.00776
34 1.00802
35 1.00829
36 1.00858
37 1.00886
38 1.00916
39 1.00947
40 1.00978
41 1.01009
42 1.01041
43 1.01073
44 1.01105
45 1.01138
46 1.0117
47 1.01203
48 1.01235
49 1.01268
50 1.01301
51 1.01334
52 1.01367
53 1.014
54 1.01433
55 1.01466
56 1.01498
57 1.01531
58 1.01564
59 1.01596
60 1.01629
61 1.01661
62 1.01693
63 1.01725
64 1.01757
65 1.01789
66 1.0182
67 1.01852
68 1.01883
69 1.01914
70 1.01945
71 1.01976
72 1.02007
73 1.02038
74 1.02068
75 1.02098
76 1.02129
77 1.02158
78 1.02188
79 1.02218
80 1.02247
81 1.02276
82 1.02305
83 1.02334
84 1.02363
85 1.02391
86 1.02419
87 1.02448
88 1.02476
89 1.02504
90 1.02531
91 1.02559
92 1.02586
93 1.02613
94 1.02641
95 1.02668
96 1.02694
97 1.02721
98 1.02748
99 1.02774
100 1.028
