1 24.5292
2 17.1585
3 14.5529
4 12.6375
5 11.757
6 11.1799
7 10.8799
8 10.6894
9 10.5664
10 10.484
11 10.4229
12 10.3776
13 10.3398
14 10.3076
15 10.2787
16 10.2526
17 10.2284
18 10.2059
19 10.1848
20 10.1649
21 10.1462
22 10.1286
23 10.1118
24 10.0959
25 10.0807
26 10.0663
27 10.0525
28 10.0393
29 10.0266
30 10.0145
31 10.0029
32 9.99176
33 9.98102
34 9.97068
35 9.9607
36 9.95107
37 9.94176
38 9.93276
39 9.92405
40 9.9156
41 9.90741
42 9.89947
43 9.89176
44 9.88426
45 9.87697
46 9.86988
47 9.86298
48 9.85626
49 9.84973
50 9.84336
51 9.83715
52 9.83111
53 9.82522
54 9.81947
55 9.81387
56 9.80841
57 9.80309
58 9.7979
59 9.79284
60 9.7879
61 9.78308
62 9.77837
63 9.77379
64 9.76931
65 9.76493
66 9.76066
67 9.75649
68 9.75242
69 9.74844
70 9.74456
71 9.74077
72 9.73707
73 9.73345
74 9.72991
75 9.72645
76 9.72307
77 9.71977
78 9.71653
79 9.71338
80 9.71029
81 9.70727
82 9.70433
83 9.70144
84 9.69863
85 9.69588
86 9.69319
87 9.69057
88 9.688
89 9.68549
90 9.68304
91 9.68064
92 9.6783
93 9.676
94 9.67376
95 9.67156
96 9.66941
97 9.66731
98 9.66526
99 9.66325
100 9.66128
101 9.65936
102 9.65748
103 9.65564
104 9.65384
105 9.65208
106 9.65035
107 9.64866
108 9.647
109 9.64538
110 9.64379
111 9.64224
112 9.64071
113 9.63922
114 9.63775
115 9.63631
116 9.6349
117 9.63351
118 9.63215
119 9.63082
120 9.62951
121 9.62823
122 9.62698
123 9.62574
124 9.62453
125 9.62334
126 9.62217
127 9.62102
128 9.61989
129 9.61878
130 9.61769
131 9.61662
132 9.61557
133 9.61453
134 9.61352
135 9.61252
136 9.61153
137 9.61057
138 9.60962
139 9.60868
140 9.60776
141 9.60685
142 9.60596
143 9.60508
144 9.60422
145 9.60337
146 9.60253
147 9.6017
148 9.60089
149 9.60009
150 9.59931
151 9.59853
152 9.59777
153 9.59702
154 9.59627
155 9.59554
156 9.59482
157 9.59411
158 9.59342
159 9.59273
160 9.59205
161 9.59139
162 9.59073
163 9.59008
164 9.58944
165 9.58882
166 9.58819
167 9.58758
168 9.58698
169 9.58639
170 9.5858
171 9.58523
172 9.58466
173 9.5841
174 9.58355
175 9.583
176 9.58246
177 9.58194
178 9.58141
179 9.5809
180 9.58039
181 9.57989
182 9.57939
183 9.57891
184 9.57843
185 9.57796
186 9.57749
187 9.57703
188 9.57658
189 9.57613
190 9.57568
191 9.57524
192 9.57481
193 9.57439
194 9.57397
195 9.57355
196 9.57315
197 9.57275
198 9.57235
199 9.57195
200 9.57157
201 9.57118
202 9.57081
203 9.57043
204 9.57006
205 9.5697
206 9.56934
207 9.56898
208 9.56863
209 9.56828
210 9.56793
211 9.56759
212 9.56725
213 9.56691
214 9.56658
215 9.56625
216 9.56593
217 9.56561
218 9.56529
219 9.56497
220 9.56466
221 9.56434
222 9.56404
223 9.56373
224 9.56343
225 9.56312
226 9.56283
227 9.56253
228 9.56223
229 9.56194
230 9.56164
231 9.56135
232 9.56106
233 9.56077
234 9.56048
235 9.56019
236 9.5599
237 9.55961
238 9.55932
239 9.55903
240 9.55874
241 9.55844
242 9.55815
243 9.55786
244 9.55757
245 9.55728
246 9.55698
247 9.55669
248 9.55639
249 9.55609
250 9.55579
251 9.55549
252 9.55519
253 9.55489
254 9.55458
255 9.55427
256 9.55396
257 9.55365
258 9.55334
259 9.55303
260 9.55271
261 9.5524
262 9.55208
263 9.55176
264 9.55143
265 9.55111
266 9.55078
267 9.55045
268 9.55012
269 9.54979
270 9.54945
271 9.54911
272 9.54877
273 9.54843
274 9.54809
275 9.54774
276 9.54739
277 9.54704
278 9.54668
279 9.54633
280 9.54597
281 9.5456
282 9.54524
283 9.54487
284 9.5445
285 9.54413
286 9.54375
287 9.54338
288 9.543
289 9.54262
290 9.54223
291 9.54185
292 9.54146
293 9.54107
294 9.54067
295 9.54028
296 9.53988
297 9.53948
298 9.53908
299 9.53867
300 9.53827
301 9.53786
302 9.53745
303 9.53703
304 9.53662
305 9.5362
306 9.53577
307 9.53535
308 9.53492
309 9.53449
310 9.53406
311 9.53362
312 9.53319
313 9.53275
314 9.5323
315 9.53186
316 9.53141
317 9.53097
318 9.53051
319 9.53006
320 9.52961
321 9.52915
322 9.52869
323 9.52823
324 9.52777
325 9.5273
326 9.52683
327 9.52636
328 9.52589
329 9.52542
330 9.52494
331 9.52447
332 9.52399
333 9.52351
334 9.52302
335 9.52254
336 9.52205
337 9.52156
338 9.52108
339 9.52058
340 9.52009
341 9.5196
342 9.5191
343 9.5186
344 9.5181
345 9.5176
346 9.5171
347 9.5166
348 9.51609
349 9.51558
350 9.51507
351 9.51456
352 9.51405
353 9.51354
354 9.51302
355 9.5125
356 9.51199
357 9.51147
358 9.51095
359 9.51042
360 9.5099
361 9.50938
362 9.50885
363 9.50832
364 9.50779
365 9.50726
366 9.50673
367 9.5062
368 9.50566
369 9.50513
370 9.50459
371 9.50405
372 9.50351
373 9.50297
374 9.50243
375 9.50189
376 9.50135
377 9.5008
378 9.50025
379 9.49971
380 9.49916
381 9.49861
382 9.49806
383 9.49751
384 9.49696
385 9.49641
386 9.49586
387 9.4953
388 9.49475
389 9.49419
390 9.49364
391 9.49308
392 9.49252
393 9.49197
394 9.49141
395 9.49085
396 9.49029
397 9.48973
398 9.48917
399 9.48861
400 9.48804
401 9.48748
402 9.48692
403 9.48635
404 9.48579
405 9.48523
406 9.48466
407 9.4841
408 9.48353
409 9.48297
410 9.4824
411 9.48183
412 9.48127
413 9.4807
414 9.48014
415 9.47957
416 9.479
417 9.47844
418 9.47787
419 9.4773
420 9.47674
421 9.47617
422 9.4756
423 9.47504
424 9.47447
425 9.47391
426 9.47334
427 9.47277
428 9.47221
429 9.47164
430 9.47108
431 9.47051
432 9.46995
433 9.46938
434 9.46882
435 9.46825
436 9.46769
437 9.46713
438 9.46656
439 9.466
440 9.46544
441 9.46488
442 9.46431
443 9.46375
444 9.46319
445 9.46263
446 9.46207
447 9.46151
448 9.46096
449 9.4604
450 9.45984
451 9.45928
452 9.45873
453 9.45817
454 9.45762
455 9.45706
456 9.45651
457 9.45595
458 9.4554
459 9.45485
460 9.4543
461 9.45375
462 9.4532
463 9.45265
464 9.4521
465 9.45155
466 9.45101
467 9.45046
468 9.44991
469 9.44937
470 9.44883
471 9.44829
472 9.44774
473 9.4472
474 9.44666
475 9.44612
476 9.44559
477 9.44505
478 9.44451
479 9.44398
480 9.44344
481 9.44291
482 9.44238
483 9.44185
484 9.44132
485 9.44079
486 9.44026
487 9.43973
488 9.43921
489 9.43868
490 9.43816
491 9.43764
492 9.43712
493 9.4366
494 9.43608
495 9.43556
496 9.43504
497 9.43453
498 9.43401
499 9.4335
500 9.43299
501 9.43248
502 9.43197
503 9.43146
504 9.43095
505 9.43044
506 9.42994
507 9.42943
508 9.42893
509 9.42843
510 9.42793
511 9.42743
512 9.42694
513 9.42644
514 9.42595
515 9.42545
516 9.42496
517 9.42447
518 9.42398
519 9.42349
520 9.42301
521 9.42252
522 9.42204
523 9.42156
524 9.42107
525 9.42059
526 9.42012
527 9.41964
528 9.41916
529 9.41869
530 9.41821
531 9.41774
532 9.41727
533 9.4168
534 9.41634
535 9.41587
536 9.41541
537 9.41494
538 9.41448
539 9.41402
540 9.41356
541 9.4131
542 9.41265
543 9.41219
544 9.41174
545 9.41129
546 9.41084
547 9.41039
548 9.40994
549 9.4095
550 9.40906
551 9.40861
552 9.40817
553 9.40773
554 9.40729
555 9.40686
556 9.40642
557 9.40599
558 9.40556
559 9.40513
560 9.4047
561 9.40427
562 9.40384
563 9.40342
564 9.403
565 9.40257
566 9.40215
567 9.40174
568 9.40132
569 9.4009
570 9.40049
571 9.40008
572 9.39967
573 9.39926
574 9.39885
575 9.39844
576 9.39804
577 9.39763
578 9.39723
579 9.39683
580 9.39643
581 9.39603
582 9.39564
583 9.39524
584 9.39485
585 9.39446
586 9.39407
587 9.39368
588 9.39329
589 9.39291
590 9.39252
591 9.39214
592 9.39176
593 9.39138
594 9.391
595 9.39062
596 9.39025
597 9.38987
598 9.3895
599 9.38913
600 9.38876
601 9.38839
602 9.38802
603 9.38766
604 9.38729
605 9.38693
606 9.38657
607 9.38621
608 9.38585
609 9.3855
610 9.38514
611 9.38479
612 9.38444
613 9.38408
614 9.38374
615 9.38339
616 9.38304
617 9.38269
618 9.38235
619 9.38201
620 9.38167
621 9.38133
622 9.38099
623 9.38065
624 9.38032
625 9.37998
626 9.37965
627 9.37932
628 9.37899
629 9.37866
630 9.37833
631 9.378
632 9.37768
633 9.37735
634 9.37703
635 9.37671
636 9.37639
637 9.37607
638 9.37576
639 9.37544
640 9.37513
641 9.37481
642 9.3745
643 9.37419
644 9.37388
645 9.37357
646 9.37327
647 9.37296
648 9.37266
649 9.37235
650 9.37205
651 9.37175
652 9.37145
653 9.37115
654 9.37086
655 9.37056
656 9.37027
657 9.36997
658 9.36968
659 9.36939
660 9.3691
661 9.36881
662 9.36852
663 9.36824
664 9.36795
665 9.36767
666 9.36739
667 9.36711
668 9.36682
669 9.36655
670 9.36627
671 9.36599
672 9.36572
673 9.36544
674 9.36517
675 9.3649
676 9.36463
677 9.36436
678 9.36409
679 9.36382
680 9.36356
681 9.36329
682 9.36303
683 9.36276
684 9.3625
685 9.36224
686 9.36198
687 9.36173
688 9.36147
689 9.36121
690 9.36096
691 9.36071
692 9.36045
693 9.3602
694 9.35995
695 9.3597
696 9.35945
697 9.35921
698 9.35896
699 9.35872
700 9.35847
701 9.35823
702 9.35799
703 9.35775
704 9.35751
705 9.35727
706 9.35703
707 9.35679
708 9.35656
709 9.35632
710 9.35609
711 9.35586
712 9.35563
713 9.3554
714 9.35517
715 9.35494
716 9.35471
717 9.35449
718 9.35426
719 9.35404
720 9.35381
721 9.35359
722 9.35337
723 9.35315
724 9.35293
725 9.35271
726 9.35249
727 9.35228
728 9.35206
729 9.35185
730 9.35163
731 9.35142
732 9.35121
733 9.351
734 9.35079
735 9.35058
736 9.35038
737 9.35017
738 9.34996
739 9.34976
740 9.34955
741 9.34935
742 9.34915
743 9.34895
744 9.34875
745 9.34855
746 9.34835
747 9.34815
748 9.34796
749 9.34776
750 9.34757
