1 33.9298
2 22.515
3 17.9533
4 13.7666
5 11.1687
6 9.59183
7 8.63966
8 8.50727
9 8.59705
10 8.64452
11 8.10269
12 7.34138
13 6.36873
14 5.55544
15 4.922
16 4.61737
17 4.5071
18 4.42996
19 4.35017
20 4.18527
21 4.04734
22 3.85232
23 3.66941
24 3.44257
25 3.21365
26 3.00667
27 2.8093
28 2.70152
29 2.58907
30 2.56955
31 2.51053
32 2.50305
33 2.44053
34 2.40222
35 2.33419
36 2.29222
37 2.25236
38 2.23008
39 2.21507
40 2.20094
41 2.19455
42 2.18396
43 2.1827
44 2.17435
45 2.17193
46 2.16207
47 2.15628
48 2.14821
49 2.14258
50 2.13911
51 2.13456
52 2.1347
53 2.13087
54 2.13288
55 2.12926
56 2.13116
57 2.12754
58 2.12862
59 2.12589
60 2.1263
61 2.12493
62 2.12464
63 2.12441
64 2.12364
65 2.12412
66 2.12325
67 2.12381
68 2.12313
69 2.12337
70 2.12312
71 2.123
72 2.12317
73 2.12282
74 2.12323
75 2.12283
76 2.12332
77 2.12297
78 2.12342
79 2.12313
80 2.12352
81 2.1233
82 2.12361
83 2.12347
84 2.1237
85 2.12366
86 2.1238
87 2.12386
88 2.12392
89 2.12404
90 2.12408
91 2.1242
92 2.12425
93 2.12434
94 2.12444
95 2.12448
96 2.12462
97 2.12463
98 2.12479
99 2.12478
100 2.12495
