1 14.7702
2 10.9599
3 9.50871
4 8.12005
5 7.28384
6 6.75354
7 6.45466
8 6.4267
9 6.49995
10 6.5686
11 6.43152
12 6.22223
13 5.93009
14 5.68827
15 5.48135
16 5.37842
17 5.33699
18 5.31416
19 5.2862
20 5.22367
21 5.17335
22 5.10011
23 5.03415
24 4.94406
25 4.8578
26 4.77339
27 4.69761
28 4.64857
29 4.59849
30 4.58022
31 4.5489
32 4.54105
33 4.51152
34 4.49253
35 4.45814
36 4.43475
37 4.41142
38 4.39791
39 4.38762
40 4.37803
41 4.3716
42 4.36328
43 4.36075
44 4.35477
45 4.35239
46 4.34498
47 4.33977
48 4.33278
49 4.32806
50 4.32441
51 4.321
52 4.31964
53 4.31676
54 4.31659
55 4.3139
56 4.31375
57 4.31087
58 4.3104
59 4.30814
60 4.30775
61 4.30652
62 4.30571
63 4.30514
64 4.30383
65 4.30388
66 4.30255
67 4.30286
68 4.30168
69 4.3018
70 4.30103
71 4.30089
72 4.30058
73 4.30022
74 4.30016
75 4.29976
76 4.29984
77 4.29954
78 4.29962
79 4.29938
80 4.29944
81 4.29926
82 4.29931
83 4.29918
84 4.29919
85 4.29914
86 4.29907
87 4.29915
88 4.29901
89 4.29918
90 4.29901
91 4.29919
92 4.29907
93 4.29919
94 4.29916
95 4.2992
96 4.29924
97 4.29924
98 4.29933
99 4.29932
100 4.29941
