1 9.4345
2 5.33149
3 4.1066
4 3.52888
5 3.202
6 3.0002
7 2.86947
8 2.78226
9 2.72293
10 2.68204
11 2.65361
12 2.63375
13 2.61985
14 2.61015
15 2.60344
16 2.59887
17 2.59585
18 2.59394
19 2.59284
20 2.59233
21 2.59224
22 2.59246
23 2.59289
24 2.59348
25 2.59418
26 2.59494
27 2.59575
28 2.59658
29 2.59742
30 2.59826
31 2.59908
32 2.5999
33 2.60069
34 2.60146
35 2.6022
36 2.60292
37 2.60362
38 2.60429
39 2.60494
40 2.60556
41 2.60615
42 2.60673
43 2.60728
44 2.60781
45 2.60832
46 2.60881
47 2.60928
48 2.60973
49 2.61017
50 2.61059
51 2.61099
52 2.61138
53 2.61176
54 2.61212
55 2.61247
56 2.61281
57 2.61313
58 2.61345
59 2.61376
60 2.61405
61 2.61434
62 2.61462
63 2.61488
64 2.61515
65 2.6154
66 2.61565
67 2.61588
68 2.61612
69 2.61634
70 2.61656
71 2.61678
72 2.61699
73 2.61719
74 2.61739
75 2.61758
76 2.61777
77 2.61796
78 2.61814
79 2.61831
80 2.61849
81 2.61866
82 2.61882
83 2.61898
84 2.61914
85 2.6193
86 2.61945
87 2.6196
88 2.61974
89 2.61989
90 2.62003
91 2.62017
92 2.6203
93 2.62044
94 2.62057
95 2.6207
96 2.62082
97 2.62095
98 2.62107
99 2.62119
100 2.62131
