1 16.3029
2 13.338
3 12.033
4 11.2717
5 10.7671
6 10.4056
7 10.1326
8 9.91829
9 9.74508
10 9.60179
11 9.48108
12 9.37787
13 9.28849
14 9.21024
15 9.14109
16 9.07948
17 9.02419
18 8.97425
19 8.92887
20 8.88744
21 8.84941
22 8.81435
23 8.7819
24 8.75177
25 8.72371
26 8.6975
27 8.67295
28 8.64989
29 8.6282
30 8.60775
31 8.58843
32 8.57015
33 8.55282
34 8.53638
35 8.52076
36 8.50589
37 8.49173
38 8.47821
39 8.4653
40 8.45296
41 8.44115
42 8.42983
43 8.41898
44 8.40856
45 8.39855
46 8.38892
47 8.37966
48 8.37073
49 8.36213
50 8.35383
51 8.34582
52 8.33809
53 8.33061
54 8.32337
55 8.31637
56 8.30959
57 8.30302
58 8.29665
59 8.29048
60 8.28448
61 8.27866
62 8.27301
63 8.26752
64 8.26218
65 8.25699
66 8.25194
67 8.24702
68 8.24223
69 8.23757
70 8.23302
71 8.22859
72 8.22426
73 8.22005
74 8.21593
75 8.21191
76 8.20798
77 8.20415
78 8.2004
79 8.19674
80 8.19316
81 8.18965
82 8.18623
83 8.18287
84 8.17959
85 8.17638
86 8.17323
87 8.17014
88 8.16712
89 8.16416
90 8.16126
91 8.15841
92 8.15562
93 8.15288
94 8.1502
95 8.14756
96 8.14497
97 8.14243
98 8.13994
99 8.13749
100 8.13509
101 8.13272
102 8.1304
103 8.12812
104 8.12588
105 8.12367
106 8.1215
107 8.11937
108 8.11727
109 8.1152
110 8.11317
111 8.11117
112 8.1092
113 8.10727
114 8.10536
115 8.10349
116 8.10164
117 8.09982
118 8.09803
119 8.09627
120 8.09453
121 8.09281
122 8.09113
123 8.08947
124 8.08783
125 8.08621
126 8.08462
127 8.08305
128 8.08151
129 8.07998
130 8.07848
131 8.077
132 8.07554
133 8.0741
134 8.07268
135 8.07128
136 8.06989
137 8.06853
138 8.06719
139 8.06586
140 8.06455
141 8.06326
142 8.06199
143 8.06073
144 8.05949
145 8.05827
146 8.05706
147 8.05587
148 8.05469
149 8.05353
150 8.05239
151 8.05125
152 8.05014
153 8.04904
154 8.04795
155 8.04687
156 8.04581
157 8.04476
158 8.04373
159 8.04271
160 8.0417
161 8.0407
162 8.03972
163 8.03875
164 8.03779
165 8.03684
166 8.03591
167 8.03498
168 8.03407
169 8.03317
170 8.03228
171 8.0314
172 8.03053
173 8.02967
174 8.02882
175 8.02798
176 8.02716
177 8.02634
178 8.02553
179 8.02473
180 8.02394
181 8.02316
182 8.02239
183 8.02163
184 8.02088
185 8.02013
186 8.0194
187 8.01867
188 8.01795
189 8.01724
190 8.01654
191 8.01585
192 8.01517
193 8.01449
194 8.01382
195 8.01316
196 8.0125
197 8.01186
198 8.01122
199 8.01059
200 8.00996
201 8.00934
202 8.00873
203 8.00813
204 8.00753
205 8.00694
206 8.00636
207 8.00578
208 8.00521
209 8.00464
210 8.00408
211 8.00353
212 8.00299
213 8.00244
214 8.00191
215 8.00138
216 8.00086
217 8.00034
218 7.99983
219 7.99932
220 7.99882
221 7.99832
222 7.99783
223 7.99734
224 7.99686
225 7.99638
226 7.99591
227 7.99544
228 7.99497
229 7.99451
230 7.99406
231 7.99361
232 7.99316
233 7.99272
234 7.99228
235 7.99184
236 7.99141
237 7.99099
238 7.99056
239 7.99014
240 7.98973
241 7.98932
242 7.98891
243 7.9885
244 7.9881
245 7.9877
246 7.98731
247 7.98692
248 7.98653
249 7.98614
250 7.98576
251 7.98538
252 7.98501
253 7.98463
254 7.98426
255 7.9839
256 7.98353
257 7.98317
258 7.98281
259 7.98245
260 7.9821
261 7.98175
262 7.9814
263 7.98105
264 7.98071
265 7.98036
266 7.98002
267 7.97969
268 7.97935
269 7.97902
270 7.97869
271 7.97836
272 7.97803
273 7.97771
274 7.97738
275 7.97706
276 7.97674
277 7.97643
278 7.97611
279 7.9758
280 7.97549
281 7.97518
282 7.97487
283 7.97456
284 7.97426
285 7.97396
286 7.97366
287 7.97336
288 7.97306
289 7.97276
290 7.97247
291 7.97218
292 7.97189
293 7.9716
294 7.97131
295 7.97102
296 7.97074
297 7.97045
298 7.97017
299 7.96989
300 7.96961
301 7.96933
302 7.96905
303 7.96878
304 7.9685
305 7.96823
306 7.96796
307 7.96769
308 7.96742
309 7.96715
310 7.96689
311 7.96662
312 7.96636
313 7.9661
314 7.96584
315 7.96558
316 7.96532
317 7.96506
318 7.9648
319 7.96455
320 7.96429
321 7.96404
322 7.96379
323 7.96354
324 7.96329
325 7.96304
326 7.96279
327 7.96255
328 7.9623
329 7.96206
330 7.96182
331 7.96158
332 7.96134
333 7.9611
334 7.96086
335 7.96062
336 7.96039
337 7.96016
338 7.95992
339 7.95969
340 7.95946
341 7.95923
342 7.959
343 7.95877
344 7.95855
345 7.95832
346 7.9581
347 7.95787
348 7.95765
349 7.95743
350 7.95721
351 7.95699
352 7.95677
353 7.95656
354 7.95634
355 7.95613
356 7.95591
357 7.9557
358 7.95549
359 7.95528
360 7.95507
361 7.95486
362 7.95466
363 7.95445
364 7.95425
365 7.95404
366 7.95384
367 7.95364
368 7.95344
369 7.95324
370 7.95304
371 7.95285
372 7.95265
373 7.95246
374 7.95226
375 7.95207
376 7.95188
377 7.95169
378 7.9515
379 7.95131
380 7.95112
381 7.95094
382 7.95075
383 7.95057
384 7.95039
385 7.9502
386 7.95002
387 7.94985
388 7.94967
389 7.94949
390 7.94931
391 7.94914
392 7.94896
393 7.94879
394 7.94862
395 7.94845
396 7.94828
397 7.94811
398 7.94794
399 7.94778
400 7.94761
401 7.94745
402 7.94728
403 7.94712
404 7.94696
405 7.9468
406 7.94664
407 7.94649
408 7.94633
409 7.94617
410 7.94602
411 7.94587
412 7.94571
413 7.94556
414 7.94541
415 7.94526
416 7.94511
417 7.94497
418 7.94482
419 7.94468
420 7.94453
421 7.94439
422 7.94425
423 7.94411
424 7.94397
425 7.94383
426 7.94369
427 7.94355
428 7.94342
429 7.94328
430 7.94315
431 7.94302
432 7.94289
433 7.94275
434 7.94262
435 7.9425
436 7.94237
437 7.94224
438 7.94212
439 7.94199
440 7.94187
441 7.94174
442 7.94162
443 7.9415
444 7.94138
445 7.94126
446 7.94115
447 7.94103
448 7.94091
449 7.9408
450 7.94068
451 7.94057
452 7.94046
453 7.94035
454 7.94024
455 7.94013
456 7.94002
457 7.93991
458 7.93981
459 7.9397
460 7.93959
461 7.93949
462 7.93939
463 7.93929
464 7.93919
465 7.93909
466 7.93899
467 7.93889
468 7.93879
469 7.93869
470 7.9386
471 7.9385
472 7.93841
473 7.93832
474 7.93822
475 7.93813
476 7.93804
477 7.93795
478 7.93786
479 7.93777
480 7.93769
481 7.9376
482 7.93751
483 7.93743
484 7.93735
485 7.93726
486 7.93718
487 7.9371
488 7.93702
489 7.93694
490 7.93686
491 7.93678
492 7.9367
493 7.93662
494 7.93655
495 7.93647
496 7.9364
497 7.93632
498 7.93625
499 7.93618
500 7.9361
501 7.93603
502 7.93596
503 7.93589
504 7.93582
505 7.93576
506 7.93569
507 7.93562
508 7.93555
509 7.93549
510 7.93542
511 7.93536
512 7.9353
513 7.93523
514 7.93517
515 7.93511
516 7.93505
517 7.93499
518 7.93493
519 7.93487
520 7.93481
521 7.93475
522 7.9347
523 7.93464
524 7.93458
525 7.93453
526 7.93447
527 7.93442
528 7.93437
529 7.93431
530 7.93426
531 7.93421
532 7.93416
533 7.93411
534 7.93406
535 7.93401
536 7.93396
537 7.93391
538 7.93386
539 7.93381
540 7.93377
541 7.93372
542 7.93367
543 7.93363
544 7.93358
545 7.93354
546 7.9335
547 7.93345
548 7.93341
549 7.93337
550 7.93333
551 7.93329
552 7.93324
553 7.9332
554 7.93316
555 7.93312
556 7.93309
557 7.93305
558 7.93301
559 7.93297
560 7.93294
561 7.9329
562 7.93286
563 7.93283
564 7.93279
565 7.93276
566 7.93272
567 7.93269
568 7.93266
569 7.93262
570 7.93259
571 7.93256
572 7.93253
573 7.93249
574 7.93246
575 7.93243
576 7.9324
577 7.93237
578 7.93234
579 7.93231
580 7.93229
581 7.93226
582 7.93223
583 7.9322
584 7.93218
585 7.93215
586 7.93212
587 7.9321
588 7.93207
589 7.93205
590 7.93202
591 7.932
592 7.93197
593 7.93195
594 7.93193
595 7.9319
596 7.93188
597 7.93186
598 7.93184
599 7.93182
600 7.93179
601 7.93177
602 7.93175
603 7.93173
604 7.93171
605 7.93169
606 7.93167
607 7.93165
608 7.93164
609 7.93162
610 7.9316
611 7.93158
612 7.93157
613 7.93155
614 7.93153
615 7.93152
616 7.9315
617 7.93148
618 7.93147
619 7.93145
620 7.93144
621 7.93142
622 7.93141
623 7.93139
624 7.93138
625 7.93137
626 7.93135
627 7.93134
628 7.93133
629 7.93132
630 7.9313
631 7.93129
632 7.93128
633 7.93127
634 7.93126
635 7.93125
636 7.93124
637 7.93123
638 7.93122
639 7.93121
640 7.9312
641 7.93119
642 7.93118
643 7.93117
644 7.93116
645 7.93116
646 7.93115
647 7.93114
648 7.93113
649 7.93113
650 7.93112
651 7.93111
652 7.93111
653 7.9311
654 7.9311
655 7.93109
656 7.93108
657 7.93108
658 7.93107
659 7.93107
660 7.93107
661 7.93106
662 7.93106
663 7.93105
664 7.93105
665 7.93105
666 7.93104
667 7.93104
668 7.93104
669 7.93104
670 7.93103
671 7.93103
672 7.93103
673 7.93103
674 7.93103
675 7.93103
676 7.93103
677 7.93102
678 7.93102
679 7.93102
680 7.93102
681 7.93102
682 7.93102
683 7.93103
684 7.93103
685 7.93103
686 7.93103
687 7.93103
688 7.93103
689 7.93103
690 7.93104
691 7.93104
692 7.93104
693 7.93104
694 7.93105
695 7.93105
696 7.93105
697 7.93106
698 7.93106
699 7.93106
700 7.93107
701 7.93107
702 7.93108
703 7.93108
704 7.93109
705 7.93109
706 7.9311
707 7.9311
708 7.93111
709 7.93112
710 7.93112
711 7.93113
712 7.93113
713 7.93114
714 7.93115
715 7.93116
716 7.93116
717 7.93117
718 7.93118
719 7.93119
720 7.93119
721 7.9312
722 7.93121
723 7.93122
724 7.93123
725 7.93124
726 7.93125
727 7.93126
728 7.93127
729 7.93128
730 7.93129
731 7.9313
732 7.93131
733 7.93132
734 7.93133
735 7.93134
736 7.93135
737 7.93136
738 7.93137
739 7.93138
740 7.9314
741 7.93141
742 7.93142
743 7.93143
744 7.93144
745 7.93146
746 7.93147
747 7.93148
748 7.9315
749 7.93151
750 7.93152
751 7.93154
752 7.93155
753 7.93157
754 7.93158
755 7.93159
756 7.93161
757 7.93162
758 7.93164
759 7.93165
760 7.93167
761 7.93168
762 7.9317
763 7.93172
764 7.93173
765 7.93175
766 7.93176
767 7.93178
768 7.9318
769 7.93181
770 7.93183
771 7.93185
772 7.93186
773 7.93188
774 7.9319
775 7.93192
776 7.93194
777 7.93195
778 7.93197
779 7.93199
780 7.93201
781 7.93203
782 7.93205
783 7.93206
784 7.93208
785 7.9321
786 7.93212
787 7.93214
788 7.93216
789 7.93218
790 7.9322
791 7.93222
792 7.93224
793 7.93226
794 7.93228
795 7.93231
796 7.93233
797 7.93235
798 7.93237
799 7.93239
800 7.93241
801 7.93243
802 7.93246
803 7.93248
804 7.9325
805 7.93252
806 7.93254
807 7.93257
808 7.93259
809 7.93261
810 7.93264
811 7.93266
812 7.93268
813 7.93271
814 7.93273
815 7.93275
816 7.93278
817 7.9328
818 7.93283
819 7.93285
820 7.93287
821 7.9329
822 7.93292
823 7.93295
824 7.93297
825 7.933
826 7.93302
827 7.93305
828 7.93307
829 7.9331
830 7.93313
831 7.93315
832 7.93318
833 7.9332
834 7.93323
835 7.93326
836 7.93328
837 7.93331
838 7.93334
839 7.93336
840 7.93339
841 7.93342
842 7.93344
843 7.93347
844 7.9335
845 7.93353
846 7.93355
847 7.93358
848 7.93361
849 7.93364
850 7.93367
851 7.93369
852 7.93372
853 7.93375
854 7.93378
855 7.93381
856 7.93384
857 7.93387
858 7.9339
859 7.93393
860 7.93396
861 7.93399
862 7.93401
863 7.93404
864 7.93407
865 7.9341
866 7.93413
867 7.93416
868 7.9342
869 7.93423
870 7.93426
871 7.93429
872 7.93432
873 7.93435
874 7.93438
875 7.93441
876 7.93444
877 7.93447
878 7.9345
879 7.93454
880 7.93457
881 7.9346
882 7.93463
883 7.93466
884 7.93469
885 7.93473
886 7.93476
887 7.93479
888 7.93482
889 7.93486
890 7.93489
891 7.93492
892 7.93495
893 7.93499
894 7.93502
895 7.93505
896 7.93509
897 7.93512
898 7.93515
899 7.93519
900 7.93522
901 7.93525
902 7.93529
903 7.93532
904 7.93536
905 7.93539
906 7.93542
907 7.93546
908 7.93549
909 7.93553
910 7.93556
911 7.9356
912 7.93563
913 7.93567
914 7.9357
915 7.93574
916 7.93577
917 7.93581
918 7.93584
919 7.93588
920 7.93591
921 7.93595
922 7.93598
923 7.93602
924 7.93605
925 7.93609
926 7.93613
927 7.93616
928 7.9362
929 7.93623
930 7.93627
931 7.93631
932 7.93634
933 7.93638
934 7.93642
935 7.93645
936 7.93649
937 7.93653
938 7.93656
939 7.9366
940 7.93664
941 7.93667
942 7.93671
943 7.93675
944 7.93679
945 7.93682
946 7.93686
947 7.9369
948 7.93694
949 7.93697
950 7.93701
951 7.93705
952 7.93709
953 7.93713
954 7.93716
955 7.9372
956 7.93724
957 7.93728
958 7.93732
959 7.93736
960 7.9374
961 7.93743
962 7.93747
963 7.93751
964 7.93755
965 7.93759
966 7.93763
967 7.93767
968 7.93771
969 7.93775
970 7.93779
971 7.93783
972 7.93787
973 7.9379
974 7.93794
975 7.93798
976 7.93802
977 7.93806
978 7.9381
979 7.93814
980 7.93818
981 7.93822
982 7.93826
983 7.9383
984 7.93834
985 7.93839
986 7.93843
987 7.93847
988 7.93851
989 7.93855
990 7.93859
991 7.93863
992 7.93867
993 7.93871
994 7.93875
995 7.93879
996 7.93883
997 7.93888
998 7.93892
999 7.93896
1000 7.939
1001 7.93904
1002 7.93908
1003 7.93912
1004 7.93917
1005 7.93921
1006 7.93925
1007 7.93929
1008 7.93933
1009 7.93937
1010 7.93942
1011 7.93946
1012 7.9395
1013 7.93954
1014 7.93959
1015 7.93963
1016 7.93967
1017 7.93971
1018 7.93976
1019 7.9398
1020 7.93984
1021 7.93988
1022 7.93993
1023 7.93997
1024 7.94001
1025 7.94006
1026 7.9401
1027 7.94014
1028 7.94018
1029 7.94023
1030 7.94027
1031 7.94031
1032 7.94036
1033 7.9404
1034 7.94044
1035 7.94049
1036 7.94053
1037 7.94057
1038 7.94062
1039 7.94066
1040 7.94071
1041 7.94075
1042 7.94079
1043 7.94084
1044 7.94088
1045 7.94093
1046 7.94097
1047 7.94101
1048 7.94106
1049 7.9411
1050 7.94115
1051 7.94119
1052 7.94124
1053 7.94128
1054 7.94133
1055 7.94137
1056 7.94141
1057 7.94146
1058 7.9415
1059 7.94155
1060 7.94159
1061 7.94164
1062 7.94168
1063 7.94173
1064 7.94177
1065 7.94182
1066 7.94186
1067 7.94191
1068 7.94196
1069 7.942
1070 7.94205
1071 7.94209
1072 7.94214
1073 7.94218
1074 7.94223
1075 7.94227
1076 7.94232
1077 7.94237
1078 7.94241
1079 7.94246
1080 7.9425
1081 7.94255
1082 7.94259
1083 7.94264
1084 7.94269
1085 7.94273
1086 7.94278
1087 7.94283
1088 7.94287
1089 7.94292
1090 7.94296
1091 7.94301
1092 7.94306
1093 7.9431
1094 7.94315
1095 7.9432
1096 7.94324
1097 7.94329
1098 7.94334
1099 7.94338
1100 7.94343
1101 7.94348
1102 7.94352
1103 7.94357
1104 7.94362
1105 7.94367
1106 7.94371
1107 7.94376
1108 7.94381
1109 7.94385
1110 7.9439
1111 7.94395
1112 7.944
1113 7.94404
1114 7.94409
1115 7.94414
1116 7.94419
1117 7.94423
1118 7.94428
1119 7.94433
1120 7.94438
1121 7.94442
1122 7.94447
1123 7.94452
1124 7.94457
1125 7.94462
1126 7.94466
1127 7.94471
1128 7.94476
1129 7.94481
1130 7.94486
1131 7.9449
1132 7.94495
1133 7.945
1134 7.94505
1135 7.9451
1136 7.94515
1137 7.94519
1138 7.94524
1139 7.94529
1140 7.94534
1141 7.94539
1142 7.94544
1143 7.94549
1144 7.94553
1145 7.94558
1146 7.94563
1147 7.94568
1148 7.94573
1149 7.94578
1150 7.94583
1151 7.94588
1152 7.94593
1153 7.94597
1154 7.94602
1155 7.94607
1156 7.94612
1157 7.94617
1158 7.94622
1159 7.94627
1160 7.94632
1161 7.94637
1162 7.94642
1163 7.94647
1164 7.94652
1165 7.94657
1166 7.94662
1167 7.94667
1168 7.94672
1169 7.94676
1170 7.94681
1171 7.94686
1172 7.94691
1173 7.94696
1174 7.94701
1175 7.94706
1176 7.94711
1177 7.94716
1178 7.94721
1179 7.94726
1180 7.94731
1181 7.94736
1182 7.94741
1183 7.94746
1184 7.94751
1185 7.94756
1186 7.94761
1187 7.94767
1188 7.94772
1189 7.94777
1190 7.94782
1191 7.94787
1192 7.94792
1193 7.94797
1194 7.94802
1195 7.94807
1196 7.94812
1197 7.94817
1198 7.94822
1199 7.94827
1200 7.94832
1201 7.94837
1202 7.94842
1203 7.94847
1204 7.94853
1205 7.94858
1206 7.94863
1207 7.94868
1208 7.94873
1209 7.94878
1210 7.94883
1211 7.94888
1212 7.94893
1213 7.94898
1214 7.94904
1215 7.94909
1216 7.94914
1217 7.94919
1218 7.94924
1219 7.94929
1220 7.94934
1221 7.94939
1222 7.94945
1223 7.9495
1224 7.94955
1225 7.9496
1226 7.94965
1227 7.9497
1228 7.94976
1229 7.94981
1230 7.94986
1231 7.94991
1232 7.94996
1233 7.95001
1234 7.95007
1235 7.95012
1236 7.95017
1237 7.95022
1238 7.95027
1239 7.95032
1240 7.95038
1241 7.95043
1242 7.95048
1243 7.95053
1244 7.95058
1245 7.95064
1246 7.95069
1247 7.95074
1248 7.95079
1249 7.95085
1250 7.9509
1251 7.95095
1252 7.951
1253 7.95105
1254 7.95111
1255 7.95116
1256 7.95121
1257 7.95126
1258 7.95132
1259 7.95137
1260 7.95142
1261 7.95147
1262 7.95153
1263 7.95158
1264 7.95163
1265 7.95168
1266 7.95174
1267 7.95179
1268 7.95184
1269 7.95189
1270 7.95195
1271 7.952
1272 7.95205
1273 7.95211
1274 7.95216
1275 7.95221
1276 7.95226
1277 7.95232
1278 7.95237
1279 7.95242
1280 7.95248
1281 7.95253
1282 7.95258
1283 7.95264
1284 7.95269
1285 7.95274
1286 7.95279
1287 7.95285
1288 7.9529
1289 7.95295
1290 7.95301
1291 7.95306
1292 7.95311
1293 7.95317
1294 7.95322
1295 7.95327
1296 7.95333
1297 7.95338
1298 7.95343
1299 7.95349
1300 7.95354
1301 7.95359
1302 7.95365
1303 7.9537
1304 7.95376
1305 7.95381
1306 7.95386
1307 7.95392
1308 7.95397
1309 7.95402
1310 7.95408
1311 7.95413
1312 7.95418
1313 7.95424
1314 7.95429
1315 7.95435
1316 7.9544
1317 7.95445
1318 7.95451
1319 7.95456
1320 7.95462
1321 7.95467
1322 7.95472
1323 7.95478
1324 7.95483
1325 7.95489
1326 7.95494
1327 7.95499
1328 7.95505
1329 7.9551
1330 7.95516
1331 7.95521
1332 7.95526
1333 7.95532
1334 7.95537
1335 7.95543
1336 7.95548
1337 7.95554
1338 7.95559
1339 7.95564
1340 7.9557
1341 7.95575
1342 7.95581
1343 7.95586
1344 7.95592
1345 7.95597
1346 7.95602
1347 7.95608
1348 7.95613
1349 7.95619
1350 7.95624
1351 7.9563
1352 7.95635
1353 7.95641
1354 7.95646
1355 7.95652
1356 7.95657
1357 7.95663
1358 7.95668
1359 7.95674
1360 7.95679
1361 7.95684
1362 7.9569
1363 7.95695
1364 7.95701
1365 7.95706
1366 7.95712
1367 7.95717
1368 7.95723
1369 7.95728
1370 7.95734
1371 7.95739
1372 7.95745
1373 7.9575
1374 7.95756
1375 7.95761
1376 7.95767
1377 7.95772
1378 7.95778
1379 7.95783
1380 7.95789
1381 7.95794
1382 7.958
1383 7.95806
1384 7.95811
1385 7.95817
1386 7.95822
1387 7.95828
1388 7.95833
1389 7.95839
1390 7.95844
1391 7.9585
1392 7.95855
1393 7.95861
1394 7.95866
1395 7.95872
1396 7.95877
1397 7.95883
1398 7.95889
1399 7.95894
1400 7.959
1401 7.95905
1402 7.95911
1403 7.95916
1404 7.95922
1405 7.95927
1406 7.95933
1407 7.95939
1408 7.95944
1409 7.9595
1410 7.95955
1411 7.95961
1412 7.95966
1413 7.95972
1414 7.95978
1415 7.95983
1416 7.95989
1417 7.95994
1418 7.96
1419 7.96006
1420 7.96011
1421 7.96017
1422 7.96022
1423 7.96028
1424 7.96034
1425 7.96039
1426 7.96045
1427 7.9605
1428 7.96056
1429 7.96062
1430 7.96067
1431 7.96073
1432 7.96078
1433 7.96084
1434 7.9609
1435 7.96095
1436 7.96101
1437 7.96106
1438 7.96112
1439 7.96118
1440 7.96123
1441 7.96129
1442 7.96135
1443 7.9614
1444 7.96146
1445 7.96151
1446 7.96157
1447 7.96163
1448 7.96168
1449 7.96174
1450 7.9618
1451 7.96185
1452 7.96191
1453 7.96197
1454 7.96202
1455 7.96208
1456 7.96213
1457 7.96219
1458 7.96225
1459 7.9623
1460 7.96236
1461 7.96242
1462 7.96247
1463 7.96253
1464 7.96259
1465 7.96264
1466 7.9627
1467 7.96276
1468 7.96281
1469 7.96287
1470 7.96293
1471 7.96298
1472 7.96304
1473 7.9631
1474 7.96315
1475 7.96321
1476 7.96327
1477 7.96332
1478 7.96338
1479 7.96344
1480 7.96349
1481 7.96355
1482 7.96361
1483 7.96367
1484 7.96372
1485 7.96378
1486 7.96384
1487 7.96389
1488 7.96395
1489 7.96401
1490 7.96406
1491 7.96412
1492 7.96418
1493 7.96423
1494 7.96429
1495 7.96435
1496 7.96441
1497 7.96446
1498 7.96452
1499 7.96458
1500 7.96463
1501 7.96469
1502 7.96475
1503 7.96481
1504 7.96486
1505 7.96492
1506 7.96498
1507 7.96503
1508 7.96509
1509 7.96515
1510 7.96521
1511 7.96526
1512 7.96532
1513 7.96538
1514 7.96543
1515 7.96549
1516 7.96555
1517 7.96561
1518 7.96566
1519 7.96572
1520 7.96578
1521 7.96584
1522 7.96589
1523 7.96595
1524 7.96601
1525 7.96607
1526 7.96612
1527 7.96618
1528 7.96624
1529 7.9663
1530 7.96635
1531 7.96641
1532 7.96647
1533 7.96652
1534 7.96658
1535 7.96664
1536 7.9667
1537 7.96676
1538 7.96681
1539 7.96687
1540 7.96693
1541 7.96699
1542 7.96704
1543 7.9671
1544 7.96716
1545 7.96722
1546 7.96727
1547 7.96733
1548 7.96739
1549 7.96745
1550 7.9675
1551 7.96756
1552 7.96762
1553 7.96768
1554 7.96773
1555 7.96779
1556 7.96785
1557 7.96791
1558 7.96797
1559 7.96802
1560 7.96808
1561 7.96814
1562 7.9682
1563 7.96825
1564 7.96831
1565 7.96837
1566 7.96843
1567 7.96849
1568 7.96854
1569 7.9686
1570 7.96866
1571 7.96872
1572 7.96878
1573 7.96883
1574 7.96889
1575 7.96895
1576 7.96901
1577 7.96907
1578 7.96912
1579 7.96918
1580 7.96924
1581 7.9693
1582 7.96936
1583 7.96941
1584 7.96947
1585 7.96953
1586 7.96959
1587 7.96965
1588 7.9697
1589 7.96976
1590 7.96982
1591 7.96988
1592 7.96994
1593 7.96999
1594 7.97005
1595 7.97011
1596 7.97017
1597 7.97023
1598 7.97029
1599 7.97034
1600 7.9704
1601 7.97046
1602 7.97052
1603 7.97058
1604 7.97063
1605 7.97069
1606 7.97075
1607 7.97081
1608 7.97087
1609 7.97093
1610 7.97098
1611 7.97104
1612 7.9711
1613 7.97116
1614 7.97122
1615 7.97128
1616 7.97133
1617 7.97139
1618 7.97145
1619 7.97151
1620 7.97157
1621 7.97163
1622 7.97168
1623 7.97174
1624 7.9718
1625 7.97186
1626 7.97192
1627 7.97198
1628 7.97203
1629 7.97209
1630 7.97215
1631 7.97221
1632 7.97227
1633 7.97233
1634 7.97239
1635 7.97244
1636 7.9725
1637 7.97256
1638 7.97262
1639 7.97268
1640 7.97274
1641 7.9728
1642 7.97285
1643 7.97291
1644 7.97297
1645 7.97303
1646 7.97309
1647 7.97315
1648 7.97321
1649 7.97326
1650 7.97332
1651 7.97338
1652 7.97344
1653 7.9735
1654 7.97356
1655 7.97362
1656 7.97367
1657 7.97373
1658 7.97379
1659 7.97385
1660 7.97391
1661 7.97397
1662 7.97403
1663 7.97409
1664 7.97414
1665 7.9742
1666 7.97426
1667 7.97432
1668 7.97438
1669 7.97444
1670 7.9745
1671 7.97456
1672 7.97461
1673 7.97467
1674 7.97473
1675 7.97479
1676 7.97485
1677 7.97491
1678 7.97497
1679 7.97503
1680 7.97508
1681 7.97514
1682 7.9752
1683 7.97526
1684 7.97532
1685 7.97538
1686 7.97544
1687 7.9755
1688 7.97556
1689 7.97561
1690 7.97567
1691 7.97573
1692 7.97579
1693 7.97585
1694 7.97591
1695 7.97597
1696 7.97603
1697 7.97609
1698 7.97615
1699 7.9762
1700 7.97626
1701 7.97632
1702 7.97638
1703 7.97644
1704 7.9765
1705 7.97656
1706 7.97662
1707 7.97668
1708 7.97674
1709 7.97679
1710 7.97685
1711 7.97691
1712 7.97697
1713 7.97703
1714 7.97709
1715 7.97715
1716 7.97721
1717 7.97727
1718 7.97733
1719 7.97739
1720 7.97744
1721 7.9775
1722 7.97756
1723 7.97762
1724 7.97768
1725 7.97774
1726 7.9778
1727 7.97786
1728 7.97792
1729 7.97798
1730 7.97804
1731 7.9781
1732 7.97815
1733 7.97821
1734 7.97827
1735 7.97833
1736 7.97839
1737 7.97845
1738 7.97851
1739 7.97857
1740 7.97863
1741 7.97869
1742 7.97875
1743 7.97881
1744 7.97887
1745 7.97892
1746 7.97898
1747 7.97904
1748 7.9791
1749 7.97916
1750 7.97922
1751 7.97928
1752 7.97934
1753 7.9794
1754 7.97946
1755 7.97952
1756 7.97958
1757 7.97964
1758 7.9797
1759 7.97975
1760 7.97981
1761 7.97987
1762 7.97993
1763 7.97999
1764 7.98005
1765 7.98011
1766 7.98017
1767 7.98023
1768 7.98029
1769 7.98035
1770 7.98041
1771 7.98047
1772 7.98053
1773 7.98059
1774 7.98065
1775 7.98071
1776 7.98076
1777 7.98082
1778 7.98088
1779 7.98094
1780 7.981
1781 7.98106
1782 7.98112
1783 7.98118
1784 7.98124
1785 7.9813
1786 7.98136
1787 7.98142
1788 7.98148
1789 7.98154
1790 7.9816
1791 7.98166
1792 7.98172
1793 7.98178
1794 7.98184
1795 7.98189
1796 7.98195
1797 7.98201
1798 7.98207
1799 7.98213
1800 7.98219
1801 7.98225
1802 7.98231
1803 7.98237
1804 7.98243
1805 7.98249
1806 7.98255
1807 7.98261
1808 7.98267
1809 7.98273
1810 7.98279
1811 7.98285
1812 7.98291
1813 7.98297
1814 7.98303
1815 7.98309
1816 7.98315
1817 7.98321
1818 7.98326
1819 7.98332
1820 7.98338
1821 7.98344
1822 7.9835
1823 7.98356
1824 7.98362
1825 7.98368
1826 7.98374
1827 7.9838
1828 7.98386
1829 7.98392
1830 7.98398
1831 7.98404
1832 7.9841
1833 7.98416
1834 7.98422
1835 7.98428
1836 7.98434
1837 7.9844
1838 7.98446
1839 7.98452
1840 7.98458
1841 7.98464
1842 7.9847
1843 7.98476
1844 7.98482
1845 7.98488
1846 7.98494
1847 7.985
1848 7.98506
1849 7.98512
1850 7.98517
1851 7.98523
1852 7.98529
1853 7.98535
1854 7.98541
1855 7.98547
1856 7.98553
1857 7.98559
1858 7.98565
1859 7.98571
1860 7.98577
1861 7.98583
1862 7.98589
1863 7.98595
1864 7.98601
1865 7.98607
1866 7.98613
1867 7.98619
1868 7.98625
1869 7.98631
1870 7.98637
1871 7.98643
1872 7.98649
1873 7.98655
1874 7.98661
1875 7.98667
1876 7.98673
1877 7.98679
1878 7.98685
1879 7.98691
1880 7.98697
1881 7.98703
1882 7.98709
1883 7.98715
1884 7.98721
1885 7.98727
1886 7.98733
1887 7.98739
1888 7.98745
1889 7.98751
1890 7.98757
1891 7.98763
1892 7.98769
1893 7.98775
1894 7.98781
1895 7.98787
1896 7.98793
1897 7.98799
1898 7.98805
1899 7.98811
1900 7.98817
1901 7.98823
1902 7.98829
1903 7.98835
1904 7.98841
1905 7.98847
1906 7.98853
1907 7.98859
1908 7.98865
1909 7.98871
1910 7.98877
1911 7.98883
1912 7.98889
1913 7.98895
1914 7.98901
1915 7.98907
1916 7.98913
1917 7.98919
1918 7.98925
1919 7.98931
1920 7.98937
1921 7.98943
1922 7.98949
1923 7.98955
1924 7.98961
1925 7.98967
1926 7.98973
1927 7.98979
1928 7.98985
1929 7.98991
1930 7.98997
1931 7.99003
1932 7.99009
1933 7.99015
1934 7.99021
1935 7.99027
1936 7.99033
1937 7.99039
1938 7.99045
1939 7.99051
1940 7.99057
1941 7.99063
1942 7.99069
1943 7.99075
1944 7.99081
1945 7.99087
1946 7.99093
1947 7.99099
1948 7.99105
1949 7.99111
1950 7.99117
1951 7.99123
1952 7.99129
1953 7.99135
1954 7.99141
1955 7.99147
1956 7.99153
1957 7.99159
1958 7.99165
1959 7.99171
1960 7.99177
1961 7.99183
1962 7.99189
1963 7.99195
1964 7.99201
1965 7.99207
1966 7.99213
1967 7.99219
1968 7.99225
1969 7.99231
1970 7.99237
1971 7.99243
1972 7.99249
1973 7.99255
1974 7.99261
1975 7.99267
1976 7.99273
1977 7.99279
1978 7.99285
1979 7.99291
1980 7.99297
1981 7.99303
1982 7.99309
1983 7.99315
1984 7.99321
1985 7.99327
1986 7.99333
1987 7.99339
1988 7.99345
1989 7.99351
1990 7.99357
1991 7.99363
1992 7.99369
1993 7.99375
1994 7.99381
1995 7.99387
1996 7.99393
1997 7.99399
1998 7.99405
1999 7.99411
2000 7.99417
2001 7.99423
2002 7.99429
2003 7.99435
2004 7.99441
2005 7.99447
2006 7.99453
2007 7.99459
2008 7.99465
2009 7.99471
2010 7.99477
2011 7.99483
2012 7.99489
2013 7.99495
2014 7.99501
2015 7.99507
2016 7.99513
2017 7.99519
2018 7.99525
2019 7.99531
2020 7.99537
2021 7.99543
2022 7.99549
2023 7.99555
2024 7.99561
2025 7.99567
2026 7.99573
2027 7.99579
2028 7.99585
2029 7.99591
2030 7.99597
2031 7.99603
2032 7.99609
2033 7.99615
2034 7.99621
2035 7.99628
2036 7.99634
2037 7.9964
2038 7.99646
2039 7.99652
2040 7.99658
2041 7.99664
2042 7.9967
2043 7.99676
2044 7.99682
2045 7.99688
2046 7.99694
2047 7.997
2048 7.99706
2049 7.99712
2050 7.99718
2051 7.99724
2052 7.9973
2053 7.99736
2054 7.99742
2055 7.99748
2056 7.99754
2057 7.9976
2058 7.99766
2059 7.99772
2060 7.99778
2061 7.99784
2062 7.9979
2063 7.99796
2064 7.99802
2065 7.99808
2066 7.99814
2067 7.9982
2068 7.99826
2069 7.99832
2070 7.99838
2071 7.99844
2072 7.9985
2073 7.99856
2074 7.99862
2075 7.99868
2076 7.99874
2077 7.9988
2078 7.99886
2079 7.99892
2080 7.99898
2081 7.99904
2082 7.9991
2083 7.99916
2084 7.99922
2085 7.99928
2086 7.99934
2087 7.9994
2088 7.99946
2089 7.99952
2090 7.99958
2091 7.99964
2092 7.9997
2093 7.99976
2094 7.99983
2095 7.99989
2096 7.99995
2097 8.00001
2098 8.00007
2099 8.00013
2100 8.00019
2101 8.00025
2102 8.00031
2103 8.00037
2104 8.00043
2105 8.00049
2106 8.00055
2107 8.00061
2108 8.00067
2109 8.00073
2110 8.00079
2111 8.00085
2112 8.00091
2113 8.00097
2114 8.00103
2115 8.00109
2116 8.00115
2117 8.00121
2118 8.00127
2119 8.00133
2120 8.00139
2121 8.00145
2122 8.00151
2123 8.00157
2124 8.00163
2125 8.00169
2126 8.00175
2127 8.00181
2128 8.00187
2129 8.00193
2130 8.00199
2131 8.00205
2132 8.00211
2133 8.00217
2134 8.00223
2135 8.00229
2136 8.00235
2137 8.00241
2138 8.00247
2139 8.00253
2140 8.00259
2141 8.00265
2142 8.00271
2143 8.00277
2144 8.00283
2145 8.00289
2146 8.00295
2147 8.00302
2148 8.00308
2149 8.00314
2150 8.0032
2151 8.00326
2152 8.00332
2153 8.00338
2154 8.00344
2155 8.0035
2156 8.00356
2157 8.00362
2158 8.00368
2159 8.00374
2160 8.0038
2161 8.00386
2162 8.00392
2163 8.00398
2164 8.00404
2165 8.0041
2166 8.00416
2167 8.00422
2168 8.00428
2169 8.00434
2170 8.0044
2171 8.00446
2172 8.00452
2173 8.00458
2174 8.00464
2175 8.0047
2176 8.00476
2177 8.00482
2178 8.00488
2179 8.00494
2180 8.005
2181 8.00506
2182 8.00512
2183 8.00518
2184 8.00524
2185 8.0053
2186 8.00536
2187 8.00542
2188 8.00548
2189 8.00554
2190 8.0056
2191 8.00566
2192 8.00572
2193 8.00578
2194 8.00584
2195 8.0059
2196 8.00596
2197 8.00602
2198 8.00608
2199 8.00614
2200 8.0062
2201 8.00626
2202 8.00632
2203 8.00638
2204 8.00644
2205 8.00651
2206 8.00657
2207 8.00663
2208 8.00669
2209 8.00675
2210 8.00681
2211 8.00687
2212 8.00693
2213 8.00699
2214 8.00705
2215 8.00711
2216 8.00717
2217 8.00723
2218 8.00729
2219 8.00735
2220 8.00741
2221 8.00747
2222 8.00753
2223 8.00759
2224 8.00765
2225 8.00771
2226 8.00777
2227 8.00783
2228 8.00789
2229 8.00795
2230 8.00801
2231 8.00807
2232 8.00813
2233 8.00819
2234 8.00825
2235 8.00831
2236 8.00837
2237 8.00843
2238 8.00849
2239 8.00855
2240 8.00861
2241 8.00867
2242 8.00873
2243 8.00879
2244 8.00885
2245 8.00891
2246 8.00897
2247 8.00903
2248 8.00909
2249 8.00915
2250 8.00921
2251 8.00927
2252 8.00933
2253 8.00939
2254 8.00945
2255 8.00951
2256 8.00957
2257 8.00963
2258 8.00969
2259 8.00975
2260 8.00981
2261 8.00987
2262 8.00993
2263 8.00999
2264 8.01005
2265 8.01011
2266 8.01017
2267 8.01023
2268 8.01029
2269 8.01035
2270 8.01042
2271 8.01048
2272 8.01054
2273 8.0106
2274 8.01066
2275 8.01072
2276 8.01078
2277 8.01084
2278 8.0109
2279 8.01096
2280 8.01102
2281 8.01108
2282 8.01114
2283 8.0112
2284 8.01126
2285 8.01132
2286 8.01138
2287 8.01144
2288 8.0115
2289 8.01156
2290 8.01162
2291 8.01168
2292 8.01174
2293 8.0118
2294 8.01186
2295 8.01192
2296 8.01198
2297 8.01204
2298 8.0121
2299 8.01216
2300 8.01222
2301 8.01228
2302 8.01234
2303 8.0124
2304 8.01246
2305 8.01252
2306 8.01258
2307 8.01264
2308 8.0127
2309 8.01276
2310 8.01282
2311 8.01288
2312 8.01294
2313 8.013
2314 8.01306
2315 8.01312
2316 8.01318
2317 8.01324
2318 8.0133
2319 8.01336
2320 8.01342
2321 8.01348
2322 8.01354
2323 8.0136
2324 8.01366
2325 8.01372
2326 8.01378
2327 8.01384
2328 8.0139
2329 8.01396
2330 8.01402
2331 8.01408
2332 8.01414
2333 8.0142
2334 8.01426
2335 8.01432
2336 8.01438
2337 8.01444
2338 8.0145
2339 8.01456
2340 8.01462
2341 8.01468
2342 8.01474
2343 8.0148
2344 8.01486
2345 8.01492
2346 8.01498
2347 8.01504
2348 8.0151
2349 8.01516
2350 8.01522
2351 8.01528
2352 8.01534
2353 8.0154
2354 8.01546
2355 8.01552
2356 8.01558
2357 8.01564
2358 8.0157
2359 8.01576
2360 8.01582
2361 8.01588
2362 8.01594
2363 8.016
2364 8.01606
2365 8.01612
2366 8.01618
2367 8.01624
2368 8.0163
2369 8.01636
2370 8.01642
2371 8.01648
2372 8.01654
2373 8.0166
2374 8.01666
2375 8.01672
2376 8.01678
2377 8.01684
2378 8.0169
2379 8.01696
2380 8.01702
2381 8.01708
2382 8.01714
2383 8.0172
2384 8.01726
2385 8.01732
2386 8.01738
2387 8.01744
2388 8.0175
2389 8.01756
2390 8.01762
2391 8.01768
2392 8.01774
2393 8.0178
2394 8.01786
2395 8.01792
2396 8.01798
2397 8.01804
2398 8.0181
2399 8.01816
2400 8.01822
2401 8.01828
2402 8.01834
2403 8.0184
2404 8.01846
2405 8.01852
2406 8.01858
2407 8.01864
2408 8.0187
2409 8.01876
2410 8.01882
2411 8.01888
2412 8.01894
2413 8.019
2414 8.01906
2415 8.01912
2416 8.01918
2417 8.01924
2418 8.0193
2419 8.01936
2420 8.01942
2421 8.01948
2422 8.01954
2423 8.0196
2424 8.01966
2425 8.01972
2426 8.01978
2427 8.01984
2428 8.0199
2429 8.01996
2430 8.02002
2431 8.02008
2432 8.02014
2433 8.0202
2434 8.02026
2435 8.02032
2436 8.02038
2437 8.02044
2438 8.0205
2439 8.02056
2440 8.02062
2441 8.02068
2442 8.02074
2443 8.0208
2444 8.02086
2445 8.02092
2446 8.02098
2447 8.02104
2448 8.0211
2449 8.02116
2450 8.02122
2451 8.02128
2452 8.02134
2453 8.0214
2454 8.02146
2455 8.02152
2456 8.02158
2457 8.02164
2458 8.0217
2459 8.02176
2460 8.02182
2461 8.02188
2462 8.02194
2463 8.022
2464 8.02206
2465 8.02212
2466 8.02218
2467 8.02224
2468 8.0223
2469 8.02236
2470 8.02242
2471 8.02248
2472 8.02254
2473 8.0226
2474 8.02266
2475 8.02272
2476 8.02278
2477 8.02284
2478 8.0229
2479 8.02296
2480 8.02302
2481 8.02308
2482 8.02314
2483 8.0232
2484 8.02326
2485 8.02332
2486 8.02338
2487 8.02344
2488 8.0235
2489 8.02356
2490 8.02362
2491 8.02368
2492 8.02374
2493 8.0238
2494 8.02385
2495 8.02391
2496 8.02397
2497 8.02403
2498 8.02409
2499 8.02415
2500 8.02421
2501 8.02427
2502 8.02433
2503 8.02439
2504 8.02445
2505 8.02451
2506 8.02457
2507 8.02463
2508 8.02469
2509 8.02475
2510 8.02481
2511 8.02487
2512 8.02493
2513 8.02499
2514 8.02505
2515 8.02511
2516 8.02517
2517 8.02523
2518 8.02529
2519 8.02535
2520 8.02541
2521 8.02547
2522 8.02553
2523 8.02559
2524 8.02565
2525 8.02571
2526 8.02577
2527 8.02583
2528 8.02589
2529 8.02595
2530 8.02601
2531 8.02607
2532 8.02613
2533 8.02619
2534 8.02625
2535 8.02631
2536 8.02637
2537 8.02643
2538 8.02648
2539 8.02654
2540 8.0266
2541 8.02666
2542 8.02672
2543 8.02678
2544 8.02684
2545 8.0269
2546 8.02696
2547 8.02702
2548 8.02708
2549 8.02714
2550 8.0272
2551 8.02726
2552 8.02732
2553 8.02738
2554 8.02744
2555 8.0275
2556 8.02756
2557 8.02762
2558 8.02768
2559 8.02774
2560 8.0278
2561 8.02786
2562 8.02792
2563 8.02798
2564 8.02804
2565 8.0281
2566 8.02816
2567 8.02822
2568 8.02828
2569 8.02834
2570 8.02839
2571 8.02845
2572 8.02851
2573 8.02857
2574 8.02863
2575 8.02869
2576 8.02875
2577 8.02881
2578 8.02887
2579 8.02893
2580 8.02899
2581 8.02905
2582 8.02911
2583 8.02917
2584 8.02923
2585 8.02929
2586 8.02935
2587 8.02941
2588 8.02947
2589 8.02953
2590 8.02959
2591 8.02965
2592 8.02971
2593 8.02977
2594 8.02983
2595 8.02989
2596 8.02995
2597 8.03
2598 8.03006
2599 8.03012
2600 8.03018
2601 8.03024
2602 8.0303
2603 8.03036
2604 8.03042
2605 8.03048
2606 8.03054
2607 8.0306
2608 8.03066
2609 8.03072
2610 8.03078
2611 8.03084
2612 8.0309
2613 8.03096
2614 8.03102
2615 8.03108
2616 8.03114
2617 8.0312
2618 8.03126
2619 8.03132
2620 8.03137
2621 8.03143
2622 8.03149
2623 8.03155
2624 8.03161
2625 8.03167
2626 8.03173
2627 8.03179
2628 8.03185
2629 8.03191
2630 8.03197
2631 8.03203
2632 8.03209
2633 8.03215
2634 8.03221
2635 8.03227
2636 8.03233
2637 8.03239
2638 8.03245
2639 8.03251
2640 8.03257
2641 8.03262
2642 8.03268
2643 8.03274
2644 8.0328
2645 8.03286
2646 8.03292
2647 8.03298
2648 8.03304
2649 8.0331
2650 8.03316
2651 8.03322
2652 8.03328
2653 8.03334
2654 8.0334
2655 8.03346
2656 8.03352
2657 8.03358
2658 8.03364
2659 8.0337
2660 8.03375
2661 8.03381
2662 8.03387
2663 8.03393
2664 8.03399
2665 8.03405
2666 8.03411
2667 8.03417
2668 8.03423
2669 8.03429
2670 8.03435
2671 8.03441
2672 8.03447
2673 8.03453
2674 8.03459
2675 8.03465
2676 8.03471
2677 8.03477
2678 8.03482
2679 8.03488
2680 8.03494
2681 8.035
2682 8.03506
2683 8.03512
2684 8.03518
2685 8.03524
2686 8.0353
2687 8.03536
2688 8.03542
2689 8.03548
2690 8.03554
2691 8.0356
2692 8.03566
2693 8.03572
2694 8.03577
2695 8.03583
2696 8.03589
2697 8.03595
2698 8.03601
2699 8.03607
2700 8.03613
2701 8.03619
2702 8.03625
2703 8.03631
2704 8.03637
2705 8.03643
2706 8.03649
2707 8.03655
2708 8.03661
2709 8.03666
2710 8.03672
2711 8.03678
2712 8.03684
2713 8.0369
2714 8.03696
2715 8.03702
2716 8.03708
2717 8.03714
2718 8.0372
2719 8.03726
2720 8.03732
2721 8.03738
2722 8.03744
2723 8.0375
2724 8.03755
2725 8.03761
2726 8.03767
2727 8.03773
2728 8.03779
2729 8.03785
2730 8.03791
2731 8.03797
2732 8.03803
2733 8.03809
2734 8.03815
2735 8.03821
2736 8.03827
2737 8.03833
2738 8.03838
2739 8.03844
2740 8.0385
2741 8.03856
2742 8.03862
2743 8.03868
2744 8.03874
2745 8.0388
2746 8.03886
2747 8.03892
2748 8.03898
2749 8.03904
2750 8.0391
2751 8.03915
2752 8.03921
2753 8.03927
2754 8.03933
2755 8.03939
2756 8.03945
2757 8.03951
2758 8.03957
2759 8.03963
2760 8.03969
2761 8.03975
2762 8.03981
2763 8.03986
2764 8.03992
2765 8.03998
2766 8.04004
2767 8.0401
2768 8.04016
2769 8.04022
2770 8.04028
2771 8.04034
2772 8.0404
2773 8.04046
2774 8.04052
2775 8.04057
2776 8.04063
2777 8.04069
2778 8.04075
2779 8.04081
2780 8.04087
2781 8.04093
2782 8.04099
2783 8.04105
2784 8.04111
2785 8.04117
2786 8.04123
2787 8.04128
2788 8.04134
2789 8.0414
2790 8.04146
2791 8.04152
2792 8.04158
2793 8.04164
2794 8.0417
2795 8.04176
2796 8.04182
2797 8.04188
2798 8.04193
2799 8.04199
2800 8.04205
2801 8.04211
2802 8.04217
2803 8.04223
2804 8.04229
2805 8.04235
2806 8.04241
2807 8.04247
2808 8.04253
2809 8.04258
2810 8.04264
2811 8.0427
2812 8.04276
2813 8.04282
2814 8.04288
2815 8.04294
2816 8.043
2817 8.04306
2818 8.04312
2819 8.04318
2820 8.04323
2821 8.04329
2822 8.04335
2823 8.04341
2824 8.04347
2825 8.04353
2826 8.04359
2827 8.04365
2828 8.04371
2829 8.04377
2830 8.04382
2831 8.04388
2832 8.04394
2833 8.044
2834 8.04406
2835 8.04412
2836 8.04418
2837 8.04424
2838 8.0443
2839 8.04436
2840 8.04441
2841 8.04447
2842 8.04453
2843 8.04459
2844 8.04465
2845 8.04471
2846 8.04477
2847 8.04483
2848 8.04489
2849 8.04495
2850 8.045
2851 8.04506
2852 8.04512
2853 8.04518
2854 8.04524
2855 8.0453
2856 8.04536
2857 8.04542
2858 8.04548
2859 8.04553
2860 8.04559
2861 8.04565
2862 8.04571
2863 8.04577
2864 8.04583
2865 8.04589
2866 8.04595
2867 8.04601
2868 8.04606
2869 8.04612
2870 8.04618
2871 8.04624
2872 8.0463
2873 8.04636
2874 8.04642
2875 8.04648
2876 8.04654
2877 8.04659
2878 8.04665
2879 8.04671
2880 8.04677
2881 8.04683
2882 8.04689
2883 8.04695
2884 8.04701
2885 8.04707
2886 8.04712
2887 8.04718
2888 8.04724
2889 8.0473
2890 8.04736
2891 8.04742
2892 8.04748
2893 8.04754
2894 8.0476
2895 8.04765
2896 8.04771
2897 8.04777
2898 8.04783
2899 8.04789
2900 8.04795
2901 8.04801
2902 8.04807
2903 8.04812
2904 8.04818
2905 8.04824
2906 8.0483
2907 8.04836
2908 8.04842
2909 8.04848
2910 8.04854
2911 8.04859
2912 8.04865
2913 8.04871
2914 8.04877
2915 8.04883
2916 8.04889
2917 8.04895
2918 8.04901
2919 8.04906
2920 8.04912
2921 8.04918
2922 8.04924
2923 8.0493
2924 8.04936
2925 8.04942
2926 8.04948
2927 8.04953
2928 8.04959
2929 8.04965
2930 8.04971
2931 8.04977
2932 8.04983
2933 8.04989
2934 8.04995
2935 8.05
2936 8.05006
2937 8.05012
2938 8.05018
2939 8.05024
2940 8.0503
2941 8.05036
2942 8.05041
2943 8.05047
2944 8.05053
2945 8.05059
2946 8.05065
2947 8.05071
2948 8.05077
2949 8.05083
2950 8.05088
2951 8.05094
2952 8.051
2953 8.05106
2954 8.05112
2955 8.05118
2956 8.05124
2957 8.05129
2958 8.05135
2959 8.05141
2960 8.05147
2961 8.05153
2962 8.05159
2963 8.05165
2964 8.0517
2965 8.05176
2966 8.05182
2967 8.05188
2968 8.05194
2969 8.052
2970 8.05206
2971 8.05211
2972 8.05217
2973 8.05223
2974 8.05229
2975 8.05235
2976 8.05241
2977 8.05247
2978 8.05252
2979 8.05258
2980 8.05264
2981 8.0527
2982 8.05276
2983 8.05282
2984 8.05288
2985 8.05293
2986 8.05299
2987 8.05305
2988 8.05311
2989 8.05317
2990 8.05323
2991 8.05329
2992 8.05334
2993 8.0534
2994 8.05346
2995 8.05352
2996 8.05358
2997 8.05364
2998 8.0537
2999 8.05375
3000 8.05381
3001 8.05387
3002 8.05393
3003 8.05399
3004 8.05405
3005 8.0541
3006 8.05416
3007 8.05422
3008 8.05428
3009 8.05434
3010 8.0544
3011 8.05446
3012 8.05451
3013 8.05457
3014 8.05463
3015 8.05469
3016 8.05475
3017 8.05481
3018 8.05486
3019 8.05492
3020 8.05498
3021 8.05504
3022 8.0551
3023 8.05516
3024 8.05521
3025 8.05527
3026 8.05533
3027 8.05539
3028 8.05545
3029 8.05551
3030 8.05557
3031 8.05562
3032 8.05568
3033 8.05574
3034 8.0558
3035 8.05586
3036 8.05592
3037 8.05597
3038 8.05603
3039 8.05609
3040 8.05615
3041 8.05621
3042 8.05627
3043 8.05632
3044 8.05638
3045 8.05644
3046 8.0565
3047 8.05656
3048 8.05662
3049 8.05667
3050 8.05673
3051 8.05679
3052 8.05685
3053 8.05691
3054 8.05697
3055 8.05702
3056 8.05708
3057 8.05714
3058 8.0572
3059 8.05726
3060 8.05732
3061 8.05737
3062 8.05743
3063 8.05749
3064 8.05755
3065 8.05761
3066 8.05767
3067 8.05772
3068 8.05778
3069 8.05784
3070 8.0579
3071 8.05796
3072 8.05801
3073 8.05807
3074 8.05813
3075 8.05819
3076 8.05825
3077 8.05831
3078 8.05836
3079 8.05842
3080 8.05848
3081 8.05854
3082 8.0586
3083 8.05866
3084 8.05871
3085 8.05877
3086 8.05883
3087 8.05889
3088 8.05895
3089 8.059
3090 8.05906
3091 8.05912
3092 8.05918
3093 8.05924
3094 8.0593
3095 8.05935
3096 8.05941
3097 8.05947
3098 8.05953
3099 8.05959
3100 8.05964
3101 8.0597
3102 8.05976
3103 8.05982
3104 8.05988
3105 8.05993
3106 8.05999
3107 8.06005
3108 8.06011
3109 8.06017
3110 8.06023
3111 8.06028
3112 8.06034
3113 8.0604
3114 8.06046
3115 8.06052
3116 8.06057
3117 8.06063
3118 8.06069
3119 8.06075
3120 8.06081
3121 8.06086
3122 8.06092
3123 8.06098
3124 8.06104
3125 8.0611
3126 8.06116
3127 8.06121
3128 8.06127
3129 8.06133
3130 8.06139
3131 8.06145
3132 8.0615
3133 8.06156
3134 8.06162
3135 8.06168
3136 8.06174
3137 8.06179
3138 8.06185
3139 8.06191
3140 8.06197
3141 8.06203
3142 8.06208
3143 8.06214
3144 8.0622
3145 8.06226
3146 8.06232
3147 8.06237
3148 8.06243
3149 8.06249
3150 8.06255
3151 8.06261
3152 8.06266
3153 8.06272
3154 8.06278
3155 8.06284
3156 8.0629
3157 8.06295
3158 8.06301
3159 8.06307
3160 8.06313
3161 8.06319
3162 8.06324
3163 8.0633
3164 8.06336
3165 8.06342
3166 8.06348
3167 8.06353
3168 8.06359
3169 8.06365
3170 8.06371
3171 8.06376
3172 8.06382
3173 8.06388
3174 8.06394
3175 8.064
3176 8.06405
3177 8.06411
3178 8.06417
3179 8.06423
3180 8.06429
3181 8.06434
3182 8.0644
3183 8.06446
3184 8.06452
3185 8.06458
3186 8.06463
3187 8.06469
3188 8.06475
3189 8.06481
3190 8.06486
3191 8.06492
3192 8.06498
3193 8.06504
3194 8.0651
3195 8.06515
3196 8.06521
3197 8.06527
3198 8.06533
3199 8.06539
3200 8.06544
3201 8.0655
3202 8.06556
3203 8.06562
3204 8.06567
3205 8.06573
3206 8.06579
3207 8.06585
3208 8.06591
3209 8.06596
3210 8.06602
3211 8.06608
3212 8.06614
3213 8.06619
3214 8.06625
3215 8.06631
3216 8.06637
3217 8.06643
3218 8.06648
3219 8.06654
3220 8.0666
3221 8.06666
3222 8.06671
3223 8.06677
3224 8.06683
3225 8.06689
3226 8.06695
3227 8.067
3228 8.06706
3229 8.06712
3230 8.06718
3231 8.06723
3232 8.06729
3233 8.06735
3234 8.06741
3235 8.06746
3236 8.06752
3237 8.06758
3238 8.06764
3239 8.0677
3240 8.06775
3241 8.06781
3242 8.06787
3243 8.06793
3244 8.06798
3245 8.06804
3246 8.0681
3247 8.06816
3248 8.06821
3249 8.06827
3250 8.06833
3251 8.06839
3252 8.06844
3253 8.0685
3254 8.06856
3255 8.06862
3256 8.06868
3257 8.06873
3258 8.06879
3259 8.06885
3260 8.06891
3261 8.06896
3262 8.06902
3263 8.06908
3264 8.06914
3265 8.06919
3266 8.06925
3267 8.06931
3268 8.06937
3269 8.06942
3270 8.06948
3271 8.06954
3272 8.0696
3273 8.06965
3274 8.06971
3275 8.06977
3276 8.06983
3277 8.06988
3278 8.06994
3279 8.07
3280 8.07006
3281 8.07011
3282 8.07017
3283 8.07023
3284 8.07029
3285 8.07035
3286 8.0704
3287 8.07046
3288 8.07052
3289 8.07058
3290 8.07063
3291 8.07069
3292 8.07075
3293 8.07081
3294 8.07086
3295 8.07092
3296 8.07098
3297 8.07103
3298 8.07109
3299 8.07115
3300 8.07121
3301 8.07126
3302 8.07132
3303 8.07138
3304 8.07144
3305 8.07149
3306 8.07155
3307 8.07161
3308 8.07167
3309 8.07172
3310 8.07178
3311 8.07184
3312 8.0719
3313 8.07195
3314 8.07201
3315 8.07207
3316 8.07213
3317 8.07218
3318 8.07224
3319 8.0723
3320 8.07236
3321 8.07241
3322 8.07247
3323 8.07253
3324 8.07259
3325 8.07264
3326 8.0727
3327 8.07276
3328 8.07281
3329 8.07287
3330 8.07293
3331 8.07299
3332 8.07304
3333 8.0731
3334 8.07316
3335 8.07322
3336 8.07327
3337 8.07333
3338 8.07339
3339 8.07345
3340 8.0735
3341 8.07356
3342 8.07362
3343 8.07368
3344 8.07373
3345 8.07379
3346 8.07385
3347 8.0739
3348 8.07396
3349 8.07402
3350 8.07408
3351 8.07413
3352 8.07419
3353 8.07425
3354 8.07431
3355 8.07436
3356 8.07442
3357 8.07448
3358 8.07453
3359 8.07459
3360 8.07465
3361 8.07471
3362 8.07476
3363 8.07482
3364 8.07488
3365 8.07494
3366 8.07499
3367 8.07505
3368 8.07511
3369 8.07516
3370 8.07522
3371 8.07528
3372 8.07534
3373 8.07539
3374 8.07545
3375 8.07551
3376 8.07556
3377 8.07562
3378 8.07568
3379 8.07574
3380 8.07579
3381 8.07585
3382 8.07591
3383 8.07596
3384 8.07602
3385 8.07608
3386 8.07614
3387 8.07619
3388 8.07625
3389 8.07631
3390 8.07636
3391 8.07642
3392 8.07648
3393 8.07654
3394 8.07659
3395 8.07665
3396 8.07671
3397 8.07676
3398 8.07682
3399 8.07688
3400 8.07694
3401 8.07699
3402 8.07705
3403 8.07711
3404 8.07716
3405 8.07722
3406 8.07728
3407 8.07734
3408 8.07739
3409 8.07745
3410 8.07751
3411 8.07756
3412 8.07762
3413 8.07768
3414 8.07774
3415 8.07779
3416 8.07785
3417 8.07791
3418 8.07796
3419 8.07802
3420 8.07808
3421 8.07813
3422 8.07819
3423 8.07825
3424 8.07831
3425 8.07836
3426 8.07842
3427 8.07848
3428 8.07853
3429 8.07859
3430 8.07865
3431 8.0787
3432 8.07876
3433 8.07882
3434 8.07888
3435 8.07893
3436 8.07899
3437 8.07905
3438 8.0791
3439 8.07916
3440 8.07922
3441 8.07927
3442 8.07933
3443 8.07939
3444 8.07945
3445 8.0795
3446 8.07956
3447 8.07962
3448 8.07967
3449 8.07973
3450 8.07979
3451 8.07984
3452 8.0799
3453 8.07996
3454 8.08001
3455 8.08007
3456 8.08013
3457 8.08019
3458 8.08024
3459 8.0803
3460 8.08036
3461 8.08041
3462 8.08047
3463 8.08053
3464 8.08058
3465 8.08064
3466 8.0807
3467 8.08075
3468 8.08081
3469 8.08087
3470 8.08093
3471 8.08098
3472 8.08104
3473 8.0811
3474 8.08115
3475 8.08121
3476 8.08127
3477 8.08132
3478 8.08138
3479 8.08144
3480 8.08149
3481 8.08155
3482 8.08161
3483 8.08166
3484 8.08172
3485 8.08178
3486 8.08183
3487 8.08189
3488 8.08195
3489 8.08201
3490 8.08206
3491 8.08212
3492 8.08218
3493 8.08223
3494 8.08229
3495 8.08235
3496 8.0824
3497 8.08246
3498 8.08252
3499 8.08257
3500 8.08263
3501 8.08269
3502 8.08274
3503 8.0828
3504 8.08286
3505 8.08291
3506 8.08297
3507 8.08303
3508 8.08308
3509 8.08314
3510 8.0832
3511 8.08325
3512 8.08331
3513 8.08337
3514 8.08342
3515 8.08348
3516 8.08354
3517 8.08359
3518 8.08365
3519 8.08371
3520 8.08376
3521 8.08382
3522 8.08388
3523 8.08393
3524 8.08399
3525 8.08405
3526 8.0841
3527 8.08416
3528 8.08422
3529 8.08427
3530 8.08433
3531 8.08439
3532 8.08444
3533 8.0845
3534 8.08456
3535 8.08461
3536 8.08467
3537 8.08473
3538 8.08478
3539 8.08484
3540 8.0849
3541 8.08495
3542 8.08501
3543 8.08507
3544 8.08512
3545 8.08518
3546 8.08524
3547 8.08529
3548 8.08535
3549 8.08541
3550 8.08546
3551 8.08552
3552 8.08558
3553 8.08563
3554 8.08569
3555 8.08575
3556 8.0858
3557 8.08586
3558 8.08592
3559 8.08597
3560 8.08603
3561 8.08609
3562 8.08614
3563 8.0862
3564 8.08625
3565 8.08631
3566 8.08637
3567 8.08642
3568 8.08648
3569 8.08654
3570 8.08659
3571 8.08665
3572 8.08671
3573 8.08676
3574 8.08682
3575 8.08688
3576 8.08693
3577 8.08699
3578 8.08705
3579 8.0871
3580 8.08716
3581 8.08722
3582 8.08727
3583 8.08733
3584 8.08738
3585 8.08744
3586 8.0875
3587 8.08755
3588 8.08761
3589 8.08767
3590 8.08772
3591 8.08778
3592 8.08784
3593 8.08789
3594 8.08795
3595 8.08801
3596 8.08806
3597 8.08812
3598 8.08818
3599 8.08823
3600 8.08829
3601 8.08834
3602 8.0884
3603 8.08846
3604 8.08851
3605 8.08857
3606 8.08863
3607 8.08868
3608 8.08874
3609 8.0888
3610 8.08885
3611 8.08891
3612 8.08896
3613 8.08902
3614 8.08908
3615 8.08913
3616 8.08919
3617 8.08925
3618 8.0893
3619 8.08936
3620 8.08942
3621 8.08947
3622 8.08953
3623 8.08958
3624 8.08964
3625 8.0897
3626 8.08975
3627 8.08981
3628 8.08987
3629 8.08992
3630 8.08998
3631 8.09003
3632 8.09009
3633 8.09015
3634 8.0902
3635 8.09026
3636 8.09032
3637 8.09037
3638 8.09043
3639 8.09048
3640 8.09054
3641 8.0906
3642 8.09065
3643 8.09071
3644 8.09077
3645 8.09082
3646 8.09088
3647 8.09093
3648 8.09099
3649 8.09105
3650 8.0911
3651 8.09116
3652 8.09122
3653 8.09127
3654 8.09133
3655 8.09138
3656 8.09144
3657 8.0915
3658 8.09155
3659 8.09161
3660 8.09167
3661 8.09172
3662 8.09178
3663 8.09183
3664 8.09189
3665 8.09195
3666 8.092
3667 8.09206
3668 8.09212
3669 8.09217
3670 8.09223
3671 8.09228
3672 8.09234
3673 8.0924
3674 8.09245
3675 8.09251
3676 8.09256
3677 8.09262
3678 8.09268
3679 8.09273
3680 8.09279
3681 8.09284
3682 8.0929
3683 8.09296
3684 8.09301
3685 8.09307
3686 8.09313
3687 8.09318
3688 8.09324
3689 8.09329
3690 8.09335
3691 8.09341
3692 8.09346
3693 8.09352
3694 8.09357
3695 8.09363
3696 8.09369
3697 8.09374
3698 8.0938
3699 8.09385
3700 8.09391
3701 8.09397
3702 8.09402
3703 8.09408
3704 8.09413
3705 8.09419
3706 8.09425
3707 8.0943
3708 8.09436
3709 8.09441
3710 8.09447
3711 8.09453
3712 8.09458
3713 8.09464
3714 8.0947
3715 8.09475
3716 8.09481
3717 8.09486
3718 8.09492
3719 8.09497
3720 8.09503
3721 8.09509
3722 8.09514
3723 8.0952
3724 8.09525
3725 8.09531
3726 8.09537
3727 8.09542
3728 8.09548
3729 8.09553
3730 8.09559
3731 8.09565
3732 8.0957
3733 8.09576
3734 8.09581
3735 8.09587
3736 8.09593
3737 8.09598
3738 8.09604
3739 8.09609
3740 8.09615
3741 8.09621
3742 8.09626
3743 8.09632
3744 8.09637
3745 8.09643
3746 8.09649
3747 8.09654
3748 8.0966
3749 8.09665
3750 8.09671
3751 8.09676
3752 8.09682
3753 8.09688
3754 8.09693
3755 8.09699
3756 8.09704
3757 8.0971
3758 8.09716
3759 8.09721
3760 8.09727
3761 8.09732
3762 8.09738
3763 8.09744
3764 8.09749
3765 8.09755
3766 8.0976
3767 8.09766
3768 8.09771
3769 8.09777
3770 8.09783
3771 8.09788
3772 8.09794
3773 8.09799
3774 8.09805
3775 8.0981
3776 8.09816
3777 8.09822
3778 8.09827
3779 8.09833
3780 8.09838
3781 8.09844
3782 8.0985
3783 8.09855
3784 8.09861
3785 8.09866
3786 8.09872
3787 8.09877
3788 8.09883
3789 8.09889
3790 8.09894
3791 8.099
3792 8.09905
3793 8.09911
3794 8.09916
3795 8.09922
3796 8.09928
3797 8.09933
3798 8.09939
3799 8.09944
3800 8.0995
3801 8.09955
3802 8.09961
3803 8.09967
3804 8.09972
3805 8.09978
3806 8.09983
3807 8.09989
3808 8.09994
3809 8.1
3810 8.10006
3811 8.10011
3812 8.10017
3813 8.10022
3814 8.10028
3815 8.10033
3816 8.10039
3817 8.10045
3818 8.1005
3819 8.10056
3820 8.10061
3821 8.10067
3822 8.10072
3823 8.10078
3824 8.10083
3825 8.10089
3826 8.10095
3827 8.101
3828 8.10106
3829 8.10111
3830 8.10117
3831 8.10122
3832 8.10128
3833 8.10133
3834 8.10139
3835 8.10145
3836 8.1015
3837 8.10156
3838 8.10161
3839 8.10167
3840 8.10172
3841 8.10178
3842 8.10184
3843 8.10189
3844 8.10195
3845 8.102
3846 8.10206
3847 8.10211
3848 8.10217
3849 8.10222
3850 8.10228
3851 8.10233
3852 8.10239
3853 8.10245
3854 8.1025
3855 8.10256
3856 8.10261
3857 8.10267
3858 8.10272
3859 8.10278
3860 8.10283
3861 8.10289
3862 8.10295
3863 8.103
3864 8.10306
3865 8.10311
3866 8.10317
3867 8.10322
3868 8.10328
3869 8.10333
3870 8.10339
3871 8.10344
3872 8.1035
3873 8.10356
3874 8.10361
3875 8.10367
3876 8.10372
3877 8.10378
3878 8.10383
3879 8.10389
3880 8.10394
3881 8.104
3882 8.10405
3883 8.10411
3884 8.10417
3885 8.10422
3886 8.10428
3887 8.10433
3888 8.10439
3889 8.10444
3890 8.1045
3891 8.10455
3892 8.10461
3893 8.10466
3894 8.10472
3895 8.10477
3896 8.10483
3897 8.10488
3898 8.10494
3899 8.105
3900 8.10505
3901 8.10511
3902 8.10516
3903 8.10522
3904 8.10527
3905 8.10533
3906 8.10538
3907 8.10544
3908 8.10549
3909 8.10555
3910 8.1056
3911 8.10566
3912 8.10571
3913 8.10577
3914 8.10583
3915 8.10588
3916 8.10594
3917 8.10599
3918 8.10605
3919 8.1061
3920 8.10616
3921 8.10621
3922 8.10627
3923 8.10632
3924 8.10638
3925 8.10643
3926 8.10649
3927 8.10654
3928 8.1066
3929 8.10665
3930 8.10671
3931 8.10676
3932 8.10682
3933 8.10688
3934 8.10693
3935 8.10699
3936 8.10704
3937 8.1071
3938 8.10715
3939 8.10721
3940 8.10726
3941 8.10732
3942 8.10737
3943 8.10743
3944 8.10748
3945 8.10754
3946 8.10759
3947 8.10765
3948 8.1077
3949 8.10776
3950 8.10781
3951 8.10787
3952 8.10792
3953 8.10798
3954 8.10803
3955 8.10809
3956 8.10814
3957 8.1082
3958 8.10826
3959 8.10831
3960 8.10837
3961 8.10842
3962 8.10848
3963 8.10853
3964 8.10859
3965 8.10864
3966 8.1087
3967 8.10875
3968 8.10881
3969 8.10886
3970 8.10892
3971 8.10897
3972 8.10903
3973 8.10908
3974 8.10914
3975 8.10919
3976 8.10925
3977 8.1093
3978 8.10936
3979 8.10941
3980 8.10947
3981 8.10952
3982 8.10958
3983 8.10963
3984 8.10969
3985 8.10974
3986 8.1098
3987 8.10985
3988 8.10991
3989 8.10996
3990 8.11002
3991 8.11007
3992 8.11013
3993 8.11018
3994 8.11024
3995 8.11029
3996 8.11035
3997 8.1104
3998 8.11046
3999 8.11051
4000 8.11057
4001 8.11062
4002 8.11068
4003 8.11073
4004 8.11079
4005 8.11084
4006 8.1109
4007 8.11095
4008 8.11101
4009 8.11106
4010 8.11112
4011 8.11117
4012 8.11123
4013 8.11128
4014 8.11134
4015 8.11139
4016 8.11145
4017 8.1115
4018 8.11156
4019 8.11161
4020 8.11167
4021 8.11172
4022 8.11178
4023 8.11183
4024 8.11189
4025 8.11194
4026 8.112
4027 8.11205
4028 8.11211
4029 8.11216
4030 8.11222
4031 8.11227
4032 8.11233
4033 8.11238
4034 8.11244
4035 8.11249
4036 8.11254
4037 8.1126
4038 8.11265
4039 8.11271
4040 8.11276
4041 8.11282
4042 8.11287
4043 8.11293
4044 8.11298
4045 8.11304
4046 8.11309
4047 8.11315
4048 8.1132
4049 8.11326
4050 8.11331
4051 8.11337
4052 8.11342
4053 8.11348
4054 8.11353
4055 8.11359
4056 8.11364
4057 8.1137
4058 8.11375
4059 8.11381
4060 8.11386
4061 8.11392
4062 8.11397
4063 8.11403
4064 8.11408
4065 8.11413
4066 8.11419
4067 8.11424
4068 8.1143
4069 8.11435
4070 8.11441
4071 8.11446
4072 8.11452
4073 8.11457
4074 8.11463
4075 8.11468
4076 8.11474
4077 8.11479
4078 8.11485
4079 8.1149
4080 8.11496
4081 8.11501
4082 8.11507
4083 8.11512
4084 8.11517
4085 8.11523
4086 8.11528
4087 8.11534
4088 8.11539
4089 8.11545
4090 8.1155
4091 8.11556
4092 8.11561
4093 8.11567
4094 8.11572
4095 8.11578
4096 8.11583
4097 8.11589
4098 8.11594
4099 8.11599
4100 8.11605
4101 8.1161
4102 8.11616
4103 8.11621
4104 8.11627
4105 8.11632
4106 8.11638
4107 8.11643
4108 8.11649
4109 8.11654
4110 8.1166
4111 8.11665
4112 8.1167
4113 8.11676
4114 8.11681
4115 8.11687
4116 8.11692
4117 8.11698
4118 8.11703
4119 8.11709
4120 8.11714
4121 8.1172
4122 8.11725
4123 8.11731
4124 8.11736
4125 8.11741
4126 8.11747
4127 8.11752
4128 8.11758
4129 8.11763
4130 8.11769
4131 8.11774
4132 8.1178
4133 8.11785
4134 8.11791
4135 8.11796
4136 8.11801
4137 8.11807
4138 8.11812
4139 8.11818
4140 8.11823
4141 8.11829
4142 8.11834
4143 8.1184
4144 8.11845
4145 8.1185
4146 8.11856
4147 8.11861
4148 8.11867
4149 8.11872
4150 8.11878
4151 8.11883
4152 8.11889
4153 8.11894
4154 8.11899
4155 8.11905
4156 8.1191
4157 8.11916
4158 8.11921
4159 8.11927
4160 8.11932
4161 8.11938
4162 8.11943
4163 8.11948
4164 8.11954
4165 8.11959
4166 8.11965
4167 8.1197
4168 8.11976
4169 8.11981
4170 8.11987
4171 8.11992
4172 8.11997
4173 8.12003
4174 8.12008
4175 8.12014
4176 8.12019
4177 8.12025
4178 8.1203
4179 8.12036
4180 8.12041
4181 8.12046
4182 8.12052
4183 8.12057
4184 8.12063
4185 8.12068
4186 8.12074
4187 8.12079
4188 8.12084
4189 8.1209
4190 8.12095
4191 8.12101
4192 8.12106
4193 8.12112
4194 8.12117
4195 8.12122
4196 8.12128
4197 8.12133
4198 8.12139
4199 8.12144
4200 8.1215
4201 8.12155
4202 8.12161
4203 8.12166
4204 8.12171
4205 8.12177
4206 8.12182
4207 8.12188
4208 8.12193
4209 8.12199
4210 8.12204
4211 8.12209
4212 8.12215
4213 8.1222
4214 8.12226
4215 8.12231
4216 8.12236
4217 8.12242
4218 8.12247
4219 8.12253
4220 8.12258
4221 8.12264
4222 8.12269
4223 8.12274
4224 8.1228
4225 8.12285
4226 8.12291
4227 8.12296
4228 8.12302
4229 8.12307
4230 8.12312
4231 8.12318
4232 8.12323
4233 8.12329
4234 8.12334
4235 8.1234
4236 8.12345
4237 8.1235
4238 8.12356
4239 8.12361
4240 8.12367
4241 8.12372
4242 8.12377
4243 8.12383
4244 8.12388
4245 8.12394
4246 8.12399
4247 8.12405
4248 8.1241
4249 8.12415
4250 8.12421
4251 8.12426
4252 8.12432
4253 8.12437
4254 8.12442
4255 8.12448
4256 8.12453
4257 8.12459
4258 8.12464
4259 8.12469
4260 8.12475
4261 8.1248
4262 8.12486
4263 8.12491
4264 8.12497
4265 8.12502
4266 8.12507
4267 8.12513
4268 8.12518
4269 8.12524
4270 8.12529
4271 8.12534
4272 8.1254
4273 8.12545
4274 8.12551
4275 8.12556
4276 8.12561
4277 8.12567
4278 8.12572
4279 8.12578
4280 8.12583
4281 8.12588
4282 8.12594
4283 8.12599
4284 8.12605
4285 8.1261
4286 8.12615
4287 8.12621
4288 8.12626
4289 8.12632
4290 8.12637
4291 8.12642
4292 8.12648
4293 8.12653
4294 8.12659
4295 8.12664
4296 8.12669
4297 8.12675
4298 8.1268
4299 8.12686
4300 8.12691
4301 8.12696
4302 8.12702
4303 8.12707
4304 8.12713
4305 8.12718
4306 8.12723
4307 8.12729
4308 8.12734
4309 8.1274
4310 8.12745
4311 8.1275
4312 8.12756
4313 8.12761
4314 8.12767
4315 8.12772
4316 8.12777
4317 8.12783
4318 8.12788
4319 8.12794
4320 8.12799
4321 8.12804
4322 8.1281
4323 8.12815
4324 8.1282
4325 8.12826
4326 8.12831
4327 8.12837
4328 8.12842
4329 8.12847
4330 8.12853
4331 8.12858
4332 8.12864
4333 8.12869
4334 8.12874
4335 8.1288
4336 8.12885
4337 8.12891
4338 8.12896
4339 8.12901
4340 8.12907
4341 8.12912
4342 8.12917
4343 8.12923
4344 8.12928
4345 8.12934
4346 8.12939
4347 8.12944
4348 8.1295
4349 8.12955
4350 8.1296
4351 8.12966
4352 8.12971
4353 8.12977
4354 8.12982
4355 8.12987
4356 8.12993
4357 8.12998
4358 8.13004
4359 8.13009
4360 8.13014
4361 8.1302
4362 8.13025
4363 8.1303
4364 8.13036
4365 8.13041
4366 8.13047
4367 8.13052
4368 8.13057
4369 8.13063
4370 8.13068
4371 8.13073
4372 8.13079
4373 8.13084
4374 8.1309
4375 8.13095
4376 8.131
4377 8.13106
4378 8.13111
4379 8.13116
4380 8.13122
4381 8.13127
4382 8.13133
4383 8.13138
4384 8.13143
4385 8.13149
4386 8.13154
4387 8.13159
4388 8.13165
4389 8.1317
4390 8.13175
4391 8.13181
4392 8.13186
4393 8.13192
4394 8.13197
4395 8.13202
4396 8.13208
4397 8.13213
4398 8.13218
4399 8.13224
4400 8.13229
4401 8.13234
4402 8.1324
4403 8.13245
4404 8.13251
4405 8.13256
4406 8.13261
4407 8.13267
4408 8.13272
4409 8.13277
4410 8.13283
4411 8.13288
4412 8.13293
4413 8.13299
4414 8.13304
4415 8.1331
4416 8.13315
4417 8.1332
4418 8.13326
4419 8.13331
4420 8.13336
4421 8.13342
4422 8.13347
4423 8.13352
4424 8.13358
4425 8.13363
4426 8.13368
4427 8.13374
4428 8.13379
4429 8.13385
4430 8.1339
4431 8.13395
4432 8.13401
4433 8.13406
4434 8.13411
4435 8.13417
4436 8.13422
4437 8.13427
4438 8.13433
4439 8.13438
4440 8.13443
4441 8.13449
4442 8.13454
4443 8.13459
4444 8.13465
4445 8.1347
4446 8.13476
4447 8.13481
4448 8.13486
4449 8.13492
4450 8.13497
4451 8.13502
4452 8.13508
4453 8.13513
4454 8.13518
4455 8.13524
4456 8.13529
4457 8.13534
4458 8.1354
4459 8.13545
4460 8.1355
4461 8.13556
4462 8.13561
4463 8.13566
4464 8.13572
4465 8.13577
4466 8.13582
4467 8.13588
4468 8.13593
4469 8.13599
4470 8.13604
4471 8.13609
4472 8.13615
4473 8.1362
4474 8.13625
4475 8.13631
4476 8.13636
4477 8.13641
4478 8.13647
4479 8.13652
4480 8.13657
4481 8.13663
4482 8.13668
4483 8.13673
4484 8.13679
4485 8.13684
4486 8.13689
4487 8.13695
4488 8.137
4489 8.13705
4490 8.13711
4491 8.13716
4492 8.13721
4493 8.13727
4494 8.13732
4495 8.13737
4496 8.13743
4497 8.13748
4498 8.13753
4499 8.13759
4500 8.13764
4501 8.13769
4502 8.13775
4503 8.1378
4504 8.13785
4505 8.13791
4506 8.13796
4507 8.13801
4508 8.13807
4509 8.13812
4510 8.13817
4511 8.13823
4512 8.13828
4513 8.13833
4514 8.13839
4515 8.13844
4516 8.13849
4517 8.13855
4518 8.1386
4519 8.13865
4520 8.13871
4521 8.13876
4522 8.13881
4523 8.13887
4524 8.13892
4525 8.13897
4526 8.13902
4527 8.13908
4528 8.13913
4529 8.13918
4530 8.13924
4531 8.13929
4532 8.13934
4533 8.1394
4534 8.13945
4535 8.1395
4536 8.13956
4537 8.13961
4538 8.13966
4539 8.13972
4540 8.13977
4541 8.13982
4542 8.13988
4543 8.13993
4544 8.13998
4545 8.14004
4546 8.14009
4547 8.14014
4548 8.1402
4549 8.14025
4550 8.1403
4551 8.14035
4552 8.14041
4553 8.14046
4554 8.14051
4555 8.14057
4556 8.14062
4557 8.14067
4558 8.14073
4559 8.14078
4560 8.14083
4561 8.14089
4562 8.14094
4563 8.14099
4564 8.14105
4565 8.1411
4566 8.14115
4567 8.14121
4568 8.14126
4569 8.14131
4570 8.14136
4571 8.14142
4572 8.14147
4573 8.14152
4574 8.14158
4575 8.14163
4576 8.14168
4577 8.14174
4578 8.14179
4579 8.14184
4580 8.1419
4581 8.14195
4582 8.142
4583 8.14205
4584 8.14211
4585 8.14216
4586 8.14221
4587 8.14227
4588 8.14232
4589 8.14237
4590 8.14243
4591 8.14248
4592 8.14253
4593 8.14258
4594 8.14264
4595 8.14269
4596 8.14274
4597 8.1428
4598 8.14285
4599 8.1429
4600 8.14296
4601 8.14301
4602 8.14306
4603 8.14311
4604 8.14317
4605 8.14322
4606 8.14327
4607 8.14333
4608 8.14338
4609 8.14343
4610 8.14349
4611 8.14354
4612 8.14359
4613 8.14364
4614 8.1437
4615 8.14375
4616 8.1438
4617 8.14386
4618 8.14391
4619 8.14396
4620 8.14402
4621 8.14407
4622 8.14412
4623 8.14417
4624 8.14423
4625 8.14428
4626 8.14433
4627 8.14439
4628 8.14444
4629 8.14449
4630 8.14454
4631 8.1446
4632 8.14465
4633 8.1447
4634 8.14476
4635 8.14481
4636 8.14486
4637 8.14491
4638 8.14497
4639 8.14502
4640 8.14507
4641 8.14513
4642 8.14518
4643 8.14523
4644 8.14528
4645 8.14534
4646 8.14539
4647 8.14544
4648 8.1455
4649 8.14555
4650 8.1456
4651 8.14565
4652 8.14571
4653 8.14576
4654 8.14581
4655 8.14587
4656 8.14592
4657 8.14597
4658 8.14602
4659 8.14608
4660 8.14613
4661 8.14618
4662 8.14624
4663 8.14629
4664 8.14634
4665 8.14639
4666 8.14645
4667 8.1465
4668 8.14655
4669 8.14661
4670 8.14666
4671 8.14671
4672 8.14676
4673 8.14682
4674 8.14687
4675 8.14692
4676 8.14697
4677 8.14703
4678 8.14708
4679 8.14713
4680 8.14719
4681 8.14724
4682 8.14729
4683 8.14734
4684 8.1474
4685 8.14745
4686 8.1475
4687 8.14756
4688 8.14761
4689 8.14766
4690 8.14771
4691 8.14777
4692 8.14782
4693 8.14787
4694 8.14792
4695 8.14798
4696 8.14803
4697 8.14808
4698 8.14813
4699 8.14819
4700 8.14824
4701 8.14829
4702 8.14835
4703 8.1484
4704 8.14845
4705 8.1485
4706 8.14856
4707 8.14861
4708 8.14866
4709 8.14871
4710 8.14877
4711 8.14882
4712 8.14887
4713 8.14892
4714 8.14898
4715 8.14903
4716 8.14908
4717 8.14914
4718 8.14919
4719 8.14924
4720 8.14929
4721 8.14935
4722 8.1494
4723 8.14945
4724 8.1495
4725 8.14956
4726 8.14961
4727 8.14966
4728 8.14971
4729 8.14977
4730 8.14982
4731 8.14987
4732 8.14992
4733 8.14998
4734 8.15003
4735 8.15008
4736 8.15013
4737 8.15019
4738 8.15024
4739 8.15029
4740 8.15035
4741 8.1504
4742 8.15045
4743 8.1505
4744 8.15056
4745 8.15061
4746 8.15066
4747 8.15071
4748 8.15077
4749 8.15082
4750 8.15087
4751 8.15092
4752 8.15098
4753 8.15103
4754 8.15108
4755 8.15113
4756 8.15119
4757 8.15124
4758 8.15129
4759 8.15134
4760 8.1514
4761 8.15145
4762 8.1515
4763 8.15155
4764 8.15161
4765 8.15166
4766 8.15171
4767 8.15176
4768 8.15182
4769 8.15187
4770 8.15192
4771 8.15197
4772 8.15203
4773 8.15208
4774 8.15213
4775 8.15218
4776 8.15224
4777 8.15229
4778 8.15234
4779 8.15239
4780 8.15244
4781 8.1525
4782 8.15255
4783 8.1526
4784 8.15265
4785 8.15271
4786 8.15276
4787 8.15281
4788 8.15286
4789 8.15292
4790 8.15297
4791 8.15302
4792 8.15307
4793 8.15313
4794 8.15318
4795 8.15323
4796 8.15328
4797 8.15334
4798 8.15339
4799 8.15344
4800 8.15349
4801 8.15355
4802 8.1536
4803 8.15365
4804 8.1537
4805 8.15375
4806 8.15381
4807 8.15386
4808 8.15391
4809 8.15396
4810 8.15402
4811 8.15407
4812 8.15412
4813 8.15417
4814 8.15423
4815 8.15428
4816 8.15433
4817 8.15438
4818 8.15443
4819 8.15449
4820 8.15454
4821 8.15459
4822 8.15464
4823 8.1547
4824 8.15475
4825 8.1548
4826 8.15485
4827 8.15491
4828 8.15496
4829 8.15501
4830 8.15506
4831 8.15511
4832 8.15517
4833 8.15522
4834 8.15527
4835 8.15532
4836 8.15538
4837 8.15543
4838 8.15548
4839 8.15553
4840 8.15559
4841 8.15564
4842 8.15569
4843 8.15574
4844 8.15579
4845 8.15585
4846 8.1559
4847 8.15595
4848 8.156
4849 8.15606
4850 8.15611
4851 8.15616
4852 8.15621
4853 8.15626
4854 8.15632
4855 8.15637
4856 8.15642
4857 8.15647
4858 8.15652
4859 8.15658
4860 8.15663
4861 8.15668
4862 8.15673
4863 8.15679
4864 8.15684
4865 8.15689
4866 8.15694
4867 8.15699
4868 8.15705
4869 8.1571
4870 8.15715
4871 8.1572
4872 8.15726
4873 8.15731
4874 8.15736
4875 8.15741
4876 8.15746
4877 8.15752
4878 8.15757
4879 8.15762
4880 8.15767
4881 8.15772
4882 8.15778
4883 8.15783
4884 8.15788
4885 8.15793
4886 8.15798
4887 8.15804
4888 8.15809
4889 8.15814
4890 8.15819
4891 8.15825
4892 8.1583
4893 8.15835
4894 8.1584
4895 8.15845
4896 8.15851
4897 8.15856
4898 8.15861
4899 8.15866
4900 8.15871
4901 8.15877
4902 8.15882
4903 8.15887
4904 8.15892
4905 8.15897
4906 8.15903
4907 8.15908
4908 8.15913
4909 8.15918
4910 8.15923
4911 8.15929
4912 8.15934
4913 8.15939
4914 8.15944
4915 8.15949
4916 8.15955
4917 8.1596
4918 8.15965
4919 8.1597
4920 8.15975
4921 8.15981
4922 8.15986
4923 8.15991
4924 8.15996
4925 8.16001
4926 8.16007
4927 8.16012
4928 8.16017
4929 8.16022
4930 8.16027
4931 8.16033
4932 8.16038
4933 8.16043
4934 8.16048
4935 8.16053
4936 8.16059
4937 8.16064
4938 8.16069
4939 8.16074
4940 8.16079
4941 8.16085
4942 8.1609
4943 8.16095
4944 8.161
4945 8.16105
4946 8.16111
4947 8.16116
4948 8.16121
4949 8.16126
4950 8.16131
4951 8.16137
4952 8.16142
4953 8.16147
4954 8.16152
4955 8.16157
4956 8.16162
4957 8.16168
4958 8.16173
4959 8.16178
4960 8.16183
4961 8.16188
4962 8.16194
4963 8.16199
4964 8.16204
4965 8.16209
4966 8.16214
4967 8.1622
4968 8.16225
4969 8.1623
4970 8.16235
4971 8.1624
4972 8.16245
4973 8.16251
4974 8.16256
4975 8.16261
4976 8.16266
4977 8.16271
4978 8.16277
4979 8.16282
4980 8.16287
4981 8.16292
4982 8.16297
4983 8.16302
4984 8.16308
4985 8.16313
4986 8.16318
4987 8.16323
4988 8.16328
4989 8.16334
4990 8.16339
4991 8.16344
4992 8.16349
4993 8.16354
4994 8.16359
4995 8.16365
4996 8.1637
4997 8.16375
4998 8.1638
4999 8.16385
5000 8.16391
