1 7.79701
101 6.19534
201 5.93555
301 5.7295
401 5.52107
501 5.34877
601 5.14602
701 4.8764
801 4.67386
901 4.43549
1001 4.1963
1101 3.89141
1201 3.43397
1301 3.31261
1401 3.19778
1501 3.11276
1601 3.06808
1701 3.02009
1801 2.96353
1901 2.8837
2001 2.81359
2101 2.74884
2201 2.67895
2301 2.60098
2401 2.49115
2501 2.40963
2601 2.34359
2701 2.30107
2801 2.28008
2901 2.25683
3001 2.23015
3101 2.19271
3201 2.15498
3301 2.12225
3401 2.09629
3501 2.06761
3601 2.01793
3701 1.96493
3801 1.92021
3901 1.89382
4001 1.87785
4101 1.87399
4201 1.84425
4301 1.82508
4401 1.80403
4501 1.78889
4601 1.77007
4701 1.76029
4801 1.72731
4901 1.69134
5001 1.66221
5101 1.64392
5201 1.62932
5301 1.64523
5401 1.60631
5501 1.59278
5601 1.57802
5701 1.58273
5801 1.55386
5901 1.54584
6001 1.52613
6101 1.50036
6201 1.47973
6301 1.46384
6401 1.45242
6501 1.44492
6601 1.43659
6701 1.42325
6801 1.41432
6901 1.40367
7001 1.39389
7101 1.38653
7201 1.37523
7301 1.35327
7401 1.33801
7501 1.32495
7601 1.31559
7701 1.30995
7801 1.30529
7901 1.29335
8001 1.28557
8101 1.27721
8201 1.26903
8301 1.2627
8401 1.25608
8501 1.24148
8601 1.22677
8701 1.21431
8801 1.20587
8901 1.20082
9001 1.2027
9101 1.18894
9201 1.18196
9301 1.17419
9401 1.17044
9501 1.16163
9601 1.16256
9701 1.14685
9801 1.13547
9901 1.12219
10001 1.11668
10101 1.11035
10201 1.12901
10301 1.10225
10401 1.09573
10501 1.08853
10601 1.09797
10701 1.07782
10801 1.08972
10901 1.06701
11001 1.05639
11101 1.04538
11201 1.04474
11301 1.03433
11401 1.07354
11501 1.02943
11601 1.0226
11701 1.01689
11801 1.01134
11901 1.0073
12001 1.0038
12101 0.999998
12201 0.989069
12301 0.980252
12401 0.973582
12501 0.969612
12601 0.966772
12701 0.968942
12801 0.960013
12901 0.955825
13001 0.950864
13101 0.947485
13201 0.943919
13301 0.942354
13401 0.933217
13501 0.92431
13601 0.917941
13701 0.914549
13801 0.911814
13901 0.915562
14001 0.907775
14101 0.9037
14201 0.898568
14301 0.897544
14401 0.892146
14501 0.895014
14601 0.885403
14701 0.876914
14801 0.869619
14901 0.867241
15001 0.86352
15101 0.88033
15201 0.861593
15301 0.857746
15401 0.852766
15501 0.860134
15601 0.846717
15701 0.859139
15801 0.842165
15901 0.835628
16001 0.827218
16101 0.829093
16201 0.821258
16301 0.863363
16401 0.821178
16501 0.816758
16601 0.812465
16701 0.838146
16801 0.807016
16901 0.809553
17001 0.803471
17101 0.796746
17201 0.789864
17301 0.785752
17401 0.783465
17501 0.781526
17601 0.785136
17701 0.780259
17801 0.776885
17901 0.773689
18001 0.771709
18101 0.769423
18201 0.77047
18301 0.762761
18401 0.756401
18501 0.752427
18601 0.750322
18701 0.74854
18801 0.755219
18901 0.748167
19001 0.745248
19101 0.742134
19201 0.741586
19301 0.738083
19401 0.74033
19501 0.734077
19601 0.726477
19701 0.722198
19801 0.721013
19901 0.718495
20001 0.731788
20101 0.719657
20201 0.716734
20301 0.713531
20401 0.718386
20501 0.70946
20601 0.720422
20701 0.7072
20801 0.701301
20901 0.695304
21001 0.695076
21101 0.691565
21201 0.727432
21301 0.693745
21401 0.691078
21501 0.68736
21601 0.698295
21701 0.683749
21801 0.708156
21901 0.682289
22001 0.677165
22101 0.670612
22201 0.675239
22301 0.666555
22401 0.729719
22501 0.67033
22601 0.666881
22701 0.66379
22801 0.702868
22901 0.660142
23001 0.658506
23101 0.660233
23201 0.654364
23301 0.648477
23401 0.645507
23501 0.644035
23601 0.642787
23701 0.650388
23801 0.644809
23901 0.642383
24001 0.639989
24101 0.639106
24201 0.637239
24301 0.639714
24401 0.63367
24501 0.628051
24601 0.62439
24701 0.623232
24801 0.62191
24901 0.631356
25001 0.624929
25101 0.622554
25201 0.620204
25301 0.620882
25401 0.617169
25501 0.621639
25601 0.616147
25701 0.609949
25801 0.60567
25901 0.605199
26001 0.6029
26101 0.619835
26201 0.606762
26301 0.60435
26401 0.601695
26501 0.608317
26601 0.598869
26701 0.612347
26801 0.598332
26901 0.593417
27001 0.587742
27101 0.590288
27201 0.584803
27301 0.627728
27401 0.590026
27501 0.58733
27601 0.584438
27701 0.611783
27801 0.581608
27901 0.610533
28001 0.581962
28101 0.577567
28201 0.571898
28301 0.580518
28401 0.568281
28501 0.641872
28601 0.574374
28701 0.57116
28801 0.568581
28901 0.56679
29001 0.566033
29101 0.564493
29201 0.567616
29301 0.561828
29401 0.55635
29501 0.553602
29601 0.552583
29701 0.551526
29801 0.56263
29901 0.555915
30001 0.553932
30101 0.551873
30201 0.551972
30301 0.549401
30401 0.553432
30501 0.548165
30601 0.542783
30701 0.539295
30801 0.538781
30901 0.537225
31001 0.54955
31101 0.542305
31201 0.540269
31301 0.537998
31401 0.541595
31501 0.535572
31601 0.545015
31701 0.535427
31801 0.530339
31901 0.52581
32001 0.526964
32101 0.523273
32201 0.554612
32301 0.529132
32401 0.52738
32501 0.524652
32601 0.541081
32701 0.522102
32801 0.54552
32901 0.523237
33001 0.51933
33101 0.513194
33201 0.520604
33301 0.51053
33401 0.578339
33501 0.517511
33601 0.514876
33701 0.512355
33801 0.555616
33901 0.510045
34001 0.516371
34101 0.51157
34201 0.506884
34301 0.501388
34401 0.498991
34501 0.498009
34601 0.497106
34701 0.508146
34801 0.502857
34901 0.500602
35001 0.498995
35101 0.498542
35201 0.496703
35301 0.501426
35401 0.495825
35501 0.491028
35601 0.487684
35701 0.486952
35801 0.485808
35901 0.498879
36001 0.491925
36101 0.48989
36201 0.488025
36301 0.489743
36401 0.485788
36501 0.491682
36601 0.485988
36701 0.480175
36801 0.476715
36901 0.477131
37001 0.47462
37101 0.496776
37201 0.481476
37301 0.479556
37401 0.477443
37501 0.486941
37601 0.474994
37701 0.492878
37801 0.476278
37901 0.471825
38001 0.466936
38101 0.470819
38201 0.464495
38301 0.518046
38401 0.471733
38501 0.470063
38601 0.467372
38701 0.49858
38801 0.465244
38901 0.501599
39001 0.466589
39101 0.462882
39201 0.457104
39301 0.466558
39401 0.454281
39501 0.543836
39601 0.46284
39701 0.460281
39801 0.457953
39901 0.514303
40001 0.455852
40101 0.454238
40201 0.458481
40301 0.453895
40401 0.448413
40501 0.446026
40601 0.445168
40701 0.444263
40801 0.456708
40901 0.451244
41001 0.44927
41101 0.447391
41201 0.447406
41301 0.445482
41401 0.450446
41501 0.445238
41601 0.440161
41701 0.436722
41801 0.436132
41901 0.43501
42001 0.449826
42101 0.44263
42201 0.440709
42301 0.438916
42401 0.441118
42501 0.436613
42601 0.443953
42701 0.438163
42801 0.433001
42901 0.428828
43001 0.429346
43101 0.426721
43201 0.451462
43301 0.434769
43401 0.432911
43501 0.430639
43601 0.44095
43701 0.428584
43801 0.448006
43901 0.430153
44001 0.425837
44101 0.420672
44201 0.425242
44301 0.418215
44401 0.477143
44501 0.427602
44601 0.425228
44701 0.422935
44801 0.460744
44901 0.420539
45001 0.460272
45101 0.422812
45201 0.419352
45301 0.413935
45401 0.426757
45501 0.410649
45601 0.508143
45701 0.420654
45801 0.417758
45901 0.41543
46001 0.413842
46101 0.413608
46201 0.411948
46301 0.417183
46401 0.41187
46501 0.406436
46601 0.403743
46701 0.403002
46801 0.402053
46901 0.418045
47001 0.410371
47101 0.408572
47201 0.406708
47301 0.407625
47401 0.404506
47501 0.410757
47601 0.405743
47701 0.400574
47801 0.396995
47901 0.396965
48001 0.395229
48101 0.412599
48201 0.403899
48301 0.40212
48401 0.400029
48501 0.405576
48601 0.397909
48701 0.411079
48801 0.399454
48901 0.394915
49001 0.390401
49101 0.39269
49201 0.388028
49301 0.429993
49401 0.397281
49501 0.395901
49601 0.393288
49701 0.415592
49801 0.391043
49901 0.422189
50001 0.393718
50101 0.390435
50201 0.384231
50301 0.394734
50401 0.381742
50501 0.468992
50601 0.392282
50701 0.389663
50801 0.387213
50901 0.443381
51001 0.385268
51101 0.393897
51201 0.388357
51301 0.384086
51401 0.378387
51501 0.375944
51601 0.375058
51701 0.374238
51801 0.389357
51901 0.383415
52001 0.381148
52101 0.379653
52201 0.379557
52301 0.377491
52401 0.38413
52501 0.378692
52601 0.373908
52701 0.370237
52801 0.369703
52901 0.368512
53001 0.386102
53101 0.377881
53201 0.375895
53301 0.374032
53401 0.376794
53501 0.371876
53601 0.380026
53701 0.373557
53801 0.3681
53901 0.364401
54001 0.365364
54101 0.362345
54201 0.391384
54301 0.372362
54401 0.370567
54501 0.368439
54601 0.381124
54701 0.366015
54801 0.389247
54901 0.368733
55001 0.364453
55101 0.359597
55201 0.36506
55301 0.357121
55401 0.424803
55501 0.367354
55601 0.365899
55701 0.363098
55801 0.403368
55901 0.361087
56001 0.407092
56101 0.363554
56201 0.360282
56301 0.354289
56401 0.369933
56501 0.351376
56601 0.461605
56701 0.363065
56801 0.360492
56901 0.358131
57001 0.35664
57101 0.356155
57201 0.354298
57301 0.36012
57401 0.355773
57501 0.350039
57601 0.347476
57701 0.346725
57801 0.34573
57901 0.361952
58001 0.355739
58101 0.35367
58201 0.351695
58301 0.353205
58401 0.349766
58501 0.356438
58601 0.35116
58701 0.345949
58801 0.342216
58901 0.342111
59001 0.340404
59101 0.359691
59201 0.35094
59301 0.349359
59401 0.347199
59501 0.350279
59601 0.344801
59701 0.354967
59801 0.347595
59901 0.342788
60001 0.338542
60101 0.339154
60201 0.336005
60301 0.38165
60401 0.346857
60501 0.345038
60601 0.342623
60701 0.355778
60801 0.340598
60901 0.366756
61001 0.343197
61101 0.338939
61201 0.333612
61301 0.339661
61401 0.331015
61501 0.425961
61601 0.343388
61701 0.340889
61801 0.338488
61901 0.384929
62001 0.336017
62101 0.386834
62201 0.339366
62301 0.336221
62401 0.330543
62501 0.34678
62601 0.326967
62701 0.443431
62801 0.339914
62901 0.336826
63001 0.334352
63101 0.332697
63201 0.33259
63301 0.330651
63401 0.337455
63501 0.332007
63601 0.326263
63701 0.323281
63801 0.322546
63901 0.321512
64001 0.34157
64101 0.332678
64201 0.330717
64301 0.328727
64401 0.330078
64501 0.326326
64601 0.334333
64701 0.32911
64801 0.323693
64901 0.319723
65001 0.319884
65101 0.317852
65201 0.339458
65301 0.329137
65401 0.327335
65501 0.325084
65601 0.332115
65701 0.322838
65801 0.33911
65901 0.325303
66001 0.320901
66101 0.316091
66201 0.319154
66301 0.313506
66401 0.364357
66501 0.325338
66601 0.324024
66701 0.321206
66801 0.348343
66901 0.318822
67001 0.356471
67101 0.322548
67201 0.319425
67301 0.312764
67401 0.325829
67501 0.310111
67601 0.412925
67701 0.323369
67801 0.320567
67901 0.317918
68001 0.38452
68101 0.316019
68201 0.326511
68301 0.320037
68401 0.31576
68501 0.309728
68601 0.306977
68701 0.306054
68801 0.305164
68901 0.323726
69001 0.316918
69101 0.314943
69201 0.312865
69301 0.312948
69401 0.310509
69501 0.318859
69601 0.313015
69701 0.308059
69801 0.303894
69901 0.303407
70001 0.30206
70101 0.323486
70201 0.313913
70301 0.311812
70401 0.309769
70501 0.313291
70601 0.307613
70701 0.317615
70801 0.310193
70901 0.304605
71001 0.300484
71101 0.301816
71201 0.298249
71301 0.333091
71401 0.310725
71501 0.308884
71601 0.306549
71701 0.321861
71801 0.303919
71901 0.331822
72001 0.307575
72101 0.303396
72201 0.298118
72301 0.304883
72401 0.295428
72501 0.374559
72601 0.308035
72701 0.306568
72801 0.30352
72901 0.350813
73001 0.301391
73101 0.35544
73201 0.304632
73301 0.30147
73401 0.29504
73501 0.313823
73601 0.291845
73701 0.418168
73801 0.306079
73901 0.303312
74001 0.30077
74101 0.299126
74201 0.298692
74301 0.29656
74401 0.30365
74501 0.299446
74601 0.293082
74701 0.290233
74801 0.289448
74901 0.288351
75001 0.31046
75101 0.300717
75201 0.29852
75301 0.296328
75401 0.298208
75501 0.294197
75601 0.302365
75701 0.296605
75801 0.291208
75901 0.286977
76001 0.287236
76101 0.28499
76201 0.308989
76301 0.29781
76401 0.296196
76501 0.293893
76601 0.302004
76701 0.291196
76801 0.309858
76901 0.294877
77001 0.290149
77101 0.285409
77201 0.287783
77301 0.282612
77401 0.338261
77501 0.295741
77601 0.293827
77701 0.291162
77801 0.306663
77901 0.289053
78001 0.329769
78101 0.292334
78201 0.287926
78301 0.282269
78401 0.289544
78501 0.279505
78601 0.390396
78701 0.294231
78801 0.29154
78901 0.288921
79001 0.342245
79101 0.286254
79201 0.296196
79301 0.290381
79401 0.287298
79501 0.281233
79601 0.300291
79701 0.277271
79801 0.276383
79901 0.292614
80001 0.28925
80101 0.286567
80201 0.284739
80301 0.284718
80401 0.282544
80501 0.290573
80601 0.284808
80701 0.278648
80801 0.27533
80901 0.274561
81001 0.273431
81101 0.296857
81201 0.286779
81301 0.284672
81401 0.282467
81501 0.284161
81601 0.279836
81701 0.28926
81801 0.283568
81901 0.277954
82001 0.273509
82101 0.273801
82201 0.271482
82301 0.29659
82401 0.284844
82501 0.282985
82601 0.280489
82701 0.288718
82801 0.278054
82901 0.296875
83001 0.281143
83101 0.276686
83201 0.271487
83301 0.275247
83401 0.268661
83501 0.326647
83601 0.282732
83701 0.281245
83801 0.278162
83901 0.30919
84001 0.275576
84101 0.31845
84201 0.280086
84301 0.276946
84401 0.269778
84501 0.284924
84601 0.266873
84701 0.381575
84801 0.282334
84901 0.279339
85001 0.276498
85101 0.35105
85201 0.274407
85301 0.286488
85401 0.279331
85501 0.274745
85601 0.268282
85701 0.265226
85801 0.264265
85901 0.263265
86001 0.284665
86101 0.277062
86201 0.274953
86301 0.272666
86401 0.272982
86501 0.270084
86601 0.279763
86701 0.273478
86801 0.26827
86901 0.263632
87001 0.263159
87101 0.261654
87201 0.286207
87301 0.275468
87401 0.273234
87501 0.270982
87601 0.275122
87701 0.268662
87801 0.280133
87901 0.271849
88001 0.266086
88101 0.261561
88201 0.263185
88301 0.259135
88401 0.298643
88501 0.273571
88601 0.271633
88701 0.269094
88801 0.286496
88901 0.266406
89001 0.297744
89101 0.270568
89201 0.26656
89301 0.260607
89401 0.268431
89501 0.257696
89601 0.34562
89701 0.272185
89801 0.270662
89901 0.267356
90001 0.320092
90101 0.265072
90201 0.325256
90301 0.268886
90401 0.265693
90501 0.258786
90601 0.280104
90701 0.255305
90801 0.393599
90901 0.271635
91001 0.268599
91101 0.265876
91201 0.264065
91301 0.263644
91401 0.261339
91501 0.270997
91601 0.264995
91701 0.258177
91801 0.255048
91901 0.254221
92001 0.253014
92101 0.27805
92201 0.267225
92301 0.264923
92401 0.262468
92501 0.264655
92601 0.260166
92701 0.269448
92801 0.263249
92901 0.257581
93001 0.25291
93101 0.253271
93201 0.250761
93301 0.277796
93401 0.265403
93501 0.263707
93601 0.26121
93701 0.270364
93801 0.258273
93901 0.279202
94001 0.262583
94101 0.257787
94201 0.252609
94301 0.256544
94401 0.24956
94501 0.31123
94601 0.264461
94701 0.262451
94801 0.259565
94901 0.29093
95001 0.257306
95101 0.302374
95201 0.261111
95301 0.256526
95401 0.250483
95501 0.264543
95601 0.247493
95701 0.368185
95801 0.264118
95901 0.261224
96001 0.258418
96101 0.316967
96201 0.255774
96301 0.266664
96401 0.260269
96501 0.257129
96601 0.25067
96701 0.271952
96801 0.246481
96901 0.245397
97001 0.263604
97101 0.259969
97201 0.257092
97301 0.255109
97401 0.255154
97501 0.252734
97601 0.261755
97701 0.255765
97801 0.249051
97901 0.245436
98001 0.24463
98101 0.243417
98201 0.269495
98301 0.258456
98401 0.256219
98501 0.253817
98601 0.255761
98701 0.251018
98801 0.261506
98901 0.255358
99001 0.249519
99101 0.244646
99201 0.245034
99301 0.242472
99401 0.270331
99501 0.25746
99601 0.255592
99701 0.252813
99801 0.261968
99901 0.250195
