1 7.79249
1001 3.42721
2001 2.53531
3001 2.16138
4001 1.88225
5001 1.67613
6001 1.53741
7001 1.40654
8001 1.29983
9001 1.21833
10001 1.14286
11001 1.07613
12001 1.01903
13001 0.966659
14001 0.925662
15001 0.883992
16001 0.845748
17001 0.817361
18001 0.785874
19001 0.755985
20001 0.734162
21001 0.713718
22001 0.689218
23001 0.669219
24001 0.648529
25001 0.635314
26001 0.617666
27001 0.6002
28001 0.596042
29001 0.574877
30001 0.558765
31001 0.549393
32001 0.541218
33001 0.52582
34001 0.528592
35001 0.502204
36001 0.496865
37001 0.486451
38001 0.474501
39001 0.475347
40001 0.461451
41001 0.449526
42001 0.444896
43001 0.441122
44001 0.429328
45001 0.437205
46001 0.412944
47001 0.411562
48001 0.404362
49001 0.394742
50001 0.398227
51001 0.387938
52001 0.377966
53001 0.375747
54001 0.373475
55001 0.364983
56001 0.369416
57001 0.352154
58001 0.353084
59001 0.34767
60001 0.339525
61001 0.343958
62001 0.336814
63001 0.327691
64001 0.327098
65001 0.326915
66001 0.318822
67001 0.324236
68001 0.341109
69001 0.311285
70001 0.307199
71001 0.29965
72001 0.305512
73001 0.299665
74001 0.291358
75001 0.291693
76001 0.292121
77001 0.285502
78001 0.290183
79001 0.307229
80001 0.280871
81001 0.277626
82001 0.270454
83001 0.276954
84001 0.272566
85001 0.268894
86001 0.265428
87001 0.267127
88001 0.260459
89001 0.265444
90001 0.279661
91001 0.258352
92001 0.255545
93001 0.248497
94001 0.255487
95001 0.252099
96001 0.247859
97001 0.245854
98001 0.248385
99001 0.241555
100001 0.245977
101001 0.258034
102001 0.241436
103001 0.238757
104001 0.232
105001 0.239015
106001 0.236927
107001 0.23192
108001 0.236819
109001 0.234437
110001 0.227358
111001 0.231794
112001 0.240278
113001 0.228146
114001 0.226111
115001 0.219315
116001 0.227247
117001 0.225113
118001 0.219575
119001 0.241438
120001 0.223638
121001 0.216722
122001 0.220497
123001 0.228606
124001 0.218044
125001 0.248962
126001 0.209675
127001 0.217356
128001 0.215833
129001 0.209825
130001 0.230164
131001 0.21543
132001 0.207383
133001 0.21142
134001 0.218797
135001 0.20982
136001 0.236279
137001 0.201953
138001 0.210355
139001 0.208644
140001 0.202274
141001 0.220656
142001 0.208892
143001 0.200668
144001 0.204602
145001 0.210201
146001 0.203471
147001 0.224238
148001 0.195985
149001 0.204455
150001 0.20289
151001 0.195909
152001 0.209071
153001 0.203798
154001 0.195166
155001 0.199287
156001 0.204749
157001 0.198615
158001 0.214537
159001 0.240913
160001 0.200018
161001 0.198142
162001 0.191261
163001 0.203726
164001 0.199491
165001 0.190989
166001 0.194755
167001 0.19942
168001 0.19332
169001 0.203625
170001 0.236234
171001 0.196029
172001 0.194568
173001 0.187344
174001 0.199911
175001 0.195808
176001 0.19291
177001 0.19114
178001 0.195871
179001 0.189983
180001 0.198072
181001 0.218767
182001 0.193067
183001 0.191241
184001 0.184126
185001 0.196247
186001 0.192811
187001 0.190213
188001 0.187988
189001 0.193075
190001 0.186535
191001 0.193398
192001 0.209577
193001 0.190128
194001 0.188444
195001 0.181256
196001 0.191408
197001 0.190022
198001 0.18513
199001 0.192818
200001 0.19061
201001 0.183354
202001 0.189579
203001 0.200882
204001 0.187989
205001 0.185929
206001 0.178916
207001 0.189156
208001 0.187643
209001 0.1819
210001 0.208354
211001 0.188621
212001 0.181093
213001 0.186503
214001 0.197521
215001 0.184904
216001 0.221254
217001 0.176655
218001 0.187068
219001 0.185335
220001 0.178897
221001 0.203219
222001 0.186698
223001 0.178696
224001 0.183796
225001 0.192227
226001 0.183149
227001 0.211272
228001 0.174805
229001 0.184697
230001 0.183383
231001 0.17655
232001 0.197691
233001 0.18517
234001 0.176483
235001 0.181609
236001 0.18778
237001 0.180547
238001 0.204118
239001 0.172993
240001 0.183191
241001 0.181512
242001 0.174394
243001 0.192624
244001 0.183605
245001 0.17462
246001 0.179244
247001 0.185786
248001 0.179179
249001 0.19606
250001 0.225822
251001 0.181592
252001 0.179973
253001 0.172764
254001 0.186417
255001 0.182284
256001 0.173076
257001 0.177593
258001 0.182787
259001 0.176715
260001 0.19139
261001 0.22366
262001 0.180311
263001 0.178604
264001 0.170918
265001 0.184941
266001 0.180717
267001 0.177914
268001 0.175951
269001 0.181256
270001 0.175095
271001 0.186053
272001 0.215068
273001 0.178948
274001 0.177319
275001 0.169669
276001 0.182812
277001 0.1795
278001 0.177317
279001 0.174513
280001 0.180206
281001 0.173139
282001 0.180785
283001 0.198071
284001 0.177805
285001 0.175813
286001 0.168221
287001 0.180435
288001 0.177995
289001 0.174306
290001 0.173246
291001 0.178898
292001 0.171485
293001 0.177883
294001 0.190341
295001 0.17656
296001 0.174607
297001 0.167119
298001 0.17805
299001 0.176821
300001 0.171327
301001 0.1796
302001 0.178012
303001 0.170004
304001 0.17607
305001 0.187649
306001 0.174936
307001 0.173505
308001 0.165813
309001 0.176972
310001 0.175182
311001 0.168695
312001 0.194168
313001 0.176875
314001 0.168494
315001 0.173908
316001 0.185854
317001 0.173431
318001 0.211848
319001 0.164871
320001 0.175218
321001 0.174219
322001 0.166837
323001 0.189175
324001 0.176061
325001 0.166901
326001 0.172509
327001 0.178973
328001 0.172004
329001 0.196121
330001 0.163595
331001 0.174422
332001 0.172732
333001 0.165512
334001 0.184475
335001 0.17507
336001 0.165816
337001 0.170944
338001 0.177718
339001 0.170625
340001 0.189457
341001 0.219202
342001 0.173302
343001 0.171781
344001 0.164159
345001 0.179954
346001 0.174325
347001 0.164556
348001 0.169836
349001 0.176618
350001 0.168858
351001 0.183919
352001 0.217318
353001 0.172498
354001 0.170738
355001 0.163125
356001 0.177503
357001 0.173104
358001 0.170221
359001 0.168197
360001 0.173974
361001 0.167508
362001 0.179477
363001 0.208901
364001 0.171473
365001 0.170087
366001 0.16206
367001 0.175817
368001 0.172286
369001 0.169963
370001 0.167261
371001 0.173048
372001 0.165973
373001 0.176036
374001 0.199212
375001 0.170695
376001 0.168628
377001 0.160971
378001 0.173561
379001 0.171063
380001 0.167203
381001 0.166167
382001 0.172269
383001 0.164343
384001 0.172895
385001 0.191066
386001 0.169708
387001 0.167888
388001 0.159948
389001 0.171646
390001 0.170283
391001 0.164955
392001 0.173673
393001 0.171394
394001 0.163485
395001 0.169446
396001 0.181412
397001 0.168339
398001 0.166857
399001 0.15916
400001 0.170509
401001 0.168773
402001 0.163022
403001 0.192178
404001 0.170759
405001 0.161835
406001 0.167711
407001 0.179912
408001 0.167124
409001 0.206691
410001 0.15818
411001 0.169236
412001 0.167909
413001 0.16077
414001 0.184801
415001 0.169887
416001 0.160709
417001 0.166314
418001 0.176282
419001 0.165802
420001 0.197012
421001 0.157389
422001 0.168391
423001 0.167097
424001 0.159174
425001 0.178742
426001 0.169331
427001 0.159539
428001 0.165058
429001 0.172025
430001 0.164609
431001 0.190252
432001 0.156485
433001 0.167655
434001 0.165826
435001 0.157912
436001 0.174521
437001 0.168525
438001 0.158757
439001 0.163934
440001 0.17094
441001 0.16296
442001 0.17781
443001 0.213011
444001 0.166877
445001 0.165132
446001 0.157124
447001 0.17232
448001 0.167647
449001 0.157938
450001 0.162833
451001 0.168657
452001 0.161661
453001 0.174287
454001 0.204338
455001 0.166139
456001 0.164447
457001 0.156116
458001 0.171333
459001 0.166778
460001 0.164599
461001 0.161838
462001 0.167617
463001 0.161046
464001 0.170355
465001 0.194785
466001 0.165375
467001 0.163621
468001 0.155399
469001 0.16821
470001 0.166185
471001 0.161756
472001 0.160719
473001 0.166998
474001 0.158745
475001 0.167726
476001 0.186383
477001 0.164646
478001 0.162636
479001 0.15442
480001 0.166495
481001 0.165026
482001 0.15981
483001 0.16861
484001 0.166229
485001 0.158086
486001 0.165242
487001 0.178599
488001 0.163129
489001 0.161751
490001 0.15368
491001 0.16558
492001 0.164306
493001 0.157727
494001 0.187575
495001 0.165711
496001 0.157171
497001 0.163667
498001 0.175165
499001 0.162295
500001 0.202555
501001 0.152738
502001 0.164265
503001 0.16291
504001 0.156061
505001 0.183322
506001 0.164983
507001 0.156018
508001 0.16126
509001 0.171792
510001 0.160782
511001 0.194834
512001 0.152185
513001 0.163453
514001 0.162297
515001 0.154539
516001 0.178375
517001 0.164507
518001 0.154349
519001 0.160224
520001 0.167736
521001 0.159973
522001 0.185943
523001 0.151266
524001 0.162922
525001 0.161184
526001 0.153308
527001 0.169974
528001 0.163803
529001 0.153752
530001 0.159112
531001 0.166752
532001 0.159201
533001 0.179217
534001 0.210455
535001 0.162087
536001 0.160565
537001 0.152152
538001 0.167947
539001 0.163271
540001 0.152946
541001 0.158261
542001 0.164058
543001 0.157163
544001 0.173708
545001 0.20877
546001 0.161563
547001 0.15979
548001 0.151479
549001 0.166966
550001 0.162271
551001 0.159307
552001 0.157211
553001 0.163391
554001 0.156365
555001 0.166491
556001 0.190971
557001 0.160789
558001 0.159174
559001 0.15064
560001 0.165539
561001 0.161724
562001 0.159375
563001 0.156411
564001 0.162577
565001 0.155201
566001 0.163469
567001 0.182413
568001 0.160228
569001 0.158145
570001 0.149949
571001 0.162136
572001 0.160705
573001 0.155287
574001 0.155621
575001 0.162138
576001 0.15353
577001 0.161213
578001 0.174645
579001 0.15947
580001 0.157541
581001 0.14917
582001 0.161594
583001 0.159966
584001 0.153211
585001 0.184246
586001 0.161483
587001 0.152988
588001 0.159377
589001 0.172158
590001 0.158009
591001 0.19929
592001 0.148559
593001 0.160723
594001 0.158907
595001 0.151693
596001 0.179525
597001 0.161038
598001 0.151622
599001 0.157828
600001 0.167831
601001 0.157124
602001 0.191431
603001 0.147715
604001 0.159554
605001 0.158097
606001 0.1501
607001 0.174904
608001 0.16039
609001 0.150639
610001 0.156615
611001 0.163711
612001 0.15585
613001 0.181127
614001 0.147109
615001 0.158928
616001 0.157184
617001 0.149175
618001 0.169931
619001 0.160023
620001 0.149526
621001 0.155082
622001 0.16283
623001 0.155006
624001 0.175647
625001 0.207404
626001 0.158348
627001 0.156496
628001 0.148108
629001 0.165577
630001 0.1593
631001 0.149015
632001 0.154219
633001 0.162005
634001 0.153603
635001 0.16928
636001 0.205936
637001 0.157701
638001 0.155922
639001 0.147406
640001 0.163118
641001 0.158702
642001 0.155385
643001 0.153281
644001 0.159554
645001 0.152295
646001 0.165687
647001 0.19714
648001 0.157174
649001 0.155309
650001 0.146449
651001 0.161895
652001 0.157883
653001 0.155701
654001 0.152593
655001 0.15892
656001 0.151257
657001 0.161845
658001 0.186314
659001 0.156516
660001 0.154413
661001 0.145936
662001 0.159611
663001 0.157217
664001 0.15289
665001 0.15181
666001 0.158428
667001 0.149749
668001 0.157567
669001 0.171262
670001 0.155982
671001 0.153741
672001 0.145109
673001 0.157961
674001 0.156343
675001 0.151007
676001 0.160251
677001 0.157848
678001 0.14916
679001 0.155681
680001 0.168989
681001 0.154655
682001 0.153202
683001 0.144641
684001 0.157026
685001 0.155392
686001 0.147874
687001 0.176264
688001 0.157439
689001 0.147728
690001 0.154332
691001 0.167441
692001 0.153747
693001 0.195899
694001 0.143888
695001 0.156049
696001 0.154622
697001 0.14655
698001 0.171678
699001 0.156876
700001 0.146887
701001 0.152971
702001 0.164081
703001 0.152545
704001 0.179572
705001 0.143445
706001 0.15532
707001 0.154138
708001 0.145488
709001 0.166745
710001 0.156541
711001 0.145882
712001 0.152002
713001 0.159423
714001 0.151726
715001 0.172502
716001 0.204706
717001 0.154971
718001 0.152986
719001 0.144661
720001 0.162439
721001 0.156007
722001 0.145425
723001 0.15109
724001 0.158912
725001 0.150074
726001 0.167045
727001 0.203345
728001 0.154192
729001 0.152604
730001 0.143853
731001 0.160477
732001 0.155315
733001 0.151921
734001 0.149894
735001 0.156473
736001 0.149248
737001 0.162476
738001 0.194418
739001 0.153908
740001 0.152072
741001 0.14332
742001 0.158641
743001 0.154712
744001 0.152349
745001 0.149209
746001 0.155877
747001 0.147806
748001 0.159202
749001 0.18464
750001 0.153115
751001 0.151574
752001 0.142496
753001 0.156648
754001 0.153916
755001 0.149495
756001 0.148532
757001 0.155221
758001 0.146631
759001 0.15606
760001 0.175923
761001 0.152832
762001 0.150517
763001 0.141878
764001 0.154858
765001 0.153379
766001 0.14767
767001 0.157137
768001 0.154892
769001 0.145909
770001 0.153975
771001 0.166056
772001 0.151336
773001 0.150058
774001 0.141262
775001 0.154116
776001 0.152221
777001 0.145654
778001 0.178001
779001 0.154342
780001 0.145478
781001 0.151143
782001 0.164472
783001 0.150799
784001 0.190574
785001 0.140753
786001 0.152959
787001 0.151587
788001 0.144177
789001 0.173227
790001 0.154012
791001 0.143633
792001 0.150019
793001 0.161179
794001 0.149303
795001 0.185606
796001 0.140108
797001 0.152543
798001 0.151078
799001 0.142141
800001 0.164081
801001 0.153524
802001 0.142918
803001 0.148991
804001 0.156992
805001 0.148771
806001 0.175079
807001 0.139656
808001 0.151946
809001 0.150254
810001 0.14144
811001 0.15953
812001 0.153236
813001 0.142238
814001 0.148112
815001 0.156003
816001 0.146919
817001 0.164451
818001 0.202269
819001 0.151591
820001 0.149612
821001 0.140605
822001 0.157761
823001 0.152646
824001 0.141879
825001 0.147238
826001 0.153546
827001 0.146209
828001 0.159194
829001 0.192306
830001 0.150962
831001 0.149222
832001 0.140188
833001 0.156638
834001 0.152002
835001 0.148695
836001 0.146504
837001 0.153037
838001 0.14547
839001 0.156481
840001 0.182267
841001 0.150638
842001 0.148631
843001 0.139394
844001 0.153896
845001 0.151415
846001 0.14678
847001 0.145601
848001 0.152377
849001 0.143665
850001 0.15298
851001 0.173673
852001 0.149973
853001 0.147884
854001 0.138987
855001 0.151978
856001 0.150724
857001 0.144799
858001 0.153988
859001 0.152131
860001 0.142858
861001 0.151257
862001 0.165457
863001 0.149637
864001 0.147195
865001 0.138219
866001 0.151727
867001 0.149946
868001 0.142984
869001 0.175668
870001 0.151586
871001 0.142582
872001 0.149304
873001 0.16216
874001 0.147998
875001 0.191512
876001 0.137779
877001 0.150134
878001 0.14915
879001 0.141289
880001 0.170827
881001 0.151347
882001 0.141224
883001 0.148056
884001 0.15859
885001 0.147525
886001 0.183292
887001 0.137134
888001 0.149919
889001 0.148341
890001 0.140081
891001 0.166114
892001 0.150853
893001 0.140054
894001 0.146239
895001 0.154665
896001 0.146029
897001 0.174321
898001 0.136767
899001 0.149233
900001 0.147699
901001 0.139043
902001 0.158007
903001 0.150611
904001 0.139375
905001 0.145506
906001 0.153652
907001 0.145661
908001 0.167146
909001 0.20024
910001 0.148988
911001 0.14701
912001 0.138043
913001 0.155239
914001 0.150081
915001 0.139096
916001 0.144698
917001 0.151223
918001 0.143511
919001 0.161652
920001 0.198944
921001 0.148366
922001 0.146723
923001 0.137414
924001 0.154422
925001 0.149461
926001 0.146003
927001 0.143951
928001 0.150515
929001 0.143113
930001 0.154063
931001 0.18012
932001 0.148103
933001 0.146103
934001 0.13695
935001 0.153092
936001 0.148948
937001 0.146591
938001 0.143223
939001 0.150256
940001 0.141904
941001 0.151058
942001 0.171514
943001 0.147451
944001 0.145443
945001 0.136293
946001 0.149738
947001 0.148316
948001 0.143727
949001 0.14273
950001 0.149647
951001 0.140592
952001 0.148787
953001 0.163139
954001 0.147174
955001 0.144764
956001 0.135869
957001 0.149282
958001 0.147567
959001 0.140425
960001 0.17348
961001 0.149449
962001 0.140003
963001 0.147171
964001 0.161018
965001 0.145437
966001 0.14449
967001 0.135283
968001 0.148721
969001 0.146704
970001 0.138711
971001 0.169041
972001 0.148929
973001 0.138966
974001 0.14561
975001 0.159457
976001 0.145115
977001 0.179437
978001 0.134882
979001 0.147532
980001 0.146193
981001 0.137541
982001 0.16395
983001 0.148721
984001 0.137931
985001 0.144563
986001 0.152383
987001 0.143798
988001 0.172391
989001 0.134196
990001 0.147237
991001 0.145335
992001 0.136443
993001 0.159193
994001 0.148283
995001 0.137324
996001 0.143539
997001 0.151347
998001 0.143285
999001 0.164077
