1 263.944
5001 10.4443
10001 4.00536
15001 2.30559
20001 2.18543
25001 1.52808
30001 1.32709
35001 1.18652
40001 1.10346
45001 2.23395
50001 1.06266
55001 0.928765
60001 0.813139
65001 0.804
70001 0.706848
75001 1.21126
80001 0.974909
85001 0.914764
90001 1.93781
95001 0.849733
100001 1.27707
105001 0.892183
110001 0.760548
115001 0.659422
120001 0.634093
125001 3.28041
130001 0.989592
135001 0.925525
140001 0.864902
145001 1.11172
150001 0.797561
155001 1.01287
160001 0.865115
165001 0.716622
170001 1.43952
175001 0.622772
180001 1.8628
185001 0.94674
190001 0.905654
195001 0.846879
200001 0.865461
205001 0.796543
210001 0.898502
215001 0.827719
220001 0.664828
225001 0.847674
230001 0.594396
235001 1.1733
240001 0.930169
245001 0.874413
250001 2.6402
255001 0.818292
260001 1.79222
265001 0.885563
270001 0.779274
275001 0.652601
280001 0.653239
285001 0.597539
290001 1.00288
295001 0.924969
300001 0.862738
305001 1.25242
310001 0.80829
315001 1.0821
320001 0.860354
325001 0.706486
330001 0.6312
335001 0.605911
340001 2.87214
345001 0.946691
350001 0.901277
355001 0.854141
360001 0.910596
365001 0.789544
370001 0.990189
375001 0.840176
380001 0.690945
385001 0.974368
390001 0.612493
395001 1.50867
400001 0.939335
405001 0.891146
410001 0.842025
415001 0.843911
420001 2.17378
425001 0.888735
430001 0.770343
435001 0.662502
440001 0.68064
445001 0.585854
450001 1.16215
455001 0.923225
460001 0.871033
465001 2.07204
470001 0.808171
475001 1.26532
480001 0.8774
485001 0.750338
490001 0.647001
495001 0.626087
500001 3.28205
505001 0.987588
510001 0.921279
515001 0.857095
520001 1.07818
525001 0.800455
530001 1.00049
535001 0.848582
540001 0.696422
545001 1.42369
550001 0.600915
555001 1.85878
560001 0.938196
565001 0.899693
570001 0.844096
575001 0.864533
580001 0.788277
585001 0.906537
590001 0.835574
595001 0.675994
600001 0.850144
605001 0.605835
610001 1.18124
615001 0.935123
620001 0.874772
625001 2.33398
630001 0.82689
635001 1.80306
640001 0.873993
645001 0.766372
650001 0.636512
655001 0.639172
660001 0.581728
665001 0.996136
670001 0.919754
675001 0.861231
680001 1.30477
685001 0.798327
690001 1.0881
695001 0.869612
700001 0.719029
705001 0.644535
710001 0.619223
715001 2.87659
720001 0.952927
725001 0.906793
730001 0.854455
735001 0.967475
740001 0.798575
745001 0.981416
750001 0.829152
755001 0.676411
760001 0.973726
765001 0.597815
770001 1.5031
775001 0.933137
780001 0.88771
785001 0.841384
790001 0.836321
795001 2.20213
800001 0.899461
805001 0.789886
810001 0.676059
815001 0.691801
820001 0.599903
825001 1.1683
830001 0.928282
835001 0.872413
840001 1.92624
845001 0.81744
850001 1.26388
855001 0.866997
860001 0.737211
865001 0.632004
870001 0.611829
875001 3.27838
880001 0.980656
885001 0.917027
890001 0.855804
895001 1.10886
900001 0.790412
905001 1.00914
910001 0.858311
915001 0.709957
920001 1.43107
925001 0.61477
930001 1.86333
935001 0.944524
940001 0.90276
945001 0.843809
950001 0.866899
955001 0.795794
960001 0.896239
965001 0.824695
970001 0.661785
975001 0.844603
980001 0.59107
985001 1.17262
990001 0.929043
995001 0.87329
1000001 2.64289
1005001 0.81732
1010001 1.79553
1015001 0.883772
1020001 0.778032
1025001 0.65105
1030001 0.65204
1035001 0.595982
1040001 1.00237
1045001 0.924341
1050001 0.861713
1055001 1.25398
1060001 0.807815
1065001 1.08325
1070001 0.858963
1075001 0.705629
1080001 0.629647
1085001 0.605033
1090001 2.87209
1095001 0.94636
1100001 0.903844
1105001 0.853444
1110001 0.980797
1115001 0.78902
1120001 0.99079
1125001 0.839563
1130001 0.690143
1135001 0.974222
1140001 0.613495
1145001 1.50911
1150001 0.938922
1155001 0.890693
1160001 0.841315
1165001 0.843701
1170001 1.22972
1175001 0.88903
1180001 0.782147
1185001 0.661772
1190001 0.680505
1195001 0.585169
1200001 1.16178
1205001 0.92312
1210001 0.870526
1215001 2.07157
1220001 0.807548
1225001 1.50744
1230001 0.876633
1235001 0.749776
1240001 0.646476
1245001 0.625525
1250001 3.28166
1255001 0.987093
1260001 0.921674
1265001 0.856696
1270001 1.07774
1275001 0.799888
1280001 1.00067
1285001 0.848188
1290001 0.695811
1295001 1.42365
1300001 0.602907
1305001 1.85881
1310001 0.938231
1315001 0.899213
1320001 0.843452
1325001 0.863871
1330001 0.786125
1335001 0.906077
1340001 0.836246
1345001 0.675664
1350001 0.850385
1355001 0.605497
1360001 1.18107
1365001 0.935057
1370001 0.874719
1375001 2.33498
1380001 0.82627
1385001 1.80395
1390001 0.873365
1395001 0.765954
1400001 0.636025
1405001 0.639137
1410001 0.581454
1415001 0.995788
1420001 0.920035
1425001 0.860835
1430001 1.55832
1435001 0.797829
1440001 1.0881
1445001 0.868915
1450001 0.718689
1455001 0.645462
1460001 0.618518
1465001 2.87669
1470001 0.95263
1475001 0.907478
1480001 0.853995
1485001 0.966638
1490001 0.798483
1495001 0.981475
1500001 0.833954
1505001 0.675977
1510001 0.974361
1515001 0.598124
1520001 1.50339
1525001 0.932652
1530001 0.887361
1535001 0.840992
1540001 0.836043
1545001 1.13405
1550001 0.899116
1555001 0.794287
1560001 0.675631
1565001 0.692379
1570001 0.599423
1575001 1.16793
1580001 0.928591
1585001 0.872117
1590001 1.92495
1595001 0.817052
1600001 1.49931
1605001 0.866535
1610001 0.736908
1615001 0.631639
1620001 0.611454
1625001 3.2792
1630001 0.981804
1635001 0.917523
1640001 0.855388
1645001 1.10957
1650001 0.792674
1655001 1.00861
1660001 0.858297
1665001 0.709172
1670001 1.43133
1675001 0.61712
1680001 1.86314
1685001 0.944134
1690001 0.902472
1695001 0.843517
1700001 0.866491
1705001 0.795598
1710001 0.895855
1715001 0.825123
1720001 0.661245
1725001 0.844901
1730001 0.590601
1735001 1.1726
1740001 0.92861
1745001 0.872974
1750001 2.63947
1755001 0.816956
1760001 1.79545
1765001 0.88337
1770001 0.777707
1775001 0.652028
1780001 0.651988
1785001 0.595655
1790001 1.00209
1795001 0.925769
1800001 0.861486
1805001 1.51574
1810001 0.807538
1815001 1.0831
1820001 0.859057
1825001 0.705475
1830001 0.630458
1835001 0.605698
1840001 2.87159
1845001 0.946075
1850001 0.903516
1855001 0.853167
1860001 0.980229
1865001 0.788896
1870001 0.990772
1875001 0.846029
1880001 0.689831
1885001 0.97488
1890001 0.612633
1895001 1.50847
1900001 0.938456
1905001 0.890449
1910001 0.841085
1915001 0.843455
1920001 1.22996
1925001 0.888326
1930001 0.782598
1935001 0.66151
1940001 0.680775
1945001 0.584815
1950001 1.16143
1955001 0.924494
1960001 0.870431
1965001 2.07139
1970001 0.807247
1975001 1.49834
1980001 0.876275
1985001 0.749567
1990001 0.646165
1995001 0.631213
2000001 3.28016
2005001 0.988816
2010001 0.922412
2015001 0.85693
2020001 1.07894
2025001 0.80484
2030001 1.00782
2035001 0.848114
2040001 0.696083
2045001 1.42418
2050001 0.602618
2055001 1.85913
2060001 0.937905
2065001 0.899011
2070001 0.843651
2075001 0.863641
2080001 0.786257
2085001 0.905765
2090001 0.835679
2095001 0.675345
2100001 0.850714
2105001 0.605112
2110001 1.18094
2115001 0.934535
2120001 0.874389
2125001 2.65204
2130001 0.82619
2135001 1.80394
2140001 0.873147
2145001 0.765645
2150001 0.637032
2155001 0.63923
2160001 0.58124
2165001 0.995632
2170001 0.92127
2175001 0.860531
2180001 1.598
2185001 0.798349
2190001 1.08788
2195001 0.869149
2200001 0.718771
2205001 0.64487
2210001 0.620017
2215001 2.87818
2220001 0.952375
2225001 0.9073
2230001 0.853778
2235001 0.966469
2240001 0.79809
2245001 0.981195
2250001 0.838183
2255001 0.675782
2260001 0.975189
2265001 0.59769
2270001 1.50337
2275001 0.932647
2280001 0.887158
2285001 0.840685
2290001 0.835817
2295001 1.13378
2300001 0.899629
2305001 0.794039
2310001 0.675471
2315001 0.691854
2320001 0.599171
2325001 1.16774
2330001 0.931512
2335001 0.872058
2340001 1.92483
2345001 0.816844
2350001 1.50077
2355001 0.866315
2360001 0.736606
2365001 0.63146
2370001 0.620705
2375001 3.27731
2380001 0.982175
2385001 0.917479
2390001 0.85592
2395001 1.11013
2400001 0.795382
2405001 1.01564
2410001 0.85928
2415001 0.709639
2420001 1.43155
2425001 0.616976
2430001 1.86383
2435001 0.94391
2440001 0.902294
2445001 0.847916
2450001 0.865959
2455001 0.795542
2460001 0.895561
2465001 0.825045
2470001 0.661102
2475001 0.84525
2480001 0.590446
2485001 1.17251
2490001 0.929041
2495001 0.872212
2500001 0.836445
2505001 0.81708
2510001 1.79546
2515001 0.883158
2520001 0.777433
2525001 0.651833
2530001 0.651939
2535001 0.595476
2540001 1.00219
2545001 0.926405
2550001 0.861175
2555001 1.51347
2560001 0.808474
2565001 1.08332
2570001 0.858795
2575001 0.706504
2580001 0.63023
2585001 0.606447
2590001 2.87381
2595001 0.945924
2600001 0.903374
2605001 0.852972
2610001 0.979856
2615001 0.788499
2620001 0.990343
2625001 0.848455
2630001 0.689677
2635001 0.975595
2640001 0.612276
2645001 1.50899
2650001 0.938449
2655001 0.890202
2660001 0.84069
2665001 0.843264
2670001 1.22963
2675001 0.892881
2680001 0.782415
2685001 0.661323
2690001 0.683006
2695001 0.584591
2700001 1.16294
2705001 0.926052
2710001 0.87029
2715001 2.07154
2720001 0.807047
2725001 1.49895
2730001 0.876508
2735001 0.749309
2740001 0.64614
2745001 0.634592
2750001 3.28395
2755001 0.988576
2760001 0.922239
2765001 0.85676
2770001 1.0782
2775001 0.805204
2780001 1.00757
2785001 0.850474
2790001 0.695926
2795001 1.42362
2800001 0.602548
2805001 1.84654
2810001 0.937857
2815001 0.898928
2820001 0.847809
2825001 0.863083
2830001 0.78591
2835001 0.905559
2840001 0.835507
2845001 0.677086
2850001 0.85184
2855001 0.605499
2860001 1.1814
2865001 0.936242
2870001 0.88605
2875001 0.836619
2880001 0.826649
2885001 1.80377
2890001 0.872905
2895001 0.765438
2900001 0.636966
2905001 0.639639
2910001 0.581627
2915001 0.995591
2920001 0.921139
2925001 0.861607
2930001 1.59755
2935001 0.798573
2940001 1.0881
2945001 0.868562
2950001 0.71963
2955001 0.644707
2960001 0.620221
2965001 2.87858
2970001 0.952164
2975001 0.907175
2980001 0.853657
2985001 0.96683
2990001 0.798104
2995001 0.981039
