1 2182.83
10001 104.473
20001 53.3167
30001 33.3342
40001 23.4025
50001 18.0305
60001 14.831
70001 12.8173
80001 11.4946
90001 10.5445
100001 9.88447
110001 9.37648
120001 9.0069
130001 8.698
140001 8.43572
150001 8.22294
160001 8.04091
170001 7.86933
180001 7.72619
190001 7.60496
200001 7.48847
210001 7.39214
220001 7.29357
230001 7.20242
240001 7.11493
250001 7.04999
260001 6.97247
270001 6.907
280001 6.83929
290001 6.77906
300001 6.72641
310001 6.66692
320001 6.61892
330001 6.56957
340001 6.52002
350001 6.48434
360001 6.43902
370001 6.39292
380001 6.35414
390001 6.32195
400001 6.28676
410001 6.24353
420001 6.21361
430001 6.17303
440001 6.14803
450001 6.11651
460001 6.08568
470001 6.05593
480001 6.02427
490001 5.99361
500001 5.96745
510001 5.94654
520001 5.92271
530001 5.90498
540001 5.88786
550001 5.85395
560001 5.83557
570001 5.80663
580001 5.78418
590001 5.77946
600001 5.76132
610001 5.72998
620001 5.71081
630001 5.69334
640001 5.6807
650001 5.65116
660001 5.63822
670001 5.62096
680001 5.60124
690001 5.58477
700001 5.57937
710001 5.55708
720001 5.54262
730001 5.5236
740001 5.51566
750001 5.4976
760001 5.49847
770001 5.47482
780001 5.46361
790001 5.44791
800001 5.44332
810001 5.42578
820001 5.41964
830001 5.39785
840001 5.39381
850001 5.39416
860001 5.37772
870001 5.36097
880001 5.34322
890001 5.33494
900001 5.32363
910001 5.322
920001 5.30304
930001 5.29815
940001 5.28848
950001 5.27883
960001 5.26504
970001 5.25328
980001 5.24816
990001 5.24168
1000001 5.24533
1010001 5.22288
1020001 5.21553
1030001 5.20474
1040001 5.19589
1050001 5.19722
1060001 5.19293
1070001 5.17469
1080001 5.16526
1090001 5.1628
1100001 5.16124
1110001 5.14977
1120001 5.138
1130001 5.1321
1140001 5.12187
1150001 5.11592
1160001 5.10935
1170001 5.11088
1180001 5.10003
1190001 5.08847
1200001 5.087
1210001 5.07717
1220001 5.06724
1230001 5.06197
1240001 5.05954
1250001 5.05369
1260001 5.05061
1270001 5.03933
1280001 5.03109
1290001 5.03257
1300001 5.02239
1310001 5.01591
1320001 5.01904
1330001 5.01041
1340001 5.00305
1350001 4.99046
1360001 4.99022
1370001 4.98357
1380001 4.98036
1390001 4.97959
1400001 4.97102
1410001 4.97107
1420001 4.97149
1430001 4.95728
1440001 4.94907
1450001 4.94676
1460001 4.9506
1470001 4.93944
1480001 4.92978
1490001 4.94428
1500001 4.93015
1510001 4.92333
1520001 4.91473
1530001 4.91795
1540001 4.9111
1550001 4.90793
1560001 4.89815
1570001 4.89
1580001 4.89102
1590001 4.88696
1600001 4.88182
1610001 4.881
1620001 4.87259
1630001 4.87365
1640001 4.86553
1650001 4.86057
1660001 4.8538
1670001 4.85105
1680001 4.85215
1690001 4.84572
1700001 4.84595
1710001 4.83987
1720001 4.83957
1730001 4.83531
1740001 4.82487
1750001 4.82544
1760001 4.81982
1770001 4.81855
1780001 4.81663
1790001 4.81323
1800001 4.80638
1810001 4.80499
1820001 4.8034
1830001 4.80015
1840001 4.7887
1850001 4.78582
1860001 4.78233
1870001 4.78423
1880001 4.77783
1890001 4.77189
1900001 4.77808
1910001 4.77759
1920001 4.77906
1930001 4.76782
1940001 4.77076
1950001 4.76634
1960001 4.76137
1970001 4.76159
1980001 4.74941
1990001 4.74941
2000001 4.74482
2010001 4.74485
2020001 4.74632
2030001 4.74042
2040001 4.72969
2050001 4.73341
2060001 4.73585
2070001 4.72929
2080001 4.73091
2090001 4.7191
2100001 4.72869
2110001 4.73216
2120001 4.71947
2130001 4.70708
2140001 4.71154
2150001 4.7077
2160001 4.70905
2170001 4.70706
2180001 4.71034
2190001 4.7029
2200001 4.7015
2210001 4.69917
2220001 4.68565
2230001 4.68891
2240001 4.68909
2250001 4.69101
2260001 4.68898
2270001 4.6838
2280001 4.68193
2290001 4.68056
2300001 4.67275
2310001 4.67503
2320001 4.67723
2330001 4.67136
2340001 4.66726
2350001 4.67188
2360001 4.66527
2370001 4.65631
2380001 4.65844
2390001 4.64932
2400001 4.65815
2410001 4.64924
2420001 4.6413
2430001 4.6484
2440001 4.64629
2450001 4.6397
2460001 4.64121
2470001 4.64092
2480001 4.64221
2490001 4.63746
2500001 4.62681
2510001 4.62482
2520001 4.62609
2530001 4.62472
2540001 4.62101
2550001 4.61276
2560001 4.62323
2570001 4.61486
2580001 4.62134
2590001 4.60753
2600001 4.6094
2610001 4.60406
2620001 4.61808
2630001 4.60824
2640001 4.60158
2650001 4.60543
2660001 4.60024
2670001 4.59873
2680001 4.5978
2690001 4.58863
2700001 4.5905
2710001 4.59925
2720001 4.58908
2730001 4.58839
2740001 4.58664
2750001 4.59385
2760001 4.58229
2770001 4.57829
2780001 4.58321
2790001 4.57915
2800001 4.57125
2810001 4.57886
2820001 4.57611
2830001 4.58054
2840001 4.56794
2850001 4.57286
2860001 4.57618
2870001 4.56642
2880001 4.56754
2890001 4.55723
2900001 4.565
2910001 4.57364
2920001 4.55993
2930001 4.56582
2940001 4.56195
2950001 4.55574
2960001 4.55322
2970001 4.54752
2980001 4.54584
2990001 4.54752
3000001 4.54895
3010001 4.55799
3020001 4.55907
3030001 4.55395
3040001 4.54752
3050001 4.54676
3060001 4.54175
3070001 4.54454
3080001 4.54768
3090001 4.54634
3100001 4.54139
3110001 4.53409
3120001 4.53455
3130001 4.53091
3140001 4.53071
3150001 4.53343
3160001 4.52681
3170001 4.52849
3180001 4.52958
3190001 4.52798
3200001 4.52516
3210001 4.51662
3220001 4.50755
3230001 4.51322
3240001 4.52236
3250001 4.50863
3260001 4.50912
3270001 4.50996
3280001 4.51308
3290001 4.5145
3300001 4.51206
3310001 4.51027
3320001 4.4947
3330001 4.49348
3340001 4.50562
3350001 4.50063
3360001 4.50608
3370001 4.50781
3380001 4.50064
3390001 4.49126
3400001 4.48952
3410001 4.48864
3420001 4.49886
3430001 4.49099
3440001 4.48753
3450001 4.48665
3460001 4.48816
3470001 4.49642
3480001 4.49444
3490001 4.48972
3500001 4.49556
3510001 4.48839
3520001 4.48468
3530001 4.48569
3540001 4.48333
3550001 4.47226
3560001 4.47773
3570001 4.48431
3580001 4.47856
3590001 4.46597
3600001 4.47114
3610001 4.47573
3620001 4.46744
3630001 4.46845
3640001 4.45818
3650001 4.46617
3660001 4.46834
3670001 4.4687
3680001 4.46575
3690001 4.4609
3700001 4.46198
3710001 4.46118
3720001 4.45737
3730001 4.45934
3740001 4.45392
3750001 4.46064
3760001 4.45296
3770001 4.44653
3780001 4.4544
3790001 4.45105
3800001 4.45507
3810001 4.44351
3820001 4.4373
3830001 4.44675
3840001 4.4392
3850001 4.44846
3860001 4.4447
3870001 4.44387
3880001 4.44242
3890001 4.43842
3900001 4.44706
3910001 4.43422
3920001 4.43635
3930001 4.42968
3940001 4.43133
3950001 4.43779
3960001 4.43888
3970001 4.43468
3980001 4.43537
3990001 4.42836
4000001 4.42491
4010001 4.42647
4020001 4.43067
4030001 4.4321
4040001 4.42511
4050001 4.42677
4060001 4.43279
4070001 4.42922
4080001 4.42567
4090001 4.4217
4100001 4.41908
4110001 4.41571
4120001 4.41585
4130001 4.41527
4140001 4.4125
4150001 4.41523
4160001 4.42365
4170001 4.42248
4180001 4.41389
4190001 4.41182
4200001 4.41459
4210001 4.40996
4220001 4.40858
4230001 4.40672
4240001 4.41491
4250001 4.40518
4260001 4.40941
4270001 4.41433
4280001 4.40678
4290001 4.41323
4300001 4.39592
4310001 4.40513
4320001 4.40123
4330001 4.40864
4340001 4.40242
4350001 4.39856
4360001 4.39259
4370001 4.39609
4380001 4.42615
4390001 4.40957
4400001 4.405
4410001 4.3868
4420001 4.39293
4430001 4.3936
4440001 4.391
4450001 4.39355
4460001 4.38845
4470001 4.39415
4480001 4.38995
4490001 4.38655
4500001 4.38117
4510001 4.38495
4520001 4.68891
4530001 4.44785
4540001 4.41327
4550001 4.40957
4560001 4.40235
4570001 4.40048
4580001 4.39773
4590001 4.38947
4600001 4.38705
4610001 4.38166
4620001 4.38323
4630001 4.37773
4640001 4.40096
4650001 4.39016
4660001 4.3752
4670001 4.37238
4680001 4.36935
4690001 4.36374
4700001 4.37163
4710001 4.36472
4720001 4.36124
4730001 4.37138
4740001 4.36708
4750001 4.36383
4760001 4.3712
4770001 4.3696
4780001 4.37262
4790001 4.36079
4800001 4.36844
4810001 4.35993
4820001 4.35906
4830001 4.36412
4840001 4.36527
4850001 4.36279
4860001 4.36747
4870001 4.35129
4880001 4.35102
4890001 4.35288
4900001 4.35766
4910001 4.35384
4920001 4.35005
4930001 4.35074
4940001 4.35661
4950001 4.35439
4960001 4.34807
4970001 4.3545
4980001 4.34571
4990001 4.35259
5000001 4.35114
5010001 4.34701
5020001 4.33738
5030001 4.34912
5040001 4.34011
5050001 4.34861
5060001 4.35515
5070001 4.34631
5080001 4.33913
5090001 4.34168
5100001 4.34303
5110001 4.34038
5120001 4.34386
5130001 4.33496
5140001 4.34742
5150001 4.34104
5160001 4.33105
5170001 4.33501
5180001 4.34128
5190001 4.33652
5200001 4.32637
5210001 4.3306
5220001 4.33378
5230001 4.33211
5240001 4.32953
5250001 4.33076
5260001 4.32994
5270001 4.3265
5280001 4.33648
5290001 4.33793
5300001 4.3303
5310001 4.33793
5320001 4.32836
5330001 4.3258
5340001 4.33522
5350001 4.32908
5360001 4.32517
5370001 4.32983
5380001 4.32092
5390001 4.32221
5400001 4.3247
5410001 4.33045
5420001 4.32033
5430001 4.32109
5440001 4.32599
5450001 4.32422
5460001 4.32097
5470001 4.32028
5480001 4.3201
5490001 4.31524
5500001 4.31748
5510001 4.31474
5520001 4.31614
5530001 4.31464
5540001 4.31821
5550001 4.32155
5560001 4.31979
5570001 4.3132
5580001 4.31402
5590001 4.31454
5600001 4.31179
5610001 4.30896
5620001 4.30645
5630001 4.3137
5640001 4.31047
5650001 4.30703
5660001 4.30825
5670001 4.30263
5680001 4.31135
5690001 4.30537
5700001 4.30226
5710001 4.30233
5720001 4.30797
5730001 4.30875
5740001 4.30599
5750001 4.2987
5760001 4.30073
5770001 4.2953
5780001 4.30138
5790001 4.30206
5800001 4.30421
5810001 4.29936
5820001 4.30008
5830001 4.29262
5840001 4.3009
5850001 4.30561
5860001 4.29312
5870001 4.29282
5880001 4.29268
5890001 4.29636
5900001 4.3013
5910001 4.30278
5920001 4.29275
5930001 4.2974
5940001 4.29911
5950001 4.29812
5960001 4.28295
5970001 4.29137
5980001 4.29446
5990001 4.28446
6000001 4.28782
6010001 4.28856
6020001 4.29162
6030001 4.28851
6040001 4.28525
6050001 4.2842
6060001 4.27594
6070001 4.27891
6080001 4.27879
6090001 4.2771
6100001 4.27946
6110001 4.27958
6120001 4.27835
6130001 4.27328
6140001 4.27246
6150001 4.27813
6160001 4.27412
6170001 4.27742
6180001 4.28685
6190001 4.28871
6200001 4.28964
6210001 4.28302
6220001 4.29462
6230001 4.27402
6240001 4.27336
6250001 4.27872
6260001 4.27121
6270001 4.26932
6280001 4.27024
6290001 4.27089
6300001 4.27987
6310001 4.26396
6320001 4.27669
6330001 4.27812
6340001 4.2704
6350001 4.27864
6360001 4.26912
6370001 4.27369
6380001 4.26828
6390001 4.2727
6400001 4.26385
6410001 4.26425
6420001 4.25761
6430001 4.27453
6440001 4.27126
6450001 4.27298
6460001 4.27059
6470001 4.26884
6480001 4.2638
6490001 4.2644
6500001 4.2705
6510001 4.26502
6520001 4.25877
6530001 4.2595
6540001 4.26143
6550001 4.26679
6560001 4.25894
6570001 4.25793
6580001 4.26103
6590001 4.26619
6600001 4.26017
6610001 4.26205
6620001 4.25879
6630001 4.2574
6640001 4.24793
6650001 4.25001
6660001 4.25523
6670001 4.25427
6680001 4.26599
6690001 4.25301
6700001 4.25102
6710001 4.25342
6720001 4.26917
6730001 4.25715
6740001 4.2435
6750001 4.24661
6760001 4.25172
6770001 4.25834
6780001 4.2591
6790001 4.25665
6800001 4.24777
6810001 4.24919
6820001 4.25477
6830001 4.2471
6840001 4.25002
6850001 4.23708
6860001 4.24665
6870001 4.24687
6880001 4.23976
6890001 4.24553
6900001 4.24142
6910001 4.23676
6920001 4.24061
6930001 4.23868
6940001 4.24272
6950001 4.24468
6960001 4.24459
6970001 4.24054
6980001 4.24121
6990001 4.24805
7000001 4.2408
7010001 4.24069
7020001 4.23126
7030001 4.24331
7040001 4.23974
7050001 4.23652
7060001 4.24043
7070001 4.23522
7080001 4.24671
7090001 4.23559
7100001 4.2334
7110001 4.23756
7120001 4.23569
7130001 4.26116
7140001 4.23638
7150001 4.23728
7160001 4.22833
7170001 4.23951
7180001 4.2396
7190001 4.23899
7200001 4.23789
7210001 4.23478
7220001 4.23416
7230001 4.23374
7240001 4.23515
7250001 4.23668
7260001 4.23049
7270001 4.22685
7280001 4.22715
7290001 4.24132
7300001 4.23211
7310001 4.23072
7320001 4.23141
7330001 4.23573
7340001 4.2363
7350001 4.22594
7360001 4.23719
7370001 4.23029
7380001 4.22855
7390001 4.21442
7400001 4.21931
7410001 4.2285
7420001 4.22857
7430001 4.22163
7440001 4.22057
7450001 4.22623
7460001 4.22944
7470001 4.21924
7480001 4.21902
7490001 4.21998
7500001 4.21736
7510001 4.21415
7520001 4.21967
7530001 4.21462
7540001 4.22455
7550001 4.22548
7560001 4.22473
7570001 4.21035
7580001 4.21804
7590001 4.21334
7600001 4.22228
7610001 4.22087
7620001 4.21524
7630001 4.21202
7640001 4.2151
7650001 4.21615
7660001 4.21197
7670001 4.2288
7680001 4.20136
7690001 4.21505
7700001 4.21071
7710001 4.21405
7720001 4.21393
7730001 4.21022
7740001 4.21469
7750001 4.20874
7760001 4.20432
7770001 4.21202
7780001 4.21323
7790001 4.20977
7800001 4.21135
7810001 4.21114
7820001 4.20855
7830001 4.21201
7840001 4.21366
7850001 4.20552
7860001 4.20667
7870001 4.2102
7880001 4.20626
7890001 4.2032
7900001 4.20478
7910001 4.20448
7920001 4.19668
7930001 4.21244
7940001 4.20627
7950001 4.20655
7960001 4.20897
7970001 4.21354
7980001 4.20381
7990001 4.20617
8000001 4.20872
8010001 4.20298
8020001 4.20108
8030001 4.19813
8040001 4.20954
8050001 4.20723
8060001 4.20761
8070001 4.20507
8080001 4.1935
8090001 4.19123
8100001 4.19923
8110001 4.19852
8120001 4.2001
8130001 4.19873
8140001 4.19398
8150001 4.19497
8160001 4.20001
8170001 4.19048
8180001 4.19233
8190001 4.19858
8200001 4.20147
8210001 4.19298
8220001 4.19604
8230001 4.19568
8240001 4.18482
8250001 4.19042
8260001 4.19034
8270001 4.18635
8280001 4.18298
8290001 4.19456
8300001 4.18723
8310001 4.19848
8320001 4.19027
8330001 4.1983
8340001 4.18591
8350001 4.19358
8360001 4.19574
8370001 4.18908
8380001 4.18798
8390001 4.19003
8400001 4.1889
8410001 4.18524
8420001 4.18727
8430001 4.18468
8440001 4.19319
8450001 4.18531
8460001 4.19009
8470001 4.18771
8480001 4.19199
8490001 4.18311
8500001 4.19094
8510001 4.18526
8520001 4.18477
8530001 4.18872
8540001 4.18598
8550001 4.18938
8560001 4.19027
8570001 4.17966
8580001 4.17669
8590001 4.17839
8600001 4.18101
8610001 4.1825
8620001 4.17937
8630001 4.18475
8640001 4.17617
8650001 4.18226
8660001 4.17541
8670001 4.18452
8680001 4.18101
8690001 4.19089
8700001 4.18779
8710001 4.17671
8720001 4.17027
8730001 4.1939
8740001 4.17739
8750001 4.1751
8760001 4.174
8770001 4.17115
8780001 4.18032
8790001 4.17309
8800001 4.17211
8810001 4.16683
8820001 4.17185
8830001 4.1759
8840001 4.18088
8850001 4.18869
8860001 4.17631
8870001 4.1661
8880001 4.16737
8890001 4.17094
8900001 4.1686
8910001 4.17183
8920001 4.17883
8930001 4.17547
8940001 4.17081
8950001 4.17699
8960001 4.17002
8970001 4.16357
8980001 4.16875
8990001 4.1676
9000001 4.16307
9010001 4.15917
9020001 4.16213
9030001 4.17005
9040001 4.16345
9050001 4.17
9060001 4.17221
9070001 4.16382
9080001 4.16262
9090001 4.17086
9100001 4.16397
9110001 4.16793
9120001 4.16865
9130001 4.16913
9140001 4.16517
9150001 4.17147
9160001 4.1648
9170001 4.1569
9180001 4.16304
9190001 4.16339
9200001 4.16892
9210001 4.16734
9220001 4.17129
9230001 4.16376
9240001 4.16589
9250001 4.16555
9260001 4.15753
9270001 4.16226
9280001 4.15866
9290001 4.16484
9300001 4.15366
9310001 4.1533
9320001 4.16268
9330001 4.16414
9340001 4.16268
9350001 4.16318
9360001 4.16626
9370001 4.16177
9380001 4.16189
9390001 4.16611
9400001 4.16051
9410001 4.16439
9420001 4.16597
9430001 4.16316
9440001 4.15985
9450001 4.1661
9460001 4.15772
9470001 4.15345
9480001 4.15878
9490001 4.15629
9500001 4.15416
9510001 4.15332
9520001 4.1513
9530001 4.15336
9540001 4.15848
9550001 4.15509
9560001 4.15926
9570001 4.15676
9580001 4.15703
9590001 4.15238
9600001 4.14906
9610001 4.15311
9620001 4.14777
9630001 4.14939
9640001 4.14825
9650001 4.1421
9660001 4.14528
9670001 4.15079
9680001 4.15365
9690001 4.15443
9700001 4.1568
9710001 4.16297
9720001 4.15758
9730001 4.15497
9740001 4.1542
9750001 4.15095
9760001 4.15663
9770001 4.14197
9780001 4.1445
9790001 4.14702
9800001 4.14981
9810001 4.15451
9820001 4.13839
9830001 4.14827
9840001 4.14712
9850001 4.13651
9860001 4.14215
9870001 4.14453
9880001 4.15622
9890001 4.16771
9900001 4.15293
9910001 4.14481
9920001 4.14312
9930001 4.14092
9940001 4.13782
9950001 4.13824
9960001 4.13096
9970001 4.13367
9980001 4.13781
9990001 4.14405
10000001 4.13485
10010001 4.14282
10020001 4.13777
10030001 4.14218
10040001 4.13406
10050001 4.14053
10060001 4.14069
10070001 4.13542
10080001 4.13832
10090001 4.1404
10100001 4.13855
10110001 4.13439
10120001 4.14444
10130001 4.13474
10140001 4.13252
10150001 4.1408
10160001 4.13049
10170001 4.13898
10180001 4.13558
10190001 4.12937
10200001 4.13956
10210001 4.14274
10220001 4.14135
10230001 4.12529
10240001 4.13198
10250001 4.14173
10260001 4.14086
10270001 4.13221
10280001 4.13284
10290001 4.13942
10300001 4.13307
10310001 4.13494
10320001 4.13534
10330001 4.13191
10340001 4.13488
10350001 4.13848
10360001 4.13
10370001 4.13276
10380001 4.13692
10390001 4.12761
10400001 4.13579
10410001 4.13421
10420001 4.13772
10430001 4.13394
10440001 4.13344
10450001 4.13469
10460001 4.13099
10470001 4.1403
10480001 4.13374
10490001 4.13642
10500001 4.12652
10510001 4.12585
10520001 4.1221
10530001 4.12104
10540001 4.12904
10550001 4.13376
10560001 4.12519
10570001 4.13278
10580001 4.11555
10590001 4.12473
10600001 4.1339
10610001 4.12807
10620001 4.12693
10630001 4.12205
10640001 4.11748
10650001 4.12741
10660001 4.13295
10670001 4.13279
10680001 4.13383
10690001 4.12354
10700001 4.11966
10710001 4.1216
10720001 4.12716
10730001 4.12287
10740001 4.12564
10750001 4.1176
10760001 4.12004
10770001 4.12154
10780001 4.12531
10790001 4.13338
10800001 4.11879
10810001 4.12826
10820001 4.12385
10830001 4.12341
10840001 4.11638
10850001 4.12677
10860001 4.12468
10870001 4.12103
10880001 4.11999
10890001 4.11816
10900001 4.12474
10910001 4.12346
10920001 4.11892
10930001 4.12538
10940001 4.11968
10950001 4.11702
10960001 4.11885
10970001 4.1113
10980001 4.1269
10990001 4.11324
11000001 4.11694
11010001 4.11543
11020001 4.11941
11030001 4.12172
11040001 4.12361
11050001 4.1136
11060001 4.1112
11070001 4.11574
11080001 4.11826
11090001 4.11344
11100001 4.11315
11110001 4.11244
11120001 4.11331
11130001 4.11247
11140001 4.11619
11150001 4.11494
11160001 4.10903
11170001 4.10767
11180001 4.11398
11190001 4.1058
11200001 4.11726
11210001 4.10101
11220001 4.11016
11230001 4.12117
11240001 4.12188
11250001 4.11413
11260001 4.12044
11270001 4.10972
11280001 4.1133
11290001 4.11214
11300001 4.10359
11310001 4.10237
11320001 4.10887
11330001 4.11126
11340001 4.11296
11350001 4.11134
11360001 4.11182
11370001 4.11296
11380001 4.11624
11390001 4.10782
11400001 4.10814
11410001 4.10993
11420001 4.10971
11430001 4.11374
11440001 4.10036
11450001 4.1101
11460001 4.11041
11470001 4.12024
11480001 4.11432
11490001 4.10093
11500001 4.10716
11510001 4.10219
11520001 4.10549
11530001 4.10511
11540001 4.11064
11550001 4.10821
11560001 4.09702
11570001 4.10354
11580001 4.10901
11590001 4.10289
11600001 4.09533
11610001 4.09938
11620001 4.10536
11630001 4.09858
11640001 4.10193
11650001 4.10962
11660001 4.10354
11670001 4.10947
11680001 4.10097
11690001 4.10788
11700001 4.10265
11710001 4.10069
11720001 4.09963
11730001 4.10175
11740001 4.10563
11750001 4.10984
11760001 4.10748
11770001 4.09834
11780001 4.10568
11790001 4.09478
11800001 4.09411
11810001 4.10546
11820001 4.1066
11830001 4.10517
11840001 4.10023
11850001 4.10362
11860001 4.10674
11870001 4.09381
11880001 4.09728
11890001 4.09316
11900001 4.09361
11910001 4.10011
11920001 4.10339
11930001 4.09484
11940001 4.08722
11950001 4.09624
11960001 4.09236
11970001 4.09593
11980001 4.09709
11990001 4.1031
12000001 4.09524
12010001 4.10226
12020001 4.10575
12030001 4.09614
12040001 4.09701
12050001 4.08833
12060001 4.09548
12070001 4.10993
12080001 4.08932
12090001 4.08953
12100001 4.09718
12110001 4.0975
12120001 4.09284
12130001 4.10805
12140001 4.10253
12150001 4.10256
12160001 4.10856
12170001 4.09763
12180001 4.0944
12190001 4.09343
12200001 4.08935
12210001 4.10284
12220001 4.09585
12230001 4.08876
12240001 4.09664
12250001 4.09599
12260001 4.09133
12270001 4.08824
12280001 4.08024
12290001 4.09003
12300001 4.08744
12310001 4.09452
12320001 4.09647
12330001 4.09692
12340001 4.08748
12350001 4.09419
12360001 4.09579
12370001 4.09457
12380001 4.09158
12390001 4.0873
12400001 4.08934
12410001 4.08974
12420001 4.08843
12430001 4.08092
12440001 4.07852
12450001 4.07472
12460001 4.08893
12470001 4.09074
12480001 4.0836
12490001 4.08623
12500001 4.08411
12510001 4.09487
12520001 4.0897
12530001 4.08651
12540001 4.09005
12550001 4.08671
12560001 4.08611
12570001 4.08956
12580001 4.08464
12590001 4.08431
12600001 4.08323
12610001 4.08391
12620001 4.08785
12630001 4.09445
12640001 4.0839
12650001 4.08648
12660001 4.08705
12670001 4.31878
12680001 4.18526
12690001 4.10929
12700001 4.10119
12710001 4.09279
12720001 4.08411
12730001 4.08222
12740001 4.08335
12750001 4.11825
12760001 4.08441
12770001 4.08529
12780001 4.08854
12790001 4.08932
12800001 4.08276
12810001 4.07248
12820001 4.08172
12830001 4.07764
12840001 4.07358
12850001 4.07891
12860001 4.07331
12870001 4.07681
12880001 4.08416
12890001 4.08948
12900001 4.07753
12910001 4.07383
12920001 4.08107
12930001 4.07131
12940001 4.07571
12950001 4.08144
12960001 4.07957
12970001 4.06861
12980001 4.07284
12990001 4.08143
13000001 4.07509
13010001 4.07079
13020001 4.0806
13030001 4.07608
13040001 4.08044
13050001 4.07069
13060001 4.0781
13070001 4.07207
13080001 4.08402
13090001 4.0783
13100001 4.06924
13110001 4.07162
13120001 4.07642
13130001 4.07605
13140001 4.07583
13150001 4.0771
13160001 4.06936
13170001 4.06985
13180001 4.07316
13190001 4.07777
13200001 4.07726
13210001 4.08268
13220001 4.07478
13230001 4.08096
13240001 4.06987
13250001 4.08393
13260001 4.07805
13270001 4.07587
13280001 4.06465
13290001 4.06893
13300001 4.06282
13310001 4.07971
13320001 4.07134
13330001 4.07224
13340001 4.06872
13350001 4.0767
13360001 4.07872
13370001 4.07534
13380001 4.07642
13390001 4.06904
13400001 4.068
13410001 4.0733
13420001 4.07367
13430001 4.07007
13440001 4.06678
13450001 4.07589
13460001 4.07751
13470001 4.07367
13480001 4.0756
13490001 4.06872
13500001 4.06764
13510001 4.07054
13520001 4.06758
13530001 4.07309
13540001 4.06565
13550001 4.0772
13560001 4.06343
13570001 4.06316
13580001 4.06612
13590001 4.0656
13600001 4.06819
13610001 4.0665
13620001 4.06565
13630001 4.05825
13640001 4.06794
13650001 4.07017
13660001 4.07136
13670001 4.06753
13680001 4.06817
13690001 4.06208
13700001 4.06784
13710001 4.06848
13720001 4.06617
13730001 4.06597
13740001 4.06036
13750001 4.06254
13760001 4.06519
13770001 4.0624
13780001 4.05962
13790001 4.07138
13800001 4.05325
13810001 4.06594
13820001 4.06671
13830001 4.06498
13840001 4.06245
13850001 4.06038
13860001 4.07713
13870001 4.06752
13880001 4.07051
13890001 4.07444
13900001 4.05844
13910001 4.064
13920001 4.06063
13930001 4.08396
13940001 4.06126
13950001 4.06191
13960001 4.06077
13970001 4.05831
13980001 4.05545
13990001 4.06985
14000001 4.06205
14010001 4.05232
14020001 4.05353
14030001 4.04936
14040001 4.05827
14050001 4.06316
14060001 4.05664
14070001 4.05821
14080001 4.06103
14090001 4.06285
14100001 4.05888
14110001 4.06192
14120001 4.06263
14130001 4.06447
14140001 4.05855
14150001 4.05239
14160001 4.05269
14170001 4.05672
14180001 4.05886
14190001 4.05316
14200001 4.05984
14210001 4.05348
14220001 4.05809
14230001 4.05339
14240001 4.06017
14250001 4.05558
14260001 4.05782
14270001 4.05963
14280001 4.05218
14290001 4.05984
14300001 4.04944
14310001 4.06406
14320001 4.05883
14330001 4.05529
14340001 4.05884
14350001 4.05904
14360001 4.05284
14370001 4.05579
14380001 4.05327
14390001 4.05493
14400001 4.05457
14410001 4.05308
14420001 4.05779
14430001 4.05849
14440001 4.05886
14450001 4.05147
14460001 4.062
14470001 4.06063
14480001 4.05016
14490001 4.0553
14500001 4.04042
14510001 4.05417
14520001 4.05011
14530001 4.04887
14540001 4.05048
14550001 4.04913
14560001 4.05519
14570001 4.04576
14580001 4.04916
14590001 4.04873
14600001 4.04839
14610001 4.05259
14620001 4.04947
14630001 4.0436
14640001 4.04278
14650001 4.04718
14660001 4.0541
14670001 4.05539
14680001 4.06299
14690001 4.05208
14700001 4.05822
14710001 4.03819
14720001 4.04709
14730001 4.04366
14740001 4.04366
14750001 4.04871
14760001 4.03898
14770001 4.04643
14780001 4.03676
14790001 4.04658
14800001 4.04861
14810001 4.03868
14820001 4.04779
14830001 4.04921
14840001 4.04849
14850001 4.05479
14860001 4.04532
14870001 4.04891
14880001 4.04618
14890001 4.04646
14900001 4.04517
14910001 4.04413
14920001 4.0442
14930001 4.04108
14940001 4.04914
14950001 4.04392
14960001 4.04039
14970001 4.04037
14980001 4.04385
14990001 4.04744
15000001 4.04776
15010001 4.03684
15020001 4.0521
15030001 4.04931
15040001 4.05447
15050001 4.05174
15060001 4.05048
15070001 4.04537
15080001 4.03951
15090001 4.04447
15100001 4.04957
15110001 4.04723
15120001 4.04628
15130001 4.03867
15140001 4.05255
15150001 4.05084
15160001 4.04304
15170001 4.04724
15180001 4.03878
15190001 4.03878
15200001 4.03757
15210001 4.03974
15220001 4.04697
15230001 4.05011
15240001 4.04401
15250001 4.03959
15260001 4.0465
15270001 4.03759
15280001 4.03896
15290001 4.0419
15300001 4.03811
15310001 4.04099
15320001 4.04245
15330001 4.04656
15340001 4.03401
15350001 4.03484
15360001 4.04234
15370001 4.03474
15380001 4.03014
15390001 4.03486
15400001 4.03521
15410001 4.03999
15420001 4.0425
15430001 4.04229
15440001 4.03153
15450001 4.03751
15460001 4.04624
15470001 4.03378
15480001 4.03928
15490001 4.04422
15500001 4.04028
15510001 4.04289
15520001 4.03345
15530001 4.0375
15540001 4.03382
15550001 4.04265
15560001 4.02878
15570001 4.04047
15580001 4.0369
15590001 4.04219
15600001 4.03352
15610001 4.03944
15620001 4.04564
15630001 4.03049
15640001 4.02991
15650001 4.04174
15660001 4.03991
15670001 4.0342
15680001 4.03301
15690001 4.03165
15700001 4.03687
15710001 4.09449
15720001 4.05249
15730001 4.03616
15740001 4.04335
15750001 4.03803
15760001 4.04328
15770001 4.04813
15780001 4.03879
15790001 4.03603
15800001 4.03443
15810001 4.03084
15820001 4.03399
15830001 4.03423
15840001 4.04062
15850001 4.02459
15860001 4.03194
15870001 4.04008
15880001 4.03617
15890001 4.03359
15900001 4.03503
15910001 4.03759
15920001 4.04135
15930001 4.03078
15940001 4.03829
15950001 4.03841
15960001 4.03128
15970001 4.03507
15980001 4.03765
15990001 4.02871
16000001 4.02519
16010001 4.0284
16020001 4.03235
16030001 4.03459
16040001 4.0266
16050001 4.02696
16060001 4.03149
16070001 4.02735
16080001 4.032
16090001 4.02781
16100001 4.03738
16110001 4.04104
16120001 4.03602
16130001 4.04063
16140001 4.02081
16150001 4.03132
16160001 4.03338
16170001 4.02704
16180001 4.02798
16190001 4.03802
16200001 4.03288
16210001 4.04273
16220001 4.02274
16230001 4.01739
16240001 4.03226
16250001 4.02711
16260001 4.03124
16270001 4.03049
16280001 4.02322
16290001 4.03253
16300001 4.01474
16310001 4.02175
16320001 4.01275
16330001 4.03101
16340001 4.02042
16350001 4.0331
16360001 4.02172
16370001 4.02155
16380001 4.0242
16390001 4.03141
16400001 4.02856
16410001 4.01554
16420001 4.01737
16430001 4.02296
16440001 4.0097
16450001 4.02039
16460001 4.02661
16470001 4.03138
16480001 4.02649
16490001 4.03172
16500001 4.02449
16510001 4.02594
16520001 4.02698
16530001 4.01801
16540001 4.02083
16550001 4.02165
16560001 4.02212
16570001 4.04063
16580001 4.02331
16590001 4.02341
16600001 4.02585
16610001 4.02336
16620001 4.02015
16630001 4.01647
16640001 4.02276
16650001 4.01921
16660001 4.01885
16670001 4.02541
16680001 4.02597
16690001 4.01705
16700001 4.02198
16710001 4.0327
16720001 4.03387
16730001 4.03226
16740001 4.02383
16750001 4.02076
16760001 4.02475
16770001 4.0251
16780001 4.02556
16790001 4.0259
16800001 4.01508
16810001 4.02615
16820001 4.01872
16830001 4.0143
16840001 4.01246
16850001 4.01967
16860001 4.0169
16870001 4.01327
16880001 4.01634
16890001 4.01637
16900001 4.02295
16910001 4.02068
16920001 4.02604
16930001 4.0215
16940001 4.01287
16950001 4.01136
16960001 4.0207
16970001 4.01599
16980001 4.01026
16990001 4.01383
17000001 4.01567
17010001 4.01914
17020001 4.01858
17030001 4.01899
17040001 4.01558
17050001 4.01809
17060001 4.02197
17070001 4.0168
17080001 4.02067
17090001 4.01885
17100001 4.01879
17110001 4.0235
17120001 4.01418
17130001 4.00907
17140001 4.00825
17150001 4.0181
17160001 4.00546
17170001 4.01635
17180001 4.01663
17190001 4.02232
17200001 4.01389
17210001 4.01232
17220001 4.02272
17230001 4.01023
17240001 4.02021
17250001 4.0065
17260001 4.02314
17270001 4.01087
17280001 4.01545
17290001 4.01655
17300001 4.00474
17310001 4.01647
17320001 4.01732
17330001 4.01697
17340001 4.01246
17350001 4.01104
17360001 4.0143
17370001 4.0169
17380001 4.02095
17390001 4.00881
17400001 4.00648
17410001 4.01232
17420001 4.00809
17430001 4.00927
17440001 4.01237
17450001 4.00671
17460001 4.01065
17470001 4.0137
17480001 4.02903
17490001 4.01904
17500001 4.01422
17510001 4.01126
17520001 4.00731
17530001 4.01045
17540001 4.02208
17550001 4.01616
17560001 4.0133
17570001 4.00922
17580001 4.0075
17590001 4.01329
17600001 4.00943
17610001 4.01069
17620001 4.00668
17630001 4.01183
17640001 4.01478
17650001 4.00296
17660001 4.00958
17670001 4.0115
17680001 4.00906
17690001 4.01314
17700001 4.00721
17710001 4.00489
17720001 4.00666
17730001 4.00316
17740001 4.01043
17750001 4.00438
17760001 4.00717
17770001 4.00785
17780001 4.00262
17790001 4.01579
17800001 4.00357
17810001 4.01442
17820001 4.01444
17830001 4.01375
17840001 4.00493
17850001 3.99791
17860001 4.00064
17870001 4.00104
17880001 4.00992
17890001 4.01319
17900001 4.0093
17910001 3.9999
17920001 4.00214
17930001 4.00114
17940001 4.00864
17950001 4.01308
17960001 4.00392
17970001 4.00315
17980001 3.99555
17990001 4.01445
18000001 4.01429
18010001 4.01277
18020001 4.00502
18030001 4.00363
18040001 4.0064
18050001 3.99978
18060001 4.00205
18070001 4.00135
18080001 3.99967
18090001 4.01617
18100001 4.00485
18110001 4.00484
18120001 4.00339
18130001 4.00894
18140001 4.00102
18150001 4.0058
18160001 4.00881
18170001 4.00579
18180001 4.00274
18190001 3.99869
18200001 4.00444
18210001 4.00891
18220001 4.00462
18230001 4.01023
18240001 4.00333
18250001 4.00395
18260001 3.99574
18270001 4.00396
18280001 3.99261
18290001 3.99722
18300001 3.99355
18310001 4.00492
18320001 3.99873
18330001 4.01453
18340001 4.0043
18350001 3.99332
18360001 4.00106
18370001 4.0033
18380001 3.99964
18390001 4.00772
18400001 4.00704
18410001 4.00388
18420001 3.99593
18430001 3.99877
18440001 4.01027
18450001 3.99914
18460001 4.01221
18470001 4.01352
18480001 4.00499
18490001 4.01463
18500001 4.0093
18510001 4.00037
18520001 3.99921
18530001 4.00438
18540001 4.00723
18550001 4.00054
18560001 4.00022
18570001 4.00112
18580001 3.99467
18590001 3.99909
18600001 3.99621
18610001 3.99839
18620001 4.00638
18630001 4.00949
18640001 4.00063
18650001 3.99891
18660001 4.00613
18670001 3.99855
18680001 3.99632
18690001 3.99637
18700001 3.99814
18710001 4.00009
18720001 4.00298
18730001 4.00352
18740001 3.98725
18750001 3.99516
18760001 3.99211
18770001 3.99096
18780001 3.99492
18790001 4.0056
18800001 3.9941
18810001 3.99819
18820001 3.99451
18830001 3.99231
18840001 4.0053
18850001 3.9929
18860001 4.00613
18870001 3.99355
18880001 4.00209
18890001 3.99526
18900001 4.00153
18910001 4.00521
18920001 3.99013
18930001 3.99652
18940001 3.98461
18950001 3.99484
18960001 3.99393
18970001 3.99622
18980001 3.99351
18990001 3.99851
19000001 3.99058
19010001 3.98447
19020001 3.9928
19030001 3.9949
19040001 3.99198
19050001 3.97914
19060001 3.98938
19070001 3.98938
19080001 3.99029
19090001 3.99283
19100001 3.99663
19110001 3.98468
19120001 3.99126
19130001 4.00234
19140001 3.98443
19150001 3.99027
19160001 3.99655
19170001 3.98899
19180001 3.99289
19190001 3.98764
19200001 3.98987
19210001 3.98769
19220001 3.99456
19230001 3.99506
19240001 3.9841
19250001 3.98911
19260001 3.99361
19270001 3.99456
19280001 3.99305
19290001 3.99103
19300001 3.99848
19310001 3.99307
19320001 3.99617
19330001 3.99778
19340001 3.99799
19350001 4.00001
19360001 3.99325
19370001 3.98519
19380001 3.9979
19390001 3.99676
19400001 3.985
19410001 3.98641
19420001 3.99381
19430001 3.99363
19440001 3.98852
19450001 3.98463
19460001 3.99028
19470001 3.98411
19480001 3.98541
19490001 3.98387
19500001 3.99
19510001 3.98582
19520001 3.98693
19530001 3.98667
19540001 3.98558
19550001 3.98959
19560001 3.9865
19570001 3.99886
19580001 3.98071
19590001 3.98679
19600001 3.97939
19610001 3.98086
19620001 3.99267
19630001 3.99063
19640001 3.99056
19650001 3.98648
19660001 3.97829
19670001 3.97768
19680001 3.98412
19690001 3.98381
19700001 3.97967
19710001 3.98026
19720001 4.00897
19730001 3.99276
19740001 3.99201
19750001 3.99042
19760001 3.98521
19770001 3.99379
19780001 3.98261
19790001 3.9899
19800001 3.98987
19810001 4.0048
19820001 3.99609
19830001 3.98837
19840001 4.00334
19850001 3.99381
19860001 3.98567
19870001 3.98652
19880001 3.98777
19890001 3.98804
19900001 3.99282
19910001 3.99646
19920001 3.9991
19930001 3.99275
19940001 3.98896
19950001 3.98375
19960001 3.98691
19970001 3.98311
19980001 3.9872
19990001 3.98305
20000001 3.98738
20010001 3.98258
20020001 3.99252
20030001 3.98688
20040001 3.99038
20050001 4.33527
20060001 4.08677
20070001 4.05131
20080001 4.00608
20090001 4.00935
20100001 3.98923
20110001 3.99179
20120001 3.99213
20130001 3.99515
20140001 3.9889
20150001 3.98036
20160001 3.9869
20170001 3.97954
20180001 3.97786
20190001 3.99337
20200001 3.98145
20210001 3.9782
20220001 3.98879
20230001 3.98289
20240001 3.98639
20250001 3.98007
20260001 3.98013
20270001 3.983
20280001 3.98552
20290001 3.97712
20300001 3.98747
20310001 3.98353
20320001 3.99328
20330001 3.99066
20340001 3.98304
20350001 3.98052
20360001 3.9812
20370001 3.97674
20380001 3.97376
20390001 3.97492
20400001 3.98634
20410001 3.98346
20420001 3.98983
20430001 3.98777
20440001 3.97781
20450001 3.98176
20460001 3.9842
20470001 4.00888
20480001 3.99245
20490001 3.97751
20500001 3.98743
20510001 3.9857
20520001 3.99225
20530001 3.98411
20540001 3.97384
20550001 3.98519
20560001 3.98855
20570001 3.97884
20580001 3.97642
20590001 3.97439
20600001 3.97985
20610001 3.98369
20620001 3.97482
20630001 3.98029
20640001 3.97744
20650001 3.97921
20660001 3.97914
20670001 3.98368
20680001 3.97233
20690001 3.97527
20700001 3.97491
20710001 3.98717
20720001 3.9818
20730001 3.96706
20740001 3.97478
20750001 3.97483
20760001 3.98228
20770001 3.9764
20780001 3.97156
20790001 3.97357
20800001 3.98196
20810001 3.97453
20820001 3.97346
20830001 3.97988
20840001 3.97638
20850001 3.98188
20860001 3.97594
20870001 3.9904
20880001 3.98096
20890001 3.9965
20900001 3.98292
20910001 3.98465
20920001 3.97984
20930001 3.97578
20940001 3.97935
20950001 3.99045
20960001 3.98447
20970001 3.98171
20980001 3.97918
20990001 3.98507
21000001 3.98831
21010001 3.98074
21020001 3.97599
21030001 3.97895
21040001 3.97709
21050001 3.9741
21060001 3.97346
21070001 3.97865
21080001 3.97951
21090001 3.98527
21100001 3.98301
21110001 3.97646
21120001 3.97085
21130001 3.97684
21140001 3.97974
21150001 3.96839
21160001 3.96628
21170001 3.97838
21180001 3.98256
21190001 3.97334
21200001 3.97028
21210001 3.97387
21220001 3.97482
21230001 3.96395
21240001 3.97204
21250001 3.97338
21260001 3.98288
21270001 3.97625
21280001 3.9731
21290001 3.98188
21300001 3.97892
21310001 3.97293
21320001 3.98083
21330001 3.9714
21340001 3.97613
21350001 3.97801
21360001 3.97945
21370001 3.96436
21380001 3.96708
21390001 3.98713
21400001 3.96733
21410001 3.96419
21420001 3.96827
21430001 3.97874
21440001 3.97131
21450001 3.96709
21460001 3.97969
21470001 3.97522
21480001 3.995
21490001 3.97482
21500001 3.96645
21510001 3.97652
21520001 3.96541
21530001 3.97584
21540001 3.96398
21550001 3.9643
21560001 3.97091
21570001 3.97686
21580001 3.98638
21590001 3.9715
21600001 3.96775
21610001 3.97161
21620001 3.97055
21630001 3.97318
21640001 3.96681
21650001 3.96557
21660001 3.96693
21670001 3.96252
21680001 3.9624
21690001 3.96245
21700001 3.95908
21710001 3.96745
21720001 3.97082
21730001 3.96556
21740001 3.96808
21750001 3.96826
21760001 3.97926
21770001 3.97355
21780001 3.97401
21790001 3.96415
21800001 3.96461
21810001 3.97072
21820001 3.97146
21830001 3.96813
21840001 3.97099
21850001 3.96389
21860001 3.96692
21870001 3.9665
21880001 3.96556
21890001 3.96491
21900001 3.95428
21910001 3.96151
21920001 3.95775
21930001 3.97348
21940001 3.97252
21950001 3.96859
21960001 3.96062
21970001 3.96098
21980001 3.96143
21990001 3.97445
22000001 3.96225
22010001 3.96704
22020001 3.9693
22030001 3.95822
22040001 3.9617
22050001 3.96552
22060001 3.96773
22070001 3.96645
22080001 3.96075
22090001 3.96496
22100001 3.94957
22110001 3.96073
22120001 3.96476
22130001 3.96563
22140001 3.95906
22150001 3.96007
22160001 3.95944
22170001 3.96322
22180001 3.97139
22190001 3.9714
22200001 3.96508
22210001 3.96631
22220001 3.96571
22230001 3.96993
22240001 3.9608
22250001 3.95363
22260001 3.96625
22270001 3.97338
22280001 3.96519
22290001 3.96422
22300001 3.96434
22310001 3.96273
22320001 3.95471
22330001 3.96409
22340001 3.9654
22350001 3.96156
22360001 3.95651
22370001 3.95299
22380001 3.96246
22390001 3.95718
22400001 3.96867
22410001 3.97069
22420001 3.96726
22430001 3.95482
22440001 3.9596
22450001 3.99477
22460001 3.96696
22470001 3.97255
22480001 3.96069
22490001 3.9576
22500001 3.95916
22510001 3.96345
22520001 3.9746
22530001 3.96415
22540001 3.96166
22550001 3.9576
22560001 3.96709
22570001 3.96523
22580001 3.95967
22590001 3.96393
22600001 3.95768
22610001 3.96327
22620001 3.96311
22630001 3.95778
22640001 3.9717
22650001 3.96964
22660001 3.96466
22670001 3.9576
22680001 3.9626
22690001 3.96531
22700001 3.96342
22710001 3.9596
22720001 3.96083
22730001 3.95478
22740001 3.95306
22750001 3.95823
22760001 3.95847
22770001 3.95647
22780001 3.96373
22790001 3.96477
22800001 3.96329
22810001 3.95745
22820001 3.96427
22830001 3.95412
22840001 3.96007
22850001 3.95945
22860001 3.95851
22870001 3.9642
22880001 3.96662
22890001 3.95527
22900001 3.95319
22910001 3.95652
22920001 3.95857
22930001 3.95126
22940001 3.95357
22950001 3.96337
22960001 3.96903
22970001 3.96679
22980001 3.95868
22990001 3.96358
23000001 3.95674
23010001 3.95806
23020001 3.96308
23030001 3.97182
23040001 3.95837
23050001 3.95938
23060001 3.96839
23070001 3.96272
23080001 3.96037
23090001 3.95014
23100001 3.95757
23110001 3.96299
23120001 3.95165
23130001 3.95582
23140001 3.94858
23150001 3.94905
23160001 3.96198
23170001 3.96239
23180001 3.94994
23190001 3.95855
23200001 3.96441
23210001 3.95463
23220001 3.95194
23230001 3.95302
23240001 3.95215
23250001 3.95122
23260001 3.95652
23270001 3.95659
23280001 3.96689
23290001 3.95118
23300001 3.94974
23310001 3.94925
23320001 3.9543
23330001 3.96082
23340001 3.96736
23350001 3.9598
23360001 3.94898
23370001 3.9508
23380001 3.96096
23390001 3.9464
23400001 3.9514
23410001 3.95068
23420001 3.94963
23430001 3.96611
23440001 3.96168
23450001 3.95697
23460001 3.95684
23470001 3.95045
23480001 3.95239
23490001 3.96372
23500001 3.9675
23510001 3.95304
23520001 3.95158
23530001 3.95443
23540001 3.95786
23550001 3.96488
23560001 3.95324
23570001 3.95366
23580001 3.95222
23590001 3.95159
23600001 3.95388
23610001 3.96325
23620001 3.95067
23630001 3.94767
23640001 3.95034
23650001 3.93942
23660001 3.94641
23670001 3.94781
23680001 3.95013
23690001 3.95341
23700001 3.95885
23710001 3.9523
23720001 3.94846
23730001 3.95653
23740001 3.94693
23750001 3.96716
23760001 3.95168
23770001 3.95438
23780001 3.95094
23790001 3.95007
23800001 3.95059
23810001 3.94927
23820001 3.94625
23830001 3.94992
23840001 3.95521
23850001 3.95238
23860001 3.94143
23870001 3.95137
23880001 3.95472
23890001 3.94718
23900001 3.94705
23910001 3.94083
23920001 3.94613
23930001 3.95266
23940001 3.94706
23950001 3.96262
23960001 3.9572
23970001 3.95297
23980001 3.94059
23990001 3.95671
24000001 3.9471
24010001 3.9503
24020001 3.94193
24030001 3.94568
24040001 3.95593
24050001 3.94251
24060001 3.95098
24070001 3.95829
24080001 3.9485
24090001 3.94338
24100001 3.95603
24110001 3.94935
24120001 3.94395
24130001 3.94644
24140001 3.95039
24150001 3.95026
24160001 3.94074
24170001 3.94652
24180001 3.93879
24190001 3.94514
24200001 3.94564
24210001 3.95011
24220001 3.95884
24230001 3.94468
24240001 3.94272
24250001 3.94554
24260001 3.94549
24270001 3.96376
24280001 3.94594
24290001 3.94306
24300001 3.95227
24310001 3.94738
24320001 3.94893
24330001 3.95564
24340001 3.9499
24350001 3.94787
24360001 3.94669
24370001 3.94218
24380001 3.94126
24390001 3.94129
24400001 3.94138
24410001 3.94999
24420001 3.93946
24430001 3.95285
24440001 3.94508
24450001 3.94129
24460001 3.93883
24470001 3.9462
24480001 3.94009
24490001 3.94581
24500001 3.9397
24510001 3.94353
24520001 3.95071
24530001 3.96076
24540001 3.95176
24550001 3.93437
24560001 3.94505
24570001 3.94158
24580001 3.94679
24590001 3.9433
24600001 3.94354
24610001 3.95432
24620001 3.93762
24630001 3.94929
24640001 3.94728
24650001 3.94152
24660001 3.93557
24670001 3.95124
24680001 3.94355
24690001 3.94873
24700001 3.94146
24710001 3.94319
24720001 3.95106
24730001 3.94939
24740001 3.93099
24750001 3.94733
24760001 3.93552
24770001 3.93491
24780001 3.93643
24790001 3.9414
24800001 3.94532
24810001 3.93903
24820001 3.94539
24830001 3.94067
24840001 3.93534
24850001 3.94394
24860001 3.93831
24870001 3.94744
24880001 3.94727
24890001 3.94368
24900001 3.94535
24910001 3.94551
24920001 3.94709
24930001 3.9359
24940001 3.93725
24950001 3.9432
24960001 3.9466
24970001 3.94306
24980001 3.95332
24990001 3.9575
25000001 3.95532
25010001 3.94954
25020001 3.95432
25030001 3.93339
25040001 3.93801
25050001 3.93133
25060001 3.93561
25070001 3.956
25080001 3.9464
25090001 3.95445
25100001 3.94014
25110001 3.94101
25120001 3.93659
25130001 3.95131
25140001 3.94198
25150001 3.94332
25160001 3.94914
25170001 3.94462
25180001 3.94027
25190001 3.94222
25200001 3.93998
25210001 3.9486
25220001 3.94657
25230001 3.94066
25240001 3.94289
25250001 3.94009
25260001 3.94106
25270001 3.94715
25280001 3.94567
25290001 3.94507
25300001 3.93841
25310001 3.94546
25320001 3.942
25330001 3.93564
25340001 3.949
25350001 3.94886
25360001 3.93882
25370001 3.93903
25380001 3.94183
25390001 3.94625
25400001 3.93251
25410001 3.9379
25420001 3.93908
25430001 3.93754
25440001 3.93589
25450001 3.94027
25460001 3.93838
25470001 3.93487
25480001 3.93652
25490001 3.93653
25500001 3.93744
25510001 3.92949
25520001 3.9528
25530001 3.94494
25540001 3.93197
25550001 3.94574
25560001 3.93623
25570001 3.93337
25580001 3.93901
25590001 3.9396
25600001 3.93543
25610001 3.92908
25620001 3.93953
25630001 3.9252
25640001 3.93468
25650001 3.93614
25660001 3.93441
25670001 3.93311
25680001 3.94423
25690001 3.94323
25700001 3.94595
25710001 3.93501
25720001 3.92523
25730001 3.92922
25740001 3.94792
25750001 3.92799
25760001 3.93951
25770001 3.93959
25780001 3.94046
25790001 3.93731
25800001 3.93932
25810001 3.93382
25820001 3.94127
25830001 3.93026
25840001 3.93282
25850001 3.93312
25860001 3.9306
25870001 3.92891
25880001 3.93414
25890001 3.93121
25900001 3.93471
25910001 3.93765
25920001 3.93752
25930001 3.93451
25940001 3.93292
25950001 3.93076
25960001 3.93776
25970001 3.92442
25980001 3.93474
25990001 3.941
26000001 3.93658
26010001 3.94034
26020001 3.9358
26030001 3.9366
26040001 3.9326
26050001 3.93015
26060001 3.93176
26070001 3.93312
26080001 3.93687
26090001 3.93399
26100001 3.92806
26110001 3.92698
26120001 3.93025
26130001 3.9262
26140001 3.94304
26150001 3.93167
26160001 3.92347
26170001 3.93302
26180001 3.9327
26190001 3.92593
26200001 3.93984
26210001 3.93507
26220001 3.92919
26230001 3.93689
26240001 3.93705
26250001 3.93849
26260001 3.93383
26270001 3.93071
26280001 3.93439
26290001 3.93898
26300001 3.93889
26310001 3.93213
26320001 3.93483
26330001 3.92997
26340001 3.921
26350001 3.93589
26360001 3.92786
26370001 3.92502
26380001 3.93115
26390001 3.92932
26400001 3.93542
26410001 3.93067
26420001 3.92737
26430001 3.93181
26440001 3.93047
26450001 3.92582
26460001 3.93177
26470001 3.93709
26480001 3.93585
26490001 3.9316
26500001 3.92751
26510001 3.93162
26520001 3.9286
26530001 3.92446
26540001 3.93359
26550001 3.93351
26560001 3.93484
26570001 3.92409
26580001 3.93481
26590001 3.92333
26600001 3.93152
26610001 3.93999
26620001 3.94005
26630001 3.92789
26640001 3.93511
26650001 3.92394
26660001 3.92047
26670001 3.92862
26680001 3.92669
26690001 3.93262
26700001 3.93415
26710001 3.921
26720001 3.93055
26730001 3.92579
26740001 3.92185
26750001 3.92161
26760001 3.93167
26770001 3.93536
26780001 3.92313
26790001 3.92382
26800001 3.92274
26810001 3.92854
26820001 3.93789
26830001 3.93568
26840001 3.92493
26850001 3.91485
26860001 3.92431
26870001 3.9281
26880001 3.92276
26890001 3.9179
26900001 3.93298
26910001 3.93393
26920001 3.93
26930001 3.92902
26940001 3.92692
26950001 3.93693
26960001 3.92835
26970001 3.93134
26980001 3.93367
26990001 3.9223
27000001 3.93632
27010001 3.92586
27020001 3.92701
27030001 3.93398
27040001 3.92935
27050001 3.92826
27060001 3.93081
27070001 3.9282
27080001 3.92845
27090001 3.92856
27100001 3.93109
27110001 3.93387
27120001 3.93938
27130001 3.92168
27140001 3.92404
27150001 3.93369
27160001 3.93171
27170001 3.92806
27180001 3.93099
27190001 3.92347
27200001 3.92598
27210001 3.93553
27220001 3.93662
27230001 3.92679
27240001 3.92875
27250001 3.93208
27260001 3.92918
27270001 3.92408
27280001 3.91907
27290001 3.91772
27300001 3.91995
27310001 3.91793
27320001 3.92282
27330001 3.93364
27340001 3.93544
27350001 3.92918
27360001 3.92735
27370001 3.92045
27380001 3.93735
27390001 3.92506
27400001 3.93143
27410001 3.93141
27420001 3.92341
27430001 3.93454
27440001 3.93155
27450001 3.92421
27460001 3.9152
27470001 3.92538
27480001 3.92247
27490001 3.93043
27500001 3.92133
27510001 3.91919
27520001 3.92694
27530001 3.93199
27540001 3.93484
27550001 3.92691
27560001 3.92203
27570001 3.93108
27580001 3.92064
27590001 3.91902
27600001 3.91714
27610001 3.92504
27620001 3.93744
27630001 3.91643
27640001 3.92351
27650001 3.92199
27660001 3.93493
27670001 3.93092
27680001 3.93182
27690001 3.92861
27700001 3.92213
27710001 3.92959
27720001 3.93418
27730001 3.93061
27740001 3.92333
27750001 3.92137
27760001 3.91959
27770001 3.91983
27780001 3.91557
27790001 3.91953
27800001 3.92435
27810001 3.92225
27820001 3.92972
27830001 3.91904
27840001 3.92707
27850001 3.92481
27860001 3.92138
27870001 3.92038
27880001 3.92649
27890001 3.92667
27900001 3.92649
27910001 3.9197
27920001 3.91981
27930001 3.9201
27940001 3.92436
27950001 3.92351
27960001 3.92548
27970001 3.93012
27980001 3.92608
27990001 3.91836
28000001 3.92215
28010001 3.93529
28020001 3.92109
28030001 3.91782
28040001 3.91473
28050001 3.9245
28060001 3.92377
28070001 3.92742
28080001 3.92357
28090001 3.91998
28100001 3.92034
28110001 3.91986
28120001 3.92309
28130001 3.92282
28140001 3.9252
28150001 3.91199
28160001 3.91259
28170001 3.92317
28180001 3.92225
28190001 3.93211
28200001 3.91094
28210001 3.92109
28220001 3.91494
28230001 3.92012
28240001 3.92565
28250001 3.91615
28260001 3.91651
28270001 3.91157
28280001 3.92212
28290001 3.91484
28300001 3.93282
28310001 3.92007
28320001 3.92036
28330001 3.92026
28340001 3.9305
28350001 3.92074
28360001 3.91725
28370001 3.91705
28380001 3.91636
28390001 3.91153
28400001 3.92194
28410001 3.9468
28420001 3.92445
28430001 3.92705
28440001 3.91841
28450001 3.9276
28460001 3.91834
28470001 3.92374
28480001 3.92078
28490001 3.92714
28500001 3.92501
28510001 3.92502
28520001 3.90964
28530001 3.9118
28540001 3.91423
28550001 3.91907
28560001 3.91669
28570001 3.91953
28580001 3.91372
28590001 3.91028
28600001 3.90776
28610001 3.91535
28620001 3.91374
28630001 3.91456
28640001 3.91466
28650001 3.91961
28660001 3.9082
28670001 3.91901
28680001 3.91965
28690001 3.9126
28700001 3.91213
28710001 3.9083
28720001 3.91691
28730001 3.92125
28740001 3.91534
28750001 3.91645
28760001 3.91373
28770001 3.92483
28780001 3.92979
28790001 3.9263
28800001 3.92148
28810001 3.92375
28820001 3.92653
28830001 3.91951
28840001 3.913
28850001 3.90799
28860001 3.91844
28870001 3.92263
28880001 3.91622
28890001 3.91505
28900001 3.91
28910001 3.91237
28920001 3.91209
28930001 3.91662
28940001 3.91531
28950001 3.91351
28960001 3.91229
28970001 3.92312
28980001 3.91513
28990001 3.91621
29000001 3.90963
29010001 3.90811
29020001 3.90945
29030001 3.91159
29040001 3.90958
29050001 3.90812
29060001 3.91072
29070001 3.92049
29080001 3.9124
29090001 3.91468
29100001 3.90995
29110001 3.9119
29120001 3.91279
29130001 3.91593
29140001 3.91236
29150001 3.91434
29160001 3.91818
29170001 3.90278
29180001 3.9189
29190001 3.92432
29200001 3.90877
29210001 3.91534
29220001 3.91177
29230001 3.91588
29240001 3.91775
29250001 3.92009
29260001 3.90964
29270001 3.90921
29280001 3.91455
29290001 3.90673
29300001 3.90417
29310001 3.90263
29320001 3.917
29330001 3.91166
29340001 3.90545
29350001 3.92283
29360001 3.92199
29370001 3.91356
29380001 3.91165
29390001 3.93037
29400001 3.93012
29410001 3.91545
29420001 3.90982
29430001 3.90502
29440001 3.91436
29450001 3.91257
29460001 3.91688
29470001 3.91575
29480001 3.90779
29490001 3.91922
29500001 3.91811
29510001 3.91031
29520001 3.91684
29530001 3.90308
29540001 3.90748
29550001 3.91233
29560001 3.90576
29570001 3.90837
29580001 3.91255
29590001 3.91021
29600001 3.90611
29610001 3.91425
29620001 3.90858
29630001 3.91004
29640001 3.90887
29650001 3.9164
29660001 3.90797
29670001 3.91583
29680001 3.91796
29690001 3.91843
29700001 3.90892
29710001 3.9118
29720001 3.91162
29730001 3.90706
29740001 3.92447
29750001 3.91835
29760001 3.92143
29770001 3.90986
29780001 3.91201
29790001 3.90273
29800001 3.90799
29810001 3.91945
29820001 3.91057
29830001 3.91612
29840001 3.90361
29850001 3.91265
29860001 3.91121
29870001 3.90655
29880001 3.9115
29890001 3.91479
29900001 3.90415
29910001 3.91782
29920001 3.90397
29930001 3.90986
29940001 3.91239
29950001 3.90901
29960001 3.90958
29970001 3.90708
29980001 3.91052
29990001 3.90355
