1 31.2835
10001 9.49123
20001 7.05268
30001 6.15379
40001 5.72641
50001 5.4821
60001 5.32493
70001 5.21266
80001 5.12703
90001 5.05773
100001 4.9995
110001 4.94902
120001 4.90371
130001 4.86305
140001 4.8259
150001 4.79142
160001 4.75921
170001 4.72902
180001 4.70061
190001 4.67379
200001 4.64828
210001 4.62392
220001 4.60047
230001 4.57811
240001 4.5568
250001 4.53631
260001 4.51639
270001 4.49726
280001 4.47886
290001 4.46112
300001 4.44398
310001 4.42732
320001 4.41124
330001 4.39565
340001 4.38058
350001 4.36591
360001 4.35176
370001 4.33802
380001 4.32453
390001 4.3116
400001 4.29892
410001 4.28672
420001 4.27479
430001 4.2632
440001 4.25177
450001 4.24065
460001 4.22987
470001 4.21949
480001 4.20927
490001 4.19935
500001 4.18974
510001 4.18032
520001 4.17102
530001 4.16209
540001 4.15324
550001 4.14457
560001 4.13623
570001 4.12816
580001 4.12015
590001 4.11239
600001 4.10472
610001 4.09726
620001 4.08999
630001 4.08291
640001 4.07585
650001 4.06904
660001 4.06239
670001 4.05586
680001 4.04967
690001 4.04337
700001 4.03719
710001 4.03123
720001 4.02535
730001 4.01961
740001 4.01404
750001 4.00854
760001 4.00322
770001 3.9979
780001 3.99269
790001 3.98756
800001 3.98274
810001 3.97787
820001 3.97311
830001 3.96857
840001 3.96403
850001 3.95962
860001 3.95527
870001 3.951
880001 3.94682
890001 3.9427
900001 3.93858
910001 3.93463
920001 3.93083
930001 3.927
940001 3.9233
950001 3.91961
960001 3.91606
970001 3.91262
980001 3.90924
990001 3.90588
1000001 3.90261
1010001 3.89936
1020001 3.89616
1030001 3.8931
1040001 3.89006
1050001 3.88716
1060001 3.88417
1070001 3.88136
1080001 3.87864
1090001 3.87587
1100001 3.87316
1110001 3.87049
1120001 3.86801
1130001 3.86536
1140001 3.86289
1150001 3.86045
1160001 3.85796
1170001 3.85573
1180001 3.85338
1190001 3.85114
1200001 3.84893
1210001 3.84674
1220001 3.84464
1230001 3.84266
1240001 3.8407
1250001 3.83867
1260001 3.83676
1270001 3.83477
1280001 3.8329
1290001 3.83108
1300001 3.82923
1310001 3.8275
1320001 3.8258
1330001 3.82407
1340001 3.82242
1350001 3.82085
1360001 3.81929
1370001 3.81777
1380001 3.8163
1390001 3.81482
1400001 3.81338
1410001 3.81199
1420001 3.8106
1430001 3.80926
1440001 3.80797
1450001 3.80662
1460001 3.80532
1470001 3.80405
1480001 3.80284
1490001 3.80161
1500001 3.80048
1510001 3.79931
1520001 3.79822
1530001 3.79711
1540001 3.79607
1550001 3.79509
1560001 3.79409
1570001 3.79311
1580001 3.79215
1590001 3.79114
1600001 3.79026
1610001 3.78934
1620001 3.78852
1630001 3.78771
1640001 3.78687
1650001 3.78607
1660001 3.78531
1670001 3.7846
1680001 3.78387
1690001 3.78317
1700001 3.78251
1710001 3.78183
1720001 3.78116
1730001 3.78057
1740001 3.77996
1750001 3.77938
1760001 3.77874
1770001 3.77815
1780001 3.77765
1790001 3.77715
1800001 3.77658
1810001 3.77609
1820001 3.77561
1830001 3.77521
1840001 3.77472
1850001 3.7743
1860001 3.77389
1870001 3.77351
1880001 3.77321
1890001 3.77285
1900001 3.77247
1910001 3.77219
1920001 3.77185
1930001 3.77157
1940001 3.77129
1950001 3.77107
1960001 3.77081
1970001 3.77048
1980001 3.77022
1990001 3.77005
2000001 3.76997
2010001 3.76975
2020001 3.76959
2030001 3.76946
2040001 3.76932
2050001 3.76917
2060001 3.7691
2070001 3.76896
2080001 3.76883
2090001 3.76876
2100001 3.76871
2110001 3.76861
2120001 3.76855
2130001 3.76857
2140001 3.76859
2150001 3.76864
2160001 3.76863
2170001 3.76867
2180001 3.76865
2190001 3.76866
2200001 3.76879
2210001 3.76881
2220001 3.76881
2230001 3.76892
2240001 3.76899
2250001 3.76908
2260001 3.76924
2270001 3.76938
2280001 3.76946
2290001 3.76959
2300001 3.76974
2310001 3.76992
2320001 3.7701
2330001 3.77028
2340001 3.77055
2350001 3.77071
2360001 3.77094
2370001 3.77115
2380001 3.77134
2390001 3.77157
2400001 3.77177
2410001 3.77211
2420001 3.77233
2430001 3.77262
2440001 3.77287
2450001 3.77317
2460001 3.77344
2470001 3.77369
2480001 3.77404
2490001 3.77441
2500001 3.77467
2510001 3.77508
2520001 3.77539
2530001 3.77573
2540001 3.77611
2550001 3.77645
2560001 3.77679
2570001 3.77711
2580001 3.77744
2590001 3.77775
2600001 3.77813
2610001 3.77853
2620001 3.77897
2630001 3.77928
2640001 3.77975
2650001 3.78015
2660001 3.78061
2670001 3.78104
2680001 3.78147
2690001 3.78192
2700001 3.78236
2710001 3.78286
2720001 3.78328
2730001 3.78371
2740001 3.78418
2750001 3.7847
2760001 3.78519
2770001 3.78562
2780001 3.7861
2790001 3.78658
2800001 3.78713
2810001 3.78768
2820001 3.78817
2830001 3.78878
2840001 3.78928
2850001 3.7898
2860001 3.79034
2870001 3.79091
2880001 3.79147
2890001 3.79201
2900001 3.79257
2910001 3.79314
2920001 3.79368
2930001 3.7943
2940001 3.7949
2950001 3.79553
2960001 3.79608
2970001 3.79664
2980001 3.79724
2990001 3.79789
3000001 3.79851
3010001 3.79916
3020001 3.79977
3030001 3.80043
3040001 3.80112
3050001 3.80177
3060001 3.80242
3070001 3.80307
3080001 3.80371
3090001 3.80438
3100001 3.805
3110001 3.80574
3120001 3.80645
3130001 3.80707
3140001 3.80776
3150001 3.80839
3160001 3.80911
3170001 3.80977
3180001 3.81044
3190001 3.81107
3200001 3.8118
3210001 3.81247
3220001 3.81318
3230001 3.81391
3240001 3.81463
3250001 3.81534
3260001 3.81609
3270001 3.8168
3280001 3.81754
3290001 3.81826
3300001 3.81904
3310001 3.81975
3320001 3.82051
3330001 3.82129
3340001 3.82206
3350001 3.8228
3360001 3.82358
3370001 3.8243
3380001 3.82505
3390001 3.82583
3400001 3.82661
3410001 3.82735
3420001 3.82815
3430001 3.82891
3440001 3.82969
3450001 3.83056
3460001 3.83134
3470001 3.83212
3480001 3.83295
3490001 3.83374
3500001 3.83452
3510001 3.83533
3520001 3.83613
3530001 3.83691
3540001 3.83777
3550001 3.83865
3560001 3.83946
3570001 3.8403
3580001 3.84108
3590001 3.8419
3600001 3.84271
3610001 3.8436
3620001 3.84445
3630001 3.84526
3640001 3.84615
3650001 3.84698
3660001 3.84782
3670001 3.84868
3680001 3.84954
3690001 3.85041
3700001 3.8513
3710001 3.85215
3720001 3.85299
3730001 3.8538
3740001 3.85466
3750001 3.85555
3760001 3.85641
3770001 3.85729
3780001 3.85813
3790001 3.85903
3800001 3.85989
3810001 3.86082
3820001 3.86172
3830001 3.86261
3840001 3.8635
3850001 3.86438
3860001 3.86531
3870001 3.86621
3880001 3.86705
3890001 3.86792
3900001 3.8688
3910001 3.86972
3920001 3.87062
3930001 3.87158
3940001 3.87244
3950001 3.87337
3960001 3.87419
3970001 3.87511
3980001 3.87601
3990001 3.8769
4000001 3.8779
4010001 3.87884
4020001 3.87974
4030001 3.88071
4040001 3.88162
4050001 3.88249
4060001 3.88346
4070001 3.88435
4080001 3.88533
4090001 3.88626
4100001 3.88719
4110001 3.88814
4120001 3.88922
4130001 3.89012
4140001 3.89108
4150001 3.89204
4160001 3.89294
4170001 3.89388
4180001 3.89483
4190001 3.89582
4200001 3.89679
4210001 3.89767
4220001 3.89867
4230001 3.89965
4240001 3.90058
4250001 3.90153
4260001 3.90249
4270001 3.90349
4280001 3.90443
4290001 3.9054
4300001 3.90641
4310001 3.90737
4320001 3.90836
4330001 3.90932
4340001 3.91029
4350001 3.91123
4360001 3.91221
4370001 3.9132
4380001 3.91415
4390001 3.91511
4400001 3.91613
4410001 3.91721
4420001 3.91819
4430001 3.91916
4440001 3.92013
4450001 3.9211
4460001 3.92207
4470001 3.92308
4480001 3.92405
4490001 3.92505
4500001 3.92603
4510001 3.92705
4520001 3.92801
4530001 3.92907
4540001 3.93006
4550001 3.93105
4560001 3.9321
4570001 3.93312
4580001 3.93409
4590001 3.93511
4600001 3.93613
4610001 3.93711
4620001 3.93809
4630001 3.93909
4640001 3.94008
4650001 3.94112
4660001 3.94211
4670001 3.94315
4680001 3.94419
4690001 3.94524
4700001 3.94622
4710001 3.94721
4720001 3.94823
4730001 3.94928
4740001 3.95037
4750001 3.95138
4760001 3.95241
4770001 3.95347
4780001 3.95452
4790001 3.95553
4800001 3.95655
4810001 3.95755
4820001 3.95856
4830001 3.95957
4840001 3.9606
4850001 3.9617
4860001 3.96276
4870001 3.96379
4880001 3.96481
4890001 3.96587
4900001 3.96692
4910001 3.96801
4920001 3.96907
4930001 3.97015
4940001 3.97118
4950001 3.97221
4960001 3.97324
4970001 3.97429
4980001 3.97529
4990001 3.97635
5000001 3.97733
5010001 3.9784
5020001 3.97944
5030001 3.98054
5040001 3.98162
5050001 3.9827
5060001 3.98378
5070001 3.98481
5080001 3.98588
5090001 3.98696
5100001 3.98803
5110001 3.9891
5120001 3.99016
5130001 3.9912
5140001 3.99226
5150001 3.99326
5160001 3.99439
5170001 3.9955
5180001 3.99654
5190001 3.99758
5200001 3.99862
5210001 3.99972
5220001 4.00074
5230001 4.0018
5240001 4.00289
5250001 4.00402
5260001 4.00508
5270001 4.00618
5280001 4.00724
5290001 4.00828
5300001 4.00944
5310001 4.0104
5320001 4.01149
5330001 4.01256
5340001 4.01365
5350001 4.01477
5360001 4.01585
5370001 4.01699
5380001 4.01804
5390001 4.01913
5400001 4.02015
5410001 4.02125
5420001 4.02231
5430001 4.0233
5440001 4.0244
5450001 4.02553
5460001 4.02655
5470001 4.02763
5480001 4.02872
5490001 4.02979
5500001 4.03092
5510001 4.03199
5520001 4.03301
5530001 4.03416
5540001 4.03519
5550001 4.03628
5560001 4.0374
5570001 4.03849
5580001 4.03957
5590001 4.04061
5600001 4.04171
5610001 4.04278
5620001 4.04388
5630001 4.04496
5640001 4.04598
5650001 4.04705
5660001 4.04811
5670001 4.0492
5680001 4.05032
5690001 4.05141
5700001 4.0525
5710001 4.0536
5720001 4.05469
5730001 4.05583
5740001 4.05689
5750001 4.05801
5760001 4.05913
5770001 4.06021
5780001 4.06129
5790001 4.06241
5800001 4.06352
5810001 4.06464
5820001 4.06574
5830001 4.06681
5840001 4.06794
5850001 4.06908
5860001 4.07018
5870001 4.07123
5880001 4.07229
5890001 4.07339
5900001 4.07449
5910001 4.07558
5920001 4.07672
5930001 4.07786
5940001 4.07889
5950001 4.08
5960001 4.08111
5970001 4.08219
5980001 4.08327
5990001 4.08433
6000001 4.08541
6010001 4.08653
6020001 4.08767
6030001 4.08879
6040001 4.08989
6050001 4.09098
6060001 4.0921
6070001 4.09322
6080001 4.09431
6090001 4.09533
6100001 4.09643
6110001 4.0975
6120001 4.09864
6130001 4.09976
6140001 4.10086
6150001 4.10191
6160001 4.10307
6170001 4.10421
6180001 4.10528
6190001 4.10637
6200001 4.10752
6210001 4.10863
6220001 4.10977
6230001 4.11087
6240001 4.11192
6250001 4.11302
6260001 4.11411
6270001 4.11524
6280001 4.11636
6290001 4.11745
6300001 4.11857
6310001 4.1197
6320001 4.12083
6330001 4.12195
6340001 4.12304
6350001 4.12415
6360001 4.12525
6370001 4.12632
6380001 4.1274
6390001 4.12852
6400001 4.12965
6410001 4.13078
6420001 4.13185
6430001 4.13292
6440001 4.13405
6450001 4.13516
6460001 4.13626
6470001 4.13739
6480001 4.1385
6490001 4.13958
6500001 4.14059
6510001 4.14169
6520001 4.14279
6530001 4.14399
6540001 4.14511
6550001 4.14617
6560001 4.14731
6570001 4.14846
6580001 4.14954
6590001 4.15067
6600001 4.15178
6610001 4.15288
6620001 4.154
6630001 4.15512
6640001 4.15616
6650001 4.15728
6660001 4.15846
6670001 4.15956
6680001 4.16067
6690001 4.1618
6700001 4.16286
6710001 4.16402
6720001 4.16513
6730001 4.16626
6740001 4.1674
6750001 4.16853
6760001 4.16965
6770001 4.17081
6780001 4.17194
6790001 4.17305
6800001 4.17417
6810001 4.17525
6820001 4.17638
6830001 4.17753
6840001 4.17866
6850001 4.17969
6860001 4.18076
6870001 4.18189
6880001 4.18302
6890001 4.1841
6900001 4.18528
6910001 4.18642
6920001 4.1875
6930001 4.18855
6940001 4.18968
6950001 4.19077
6960001 4.19187
6970001 4.19303
6980001 4.19414
6990001 4.19525
7000001 4.1963
7010001 4.19742
7020001 4.19852
7030001 4.19967
7040001 4.20081
7050001 4.20193
7060001 4.20306
7070001 4.20415
7080001 4.20529
7090001 4.20635
7100001 4.20749
7110001 4.20859
7120001 4.20962
7130001 4.21073
7140001 4.21187
7150001 4.21301
7160001 4.21417
7170001 4.21529
7180001 4.21638
7190001 4.21746
7200001 4.21857
7210001 4.21969
7220001 4.22087
7230001 4.22193
7240001 4.22311
7250001 4.22421
7260001 4.22532
7270001 4.22646
7280001 4.22758
7290001 4.22863
7300001 4.22973
7310001 4.23086
7320001 4.23203
7330001 4.23308
7340001 4.23416
7350001 4.23528
7360001 4.23642
7370001 4.23757
7380001 4.23868
7390001 4.23984
7400001 4.24099
7410001 4.24211
7420001 4.24328
7430001 4.24439
7440001 4.24548
7450001 4.24655
7460001 4.24765
7470001 4.2488
7480001 4.24991
7490001 4.25099
7500001 4.25212
7510001 4.25327
7520001 4.25441
7530001 4.25552
7540001 4.25657
7550001 4.25767
7560001 4.25873
7570001 4.25984
7580001 4.26099
7590001 4.26216
7600001 4.26323
7610001 4.2644
7620001 4.26548
7630001 4.26658
7640001 4.26766
7650001 4.26876
7660001 4.26987
7670001 4.27107
7680001 4.27215
7690001 4.27328
7700001 4.27439
7710001 4.27546
7720001 4.27651
7730001 4.27767
7740001 4.27884
7750001 4.27992
7760001 4.28107
7770001 4.28219
7780001 4.28332
7790001 4.28442
7800001 4.28553
7810001 4.28662
7820001 4.28779
7830001 4.28885
7840001 4.28999
7850001 4.29104
7860001 4.29211
7870001 4.29324
7880001 4.29434
7890001 4.29543
7900001 4.29656
7910001 4.29765
7920001 4.29877
7930001 4.29989
7940001 4.30106
7950001 4.30213
7960001 4.30324
7970001 4.30435
7980001 4.30548
7990001 4.30657
8000001 4.30764
8010001 4.30877
8020001 4.30987
8030001 4.31099
8040001 4.31203
8050001 4.31313
8060001 4.31424
8070001 4.31536
8080001 4.31649
8090001 4.31761
8100001 4.31876
8110001 4.31982
8120001 4.32092
8130001 4.32203
8140001 4.32313
8150001 4.32425
8160001 4.32542
8170001 4.32656
8180001 4.32769
8190001 4.32877
8200001 4.32983
8210001 4.33095
8220001 4.33204
8230001 4.33321
8240001 4.33423
8250001 4.33532
8260001 4.33651
8270001 4.33761
8280001 4.33865
8290001 4.33974
8300001 4.34088
8310001 4.34196
8320001 4.34308
8330001 4.34421
8340001 4.34533
8350001 4.34638
8360001 4.34745
8370001 4.34858
8380001 4.34971
8390001 4.3508
8400001 4.35186
8410001 4.353
8420001 4.35413
8430001 4.35523
8440001 4.35633
8450001 4.35734
8460001 4.35844
8470001 4.3595
8480001 4.36064
8490001 4.36175
8500001 4.36287
8510001 4.36399
8520001 4.36506
8530001 4.36611
8540001 4.36717
8550001 4.36823
8560001 4.36932
8570001 4.37045
8580001 4.37156
8590001 4.37269
8600001 4.37384
8610001 4.37491
8620001 4.37601
8630001 4.37712
8640001 4.3782
8650001 4.37928
8660001 4.38037
8670001 4.38151
8680001 4.38256
8690001 4.38362
8700001 4.38466
8710001 4.38576
8720001 4.38685
8730001 4.3879
8740001 4.38903
8750001 4.39016
8760001 4.39121
8770001 4.3923
8780001 4.3934
8790001 4.39447
8800001 4.39563
8810001 4.39676
8820001 4.39784
8830001 4.3989
8840001 4.40004
8850001 4.40117
8860001 4.40223
8870001 4.40328
8880001 4.40441
8890001 4.40552
8900001 4.40659
8910001 4.40768
8920001 4.40874
8930001 4.40981
8940001 4.41086
8950001 4.41197
8960001 4.41304
8970001 4.41417
8980001 4.41531
8990001 4.41638
9000001 4.41745
9010001 4.41849
9020001 4.41964
9030001 4.42074
9040001 4.42186
9050001 4.42292
9060001 4.42404
9070001 4.42511
9080001 4.42622
9090001 4.42729
9100001 4.42841
9110001 4.42951
9120001 4.4306
9130001 4.43172
9140001 4.43279
9150001 4.43387
9160001 4.43496
9170001 4.43606
9180001 4.43715
9190001 4.43825
9200001 4.43933
9210001 4.44035
9220001 4.44144
9230001 4.44264
9240001 4.44369
9250001 4.44471
9260001 4.44589
9270001 4.44699
9280001 4.44805
9290001 4.4492
9300001 4.45025
9310001 4.45131
9320001 4.45237
9330001 4.4535
9340001 4.4546
9350001 4.45566
9360001 4.45673
9370001 4.45784
9380001 4.45897
9390001 4.46006
9400001 4.46109
9410001 4.46224
9420001 4.46327
9430001 4.46438
9440001 4.46547
9450001 4.46658
9460001 4.4676
9470001 4.46867
9480001 4.46972
9490001 4.47078
9500001 4.47184
9510001 4.4729
9520001 4.474
9530001 4.47511
9540001 4.47616
9550001 4.47724
9560001 4.47833
9570001 4.4794
9580001 4.48046
9590001 4.48154
9600001 4.4826
9610001 4.48368
9620001 4.48485
9630001 4.48597
9640001 4.48704
9650001 4.48805
9660001 4.4891
9670001 4.49015
9680001 4.49124
9690001 4.49237
9700001 4.49345
9710001 4.4945
9720001 4.49561
9730001 4.49669
9740001 4.49772
9750001 4.49881
9760001 4.49987
9770001 4.50092
9780001 4.50202
9790001 4.50307
9800001 4.50419
9810001 4.50527
9820001 4.50632
9830001 4.50742
9840001 4.50845
9850001 4.50956
9860001 4.5106
9870001 4.51164
9880001 4.51271
9890001 4.51381
9900001 4.51492
9910001 4.516
9920001 4.51705
9930001 4.51815
9940001 4.51914
9950001 4.52022
9960001 4.52125
9970001 4.52237
9980001 4.52339
9990001 4.52446
10000001 4.52551
10010001 4.52658
10020001 4.52767
10030001 4.52872
10040001 4.52977
10050001 4.53087
10060001 4.53193
10070001 4.53301
10080001 4.53408
10090001 4.53516
10100001 4.53624
10110001 4.53733
10120001 4.53837
10130001 4.53944
10140001 4.54048
10150001 4.5416
10160001 4.54263
10170001 4.54371
10180001 4.54478
10190001 4.54589
10200001 4.54698
10210001 4.54808
10220001 4.54909
10230001 4.55016
10240001 4.55121
10250001 4.55232
10260001 4.55336
10270001 4.55443
10280001 4.5555
10290001 4.55653
10300001 4.55763
10310001 4.55868
10320001 4.55973
10330001 4.56077
10340001 4.56186
10350001 4.56298
10360001 4.56398
10370001 4.56504
10380001 4.56613
10390001 4.56715
10400001 4.56821
10410001 4.56929
10420001 4.57037
10430001 4.57144
10440001 4.57248
10450001 4.57353
10460001 4.57457
10470001 4.57568
10480001 4.57675
10490001 4.57783
10500001 4.57884
10510001 4.57994
10520001 4.58102
10530001 4.58202
10540001 4.58315
10550001 4.58423
10560001 4.58528
10570001 4.5864
10580001 4.58748
10590001 4.58856
10600001 4.58959
10610001 4.5906
10620001 4.59162
10630001 4.5927
10640001 4.59378
10650001 4.59485
10660001 4.59592
10670001 4.59698
10680001 4.59803
10690001 4.59905
10700001 4.60011
10710001 4.60116
10720001 4.60216
10730001 4.60327
10740001 4.60426
10750001 4.60534
10760001 4.6064
10770001 4.60745
10780001 4.60842
10790001 4.60949
10800001 4.61056
10810001 4.61161
10820001 4.61268
10830001 4.61377
10840001 4.61477
10850001 4.61582
10860001 4.6169
10870001 4.61791
10880001 4.61895
10890001 4.62001
10900001 4.62109
10910001 4.62214
10920001 4.62324
10930001 4.62422
10940001 4.62527
10950001 4.62633
10960001 4.62739
10970001 4.62844
10980001 4.62946
10990001 4.63053
11000001 4.63162
11010001 4.63262
11020001 4.63367
11030001 4.63469
11040001 4.6358
11050001 4.63687
11060001 4.63787
11070001 4.63886
11080001 4.63995
11090001 4.64095
11100001 4.64201
11110001 4.64309
11120001 4.64414
11130001 4.64519
11140001 4.64618
11150001 4.64719
11160001 4.64824
11170001 4.64927
11180001 4.65028
11190001 4.6513
11200001 4.65234
11210001 4.65341
11220001 4.65441
11230001 4.65542
11240001 4.65648
11250001 4.65753
11260001 4.65857
11270001 4.6596
11280001 4.66062
11290001 4.66163
11300001 4.66271
11310001 4.66375
11320001 4.66482
11330001 4.66585
11340001 4.66689
11350001 4.6679
11360001 4.66893
11370001 4.66996
11380001 4.67099
11390001 4.67204
11400001 4.67304
11410001 4.67408
11420001 4.67515
11430001 4.6762
11440001 4.67728
11450001 4.67829
11460001 4.67934
11470001 4.68037
11480001 4.68142
11490001 4.68245
11500001 4.6835
11510001 4.68458
11520001 4.68558
11530001 4.68665
11540001 4.68766
11550001 4.68873
11560001 4.68979
11570001 4.69077
11580001 4.6919
11590001 4.69292
11600001 4.69393
11610001 4.69496
11620001 4.69598
11630001 4.69696
11640001 4.69805
11650001 4.69904
11660001 4.70003
11670001 4.70106
11680001 4.70211
11690001 4.70308
11700001 4.7041
11710001 4.70511
11720001 4.70615
11730001 4.70716
11740001 4.70818
11750001 4.70922
11760001 4.71028
11770001 4.71133
11780001 4.71228
11790001 4.71333
11800001 4.71438
11810001 4.71545
11820001 4.71646
11830001 4.71748
11840001 4.71858
11850001 4.71957
11860001 4.72062
11870001 4.72164
11880001 4.72269
11890001 4.72371
11900001 4.72469
11910001 4.72574
11920001 4.72682
11930001 4.7278
11940001 4.72883
11950001 4.72983
11960001 4.7308
11970001 4.73187
11980001 4.73287
11990001 4.73387
12000001 4.73487
12010001 4.73591
12020001 4.73699
12030001 4.73797
12040001 4.73899
12050001 4.73998
12060001 4.74104
12070001 4.74205
12080001 4.74311
12090001 4.74408
12100001 4.74511
12110001 4.7461
12120001 4.7471
12130001 4.74813
12140001 4.74914
12150001 4.75017
12160001 4.75116
12170001 4.75218
12180001 4.75319
12190001 4.75419
12200001 4.75522
12210001 4.7562
12220001 4.75725
12230001 4.75824
12240001 4.7592
12250001 4.76021
12260001 4.76125
12270001 4.76226
12280001 4.76325
12290001 4.7643
12300001 4.76531
12310001 4.76634
12320001 4.76736
12330001 4.76831
12340001 4.76934
12350001 4.77035
12360001 4.77137
12370001 4.77237
12380001 4.77341
12390001 4.77441
12400001 4.77548
12410001 4.7764
12420001 4.77735
12430001 4.77834
12440001 4.77937
12450001 4.78036
12460001 4.78132
12470001 4.78233
12480001 4.7834
12490001 4.78439
12500001 4.78541
12510001 4.7864
12520001 4.7874
12530001 4.7884
12540001 4.78939
12550001 4.79039
12560001 4.79141
12570001 4.79246
12580001 4.79344
12590001 4.7944
12600001 4.79543
12610001 4.79642
12620001 4.79743
12630001 4.79837
12640001 4.79936
12650001 4.80038
12660001 4.80141
12670001 4.80246
12680001 4.80349
12690001 4.80447
12700001 4.8055
12710001 4.80648
12720001 4.80748
12730001 4.8085
12740001 4.80952
12750001 4.81052
12760001 4.81151
12770001 4.81252
12780001 4.81351
12790001 4.81448
12800001 4.8155
12810001 4.81648
12820001 4.81741
12830001 4.8184
12840001 4.8194
12850001 4.82044
12860001 4.82144
12870001 4.82246
12880001 4.82344
12890001 4.82442
12900001 4.82545
12910001 4.82647
12920001 4.82744
12930001 4.82847
12940001 4.82943
12950001 4.83044
12960001 4.8314
12970001 4.83238
12980001 4.83339
12990001 4.83439
13000001 4.83538
13010001 4.83639
13020001 4.83738
13030001 4.8384
13040001 4.83938
13050001 4.84036
13060001 4.84137
13070001 4.84242
13080001 4.84336
13090001 4.84436
13100001 4.84537
13110001 4.84632
13120001 4.84727
13130001 4.84826
13140001 4.8493
13150001 4.85031
13160001 4.85133
13170001 4.85232
13180001 4.8533
13190001 4.85429
13200001 4.8553
13210001 4.85629
13220001 4.85732
13230001 4.8583
13240001 4.85931
13250001 4.86033
13260001 4.86137
13270001 4.86232
13280001 4.8633
13290001 4.86426
13300001 4.86524
13310001 4.8662
13320001 4.86714
13330001 4.86815
13340001 4.86913
13350001 4.87012
13360001 4.87109
13370001 4.87209
13380001 4.8731
13390001 4.87406
13400001 4.8751
13410001 4.87608
13420001 4.8771
13430001 4.87808
13440001 4.8791
13450001 4.88008
13460001 4.88101
13470001 4.882
13480001 4.88297
13490001 4.88394
13500001 4.88487
13510001 4.88586
13520001 4.88686
13530001 4.88787
13540001 4.88884
13550001 4.88982
13560001 4.89084
13570001 4.8918
13580001 4.89275
13590001 4.89374
13600001 4.89472
13610001 4.89571
13620001 4.89669
13630001 4.89765
13640001 4.89862
13650001 4.89961
13660001 4.90059
13670001 4.90159
13680001 4.90258
13690001 4.90352
13700001 4.90454
13710001 4.90551
13720001 4.90649
13730001 4.90749
13740001 4.90844
13750001 4.90945
13760001 4.91048
13770001 4.91147
13780001 4.91243
13790001 4.9134
13800001 4.91434
13810001 4.91535
13820001 4.91639
13830001 4.91733
13840001 4.91827
13850001 4.91925
13860001 4.92024
13870001 4.92125
13880001 4.92217
13890001 4.92312
13900001 4.92407
13910001 4.92504
13920001 4.92602
13930001 4.92702
13940001 4.92796
13950001 4.92891
13960001 4.92991
13970001 4.93092
13980001 4.93192
13990001 4.93291
14000001 4.93394
14010001 4.93487
14020001 4.93578
14030001 4.93673
14040001 4.93768
14050001 4.93865
14060001 4.93967
14070001 4.94066
14080001 4.94156
14090001 4.94247
14100001 4.94346
14110001 4.94443
14120001 4.94542
14130001 4.94637
14140001 4.94727
14150001 4.94825
14160001 4.9492
14170001 4.95022
14180001 4.95113
14190001 4.95213
14200001 4.95313
14210001 4.95411
14220001 4.95505
14230001 4.956
14240001 4.95696
14250001 4.95792
14260001 4.9589
14270001 4.95988
14280001 4.96088
14290001 4.96183
14300001 4.96284
14310001 4.96377
14320001 4.96471
14330001 4.9657
14340001 4.96664
14350001 4.96758
14360001 4.96859
14370001 4.96958
14380001 4.97056
14390001 4.97153
14400001 4.97246
14410001 4.97339
14420001 4.97435
14430001 4.9753
14440001 4.97626
14450001 4.97725
14460001 4.97822
14470001 4.9792
14480001 4.98014
14490001 4.98108
14500001 4.98201
14510001 4.98294
14520001 4.98386
14530001 4.98478
14540001 4.98575
14550001 4.98672
14560001 4.98769
14570001 4.98867
14580001 4.9896
14590001 4.99059
14600001 4.99155
14610001 4.99252
14620001 4.99351
14630001 4.99446
14640001 4.99538
14650001 4.99635
14660001 4.99728
14670001 4.9982
14680001 4.9991
14690001 5.00007
14700001 5.00108
14710001 5.00205
14720001 5.00302
14730001 5.0039
14740001 5.00486
14750001 5.00581
14760001 5.00681
14770001 5.00777
14780001 5.00879
14790001 5.00973
14800001 5.01065
14810001 5.01157
14820001 5.01248
14830001 5.01338
14840001 5.01435
14850001 5.01536
14860001 5.0163
14870001 5.0173
14880001 5.01827
14890001 5.01914
14900001 5.02005
14910001 5.02104
14920001 5.02196
14930001 5.02292
14940001 5.02386
14950001 5.02482
14960001 5.02577
14970001 5.02676
14980001 5.02766
14990001 5.02862
15000001 5.02959
15010001 5.03051
15020001 5.03147
15030001 5.03243
15040001 5.03336
15050001 5.03434
15060001 5.03527
15070001 5.03625
15080001 5.03714
15090001 5.03809
15100001 5.03903
15110001 5.04001
15120001 5.04096
15130001 5.04187
15140001 5.0428
15150001 5.04374
15160001 5.04464
15170001 5.04557
15180001 5.04654
15190001 5.04746
15200001 5.04838
15210001 5.04937
15220001 5.05028
15230001 5.05122
15240001 5.05214
15250001 5.05308
15260001 5.05399
15270001 5.05494
15280001 5.05592
15290001 5.05684
15300001 5.0578
15310001 5.05871
15320001 5.05965
15330001 5.06059
15340001 5.06159
15350001 5.06254
15360001 5.0635
15370001 5.06447
15380001 5.06541
15390001 5.0663
15400001 5.06723
15410001 5.06815
15420001 5.06908
15430001 5.07002
15440001 5.07095
15450001 5.07187
15460001 5.07281
15470001 5.0737
15480001 5.07467
15490001 5.07565
15500001 5.07658
15510001 5.07752
15520001 5.07841
15530001 5.07936
15540001 5.08033
15550001 5.08121
15560001 5.08212
15570001 5.08301
15580001 5.08397
15590001 5.08492
15600001 5.08585
15610001 5.08679
15620001 5.08772
15630001 5.08863
15640001 5.08957
15650001 5.09045
15660001 5.09135
15670001 5.09231
15680001 5.09322
15690001 5.09414
15700001 5.0951
15710001 5.09606
15720001 5.09698
15730001 5.09794
15740001 5.09888
15750001 5.09976
15760001 5.10068
15770001 5.10161
15780001 5.10251
15790001 5.1034
15800001 5.10433
15810001 5.10527
15820001 5.10622
15830001 5.10716
15840001 5.10805
15850001 5.109
15860001 5.10993
15870001 5.11086
15880001 5.11174
15890001 5.11269
15900001 5.11362
15910001 5.11456
15920001 5.11554
15930001 5.11647
15940001 5.11741
15950001 5.11835
15960001 5.11929
15970001 5.12024
15980001 5.12115
15990001 5.12202
16000001 5.12298
16010001 5.12392
16020001 5.1248
16030001 5.12571
16040001 5.12669
16050001 5.12761
16060001 5.12849
16070001 5.12942
16080001 5.13037
16090001 5.13129
16100001 5.13221
16110001 5.13314
16120001 5.13407
16130001 5.13499
16140001 5.13592
16150001 5.13687
16160001 5.1378
16170001 5.13865
16180001 5.13959
16190001 5.14055
16200001 5.14143
16210001 5.14239
16220001 5.14336
16230001 5.14433
16240001 5.14526
16250001 5.14619
16260001 5.14714
16270001 5.14805
16280001 5.14897
16290001 5.14988
16300001 5.15082
16310001 5.15173
16320001 5.15264
16330001 5.15353
16340001 5.15437
16350001 5.15531
16360001 5.15622
16370001 5.15718
16380001 5.15809
16390001 5.15902
16400001 5.15996
16410001 5.16085
16420001 5.16178
16430001 5.16269
16440001 5.16355
16450001 5.16451
16460001 5.16541
16470001 5.16632
16480001 5.16723
16490001 5.16811
16500001 5.16901
16510001 5.16986
16520001 5.17081
16530001 5.17175
16540001 5.17262
16550001 5.17354
16560001 5.17445
16570001 5.17532
16580001 5.17622
16590001 5.17713
16600001 5.17809
16610001 5.17897
16620001 5.17984
16630001 5.18076
16640001 5.18167
16650001 5.18259
16660001 5.18348
16670001 5.18436
16680001 5.18523
16690001 5.18612
16700001 5.18706
16710001 5.18795
16720001 5.18886
16730001 5.18982
16740001 5.19074
16750001 5.19165
16760001 5.19255
16770001 5.19345
16780001 5.19437
16790001 5.19529
16800001 5.19622
16810001 5.19715
16820001 5.19803
16830001 5.19899
16840001 5.1999
16850001 5.20082
16860001 5.2017
16870001 5.20261
16880001 5.20351
16890001 5.20437
16900001 5.2053
16910001 5.2062
16920001 5.2071
16930001 5.20798
16940001 5.20884
16950001 5.20973
16960001 5.21061
16970001 5.21148
16980001 5.21242
16990001 5.21334
17000001 5.21422
17010001 5.21511
17020001 5.21605
17030001 5.21696
17040001 5.21785
17050001 5.21873
17060001 5.21961
17070001 5.2205
17080001 5.2214
17090001 5.22227
17100001 5.22314
17110001 5.22405
17120001 5.22495
17130001 5.22585
17140001 5.2267
17150001 5.22759
17160001 5.22853
17170001 5.22947
17180001 5.23035
17190001 5.23125
17200001 5.23214
17210001 5.23304
17220001 5.23393
17230001 5.23486
17240001 5.23574
17250001 5.23662
17260001 5.23753
17270001 5.2384
17280001 5.23925
17290001 5.24012
17300001 5.24099
17310001 5.24188
17320001 5.24278
17330001 5.24368
17340001 5.24457
17350001 5.24552
17360001 5.2464
17370001 5.24728
17380001 5.24818
17390001 5.24908
17400001 5.24995
17410001 5.25091
17420001 5.25182
17430001 5.25268
17440001 5.25354
17450001 5.25441
17460001 5.25537
17470001 5.2563
17480001 5.2571
17490001 5.25801
17500001 5.25889
17510001 5.25983
17520001 5.26068
17530001 5.2616
17540001 5.26245
17550001 5.26337
17560001 5.26429
17570001 5.26522
17580001 5.26608
17590001 5.26698
17600001 5.26785
17610001 5.26872
17620001 5.2696
17630001 5.27044
17640001 5.27129
17650001 5.27219
17660001 5.27308
17670001 5.27399
17680001 5.27482
17690001 5.27569
17700001 5.27664
17710001 5.27751
17720001 5.27836
17730001 5.2793
17740001 5.28022
17750001 5.28109
17760001 5.28197
17770001 5.28287
17780001 5.28375
17790001 5.2846
17800001 5.28547
17810001 5.28633
17820001 5.28724
17830001 5.28812
17840001 5.28899
17850001 5.28987
17860001 5.29077
17870001 5.29166
17880001 5.29254
17890001 5.29338
17900001 5.29422
17910001 5.29513
17920001 5.29605
17930001 5.29695
17940001 5.29781
17950001 5.29869
17960001 5.29962
17970001 5.30048
17980001 5.30136
17990001 5.30229
18000001 5.30319
18010001 5.30407
18020001 5.30492
18030001 5.30583
18040001 5.30675
18050001 5.30767
18060001 5.30848
18070001 5.30943
18080001 5.31028
18090001 5.31116
18100001 5.312
18110001 5.31286
18120001 5.31369
18130001 5.31463
18140001 5.31549
18150001 5.3164
18160001 5.31726
18170001 5.3181
18180001 5.31897
18190001 5.31983
18200001 5.32072
18210001 5.32164
18220001 5.32254
18230001 5.32345
18240001 5.32431
18250001 5.3252
18260001 5.32607
18270001 5.32694
18280001 5.32776
18290001 5.32864
18300001 5.3295
18310001 5.33036
18320001 5.33121
18330001 5.33209
18340001 5.33296
18350001 5.33386
18360001 5.33468
18370001 5.33559
18380001 5.33649
18390001 5.33737
18400001 5.33824
18410001 5.3391
18420001 5.33994
18430001 5.3408
18440001 5.34167
18450001 5.3426
18460001 5.34351
18470001 5.34431
18480001 5.34517
18490001 5.346
18500001 5.34688
18510001 5.34778
18520001 5.34861
18530001 5.3495
18540001 5.35035
18550001 5.35125
18560001 5.35212
18570001 5.35293
18580001 5.35381
18590001 5.35467
18600001 5.35553
18610001 5.3564
18620001 5.35729
18630001 5.35813
18640001 5.35897
18650001 5.35983
18660001 5.36071
18670001 5.36155
18680001 5.36242
18690001 5.3633
18700001 5.36413
18710001 5.36501
18720001 5.3659
18730001 5.3668
18740001 5.36764
18750001 5.36851
18760001 5.36934
18770001 5.37022
18780001 5.37112
18790001 5.37196
18800001 5.37283
18810001 5.37368
18820001 5.37455
18830001 5.37543
18840001 5.37626
18850001 5.37711
18860001 5.37796
18870001 5.37885
18880001 5.37974
18890001 5.38058
18900001 5.38147
18910001 5.38236
18920001 5.38321
18930001 5.38409
18940001 5.3849
18950001 5.38573
18960001 5.38659
18970001 5.38743
18980001 5.38826
18990001 5.38913
19000001 5.38998
19010001 5.39081
19020001 5.39168
19030001 5.39254
19040001 5.3934
19050001 5.39428
19060001 5.39512
19070001 5.396
19080001 5.39687
19090001 5.39772
19100001 5.39857
19110001 5.39944
19120001 5.40028
19130001 5.40112
19140001 5.40192
19150001 5.40276
19160001 5.40361
19170001 5.40451
19180001 5.40535
19190001 5.4062
19200001 5.40705
19210001 5.40792
19220001 5.40871
19230001 5.40964
19240001 5.41046
19250001 5.41134
19260001 5.41221
19270001 5.41304
19280001 5.4139
19290001 5.41478
19300001 5.41562
19310001 5.41644
19320001 5.41726
19330001 5.41811
19340001 5.41895
19350001 5.41981
19360001 5.42064
19370001 5.42147
19380001 5.42235
19390001 5.42321
19400001 5.42409
19410001 5.4249
19420001 5.42572
19430001 5.42656
19440001 5.42745
19450001 5.42828
19460001 5.42915
19470001 5.42999
19480001 5.4308
19490001 5.43167
19500001 5.43251
19510001 5.43337
19520001 5.43424
19530001 5.4351
19540001 5.43598
19550001 5.43682
19560001 5.43765
19570001 5.43848
19580001 5.43936
19590001 5.4402
19600001 5.441
19610001 5.44189
19620001 5.44272
19630001 5.44358
19640001 5.44438
19650001 5.44521
19660001 5.44611
19670001 5.44694
19680001 5.4478
19690001 5.44867
19700001 5.44949
19710001 5.45038
19720001 5.4512
19730001 5.45199
19740001 5.45289
19750001 5.45375
19760001 5.45454
19770001 5.45543
19780001 5.45624
19790001 5.45706
19800001 5.45788
19810001 5.45875
19820001 5.45962
19830001 5.46047
19840001 5.46133
19850001 5.46214
19860001 5.46296
19870001 5.46379
19880001 5.46464
19890001 5.46549
19900001 5.46632
19910001 5.46717
19920001 5.46799
19930001 5.46883
19940001 5.46965
19950001 5.47051
19960001 5.47133
19970001 5.47216
19980001 5.47297
19990001 5.47387
20000001 5.47468
20010001 5.47552
20020001 5.47632
20030001 5.47721
20040001 5.47803
20050001 5.47883
20060001 5.47969
20070001 5.48054
20080001 5.48138
20090001 5.48219
20100001 5.48299
20110001 5.4838
20120001 5.48469
20130001 5.48553
20140001 5.48633
20150001 5.4873
20160001 5.48809
20170001 5.48893
20180001 5.48976
20190001 5.49053
20200001 5.49139
20210001 5.49218
20220001 5.49302
20230001 5.49382
20240001 5.49462
20250001 5.49551
20260001 5.49634
20270001 5.49721
20280001 5.49803
20290001 5.49887
20300001 5.49973
20310001 5.50057
20320001 5.50141
20330001 5.50225
20340001 5.50306
20350001 5.50397
20360001 5.50474
20370001 5.50551
20380001 5.5063
20390001 5.50718
20400001 5.50797
20410001 5.50878
20420001 5.5096
20430001 5.51044
20440001 5.51127
20450001 5.51212
20460001 5.51293
20470001 5.51378
20480001 5.51464
20490001 5.51543
20500001 5.51624
20510001 5.51709
20520001 5.51794
20530001 5.51876
20540001 5.51965
20550001 5.52047
20560001 5.52132
20570001 5.52214
20580001 5.52294
20590001 5.52376
20600001 5.52459
20610001 5.52541
20620001 5.52622
20630001 5.52704
20640001 5.52788
20650001 5.52875
20660001 5.52961
20670001 5.53043
20680001 5.53123
20690001 5.53206
20700001 5.53285
20710001 5.53365
20720001 5.53444
20730001 5.53527
20740001 5.53606
20750001 5.53688
20760001 5.53774
20770001 5.53857
20780001 5.53938
20790001 5.54021
20800001 5.54102
20810001 5.54184
20820001 5.54264
20830001 5.54345
20840001 5.54422
20850001 5.54505
20860001 5.54586
20870001 5.54674
20880001 5.54759
20890001 5.54841
20900001 5.54925
20910001 5.55012
20920001 5.55093
20930001 5.55177
20940001 5.55261
20950001 5.5534
20960001 5.55429
20970001 5.55508
20980001 5.55592
20990001 5.55676
21000001 5.55759
21010001 5.55842
21020001 5.55924
21030001 5.56006
21040001 5.56087
21050001 5.56171
21060001 5.56253
21070001 5.56335
21080001 5.56417
21090001 5.56494
21100001 5.56579
21110001 5.56661
21120001 5.56745
21130001 5.56826
21140001 5.56907
21150001 5.57004
21160001 5.57074
21170001 5.57149
21180001 5.57229
21190001 5.57312
21200001 5.57394
21210001 5.57475
21220001 5.57555
21230001 5.57637
21240001 5.57715
21250001 5.578
21260001 5.57879
21270001 5.57961
21280001 5.58043
21290001 5.58123
21300001 5.58201
21310001 5.58276
21320001 5.58359
21330001 5.58445
21340001 5.58527
21350001 5.58606
21360001 5.58687
21370001 5.58769
21380001 5.58852
21390001 5.58932
21400001 5.59017
21410001 5.59101
21420001 5.59178
21430001 5.59262
21440001 5.5934
21450001 5.59422
21460001 5.59502
21470001 5.5958
21480001 5.59659
21490001 5.5974
21500001 5.59823
21510001 5.59902
21520001 5.59978
21530001 5.60061
21540001 5.60141
21550001 5.60221
21560001 5.60302
21570001 5.60387
21580001 5.60468
21590001 5.60548
21600001 5.60628
21610001 5.60708
21620001 5.60788
21630001 5.60872
21640001 5.6095
21650001 5.61036
21660001 5.61111
21670001 5.61192
21680001 5.61275
21690001 5.61355
21700001 5.61433
21710001 5.61513
21720001 5.61594
21730001 5.61674
21740001 5.61755
21750001 5.61837
21760001 5.61917
21770001 5.61995
21780001 5.62079
21790001 5.6216
21800001 5.62239
21810001 5.62317
21820001 5.62398
21830001 5.62481
21840001 5.62561
21850001 5.62639
21860001 5.62719
21870001 5.62797
21880001 5.62879
21890001 5.62959
21900001 5.63037
21910001 5.63114
21920001 5.63191
21930001 5.63274
21940001 5.63358
21950001 5.63439
21960001 5.63517
21970001 5.63597
21980001 5.63682
21990001 5.63763
22000001 5.63843
22010001 5.63924
22020001 5.64003
22030001 5.64085
22040001 5.64164
22050001 5.64245
22060001 5.64321
22070001 5.64405
22080001 5.64485
22090001 5.64566
22100001 5.64645
22110001 5.64725
22120001 5.64804
22130001 5.64883
22140001 5.64965
22150001 5.65045
22160001 5.65127
22170001 5.65211
22180001 5.65291
22190001 5.65368
22200001 5.6545
22210001 5.65527
22220001 5.65606
22230001 5.65685
22240001 5.65762
22250001 5.65838
22260001 5.65922
22270001 5.66001
22280001 5.66081
22290001 5.66161
22300001 5.66237
22310001 5.66319
22320001 5.664
22330001 5.66476
22340001 5.66558
22350001 5.66634
22360001 5.66717
22370001 5.66795
22380001 5.66874
22390001 5.66958
22400001 5.67034
22410001 5.67113
22420001 5.67193
22430001 5.67273
22440001 5.67351
22450001 5.67433
22460001 5.6751
22470001 5.67588
22480001 5.67668
22490001 5.67746
22500001 5.67822
22510001 5.67903
22520001 5.67984
22530001 5.68066
22540001 5.68141
22550001 5.68218
22560001 5.68295
22570001 5.68375
22580001 5.68454
22590001 5.68533
22600001 5.68612
22610001 5.68694
22620001 5.68772
22630001 5.68849
22640001 5.68929
22650001 5.69007
22660001 5.69083
22670001 5.69162
22680001 5.69237
22690001 5.6932
22700001 5.69399
22710001 5.69481
22720001 5.69557
22730001 5.6964
22740001 5.6972
22750001 5.69798
22760001 5.69878
22770001 5.69956
22780001 5.70032
22790001 5.70114
22800001 5.7019
22810001 5.70269
22820001 5.70349
22830001 5.70427
22840001 5.70505
22850001 5.70584
22860001 5.7066
22870001 5.7074
22880001 5.70821
22890001 5.70897
22900001 5.7097
22910001 5.71045
22920001 5.71129
22930001 5.71207
22940001 5.71289
22950001 5.71367
22960001 5.71439
22970001 5.7152
22980001 5.71597
22990001 5.71677
23000001 5.71752
23010001 5.71834
23020001 5.71916
23030001 5.71994
23040001 5.7207
23050001 5.72147
23060001 5.72227
23070001 5.72308
23080001 5.72385
23090001 5.72463
23100001 5.72543
23110001 5.72619
23120001 5.72696
23130001 5.72773
23140001 5.72854
23150001 5.7293
23160001 5.73009
23170001 5.73089
23180001 5.73167
23190001 5.7325
23200001 5.73326
23210001 5.73404
23220001 5.73478
23230001 5.73557
23240001 5.73628
23250001 5.73706
23260001 5.73784
23270001 5.73862
23280001 5.73941
23290001 5.74017
23300001 5.74101
23310001 5.74178
23320001 5.7426
23330001 5.74335
23340001 5.74412
23350001 5.7449
23360001 5.74567
23370001 5.74644
23380001 5.74723
23390001 5.74805
23400001 5.74883
23410001 5.7496
23420001 5.75038
23430001 5.75114
23440001 5.75187
23450001 5.75263
23460001 5.75345
23470001 5.75421
23480001 5.75493
23490001 5.7557
23500001 5.75643
23510001 5.75728
23520001 5.75805
23530001 5.75883
23540001 5.75958
23550001 5.76035
23560001 5.76109
23570001 5.7619
23580001 5.76264
23590001 5.76341
23600001 5.76421
23610001 5.76502
23620001 5.76578
23630001 5.7666
23640001 5.76738
23650001 5.76814
23660001 5.76891
23670001 5.76969
23680001 5.77042
23690001 5.77119
23700001 5.77198
23710001 5.77275
23720001 5.7735
23730001 5.77432
23740001 5.77511
23750001 5.77589
23760001 5.77664
23770001 5.7774
23780001 5.77817
23790001 5.77893
23800001 5.77969
23810001 5.78046
23820001 5.78123
23830001 5.78203
23840001 5.78281
23850001 5.78358
23860001 5.78434
23870001 5.78509
23880001 5.78588
23890001 5.78669
23900001 5.78747
23910001 5.78824
23920001 5.78902
23930001 5.78976
23940001 5.79053
23950001 5.79127
23960001 5.79204
23970001 5.79278
23980001 5.79358
23990001 5.79434
24000001 5.7951
24010001 5.79584
24020001 5.7966
24030001 5.79735
24040001 5.79813
24050001 5.7989
24060001 5.79964
24070001 5.8004
24080001 5.80114
24090001 5.8019
24100001 5.80267
24110001 5.80344
24120001 5.80413
24130001 5.8049
24140001 5.80568
24150001 5.80645
24160001 5.80721
24170001 5.80795
24180001 5.80868
24190001 5.80946
24200001 5.8102
24210001 5.811
24220001 5.81176
24230001 5.81253
24240001 5.81327
24250001 5.81404
24260001 5.81482
24270001 5.81559
24280001 5.81633
24290001 5.81711
24300001 5.81786
24310001 5.81867
24320001 5.81943
24330001 5.82019
24340001 5.82097
24350001 5.82176
24360001 5.82252
24370001 5.82328
24380001 5.82405
24390001 5.82479
24400001 5.82552
24410001 5.82628
24420001 5.82706
24430001 5.8278
24440001 5.82852
24450001 5.82928
24460001 5.83002
24470001 5.83073
24480001 5.8315
24490001 5.83223
24500001 5.833
24510001 5.83378
24520001 5.83457
24530001 5.83529
24540001 5.83607
24550001 5.83675
24560001 5.83759
24570001 5.8384
24580001 5.83912
24590001 5.83987
24600001 5.8406
24610001 5.84134
24620001 5.8421
24630001 5.84286
24640001 5.84367
24650001 5.84439
24660001 5.84518
24670001 5.84591
24680001 5.8467
24690001 5.84746
24700001 5.84823
24710001 5.84898
24720001 5.84969
24730001 5.85045
24740001 5.85125
24750001 5.85198
24760001 5.85277
24770001 5.85356
24780001 5.85429
24790001 5.85518
24800001 5.85588
24810001 5.85664
24820001 5.85734
24830001 5.8581
24840001 5.85881
24850001 5.85955
24860001 5.86028
24870001 5.86105
24880001 5.86179
24890001 5.86253
24900001 5.8633
24910001 5.86405
24920001 5.86483
24930001 5.86559
24940001 5.86633
24950001 5.86706
24960001 5.86776
24970001 5.86851
24980001 5.86929
24990001 5.87004
25000001 5.87077
25010001 5.87152
25020001 5.87226
25030001 5.873
25040001 5.87377
25050001 5.8745
25060001 5.87526
25070001 5.87604
25080001 5.87682
25090001 5.87756
25100001 5.87833
25110001 5.87908
25120001 5.87985
25130001 5.88062
25140001 5.88133
25150001 5.88207
25160001 5.8828
25170001 5.88358
25180001 5.88427
25190001 5.88504
25200001 5.88576
25210001 5.88652
25220001 5.88726
25230001 5.88801
25240001 5.88872
25250001 5.88948
25260001 5.89023
25270001 5.891
25280001 5.89171
25290001 5.89245
25300001 5.8932
25310001 5.89394
25320001 5.8947
25330001 5.89546
25340001 5.89614
25350001 5.89688
25360001 5.89761
25370001 5.89838
25380001 5.89911
25390001 5.89986
25400001 5.90061
25410001 5.90134
25420001 5.90208
25430001 5.90281
25440001 5.90353
25450001 5.90427
25460001 5.90496
25470001 5.90571
25480001 5.90644
25490001 5.90719
25500001 5.90792
25510001 5.90865
25520001 5.9094
25530001 5.91016
25540001 5.91093
25550001 5.91167
25560001 5.91243
25570001 5.91317
25580001 5.91391
25590001 5.91465
25600001 5.91539
25610001 5.91612
25620001 5.9169
25630001 5.91766
25640001 5.9184
25650001 5.91911
25660001 5.91987
25670001 5.9206
25680001 5.92135
25690001 5.92211
25700001 5.92284
25710001 5.92357
25720001 5.92429
25730001 5.92505
25740001 5.9258
25750001 5.92653
25760001 5.92725
25770001 5.928
25780001 5.92873
25790001 5.92944
25800001 5.93018
25810001 5.93095
25820001 5.93166
25830001 5.93235
25840001 5.93309
25850001 5.93379
25860001 5.93454
25870001 5.93532
25880001 5.93608
25890001 5.93681
25900001 5.93755
25910001 5.93833
25920001 5.93906
25930001 5.93978
25940001 5.94052
25950001 5.94122
25960001 5.94198
25970001 5.94278
25980001 5.94352
25990001 5.94423
26000001 5.94495
26010001 5.94572
26020001 5.94644
26030001 5.94719
26040001 5.94789
26050001 5.94864
26060001 5.94939
26070001 5.95014
26080001 5.9509
26090001 5.95165
26100001 5.95233
26110001 5.95307
26120001 5.95382
26130001 5.95453
26140001 5.9553
26150001 5.95599
26160001 5.95676
26170001 5.95747
26180001 5.95819
26190001 5.95892
26200001 5.95967
26210001 5.96041
26220001 5.96115
26230001 5.96185
26240001 5.9626
26250001 5.96335
26260001 5.96408
26270001 5.96482
26280001 5.96553
26290001 5.96627
26300001 5.96696
26310001 5.96766
26320001 5.96847
26330001 5.96917
26340001 5.9699
26350001 5.97066
26360001 5.97137
26370001 5.97209
26380001 5.97281
26390001 5.97356
26400001 5.97428
26410001 5.97501
26420001 5.97573
26430001 5.97648
26440001 5.9772
26450001 5.97794
26460001 5.97872
26470001 5.97943
26480001 5.98015
26490001 5.98089
26500001 5.98164
26510001 5.98228
26520001 5.98304
26530001 5.98379
26540001 5.9845
26550001 5.98521
26560001 5.98595
26570001 5.9867
26580001 5.98741
26590001 5.98813
26600001 5.98886
26610001 5.98955
26620001 5.99031
26630001 5.99106
26640001 5.9918
26650001 5.99249
26660001 5.99323
26670001 5.99392
26680001 5.99465
26690001 5.99538
26700001 5.99605
26710001 5.99678
26720001 5.99749
26730001 5.99815
26740001 5.99891
26750001 5.99963
26760001 6.00036
26770001 6.00111
26780001 6.0018
26790001 6.00255
26800001 6.00326
26810001 6.00396
26820001 6.0047
26830001 6.00542
26840001 6.00618
26850001 6.00693
26860001 6.00764
26870001 6.00836
26880001 6.00911
26890001 6.00985
26900001 6.01057
26910001 6.01132
26920001 6.01207
26930001 6.01278
26940001 6.01351
26950001 6.01426
26960001 6.015
26970001 6.01569
26980001 6.01642
26990001 6.01716
27000001 6.01786
27010001 6.01857
27020001 6.01927
27030001 6.02002
27040001 6.02073
27050001 6.02148
27060001 6.02218
27070001 6.02294
27080001 6.02366
27090001 6.02432
27100001 6.02506
27110001 6.02576
27120001 6.02653
27130001 6.02723
27140001 6.0279
27150001 6.02866
27160001 6.02937
27170001 6.03009
27180001 6.03078
27190001 6.0315
27200001 6.03224
27210001 6.03299
27220001 6.0337
27230001 6.0344
27240001 6.03508
27250001 6.03581
27260001 6.03655
27270001 6.03726
27280001 6.03796
27290001 6.03867
27300001 6.03939
27310001 6.04014
27320001 6.04085
27330001 6.04151
27340001 6.04221
27350001 6.04295
27360001 6.04366
27370001 6.04438
27380001 6.04513
27390001 6.04586
27400001 6.04659
27410001 6.04732
27420001 6.04801
27430001 6.04872
27440001 6.04945
27450001 6.05016
27460001 6.05085
27470001 6.05152
27480001 6.05224
27490001 6.05296
27500001 6.05366
27510001 6.05437
27520001 6.05509
27530001 6.0558
27540001 6.05651
27550001 6.05729
27560001 6.05798
27570001 6.0587
27580001 6.05942
27590001 6.06013
27600001 6.06083
27610001 6.06153
27620001 6.06226
27630001 6.06296
27640001 6.06369
27650001 6.06439
27660001 6.0651
27670001 6.06578
27680001 6.06652
27690001 6.06725
27700001 6.06795
27710001 6.06868
27720001 6.06939
27730001 6.07012
27740001 6.07089
27750001 6.07156
27760001 6.07229
27770001 6.07299
27780001 6.07371
27790001 6.07443
27800001 6.07515
27810001 6.07587
27820001 6.07655
27830001 6.07723
27840001 6.07794
27850001 6.07863
27860001 6.07936
27870001 6.08003
27880001 6.08073
27890001 6.08141
27900001 6.08211
27910001 6.08283
27920001 6.08353
27930001 6.0842
27940001 6.08491
27950001 6.08567
27960001 6.08638
27970001 6.08706
27980001 6.08775
27990001 6.08849
28000001 6.08916
28010001 6.08984
28020001 6.09055
28030001 6.09127
28040001 6.09199
28050001 6.09272
28060001 6.09346
28070001 6.09415
28080001 6.09487
28090001 6.09559
28100001 6.0963
28110001 6.09699
28120001 6.09773
28130001 6.09842
28140001 6.09911
28150001 6.09981
28160001 6.10053
28170001 6.10122
28180001 6.10192
28190001 6.10264
28200001 6.10334
28210001 6.10406
28220001 6.10474
28230001 6.10547
28240001 6.10613
28250001 6.10684
28260001 6.10754
28270001 6.10824
28280001 6.10894
28290001 6.10967
28300001 6.11031
28310001 6.11104
28320001 6.11176
28330001 6.1125
28340001 6.11321
28350001 6.11388
28360001 6.11456
28370001 6.11533
28380001 6.11607
28390001 6.11677
28400001 6.11748
28410001 6.11819
28420001 6.11888
28430001 6.11958
28440001 6.12026
28450001 6.12097
28460001 6.12164
28470001 6.12231
28480001 6.12303
28490001 6.12374
28500001 6.12443
28510001 6.12515
28520001 6.1259
28530001 6.12663
28540001 6.12731
28550001 6.12798
28560001 6.12865
28570001 6.12936
28580001 6.13002
28590001 6.13075
28600001 6.13142
28610001 6.13208
28620001 6.1328
28630001 6.13348
28640001 6.13417
28650001 6.13487
28660001 6.13559
28670001 6.1363
28680001 6.13696
28690001 6.13764
28700001 6.13833
28710001 6.13904
28720001 6.13973
28730001 6.14047
28740001 6.14115
28750001 6.14185
28760001 6.14255
28770001 6.14325
28780001 6.14394
28790001 6.14461
28800001 6.14531
28810001 6.14604
28820001 6.14674
28830001 6.14745
28840001 6.14814
28850001 6.14885
28860001 6.14953
28870001 6.15021
28880001 6.15088
28890001 6.1516
28900001 6.15231
28910001 6.15302
28920001 6.1537
28930001 6.15439
28940001 6.15511
28950001 6.15583
28960001 6.15652
28970001 6.15722
28980001 6.15794
28990001 6.15864
29000001 6.15933
29010001 6.16
29020001 6.1607
29030001 6.16138
29040001 6.16205
29050001 6.16272
29060001 6.16343
29070001 6.16413
29080001 6.16484
29090001 6.16552
29100001 6.16618
29110001 6.16687
29120001 6.1676
29130001 6.16829
29140001 6.16898
29150001 6.16971
29160001 6.17038
29170001 6.17105
29180001 6.1717
29190001 6.17237
29200001 6.17306
29210001 6.17376
29220001 6.17448
29230001 6.17515
29240001 6.17581
29250001 6.17651
29260001 6.17721
29270001 6.1779
29280001 6.17856
29290001 6.17925
29300001 6.17997
29310001 6.18062
29320001 6.18129
29330001 6.18198
29340001 6.18272
29350001 6.1834
29360001 6.18413
29370001 6.18481
29380001 6.1855
29390001 6.1862
29400001 6.18687
29410001 6.18754
29420001 6.18825
29430001 6.18896
29440001 6.18962
29450001 6.1903
29460001 6.19097
29470001 6.1917
29480001 6.19242
29490001 6.1931
29500001 6.19374
29510001 6.19441
29520001 6.19513
29530001 6.19576
29540001 6.1964
29550001 6.19709
29560001 6.19779
29570001 6.1985
29580001 6.19918
29590001 6.19987
29600001 6.20056
29610001 6.20124
29620001 6.20197
29630001 6.20264
29640001 6.20331
29650001 6.20401
29660001 6.20468
29670001 6.20535
29680001 6.20602
29690001 6.20672
29700001 6.20741
29710001 6.20812
29720001 6.20885
29730001 6.2095
29740001 6.21016
29750001 6.21082
29760001 6.21151
29770001 6.21219
29780001 6.21286
29790001 6.21354
29800001 6.21419
29810001 6.21489
29820001 6.21559
29830001 6.2163
29840001 6.217
29850001 6.21765
29860001 6.21832
29870001 6.21903
29880001 6.21971
29890001 6.22038
29900001 6.22106
29910001 6.22173
29920001 6.22239
29930001 6.22305
29940001 6.22374
29950001 6.22447
29960001 6.22511
29970001 6.22575
29980001 6.22641
29990001 6.22708
