1 11.4218
11 4.84625
21 4.42991
31 4.18345
41 4.00951
51 3.87712
61 3.77252
71 3.68644
81 3.61435
91 3.55284
101 3.49945
111 3.45278
121 3.41147
131 3.37491
141 3.34182
151 3.31225
161 3.28555
171 3.26114
181 3.23883
191 3.21871
201 3.20035
211 3.18314
221 3.16758
231 3.1533
241 3.13989
251 3.12766
261 3.11634
271 3.10599
281 3.09676
291 3.08809
301 3.08028
311 3.07279
321 3.06618
331 3.05997
341 3.05435
351 3.04922
361 3.04458
371 3.04039
381 3.03648
391 3.03291
401 3.02971
411 3.02665
421 3.02419
431 3.0221
441 3.02024
451 3.01875
461 3.01721
471 3.01615
481 3.0151
491 3.01434
501 3.01396
511 3.01369
521 3.0135
531 3.01363
541 3.01379
551 3.01432
561 3.01487
571 3.01578
581 3.01662
591 3.01764
601 3.01889
611 3.02011
621 3.02147
631 3.02276
641 3.02445
651 3.02604
661 3.0279
671 3.02961
681 3.03174
691 3.03371
701 3.03579
711 3.03807
721 3.04029
731 3.04226
741 3.04487
751 3.04733
761 3.04985
771 3.05244
781 3.05533
791 3.05793
801 3.06079
811 3.06354
821 3.06642
831 3.06931
841 3.07247
851 3.07548
861 3.07846
871 3.08154
881 3.08489
891 3.08783
901 3.09113
911 3.09433
921 3.09757
931 3.10093
941 3.10416
951 3.10751
961 3.11094
971 3.11444
981 3.11805
991 3.12161
1001 3.12491
1011 3.12837
1021 3.13206
1031 3.13561
1041 3.1391
1051 3.14274
1061 3.14619
1071 3.14991
1081 3.15343
1091 3.15728
1101 3.16089
1111 3.16436
1121 3.1681
1131 3.17179
1141 3.17561
1151 3.17933
1161 3.1831
1171 3.18694
1181 3.19063
1191 3.19448
1201 3.19829
1211 3.20213
1221 3.20608
1231 3.20992
1241 3.21377
1251 3.21772
1261 3.22163
1271 3.22542
1281 3.22927
1291 3.23302
1301 3.23704
1311 3.24087
1321 3.24455
1331 3.24854
1341 3.25241
1351 3.25627
1361 3.25997
1371 3.2637
1381 3.2675
1391 3.27128
1401 3.27531
1411 3.27903
1421 3.28308
1431 3.28689
1441 3.29085
1451 3.29478
1461 3.29873
1471 3.30266
1481 3.30658
1491 3.31052
1501 3.31455
1511 3.31844
1521 3.32247
1531 3.32637
1541 3.33041
1551 3.33435
1561 3.3383
1571 3.34229
1581 3.34607
1591 3.35008
1601 3.35404
1611 3.35796
1621 3.36205
1631 3.36585
1641 3.36974
1651 3.37357
1661 3.37762
1671 3.3813
1681 3.38518
1691 3.38917
1701 3.39283
1711 3.39707
1721 3.401
1731 3.40493
1741 3.40883
1751 3.41265
1761 3.41651
1771 3.4203
1781 3.42417
1791 3.42808
1801 3.432
1811 3.43566
1821 3.43955
1831 3.44335
1841 3.44704
1851 3.45073
1861 3.45464
1871 3.45845
1881 3.4622
1891 3.46612
1901 3.46998
1911 3.47386
1921 3.47758
1931 3.48145
1941 3.48519
1951 3.48887
1961 3.49274
1971 3.49657
1981 3.50026
1991 3.50401
2001 3.50783
2011 3.5116
2021 3.51551
2031 3.51946
2041 3.52313
2051 3.52676
2061 3.53037
2071 3.53427
2081 3.538
2091 3.54181
2101 3.54562
2111 3.54939
2121 3.55297
2131 3.55676
2141 3.56049
2151 3.56412
2161 3.56774
2171 3.5715
2181 3.57524
2191 3.57889
2201 3.58256
2211 3.58602
2221 3.58971
2231 3.59332
2241 3.59688
2251 3.60055
2261 3.60434
2271 3.60815
2281 3.61174
2291 3.61525
2301 3.61873
2311 3.62234
2321 3.62597
2331 3.62962
2341 3.63322
2351 3.63686
2361 3.6405
2371 3.64394
2381 3.6477
2391 3.65142
2401 3.65491
2411 3.65851
2421 3.66188
2431 3.66545
2441 3.66916
2451 3.67283
2461 3.67647
2471 3.68
2481 3.68364
2491 3.68714
2501 3.69068
2511 3.69426
2521 3.69783
2531 3.7014
2541 3.70476
2551 3.70844
2561 3.71208
2571 3.71541
2581 3.71875
2591 3.72232
2601 3.72578
2611 3.72934
2621 3.73273
2631 3.73629
2641 3.73995
2651 3.74326
2661 3.74671
2671 3.75015
2681 3.75384
2691 3.75718
2701 3.76069
2711 3.76418
2721 3.76772
2731 3.77115
2741 3.77472
2751 3.77816
2761 3.78167
2771 3.78515
2781 3.78865
2791 3.79214
2801 3.79528
2811 3.79888
2821 3.80214
2831 3.80549
2841 3.80895
2851 3.81251
2861 3.81577
2871 3.81898
2881 3.8224
2891 3.82571
2901 3.82897
2911 3.8324
2921 3.83568
2931 3.83904
2941 3.84255
2951 3.84607
2961 3.84943
2971 3.85267
2981 3.85595
2991 3.85928
3001 3.86273
3011 3.8661
3021 3.86934
3031 3.87269
3041 3.87596
3051 3.87934
3061 3.88238
3071 3.88571
3081 3.88895
3091 3.89215
3101 3.89553
3111 3.89876
3121 3.90219
3131 3.9056
3141 3.90882
3151 3.91215
3161 3.91544
3171 3.91868
3181 3.92202
3191 3.92522
3201 3.92858
3211 3.93176
3221 3.93505
3231 3.9383
3241 3.94163
3251 3.94478
3261 3.94801
3271 3.95125
3281 3.95449
3291 3.95755
3301 3.96066
3311 3.96391
3321 3.96715
3331 3.97034
3341 3.9737
3351 3.9768
3361 3.97998
3371 3.98318
3381 3.98629
3391 3.98959
3401 3.99268
3411 3.99592
3421 3.99909
3431 4.00214
3441 4.00529
3451 4.0083
3461 4.01143
3471 4.01466
3481 4.01782
3491 4.02085
3501 4.02402
3511 4.0271
3521 4.03007
3531 4.03312
3541 4.0364
3551 4.03946
3561 4.04248
3571 4.04552
3581 4.04857
3591 4.05166
3601 4.05493
3611 4.06559
3621 4.06124
3631 4.06411
3641 4.06714
3651 4.07007
3661 4.07316
3671 4.07633
3681 4.07935
3691 4.08258
3701 4.08559
3711 4.0886
3721 4.09169
3731 4.09477
3741 4.0977
3751 4.10073
3761 4.10382
3771 4.10677
3781 4.10971
3791 4.11286
3801 4.11591
3811 4.11899
3821 4.12202
3831 4.12503
3841 4.12811
3851 4.13101
3861 4.1342
3871 4.13707
3881 4.1401
3891 4.14296
3901 4.14592
3911 4.14901
3921 4.15192
3931 4.15495
3941 4.15794
3951 4.1609
3961 4.16376
3971 4.16672
3981 4.16956
3991 4.17245
4001 4.17537
4011 4.17834
4021 4.18131
4031 4.1843
4041 4.18742
4051 4.19021
4061 4.19304
4071 4.19605
4081 4.19901
4091 4.20184
4101 4.20483
4111 4.20771
4121 4.2107
4131 4.21366
4141 4.21643
4151 4.21939
4161 4.22218
4171 4.22506
4181 4.22795
4191 4.23097
4201 4.23377
4211 4.23649
4221 4.23933
4231 4.24222
4241 4.24508
4251 4.24805
4261 4.25084
4271 4.25357
4281 4.25626
4291 4.25899
4301 4.26199
4311 4.26478
4321 4.26766
4331 4.27055
4341 4.27334
4351 4.27629
4361 4.27901
4371 4.28203
4381 4.28482
4391 4.28768
4401 4.29034
4411 4.29321
4421 4.29601
4431 4.2991
4441 4.30193
4451 4.3048
4461 4.3074
4471 4.31025
4481 4.31311
4491 4.31576
4501 4.3186
4511 4.32144
4521 4.32417
4531 4.32721
4541 4.32994
4551 4.33261
4561 4.33534
4571 4.33826
4581 4.34099
4591 4.34364
4601 4.34644
4611 4.34912
4621 4.35157
4631 4.3545
4641 4.35728
4651 4.36001
4661 4.36292
4671 4.36566
4681 4.36841
4691 4.37117
4701 4.3739
4711 4.37654
4721 4.3793
4731 4.38204
4741 4.38483
4751 4.38747
4761 4.39
4771 4.39278
4781 4.39538
4791 4.39812
4801 4.40079
4811 4.40364
4821 4.40619
4831 4.40889
4841 4.41161
4851 4.41439
4861 4.41694
4871 4.41976
4881 4.42245
4891 4.42521
4901 4.4279
4911 4.43038
4921 4.4331
4931 4.4357
4941 4.43839
4951 4.44105
4961 4.44365
4971 4.44636
4981 4.44904
4991 4.45176
