1 2184.45
10001 88.646
20001 44.7732
30001 28.5769
40001 20.9066
50001 16.7199
60001 13.985
70001 12.2804
80001 11.1768
90001 10.3304
100001 9.57209
110001 9.25408
120001 8.83984
130001 8.58131
140001 8.44591
150001 8.10914
160001 7.94263
170001 8.00741
180001 7.76477
190001 7.6941
200001 7.66918
210001 7.37983
220001 7.39432
230001 7.31353
240001 7.27107
250001 7.2955
260001 7.09213
270001 7.01643
280001 7.19184
290001 6.97125
300001 6.94008
310001 6.92493
320001 6.78262
330001 6.83964
340001 6.78628
350001 6.78658
360001 6.818
370001 6.64783
380001 6.5463
390001 6.82568
400001 6.57469
410001 6.57391
420001 6.58529
430001 6.41605
440001 6.51386
450001 6.50846
460001 6.44738
470001 6.54772
480001 6.33453
490001 6.23605
500001 6.47548
510001 6.27946
520001 6.30077
530001 6.33015
540001 6.12192
550001 6.32695
560001 6.2888
570001 6.15994
580001 6.3912
590001 6.16161
600001 6.07766
610001 6.19768
620001 6.02316
630001 6.15254
640001 6.11777
650001 5.96352
660001 6.17539
670001 6.13419
680001 6.0287
690001 6.23341
700001 6.04774
710001 5.93288
720001 6.02453
730001 5.93069
740001 6.01965
750001 6.01634
760001 5.85904
770001 5.80193
780001 6.01881
790001 5.92739
800001 6.09511
810001 5.97154
820001 5.76695
830001 5.93633
840001 5.85293
850001 5.83872
860001 5.93041
870001 5.76714
880001 5.7287
890001 5.96369
900001 5.88604
910001 6.03546
920001 5.93374
930001 5.68355
940001 5.79443
950001 5.77223
960001 5.78123
970001 5.88327
980001 5.69206
990001 5.66833
1000001 5.91738
1010001 5.78569
1020001 5.8973
1030001 5.87262
1040001 5.63107
1050001 5.71371
1060001 5.70621
1070001 5.73864
1080001 5.84126
1090001 5.6478
1100001 5.64624
1110001 5.87419
1120001 5.72472
1130001 5.76509
1140001 5.84086
1150001 5.59107
1160001 5.74609
1170001 5.66822
1180001 5.69413
1190001 5.80631
1200001 5.62404
1210001 5.52947
1220001 5.85882
1230001 5.63139
1240001 5.6458
1250001 5.68757
1260001 5.5483
1270001 5.63951
1280001 5.65356
1290001 5.69131
1300001 5.76668
1310001 5.53858
1320001 5.45039
1330001 5.77455
1340001 5.5985
1350001 5.57249
1360001 5.64461
1370001 5.40236
1380001 5.61367
1390001 5.64704
1400001 5.48778
1410001 5.73158
1420001 5.5036
1430001 5.41512
1440001 5.61785
1450001 5.48043
1460001 5.56212
1470001 5.53696
1480001 5.39121
1490001 5.62028
1500001 5.58167
1510001 5.4753
1520001 5.71462
1530001 5.50605
1540001 5.41535
1550001 5.51624
1560001 5.41072
1570001 5.52954
1580001 5.53365
1590001 5.37406
1600001 5.42448
1610001 5.56281
1620001 5.46965
1630001 5.66322
1640001 5.52378
1650001 5.38945
1660001 5.49308
1670001 5.41966
1680001 5.45909
1690001 5.51993
1700001 5.35184
1710001 5.30375
1720001 5.56278
1730001 5.4933
1740001 5.66389
1750001 5.54516
1760001 5.32158
1770001 5.49036
1780001 5.39468
1790001 5.43115
1800001 5.52822
1810001 5.3408
1820001 5.31629
1830001 5.57615
1840001 5.42763
1850001 5.56316
1860001 5.55516
1870001 5.28495
1880001 5.42147
1890001 5.39138
1900001 5.41531
1910001 5.53781
1920001 5.33191
1930001 5.31593
1940001 5.58075
1950001 5.42699
1960001 5.46903
1970001 5.55591
1980001 5.2934
1990001 5.39529
2000001 5.38946
2010001 5.42875
2020001 5.52422
2030001 5.33272
2040001 5.3007
2050001 5.57691
2060001 5.42156
2070001 5.47658
2080001 5.41707
2090001 5.29232
2100001 5.40399
2110001 5.38026
2120001 5.411
2130001 5.49577
2140001 5.33635
2150001 5.24743
2160001 5.60298
2170001 5.34775
2180001 5.38473
2190001 5.42053
2200001 5.24911
2210001 5.38929
2220001 5.40606
2230001 5.3692
2240001 5.50309
2250001 5.28673
2260001 5.18322
2270001 5.47352
2280001 5.28812
2290001 5.34158
2300001 5.3866
2310001 5.17099
2320001 5.41778
2330001 5.38905
2340001 5.26697
2350001 5.54047
2360001 5.3032
2370001 5.22321
2380001 5.4113
2390001 5.19466
2400001 5.35709
2410001 5.3308
2420001 5.16712
2430001 5.4157
2440001 5.37894
2450001 5.28243
2460001 5.51763
2470001 5.32653
2480001 5.21427
2490001 5.32064
2500001 5.22645
2510001 5.33748
2520001 5.34755
2530001 5.18431
2540001 5.13368
2550001 5.37406
2560001 5.28152
2570001 5.47715
2580001 5.35582
2590001 5.14188
2600001 5.33264
2610001 5.24969
2620001 5.24448
2630001 5.35359
2640001 5.18421
2650001 5.14408
2660001 5.40531
2670001 5.33279
2680001 5.50237
2690001 5.39491
2700001 5.14001
2710001 5.26202
2720001 5.24378
2730001 5.26385
2740001 5.36211
2750001 5.17203
2760001 5.16002
2770001 5.4365
2780001 5.29606
2790001 5.41771
2800001 5.40096
2810001 5.15041
2820001 5.23923
2830001 5.23735
2840001 5.2735
2850001 5.39041
2860001 5.19022
2870001 5.19296
2880001 5.43695
2890001 5.2884
2900001 5.33765
2910001 5.42082
2920001 5.1571
2930001 5.33555
2940001 5.24955
2950001 5.28755
2960001 5.39236
2970001 5.21711
2980001 5.1877
2990001 5.46818
3000001 5.24874
3010001 5.26045
3020001 5.30008
3030001 5.15931
3040001 5.25376
3050001 5.27003
3060001 5.32293
3070001 5.39837
3080001 5.16994
3090001 5.07765
3100001 5.41196
3110001 5.2339
3120001 5.22076
3130001 5.2951
3140001 5.04737
3150001 5.26023
3160001 5.30177
3170001 5.14438
3180001 5.39955
3190001 5.16814
3200001 5.07947
3210001 5.28917
3220001 5.15117
3230001 5.23102
3240001 5.25964
3250001 5.06502
3260001 5.30714
3270001 5.26772
3280001 5.16187
3290001 5.41715
3300001 5.19856
3310001 5.10889
3320001 5.20413
3330001 5.0998
3340001 5.23515
3350001 5.23907
3360001 5.07668
3370001 5.12978
3380001 5.27262
3390001 5.18251
3400001 5.43118
3410001 5.24266
3420001 5.10598
3430001 5.21214
3440001 5.13823
3450001 5.18547
3460001 5.25054
3470001 5.07691
3480001 5.02953
3490001 5.29614
3500001 5.20989
3510001 5.40964
3520001 5.29311
3530001 5.05537
3540001 5.23143
3550001 5.1357
3560001 5.17722
3570001 5.27895
3580001 5.08609
3590001 5.05983
3600001 5.32659
3610001 5.17696
3620001 5.32043
3630001 5.31496
3640001 5.03856
3650001 5.17738
3660001 5.14909
3670001 5.17982
3680001 5.30453
3690001 5.09065
3700001 5.07909
3710001 5.3503
3720001 5.19739
3730001 5.24181
3740001 5.33253
3750001 5.06472
3760001 5.16585
3770001 5.15487
3780001 5.20954
3790001 5.30588
3800001 5.10931
3810001 5.07859
3820001 5.35066
3830001 5.20656
3840001 5.26121
3850001 5.20962
3860001 5.07781
3870001 5.19168
3880001 5.16811
3890001 5.20482
3900001 5.32616
3910001 5.12827
3920001 5.03724
3930001 5.39742
3940001 5.13829
3950001 5.18456
3960001 5.22127
3970001 5.0455
3980001 5.19166
3990001 5.19939
4000001 5.16943
4010001 5.3109
4020001 5.09083
4030001 5.01322
4040001 5.28165
4050001 5.10395
4060001 5.15362
4070001 5.1977
4080001 4.97467
4090001 5.21051
4100001 5.20155
4110001 5.07906
4120001 5.40901
4130001 5.11
4140001 5.0234
4150001 5.22326
4160001 5.09272
4170001 5.18034
4180001 5.15278
4190001 4.98459
4200001 5.23886
4210001 5.20145
4220001 5.10425
4230001 5.34603
4240001 5.15271
4250001 5.03309
4260001 5.14506
4270001 5.0492
4280001 5.16893
4290001 5.18031
4300001 5.01209
4310001 4.96221
4320001 5.2014
4330001 5.11366
4340001 5.30528
4350001 5.19241
4360001 4.97728
4370001 5.16889
4380001 5.08356
4390001 5.08229
4400001 5.19333
4410001 5.01922
4420001 4.98181
4430001 5.25338
4440001 5.17319
4450001 5.349
4460001 5.23828
4470001 4.98472
4480001 5.10484
4490001 5.08385
4500001 5.12319
4510001 5.20807
4520001 5.01713
4530001 5.00377
4540001 5.2736
4550001 5.14616
4560001 5.26071
4570001 5.25313
4580001 4.98093
4590001 5.08673
4600001 5.08779
4610001 5.12342
4620001 5.24641
4630001 5.03634
4640001 5.03902
4650001 5.29332
4660001 5.14595
4670001 5.19198
4680001 5.28086
4690001 5.01337
4700001 5.11063
4710001 5.107
4720001 5.14889
4730001 5.2532
4740001 5.07767
4750001 5.04451
4760001 5.33045
4770001 5.10148
4780001 5.12488
4790001 5.16154
4800001 5.02199
4810001 5.11655
4820001 5.12132
4830001 5.17828
4840001 5.25001
4850001 5.03657
4860001 4.94298
4870001 5.2891
4880001 5.10116
4890001 5.09792
4900001 5.16538
4910001 4.9148
4920001 5.12019
4930001 5.16956
4940001 5.03702
4950001 5.27364
4960001 5.03895
4970001 4.95101
4980001 5.15962
4990001 5.02376
5000001 5.10511
5010001 5.13529
5020001 4.93847
5030001 5.18191
5040001 5.14403
5050001 5.02913
5060001 5.29702
5070001 5.07345
5080001 4.99024
5090001 5.08956
5100001 4.96735
5110001 5.11611
5120001 5.11976
5130001 4.95546
5140001 5.15389
5150001 5.15158
5160001 5.0607
5170001 5.30387
5180001 5.12489
5190001 4.9886
5200001 5.09437
5210001 5.01858
5220001 5.07015
5230001 5.13318
5240001 4.95984
5250001 4.91162
5260001 5.16785
5270001 5.0886
5280001 5.26209
5290001 5.17425
5300001 4.93504
5310001 5.11899
5320001 5.01897
5330001 5.06524
5340001 5.16956
5350001 4.97421
5360001 4.94726
5370001 5.20601
5380001 5.10575
5390001 5.2017
5400001 5.2033
5410001 4.92843
5420001 5.06676
5430001 5.03877
5440001 5.07108
5450001 5.19792
5460001 4.98059
5470001 4.97136
5480001 5.24272
5490001 5.08684
5500001 5.16545
5510001 5.22742
5520001 4.95458
5530001 5.05518
5540001 5.04958
5550001 5.10308
5560001 5.20372
5570001 5.00543
5580001 5.03467
5590001 5.24743
5600001 5.10494
5610001 5.16119
5620001 5.10586
5630001 4.97489
5640001 5.08855
5650001 5.06201
5660001 5.1064
5670001 5.22777
5680001 5.02443
5690001 4.9359
5700001 5.29816
5710001 5.03483
5720001 5.08757
5730001 5.14168
5740001 4.99842
5750001 5.077
5760001 5.09198
5770001 5.07761
5780001 5.21091
5790001 4.99419
5800001 4.91434
5810001 5.18353
5820001 5.07123
5830001 5.05655
5840001 5.09558
5850001 4.87686
5860001 5.11278
5870001 5.10979
5880001 4.98382
5890001 5.31296
5900001 5.00358
5910001 4.92726
5920001 5.12945
5930001 4.99837
5940001 5.08886
5950001 5.06048
5960001 4.90068
5970001 5.14878
5980001 5.10877
5990001 5.0051
6000001 5.25606
6010001 5.05344
6020001 4.94234
6030001 5.07501
6040001 4.94951
6050001 5.08594
6060001 5.09253
6070001 4.92294
6080001 4.86091
6090001 5.1125
6100001 5.02543
6110001 5.21516
6120001 5.10436
6130001 4.88481
6140001 5.08159
6150001 4.99211
6160001 4.99595
6170001 5.10641
6180001 4.92957
6190001 4.89332
6200001 5.16735
6210001 5.08829
6220001 5.26763
6230001 5.15244
6240001 4.89909
6250001 5.01852
6260001 4.98254
6270001 5.03372
6280001 5.12577
6290001 4.93294
6300001 4.9167
6310001 5.18771
6320001 5.05074
6330001 5.17948
6340001 5.17186
6350001 4.8984
6360001 4.99367
6370001 5.00281
6380001 5.04085
6390001 5.16494
6400001 4.95355
6410001 4.95684
6420001 5.21313
6430001 5.06422
6440001 5.11285
6450001 5.20271
6460001 4.9274
6470001 5.02776
6480001 5.02597
6490001 5.07077
6500001 5.17573
6510001 4.99651
6520001 4.95821
6530001 5.25281
6540001 5.02393
6550001 5.04765
6560001 5.07479
6570001 4.94281
6580001 5.04025
6590001 5.03639
6600001 5.10209
6610001 5.17363
6620001 4.96075
6630001 4.87945
6640001 5.20922
6650001 5.01333
6660001 5.05371
6670001 5.09118
6680001 4.83362
6690001 5.06455
6700001 5.09137
6710001 4.95922
6720001 5.19507
6730001 4.96461
6740001 4.875
6750001 5.08584
6760001 4.97816
6770001 5.03248
6780001 5.0597
6790001 4.8526
6800001 5.10737
6810001 5.07085
6820001 4.95596
6830001 5.22578
6840001 4.99905
6850001 4.91484
6860001 5.05586
6870001 4.88599
6880001 5.04604
6890001 5.03337
6900001 4.87618
6910001 5.11558
6920001 5.08058
6930001 4.98329
6940001 5.23203
6950001 5.04365
6960001 4.91755
6970001 5.01494
6980001 4.94369
6990001 5.07339
7000001 5.06498
7010001 4.89644
7020001 4.8411
7030001 5.08867
7040001 5.01372
7050001 5.1949
7060001 5.10675
7070001 4.86518
7080001 5.05059
7090001 4.9386
7100001 4.99617
7110001 5.09725
7120001 4.90585
7130001 4.87242
7140001 5.13966
7150001 5.02827
7160001 5.13373
7170001 5.13126
7180001 4.86204
7190001 4.99974
7200001 4.97101
7210001 5.00534
7220001 5.12238
7230001 4.90882
7240001 4.90352
7250001 5.17383
7260001 5.02035
7270001 5.09883
7280001 5.15263
7290001 4.88995
7300001 4.98875
7310001 4.98277
7320001 5.0341
7330001 5.14159
7340001 4.93964
7350001 4.96972
7360001 5.18276
7370001 5.04154
7380001 5.09735
7390001 5.04145
7400001 4.91074
7410001 5.02851
7420001 4.99695
7430001 5.05212
7440001 5.16529
7450001 4.94692
7460001 4.87098
7470001 5.23556
7480001 4.97425
7490001 5.02029
7500001 5.0754
7510001 4.92426
7520001 5.02624
7530001 5.03011
7540001 5.01138
7550001 5.1806
7560001 4.93296
7570001 4.8476
7580001 5.11826
7590001 5.00678
7600001 4.97286
7610001 5.03234
7620001 4.81432
7630001 5.05244
7640001 5.03695
7650001 4.92225
7660001 5.17916
7670001 4.94185
7680001 4.85761
7690001 5.06484
7700001 4.93316
7710001 5.03039
7720001 4.99898
7730001 4.84063
7740001 5.09084
7750001 5.04245
7760001 4.93758
7770001 5.19605
7780001 4.98153
7790001 4.88269
7800001 5.0127
7810001 4.89064
7820001 5.02882
7830001 5.03505
7840001 4.86483
7850001 4.80079
7860001 5.05531
7870001 4.96805
7880001 5.18239
7890001 5.04749
7900001 4.89253
7910001 5.00368
7920001 4.93485
7930001 4.9394
7940001 5.04872
7950001 4.87277
7960001 4.83629
7970001 5.11077
7980001 5.01851
7990001 5.21331
8000001 5.09765
8010001 4.84143
8020001 5.03104
8030001 4.92621
8040001 4.97914
8050001 5.07083
8060001 4.87773
8070001 4.86022
8080001 5.13208
8090001 4.99433
8100001 5.11309
8110001 5.11876
8120001 4.84045
8130001 4.93811
8140001 4.94753
8150001 4.98465
8160001 5.1118
8170001 4.8987
8180001 4.90184
8190001 5.15863
8200001 5.00231
8210001 5.05935
8220001 5.14263
8230001 4.87361
8240001 4.97044
8250001 4.9717
8260001 5.01941
8270001 5.1232
8280001 4.94418
8290001 4.90361
8300001 5.18396
8310001 4.96825
8320001 4.99268
8330001 5.01753
8340001 4.88875
8350001 5.01924
8360001 4.98379
8370001 5.05015
8380001 5.12164
8390001 4.90878
8400001 4.82943
8410001 5.1582
8420001 4.95991
8430001 5.0017
8440001 5.04131
8450001 4.7818
8460001 5.01311
8470001 5.03935
8480001 5.00567
8490001 5.14502
8500001 4.91338
8510001 4.82434
8520001 5.02689
8530001 4.92744
8540001 4.98294
8550001 5.00832
8560001 4.80025
8570001 5.05757
8580001 5.02141
8590001 4.89955
8600001 5.17838
8610001 4.94335
8620001 4.86486
8630001 5.00645
8640001 4.83473
8650001 5.00682
8660001 4.97962
8670001 4.82684
8680001 5.06681
8690001 5.02646
8700001 4.93403
8710001 5.18444
8720001 4.99586
8730001 4.86817
8740001 4.96574
8750001 4.88951
8760001 5.02521
8770001 5.01804
8780001 4.84818
8790001 4.79071
8800001 5.03993
8810001 4.96514
8820001 5.14807
8830001 5.06151
8840001 4.81533
8850001 5.0028
8860001 4.89073
8870001 4.94442
8880001 5.05094
8890001 4.85835
8900001 4.82484
8910001 5.08604
8920001 4.975
8930001 5.08795
8940001 5.08573
8950001 4.82552
8960001 4.94137
8970001 4.92355
8980001 4.95447
8990001 5.07553
9000001 4.86197
9010001 4.84715
9020001 5.11662
9030001 4.97311
9040001 5.0529
9050001 5.10805
9060001 4.84312
9070001 4.93718
9080001 4.93661
9090001 4.98885
9100001 5.09116
9110001 4.89395
9120001 4.91423
9130001 5.13641
9140001 4.99615
9150001 5.05356
9160001 5.01357
9170001 4.86206
9180001 4.99068
9190001 4.95033
9200001 5.00337
9210001 5.11878
9220001 4.897
9230001 4.8258
9240001 5.19297
9250001 4.93029
9260001 4.97606
9270001 5.03012
9280001 4.88544
9290001 4.97945
9300001 4.9875
9310001 4.96783
9320001 5.13565
9330001 4.891
9340001 4.79817
9350001 5.07449
9360001 4.96126
9370001 4.92305
9380001 5.02699
9390001 4.77062
9400001 5.00029
9410001 4.99199
9420001 4.87819
9430001 5.13679
9440001 4.89892
9450001 4.80558
9460001 5.02061
9470001 4.88945
9480001 4.98055
9490001 4.95213
9500001 4.79724
9510001 5.04636
9520001 4.99917
9530001 4.89141
9540001 5.15499
9550001 4.93815
9560001 4.84042
9570001 4.96721
9580001 4.83931
9590001 4.98598
9600001 4.99382
9610001 4.81561
9620001 4.75526
9630001 5.01348
9640001 4.92521
9650001 5.14069
9660001 5.0041
9670001 4.85239
9680001 4.96009
9690001 4.89245
9700001 4.89877
9710001 5.00912
9720001 4.82204
9730001 4.78579
9740001 5.06942
9750001 4.97857
9760001 5.17413
9770001 5.05697
9780001 4.81293
9790001 4.98876
9800001 4.88481
9810001 4.93701
9820001 5.03478
9830001 4.83747
9840001 4.81634
9850001 5.09202
9860001 4.94308
9870001 5.07141
9880001 5.07911
9890001 4.79901
9900001 4.93282
9910001 4.90617
9920001 4.94548
9930001 5.07258
9940001 4.8587
9950001 4.8384
9960001 5.1182
9970001 4.96307
9980001 5.02073
9990001 5.10449
10000001 4.8346
10010001 4.93074
10020001 4.92695
10030001 4.97936
10040001 5.07908
10050001 4.90239
10060001 4.84884
10070001 5.14505
10080001 4.92937
10090001 4.95544
10100001 4.97744
10110001 4.84877
10120001 4.98082
10130001 4.94376
10140001 5.00754
10150001 5.08332
10160001 4.90447
10170001 4.81082
10180001 5.12022
10190001 4.92137
10200001 4.96367
10210001 5.00388
10220001 4.80316
10230001 4.97531
10240001 4.99061
10250001 4.96779
10260001 5.10657
10270001 4.87807
10280001 4.78254
10290001 4.98971
10300001 4.88449
10310001 4.94569
10320001 4.98479
10330001 4.76201
10340001 5.02083
10350001 4.98332
10360001 4.86244
10370001 5.12878
10380001 4.90576
10390001 4.82631
10400001 4.97774
10410001 4.79554
10420001 4.96995
10430001 4.9436
10440001 4.78607
10450001 5.03048
10460001 4.99029
10470001 4.89604
10480001 5.14645
10490001 4.95774
10500001 4.83143
10510001 4.92042
10520001 4.84785
10530001 5.00013
10540001 4.97879
10550001 4.80898
10560001 4.75392
10570001 5.00282
10580001 4.91851
10590001 5.11925
10600001 5.01986
10610001 4.77821
10620001 4.96203
10630001 4.84861
10640001 4.90349
10650001 5.01196
10660001 4.82283
10670001 4.78894
10680001 5.04849
10690001 4.94024
10700001 5.05233
10710001 5.05098
10720001 4.78345
10730001 4.90099
10740001 4.88711
10750001 4.91949
10760001 5.04091
10770001 4.82709
10780001 4.81095
10790001 5.08126
10800001 4.94966
10810001 5.08513
10820001 5.06436
10830001 4.80666
10840001 4.90166
10850001 4.90111
10860001 4.95078
10870001 5.05615
10880001 4.85301
10890001 4.86355
10900001 5.10204
10910001 4.95922
10920001 5.01398
10930001 4.98016
10940001 4.82784
10950001 4.99629
10960001 4.91624
10970001 4.96554
10980001 5.08326
10990001 4.9111
11000001 4.79068
11010001 5.15038
11020001 4.89578
11030001 4.93907
11040001 4.9946
11050001 4.83778
11060001 4.93686
11070001 4.95324
11080001 5.0224
11090001 5.10188
11100001 4.85533
11110001 4.76217
11120001 5.1123
11130001 4.92765
11140001 4.89029
11150001 4.98939
11160001 4.73668
11170001 4.96748
11180001 4.94926
11190001 4.83857
11200001 5.10465
11210001 4.86658
11220001 4.77062
11230001 4.98798
11240001 4.85312
11250001 4.94812
11260001 4.91998
11270001 4.76258
11280001 5.00941
11290001 4.96603
11300001 4.8659
11310001 5.12223
11320001 4.9054
11330001 4.81117
11340001 4.92845
11350001 4.81277
11360001 4.94841
11370001 4.95729
11380001 4.78249
11390001 4.76341
11400001 4.98087
11410001 4.89039
11420001 5.1031
11430001 4.95694
11440001 4.81993
11450001 4.92728
11460001 4.85242
11470001 4.8671
11480001 4.97802
11490001 4.78975
11500001 4.74774
11510001 5.03733
11520001 4.94788
11530001 5.14278
11540001 5.02613
11550001 4.78041
11560001 4.95602
11570001 4.8524
11580001 4.90592
11590001 5.00312
11600001 4.80574
11610001 4.78352
11620001 5.05336
11630001 4.91024
11640001 5.04095
11650001 5.04962
11660001 4.76411
11670001 4.9013
11680001 4.87347
11690001 4.91265
11700001 5.04247
11710001 4.82416
11720001 4.80804
11730001 5.08593
11740001 4.93265
11750001 4.97886
11760001 5.07204
11770001 4.80314
11780001 4.8994
11790001 4.89512
11800001 4.94813
11810001 5.04828
11820001 4.85488
11830001 4.81816
11840001 5.10851
11850001 4.90562
11860001 4.92609
11870001 4.9466
11880001 4.81879
11890001 4.93896
11900001 4.90963
11910001 4.97899
11920001 5.04147
11930001 4.87494
11940001 4.78042
11950001 5.14396
11960001 4.88701
11970001 4.93432
11980001 4.9727
11990001 4.7932
12000001 4.94401
12010001 4.95555
12020001 4.93099
12030001 5.06462
12040001 4.8404
12050001 4.75199
12060001 5.04601
12070001 4.84727
12080001 4.91049
12090001 4.95577
12100001 4.72979
12110001 4.99014
12120001 4.95397
12130001 4.83329
12140001 5.12553
12150001 4.87631
12160001 4.79708
12170001 4.94924
12180001 4.76638
12190001 4.94209
12200001 4.91481
12210001 4.75517
12220001 5.00181
12230001 4.96029
12240001 4.86716
12250001 5.1156
12260001 4.92456
12270001 4.80609
12280001 4.8909
12290001 4.81709
12300001 4.95719
12310001 4.95084
12320001 4.77808
12330001 4.72501
12340001 4.97411
12350001 4.89038
12360001 5.08864
12370001 4.96886
12380001 4.74828
12390001 4.93312
12400001 4.84973
12410001 4.87202
12420001 4.97617
12430001 4.79246
12440001 4.75753
12450001 5.02075
12460001 4.94749
12470001 5.12541
12480001 5.01993
12490001 4.75489
12500001 4.87564
12510001 4.85869
12520001 4.89225
12530001 5.00881
12540001 4.79834
12550001 4.77937
12560001 5.05298
12570001 4.92063
12580001 5.05664
12590001 5.03532
12600001 4.77828
12610001 4.87328
12620001 4.86663
12630001 4.92303
12640001 5.02796
12650001 4.8256
12660001 4.83575
12670001 5.07412
12680001 4.92796
12690001 4.98365
12700001 4.94607
12710001 4.8006
12720001 4.96878
12730001 4.88824
12740001 4.93679
12750001 5.0565
12760001 4.86802
12770001 4.76204
12780001 5.12247
12790001 4.89011
12800001 4.91222
12810001 4.96393
12820001 4.81067
12830001 4.91559
12840001 4.92592
12850001 4.98628
12860001 5.0728
12870001 4.82792
12880001 4.73309
12890001 5.08355
12900001 4.90011
12910001 4.86198
12920001 4.95838
12930001 4.70937
12940001 4.93391
12950001 4.92212
12960001 4.80726
12970001 5.07447
12980001 4.83399
12990001 4.74412
13000001 4.95345
13010001 4.81771
13020001 4.92108
13030001 4.89322
13040001 4.73596
13050001 4.98368
13060001 4.94066
13070001 4.83379
13080001 5.09707
13090001 4.8762
13100001 4.78517
13110001 4.89056
13120001 4.7859
13130001 4.92286
13140001 4.92832
13150001 4.75567
13160001 4.80856
13170001 4.95319
13180001 4.8645
13190001 5.07734
13200001 4.93159
13210001 4.79464
13220001 4.90145
13230001 4.82313
13240001 4.87734
13250001 4.9451
13260001 4.76373
13270001 4.71565
13280001 4.98218
13290001 4.92225
13300001 5.11644
13310001 4.98795
13320001 4.75408
13330001 4.92877
13340001 4.82769
13350001 4.8814
13360001 4.97857
13370001 4.78023
13380001 4.75756
13390001 5.02781
13400001 4.88065
13410001 5.0189
13420001 5.0219
13430001 4.7387
13440001 4.87612
13450001 4.84823
13460001 4.88818
13470001 5.01789
13480001 4.79777
13490001 4.78235
13500001 5.06147
13510001 4.90772
13520001 4.95436
13530001 5.04777
13540001 4.77179
13550001 4.87394
13560001 4.87056
13570001 4.92819
13580001 5.024
13590001 4.8214
13600001 4.78733
13610001 5.076
13620001 4.92327
13630001 4.9847
13640001 4.9227
13650001 4.7925
13660001 4.91428
13670001 4.88398
13680001 4.92947
13690001 5.01193
13700001 4.8496
13710001 4.75293
13720001 5.1203
13730001 4.86229
13740001 4.91292
13750001 4.94867
13760001 4.76682
13770001 4.91992
13780001 4.93025
13790001 4.90417
13800001 5.04004
13810001 4.81607
13820001 4.71816
13830001 5.01759
13840001 4.82238
13850001 4.88801
13860001 4.93144
13870001 4.70542
13880001 4.96738
13890001 4.92926
13900001 4.80862
13910001 5.10213
13920001 4.8539
13930001 4.77275
13940001 4.96318
13950001 4.74215
13960001 4.9184
13970001 4.89204
13980001 4.7209
13990001 4.97822
14000001 4.93555
14010001 4.84277
14020001 5.09276
14030001 4.89444
14040001 4.7785
14050001 4.88413
14060001 4.79253
14070001 4.91667
14080001 4.92712
14090001 4.75454
14100001 4.70144
14110001 4.95022
14120001 4.85774
14130001 5.06361
14140001 4.94078
14150001 4.72057
14160001 4.90961
14170001 4.82587
14180001 4.83661
14190001 4.95251
14200001 4.76927
14210001 4.73288
14220001 4.99772
14230001 4.92431
14240001 5.10203
14250001 4.99306
14260001 4.73192
14270001 4.85301
14280001 4.83521
14290001 4.8671
14300001 4.97122
14310001 4.7689
14320001 4.75606
14330001 5.03709
14340001 4.90163
14350001 5.03259
14360001 5.01393
14370001 4.75485
14380001 4.84501
14390001 4.84258
14400001 4.89013
14410001 5.00776
14420001 4.79973
14430001 4.80105
14440001 5.05181
14450001 4.9062
14460001 4.9612
14470001 5.04699
14480001 4.77231
14490001 4.95476
14500001 4.8653
14510001 4.91621
14520001 5.02153
14530001 4.84111
14540001 4.73925
14550001 5.10016
14560001 4.87888
14570001 4.89311
14580001 4.93719
14590001 4.78549
14600001 4.88486
14610001 4.89717
14620001 4.96384
14630001 5.04411
14640001 4.80547
14650001 4.70765
14660001 5.06187
14670001 4.87812
14680001 4.86483
14690001 4.93684
14700001 4.68214
14710001 4.91196
14720001 4.9413
14730001 4.78451
14740001 5.05157
14750001 4.81279
14760001 4.72236
14770001 4.93123
14780001 4.7964
14790001 4.8957
14800001 4.9134
14810001 4.71146
14820001 4.96284
14830001 4.91912
14840001 4.81161
14850001 5.08029
14860001 4.85402
14870001 4.7634
14880001 4.85888
14890001 4.75198
14900001 4.90174
14910001 4.9053
14920001 4.73306
14930001 4.78682
14940001 4.93163
14950001 4.84331
14960001 5.10378
14970001 4.90944
14980001 4.77035
14990001 4.87863
15000001 4.80077
15010001 4.85445
15020001 4.92316
15030001 4.74237
15040001 4.69427
15050001 4.96131
15060001 4.89555
15070001 5.09815
15080001 4.96806
15090001 4.72834
15100001 4.9075
15110001 4.80697
15120001 4.85702
15130001 4.95802
15140001 4.75918
15150001 4.73622
15160001 5.00452
15170001 4.85622
15180001 5.00643
15190001 5.00161
15200001 4.71787
15210001 4.85359
15220001 4.82666
15230001 4.867
15240001 4.9951
15250001 4.77291
15260001 4.76053
15270001 5.04012
15280001 4.88621
15290001 4.93198
15300001 5.02717
15310001 4.75159
15320001 4.85063
15330001 4.84889
15340001 4.90744
15350001 5.00344
15360001 4.79917
15370001 4.7669
15380001 5.05518
15390001 4.90192
15400001 4.96148
15410001 4.90809
15420001 4.77184
15430001 4.89275
15440001 4.86293
15450001 4.90887
15460001 5.03074
15470001 4.82856
15480001 4.73172
15490001 5.10083
15500001 4.84211
15510001 4.89191
15520001 4.92943
15530001 4.74618
15540001 4.89816
15550001 4.90995
15560001 4.88433
15570001 5.01806
15580001 4.79576
15590001 4.71542
15600001 4.98957
15610001 4.8002
15620001 4.86835
15630001 4.91153
15640001 4.68032
15650001 4.94373
15660001 4.90886
15670001 4.78807
15680001 5.08171
15690001 4.83328
15700001 4.73669
15710001 4.93951
15720001 4.80585
15730001 4.8996
15740001 4.87208
15750001 4.69925
15760001 4.95866
15770001 4.91545
15780001 4.82124
15790001 5.07259
15800001 4.87441
15810001 4.75949
15820001 4.86169
15830001 4.76524
15840001 4.89731
15850001 4.90806
15860001 4.73311
15870001 4.68166
15880001 4.92568
15890001 4.83802
15900001 5.03768
15910001 4.92092
15920001 4.70157
15930001 4.89154
15940001 4.80632
15950001 4.81277
15960001 4.93244
15970001 4.74701
15980001 4.70745
15990001 4.9846
16000001 4.90561
16010001 5.08278
16020001 4.97258
16030001 4.71191
16040001 4.83367
16050001 4.81581
16060001 4.86023
16070001 4.9499
16080001 4.74843
16090001 4.73638
16100001 5.0068
16110001 4.88047
16120001 5.00238
16130001 4.9953
16140001 4.72195
16150001 4.82512
16160001 4.82295
16170001 4.87083
16180001 4.98902
16190001 4.78017
16200001 4.77752
16210001 5.03254
16220001 4.88653
16230001 4.94255
16240001 5.02895
16250001 4.75321
16260001 4.93496
16270001 4.84619
16280001 4.89785
16290001 5.00264
16300001 4.82224
16310001 4.78588
16320001 5.08065
16330001 4.8499
16340001 4.87444
16350001 4.91085
16360001 4.76677
16370001 4.86352
16380001 4.86473
16390001 4.93459
16400001 5.00893
16410001 4.78766
16420001 4.68898
16430001 5.03031
16440001 4.8517
16450001 4.86564
16460001 4.91778
16470001 4.66329
16480001 4.88235
16490001 4.92144
16500001 4.76581
16510001 5.0329
16520001 4.79342
16530001 4.70408
16540001 4.91165
16550001 4.77702
16560001 4.86958
16570001 4.89524
16580001 4.69242
16590001 4.94471
16600001 4.90122
16610001 4.78522
16620001 5.062
16630001 4.8358
16640001 4.74801
16650001 4.8484
16660001 4.72432
16670001 4.88291
16680001 4.88635
16690001 4.71473
16700001 4.91875
16710001 4.91227
16720001 4.82242
16730001 5.08637
16740001 4.89165
16750001 4.75299
16760001 4.85984
16770001 4.78083
16780001 4.83706
16790001 4.90227
16800001 4.72372
16810001 4.67483
16820001 4.94305
16830001 4.85994
16840001 5.06415
16850001 4.94874
16860001 4.71008
16870001 4.88978
16880001 4.78521
16890001 4.83808
16900001 4.94064
16910001 4.74183
16920001 4.71577
16930001 4.97628
16940001 4.83795
16950001 4.98492
16960001 4.98129
16970001 4.70004
16980001 4.83568
16990001 4.80832
17000001 4.84988
17010001 4.97836
17020001 4.75327
17030001 4.74295
17040001 5.0224
17050001 4.86645
17060001 4.94275
17070001 5.00852
17080001 4.72949
17090001 4.82796
17100001 4.8228
17110001 4.88968
17120001 4.98655
17130001 4.78168
17140001 4.74864
17150001 5.0273
17160001 4.88419
17170001 4.94379
17180001 4.88817
17190001 4.75437
17200001 4.87226
17210001 4.84129
17220001 4.89194
17230001 5.01291
17240001 4.80569
17250001 4.71374
17260001 5.0792
17270001 4.81913
17280001 4.87543
17290001 4.91257
17300001 4.78213
17310001 4.86315
17320001 4.88469
17330001 4.86209
17340001 5.00194
17350001 4.77856
17360001 4.6968
17370001 4.97261
17380001 4.79181
17390001 4.84873
17400001 4.89422
17410001 4.66143
17420001 4.90692
17430001 4.89523
17440001 4.77074
17450001 5.11008
17460001 4.80343
17470001 4.71798
17480001 4.92221
17490001 4.78742
17500001 4.88226
17510001 4.85503
17520001 4.68065
17530001 4.94119
17540001 4.89734
17550001 4.79857
17560001 5.05585
17570001 4.84825
17580001 4.73449
17590001 4.86544
17600001 4.74026
17610001 4.88544
17620001 4.89192
17630001 4.71622
17640001 4.66006
17650001 4.90844
17660001 4.82055
17670001 5.01851
17680001 4.90448
17690001 4.68074
17700001 4.87455
17710001 4.78448
17720001 4.79552
17730001 4.91279
17740001 4.7267
17750001 4.69075
17760001 4.96777
17770001 4.88738
17780001 5.06707
17790001 4.95568
17800001 4.69737
17810001 4.81616
17820001 4.78402
17830001 4.83734
17840001 4.9307
17850001 4.73189
17860001 4.71914
17870001 4.98703
17880001 4.86537
17890001 4.98624
17900001 4.97835
17910001 4.69978
17920001 4.79786
17930001 4.80411
17940001 4.84948
17950001 4.97129
17960001 4.75618
17970001 4.75817
17980001 5.01631
17990001 4.86974
18000001 4.92237
18010001 5.01313
18020001 4.73345
18030001 4.82942
18040001 4.82882
18050001 4.88145
18060001 4.98593
18070001 4.80385
18080001 4.76215
18090001 5.06433
18100001 4.834
18110001 4.85834
18120001 4.89274
18130001 4.74969
18140001 4.84783
18150001 4.84836
18160001 4.9155
18170001 4.99299
18180001 4.7719
18190001 4.67241
18200001 5.02757
18210001 4.8268
18220001 4.83641
18230001 4.90228
18240001 4.64234
18250001 4.85824
18260001 4.90076
18270001 4.77441
18280001 5.01094
18290001 4.77761
18300001 4.68689
18310001 4.89486
18320001 4.79078
18330001 4.85138
18340001 4.87662
18350001 4.66487
18360001 4.92691
18370001 4.88571
18380001 4.7694
18390001 5.04541
18400001 4.81501
18410001 4.73146
18420001 4.87289
18430001 4.6993
18440001 4.8674
18450001 4.8686
18460001 4.69616
18470001 4.9356
18480001 4.89476
18490001 4.80343
18500001 5.05769
18510001 4.86827
18520001 4.73708
18530001 4.8343
18540001 4.76072
18550001 4.82132
18560001 4.88703
18570001 4.70753
18580001 4.65877
18590001 4.90444
18600001 4.8329
18610001 5.02762
18620001 4.93324
18630001 4.6867
18640001 4.87425
18650001 4.75793
18660001 4.8209
18670001 4.9196
18680001 4.72606
18690001 4.69965
18700001 4.96039
18710001 4.85584
18720001 4.96148
18730001 4.96436
18740001 4.68348
18750001 4.81923
18760001 4.79241
18770001 4.83251
18780001 4.9623
18790001 4.73518
18800001 4.72603
18810001 5.0053
18820001 4.84912
18830001 4.92547
18840001 4.98142
18850001 4.7148
18860001 4.81187
18870001 4.80623
18880001 4.86885
18890001 4.97139
18900001 4.76663
18910001 4.79588
18920001 5.00963
18930001 4.86975
18940001 4.92842
18950001 4.87
18960001 4.73847
18970001 4.86012
18980001 4.82472
18990001 4.87725
19000001 4.99789
19010001 4.77665
19020001 4.69798
19030001 5.06382
19040001 4.80255
19050001 4.85583
19060001 4.91209
19070001 4.76576
19080001 4.84757
19090001 4.86008
19100001 4.84658
19110001 4.97195
19120001 4.76347
19130001 4.68149
19140001 4.95063
19150001 4.83796
19160001 4.81357
19170001 4.86748
19180001 4.64489
19190001 4.88752
19200001 4.86681
19210001 4.7551
19220001 5.01905
19230001 4.77655
19240001 4.69082
19250001 4.90272
19260001 4.76841
19270001 4.86759
19280001 4.83592
19290001 4.67427
19300001 4.92725
19310001 4.87578
19320001 4.78085
19330001 5.03733
19340001 4.81956
19350001 4.7198
19360001 4.85143
19370001 4.72445
19380001 4.87104
19390001 4.87629
19400001 4.70155
19410001 4.63834
19420001 4.8943
19430001 4.80616
19440001 4.99531
19450001 4.88811
19460001 4.73058
19470001 4.85623
19480001 4.76991
19490001 4.78013
19500001 4.89918
19510001 4.71254
19520001 4.67458
19530001 4.95283
19540001 4.8596
19550001 5.05356
19560001 4.94017
19570001 4.68302
19580001 4.87106
19590001 4.76499
19600001 4.82334
19610001 4.91639
19620001 4.71774
19630001 4.70042
19640001 4.97227
19650001 4.83669
19660001 4.95943
19670001 4.9649
19680001 4.68468
19690001 4.78138
19700001 4.78976
19710001 4.8307
19720001 4.95722
19730001 4.74164
19740001 4.74345
19750001 5.00208
19760001 4.8486
19770001 4.90803
19780001 4.9914
19790001 4.71742
19800001 4.81157
19810001 4.81426
19820001 4.8669
19830001 4.97235
19840001 4.79007
19850001 4.7469
19860001 5.03804
19870001 4.81694
19880001 4.84224
19890001 4.86535
19900001 4.73421
19910001 4.83394
19920001 4.82712
19930001 4.90191
19940001 4.97714
19950001 4.75788
19960001 4.67583
19970001 5.00986
19980001 4.80847
19990001 4.85193
20000001 4.88933
20010001 4.62835
20020001 4.86314
20030001 4.88683
20040001 4.85756
20050001 4.99511
20060001 4.76321
20070001 4.67299
20080001 4.88084
20090001 4.77636
20100001 4.83786
20110001 4.86312
20120001 4.651
20130001 4.91035
20140001 4.87276
20150001 4.75568
20160001 5.03294
20170001 4.80133
20180001 4.71557
20190001 4.85716
20200001 4.68404
20210001 4.86317
20220001 4.83554
20230001 4.67794
20240001 4.9223
20250001 4.8782
20260001 4.78626
20270001 5.04168
20280001 4.85054
20290001 4.72273
20300001 4.82061
20310001 4.74168
20320001 4.88103
20330001 4.87425
20340001 4.70096
20350001 4.64477
20360001 4.89041
20370001 4.81914
20380001 5.01547
20390001 4.92149
20400001 4.67102
20410001 4.86061
20420001 4.74462
20430001 4.80262
20440001 4.90643
20450001 4.71258
20460001 4.6793
20470001 4.94286
20480001 4.83339
20490001 4.94746
20500001 4.94516
20510001 4.67955
20520001 4.79471
20530001 4.77797
20540001 4.81338
20550001 4.93843
20560001 4.71879
20570001 4.70408
20580001 4.98491
20590001 4.83289
20600001 4.91244
20610001 4.96872
20620001 4.70071
20630001 4.79822
20640001 4.79277
20650001 4.85206
20660001 4.95338
20670001 4.75222
20680001 4.77616
20690001 4.99615
20700001 4.8561
20710001 4.91623
20720001 4.87591
20730001 4.72318
20740001 4.85393
20750001 4.81009
20760001 4.87245
20770001 4.98121
20780001 4.76376
20790001 4.68417
20800001 5.05082
20810001 4.78961
20820001 4.84146
20830001 4.89844
20840001 4.74007
20850001 4.84647
20860001 4.84922
20870001 4.8325
20880001 4.99757
20890001 4.75039
20900001 4.66015
20910001 4.93746
20920001 4.82438
20930001 4.79656
20940001 4.89397
20950001 4.63197
20960001 4.86492
20970001 4.85295
20980001 4.74127
20990001 5.00395
21000001 4.76348
21010001 4.66942
21020001 4.8877
21030001 4.75426
21040001 4.84726
21050001 4.81823
21060001 4.66104
21070001 4.91425
21080001 4.86247
21090001 4.75563
21100001 5.02492
21110001 4.80516
21120001 4.70557
21130001 4.83163
21140001 4.70748
21150001 4.85812
21160001 4.86381
21170001 4.6872
21180001 4.62151
21190001 4.88126
21200001 4.79332
21210001 5.01051
21220001 4.87351
21230001 4.71808
21240001 4.82437
21250001 4.75669
21260001 4.76773
21270001 4.88537
21280001 4.69052
21290001 4.66071
21300001 4.93986
21310001 4.84786
21320001 5.04147
21330001 4.92686
21340001 4.68137
21350001 4.85748
21360001 4.75212
21370001 4.80889
21380001 4.90747
21390001 4.70539
21400001 4.68499
21410001 4.95912
21420001 4.81496
21430001 4.94418
21440001 4.95211
21450001 4.66995
21460001 4.77324
21470001 4.77573
21480001 4.81848
21490001 4.94489
21500001 4.72864
21510001 4.70742
21520001 4.98854
21530001 4.83503
21540001 4.89543
21550001 4.97902
21560001 4.70536
21570001 4.79901
21580001 4.79642
21590001 4.85358
21600001 4.9539
21610001 4.77497
21620001 4.71903
21630001 5.02137
21640001 4.80415
21650001 4.82961
21660001 4.85126
21670001 4.72054
21680001 4.85204
21690001 4.81446
21700001 4.88528
21710001 4.96414
21720001 4.7801
21730001 4.68094
21740001 4.99773
21750001 4.79592
21760001 4.83946
21770001 4.8773
21780001 4.67832
21790001 4.85063
21800001 4.86404
21810001 4.84488
21820001 4.98465
21830001 4.74734
21840001 4.66068
21850001 4.86135
21860001 4.75964
21870001 4.82489
21880001 4.84916
21890001 4.63725
21900001 4.89841
21910001 4.86069
21920001 4.73724
21930001 5.02123
21940001 4.78206
21950001 4.70228
21960001 4.8503
21970001 4.67157
21980001 4.85041
21990001 4.82372
22000001 4.66197
22010001 4.90987
22020001 4.86725
22030001 4.77314
22040001 5.02743
22050001 4.83983
22060001 4.70991
22070001 4.80202
22080001 4.72536
22090001 4.87407
22100001 4.85766
22110001 4.68928
22120001 4.62939
22130001 4.87746
22140001 4.79629
22150001 5.00059
22160001 4.90782
22170001 4.6588
22180001 4.84865
22190001 4.73347
22200001 4.78714
22210001 4.89045
22220001 4.70081
22230001 4.66735
22240001 4.92822
22250001 4.82027
22260001 4.93507
22270001 4.93357
22280001 4.66373
22290001 4.77788
22300001 4.76626
22310001 4.80137
22320001 4.92468
22330001 4.70714
22340001 4.6915
22350001 4.96524
22360001 4.83203
22370001 4.96796
22380001 4.95036
22390001 4.68686
22400001 4.78098
22410001 4.78111
22420001 4.84054
22430001 4.94166
22440001 4.73409
22450001 4.74504
22460001 4.98331
22470001 4.84181
22480001 4.89882
22490001 4.86476
22500001 4.70975
22510001 4.84239
22520001 4.79824
22530001 4.85449
22540001 4.96735
22550001 4.79693
22560001 4.67185
22570001 5.04055
22580001 4.7775
22590001 4.82811
22600001 4.88504
22610001 4.73605
22620001 4.83014
22630001 4.83721
22640001 4.91236
22650001 4.98447
22660001 4.73871
22670001 4.64638
22680001 4.92272
22690001 4.8118
22700001 4.77797
22710001 4.87974
22720001 4.62009
22730001 4.85375
22740001 4.84148
22750001 4.72286
22760001 4.99207
22770001 4.75207
22780001 4.65643
22790001 4.87597
22800001 4.73922
22810001 4.83562
22820001 4.80696
22830001 4.64932
22840001 4.89797
22850001 4.85031
22860001 4.74326
22870001 5.01278
22880001 4.79371
22890001 4.69773
22900001 4.81929
22910001 4.70094
22920001 4.84405
22930001 4.84741
22940001 4.6698
22950001 4.64972
22960001 4.86971
22970001 4.78059
22980001 4.99831
22990001 4.84728
23000001 4.7076
23010001 4.81333
23020001 4.73856
23030001 4.75633
23040001 4.87434
23050001 4.67888
23060001 4.64069
23070001 4.92828
23080001 4.83774
23090001 5.03073
23100001 4.91605
23110001 4.6694
23120001 4.8448
23130001 4.74078
23140001 4.79807
23150001 4.89517
23160001 4.69407
23170001 4.67436
23180001 4.941
23190001 4.80169
23200001 4.9334
23210001 4.94193
23220001 4.6539
23230001 4.79317
23240001 4.76365
23250001 4.80577
23260001 4.93401
23270001 4.71433
23280001 4.69694
23290001 4.97519
23300001 4.82402
23310001 4.88238
23320001 4.9661
23330001 4.69368
23340001 4.78796
23350001 4.78518
23360001 4.84174
23370001 4.94219
23380001 4.74636
23390001 4.70792
23400001 5.00921
23410001 4.79287
23420001 4.81935
23430001 4.8404
23440001 4.70945
23450001 4.8318
23460001 4.79871
23470001 4.87318
23480001 4.94127
23490001 4.76955
23500001 4.67119
23510001 4.98608
23520001 4.78414
23530001 4.82835
23540001 4.86429
23550001 4.66595
23560001 4.83948
23570001 4.84795
23580001 4.82661
23590001 4.96946
23600001 4.73378
23610001 4.6449
23620001 4.93839
23630001 4.74149
23640001 4.80932
23650001 4.85179
23660001 4.62301
23670001 4.88621
23680001 4.84976
23690001 4.72712
23700001 4.99662
23710001 4.77131
23720001 4.69129
23730001 4.84207
23740001 4.65947
23750001 4.84037
23760001 4.81278
23770001 4.6494
23780001 4.89902
23790001 4.85444
23800001 4.76238
23810001 5.01644
23820001 4.8213
23830001 4.70347
23840001 4.78987
23850001 4.71279
23860001 4.86667
23870001 4.84815
23880001 4.67548
23890001 4.61906
23900001 4.86675
23910001 4.78581
23920001 4.99513
23930001 4.88151
23940001 4.64511
23950001 4.83271
23960001 4.7461
23970001 4.77103
23980001 4.87991
23990001 4.68849
24000001 4.65385
24010001 4.91783
24020001 4.80769
24030001 5.03233
24040001 4.91991
24050001 4.65213
24060001 4.76933
24070001 4.75481
24080001 4.79104
24090001 4.90914
24100001 4.69622
24110001 4.67824
24120001 4.95427
24130001 4.8215
24140001 4.95735
24150001 4.93561
24160001 4.67684
24170001 4.77032
24180001 4.76992
24190001 4.82582
24200001 4.93059
24210001 4.72439
24220001 4.73439
24230001 4.97254
24240001 4.82731
24250001 4.88829
24260001 4.8468
24270001 4.69975
24280001 4.87076
24290001 4.78809
24300001 4.8393
24310001 4.95718
24320001 4.78386
24330001 4.66095
24340001 5.01956
24350001 4.76524
24360001 4.81564
24370001 4.86874
24380001 4.71152
24390001 4.83037
24400001 4.82658
24410001 4.89448
24420001 4.97049
24430001 4.7279
24440001 4.63246
24450001 4.98628
24460001 4.80082
24470001 4.76573
24480001 4.8658
24490001 4.60933
24500001 4.83589
24510001 4.82192
24520001 4.70761
24530001 4.98261
24540001 4.74224
24550001 4.64548
24560001 4.85823
24570001 4.72816
24580001 4.82507
24590001 4.79679
24600001 4.6372
24610001 4.88589
24620001 4.84104
24630001 4.74069
24640001 5.00301
24650001 4.77995
24660001 4.68754
24670001 4.80203
24680001 4.68716
24690001 4.82927
24700001 4.83725
24710001 4.65853
24720001 4.71846
24730001 4.85797
24740001 4.76809
24750001 4.98259
24760001 4.83572
24770001 4.69786
24780001 4.80204
24790001 4.72558
24800001 4.78286
24810001 4.86433
24820001 4.66824
24830001 4.61884
24840001 4.91328
24850001 4.82755
24860001 5.01947
24870001 4.89237
24880001 4.65816
24890001 4.8329
24900001 4.72988
24910001 4.78765
24920001 4.88568
24930001 4.68388
24940001 4.66137
24950001 4.93049
24960001 4.79008
24970001 4.92613
24980001 4.92922
24990001 4.64389
25000001 4.78272
25010001 4.75335
25020001 4.79524
25030001 4.92389
25040001 4.70386
25050001 4.68684
25060001 4.96543
25070001 4.81409
25080001 4.86261
25090001 4.95612
25100001 4.67725
25110001 4.77733
25120001 4.77488
25130001 4.8363
25140001 4.93235
25150001 4.7306
25160001 4.6982
25170001 4.98628
25180001 4.83165
25190001 4.80986
25200001 4.83002
25210001 4.69926
25220001 4.81951
25230001 4.78782
25240001 4.84269
25250001 4.92583
25260001 4.75858
25270001 4.65875
25280001 5.03134
25290001 4.77053
25300001 4.82119
25310001 4.85493
25320001 4.67246
25330001 4.82822
25340001 4.83755
25350001 4.81706
25360001 4.95093
25370001 4.7238
25380001 4.62563
25390001 4.92378
25400001 4.73001
25410001 4.79907
25420001 4.84285
25430001 4.61303
25440001 4.8766
25450001 4.83876
25460001 4.7175
25470001 5.01345
25480001 4.76139
25490001 4.68144
25500001 4.83203
25510001 4.64984
25520001 4.83086
25530001 4.80373
25540001 4.6333
25550001 4.88973
25560001 4.83949
25570001 4.75206
25580001 5.00541
25590001 4.80476
25600001 4.68835
25610001 4.79367
25620001 4.70219
25630001 4.83445
25640001 4.83849
25650001 4.66359
25660001 4.60943
25670001 4.85703
25680001 4.77496
25690001 4.98281
25700001 4.853
25710001 4.63097
25720001 4.82325
25730001 4.73646
25740001 4.74872
25750001 4.8612
25760001 4.6784
25770001 4.64268
25780001 4.90851
25790001 4.83527
25800001 5.01625
25810001 4.91054
25820001 4.64265
25830001 4.76098
25840001 4.7445
25850001 4.78191
25860001 4.88456
25870001 4.68396
25880001 4.66686
25890001 4.95169
25900001 4.8143
25910001 4.94703
25920001 4.92609
25930001 4.66655
25940001 4.75544
25950001 4.75404
25960001 4.81597
25970001 4.92267
25980001 4.71066
25990001 4.71459
26000001 4.96317
26010001 4.81951
26020001 4.87597
26030001 4.96151
26040001 4.68946
26050001 4.86153
26060001 4.778
26070001 4.83125
26080001 4.94776
26090001 4.75389
26100001 4.65054
26110001 5.00994
26120001 4.79431
26130001 4.80907
26140001 4.85346
26150001 4.70136
26160001 4.80183
26170001 4.81549
26180001 4.88009
26190001 4.95974
26200001 4.71812
26210001 4.62316
26220001 4.97616
26230001 4.79147
26240001 4.78258
26250001 4.852
26260001 4.59472
26270001 4.82664
26280001 4.85368
26290001 4.69826
26300001 4.96784
26310001 4.72708
26320001 4.63637
26330001 4.84947
26340001 4.71088
26350001 4.81377
26360001 4.82837
26370001 4.62704
26380001 4.87794
26390001 4.83185
26400001 4.72658
26410001 4.99808
26420001 4.77005
26430001 4.67817
26440001 4.77358
26450001 4.6659
26460001 4.82011
26470001 4.82265
26480001 4.64829
26490001 4.70145
26500001 4.84874
26510001 4.75931
26520001 5.02024
26530001 4.82618
26540001 4.68626
26550001 4.79296
26560001 4.71486
26570001 4.77105
26580001 4.84575
26590001 4.65899
26600001 4.61004
26610001 4.8801
26620001 4.81339
26630001 5.00917
26640001 4.88453
26650001 4.64838
26660001 4.82353
26670001 4.7221
26680001 4.77676
26690001 4.87652
26700001 4.67489
26710001 4.6523
26720001 4.91882
26730001 4.77648
26740001 4.92665
26750001 4.92045
26760001 4.63493
26770001 4.77385
26780001 4.74385
26790001 4.78628
26800001 4.91246
26810001 4.69101
26820001 4.67654
26830001 4.95589
26840001 4.80423
26850001 4.85117
26860001 4.94686
26870001 4.6685
26880001 4.7681
26890001 4.76589
26900001 4.82784
26910001 4.92337
26920001 4.71851
26930001 4.68364
26940001 4.97685
26950001 4.82149
26960001 4.8806
26970001 4.82116
26980001 4.6892
26990001 4.80963
27000001 4.77933
27010001 4.82957
27020001 4.95678
27030001 4.74961
27040001 4.64955
27050001 5.02345
27060001 4.76156
27070001 4.81139
27080001 4.8467
27090001 4.66346
27100001 4.81787
27110001 4.82806
27120001 4.80522
27130001 4.93919
27140001 4.7147
27150001 4.63331
27160001 4.90626
27170001 4.71886
27180001 4.7909
27190001 4.83274
27200001 4.60332
27210001 4.86677
27220001 4.82942
27230001 4.70822
27240001 5.0029
27250001 4.75292
27260001 4.67024
27270001 4.85743
27280001 4.64095
27290001 4.82195
27300001 4.79521
27310001 4.62005
27320001 4.88067
27330001 4.83463
27340001 4.7433
27350001 4.99642
27360001 4.79603
27370001 4.67963
27380001 4.78474
27390001 4.68587
27400001 4.81882
27410001 4.82924
27420001 4.65357
27430001 4.60046
27440001 4.84301
27450001 4.75824
27460001 4.96862
27470001 4.84526
27480001 4.62271
27490001 4.81547
27500001 4.72746
27510001 4.73573
27520001 4.85125
27530001 4.67025
27540001 4.62797
27550001 4.89975
27560001 4.82706
27570001 5.00815
27580001 4.89762
27590001 4.63311
27600001 4.75261
27610001 4.7357
27620001 4.77098
27630001 4.87375
27640001 4.67016
27650001 4.65753
27660001 4.93176
27670001 4.80391
27680001 4.93505
27690001 4.91852
27700001 4.64816
27710001 4.74611
27720001 4.74415
27730001 4.79575
27740001 4.91441
27750001 4.70282
27760001 4.70083
27770001 4.95459
27780001 4.80941
27790001 4.86698
27800001 4.95388
27810001 4.67611
27820001 4.86031
27830001 4.76949
27840001 4.82315
27850001 4.92554
27860001 4.74473
27870001 4.70997
27880001 5.00132
27890001 4.78243
27900001 4.80055
27910001 4.84109
27920001 4.69087
27930001 4.7904
27940001 4.79434
27950001 4.86039
27960001 4.93058
27970001 4.70964
27980001 4.61153
27990001 4.96038
28000001 4.77573
28010001 4.79079
28020001 4.843
28030001 4.58567
28040001 4.80878
28050001 4.84456
28060001 4.68894
28070001 4.95936
28080001 4.71922
28090001 4.62821
28100001 4.83956
28110001 4.70216
28120001 4.79446
28130001 4.82065
28140001 4.61572
28150001 4.86961
28160001 4.82356
28170001 4.7158
28180001 4.98948
28190001 4.76136
28200001 4.67181
28210001 4.76361
28220001 4.65748
28230001 4.81094
28240001 4.81395
28250001 4.63975
28260001 4.84496
28270001 4.83953
28280001 4.75132
28290001 5.01281
28300001 4.81767
28310001 4.6778
28320001 4.78295
28330001 4.70457
28340001 4.76288
28350001 4.83719
28360001 4.65051
28370001 4.60164
28380001 4.87141
28390001 4.78716
28400001 4.98701
28410001 4.88115
28420001 4.63565
28430001 4.81548
28440001 4.71044
28450001 4.76601
28460001 4.8686
28470001 4.66699
28480001 4.64138
28490001 4.90051
28500001 4.76434
28510001 4.9145
28520001 4.91284
28530001 4.62544
28540001 4.76436
28550001 4.73497
28560001 4.778
28570001 4.90492
28580001 4.68108
28590001 4.66832
28600001 4.94774
28610001 4.79587
28620001 4.87263
28630001 4.93913
28640001 4.6606
28650001 4.75249
28660001 4.74848
28670001 4.81843
28680001 4.91509
28690001 4.70893
28700001 4.67492
28710001 4.95789
28720001 4.81332
28730001 4.87176
28740001 4.8186
28750001 4.68117
28760001 4.7996
28770001 4.76938
28780001 4.82147
28790001 4.94779
28800001 4.74082
28810001 4.64043
28820001 5.01134
28830001 4.74608
28840001 4.80388
28850001 4.83895
28860001 4.65466
28870001 4.81036
28880001 4.8121
28890001 4.79201
28900001 4.93126
28910001 4.70662
28920001 4.62496
28930001 4.89806
28940001 4.71929
28950001 4.78325
28960001 4.82393
28970001 4.5908
28980001 4.83669
28990001 4.82287
29000001 4.69943
29010001 5.04258
29020001 4.73159
29030001 4.64679
29040001 4.84909
29050001 4.71685
29060001 4.81379
29070001 4.7866
29080001 4.6101
29090001 4.87192
29100001 4.82545
29110001 4.72761
29120001 4.98783
29130001 4.78696
29140001 4.66364
29150001 4.77614
29160001 4.67544
29170001 4.81084
29180001 4.8219
29190001 4.64504
29200001 4.58795
29210001 4.83496
29220001 4.74955
29230001 4.95694
29240001 4.83769
29250001 4.61572
29260001 4.80739
29270001 4.71861
29280001 4.72683
29290001 4.84028
29300001 4.65914
29310001 4.61999
29320001 4.89818
29330001 4.81787
29340001 5.00007
29350001 4.88715
29360001 4.62785
29370001 4.74402
29380001 4.71329
29390001 4.77525
29400001 4.86364
29410001 4.66209
29420001 4.64995
29430001 4.9203
29440001 4.79721
29450001 4.91795
29460001 4.91036
29470001 4.63021
29480001 4.72782
29490001 4.73611
29500001 4.7828
29510001 4.90488
29520001 4.68745
29530001 4.68924
29540001 4.94641
29550001 4.80278
29560001 4.85491
29570001 4.94626
29580001 4.66835
29590001 4.76215
29600001 4.761
29610001 4.81484
29620001 4.91752
29630001 4.73737
29640001 4.69934
29650001 4.99283
29660001 4.7656
29670001 4.79278
29680001 4.83043
29690001 4.68262
29700001 4.78322
29710001 4.7811
29720001 4.85046
29730001 4.92159
29740001 4.70266
29750001 4.60324
29760001 4.95973
29770001 4.75873
29780001 4.77078
29790001 4.83542
29800001 4.57817
29810001 4.79042
29820001 4.83468
29830001 4.7065
29840001 4.9455
29850001 4.71026
29860001 4.61936
29870001 4.83022
29880001 4.72501
29890001 4.78439
29900001 4.81256
29910001 4.60372
29920001 4.85956
29930001 4.8168
29940001 4.70224
29950001 4.98169
29960001 4.74872
29970001 4.66461
29980001 4.80494
29990001 4.63123
