1 2183.54
10001 128.71
20001 65.8799
30001 39.219
40001 26.9101
50001 20.9762
60001 17.7658
70001 15.6583
80001 13.6746
90001 12.5545
100001 12.4974
110001 12.3313
120001 11.3563
130001 10.8003
140001 10.6403
150001 9.50022
160001 9.1479
170001 8.96288
180001 9.61736
190001 9.22815
200001 9.15933
210001 9.92885
220001 9.43974
230001 9.50453
240001 9.83072
250001 8.86148
260001 8.37388
270001 8.51077
280001 9.13359
290001 8.55491
300001 8.69891
310001 9.00065
320001 9.28859
330001 9.88682
340001 9.2363
350001 8.59652
360001 8.95946
370001 7.82614
380001 7.60836
390001 7.60482
400001 8.15015
410001 8.11982
420001 8.17742
430001 9.52416
440001 8.79418
450001 8.82465
460001 9.10191
470001 8.14968
480001 7.64828
490001 7.69055
500001 8.73417
510001 7.99492
520001 8.21243
530001 8.76368
540001 8.45867
550001 9.66401
560001 8.84453
570001 7.9481
580001 8.5831
590001 7.46224
600001 7.25836
610001 7.2154
620001 7.98478
630001 8.09299
640001 7.87516
650001 9.35696
660001 8.53865
670001 8.40178
680001 8.90466
690001 7.96426
700001 7.3881
710001 6.96733
720001 8.44588
730001 8.12588
740001 8.15997
750001 8.59169
760001 8.00203
770001 9.43415
780001 8.61178
790001 7.77717
800001 8.54985
810001 7.30364
820001 7.09326
830001 6.94146
840001 7.84207
850001 7.88431
860001 8.44355
870001 9.19437
880001 8.48231
890001 8.10435
900001 8.76463
910001 7.82243
920001 7.28236
930001 6.76886
940001 8.49896
950001 8.22546
960001 8.11976
970001 8.41758
980001 8.08516
990001 9.35036
1000001 8.69011
1010001 7.85707
1020001 7.67924
1030001 7.47107
1040001 7.15628
1050001 6.835
1060001 7.81953
1070001 7.79591
1080001 7.8179
1090001 7.41197
1100001 8.25434
1110001 7.78602
1120001 9.0607
1130001 7.76873
1140001 7.18643
1150001 6.79198
1160001 7.90246
1170001 8.37022
1180001 8.09044
1190001 8.42531
1200001 7.41333
1210001 8.69464
1220001 8.81404
1230001 7.76897
1240001 7.50974
1250001 7.4184
1260001 6.89471
1270001 6.773
1280001 7.76154
1290001 7.72981
1300001 7.51639
1310001 7.06162
1320001 8.29142
1330001 7.93843
1340001 9.21147
1350001 7.83826
1360001 7.14547
1370001 6.8848
1380001 7.50307
1390001 8.31822
1400001 8.39907
1410001 7.27933
1420001 7.42052
1430001 8.60502
1440001 9.01091
1450001 7.9585
1460001 7.84738
1470001 7.75315
1480001 6.97018
1490001 6.64203
1500001 7.85723
1510001 7.59282
1520001 7.49514
1530001 7.08142
1540001 8.2024
1550001 8.10196
1560001 8.8307
1570001 8.17164
1580001 7.3575
1590001 6.79102
1600001 7.54493
1610001 8.4138
1620001 8.21197
1630001 7.53525
1640001 7.45943
1650001 8.9818
1660001 9.17629
1670001 8.01212
1680001 7.74733
1690001 7.85324
1700001 6.80046
1710001 6.59807
1720001 7.22413
1730001 7.63303
1740001 7.35741
1750001 7.23166
1760001 8.01963
1770001 8.10658
1780001 8.2011
1790001 8.09513
1800001 7.46979
1810001 6.76507
1820001 7.60883
1830001 8.28632
1840001 8.44783
1850001 7.58334
1860001 7.44007
1870001 8.24559
1880001 8.82373
1890001 8.07205
1900001 7.734
1910001 7.88197
1920001 6.75506
1930001 6.54451
1940001 6.56079
1950001 7.53878
1960001 7.19281
1970001 7.27008
1980001 8.21871
1990001 7.78854
2000001 7.94354
2010001 8.27165
2020001 7.23907
2030001 6.80405
2040001 7.05883
2050001 7.84889
2060001 7.25776
2070001 7.48991
2080001 7.89395
2090001 8.18451
2100001 8.88474
2110001 8.20186
2120001 7.45156
2130001 7.93495
2140001 6.74094
2150001 6.52217
2160001 6.56639
2170001 7.19301
2180001 7.16962
2190001 7.2802
2200001 8.71185
2210001 7.97277
2220001 8.01651
2230001 8.30877
2240001 7.30501
2250001 6.80702
2260001 6.89414
2270001 8.02451
2280001 7.25855
2290001 7.52193
2300001 8.12763
2310001 8.36349
2320001 8.79399
2330001 8.22072
2340001 7.27571
2350001 7.9317
2360001 6.79221
2370001 6.57777
2380001 6.55591
2390001 7.37704
2400001 7.50083
2410001 7.30462
2420001 8.80395
2430001 8.00156
2440001 7.86948
2450001 8.37673
2460001 7.41668
2470001 6.83018
2480001 6.40143
2490001 7.97164
2500001 7.63484
2510001 7.69681
2520001 8.1568
2530001 7.531
2540001 9.00843
2550001 8.17391
2560001 7.31312
2570001 8.11067
2580001 6.83417
2590001 6.61206
2600001 6.47362
2610001 7.41256
2620001 7.3652
2630001 7.86367
2640001 8.82352
2650001 8.0949
2660001 7.72642
2670001 8.38866
2680001 7.4097
2690001 6.8799
2700001 6.35524
2710001 8.15963
2720001 7.87662
2730001 7.78345
2740001 8.0954
2750001 7.63017
2760001 9.04077
2770001 8.36536
2780001 7.51406
2790001 7.33186
2800001 7.10491
2810001 6.80115
2820001 6.48094
2830001 7.49339
2840001 7.47564
2850001 7.50019
2860001 7.09476
2870001 7.96216
2880001 7.49155
2890001 8.77855
2900001 7.46417
2910001 6.87427
2920001 6.47666
2930001 7.63629
2940001 8.10288
2950001 7.8296
2960001 8.16707
2970001 7.14133
2980001 8.44232
2990001 8.52224
3000001 7.50005
3010001 7.22949
3020001 7.10979
3030001 6.92561
3040001 6.48907
3050001 7.50245
3060001 7.47293
3070001 7.26565
3080001 6.87073
3090001 8.05933
3100001 7.70011
3110001 8.98843
3120001 7.59904
3130001 6.87837
3140001 6.63438
3150001 7.27055
3160001 8.10307
3170001 8.19004
3180001 7.05426
3190001 7.1992
3200001 8.42304
3210001 8.80784
3220001 7.74248
3230001 7.62157
3240001 7.53094
3250001 6.73841
3260001 6.40723
3270001 7.64547
3280001 7.38662
3290001 7.30292
3300001 6.87139
3310001 8.01342
3320001 7.91265
3330001 8.64028
3340001 7.97206
3350001 7.15318
3360001 6.57429
3370001 7.35504
3380001 8.23415
3390001 8.59828
3400001 7.32489
3410001 7.27403
3420001 8.8134
3430001 9.00759
3440001 7.8332
3450001 7.55716
3460001 7.6679
3470001 6.60681
3480001 6.39993
3490001 7.01561
3500001 7.46045
3510001 7.17675
3520001 7.05706
3530001 7.85227
3540001 7.94488
3550001 8.03619
3560001 7.92894
3570001 7.29887
3580001 6.58846
3590001 7.44781
3600001 8.13662
3610001 8.30304
3620001 7.43321
3630001 7.29136
3640001 8.09013
3650001 8.68085
3660001 7.91617
3670001 7.57157
3680001 7.72381
3690001 6.66482
3700001 6.37237
3710001 6.39617
3720001 7.38659
3730001 7.03864
3740001 7.12213
3750001 8.07538
3760001 7.64566
3770001 7.79957
3780001 8.13013
3790001 7.08895
3800001 6.65145
3810001 6.89515
3820001 7.7153
3830001 7.11877
3840001 7.35585
3850001 7.77065
3860001 8.04999
3870001 8.7589
3880001 8.07248
3890001 7.35698
3900001 7.79953
3910001 6.59657
3920001 6.37372
3930001 6.42628
3940001 7.05753
3950001 7.02751
3960001 7.14987
3970001 8.59219
3980001 7.85074
3990001 7.87946
4000001 8.18671
4010001 7.17333
4020001 6.67255
4030001 6.76799
4040001 7.90895
4050001 7.1384
4060001 7.41322
4070001 8.01896
4080001 8.24708
4090001 8.68224
4100001 8.10533
4110001 7.1505
4120001 7.80726
4130001 6.664
4140001 6.44902
4150001 6.42675
4160001 7.25829
4170001 7.38135
4180001 7.19232
4190001 8.69778
4200001 7.88944
4210001 7.7614
4220001 8.26637
4230001 7.30199
4240001 6.70605
4250001 6.28471
4260001 7.87179
4270001 7.51407
4280001 7.59633
4290001 8.06309
4300001 7.42691
4310001 8.91139
4320001 8.07127
4330001 7.20336
4340001 8.00375
4350001 6.72075
4360001 6.49547
4370001 6.3678
4380001 7.3078
4390001 7.33009
4400001 7.7639
4410001 8.72771
4420001 7.99506
4430001 7.62708
4440001 8.29654
4450001 7.30602
4460001 6.77501
4470001 6.40152
4480001 8.06875
4490001 7.78433
4500001 7.69353
4510001 8.00964
4520001 7.53179
4530001 8.95107
4540001 8.27077
4550001 7.41541
4560001 7.22905
4570001 7.00463
4580001 6.50863
4590001 6.37734
4600001 7.39752
4610001 7.38064
4620001 7.42678
4630001 7.00189
4640001 7.87306
4650001 7.39855
4660001 8.69667
4670001 7.37247
4680001 6.78014
4690001 6.38102
4700001 7.55568
4710001 8.00647
4720001 7.7488
4730001 8.31363
4740001 7.05836
4750001 8.35959
4760001 8.4402
4770001 7.41811
4780001 7.13695
4790001 7.0204
4800001 6.82025
4810001 6.39131
4820001 7.415
4830001 7.38209
4840001 7.17906
4850001 6.78475
4860001 7.93555
4870001 7.62005
4880001 8.81141
4890001 7.51613
4900001 6.77854
4910001 6.48112
4920001 7.18951
4930001 8.02716
4940001 8.11737
4950001 6.97443
4960001 7.11414
4970001 8.3459
4980001 8.73176
4990001 7.6643
5000001 7.537
5010001 7.42596
5020001 6.65458
5030001 6.31944
5040001 7.45875
5050001 7.30705
5060001 7.22441
5070001 6.79271
5080001 7.88235
5090001 7.83538
5100001 8.56697
5110001 7.8965
5120001 7.07474
5130001 6.49149
5140001 7.28336
5150001 8.17583
5160001 8.52876
5170001 7.2553
5180001 7.20061
5190001 8.74637
5200001 8.94102
5210001 7.76144
5220001 7.45591
5230001 7.59241
5240001 6.52731
5250001 6.32186
5260001 6.94732
5270001 7.3892
5280001 7.10454
5290001 6.98595
5300001 7.78303
5310001 7.87914
5320001 8.58067
5330001 7.85914
5340001 7.21885
5350001 6.51696
5360001 7.38038
5370001 8.07293
5380001 8.14854
5390001 7.37097
5400001 7.22882
5410001 8.02314
5420001 8.61011
5430001 7.8504
5440001 7.48685
5450001 7.65523
5460001 6.58433
5470001 6.29797
5480001 6.32523
5490001 7.31225
5500001 6.97106
5510001 7.05826
5520001 8.01151
5530001 7.56232
5540001 7.73819
5550001 8.06503
5560001 6.85425
5570001 6.58255
5580001 6.8287
5590001 7.65598
5600001 7.05557
5610001 7.29617
5620001 7.7121
5630001 7.98872
5640001 8.7009
5650001 8.01052
5660001 7.29112
5670001 7.73747
5680001 6.53527
5690001 6.30022
5700001 6.35936
5710001 6.99435
5720001 6.96172
5730001 7.07728
5740001 8.5338
5750001 7.79078
5760001 7.81917
5770001 8.12922
5780001 7.11265
5790001 6.60197
5800001 6.70893
5810001 7.85471
5820001 7.08056
5830001 7.35612
5840001 7.96826
5850001 8.19021
5860001 8.62812
5870001 8.05554
5880001 7.09046
5890001 7.73892
5900001 6.60237
5910001 6.38274
5920001 6.36554
5930001 7.19832
5940001 7.32179
5950001 7.13615
5960001 8.6448
5970001 7.83347
5980001 7.70714
5990001 8.21236
6000001 7.24521
6010001 6.64898
6020001 6.22716
6030001 7.82123
6040001 7.49571
6050001 7.50689
6060001 8.01768
6070001 7.37222
6080001 8.86096
6090001 7.99892
6100001 7.14687
6110001 7.88026
6120001 6.66248
6130001 6.43405
6140001 6.31161
6150001 7.2526
6160001 7.27496
6170001 7.71152
6180001 8.67737
6190001 7.94202
6200001 7.57645
6210001 8.24376
6220001 7.24916
6230001 6.72026
6240001 6.34697
6250001 8.01518
6260001 7.68331
6270001 7.6475
6280001 7.96507
6290001 7.48105
6300001 8.89561
6310001 8.22192
6320001 7.36349
6330001 7.1745
6340001 6.95108
6350001 6.45224
6360001 6.32256
6370001 7.3444
6380001 7.32879
6390001 7.3757
6400001 6.95184
6410001 8.21285
6420001 7.34743
6430001 8.65144
6440001 7.32314
6450001 6.72559
6460001 6.32859
6470001 7.51216
6480001 7.9283
6490001 7.65904
6500001 8.27303
6510001 7.02038
6520001 8.17324
6530001 8.39507
6540001 7.37079
6550001 7.08607
6560001 6.96713
6570001 6.76909
6580001 6.34053
6590001 7.36569
6600001 7.32659
6610001 7.13126
6620001 6.73778
6630001 7.88053
6640001 7.5746
6650001 8.75562
6660001 7.47031
6670001 6.72873
6680001 6.43244
6690001 7.14215
6700001 7.98514
6710001 8.07635
6720001 6.93112
6730001 7.06874
6740001 8.3032
6750001 8.37493
6760001 7.61975
6770001 7.49046
6780001 7.36909
6790001 6.60576
6800001 6.26857
6810001 7.41364
6820001 7.15067
6830001 7.17799
6840001 6.73839
6850001 7.88689
6860001 7.7935
6870001 8.52517
6880001 7.85247
6890001 7.02968
6900001 6.44571
6910001 7.24152
6920001 8.1346
6930001 8.48712
6940001 7.21498
6950001 7.15919
6960001 8.69624
6970001 8.90137
6980001 7.71562
6990001 7.4125
7000001 7.54731
7010001 6.48209
7020001 6.27111
7030001 6.90361
7040001 7.34686
7050001 7.05752
7060001 6.94438
7070001 7.72948
7080001 7.83599
7090001 8.5403
7100001 7.81836
7110001 7.17596
7120001 6.47312
7130001 7.34201
7140001 8.03586
7150001 8.11353
7160001 7.32999
7170001 7.1912
7180001 7.91228
7190001 8.57457
7200001 7.81035
7210001 7.44102
7220001 7.5788
7230001 6.47822
7240001 6.2485
7250001 6.28239
7260001 7.27279
7270001 6.92948
7280001 7.01365
7290001 7.93351
7300001 7.51427
7310001 8.13119
7320001 8.02504
7330001 6.81483
7340001 6.53887
7350001 6.78919
7360001 7.61934
7370001 7.01252
7380001 7.26076
7390001 7.67914
7400001 7.95118
7410001 8.66844
7420001 7.95857
7430001 7.25095
7440001 7.69582
7450001 6.49569
7460001 6.25873
7470001 6.31925
7480001 6.95629
7490001 6.92191
7500001 7.03975
7510001 8.50411
7520001 7.75171
7530001 7.78618
7540001 8.11344
7550001 7.07475
7560001 6.56332
7570001 6.67024
7580001 7.82199
7590001 7.04273
7600001 7.32166
7610001 7.93503
7620001 8.15484
7630001 8.59359
7640001 8.01529
7650001 7.05317
7660001 7.70133
7670001 6.56362
7680001 6.34125
7690001 6.32638
7700001 7.16188
7710001 7.284
7720001 7.10093
7730001 8.60743
7740001 7.80027
7750001 7.67853
7760001 8.17615
7770001 7.1266
7780001 6.61086
7790001 6.19121
7800001 7.79155
7810001 7.46168
7820001 7.47505
7830001 7.98725
7840001 7.27356
7850001 8.82907
7860001 7.96463
7870001 7.11269
7880001 7.84391
7890001 6.62559
7900001 6.39389
7910001 6.26872
7920001 7.21516
7930001 7.23902
7940001 7.67696
7950001 8.64604
7960001 7.90875
7970001 7.52863
7980001 8.2118
7990001 7.21543
8000001 6.69567
8010001 6.31221
8020001 7.97937
8030001 7.65178
8040001 7.61672
8050001 7.93997
8060001 7.44796
8070001 8.86294
8080001 8.18971
8090001 7.33044
8100001 7.12961
8110001 6.90666
8120001 6.41488
8130001 6.28588
8140001 7.27437
8150001 7.32862
8160001 7.3434
8170001 6.90951
8180001 8.18026
8190001 7.2446
8200001 8.51038
8210001 7.29324
8220001 6.69168
8230001 6.29481
8240001 7.56745
8250001 7.90158
8260001 7.62737
8270001 8.24541
8280001 6.99022
8290001 8.1395
8300001 8.3661
8310001 7.33864
8320001 7.05385
8330001 6.93369
8340001 6.73444
8350001 6.30748
8360001 7.33827
8370001 7.29467
8380001 7.09895
8390001 6.70628
8400001 7.75926
8410001 7.54446
8420001 8.71825
8430001 7.44
8440001 6.69677
8450001 6.40158
8460001 7.10414
8470001 7.95683
8480001 8.04982
8490001 6.90145
8500001 7.03872
8510001 8.25133
8520001 8.3463
8530001 7.58988
8540001 7.46187
8550001 7.30581
8560001 6.57377
8570001 6.23637
8580001 7.38261
8590001 7.12025
8600001 7.14654
8610001 6.79738
8620001 7.8584
8630001 7.76473
8640001 8.87837
8650001 7.82261
8660001 6.99849
8670001 6.48952
8680001 7.21346
8690001 8.1068
8700001 8.46014
8710001 7.12117
8720001 7.13021
8730001 8.66869
8740001 8.86498
8750001 7.68206
8760001 7.38516
8770001 7.51576
8780001 6.45027
8790001 6.23899
8800001 7.04897
8810001 7.31843
8820001 7.02761
8830001 6.91342
8840001 7.70124
8850001 7.79344
8860001 8.50433
8870001 7.79148
8880001 7.14657
8890001 6.43527
8900001 7.31493
8910001 8.01154
8920001 8.09185
8930001 7.30585
8940001 7.16775
8950001 8.70118
8960001 8.54799
8970001 7.78739
8980001 7.41112
8990001 7.55058
9000001 6.44855
9010001 6.21821
9020001 6.25312
9030001 7.24574
9040001 6.90076
9050001 6.98826
9060001 7.90693
9070001 7.48623
9080001 8.1045
9090001 7.99735
9100001 6.78293
9110001 6.50969
9120001 6.70076
9130001 7.59487
9140001 6.97273
9150001 7.23492
9160001 7.65369
9170001 7.94003
9180001 8.64333
9190001 7.92675
9200001 7.22282
9210001 7.66835
9220001 6.4666
9230001 6.22924
9240001 6.29077
9250001 6.93014
9260001 6.89425
9270001 7.01427
9280001 8.47784
9290001 7.72566
9300001 7.74426
9310001 8.08792
9320001 7.047
9330001 6.53682
9340001 6.64407
9350001 7.79845
9360001 7.01703
9370001 7.29827
9380001 7.91018
9390001 8.12132
9400001 8.67661
9410001 7.99171
9420001 7.02681
9430001 7.67311
9440001 6.53555
9450001 6.31242
9460001 6.2978
9470001 7.13491
9480001 7.25606
9490001 7.0764
9500001 8.58534
9510001 7.7739
9520001 7.65434
9530001 8.15148
9540001 7.09709
9550001 6.58098
9560001 6.16639
9570001 7.76612
9580001 7.42407
9590001 7.44824
9600001 7.96525
9610001 7.24868
9620001 8.80719
9630001 7.94061
9640001 7.08196
9650001 7.81984
9660001 6.59911
9670001 6.36665
9680001 6.24233
9690001 7.16667
9700001 7.21334
9710001 7.65295
9720001 8.62348
9730001 7.88645
9740001 7.5056
9750001 8.18619
9760001 7.19039
9770001 6.67638
9780001 6.28603
9790001 7.95813
9800001 7.62917
9810001 7.59488
9820001 7.953
9830001 7.42226
9840001 8.84065
9850001 8.16657
9860001 7.30645
9870001 7.10696
9880001 6.88035
9890001 6.38864
9900001 6.259
9910001 7.25116
9920001 7.30326
9930001 7.31902
9940001 6.9867
9950001 8.15809
9960001 7.21871
9970001 8.48859
9980001 7.26891
9990001 6.66322
10000001 6.25372
10010001 7.54693
10020001 7.874
10030001 7.60356
10040001 8.22497
10050001 6.97428
10060001 8.11832
10070001 8.34178
10080001 7.31572
10090001 7.03058
10100001 6.9102
10110001 6.70851
10120001 6.26728
10130001 7.31499
10140001 7.27149
10150001 7.07538
10160001 6.68348
10170001 7.73946
10180001 7.52115
10190001 8.69786
10200001 7.41762
10210001 6.67283
10220001 6.37728
10230001 7.08116
10240001 7.93064
10250001 8.00946
10260001 7.12453
10270001 7.01669
10280001 8.22789
10290001 8.32517
10300001 7.56842
10310001 7.44206
10320001 7.23347
10330001 6.55094
10340001 6.21182
10350001 7.36046
10360001 7.09841
10370001 7.06626
10380001 6.77541
10390001 7.71945
10400001 7.74397
10410001 8.85772
10420001 7.80004
10430001 6.97552
10440001 6.46596
10450001 7.18198
10460001 8.08624
10470001 8.44326
10480001 7.10047
10490001 7.11003
10500001 8.64853
10510001 8.84536
10520001 7.59626
10530001 7.36293
10540001 7.49357
10550001 6.42683
10560001 6.21449
10570001 7.02646
10580001 7.2933
10590001 7.00416
10600001 6.8908
10610001 7.68051
10620001 7.75937
10630001 8.48164
10640001 7.77095
10650001 7.12449
10660001 6.41255
10670001 7.29564
10680001 8.16683
10690001 8.07379
10700001 7.28632
10710001 7.14737
10720001 8.66448
10730001 8.42476
10740001 7.76485
10750001 7.38711
10760001 7.52898
10770001 6.4239
10780001 6.20134
10790001 6.23078
10800001 7.22577
10810001 6.87919
10820001 6.96446
10830001 7.88706
10840001 7.47635
10850001 8.08446
10860001 7.97724
10870001 6.76178
10880001 6.48679
10890001 6.68205
10900001 7.57539
10910001 6.95192
10920001 7.21788
10930001 7.63605
10940001 7.92077
10950001 8.62436
10960001 7.90787
10970001 7.20162
10980001 7.64863
10990001 6.44453
11000001 6.20254
11010001 6.26862
11020001 6.90894
11030001 6.87339
11040001 6.98583
11050001 8.45985
11060001 7.70699
11070001 7.7255
11080001 8.06859
11090001 7.02162
11100001 6.51759
11110001 6.62558
11120001 7.77973
11130001 6.99699
11140001 7.28038
11150001 7.89319
11160001 8.08179
11170001 8.65918
11180001 7.97299
11190001 7.00789
11200001 7.65138
11210001 6.51703
11220001 6.29055
11230001 6.27622
11240001 7.11456
11250001 7.23494
11260001 7.05771
11270001 8.56557
11280001 7.75147
11290001 7.63573
11300001 8.13933
11310001 7.07754
11320001 6.55495
11330001 6.14745
11340001 7.74893
11350001 7.40479
11360001 7.4302
11370001 7.94952
11380001 7.22891
11390001 8.78932
11400001 7.92281
11410001 7.06197
11420001 7.79974
11430001 6.5735
11440001 6.34407
11450001 6.20173
11460001 7.11784
11470001 7.19375
11480001 7.63686
11490001 8.60663
11500001 7.86163
11510001 7.48607
11520001 8.16785
11530001 7.17162
11540001 6.65725
11550001 6.26707
11560001 7.94081
11570001 7.61173
11580001 7.63696
11590001 7.91694
11600001 7.3942
11610001 8.81903
11620001 8.14861
11630001 7.28826
11640001 7.08627
11650001 6.86142
11660001 6.36708
11670001 6.23904
11680001 7.22935
11690001 7.27991
11700001 7.30123
11710001 7.52715
11720001 8.14009
11730001 7.20182
11740001 8.38301
11750001 7.24387
11760001 6.64155
11770001 6.2359
11780001 7.53088
11790001 7.85668
11800001 7.58739
11810001 8.04889
11820001 6.95605
11830001 8.10133
11840001 8.32464
11850001 7.29829
11860001 7.01141
11870001 6.89178
11880001 6.60955
11890001 6.24882
11900001 7.29414
11910001 7.25825
11920001 7.03055
11930001 6.66679
11940001 7.72321
11950001 7.50384
11960001 8.68114
11970001 7.39827
11980001 6.66574
11990001 6.35159
12000001 7.43683
12010001 7.91416
12020001 7.94425
12030001 7.11015
12040001 6.99953
12050001 8.21183
12060001 8.31548
12070001 7.55226
12080001 7.42265
12090001 7.20658
12100001 6.53207
12110001 6.19233
12120001 7.3427
12130001 7.08148
12140001 7.04893
12150001 6.6562
12160001 7.7032
12170001 7.72704
12180001 8.84137
12190001 7.75363
12200001 6.95775
12210001 6.44367
12220001 7.16573
12230001 8.07076
12240001 8.42635
12250001 6.88395
12260001 7.05294
12270001 8.63282
12280001 8.83121
12290001 7.58017
12300001 7.34518
12310001 7.32212
12320001 6.40855
12330001 6.1955
12340001 7.00847
12350001 7.27658
12360001 6.98663
12370001 6.86914
12380001 7.66427
12390001 7.74324
12400001 8.47048
12410001 7.75483
12420001 7.10296
12430001 6.39517
12440001 7.28021
12450001 8.15132
12460001 8.05964
12470001 7.27185
12480001 7.13189
12490001 8.64967
12500001 8.41009
12510001 7.74845
12520001 7.36365
12530001 7.50912
12540001 6.40643
12550001 6.17792
12560001 6.20755
12570001 7.20825
12580001 6.86221
12590001 6.9497
12600001 7.87067
12610001 7.46114
12620001 8.06928
12630001 7.94414
12640001 6.74435
12650001 6.46904
12660001 6.66302
12670001 7.56067
12680001 6.93609
12690001 7.20214
12700001 7.6314
12710001 7.90327
12720001 8.51724
12730001 7.89445
12740001 7.1843
12750001 7.62664
12760001 6.40153
12770001 6.18031
12780001 6.25047
12790001 6.8935
12800001 6.85736
12810001 6.95475
12820001 8.44525
12830001 7.69146
12840001 7.70953
12850001 8.0537
12860001 7.00573
12870001 6.50081
12880001 6.61051
12890001 7.78165
12900001 6.98178
12910001 7.26623
12920001 7.87821
12930001 8.06718
12940001 8.64533
12950001 7.95839
12960001 6.9889
12970001 7.63551
12980001 6.50033
12990001 6.27438
13000001 6.25922
13010001 7.08699
13020001 7.21828
13030001 7.04233
13040001 8.55164
13050001 7.73617
13060001 7.62046
13070001 8.12585
13080001 7.06231
13090001 6.53815
13100001 6.13221
13110001 7.73499
13120001 7.18062
13130001 7.4126
13140001 7.93406
13150001 7.21352
13160001 8.77448
13170001 7.89466
13180001 7.04708
13190001 7.78285
13200001 6.55407
13210001 6.32738
13220001 6.18545
13230001 7.10275
13240001 7.17794
13250001 7.59876
13260001 8.59336
13270001 7.84606
13280001 7.47118
13290001 8.15262
13300001 7.15592
13310001 6.64348
13320001 6.25211
13330001 7.92634
13340001 7.55624
13350001 7.62455
13360001 7.90309
13370001 7.38
13380001 8.80541
13390001 8.13328
13400001 7.26989
13410001 7.07039
13420001 6.74232
13430001 6.33903
13440001 6.22361
13450001 7.21532
13460001 7.26912
13470001 7.28598
13480001 7.47915
13490001 8.1277
13500001 7.25647
13510001 8.36974
13520001 7.22949
13530001 6.62601
13540001 6.22026
13550001 8.05518
13560001 7.8508
13570001 7.58145
13580001 7.90059
13590001 6.94252
13600001 8.08695
13610001 8.31222
13620001 7.28293
13630001 6.99533
13640001 6.86869
13650001 6.54932
13660001 6.23352
13670001 7.27901
13680001 7.24353
13690001 7.01409
13700001 6.65251
13710001 7.71015
13720001 7.49217
13730001 8.668
13740001 7.38375
13750001 6.65294
13760001 6.33607
13770001 7.42193
13780001 7.90218
13790001 7.68617
13800001 7.07689
13810001 6.98588
13820001 8.19764
13830001 8.26795
13840001 7.32997
13850001 7.40883
13860001 7.18265
13870001 6.5168
13880001 6.17706
13890001 7.32771
13900001 7.06834
13910001 7.03392
13920001 6.64454
13930001 7.61199
13940001 7.71389
13950001 8.83
13960001 7.53062
13970001 6.94399
13980001 6.42934
13990001 7.15223
14000001 8.05841
14010001 8.41187
14020001 6.87061
14030001 7.04145
14040001 8.61743
14050001 8.7622
14060001 7.56364
14070001 7.3307
14080001 7.30823
14090001 6.39447
14100001 6.18085
14110001 6.99829
14120001 7.26274
14130001 6.97238
14140001 6.85568
14150001 7.65078
14160001 7.7304
14170001 8.471
14180001 7.74146
14190001 7.07054
14200001 6.38663
14210001 7.26553
14220001 8.13938
14230001 8.04876
14240001 7.26034
14250001 7.11579
14260001 8.638
14270001 8.39931
14280001 7.73541
14290001 7.35131
14300001 7.49906
14310001 6.39174
14320001 6.16376
14330001 6.19194
14340001 7.19461
14350001 6.76316
14360001 6.93722
14370001 7.8579
14380001 7.42934
14390001 8.02338
14400001 7.93142
14410001 6.73125
14420001 6.4551
14430001 6.65054
14440001 7.45293
14450001 6.9221
14460001 7.19038
14470001 7.62047
14480001 7.89091
14490001 8.50548
14500001 7.88195
14510001 7.17089
14520001 7.61314
14530001 6.3862
14540001 6.16586
14550001 6.23644
14560001 6.87576
14570001 6.84418
14580001 6.9413
14590001 8.43338
14600001 7.68167
14610001 7.69655
14620001 8.04196
14630001 6.99122
14640001 6.48777
14650001 6.59614
14660001 7.77111
14670001 6.96932
14680001 7.24757
14690001 7.86086
14700001 8.05623
14710001 8.63624
14720001 7.94219
14730001 6.97661
14740001 7.62393
14750001 6.48743
14760001 6.25522
14770001 6.2468
14780001 7.06053
14790001 7.20552
14800001 7.01778
14810001 8.5441
14820001 7.72552
14830001 7.60825
14840001 8.1147
14850001 7.04968
14860001 6.52428
14870001 6.11935
14880001 7.72633
14890001 7.16721
14900001 7.39957
14910001 7.92307
14920001 7.20102
14930001 8.76353
14940001 8.0001
14950001 7.03628
14960001 7.77035
14970001 6.5411
14980001 6.31321
14990001 6.17108
15000001 7.09028
15010001 7.16568
15020001 7.36735
15030001 8.58157
15040001 7.83348
15050001 7.41787
15060001 8.13694
15070001 7.08998
15080001 6.63077
15090001 6.2399
15100001 7.91667
15110001 7.54591
15120001 7.61502
15130001 7.89377
15140001 7.36592
15150001 8.79472
15160001 8.12202
15170001 7.25911
15180001 7.95339
15190001 6.72988
15200001 6.32486
15210001 6.2106
15220001 7.20172
15230001 7.2559
15240001 7.27381
15250001 7.41507
15260001 8.11566
15270001 7.2478
15280001 8.35734
15290001 7.21729
15300001 6.61199
15310001 6.20765
15320001 8.0443
15330001 7.83948
15340001 7.57414
15350001 7.89071
15360001 7.53352
15370001 8.07296
15380001 8.29811
15390001 7.2714
15400001 6.98278
15410001 6.8526
15420001 6.52063
15430001 6.22085
15440001 7.26633
15450001 7.23039
15460001 7.0019
15470001 6.6414
15480001 7.69916
15490001 7.48137
15500001 8.65264
15510001 7.37286
15520001 6.64197
15530001 6.32394
15540001 7.41125
15550001 7.89161
15560001 7.67558
15570001 7.06526
15580001 6.92025
15590001 8.17979
15600001 8.25744
15610001 7.30635
15620001 7.27419
15630001 7.1699
15640001 6.50363
15650001 6.16441
15660001 7.29595
15670001 6.97968
15680001 7.02198
15690001 6.63295
15700001 7.59989
15710001 7.70377
15720001 8.81506
15730001 7.51932
15740001 6.89902
15750001 6.41786
15760001 7.14133
15770001 8.04665
15780001 8.39853
15790001 6.85942
15800001 7.03066
15810001 8.60603
15820001 8.75171
15830001 7.55248
15840001 7.31947
15850001 7.29639
15860001 6.38193
15870001 6.1674
15880001 6.98706
15890001 7.25266
15900001 6.96072
15910001 6.84216
15920001 7.63998
15930001 7.71957
15940001 8.46141
15950001 7.73039
15960001 7.05875
15970001 6.37717
15980001 7.25515
15990001 8.12015
16000001 8.02401
16010001 7.24989
16020001 7.14674
16030001 8.62759
16040001 8.38984
16050001 7.72484
16060001 7.33933
16070001 7.48964
16080001 6.37785
16090001 6.15165
16100001 6.19887
16110001 7.18291
16120001 6.75177
16130001 6.92678
16140001 7.84775
16150001 7.41869
16160001 8.00687
16170001 7.92089
16180001 7.06467
16190001 6.44337
16200001 6.63972
16210001 7.42548
16220001 6.91093
16230001 7.17905
16240001 7.60878
16250001 7.98623
16260001 8.49417
16270001 7.71394
16280001 7.15547
16290001 7.60079
16300001 6.37537
16310001 6.15389
16320001 6.22422
16330001 6.86467
16340001 6.8334
16350001 6.93063
16360001 8.42227
16370001 7.67188
16380001 7.68561
16390001 8.06421
16400001 6.98085
16410001 6.47697
16420001 6.58681
16430001 7.7621
16440001 6.96124
16450001 7.23617
16460001 7.85197
16470001 8.02703
16480001 8.62656
16490001 7.93579
16500001 6.96605
16510001 7.61281
16520001 6.47598
16530001 6.24378
16540001 6.23373
16550001 7.05059
16560001 7.18857
16570001 7.00699
16580001 8.53561
16590001 7.71441
16600001 7.59556
16610001 8.10294
16620001 7.03931
16630001 6.51309
16640001 6.1105
16650001 7.71707
16660001 7.15669
16670001 7.39088
16680001 7.91442
16690001 7.19086
16700001 8.75017
16710001 7.98666
16720001 7.02635
16730001 7.75891
16740001 6.52935
16750001 6.29211
16760001 6.16399
16770001 7.08158
16780001 7.15492
16790001 7.35644
16800001 8.57113
16810001 7.82277
16820001 7.4087
16830001 8.11851
16840001 7.16989
16850001 6.61743
16860001 6.21578
16870001 7.90751
16880001 7.53626
16890001 7.60717
16900001 7.88512
16910001 7.35553
16920001 8.78459
16930001 8.11185
16940001 7.25311
16950001 7.94463
16960001 6.71965
16970001 6.31308
16980001 6.2009
16990001 7.19091
17000001 7.24655
17010001 7.24121
17020001 7.40596
17030001 8.10509
17040001 7.24227
17050001 8.34636
17060001 7.20686
17070001 6.60152
17080001 6.19697
17090001 8.0355
17100001 7.83088
17110001 7.56462
17120001 7.88017
17130001 7.52349
17140001 8.06331
17150001 8.28774
17160001 7.26175
17170001 6.97229
17180001 6.84023
17190001 6.50938
17200001 6.20924
17210001 7.25687
17220001 7.21985
17230001 6.99164
17240001 6.63183
17250001 7.68543
17260001 7.47017
17270001 8.64254
17280001 7.36309
17290001 6.63249
17300001 6.31224
17310001 7.54006
17320001 7.88513
17330001 7.67362
17340001 7.01766
17350001 6.91319
17360001 8.1704
17370001 8.25295
17380001 7.29692
17390001 7.26505
17400001 7.15947
17410001 6.49248
17420001 6.15387
17430001 7.28652
17440001 6.97895
17450001 7.0147
17460001 6.6233
17470001 7.64338
17480001 7.6963
17490001 8.80566
17500001 7.51005
17510001 6.88909
17520001 6.40333
17530001 7.13296
17540001 7.98184
17550001 8.39045
17560001 6.8472
17570001 7.02117
17580001 8.59688
17590001 8.7433
17600001 7.54328
17610001 7.30749
17620001 7.28681
17630001 6.3715
17640001 6.15687
17650001 6.97825
17660001 7.24324
17670001 6.95326
17680001 6.83533
17690001 7.98248
17700001 7.71011
17710001 8.45147
17720001 7.72162
17730001 7.04877
17740001 6.36717
17750001 7.2466
17760001 8.11153
17770001 8.01158
17780001 7.24999
17790001 7.1259
17800001 8.61934
17810001 8.38003
17820001 7.71172
17830001 7.3296
17840001 7.47985
17850001 6.36697
17860001 6.14084
17870001 6.18675
17880001 7.17324
17890001 6.67906
17900001 6.9162
17910001 7.83921
17920001 7.4098
17930001 7.99599
17940001 7.91197
17950001 7.05865
17960001 6.4337
17970001 6.63108
17980001 7.41697
17990001 6.90278
18000001 7.17726
18010001 7.60625
18020001 7.93277
18030001 8.48622
18040001 7.70795
18050001 7.14553
18060001 7.58915
18070001 6.36456
18080001 6.1409
18090001 6.21489
18100001 6.83181
18110001 6.82274
18120001 6.92121
18130001 8.41315
18140001 7.66391
18150001 7.67792
18160001 8.05348
18170001 6.97214
18180001 6.46723
18190001 6.57813
18200001 7.74338
18210001 6.95165
18220001 7.22662
18230001 7.83447
18240001 8.01817
18250001 8.61915
18260001 7.92327
18270001 7.20535
18280001 7.60525
18290001 6.46567
18300001 6.23374
18310001 6.22392
18320001 7.03522
18330001 7.17814
18340001 6.99741
18350001 8.52741
18360001 7.69961
18370001 7.77759
18380001 8.0942
18390001 7.03078
18400001 6.49763
18410001 6.10135
18420001 7.70998
18430001 7.15035
18440001 7.38236
18450001 7.90435
18460001 7.18291
18470001 8.79313
18480001 7.97694
18490001 7.01742
18500001 7.74883
18510001 6.52033
18520001 6.28384
18530001 6.15686
18540001 7.07273
18550001 7.14579
18560001 7.35193
18570001 8.56312
18580001 7.8139
18590001 7.29731
18600001 8.10915
18610001 7.13375
18620001 6.60764
18630001 6.20719
18640001 7.87457
18650001 7.52821
18660001 7.59883
18670001 7.87608
18680001 7.34354
18690001 8.77587
18700001 8.10353
18710001 7.2309
18720001 7.90314
18730001 6.71018
18740001 6.3045
18750001 6.19273
18760001 7.18201
18770001 7.2378
18780001 7.228
18790001 7.39511
18800001 8.14398
18810001 7.23389
18820001 8.3383
18830001 7.19777
18840001 6.59471
18850001 6.18824
18860001 8.02736
18870001 7.8254
18880001 7.5572
18890001 7.83275
18900001 7.51688
18910001 8.85642
18920001 8.28014
18930001 7.25296
18940001 6.96377
18950001 6.83116
18960001 6.50024
18970001 6.19346
18980001 7.24835
18990001 7.21095
19000001 6.98251
19010001 6.62529
19020001 7.67903
19030001 7.46231
19040001 8.63594
19050001 7.35448
19060001 6.62342
19070001 6.30275
19080001 7.52958
19090001 7.87545
19100001 7.66644
19110001 7.01049
19120001 6.90485
19130001 8.1624
19140001 8.24524
19150001 7.28903
19160001 7.26437
19170001 7.15887
19180001 6.48332
19190001 6.14517
19200001 7.2796
19210001 6.96998
19220001 7.00637
19230001 6.61488
19240001 7.6358
19250001 7.68322
19260001 8.79937
19270001 7.4983
19280001 6.75822
19290001 6.3943
19300001 7.12535
19310001 7.97421
19320001 8.3385
19330001 6.83893
19340001 7.01371
19350001 8.58359
19360001 8.63369
19370001 7.53496
19380001 7.29799
19390001 7.28426
19400001 6.36279
19410001 6.14832
19420001 6.96895
19430001 7.2235
19440001 6.9345
19450001 6.82822
19460001 7.97462
19470001 7.70145
19480001 8.44384
19490001 7.713
19500001 7.04112
19510001 6.35856
19520001 7.23828
19530001 8.10164
19540001 8.00241
19550001 7.24259
19560001 7.10929
19570001 8.61149
19580001 8.37246
19590001 7.70334
19600001 7.32012
19610001 7.43928
19620001 6.35705
19630001 6.13255
19640001 6.17664
19650001 7.16229
19660001 6.67071
19670001 6.90746
19680001 7.82826
19690001 7.40252
19700001 7.91255
19710001 7.90462
19720001 7.05019
19730001 6.42526
19740001 6.62731
19750001 7.40944
19760001 6.893
19770001 7.16992
19780001 7.59831
19790001 7.92526
19800001 8.47894
19810001 7.70135
19820001 7.13817
19830001 7.58053
19840001 6.35802
19850001 6.13153
19860001 6.20746
19870001 6.82374
19880001 6.81419
19890001 6.91368
19900001 8.40858
19910001 7.65633
19920001 7.64584
19930001 8.04568
19940001 6.964
19950001 6.43921
19960001 6.5727
19970001 7.73621
19980001 6.94492
19990001 7.21977
20000001 7.8439
20010001 8.00499
20020001 8.61181
20030001 7.92846
20040001 7.19803
20050001 7.59587
20060001 6.45392
20070001 6.21742
20080001 6.2072
20090001 7.02529
20100001 7.17162
20110001 6.98961
20120001 8.519
20130001 7.69202
20140001 7.76766
20150001 8.08506
20160001 7.02139
20170001 6.49085
20180001 6.09419
20190001 7.70286
20200001 7.14103
20210001 7.24149
20220001 7.89827
20230001 7.17718
20240001 8.78569
20250001 7.96904
20260001 7.01007
20270001 7.7406
20280001 6.51307
20290001 6.27538
20300001 6.14826
20310001 7.06563
20320001 7.13764
20330001 7.34331
20340001 8.55589
20350001 7.80649
20360001 7.22663
20370001 8.10133
20380001 7.12686
20390001 6.60024
20400001 6.19942
20410001 7.867
20420001 7.52008
20430001 7.59244
20440001 7.86925
20450001 7.33444
20460001 8.76994
20470001 8.09636
20480001 7.22376
20490001 7.89477
20500001 6.70236
20510001 6.29534
20520001 6.18406
20530001 7.16168
20540001 7.22985
20550001 7.22033
20560001 7.38824
20570001 8.136
20580001 7.22628
20590001 8.33064
20600001 7.18916
20610001 6.58587
20620001 6.12122
20630001 8.02034
20640001 7.81657
20650001 7.55178
20660001 7.82532
20670001 7.52177
20680001 8.85273
20690001 8.12122
20700001 7.24789
20710001 6.95556
20720001 6.82163
20730001 6.49035
20740001 6.17669
20750001 7.24045
20760001 7.20319
20770001 6.97404
20780001 6.61846
20790001 7.66117
20800001 7.43773
20810001 8.629
20820001 7.34712
20830001 6.61576
20840001 6.29395
20850001 7.52348
20860001 7.86993
20870001 7.66
20880001 7.00384
20890001 6.89828
20900001 8.15653
20910001 8.41464
20920001 7.28243
20930001 7.26423
20940001 7.15153
20950001 6.47376
20960001 6.1373
20970001 7.2728
20980001 6.96182
20990001 6.99894
21000001 6.60754
21010001 7.63008
21020001 7.68605
21030001 8.7931
21040001 7.4891
21050001 6.7487
21060001 6.38693
21070001 7.11857
21080001 7.96767
21090001 8.40379
21100001 6.82902
21110001 7.00731
21120001 8.58043
21130001 8.60887
21140001 7.52796
21150001 7.29161
21160001 7.27752
21170001 6.35489
21180001 6.1384
21190001 6.96002
21200001 7.21603
21210001 6.92798
21220001 6.7663
21230001 7.968
21240001 7.69537
21250001 8.43685
21260001 7.70597
21270001 7.03386
21280001 6.3581
21290001 7.21271
21300001 8.09559
21310001 7.99611
21320001 7.223
21330001 7.08399
21340001 8.60432
21350001 8.36609
21360001 7.70024
21370001 7.3135
21380001 7.42858
21390001 6.34919
21400001 6.12371
21410001 6.1696
21420001 7.15609
21430001 6.94816
21440001 6.89268
21450001 7.60293
21460001 7.39549
21470001 7.90581
21480001 7.89934
21490001 7.04302
21500001 6.41795
21510001 6.62034
21520001 7.40699
21530001 6.88546
21540001 7.16293
21550001 7.59195
21560001 7.9092
21570001 8.47343
21580001 7.69365
21590001 7.13225
21600001 7.57316
21610001 6.35088
21620001 6.13105
21630001 6.19989
21640001 6.81683
21650001 6.80671
21660001 6.90484
21670001 8.40379
21680001 7.64875
21690001 7.63974
21700001 8.03763
21710001 6.9456
21720001 6.43168
21730001 6.56586
21740001 7.73035
21750001 6.93765
21760001 7.21333
21770001 7.58078
21780001 7.99742
21790001 8.60819
21800001 7.92383
21810001 7.18721
21820001 7.58741
21830001 6.44649
21840001 6.20989
21850001 6.20075
21860001 7.01732
21870001 7.16591
21880001 6.98255
21890001 8.5128
21900001 7.68788
21910001 7.72412
21920001 8.07876
21930001 7.01498
21940001 6.48293
21950001 6.08717
21960001 7.6973
21970001 7.10008
21980001 7.23519
21990001 7.89334
22000001 7.17002
22010001 8.77996
22020001 7.96286
22030001 7.004
22040001 7.73402
22050001 6.50562
22060001 6.26807
22070001 6.14131
22080001 7.05399
22090001 7.1301
22100001 7.3364
22110001 8.54951
22120001 7.77346
22130001 7.21929
22140001 8.09506
22150001 7.12046
22160001 6.59014
22170001 6.19246
22180001 7.82758
22190001 7.51395
22200001 7.58623
22210001 7.86352
22220001 7.32788
22230001 8.76373
22240001 8.08805
22250001 7.20461
22260001 7.89239
22270001 6.69482
22280001 6.28738
22290001 6.17694
22300001 7.15503
22310001 7.22254
22320001 7.21312
22330001 7.3804
22340001 8.12366
22350001 7.20891
22360001 8.32605
22370001 7.18148
22380001 6.58062
22390001 6.0881
22400001 8.01573
22410001 7.81137
22420001 7.54553
22430001 7.82013
22440001 7.51485
22450001 8.84725
22460001 8.1146
22470001 7.24109
22480001 6.95023
22490001 6.82116
22500001 6.4831
22510001 6.17003
22520001 7.23325
22530001 7.19609
22540001 7.33394
22550001 6.59005
22560001 7.62793
22570001 7.41071
22580001 8.62225
22590001 7.19261
22600001 6.60749
22610001 6.28592
22620001 7.51839
22630001 7.86122
22640001 7.65444
22650001 6.99783
22660001 6.88115
22670001 8.13598
22680001 8.40859
22690001 7.27298
22700001 7.23522
22710001 7.14602
22720001 6.46775
22730001 6.13027
22740001 7.26692
22750001 6.95676
22760001 6.99254
22770001 6.60146
22780001 7.62441
22790001 7.6798
22800001 8.78741
22810001 7.48353
22820001 6.74979
22830001 6.38084
22840001 7.11075
22850001 7.96294
22860001 8.33139
22870001 6.82377
22880001 7.00148
22890001 8.57456
22900001 8.60235
22910001 7.52165
22920001 7.28711
22930001 7.2708
22940001 6.34795
22950001 6.13248
22960001 6.94286
22970001 7.20648
22980001 6.92195
22990001 6.7581
23000001 7.96454
23010001 7.68919
23020001 8.37693
23030001 7.70016
23040001 7.02772
23050001 6.35119
23060001 7.20772
23070001 8.08281
23080001 7.99091
23090001 7.21752
23100001 7.07848
23110001 8.59851
23120001 8.35676
23130001 7.69399
23140001 7.30728
23150001 7.42145
23160001 6.3423
23170001 6.11733
23180001 6.16313
23190001 7.15019
23200001 6.94167
23210001 6.88548
23220001 7.59637
23230001 7.39062
23240001 7.90114
23250001 7.89295
23260001 7.03693
23270001 6.41133
23280001 6.61864
23290001 7.40189
23300001 6.8799
23310001 7.15705
23320001 7.52076
23330001 7.90259
23340001 8.4643
23350001 7.68664
23360001 7.12576
23370001 7.56202
23380001 6.34372
23390001 6.12275
23400001 6.18047
23410001 6.81117
23420001 6.80083
23430001 6.89194
23440001 8.3681
23450001 7.63931
23460001 7.63635
23470001 7.96427
23480001 6.94034
23490001 6.4257
23500001 6.56013
23510001 7.72129
23520001 6.93196
23530001 7.1983
23540001 7.58067
23550001 7.99199
23560001 8.60302
23570001 7.91554
23580001 7.18106
23590001 7.58078
23600001 6.43959
23610001 6.20453
23620001 6.19382
23630001 6.83643
23640001 6.97919
23650001 6.97695
23660001 8.49192
23670001 7.68339
23680001 7.7178
23690001 8.07393
23700001 7.00514
23710001 6.47691
23720001 6.48451
23730001 7.69213
23740001 7.09486
23750001 7.22479
23760001 7.89053
23770001 7.16438
23780001 8.77438
23790001 7.95601
23800001 6.9975
23810001 7.72827
23820001 6.50375
23830001 6.25644
23840001 6.13501
23850001 7.04833
23860001 7.12453
23870001 7.26379
23880001 8.5438
23890001 7.7663
23900001 7.21278
23910001 8.09156
23920001 7.11445
23930001 6.58423
23940001 6.18706
23950001 7.82254
23960001 7.50583
23970001 7.58052
23980001 7.8611
23990001 7.32359
24000001 8.75829
24010001 8.08306
24020001 7.20604
24030001 7.88576
24040001 6.68808
24050001 6.28559
24060001 6.17079
24070001 7.14932
24080001 7.21605
24090001 7.21245
24100001 7.3747
24110001 8.11818
24120001 7.20141
24130001 8.32182
24140001 7.17594
24150001 6.57427
24160001 6.0823
24170001 8.01065
24180001 7.8066
24190001 7.54022
24200001 7.81616
24210001 7.50892
24220001 8.83959
24230001 8.10363
24240001 7.23656
24250001 6.99802
24260001 6.81842
24270001 6.47622
24280001 6.17024
24290001 7.22881
24300001 7.18822
24310001 7.32691
24320001 6.5859
24330001 7.62151
24340001 7.40514
24350001 8.61148
24360001 7.18633
24370001 6.59913
24380001 6.27844
24390001 7.51186
24400001 7.85747
24410001 7.64722
24420001 6.99369
24430001 6.87613
24440001 8.13002
24450001 8.40383
24460001 7.26753
24470001 7.22965
24480001 7.13934
24490001 6.46088
24500001 6.12585
24510001 7.26149
24520001 6.94602
24530001 6.98981
24540001 6.59933
24550001 7.59031
24560001 7.67374
24570001 8.78309
24580001 7.47734
24590001 6.74422
24600001 6.37483
24610001 7.10548
24620001 7.89118
24630001 8.03665
24640001 6.8191
24650001 6.99499
24660001 8.56974
24670001 8.58284
24680001 7.51277
24690001 7.28118
24700001 7.2913
24710001 6.34207
24720001 6.12779
24730001 6.93882
24740001 7.2007
24750001 6.92575
24760001 6.75197
24770001 7.95939
24780001 7.68385
24790001 8.37119
24800001 7.73374
24810001 6.9891
24820001 6.34604
24830001 7.19786
24840001 8.07684
24850001 7.95667
24860001 7.21254
24870001 7.14935
24880001 8.59313
24890001 8.3529
24900001 7.68802
24910001 7.30161
24920001 7.41647
24930001 6.3358
24940001 6.13953
24950001 6.15414
24960001 7.14525
24970001 6.93566
24980001 6.85358
24990001 7.59234
25000001 7.38385
25010001 7.88926
25020001 7.88455
25030001 7.03165
25040001 6.4008
25050001 6.61335
25060001 7.39536
25070001 6.8744
25080001 7.1499
25090001 7.52102
25100001 7.89748
25110001 8.46028
25120001 7.68206
25130001 7.11973
25140001 7.58082
25150001 6.33959
25160001 6.11611
25170001 6.17466
25180001 6.80549
25190001 6.79455
25200001 6.88478
25210001 8.36405
25220001 7.62977
25230001 7.63282
25240001 7.95717
25250001 6.93587
25260001 6.4206
25270001 6.5526
25280001 7.71053
25290001 6.92746
25300001 7.19393
25310001 7.57432
25320001 7.90995
25330001 8.58954
25340001 7.9128
25350001 7.16357
25360001 7.57442
25370001 6.43206
25380001 6.19848
25390001 6.18725
25400001 6.83117
25410001 6.97359
25420001 6.97197
25430001 8.48709
25440001 7.67604
25450001 7.71405
25460001 8.068
25470001 6.99938
25480001 6.47163
25490001 6.56719
25500001 7.68682
25510001 7.04312
25520001 7.21966
25530001 7.88588
25540001 7.15862
25550001 8.76925
25560001 7.95065
25570001 6.99183
25580001 7.7226
25590001 6.49693
25600001 6.24959
25610001 6.12962
25620001 7.04334
25630001 7.17166
25640001 7.25881
25650001 8.5356
25660001 7.761
25670001 7.20779
25680001 8.08674
25690001 7.10855
25700001 6.53364
25710001 6.18172
25720001 7.81791
25730001 7.50287
25740001 7.57622
25750001 7.8568
25760001 7.31927
25770001 8.75088
25780001 8.07719
25790001 7.19782
25800001 7.88053
25810001 6.67578
25820001 6.27922
25830001 6.16388
25840001 7.14332
25850001 7.21482
25860001 7.20804
25870001 8.35122
25880001 8.11283
25890001 7.19663
25900001 8.1157
25910001 7.16908
25920001 6.56932
25930001 6.07786
25940001 8.00559
25950001 7.80228
25960001 7.53573
25970001 7.81089
25980001 7.50388
25990001 8.83522
26000001 8.1
26010001 7.23933
26020001 6.99204
26030001 6.81326
26040001 6.47072
26050001 6.16293
26060001 7.22563
26070001 7.18775
26080001 7.2952
26090001 6.58101
26100001 7.61601
26110001 7.39633
26120001 8.60758
26130001 7.18088
26140001 6.59335
26150001 6.26775
26160001 7.38086
26170001 7.85073
26180001 7.64291
26190001 6.98692
26200001 6.87116
26210001 8.12447
26220001 8.40224
26230001 7.26067
26240001 7.13202
26250001 7.13455
26260001 6.45533
26270001 6.12094
26280001 7.25585
26290001 6.94479
26300001 6.98601
26310001 6.59395
26320001 7.58811
26330001 7.66863
26340001 8.76594
26350001 7.46005
26360001 6.72487
26370001 6.36977
26380001 7.07288
26390001 7.88639
26400001 8.0311
26410001 6.81424
26420001 6.99301
26430001 8.29875
26440001 8.57714
26450001 7.50752
26460001 7.27542
26470001 7.28723
26480001 6.33636
26490001 6.12553
26500001 6.93404
26510001 7.19603
26520001 6.9203
26530001 6.74714
26540001 7.95437
26550001 7.67901
26560001 8.27884
26570001 7.72945
26580001 6.941
26590001 6.34071
26600001 7.19056
26610001 8.07583
26620001 7.95169
26630001 7.2011
26640001 7.15237
26650001 8.58961
26660001 8.34826
26670001 7.6834
26680001 7.29557
26690001 7.41215
26700001 6.33077
26710001 6.13388
26720001 6.14776
26730001 7.13894
26740001 6.9308
26750001 6.84824
26760001 7.59061
26770001 7.37538
26780001 7.88414
26790001 7.69023
26800001 7.02318
26810001 6.39582
26820001 6.65527
26830001 7.39188
26840001 6.87074
26850001 7.21067
26860001 7.51661
26870001 7.89042
26880001 8.45532
26890001 7.67697
26900001 7.11489
26910001 7.57537
26920001 6.33661
26930001 6.11038
26940001 6.17053
26950001 6.79991
26960001 6.78942
26970001 6.87114
26980001 8.00937
26990001 7.62514
27000001 7.6291
27010001 7.95075
27020001 6.93181
27030001 6.41282
27040001 6.54757
27050001 7.70663
27060001 6.92178
27070001 7.18674
27080001 7.5718
27090001 7.90495
27100001 9.0155
27110001 7.90828
27120001 7.15726
27130001 7.56789
27140001 6.40691
27150001 6.19255
27160001 6.1821
27170001 6.82588
27180001 6.96197
27190001 6.96799
27200001 8.48275
27210001 7.65649
27220001 7.70945
27230001 8.06329
27240001 6.99839
27250001 6.46782
27260001 6.56451
27270001 7.67702
27280001 6.97377
27290001 7.22903
27300001 7.8841
27310001 7.61417
27320001 8.76503
27330001 7.94262
27340001 6.98626
27350001 7.71423
27360001 6.49191
27370001 6.21417
27380001 6.12831
27390001 7.04104
27400001 7.16525
27410001 7.25683
27420001 8.53113
27430001 7.73729
27440001 7.28467
27450001 8.08347
27460001 7.10397
27470001 6.52868
27480001 6.13636
27490001 7.70531
27500001 7.49894
27510001 7.57212
27520001 7.85276
27530001 7.31468
27540001 8.74662
27550001 8.07264
27560001 7.17827
27570001 7.87564
27580001 6.67084
27590001 6.27374
27600001 6.15904
27610001 7.13872
27620001 7.13886
27630001 7.19918
27640001 8.34699
27650001 7.84443
27660001 7.19215
27670001 8.11056
27680001 7.16395
27690001 6.56473
27700001 6.06923
27710001 8.00125
27720001 7.75173
27730001 7.53438
27740001 7.80634
27750001 7.49811
27760001 8.83182
27770001 8.09656
27780001 7.23459
27790001 6.98669
27800001 6.8083
27810001 6.468
27820001 6.1576
27830001 7.21973
27840001 7.18226
27850001 7.28994
27860001 6.57622
27870001 7.61305
27880001 7.38965
27890001 8.59925
27900001 7.17624
27910001 6.59487
27920001 6.26295
27930001 7.36144
27940001 7.83181
27950001 7.63757
27960001 6.97195
27970001 6.86652
27980001 8.12119
27990001 8.39807
28000001 7.25492
28010001 7.12684
28020001 7.12921
28030001 6.4512
28040001 6.11397
28050001 7.25094
28060001 6.94103
28070001 6.98
28080001 6.58083
28090001 7.5848
28100001 7.66434
28110001 8.76188
28120001 7.45573
28130001 6.72003
28140001 6.36422
28150001 7.07
28160001 7.87974
28170001 8.02727
28180001 6.803
28190001 6.98906
28200001 8.29427
28210001 8.57203
28220001 7.50308
28230001 7.26966
28240001 7.27811
28250001 6.32799
28260001 6.12021
28270001 6.93355
28280001 7.19158
28290001 6.91592
28300001 6.74203
28310001 7.95112
28320001 7.6748
28330001 8.27129
28340001 7.72467
28350001 6.93649
28360001 6.33751
28370001 7.18633
28380001 8.06485
28390001 7.94849
28400001 7.19736
28410001 7.14812
28420001 8.58506
28430001 8.34449
28440001 7.67937
28450001 7.29165
28460001 7.41111
28470001 6.32612
28480001 6.12778
28490001 6.14306
28500001 7.13648
28510001 6.92546
28520001 6.84429
28530001 7.56874
28540001 7.36994
28550001 7.88141
28560001 7.68572
28570001 7.01916
28580001 6.3806
28590001 6.64872
28600001 7.38778
28610001 6.86733
28620001 7.20701
28630001 7.51129
28640001 7.88266
28650001 8.45122
28660001 7.67363
28670001 7.10919
28680001 7.57335
28690001 6.33078
28700001 6.10659
28710001 6.16579
28720001 6.80267
28730001 6.7848
28740001 6.86787
28750001 8.00613
28760001 7.62074
28770001 7.62383
28780001 7.94651
28790001 6.93001
28800001 6.40869
28810001 6.54359
28820001 7.71205
28830001 6.91669
28840001 7.18287
28850001 7.56756
28860001 7.90059
28870001 9.00953
28880001 7.90568
28890001 7.15213
28900001 7.56131
28910001 6.36238
28920001 6.15878
28930001 6.17984
28940001 6.81854
28950001 6.95798
28960001 6.9559
28970001 8.47925
28980001 7.64602
28990001 7.70469
29000001 8.059
29010001 6.99357
29020001 6.46374
29030001 6.56025
29040001 7.67386
29050001 6.96899
29060001 7.22659
29070001 7.88001
29080001 7.60644
29090001 8.76118
29100001 7.94006
29110001 6.98132
29120001 7.71024
29130001 6.488
29140001 6.20977
29150001 6.12299
29160001 7.03707
29170001 7.16024
29180001 7.25844
29190001 8.52623
29200001 7.73357
29210001 7.28085
29220001 8.08037
29230001 7.09804
29240001 6.52465
29250001 6.13149
29260001 7.69882
29270001 7.47827
29280001 7.56898
29290001 7.84997
29300001 7.20679
29310001 8.74381
29320001 8.07011
29330001 7.17419
29340001 7.87322
29350001 6.66537
29360001 6.26929
29370001 6.15419
29380001 7.13517
29390001 7.14201
29400001 7.19511
29410001 8.34208
29420001 7.83995
29430001 7.18775
29440001 8.10678
29450001 7.15826
29460001 6.55957
29470001 6.06214
29480001 7.99581
29490001 7.74586
29500001 7.52932
29510001 7.80197
29520001 7.49433
29530001 8.77
29540001 8.10013
29550001 7.23141
29560001 6.95783
29570001 6.80063
29580001 6.45998
29590001 6.15293
29600001 7.21546
29610001 7.17664
29620001 7.27887
29630001 6.56368
29640001 7.58849
29650001 7.37977
29660001 8.59437
29670001 7.17154
29680001 6.59237
29690001 6.25549
29700001 7.35903
29710001 7.8261
29720001 7.63377
29730001 6.96845
29740001 6.86058
29750001 8.11676
29760001 8.39397
29770001 7.2516
29780001 7.12261
29790001 7.1257
29800001 6.44808
29810001 6.10917
29820001 7.24551
29830001 6.93689
29840001 6.97527
29850001 6.57797
29860001 7.58078
29870001 7.65947
29880001 8.75772
29890001 7.45156
29900001 6.71574
29910001 6.36135
29920001 7.07236
29930001 7.87643
29940001 8.02657
29950001 6.79888
29960001 6.98489
29970001 8.22362
29980001 8.56811
29990001 7.47561
