1 259.734
101 34.7982
201 23.1823
301 17.8404
401 14.5137
501 12.2134
601 10.4863
701 9.13603
801 8.05749
901 7.17304
1001 6.44533
1101 5.83586
1201 5.31594
1301 4.8732
1401 4.48797
1501 4.15188
1601 3.86316
1701 3.60917
1801 3.38327
1901 3.17965
2001 2.99396
2101 2.82505
2201 2.67421
2301 2.5376
2401 2.41457
2501 2.30094
2601 2.19612
2701 2.1
2801 2.01053
2901 1.92747
3001 1.84973
3101 1.77633
3201 1.70633
3301 1.64263
3401 1.5834
3501 1.52869
3601 1.47683
3701 1.42693
3801 1.37994
3901 1.33505
4001 1.29357
4101 1.25487
4201 1.21816
4301 1.18347
4401 1.15062
4501 1.11936
4601 1.08932
4701 1.06059
4801 1.0333
4901 1.00672
5001 0.981469
5101 0.957278
5201 0.934675
5301 0.913221
5401 0.89243
5501 0.87218
5601 0.852885
5701 0.834454
5801 0.816777
5901 0.800057
6001 0.783961
6101 0.768595
6201 0.753811
6301 0.739498
6401 0.725582
6501 0.711904
6601 0.69917
6701 0.686264
6801 0.674068
6901 0.662327
7001 0.650955
7101 0.639975
7201 0.629379
7301 0.619191
7401 0.609225
7501 0.599677
7601 0.590299
7701 0.581458
7801 0.572793
7901 0.564501
8001 0.556454
8101 0.548486
8201 0.540689
8301 0.533121
8401 0.525767
8501 0.518479
8601 0.511626
8701 0.504734
8801 0.49815
8901 0.491797
9001 0.485435
9101 0.479525
9201 0.473591
9301 0.467783
9401 0.462209
9501 0.456818
9601 0.451563
9701 0.446424
9801 0.441425
9901 0.436491
10001 0.431497
10101 0.426826
10201 0.422018
10301 0.417557
10401 0.413056
10501 0.408593
10601 0.404333
10701 0.40014
10801 0.396046
10901 0.392174
11001 0.388278
11101 0.384376
11201 0.380671
11301 0.377038
11401 0.373534
11501 0.370039
11601 0.366599
11701 0.363249
11801 0.359784
11901 0.356636
12001 0.353224
12101 0.350208
12201 0.347011
12301 0.343885
12401 0.340811
12501 0.337835
12601 0.335108
12701 0.33224
12801 0.329463
12901 0.326668
13001 0.324035
13101 0.321404
13201 0.318835
13301 0.316315
13401 0.313781
13501 0.311272
13601 0.308776
13701 0.30637
13801 0.303878
13901 0.301642
14001 0.299266
14101 0.296917
14201 0.294626
14301 0.292402
14401 0.290366
14501 0.288194
14601 0.286068
14701 0.284004
14801 0.281992
14901 0.28
15001 0.27802
15101 0.27607
15201 0.274177
15301 0.272152
15401 0.27031
15501 0.268315
15601 0.266496
15701 0.264702
15801 0.2628
15901 0.261023
16001 0.25924
16101 0.257515
16201 0.255908
16301 0.254223
16401 0.252497
16501 0.250894
16601 0.249288
16701 0.247728
16801 0.246142
16901 0.24457
17001 0.243074
17101 0.241466
17201 0.240012
17301 0.238362
17401 0.236988
17501 0.235427
17601 0.23395
17701 0.232466
17801 0.231029
17901 0.229753
18001 0.228351
18101 0.227006
18201 0.225612
18301 0.224328
18401 0.223011
18501 0.221725
18601 0.220434
18701 0.21915
18801 0.217863
18901 0.216596
19001 0.215339
19101 0.214022
19201 0.212887
19301 0.211596
19401 0.210383
19501 0.209164
19601 0.207987
19701 0.206943
19801 0.205765
19901 0.204641
20001 0.203548
20101 0.202462
20201 0.201379
20301 0.200283
20401 0.199207
20501 0.19818
20601 0.197043
20701 0.19603
20801 0.194909
20901 0.193875
21001 0.192875
21101 0.191792
21201 0.190808
21301 0.189794
21401 0.188829
21501 0.187934
21601 0.186967
21701 0.185984
21801 0.185084
21901 0.184171
22001 0.183265
22101 0.182341
22201 0.181423
22301 0.180581
22401 0.179628
22501 0.178774
22601 0.17778
22701 0.176966
22801 0.17604
22901 0.175168
23001 0.174301
23101 0.173447
23201 0.172704
23301 0.171881
23401 0.17109
23501 0.170241
23601 0.169497
23701 0.16871
23801 0.167933
23901 0.167143
24001 0.16635
24101 0.165616
24201 0.16484
24301 0.164053
24401 0.163222
24501 0.162548
24601 0.161729
24701 0.161016
24801 0.160266
24901 0.159529
25001 0.158921
25101 0.15819
25201 0.157526
25301 0.156849
25401 0.156184
25501 0.155513
25601 0.154826
25701 0.154154
25801 0.153506
25901 0.152797
26001 0.152192
26101 0.151465
26201 0.150797
26301 0.150178
26401 0.149491
26501 0.148881
26601 0.148246
26701 0.147634
26801 0.147092
26901 0.146485
27001 0.145868
27101 0.14532
27201 0.144745
27301 0.144167
27401 0.143569
27501 0.142985
27601 0.142478
27701 0.141862
27801 0.14131
27901 0.140653
28001 0.140131
28101 0.139517
28201 0.138973
28301 0.13843
28401 0.137876
28501 0.137412
28601 0.136889
28701 0.1364
28801 0.135834
28901 0.135384
29001 0.134879
29101 0.134377
29201 0.13385
29301 0.133329
29401 0.132874
29501 0.132384
29601 0.131883
29701 0.131298
29801 0.130876
29901 0.130323
30001 0.129867
30101 0.129371
30201 0.128901
30301 0.128534
30401 0.128042
30501 0.127649
30601 0.127178
30701 0.126756
30801 0.126321
30901 0.125862
31001 0.12541
31101 0.12499
31201 0.124533
31301 0.124146
31401 0.123644
31501 0.123176
31601 0.122784
31701 0.12232
31801 0.121928
31901 0.121518
32001 0.121099
32101 0.120767
32201 0.120368
32301 0.119996
32401 0.119621
32501 0.119247
32601 0.118862
32701 0.11845
32801 0.118055
32901 0.117739
33001 0.117334
33101 0.116962
33201 0.116494
33301 0.116145
33401 0.115734
33501 0.115373
33601 0.115015
33701 0.114643
33801 0.114333
33901 0.113999
34001 0.113688
34101 0.113317
34201 0.113032
34301 0.112684
34401 0.11235
34501 0.111981
34601 0.111621
34701 0.111327
34801 0.111019
34901 0.110662
35001 0.110243
35101 0.109973
35201 0.109584
35301 0.109281
35401 0.108949
35501 0.108628
35601 0.108395
35701 0.108058
35801 0.107825
35901 0.107493
36001 0.107234
36101 0.106931
36201 0.106612
36301 0.106298
36401 0.106009
36501 0.105691
36601 0.105452
36701 0.105101
36801 0.104757
36901 0.104491
37001 0.104169
37101 0.103913
37201 0.103629
37301 0.103342
37401 0.103128
37501 0.102854
37601 0.102626
37701 0.102386
37801 0.102125
37901 0.101853
38001 0.10156
38101 0.101286
38201 0.101083
38301 0.100792
38401 0.100552
38501 0.100202
38601 0.099942
38701 0.099679
38801 0.0994157
38901 0.0991755
39001 0.098922
39101 0.0987037
39201 0.0984848
39301 0.0983005
39401 0.0980357
39501 0.097845
39601 0.0976154
39701 0.0973772
39801 0.0971087
39901 0.0968519
40001 0.0966553
40101 0.0964731
40201 0.0961953
40301 0.0958814
40401 0.0956933
40501 0.0954084
40601 0.0952136
40701 0.0949795
40801 0.0947573
40901 0.094598
41001 0.0943676
41101 0.0942291
41201 0.0939998
41301 0.0938256
41401 0.0936136
41501 0.093396
41601 0.0931508
41701 0.0929278
41801 0.0927222
41901 0.0925946
42001 0.0923125
42101 0.0920491
42201 0.0918665
42301 0.0916339
42401 0.0914531
42501 0.0912497
42601 0.0910475
42701 0.0909089
42801 0.090716
42901 0.0905724
43001 0.0904181
43101 0.0902329
43201 0.0900427
43301 0.0898256
43401 0.0896148
43501 0.0894709
43601 0.0892827
43701 0.089111
43801 0.0888556
43901 0.0886456
44001 0.088453
44101 0.0882658
44201 0.0880994
44301 0.0879193
44401 0.0877612
44501 0.0876171
44601 0.0874741
44701 0.0873047
44801 0.0871875
44901 0.087025
45001 0.0868529
45101 0.0866429
45201 0.0864504
45301 0.0863448
45401 0.0862123
45501 0.0860004
45601 0.085757
45701 0.085615
45801 0.0854011
45901 0.0852648
46001 0.0850932
46101 0.0849344
46201 0.0848296
46301 0.0846609
46401 0.0845704
46501 0.0844104
46601 0.0843003
46701 0.0841442
46801 0.0839851
46901 0.0837893
47001 0.0836242
47101 0.0835033
47201 0.0834095
47301 0.0831816
47401 0.0829689
47501 0.0828429
47601 0.0826638
47701 0.0825383
47801 0.0823905
47901 0.0822342
48001 0.0821455
48101 0.0820079
48201 0.0819307
48301 0.0818177
48401 0.081686
48501 0.0815402
48601 0.0813721
48701 0.0812076
48801 0.0811048
48901 0.0809846
49001 0.0808655
49101 0.0806461
49201 0.0804792
49301 0.0803374
49401 0.0802044
49501 0.0800772
49601 0.0799459
49701 0.0798188
49801 0.0797269
49901 0.0796335
50001 0.0795175
50101 0.0794351
50201 0.0793148
50301 0.0791912
50401 0.0790191
50501 0.0788693
50601 0.0787986
50701 0.0787174
50801 0.0785512
50901 0.0783433
51001 0.0782384
51101 0.0780736
51201 0.0779768
51301 0.0778488
51401 0.0777307
51501 0.0776533
51601 0.0775275
51701 0.0774823
51801 0.077341
51901 0.0772877
52001 0.0771738
52101 0.0770537
52201 0.0768869
52301 0.0767572
52401 0.0766601
52501 0.0766182
52601 0.0764433
52701 0.0762576
52801 0.0761678
52901 0.0760254
53001 0.0759354
53101 0.0758209
53201 0.0757061
53301 0.0756415
53401 0.075536
53501 0.0754977
53601 0.0754019
53701 0.0753111
53801 0.0752084
53901 0.0750765
54001 0.0749357
54101 0.0748604
54201 0.0747575
54301 0.0746916
54401 0.0745067
54501 0.0743648
54601 0.0742725
54701 0.0741537
54801 0.0740591
54901 0.0739611
55001 0.0738606
55101 0.0737952
55201 0.073735
55301 0.0736673
55401 0.0736143
55501 0.0735058
55601 0.0734198
55701 0.0732679
55801 0.0731457
55901 0.0730994
56001 0.0730465
56101 0.0729154
56201 0.0727316
56301 0.0726468
56401 0.0725201
56501 0.0724495
56601 0.0723496
56701 0.0722579
56801 0.0721939
56901 0.0721047
57001 0.0720799
57101 0.0719872
57201 0.0719472
57301 0.0718526
57401 0.0717664
57501 0.0716203
57601 0.0715147
57701 0.0714435
57801 0.071441
57901 0.07128
58001 0.071116
58101 0.0710519
58201 0.0709352
58301 0.0708645
58401 0.0707683
58501 0.0706833
58601 0.0706366
58701 0.0705535
58801 0.0705337
58901 0.0704731
59001 0.0704092
59101 0.0703233
59201 0.0702221
59301 0.0700994
59401 0.0700376
59501 0.0699608
59601 0.0699194
59701 0.0697684
59801 0.0696394
59901 0.0695556
60001 0.0694604
60101 0.0693946
60201 0.0693129
60301 0.0692335
60401 0.069186
60501 0.0691337
60601 0.0690962
60701 0.0690574
60801 0.0689859
60901 0.0689049
61001 0.0687872
61101 0.0686819
61201 0.0686512
61301 0.0686174
61401 0.0685085
61501 0.0683528
61601 0.0682742
61701 0.0681736
61801 0.0681103
61901 0.0680331
62001 0.0679606
62101 0.0679063
62201 0.0678415
62301 0.0678259
62401 0.0677594
62501 0.0677378
62601 0.0676655
62701 0.0675965
62801 0.0674669
62901 0.0673695
63001 0.0673369
63101 0.0673433
63201 0.0671934
63301 0.0670463
63401 0.0669995
63501 0.0668962
63601 0.0668483
63701 0.0667709
63801 0.0666961
63901 0.0666606
64001 0.0665976
64101 0.0665931
64201 0.0665493
64301 0.0665026
64401 0.0664309
64501 0.0663445
64601 0.0662379
64701 0.0661733
64801 0.0661298
64901 0.0661203
65001 0.0659724
65101 0.0658489
65201 0.065791
65301 0.0657155
65401 0.065656
65501 0.0655945
65601 0.065519
65701 0.0654875
65801 0.0654505
65901 0.0654252
66001 0.0654039
66101 0.0653467
66201 0.065279
66301 0.0651732
66401 0.0650863
66501 0.0650642
66601 0.0650446
66701 0.0649611
66801 0.0648174
66901 0.0647427
67001 0.0646614
67101 0.0646081
67201 0.0645456
67301 0.0644856
67401 0.0644392
67501 0.06439
67601 0.0643832
67701 0.0643216
67801 0.064324
67901 0.064265
68001 0.0642089
68101 0.06409
68201 0.0640062
68301 0.0639883
68401 0.0640002
68501 0.0638778
68601 0.0637395
68701 0.0637033
68801 0.0636139
68901 0.0635759
69001 0.0635073
69101 0.0634551
69201 0.063423
69301 0.0633645
69401 0.0633726
69501 0.0633297
69601 0.0633026
69701 0.0632452
69801 0.0631686
69901 0.0630722
70001 0.0630133
70101 0.0629897
70201 0.0629889
70301 0.0628531
70401 0.0627388
70501 0.062699
70601 0.0626279
70701 0.062577
70801 0.0625302
70901 0.0624635
71001 0.0624397
71101 0.0624105
71201 0.0624086
71301 0.0623835
71401 0.06234
71501 0.0622868
71601 0.0621885
71701 0.0621107
71801 0.062094
71901 0.0620834
72001 0.0620229
72101 0.0618807
72201 0.0618097
72301 0.0617464
72401 0.0617063
72501 0.0616525
72601 0.0616003
72701 0.0615527
72801 0.0615194
72901 0.0615178
73001 0.0614825
73101 0.0614837
73201 0.0614311
73301 0.0613907
73401 0.0612778
73501 0.061201
73601 0.0611871
73701 0.06121
73801 0.0611059
73901 0.0609723
74001 0.0609446
74101 0.0608664
74201 0.0608327
74301 0.0607742
74401 0.0607315
74501 0.0607019
74601 0.0606517
74701 0.0606677
74801 0.0606303
74901 0.0606196
75001 0.0605669
75101 0.0605023
75201 0.0604195
75301 0.0603621
75401 0.0603386
75501 0.0603516
75601 0.0602376
75701 0.0601328
75801 0.0600898
75901 0.0600237
76001 0.0599914
76101 0.0599463
76201 0.0598911
76301 0.0598714
76401 0.0598434
76501 0.0598516
76601 0.0598346
76701 0.0597973
76801 0.0597456
76901 0.0596629
77001 0.0596028
77101 0.0595817
77201 0.0595664
77301 0.0595305
77401 0.0593955
77501 0.0593319
77601 0.059288
77701 0.0592358
77801 0.0591921
77901 0.0591525
78001 0.0591086
78101 0.0590787
78201 0.0590853
78301 0.0590603
78401 0.0590556
78501 0.0590198
78601 0.0589792
78701 0.058888
78801 0.0588189
78901 0.0588013
79001 0.0588328
79101 0.058736
79201 0.0586103
79301 0.0585845
79401 0.0585145
79501 0.058491
79601 0.0584389
79701 0.0584006
79801 0.0583712
79901 0.0583329
80001 0.0583485
80101 0.0583277
80201 0.0583172
80301 0.0582747
80401 0.0582364
80501 0.0581401
80601 0.0580766
80701 0.0580697
80801 0.0580954
80901 0.0579854
81001 0.0578808
81101 0.0578518
81201 0.0577928
81301 0.0577608
81401 0.0577161
81501 0.0576711
81601 0.0576545
81701 0.0576303
81801 0.0576411
81901 0.0576383
82001 0.0576051
82101 0.0575631
82201 0.0574938
82301 0.0574265
82401 0.0574027
82501 0.057402
82601 0.0573751
82701 0.057262
82801 0.0571843
82901 0.0571449
83001 0.0570992
83101 0.0570642
83201 0.057029
83301 0.056984
83401 0.0569654
83501 0.0569641
83601 0.0569501
83701 0.0569548
83801 0.0569236
83901 0.056889
84001 0.056799
84101 0.0567387
84201 0.0567432
84301 0.0567595
84401 0.0566779
84501 0.0565656
84601 0.0565359
84701 0.0564715
84801 0.0564494
84901 0.0564022
85001 0.0563732
85101 0.0563438
85201 0.056309
85301 0.0563252
85401 0.0563096
85501 0.0563071
85601 0.0562696
85701 0.0562369
85801 0.0561443
85901 0.0560922
86001 0.0560975
86101 0.0561159
86201 0.05601
86301 0.0559112
86401 0.0558842
86501 0.0558322
86601 0.0558038
86701 0.0557688
86801 0.0557232
86901 0.0557092
87001 0.0556877
87101 0.0557099
87201 0.0557065
87301 0.0556806
87401 0.0556395
87501 0.0555761
87601 0.0555127
87701 0.0554912
87801 0.0554984
87901 0.055484
88001 0.0553671
88101 0.0552886
88201 0.0552582
88301 0.0552252
88401 0.0551881
88501 0.0551599
88601 0.0551096
88701 0.0550997
88801 0.0551031
88901 0.0550983
89001 0.0550991
89101 0.0550711
89201 0.0550444
89301 0.0549572
89401 0.0549017
89501 0.0549027
89601 0.0549235
89701 0.0548609
89801 0.0547438
89901 0.0547162
90001 0.054662
90101 0.0546417
90201 0.0545993
90301 0.0545741
90401 0.0545457
90501 0.0545142
90601 0.0545368
90701 0.0545115
90801 0.0545223
90901 0.0544932
91001 0.0544655
91101 0.0543734
91201 0.0543255
91301 0.0543197
91401 0.0543509
91501 0.0542626
91601 0.0541637
91701 0.0541408
91801 0.0540914
91901 0.0540697
92001 0.0540357
92101 0.0540005
92201 0.0539843
92301 0.0539609
92401 0.0539845
92501 0.0539757
92601 0.0539547
92701 0.0539297
92801 0.0538737
92901 0.0538078
93001 0.0537895
93101 0.0537863
93201 0.053786
93301 0.0536756
93401 0.0536053
93501 0.0535866
93601 0.0535426
93701 0.0535112
93801 0.0534862
93901 0.0534442
94001 0.0534302
94101 0.0534358
94201 0.0534429
94301 0.0534489
94401 0.0534123
94501 0.0533975
94601 0.05331
94701 0.0532581
94801 0.0532599
94901 0.0532744
95001 0.0532277
95101 0.0531121
95201 0.0530817
95301 0.0530362
95401 0.0530217
95501 0.052983
95601 0.052957
95701 0.0529274
95801 0.0529042
95901 0.0529245
96001 0.0529131
96101 0.0529205
96201 0.0528888
96301 0.052873
96401 0.0527824
96501 0.0527384
96601 0.0527335
96701 0.0527719
96801 0.052688
96901 0.0525882
97001 0.0525721
97101 0.0525264
97201 0.0525046
97301 0.0524662
97401 0.0524398
97501 0.0524239
97601 0.0524007
97701 0.0524235
97801 0.0524241
97901 0.0524124
98001 0.0523821
98101 0.0523436
98201 0.052275
98301 0.0522547
98401 0.0522499
98501 0.0522544
98601 0.0521639
98701 0.0520884
98801 0.0520599
98901 0.0520208
99001 0.051999
99101 0.0519723
99201 0.0519347
99301 0.0519235
99401 0.0519223
99501 0.0519349
99601 0.0519403
99701 0.0519181
99801 0.0518916
99901 0.051825
