19558 16384 49.534 960001 428.619 19.7679 3.55271e-15 14.1765 49.6053 0.000609782
19558 16384 26.0566 960001 428.619 19.7679 3.55271e-15 14.1765 26.1265 0.000123842
19558 16384 4.40524 960001 428.619 19.7679 3.55271e-15 14.1765 4.47258 0.000109667
19558 16384 1.91929 960001 428.619 19.7679 3.55271e-15 14.1765 1.98778 3.83061e-05
19558 16384 52.8707 960001 428.619 19.7679 3.55271e-15 14.1765 52.9399 0.000366174
19558 16384 29.3389 960001 428.619 19.7679 3.55271e-15 14.1765 29.4077 0.00273823
19558 16384 6.6188 960001 428.619 19.7679 3.55271e-15 14.1765 6.6873 0.000713323
19558 16384 4.09139 960001 428.619 19.7679 3.55271e-15 14.1765 4.16201 0.000220634
19558 16384 1.78686 960001 428.619 19.7679 3.55271e-15 14.1765 1.85577 4.30592e-05
19558 16384 124.011 1160001 34.6727 16.4818 3.74639e-14 12.9447 124.082 0.00427093
19558 16384 111.608 1160001 37.5013 16.7176 0.00854638 13.0369 111.679 0.000927646
19558 16384 36.7145 1160001 37.0012 16.6796 0.0340146 13.0221 36.7858 0.000407118
19558 16384 10.9995 1160001 34.2413 16.1121 0.410483 12.7987 11.0676 0.0352616
19558 16384 177.052 1160001 34.6727 16.4818 2.70567e-14 12.9447 177.121 0.0068007
19558 16384 170.113 1160001 37.0796 16.6989 0.00240456 13.0297 170.185 0.013465
19558 16384 112.247 1160001 35.9472 16.5948 0.0247635 12.989 112.322 0.00163319
19558 16384 76.2149 1160001 32.175 16.0095 0.194584 12.7579 76.2871 0.25391
19558 16384 8.62816 1160001 36.3214 15.9495 0.298308 12.7339 8.69602 0.0514941
19558 16384 139.06 1250001 30.5326 16.0523 2.16395e-14 12.7749 139.129 0.0135896
19558 16384 124.695 1250001 30.4708 16.0533 0.00125471 12.7753 124.767 0.00942571
19558 16384 74.7772 1250001 30.9107 16.0805 0.00953732 12.7861 74.8491 0.000604029
19558 16384 37.6024 1250001 124.315 17.2272 0.174057 13.2341 37.6707 0.013498
19558 16384 227.802 1250001 30.5326 16.0523 1.94266e-14 12.7749 227.872 0.00467601
19558 16384 214.267 1250001 30.5265 16.0533 0.00203643 12.7753 214.34 0.0391043
19558 16384 154.142 1250001 31.2729 16.1124 0.00764389 12.7988 154.215 0.000748307
19558 16384 115.041 1250001 33.5897 15.7086 0.402986 12.6374 115.115 1.28202
19558 16384 14.2078 1250001 28.4829 15.6088 0.116957 12.5972 14.2792 0.0192805
19558 16384 209.751 1400001 27.3959 15.7325 3.97483e-14 12.647 209.819 0.00567243
19558 16384 197.787 1400001 27.3943 15.7327 6.8962e-05 12.6471 197.858 0.00176581
19558 16384 152.683 1400001 27.4285 15.7362 0.00140788 12.6485 152.756 0.00646524
19558 16384 120.027 1400001 134.63 18.7868 0.0105226 13.8202 120.1 0.00598386
19558 16384 271.384 1400001 27.3959 15.7325 2.99252e-14 12.647 271.455 0.00261451
19558 16384 250.545 1400001 27.407 15.7328 0.00114305 12.6471 250.617 0.00429331
19558 16384 207.886 1400001 27.5319 15.7412 0.00161657 12.6505 207.958 0.00673732
19558 16384 111.726 1400001 31.0033 15.598 0.0922696 12.5928 111.798 0.258791
19558 16384 22.5797 1400001 39.9152 15.6719 0.0293233 12.6226 22.6509 0.0149668
19558 16384 328.189 1500001 25.7074 15.5191 3.70233e-14 12.5609 328.259 0.00584119
19558 16384 323.887 1500001 25.704 15.5197 7.68001e-05 12.5612 323.959 0.00602568
19558 16384 288.236 1500001 25.7197 15.5174 0.000193308 12.5603 288.308 0.00595025
19558 16384 256.118 1500001 32.8792 15.7441 0.109735 12.6517 256.19 0.859657
19558 16384 303.362 1500001 25.7074 15.5191 2.51717e-14 12.5609 303.435 0.00249369
19558 16384 281.595 1500001 25.7069 15.519 3.69681e-05 12.5609 281.668 0.00174905
19558 16384 254.47 1500001 25.7275 15.5152 0.000439006 12.5594 254.544 0.00240307
19558 16384 107.212 1500001 27.6678 15.5674 0.0685545 12.5805 107.287 0.0745422
19558 16384 32.9493 1500001 34.8782 15.6779 0.044913 12.625 33.0211 0.00132888
19558 16384 606.917 1580001 25.1914 15.4589 2.25604e-14 12.5366 606.988 0.00590623
19558 16384 607.499 1580001 25.1914 15.459 4.87102e-06 12.5366 607.572 0.00538327
19558 16384 564.581 1580001 25.1934 15.4575 5.77905e-05 12.536 564.654 0.00286175
19558 16384 538.879 1580001 30.2211 15.7114 0.0876019 12.6385 538.952 0.245593
19558 16384 352.721 1580001 25.1914 15.4589 3.30946e-14 12.5366 352.793 0.00646266
19558 16384 318.848 1580001 25.19 15.4589 2.84122e-05 12.5365 318.921 0.00389332
19558 16384 303.946 1580001 25.1935 15.4551 0.000111051 12.535 304.019 0.00345171
19558 16384 125.546 1580001 26.6801 15.5174 0.0277148 12.5602 125.619 0.0368614
19558 16384 50.4208 1580001 26.1361 15.5297 0.0397933 12.5652 50.4923 0.004677
19558 16384 1178.34 1620001 25.4416 15.465 2.91885e-14 12.539 1178.41 0.0020037
19558 16384 1235.65 1620001 25.4416 15.465 5.37769e-06 12.539 1235.72 0.00870991
19558 16384 1104.54 1620001 25.4407 15.4641 3.74972e-05 12.5387 1104.62 0.00510699
19558 16384 1038.63 1620001 28.3034 15.6054 0.0848032 12.5958 1038.7 0.282365
19558 16384 425.366 1620001 25.4416 15.465 2.41088e-14 12.539 425.441 0.00647196
19558 16384 362.857 1620001 25.4416 15.465 2.81484e-06 12.539 362.93 0.00310754
19558 16384 361.327 1620001 25.4375 15.4622 3.68014e-05 12.5379 361.4 0.00630723
19558 16384 153.059 1620001 26.3769 15.5057 0.0198588 12.5555 153.132 0.0113594
19558 16384 98.1693 1620001 26.055 15.4803 0.0294875 12.5452 98.2435 0.00371811
19558 16384 28.5257 960001 428.619 19.7679 3.55271e-15 14.1765 28.5964 0.000223738
19558 16384 26.0384 960001 428.619 19.7679 3.55271e-15 14.1765 26.1079 6.61316e-05
19558 16384 4.47011 960001 428.619 19.7679 3.55271e-15 14.1765 4.5391 0.00016546
19558 16384 1.90319 960001 428.619 19.7679 3.55271e-15 14.1765 1.97101 3.49745e-05
19558 16384 31.9357 960001 428.619 19.7679 3.55271e-15 14.1765 32.0046 0.000633755
19558 16384 29.4697 960001 428.619 19.7679 3.55271e-15 14.1765 29.5394 0.000662293
19558 16384 6.65653 960001 428.619 19.7679 3.55271e-15 14.1765 6.72584 0.000106998
19558 16384 4.08321 960001 428.619 19.7679 3.55271e-15 14.1765 4.15174 0.000467307
19558 16384 1.77419 960001 428.619 19.7679 3.55271e-15 14.1765 1.84287 3.52767e-05
19558 16384 100.18 990001 59.5647 17.474 2.65148e-14 13.3286 100.248 0.00259266
19558 16384 88.2009 990001 59.5446 17.4732 0.000275884 13.3283 88.2728 0.000696517
19558 16384 13.9196 990001 59.5637 17.474 1.87238e-05 13.3286 13.9876 0.000960452
19558 16384 8.50912 990001 49.6934 16.9002 0.0721221 13.108 8.57724 0.00481484
19558 16384 151.996 990001 59.5647 17.474 2.69866e-14 13.3286 152.066 0.00120613
19558 16384 120.625 990001 59.565 17.474 4.64392e-05 13.3286 120.698 0.000833903
19558 16384 16.7096 990001 59.5637 17.474 9.68259e-06 13.3286 16.782 0.000489349
19558 16384 13.4056 990001 43.6192 16.7477 0.034333 13.0487 13.4736 0.0102867
19558 16384 6.76141 990001 44.9312 16.7408 0.073356 13.046 6.8306 0.0128321
19558 16384 164.349 1140001 36.7008 16.2196 2.88842e-14 12.8413 164.418 0.00116747
19558 16384 143.273 1140001 36.7521 16.2252 0.00168436 12.8435 143.346 0.000785819
19558 16384 34.5865 1140001 36.7599 16.2206 0.00224927 12.8417 34.6579 0.00278194
19558 16384 26.1007 1140001 246.156 19.3048 0.0319536 14.0094 26.1676 0.00167041
19558 16384 256.346 1140001 36.7008 16.2196 2.19292e-14 12.8413 256.415 0.0147083
19558 16384 219.58 1140001 36.7757 16.2204 0.00168523 12.8416 219.652 0.0901032
19558 16384 38.2311 1140001 36.8495 16.2223 0.00257235 12.8424 38.3031 0.000666944
19558 16384 31.4157 1140001 357.756 19.2615 0.1202 13.9937 31.4858 0.0596443
19558 16384 11.8942 1140001 253.358 18.0261 0.122977 13.5375 11.9622 0.0112642
19558 16384 274.093 1470001 28.0154 15.6374 2.2208e-14 12.6087 274.163 0.0055877
19558 16384 250.942 1470001 28.0234 15.644 0.000401451 12.6114 251.014 0.00424771
19558 16384 94.9835 1470001 28.0007 15.6373 7.17066e-05 12.6087 95.0558 0.00435576
19558 16384 74.684 1470001 707.368 22.8366 0.0141787 15.2372 74.7581 0.0032951
19558 16384 354.137 1470001 28.0154 15.6374 2.4076e-14 12.6087 354.206 0.0016539
19558 16384 326.674 1470001 28.0115 15.6366 5.60278e-05 12.6084 326.746 0.00202128
19558 16384 99.5106 1470001 28.003 15.6375 6.8894e-05 12.6088 99.5831 0.00389504
19558 16384 74.986 1470001 386.919 18.2598 0.0286683 13.625 75.0621 0.141282
19558 16384 24.4366 1470001 279.083 17.3768 0.0414906 13.2915 24.5044 0.00625533
19558 16384 428.796 1540001 25.0121 15.4889 2.04782e-14 12.5487 428.866 0.00419986
19558 16384 392.028 1540001 25.0093 15.4894 0.00024593 12.5489 392.103 0.00753852
19558 16384 246.758 1540001 25.0094 15.4889 0.00010891 12.5487 246.831 0.00917902
19558 16384 137.629 1540001 513.876 23.8702 1.16245 15.5782 137.701 0.16275
19558 16384 353.703 1540001 25.0121 15.4889 2.74388e-14 12.5487 353.776 0.00202224
19558 16384 333.431 1540001 25.0092 15.4886 1.32919e-05 12.5486 333.506 0.000829372
19558 16384 180.06 1540001 25.0101 15.4887 8.20694e-05 12.5486 180.132 0.00527128
19558 16384 133.542 1540001 510.937 19.3885 0.0389915 14.0398 133.614 0.0382768
19558 16384 36.8589 1540001 388.787 18.2183 0.0302421 13.6095 36.9303 0.0141219
19558 16384 701.669 1480001 25.9325 15.5076 3.27881e-14 12.5563 701.74 0.0157909
19558 16384 659.464 1480001 25.9267 15.5096 0.000114649 12.5571 659.539 0.0152667
19558 16384 515.233 1480001 25.9383 15.5079 8.49996e-05 12.5564 515.305 0.036977
19558 16384 296.618 1480001 552.805 24.7885 3.11322 15.875 296.69 0.202797
19558 16384 339.555 1480001 25.9325 15.5076 3.67066e-14 12.5563 339.629 0.0083489
19558 16384 317.754 1480001 25.9309 15.5073 3.44402e-06 12.5561 317.829 0.00878717
19558 16384 222.944 1480001 25.9414 15.5082 4.55382e-05 12.5565 223.018 0.00893011
19558 16384 155.301 1480001 381.207 18.114 0.0101944 13.5705 155.374 0.0302635
19558 16384 51.8173 1480001 363.778 17.9361 0.0554371 13.5037 51.8889 0.0528261
19558 16384 1407.12 1670001 25.2519 15.494 2.48753e-14 12.5508 1407.19 0.0246194
19558 16384 1377.79 1670001 25.2432 15.4938 7.71824e-05 12.5507 1377.86 0.00839196
19558 16384 1202.34 1670001 25.2492 15.4948 0.000106641 12.5511 1202.42 0.0229385
19558 16384 720.671 1670001 324.765 24.3593 9.1527 15.737 720.746 0.449202
19558 16384 415.333 1670001 25.2519 15.494 3.72315e-14 12.5508 415.406 0.00778658
19558 16384 364.909 1670001 25.2511 15.494 1.80592e-06 12.5508 364.987 0.00269394
19558 16384 286.129 1670001 25.2474 15.4968 7.88548e-05 12.5519 286.203 0.00974792
19558 16384 183.446 1670001 467.95 18.7834 0.0413146 13.819 183.519 0.0807492
19558 16384 108.603 1670001 517.034 19.2181 0.113463 13.978 108.676 0.160941
19558 16384 72.5762 2250001 21.1437 14.212 0.0559207 12.0203 72.6443 0.00151724
19558 16384 66.4816 2250001 21.1437 14.212 0.0559207 12.0203 66.5534 0.000181985
19558 16384 14.6653 2250001 21.1437 14.212 0.0559207 12.0203 14.7355 0.000851328
19558 16384 8.35533 2250001 21.1437 14.212 0.0559207 12.0203 8.42619 0.000227953
19558 16384 82.4851 2250001 21.1437 14.212 0.0559207 12.0203 82.5549 0.00168732
19558 16384 126.249 2250001 21.1437 14.212 0.0559207 12.0203 126.32 0.00374202
19558 16384 21.378 2250001 21.1437 14.212 0.0559207 12.0203 21.4496 0.0004617
19558 16384 15.413 2250001 21.1437 14.212 0.0559207 12.0203 15.4818 0.00185754
19558 16384 7.91103 2250001 21.1437 14.212 0.0559207 12.0203 7.97976 0.000347912
19558 16384 255.91 2190001 19.9573 14.1932 0.0357116 12.0124 255.98 0.0681578
19558 16384 227.564 2190001 19.9573 14.1932 0.0356983 12.0124 227.636 0.00539863
19558 16384 48.0597 2190001 19.9573 14.1932 0.0356883 12.0124 48.1314 0.00442971
19558 16384 34.5124 2190001 19.9504 14.1937 0.0350613 12.0126 34.5809 0.00422149
19558 16384 381.51 2190001 19.9573 14.1932 0.0357116 12.0124 381.579 0.0781188
19558 16384 309.516 2190001 19.9573 14.1932 0.0356964 12.0124 309.59 0.00677479
19558 16384 71.0026 2190001 19.9573 14.1932 0.0357054 12.0124 71.0746 0.0132296
19558 16384 49.6391 2190001 19.9944 14.1934 0.0337405 12.0125 49.7109 0.00808202
19558 16384 24.6032 2190001 20.0104 14.2168 0.0431519 12.0224 24.6744 0.0021857
19558 16384 345.069 2110001 19.743 14.194 0.0218252 12.0127 345.138 0.0270847
19558 16384 309.896 2110001 19.743 14.194 0.0218159 12.0127 309.968 0.0172973
19558 16384 98.8764 2110001 19.7431 14.194 0.0218246 12.0127 98.9486 0.00686111
19558 16384 79.9554 2110001 19.7808 14.1931 0.0193644 12.0123 80.0241 0.19434
19558 16384 477.593 2110001 19.743 14.194 0.0218252 12.0127 477.666 0.00544987
19558 16384 435.824 2110001 19.743 14.194 0.0218126 12.0127 435.896 0.0449809
19558 16384 110.628 2110001 19.743 14.194 0.0218263 12.0127 110.701 0.00608425
19558 16384 73.1524 2110001 19.7523 14.1925 0.0227666 12.0121 73.2238 0.00250082
19558 16384 32.8373 2110001 19.7843 14.2079 0.0438241 12.0186 32.9068 0.00170909
19558 16384 444.145 2120001 19.6022 14.192 0.0156263 12.0119 444.215 0.00209851
19558 16384 422.101 2120001 19.6022 14.192 0.0156353 12.0119 422.175 0.00428583
19558 16384 216.081 2120001 19.6022 14.192 0.0156254 12.0119 216.155 0.00525708
19558 16384 174.339 2120001 19.5926 14.1948 0.0139879 12.013 174.414 0.00583536
19558 16384 514.249 2120001 19.6022 14.192 0.0156263 12.0119 514.322 0.00196503
19558 16384 483.14 2120001 19.6022 14.192 0.0156307 12.0119 483.217 0.00151292
19558 16384 180.881 2120001 19.6022 14.192 0.0156209 12.0119 180.954 0.00293047
19558 16384 105.139 2120001 19.5858 14.1922 0.0155489 12.0119 105.211 0.00173124
19558 16384 41.6332 2120001 19.6491 14.1688 0.0503726 12.002 41.7053 0.00126018
19558 16384 660.805 2120001 19.529 14.1909 0.0108517 12.0114 660.876 0.0220569
19558 16384 645.77 2120001 19.529 14.1909 0.0108575 12.0114 645.843 0.00441041
19558 16384 428.912 2120001 19.5289 14.1909 0.0108503 12.0114 428.986 0.0114679
19558 16384 339.46 2120001 19.5268 14.1905 0.00979402 12.0112 339.534 0.0437744
19558 16384 499.047 2120001 19.529 14.1909 0.0108517 12.0114 499.12 0.00341754
19558 16384 472.458 2120001 19.5289 14.1909 0.0108549 12.0114 472.531 0.00257242
19558 16384 262.516 2120001 19.5289 14.1909 0.01085 12.0114 262.588 0.00386638
19558 16384 141.143 2120001 19.5226 14.1909 0.0109531 12.0114 141.217 0.00170461
19558 16384 55.2998 2120001 19.6443 14.1889 0.045105 12.0106 55.3713 0.00135065
19558 16384 1144.55 2180001 19.3748 14.191 0.00822848 12.0115 1144.62 0.00997133
19558 16384 1119.91 2180001 19.3748 14.191 0.00823222 12.0115 1119.98 0.00614912
19558 16384 904.176 2180001 19.3748 14.191 0.00822856 12.0115 904.249 0.00756501
19558 16384 712.014 2180001 19.3748 14.1927 0.00578206 12.0122 712.087 0.326066
19558 16384 537.262 2180001 19.3748 14.191 0.00822848 12.0115 537.336 0.00421666
19558 16384 496.99 2180001 19.3748 14.191 0.00823475 12.0115 497.064 0.00607962
19558 16384 364.645 2180001 19.3748 14.191 0.00822859 12.0115 364.718 0.00397265
19558 16384 190.116 2180001 19.3747 14.191 0.00806821 12.0115 190.188 0.00187071
19558 16384 84.3933 2180001 19.589 14.181 0.0228345 12.0072 84.4664 0.00147614
19558 16384 1942.79 2130001 19.4577 14.1918 0.00578827 12.0118 1942.86 0.011335
19558 16384 1919.7 2130001 19.4577 14.1918 0.00579217 12.0118 1919.78 0.0146446
19558 16384 1748.01 2130001 19.4577 14.1918 0.00578824 12.0118 1748.09 0.00916912
19558 16384 1368.32 2130001 19.458 14.1913 0.00489737 12.0116 1368.4 0.352011
19558 16384 564.192 2130001 19.4577 14.1918 0.00578827 12.0118 564.266 0.00655742
19558 16384 498.56 2130001 19.4577 14.1918 0.00579027 12.0118 498.633 0.0024897
19558 16384 423.924 2130001 19.4577 14.1918 0.00578813 12.0118 424 0.0102856
19558 16384 235.076 2130001 19.4582 14.1918 0.00582632 12.0118 235.151 0.00165426
19558 16384 159.365 2130001 19.842 14.1874 0.0101086 12.0099 159.439 0.00179391
19558 16384 122.468 2250001 21.1437 14.212 0.0559207 12.0203 122.54 0.00166255
19558 16384 66.454 2250001 21.1437 14.212 0.0559207 12.0203 66.5265 0.00428125
19558 16384 14.7103 2250001 21.1437 14.212 0.0559207 12.0203 14.7797 0.00115804
19558 16384 8.49538 2250001 21.1437 14.212 0.0559207 12.0203 8.56341 0.00136452
19558 16384 132.269 2250001 21.1437 14.212 0.0559207 12.0203 132.34 0.00182936
19558 16384 77.5359 2250001 21.1437 14.212 0.0559207 12.0203 77.6077 0.0297998
19558 16384 21.3968 2250001 21.1437 14.212 0.0559207 12.0203 21.4676 0.001454
19558 16384 15.303 2250001 21.1437 14.212 0.0559207 12.0203 15.3696 0.00119577
19558 16384 8.1799 2250001 21.1437 14.212 0.0559207 12.0203 8.24861 0.00109723
19558 16384 259.176 2210001 19.8994 14.1911 0.0423996 12.0115 259.246 0.0378713
19558 16384 231.732 2210001 19.8994 14.1911 0.0424275 12.0115 231.805 0.00450587
19558 16384 50.4624 2210001 19.8993 14.1911 0.0424169 12.0115 50.5337 0.00913058
19558 16384 37.6754 2210001 19.8982 14.1917 0.0431084 12.0117 37.7424 0.00479024
19558 16384 366.56 2210001 19.8994 14.1911 0.0423996 12.0115 366.629 0.00713614
19558 16384 321.604 2210001 19.8994 14.1911 0.0424053 12.0115 321.678 0.00767532
19558 16384 77.677 2210001 19.8993 14.1911 0.0423989 12.0115 77.7487 0.0153358
19558 16384 51.7289 2210001 20.2906 14.1916 0.043756 12.0117 51.7965 0.0082017
19558 16384 25.8852 2210001 22.066 14.19 0.0499474 12.011 25.9524 0.00293626
19558 16384 346.561 2190001 19.5966 14.1987 0.014068 12.0147 346.63 0.00949234
19558 16384 320.342 2190001 19.5966 14.1987 0.0140675 12.0147 320.415 0.0780014
19558 16384 114.823 2190001 19.5966 14.1986 0.0140664 12.0147 114.895 0.0374119
19558 16384 82.3707 2190001 122.567 15.0289 0.0161363 12.3609 82.4425 0.0131885
19558 16384 508.47 2190001 19.5966 14.1987 0.014068 12.0147 508.542 0.00370329
19558 16384 450.94 2190001 19.5966 14.1987 0.0140555 12.0147 451.013 0.00342832
19558 16384 118.233 2190001 19.5966 14.1987 0.0140657 12.0147 118.305 0.0120775
19558 16384 83.2252 2190001 151.482 15.4277 0.0184037 12.5239 83.2974 0.0121335
19558 16384 37.5382 2190001 109.514 15.0287 0.0571907 12.3609 37.6065 0.00517377
19558 16384 448.385 2120001 19.5841 14.2077 0.0159629 12.0185 448.455 0.00886675
19558 16384 418.672 2120001 19.5841 14.2077 0.015984 12.0185 418.746 0.00290513
19558 16384 185.798 2120001 19.5841 14.2077 0.0159642 12.0185 185.871 0.0644608
19558 16384 153.99 2120001 320.861 17.459 0.0213235 13.3229 154.062 0.00998843
19558 16384 511.16 2120001 19.5841 14.2077 0.0159629 12.0185 511.233 0.00244484
19558 16384 481.285 2120001 19.5841 14.2077 0.015971 12.0185 481.358 0.00232326
19558 16384 168.902 2120001 19.5841 14.2077 0.0159603 12.0185 168.974 0.00576895
19558 16384 115.973 2120001 148.224 15.3455 0.015412 12.4905 116.044 0.00916055
19558 16384 49.0832 2120001 138.293 15.2295 0.0407252 12.4432 49.1548 0.00128587
19558 16384 655.916 2090001 19.5259 14.2201 0.00981666 12.0238 655.987 0.00330887
19558 16384 628.85 2090001 19.5259 14.2201 0.00983237 12.0238 628.923 0.00754407
19558 16384 406.542 2090001 19.5259 14.2201 0.00981691 12.0238 406.614 0.0248932
19558 16384 313.295 2090001 355.768 20.7252 0.800468 14.5157 313.367 1.07516
19558 16384 483.539 2090001 19.5259 14.2201 0.00981666 12.0238 483.614 0.00261507
19558 16384 460.56 2090001 19.5259 14.2201 0.00982113 12.0238 460.633 0.00251459
19558 16384 245.446 2090001 19.5259 14.2201 0.00981439 12.0238 245.518 0.00660138
19558 16384 158.484 2090001 152.892 15.3525 0.00943646 12.4933 158.557 0.00407935
19558 16384 59.5076 2090001 152.187 15.3114 0.0574818 12.4766 59.5792 0.00368163
19558 16384 1092.13 2080001 19.4982 14.2223 0.00963079 12.0247 1092.2 0.0152473
19558 16384 1045.07 2080001 19.4982 14.2223 0.0096301 12.0247 1045.15 0.0143435
19558 16384 837.366 2080001 19.4982 14.2223 0.00963107 12.0247 837.439 0.0260295
19558 16384 618.982 2080001 284.993 21.7473 1.09813 14.8693 619.054 0.377005
19558 16384 482.678 2080001 19.4982 14.2223 0.00963079 12.0247 482.752 0.0164244
19558 16384 448.112 2080001 19.4982 14.2223 0.0096323 12.0247 448.187 0.00813009
19558 16384 319.346 2080001 19.4982 14.2223 0.00962989 12.0247 319.42 0.00525214
19558 16384 215.82 2080001 152.577 15.3519 0.00921721 12.4931 215.892 0.00696402
19558 16384 88.192 2080001 172.837 15.4889 0.0406789 12.5487 88.2649 0.020587
19558 16384 1873.5 2070001 19.5101 14.2234 0.00553181 12.0252 1873.58 0.0146663
19558 16384 1857.42 2070001 19.5101 14.2234 0.00553416 12.0252 1857.49 0.011949
19558 16384 1688.44 2070001 19.5101 14.2234 0.00553181 12.0252 1688.52 0.0188081
19558 16384 1224.35 2070001 155.515 21.7171 0.748623 14.859 1224.42 0.682238
19558 16384 530.89 2070001 19.5101 14.2234 0.00553181 12.0252 530.965 0.00387521
19558 16384 464.993 2070001 19.5101 14.2234 0.00553019 12.0252 465.067 0.00323487
19558 16384 396.837 2070001 19.5101 14.2234 0.00553205 12.0252 396.91 0.0147061
19558 16384 258.516 2070001 159.073 15.4158 0.00663573 12.5191 258.589 0.0218447
19558 16384 160.401 2070001 187.704 15.7127 0.032577 12.639 160.474 0.035123
19558 16384 18.288 590001 53.2021 16.4918 3.27797 12.9486 18.3593 0.000502324
19558 16384 29.6829 590001 53.2021 16.4918 3.27797 12.9486 29.7529 0.000375236
19558 16384 3.03983 590001 53.2021 16.4918 3.27797 12.9486 3.109 0.000136076
19558 16384 1.4207 590001 53.2021 16.4918 3.27797 12.9486 1.48987 0.000379709
19558 16384 20.3145 590001 53.2021 16.4918 3.27797 12.9486 20.3836 0.000581498
19558 16384 31.8181 590001 53.2021 16.4918 3.27797 12.9486 31.8887 0.00120294
19558 16384 4.4924 590001 53.2021 16.4918 3.27797 12.9486 4.56136 0.000287631
19558 16384 2.89673 590001 53.2021 16.4918 3.27797 12.9486 2.96575 0.000224522
19558 16384 1.29372 590001 53.2021 16.4918 3.27797 12.9486 1.36109 0.000249244
19558 16384 98.3961 970001 30.0023 15.6505 0.754291 12.614 98.4669 0.0313962
19558 16384 93.8726 970001 30.0036 15.6502 0.753978 12.6139 93.9422 0.0294388
19558 16384 21.4025 970001 29.9948 15.6516 0.754888 12.6145 21.4759 0.00313187
19558 16384 16.5792 970001 31.0549 15.6258 0.64062 12.6041 16.6488 0.00267552
19558 16384 151.339 970001 30.0023 15.6505 0.754291 12.614 151.408 0.053697
19558 16384 121.131 970001 30.0022 15.6505 0.754371 12.614 121.204 0.0410113
19558 16384 31.9724 970001 29.9968 15.6518 0.755035 12.6145 32.0463 0.0086757
19558 16384 19.5686 970001 35.4597 15.7412 0.824812 12.6505 19.6395 0.00847928
19558 16384 9.64355 970001 34.5295 15.6928 0.827151 12.631 9.71397 0.00148732
19558 16384 187.636 1270001 27.3749 15.5251 0.351717 12.5633 187.707 0.0276834
19558 16384 159.409 1270001 27.3786 15.5253 0.351497 12.5634 159.483 0.0358055
19558 16384 59.8575 1270001 27.373 15.5254 0.352096 12.5635 59.9305 0.00572254
19558 16384 49.7623 1270001 41.3431 15.9245 0.399749 12.724 49.832 0.0203894
19558 16384 267.074 1270001 27.3749 15.5251 0.351717 12.5633 267.145 0.0636671
19558 16384 239.027 1270001 27.3744 15.525 0.351727 12.5633 239.103 0.0390134
19558 16384 63.6441 1270001 27.3723 15.5256 0.352572 12.5636 63.7188 0.0167944
19558 16384 85.5611 1270001 36.2144 15.5986 0.623417 12.5931 85.6322 1.90357
19558 16384 18.4151 1270001 28.2541 15.4559 0.551157 12.5353 18.4893 0.189818
19558 16384 270.823 1410001 26.5915 15.5096 0.158567 12.5571 270.895 0.0119528
19558 16384 250.977 1410001 26.5916 15.5101 0.158439 12.5573 251.051 0.0128015
19558 16384 137.547 1410001 26.6036 15.5106 0.1578 12.5575 137.621 0.0295006
19558 16384 114.902 1410001 35.7768 15.7848 0.300833 12.668 114.976 0.0709373
19558 16384 326.976 1410001 26.5915 15.5096 0.158567 12.5571 327.05 0.0340322
19558 16384 304.258 1410001 26.5916 15.5095 0.158586 12.557 304.334 0.0307188
19558 16384 101.836 1410001 26.5965 15.5107 0.157576 12.5575 101.909 0.0347232
19558 16384 76.9393 1410001 27.6126 15.4447 0.252636 12.5308 77.0129 0.698775
19558 16384 23.8881 1410001 28.8174 15.5073 0.137361 12.5562 23.9597 0.00215242
19558 16384 431.235 1540001 25.5837 15.4812 0.0924062 12.5456 431.305 0.0191116
19558 16384 416.274 1540001 25.58 15.4813 0.0920987 12.5456 416.349 0.0167373
19558 16384 278.104 1540001 25.5904 15.4822 0.0922625 12.546 278.178 0.0574157
19558 16384 233.379 1540001 29.4506 15.6602 0.239776 12.6179 233.455 0.178714
19558 16384 348.664 1540001 25.5837 15.4812 0.0924062 12.5456 348.738 0.0271442
19558 16384 327.577 1540001 25.5832 15.4812 0.0924365 12.5456 327.654 0.0250947
19558 16384 164.092 1540001 25.589 15.4825 0.0925771 12.5461 164.167 0.0671724
19558 16384 135.936 1540001 32.2182 15.6127 0.452604 12.5987 136.012 1.83064
19558 16384 34.4678 1540001 30.359 15.5783 0.292058 12.5849 34.5409 0.00216079
19558 16384 761.626 1600001 25.7355 15.4875 0.0376055 12.5482 761.698 0.032041
19558 16384 741.094 1600001 25.734 15.4877 0.0370835 12.5482 741.168 0.0208396
19558 16384 572.725 1600001 25.7354 15.4879 0.0375027 12.5483 572.799 0.0421593
19558 16384 500.498 1600001 27.8829 15.6017 0.139062 12.5943 500.575 0.211048
19558 16384 375.918 1600001 25.7355 15.4875 0.0376055 12.5482 375.993 0.030671
19558 16384 346.8 1600001 25.7356 15.4876 0.0376393 12.5482 346.877 0.0342562
19558 16384 238.053 1600001 25.737 15.4882 0.0381977 12.5484 238.128 0.0617969
19558 16384 124.917 1600001 26.3782 15.4904 0.12356 12.5493 124.993 0.137257
19558 16384 50.9392 1600001 26.7819 15.4703 0.11928 12.5412 51.0142 0.00407324
19558 16384 1293.95 1560001 26.2144 15.4924 0.0154942 12.5501 1294.03 0.0394534
19558 16384 1288.96 1560001 26.2144 15.4918 0.0152911 12.5499 1289.04 0.0375482
19558 16384 1124.78 1560001 26.2153 15.4926 0.015471 12.5502 1124.85 0.0457989
19558 16384 957.721 1560001 27.8075 15.534 0.170429 12.567 957.802 0.409909
19558 16384 393.667 1560001 26.2144 15.4924 0.0154942 12.5501 393.742 0.0544646
19558 16384 345.134 1560001 26.2145 15.4924 0.0154797 12.5501 345.21 0.0453895
19558 16384 286.547 1560001 26.217 15.4928 0.0155545 12.5503 286.622 0.0510456
19558 16384 141.82 1560001 26.446 15.4944 0.141257 12.5509 141.897 0.0245754
19558 16384 92.4296 1560001 27.1049 15.5245 0.113866 12.5631 92.5059 0.00541086
19558 16384 31.2936 590001 53.2021 16.4918 3.27797 12.9486 31.3662 0.000162009
19558 16384 29.6973 590001 53.2021 16.4918 3.27797 12.9486 29.7644 0.000178667
19558 16384 3.06917 590001 53.2021 16.4918 3.27797 12.9486 3.1385 0.000161769
19558 16384 1.42726 590001 53.2021 16.4918 3.27797 12.9486 1.49664 0.000225412
19558 16384 20.3593 590001 53.2021 16.4918 3.27797 12.9486 20.429 0.000621054
19558 16384 18.8298 590001 53.2021 16.4918 3.27797 12.9486 18.9003 0.000413415
19558 16384 4.53886 590001 53.2021 16.4918 3.27797 12.9486 4.60833 0.000285125
19558 16384 2.87685 590001 53.2021 16.4918 3.27797 12.9486 2.94373 0.000406362
19558 16384 1.37073 590001 53.2021 16.4918 3.27797 12.9486 1.43835 0.000306245
19558 16384 112.198 1040001 29.6065 15.616 0.565194 12.6001 112.27 0.0251539
19558 16384 99.8638 1040001 29.6064 15.6159 0.565398 12.6 99.9369 0.0225825
19558 16384 22.9256 1040001 29.6099 15.6161 0.565245 12.6001 22.9974 0.00458011
19558 16384 17.6069 1040001 28.0375 15.5369 0.366449 12.5681 17.6785 0.00305823
19558 16384 165.124 1040001 29.6065 15.616 0.565194 12.6001 165.195 0.0592161
19558 16384 131.284 1040001 29.6062 15.6159 0.565256 12.6001 131.357 0.0428505
19558 16384 34.952 1040001 29.6095 15.6164 0.565113 12.6002 35.0253 0.00981667
19558 16384 20.8967 1040001 32.7497 15.605 0.440843 12.5957 20.9669 0.0104983
19558 16384 10.3342 1040001 30.6919 15.5448 0.537832 12.5713 10.4036 0.00148028
19558 16384 179.857 1260001 26.0302 15.5036 0.225665 12.5546 179.927 0.0284005
19558 16384 158.456 1260001 26.0294 15.5034 0.225931 12.5546 158.529 0.00979106
19558 16384 58.9074 1260001 26.0266 15.5035 0.226157 12.5546 58.9806 0.0123875
19558 16384 45.4747 1260001 57.8149 17.1607 0.649862 13.2086 45.5443 0.00638983
19558 16384 263.243 1260001 26.0302 15.5036 0.225665 12.5546 263.315 0.0224413
19558 16384 231.936 1260001 26.029 15.5035 0.225838 12.5546 232.01 0.102397
19558 16384 63.6951 1260001 26.0279 15.5035 0.226096 12.5546 63.768 0.0170606
19558 16384 37.7065 1260001 27.3297 15.4673 0.333577 12.5399 37.7765 0.00853705
19558 16384 16.8591 1260001 27.677 15.5083 0.244383 12.5566 16.9294 0.00165221
19558 16384 260.681 1370001 26.3066 15.5409 0.102265 12.5698 260.754 0.0262002
19558 16384 244.228 1370001 26.3076 15.5412 0.102409 12.5699 244.301 0.0100958
19558 16384 120.53 1370001 26.3076 15.5409 0.102984 12.5698 120.606 0.232259
19558 16384 95.9519 1370001 80.0203 18.7901 2.01729 13.8214 96.0243 0.182154
19558 16384 318.301 1370001 26.3066 15.5409 0.102265 12.5698 318.374 0.0236729
19558 16384 294.314 1370001 26.3068 15.5411 0.102366 12.5698 294.389 0.0275284
19558 16384 98.6288 1370001 26.3054 15.5418 0.105792 12.5701 98.7027 0.0530366
19558 16384 54.3979 1370001 27.8261 15.4926 0.242319 12.5502 54.471 0.0113181
19558 16384 23.4752 1370001 29.4333 15.5777 0.327468 12.5846 23.5454 0.00502894
19558 16384 436.638 1570001 25.243 15.4772 0.0681277 12.544 436.709 0.0392821
19558 16384 418.015 1570001 25.2454 15.4775 0.0684472 12.5441 418.089 0.023141
19558 16384 263.098 1570001 25.2435 15.4774 0.0685403 12.5441 263.172 0.172644
19558 16384 219.231 1570001 189.808 22.9364 17.1136 15.2704 219.304 0.890754
19558 16384 353.888 1570001 25.243 15.4772 0.0681277 12.544 353.962 0.00948037
19558 16384 334.758 1570001 25.2433 15.4773 0.0681452 12.544 334.834 0.0169485
19558 16384 167.298 1570001 25.2377 15.4774 0.0686909 12.544 167.373 0.0574728
19558 16384 85.1147 1570001 26.7205 15.4596 0.148179 12.5368 85.1889 0.0201755
19558 16384 35.0465 1570001 29.4845 15.5247 0.250405 12.5632 35.1156 0.0265945
19558 16384 730.955 1540001 26.1357 15.486 0.0281983 12.5475 731.029 0.0315031
19558 16384 714.944 1540001 26.1362 15.4861 0.0285 12.5476 715.018 0.0295245
19558 16384 542.739 1540001 26.1284 15.4856 0.0276654 12.5474 542.814 0.120044
19558 16384 448.515 1540001 201.925 25.0228 6.50213 15.9499 448.588 0.464657
19558 16384 360.153 1540001 26.1357 15.486 0.0281983 12.5475 360.227 0.0532194
19558 16384 331.847 1540001 26.1352 15.4859 0.0281011 12.5475 331.921 0.0344603
19558 16384 229.301 1540001 26.132 15.4864 0.0289948 12.5477 229.376 0.0915775
19558 16384 110.617 1540001 50.43 15.922 3.39374 12.723 110.69 0.0284653
19558 16384 48.1851 1540001 32.2441 15.5703 0.945188 12.5816 48.2607 0.0129862
19558 16384 1321.69 1590001 26.1242 15.4914 0.012356 12.5497 1321.77 0.0350921
19558 16384 1301.07 1590001 26.1276 15.4917 0.0126838 12.5498 1301.14 0.0498536
19558 16384 1149.11 1590001 26.1236 15.4917 0.0126326 12.5498 1149.18 0.0495623
19558 16384 923.721 1590001 448.602 29.0537 36.7906 17.1866 923.797 0.588382
19558 16384 393.321 1590001 26.1242 15.4914 0.012356 12.5497 393.398 0.0578362
19558 16384 343.541 1590001 26.1242 15.4914 0.012377 12.5497 343.617 0.0568066
19558 16384 284.943 1590001 26.1217 15.4921 0.0128617 12.55 285.019 0.0979365
19558 16384 140.991 1590001 29.8021 15.4499 0.391913 12.5329 141.066 0.0989069
19558 16384 92.8967 1590001 33.8157 15.5118 1.00221 12.558 92.9706 0.020265