0.00923015
0.000725744
0.000645005
0.0004266
0.00141892
0.000837995
0.000739234
0.00118469
0.0008157
0.000365429
0.000519622
0.000472433
0.000558091
0.000269168
0.000389316
0.000144531
0.000243238
0.00032628
2.94726e-05
0.000196515
0.000391864
0.00024092
0.000159914
0.000279169
0.000197124
0.000313538
0.000143846
0.00064285
0.000399055
0.000373338
0.000154585
0.000119743
0.000178
0.000117188
0.000287257
0.000142258
4.59885e-05
0.000292114
0.000179833
0.000597176
0.0002532
0.000131746
0.000266461
0.000115973
0.000467031
0.000804357
0.000470287
0.000289004
0.000546199
0.00102711
0.000374817
0.000712014
0.00101869
0.00014834
0.000167998
0.000422401
0.0015682
0.000873543
0.00115761
0.000275875
0.000394126
0.00108502
0.00189704
0.00554448
0.00235736
0.00109975
0.00104919
0.00154503
0.000216369
0.000130487
0.000545607
0.000960912
7.05879e-05
0.000796333
0.000526695
0.000361826
0.000173097
0.000294475
0.000385131
0.000189067
0.000798946
0.000132902
0.000167992
0.000302055
0.000371352
0.00030222
9.90256e-05
0.000210026
0.000174594
2.49238e-05
0.000244519
0.000223427
0.000497137
0.000410635
0.000477422
0.000251152
0.000101176
0.000341215
0.000293554
0.000179432
0.000195765
0.000184097
0.000210586
0.000514334
0.000334039
0.000196838
0.000162526
5.40826e-05
0.000291555
0.000114179
0.000370881
0.000204817
0.000330143
0.000546642
0.000464353
0.000295693
0.000312788
0.000560606
0.00035769
0.000463304
0.000692675
0.000332487
0.00106594
0.000575943
0.000225234
0.000275597
0.00105265
0.00208165
0.00102058
0.000296032
0.000716222
0.00035846
0.000514017
0.000506747
0.000875819
0.000194843
0.00062624
0.000163218
0.00025262
0.000339899
0.000685909
0.000288375
0.000300508
0.000254495
0.00047023
4.93247e-05
0.000293715
0.000288165
0.000257515
0.000243929
0.000169604
0.000111752
0.000190774
0.000284726
0.000192434
0.000478312
0.000185655
0.000683857
0.000227278
0.000455036
0.00035478
0.000556988
0.000196304
0.000213683
0.000293775
0.000205305
0.000656759
0.000366375
6.98008e-05
0.00018454
0.0001584
0.000112395
0.000399846
0.000177594
0.000308408
0.000496914
0.000318202
0.000335442
0.000296395
0.000593834
0.000365888
8.25635e-05
0.000387584
0.00026171
0.000365618
0.000619808
0.000216964
0.00104215
0.00110298
0.000430437
0.000180217
0.00189678
0.000535015
0.000314393
0.000782302
0.000674754
0.000539624
0.000531234
0.000551772
0.000276674
0.000277911
0.000215565
0.000207215
0.000214107
8.266e-05
0.000318652
0.000256499
0.000360818
0.000173504
0.000435253
0.000548611
0.000302064
0.000214682
0.000312027
0.000173461
0.000112061
0.00032412
0.000329198
0.000408752
0.00032365
0.000151317
0.00024326
0.000328315
0.000523546
0.000262083
0.000193706
0.000199461
8.61212e-05
0.000380237
0.000486679
0.000321353
0.000210341
0.000158207
9.11726e-05
0.000157968
0.000153206
0.000166273
0.00032866
0.000165604
0.000319513
0.000515852
0.000385843
0.000258999
0.000234867
0.000649205
0.000220837
0.000369109
0.000361799
0.000142075
0.000810033
0.000393568
0.000329297
0.000377466
0.00118759
0.00145436
0.000533955
0.000288132
0.000764846
0.000410314
0.000640794
0.000492446
0.00050694
0.000246766
0.000209548
0.000354097
0.000267287
0.000304732
0.00015509
0.000174136
0.000143641
0.000194775
0.000270893
0.000385958
0.000360911
0.000173726
0.000373714
0.000356824
0.000371681
0.000115043
0.00039653
0.000328266
0.000416897
0.000361522
0.000431678
0.000483935
0.000253855
0.000232323
0.000217555
9.06993e-05
4.59777e-05
7.83178e-05
0.000270243
0.000412987
0.000717295
0.000401247
0.000278677
0.000147046
0.000224429
0.000212803
0.000360597
0.000103865
0.000628462
0.000117724
0.00011162
0.000135722
0.00037445
0.000463297
0.000326857
0.000716003
0.000623249
8.97407e-05
0.000342484
0.000347139
0.000319675
0.000210637
0.000195677
0.000288808
0.000129169
0.00104343
0.000959776
0.000758167
0.000524813
0.000135925
0.000497549
0.000387053
0.000202329
0.000441847
5.27218e-05
0.000224761
0.000278973
0.000241439
0.000211277
3.83874e-05
6.80185e-05
0.000229864
0.000123824
0.000128487
0.000192737
0.000337296
0.000271162
0.000513511
0.000451762
0.000321605
0.000347977
0.000361624
0.000167653
0.000309413
0.000669582
0.000250961
0.000172364
0.000165028
0.000192365
0.00022561
0.000223344
0.000258148
0.000573801
0.000474847
0.000505058
0.000281047
0.000196679
0.000414007
0.000260614
0.000217241
0.000249466
0.000116553
0.000611976
0.000236313
0.000122366
0.000146144
0.000139543
0.000399277
0.000285081
0.000372165
0.000444099
0.000437108
0.000315444
0.00027785
0.000133875
0.000112479
0.000532769
0.000164633
2.44904e-05
7.42093e-05
0.000754064
0.000554876
5.37258e-05
0.000433505
0.000353182
0.000195142
0.000413682
0.000347726
0.000205443
0.000248079
0.000152854
0.000146692
0.000340972
0.000132359
0.000155455
9.91622e-05
6.36761e-05
0.000307099
0.000131419
6.60475e-05
0.000204198
0.000252203
0.000345978
0.00040705
0.000671938
0.000544767
0.000410894
0.000456344
0.000336144
0.000274985
9.11299e-05
1.76583e-05
0.000104636
0.000155216
0.000345376
0.000825567
0.000385979
0.000136498
0.000513625
0.000407446
0.000287617
0.000291506
0.00044002
0.000133581
0.000151008
0.000373495
0.000218876
0.00038859
0.000125378
0.000196719
0.000210558
0.00017187
0.000281741
0.00037589
0.000277921
0.000212749
0.000291826
0.000349959
0.000268699
0.000137208
3.62149e-05
0.000487705
0.00010673
0.000132907
0.000214945
0.000283692
0.000716705
0.000249803
0.000243556
0.000523428
0.000350155
0.000374771
0.000249457
0.000259691
0.000122029
0.000120723
4.07806e-05
0.000167655
0.000335103
0.000218812
7.41399e-05
0.000141773
0.000116311
4.89204e-05
0.00011059
0.000109466
0.000280389
0.000720997
0.000811312
0.000603688
0.000900754
0.000395446
0.000565793
0.00052017
0.000231339
0.000216318
0.000260484
0.000205923
0.000315079
0.000226719
0.000194757
0.000188714
0.000314924
0.000483747
0.000333891
0.000148865
0.00040994
0.000252197
0.00014926
0.000332359
0.000256306
0.000212876
0.000329332
0.000195392
6.7194e-05
0.000132254
0.000250608
0.000441668
0.000173271
0.00057032
0.000262839
0.000227111
0.000636757
0.000252031
0.000107785
0.00015603
0.000362986
0.000160024
0.000157775
0.000492963
0.000373795
0.00035104
0.000188977
0.00030856
0.000179313
0.000211655
0.000188128
0.00016632
5.65748e-05
0.000253262
0.000179328
0.000243467
0.000106789
0.000186662
0.000323468
0.000232406
0.000109735
0.000236985
0.000145902
4.42672e-05
0.000285659
0.000355189
0.000457208
0.000495123
0.000775365
0.000659123
0.000458465
0.000497106
0.000561653
0.000147043
5.10311e-05
0.000525361
0.000518328
0.000716901
0.000504837
0.000537723
0.00055984
0.00018241
0.000251585
0.00101304
0.000288895
0.000278087
0.000227037
0.000273322
0.000308536
0.000273505
0.000394246
0.000253653
0.000172505
0.000150619
0.000231463
0.00017739
0.000336555
0.000232901
0.000222697
0.00011284
0.0002138
0.000783868
0.000508328
0.000107337
0.000586648
0.000194919
2.87283e-05
0.000359324
0.000372272
0.000713215
0.000245106
0.000281234
0.000297379
0.000432611
0.000224198
0.00012214
9.39484e-05
0.000173793
0.000276758
0.000195288
0.000427051
0.000109333
0.000364149
0.000341427
0.000371312
0.000229955
9.82415e-05
0.000227586
0.000480996
0.000469085
0.000416474
0.00074542
0.000875325
0.000619141
0.000599472
0.000876616
0.00123827
0.000835494
0.000590848
0.000533766
0.00128028
0.00100343
0.00128399
0.000619964
0.00028423
0.000328417
0.000653864
0.000551722
0.000383436
0.000378134
0.000214144
0.000260772
0.000704859
0.000319358
0.000431197
0.000156934
0.000185845
0.000345043
0.000165925
0.000117005
0.000148695
0.000367567
0.00019725
0.000238341
0.000371224
0.00045908
0.000773127
0.000494613
0.000140725
0.000707385
0.000233744
0.000393595
0.000442578
0.000244363
0.000349209
0.000211517
0.000159565
0.000309208
0.000132357
0.000407921
0.000249714
0.000185491
0.000371526
0.000238994
0.000365932
0.000147756
0.000367568
7.47982e-05
0.000161025
0.000150472
0.000286031
0.00066031
0.000381652
0.000581708
0.000602229
0.000958534
0.000960818
0.000727083
0.000322803
0.993668
0.998034
0.998749
0.998025
0.998342
0.998943
0.994268
0.994606
0.000786596
0.000657951
0.000865268
0.000797367
0.00073091
0.000641508
0.000224975
0.00047508
0.000460702
0.000458143
0.000632362
0.000499442
0.000404247
0.000515371
0.000368913
0.00025228
0.000148475
0.000178797
0.000160442
0.000500926
0.000226424
0.000289543
0.000401127
0.000612276
0.000453959
0.000326993
0.000203232
0.000823397
0.000362706
0.000548883
0.000570233
0.000437426
0.000136551
0.000144163
5.85808e-05
8.49437e-05
0.000245223
0.000362377
0.000290865
0.00016234
0.000402739
0.00021991
0.000182066
0.000320076
0.00037191
0.000332964
0.00033873
0.000476481
0.000368997
0.00143066
0.994751
0.997187
0.998356
0.998444
0.997989
0.201013
0.201054
0.199405
0.200741
0.199815
0.199452
0.198032
0.202268
0.200445
0.19988
0.199043
0.997558
0.99876
0.995879
0.997571
0.000783101
0.000457916
0.000659738
0.000593604
0.000428699
0.000317361
0.000245244
0.000440463
0.000420655
0.000334975
0.000217331
0.000287537
0.000302231
0.000353475
0.000528504
0.000198278
0.000202244
0.000217503
0.000492388
0.000250631
0.00032285
0.000308832
0.000373835
0.000440844
0.000493342
0.000117374
0.000160282
9.65884e-05
4.0879e-05
0.000118103
0.000202684
0.000166923
0.000437465
0.000116577
0.000455511
0.000358259
0.000364346
0.000471046
0.000404065
0.000925446
0.000379026
0.998525
0.998176
0.997662
0.999127
0.200947
0.200782
0.199371
0.200039
0.201273
0.197752
0.20018
0.195552
0.200551
0.19845
0.198502
0.195756
0.19822
0.19873
0.200601
0.199674
0.201513
0.199913
0.203735
0.997153
0.998751
0.997259
0.000944266
0.000682521
0.000521176
0.00053929
0.000385207
0.000404973
0.000237485
0.000238585
0.000300004
0.000315646
0.000318104
0.000247016
0.000495108
0.000273087
0.000488862
0.000354281
0.000216193
0.00025538
0.00048506
0.00035207
0.000527454
0.000288155
0.000261772
0.000118519
0.0002097
0.000150447
5.95333e-05
0.000278894
0.000253309
0.000279289
0.000270364
0.000236363
0.000373757
0.00056556
0.000892256
0.000929803
0.997386
0.998943
0.997711
0.201096
0.197389
0.1989
0.193693
0.203249
0.198397
0.195701
0.201278
0.198897
0.200574
0.201426
0.202094
0.197615
0.199647
0.201875
0.203898
0.200053
0.195758
0.196557
0.197116
0.200239
0.203517
0.197152
0.202009
0.197747
0.998239
0.997224
0.000657569
0.000488051
0.000434969
0.000562972
0.000321425
0.000202358
0.00021835
0.000197262
0.000221968
0.00026585
0.000338593
0.000487504
0.000467201
0.000442804
0.000378194
0.000353682
0.000440397
0.000439408
0.000162005
0.000141635
0.000286185
0.000378502
0.000300214
0.000168169
0.000181764
0.000266905
0.000246271
0.000453736
0.00032719
0.000305101
0.000585035
0.000654847
0.998298
0.998838
0.999345
0.200476
0.200606
0.199776
0.199118
0.199781
0.201405
0.19757
0.200749
0.199658
0.200043
0.196308
0.201211
0.197765
0.205116
0.196356
0.202957
0.196461
0.19557
0.199514
0.205137
0.203754
0.200269
0.198125
0.197594
0.200744
0.198787
0.198648
0.201053
0.199649
0.197814
0.996172
0.000633347
0.000863637
0.000965722
0.00015935
0.000161716
0.000197165
0.000391828
0.000477354
0.000414
0.000355153
0.000304844
0.000303623
0.000439415
0.000320931
0.000575043
0.000188105
0.000401798
6.90127e-05
0.000433147
0.000255678
0.000183964
0.000346902
0.000214189
0.000374796
0.000336294
0.000345423
0.000465768
0.000511483
0.998964
0.998901
0.996983
0.203178
0.196746
0.203124
0.195578
0.202476
0.196658
0.202046
0.19583
0.202918
0.201207
0.200521
0.20136
0.199752
0.199325
0.19794
0.198994
0.198609
0.200661
0.200488
0.203444
0.198308
0.198947
0.197194
0.19722
0.201931
0.202121
0.197066
0.196594
0.199462
0.199606
0.199122
0.198723
0.198868
0.998696
0.996967
0.000729347
0.000448566
0.000127432
0.000104244
0.000260364
0.000344373
0.000145894
0.0001421
0.000315717
0.000240695
0.000444226
0.000386026
0.000832119
0.000496982
0.00047973
0.000159157
0.00029468
0.000234991
0.000226581
0.000211042
0.00013414
0.000447438
0.000260703
0.000585025
0.00076747
0.99882
0.998749
0.198907
0.197554
0.203843
0.201879
0.19958
0.200316
0.200442
0.201371
0.195497
0.202204
0.19963
0.197299
0.201779
0.197933
0.197783
0.199481
0.202394
0.20053
0.200082
0.197192
0.206831
0.198939
0.200427
0.199852
0.198631
0.20236
0.195377
0.199382
0.201775
0.20059
0.20103
0.198405
0.199779
0.197787
0.201053
0.199949
0.197886
0.998486
0.00076136
0.000228627
0.000127639
0.000487793
0.000306782
5.89443e-05
0.000141733
0.000172258
0.000157777
0.0004757
0.000159847
0.000829638
0.000522043
0.000394662
0.000285474
0.000255057
0.000260159
9.69935e-05
0.000390363
0.000203408
0.00062255
0.000713574
0.998452
0.998842
0.998583
0.200976
0.19738
0.200364
0.197479
0.200641
0.200822
0.196941
0.199677
0.199808
0.201996
0.198954
0.204517
0.199433
0.201337
0.199193
0.199272
0.200059
0.195968
0.198378
0.200211
0.20081
0.197071
0.201055
0.200081
0.201203
0.200719
0.196676
0.203612
0.196006
0.198421
0.202711
0.198272
0.199117
0.200407
0.198877
0.195618
0.203163
0.201574
0.199372
0.998407
0.998118
0.000397296
0.000426983
0.000340992
0.000502172
0.00035118
0.000356751
0.000589725
0.0004839
0.000414598
0.000475345
0.000495175
0.000301648
0.000233456
0.000300027
0.000316763
0.000252836
0.00017478
0.000710419
0.000839538
0.996855
0.999366
0.998751
0.20155
0.198854
0.199009
0.201901
0.195742
0.197863
0.202596
0.198144
0.200377
0.198853
0.200358
0.198357
0.196298
0.201493
0.197152
0.20018
0.198927
0.200047
0.197157
0.203495
0.195508
0.202618
0.198381
0.197147
0.204181
0.196478
0.199255
0.199672
0.199621
0.201359
0.201193
0.196739
0.202689
0.199366
0.196372
0.199352
0.202771
0.200178
0.19687
0.201044
0.20017
0.200843
0.996225
0.000603904
0.000320254
0.000255607
0.000327442
0.000462949
0.000484217
0.000467565
0.000356793
0.000339842
0.000284768
0.000178343
0.000161748
0.000237874
0.000336436
0.000328606
0.000440533
0.000549268
0.99845
0.99814
0.998162
0.201871
0.199273
0.196164
0.200977
0.197378
0.202453
0.200766
0.201837
0.202901
0.195926
0.00134411
0.000719264
0.000424133
0.000782151
0.000570913
0.000278199
0.000288723
0.000396185
0.000482196
0.00140398
0.196369
0.201149
0.193333
0.204027
0.199501
0.199144
0.197477
0.201462
0.200773
0.201371
0.198428
0.200157
0.200566
0.198693
0.201874
0.202071
0.198415
0.198992
0.201169
0.199852
0.201204
0.200004
0.19612
0.198095
0.997954
0.000822475
0.000683021
0.000513021
0.000218675
0.00063501
0.000331622
0.00030193
0.000320427
0.000388847
0.000203338
0.000201562
3.65881e-05
4.26687e-05
0.000449149
0.000481969
0.998963
0.999138
0.998884
0.200213
0.198377
0.201093
0.201111
0.195797
0.202731
0.196483
0.201239
0.19686
0.198448
0.00150417
0.00087991
0.000525903
0.000626873
0.000344962
0.00033819
0.000213843
8.94514e-05
0.000334083
0.00057208
0.000731815
0.000715661
0.000215474
0.00107751
0.1981
0.19535
0.199103
0.202824
0.199177
0.196876
0.202139
0.199922
0.19706
0.202992
0.198736
0.198037
0.200381
0.19901
0.196517
0.201567
0.200581
0.200684
0.201564
0.198296
0.198409
0.201087
0.995669
0.000435271
0.000287297
0.000166085
0.000373086
0.000304409
0.000464454
0.000175631
0.000213441
0.000364253
0.000175655
0.000254606
0.000497234
0.000440896
0.000635953
0.998917
0.998942
0.201434
0.201695
0.199715
0.200265
0.200743
0.199915
0.198635
0.201881
0.197329
0.206826
0.196805
0.000472406
0.00030932
0.000620106
0.000378571
0.000212077
0.000376443
0.000348345
0.000216131
8.91787e-05
0.000434527
0.000227758
0.0004654
0.000579108
0.000439057
0.000556209
0.00102858
0.000524548
0.197411
0.200439
0.202152
0.198286
0.19855
0.207269
0.193103
0.201855
0.200179
0.198348
0.203135
0.202103
0.198868
0.198661
0.201549
0.196744
0.201733
0.199579
0.198931
0.997949
0.000945698
0.000707519
0.000279642
0.000230015
0.000227497
0.000409895
0.000280294
0.000457288
0.000249777
0.000309221
0.000296813
0.000470852
0.000756567
0.999146
0.999211
0.198058
0.199811
0.197838
0.200815
0.200684
0.198506
0.198632
0.203431
0.197424
0.199107
0.199788
0.199691
0.00104837
0.000564192
0.000343767
0.000411545
0.000319117
0.000387486
0.000244303
0.000180351
0.000144765
0.0002984
0.000650693
0.000513957
0.000372874
0.000232502
0.000788573
0.000450765
0.000251832
0.000739646
0.000914056
0.196251
0.201381
0.20355
0.196928
0.202646
0.197231
0.197326
0.203531
0.198348
0.198149
0.19848
0.203121
0.197937
0.19931
0.197635
0.20071
0.198616
0.19897
0.998534
0.00123218
0.000218193
0.00024662
0.000409479
0.000394947
0.000570749
0.000301832
0.000328746
0.000651979
0.000472296
0.000323947
0.997824
0.998788
0.201722
0.19971
0.200909
0.198016
0.196993
0.203576
0.199933
0.201936
0.196857
0.203556
0.197584
0.202223
0.196187
0.0019576
0.00054163
0.000900211
0.000727865
0.000616922
0.000649059
0.000401504
0.000238173
0.000681281
0.000494168
0.0007358
0.000846969
8.04536e-05
0.000183349
0.000381069
0.000302624
0.000173925
0.000392659
0.000578644
0.000644896
0.199292
0.193735
0.201294
0.20118
0.199715
0.201735
0.197736
0.201936
0.199873
0.201383
0.199987
0.1985
0.202944
0.202343
0.20011
0.202091
0.201625
0.196901
0.996705
0.000707987
0.000584906
0.000399865
0.000731001
0.00104029
0.000408277
0.000429463
0.000224346
0.000458065
0.00214044
0.998894
0.999145
0.200289
0.199782
0.20402
0.200805
0.198623
0.196571
0.202619
0.197784
0.200286
0.197382
0.199228
0.196631
0.201434
0.197479
0.0006752
0.00067707
0.000703234
0.000324616
0.000635969
0.00064869
0.000614578
0.000509885
0.000278636
0.00020629
0.000393821
0.000117541
0.000525967
0.000510086
0.000150628
0.000241782
0.000118819
0.000346776
0.000337925
0.000946429
0.000299573
0.200111
0.196792
0.201345
0.20142
0.19864
0.201744
0.202783
0.198839
0.199159
0.198994
0.201336
0.200828
0.198445
0.200571
0.198981
0.198801
0.997977
0.000634979
0.000262696
0.000363464
0.000912811
0.000961446
0.000350355
0.000474084
0.000856965
0.000604355
0.998682
0.998931
0.197352
0.201488
0.199545
0.198905
0.198907
0.200727
0.198403
0.200331
0.198959
0.202205
0.196916
0.204189
0.200377
0.199501
0.302414
0.297618
0.000764073
0.000504294
0.00130331
0.000747395
0.000224716
0.000553406
0.00021184
0.000189441
0.000167871
0.000373269
0.000195009
0.000341224
0.000526175
0.000410076
0.000313113
0.000253691
0.000513959
0.000787153
0.000716747
0.000927049
0.000989122
0.201814
0.197928
0.201476
0.200157
0.194808
0.20016
0.200327
0.199275
0.19929
0.201365
0.199065
0.199923
0.201278
0.197841
0.199768
0.198575
0.998723
0.000457518
0.00043446
0.000769989
0.000647811
0.000363412
0.000558203
0.00107806
0.000588284
0.998782
0.999391
0.201046
0.19937
0.198109
0.201184
0.204309
0.199164
0.19802
0.201624
0.200456
0.201904
0.199368
0.295121
0.298857
0.30457
0.293334
0.300594
0.297514
0.0997659
0.0973098
0.00163754
0.00063096
0.000474408
0.000451215
0.000600918
0.000469333
0.000387954
0.000230848
0.000325773
0.000523043
0.000467423
0.000429587
0.000381969
0.000401506
0.000753971
0.000318103
0.000445373
0.000280614
0.000983195
0.198446
0.196335
0.201914
0.196403
0.198715
0.198935
0.198198
0.199875
0.203814
0.198536
0.199368
0.200509
0.199356
0.200646
0.19891
0.999007
0.000800003
0.00140722
0.00141101
0.00071617
0.000314823
0.000196783
0.00103618
0.000292936
0.999118
0.999312
0.198798
0.198909
0.200797
0.198159
0.200316
0.198764
0.198689
0.199743
0.200217
0.302175
0.299663
0.306072
0.298355
0.30211
0.297659
0.303298
0.299892
0.297
0.303198
0.0980155
0.0975697
0.000610368
0.000448608
0.000176277
0.000263333
0.000355494
0.000430101
0.000574088
0.00076978
0.000711408
0.000713236
0.000424007
0.000607932
0.000603452
0.000598902
0.000524591
0.00099961
0.00035181
0.199382
0.199676
0.200366
0.202059
0.198525
0.198838
0.201981
0.197856
0.200429
0.198267
0.199307
0.198253
0.199934
0.198163
0.20217
0.997733
0.00061163
0.000998222
0.000277463
0.000264811
0.000528544
0.000242115
0.00133781
0.997
0.998835
0.202606
0.20288
0.196961
0.199988
0.200498
0.197028
0.198687
0.204995
0.198605
0.297875
0.298085
0.301104
0.297205
0.297393
0.300046
0.299154
0.297811
0.299009
0.303423
0.298985
0.301513
0.302351
0.0980132
0.000774339
0.000323391
0.00038935
0.000444344
0.00036423
0.00088189
0.000732973
0.000553764
0.000360635
0.000265989
0.000452607
0.000429615
0.000617888
0.000137064
0.000723996
0.000471767
0.199148
0.199276
0.198786
0.200564
0.197092
0.202856
0.198437
0.298798
0.1991
0.19998
0.20144
0.201004
0.201935
0.201704
0.196917
0.197623
0.998307
0.000484607
0.000825492
0.000477142
0.000920862
0.000338509
0.000626202
0.998496
0.998613
0.198553
0.196561
0.198085
0.203475
0.198594
0.201782
0.201639
0.196387
0.19779
0.300806
0.299156
0.301766
0.298454
0.304056
0.298907
0.300671
0.300037
0.299266
0.301527
0.297199
0.299415
0.300106
0.298945
0.199304
0.00107003
0.000807746
0.00173051
0.00103784
0.000787197
0.000573963
0.000666584
0.000299306
0.000433131
0.000227042
0.000754962
0.000925949
0.000548516
0.000882326
0.000926444
0.200939
0.19959
0.199427
0.204946
0.200227
0.200953
0.300852
0.299765
0.197433
0.198293
0.199614
0.19546
0.198994
0.200455
0.199821
0.201073
0.997867
0.000576672
0.000347957
0.000533212
0.000678312
0.000903228
0.000376275
0.998217
0.998579
0.203764
0.203044
0.198315
0.201669
0.198726
0.20187
0.199642
0.198876
0.299989
0.301169
0.295766
0.30248
0.295681
0.30082
0.300543
0.30051
0.297928
0.300812
0.29887
0.305207
0.295974
0.301392
0.298546
0.299818
0.196326
0.195138
0.196845
0.184593
0.00456044
0.00155723
0.00190384
0.000770193
0.00096816
0.00106767
0.00152383
0.00116855
0.00127628
0.00143632
0.198352
0.202666
0.19899
0.196847
0.201309
0.197532
0.198357
0.200365
0.304424
0.198984
0.201681
0.200197
0.200689
0.200109
0.201557
0.197027
0.199776
0.997961
0.000611881
0.000444524
0.000470772
0.000869754
0.000459575
0.000650649
0.998949
0.998885
0.199303
0.199496
0.196492
0.201268
0.198476
0.196043
0.202056
0.196442
0.298387
0.296594
0.300719
0.29931
0.302907
0.29927
0.298914
0.302549
0.298052
0.297479
0.300998
0.296112
0.301139
0.299847
0.396032
0.404134
0.29687
0.210853
0.19519
0.229944
0.185581
0.301836
0.294984
0.300531
0.199683
0.19811
0.200151
0.196932
0.200114
0.19885
0.198945
0.200545
0.201235
0.199001
0.198641
0.200312
0.200337
0.199192
0.298781
0.198508
0.200574
0.202551
0.199739
0.197686
0.203008
0.198007
0.201343
0.999153
0.00138606
0.00087662
0.000180485
0.000546724
0.000785818
0.00132118
0.999463
0.998644
0.202169
0.199164
0.19858
0.199143
0.200653
0.199882
0.200568
0.199161
0.301884
0.298632
0.299333
0.298153
0.301476
0.297313
0.298636
0.303908
0.297929
0.304144
0.299891
0.304124
0.29765
0.304354
0.398492
0.403503
0.300347
0.21409
0.170922
0.203289
0.192349
0.297575
0.299989
0.2979
0.202697
0.198693
0.202339
0.20262
0.199372
0.199004
0.200554
0.200762
0.195501
0.203463
0.198421
0.19652
0.20284
0.200182
0.302989
0.198647
0.201215
0.195658
0.201016
0.198847
0.201405
0.203852
0.199618
0.998054
0.000741589
0.000675219
0.00049409
0.000511054
0.000541675
0.000635078
0.998629
0.997962
0.198802
0.199633
0.201163
0.201087
0.201217
0.20174
0.195848
0.199718
0.301309
0.299456
0.301162
0.297974
0.30093
0.301917
0.302594
0.295395
0.299821
0.296319
0.300119
0.297619
0.300076
0.300833
0.29789
0.301946
0.195698
0.195962
0.212138
0.203996
0.20028
0.201
0.201347
0.198762
0.197072
0.199622
0.199301
0.195962
0.198237
0.202861
0.201543
0.198571
0.200474
0.196148
0.201894
0.198462
0.201442
0.294983
0.297547
0.201801
0.19757
0.199673
0.198636
0.199603
0.200869
0.197171
0.199932
0.996486
0.00114901
0.000581933
0.000203407
0.000452481
0.000570695
0.00069127
0.998527
0.998638
0.202093
0.200203
0.200041
0.199519
0.199534
0.19882
0.202304
0.201797
0.20269
0.297383
0.296591
0.296615
0.300755
0.297723
0.299015
0.301328
0.300017
0.301581
0.301924
0.300703
0.298313
0.29869
0.300744
0.199523
0.197179
0.19505
0.198658
0.197546
0.196654
0.201504
0.197402
0.000182249
0.000552393
0.201373
0.199971
0.199522
0.20284
0.200937
0.196999
0.201841
0.197277
0.199101
0.199938
0.197544
0.200607
0.303025
0.299997
0.200087
0.19972
0.197305
0.202078
0.200816
0.199157
0.199492
0.199982
0.997509
0.000723189
0.000327758
0.000768246
0.000473437
0.000510843
0.000719034
0.998343
0.998718
0.200856
0.199433
0.202158
0.199826
0.200149
0.196633
0.199769
0.199206
0.201097
0.30071
0.302236
0.304327
0.296823
0.301188
0.303742
0.297301
0.294913
0.30211
0.298229
0.298951
0.29946
0.300052
0.301076
0.199115
0.198833
0.201257
0.0025029
0.000733748
0.000553282
0.000734593
0.000271685
0.000244078
0.00044354
0.000430611
0.00047162
0.00056387
0.19707
0.197362
0.198571
0.199083
0.201114
0.200868
0.20105
0.199356
0.199962
0.197526
0.198896
0.198157
0.198204
0.201644
0.197501
0.199415
0.200441
0.200183
0.202399
0.997246
0.000557961
0.000544804
0.000809813
0.000218549
0.000515423
0.00086836
0.000697325
0.998987
0.998977
0.198403
0.199835
0.199709
0.199071
0.203466
0.19881
0.201904
0.201251
0.200381
0.295734
0.299554
0.300411
0.295748
0.298948
0.302314
0.302113
0.30044
0.299469
0.301267
0.299002
0.300156
0.197704
0.198142
0.000584972
0.000530497
0.000598723
0.000671383
0.000363161
0.000297014
0.000483274
0.000536043
0.00095219
0.000527512
0.000471673
0.000929753
0.199425
0.20209
0.200574
0.200363
0.198435
0.200527
0.200686
0.198174
0.20149
0.200702
0.203441
0.199739
0.200039
0.200399
0.200313
0.19839
0.20205
0.201546
0.998047
0.00159716
0.000445142
0.000556414
0.000395566
0.000381511
0.000557845
0.000640154
0.000936439
0.999092
0.998824
0.200581
0.20064
0.201539
0.199773
0.198378
0.197505
0.1989
0.199752
0.199112
0.201775
0.199732
0.299553
0.302229
0.299647
0.299196
0.298501
0.300273
0.299811
0.298246
0.201331
0.19872
0.000672918
0.000818285
0.000528957
0.000365557
0.000269877
0.00032531
0.000252615
0.00026479
0.000604117
0.000709371
0.000390804
0.000736374
0.000700988
0.000677829
0.198804
0.198322
0.19995
0.199579
0.201349
0.200556
0.199003
0.201396
0.199313
0.200877
0.198372
0.202335
0.201102
0.200181
0.200993
0.201708
0.198513
0.198812
0.998273
0.000700665
0.000902873
0.000373813
0.000160361
0.000348876
0.00011954
0.00029404
0.000578016
0.997793
0.998141
0.201351
0.201779
0.199553
0.201136
0.200951
0.198608
0.195937
0.200672
0.198627
0.19961
0.201816
0.20105
0.195091
0.197936
0.300559
0.299737
0.201761
0.199088
0.201606
0.000427158
0.000511747
0.000583821
0.000356464
0.000129658
0.000393531
0.000534652
0.000592512
0.000612296
0.000385041
0.000465499
0.00036119
0.000472716
0.000734008
0.000977799
0.199913
0.198846
0.201665
0.198423
0.200613
0.202271
0.196153
0.198211
0.201565
0.198303
0.198602
0.202185
0.201018
0.197034
0.202256
0.19833
0.196308
0.199566
0.198646
0.998166
0.0007246
0.000575235
0.000227898
0.000280399
0.000595794
0.000503985
0.000297205
0.000117746
0.00116204
0.99885
0.999186
0.199826
0.198502
0.196628
0.199305
0.200367
0.200538
0.200713
0.197377
0.20434
0.200022
0.199684
0.202738
0.200225
0.197783
0.204751
0.196793
0.198284
0.000661492
0.000242812
0.000658061
0.000587725
0.000500586
0.000289996
0.000520335
0.000449612
0.000408578
0.000508223
0.00038681
0.000383917
0.000302496
0.000755433
0.00159172
0.195484
0.202066
0.199967
0.200752
0.19806
0.200133
0.200063
0.205537
0.203093
0.197999
0.200793
0.198429
0.200019
0.196587
0.199489
0.195817
0.200257
0.19965
0.203212
0.99801
0.00115667
0.000560315
0.000667949
0.000212109
0.000418164
0.000598583
0.000337557
0.000172595
0.000345581
0.000200182
0.998293
0.998885
0.19907
0.198982
0.201132
0.202321
0.198789
0.199119
0.199152
0.200717
0.197624
0.200448
0.198614
0.201235
0.201183
0.197534
0.195689
0.200291
0.00111355
0.000211393
0.000257955
0.000407812
0.000215209
0.000318392
0.000393966
0.000201458
0.000445755
0.000537871
0.000815232
0.000699829
0.000980917
0.000735711
0.199414
0.198448
0.20253
0.199006
0.203
0.201701
0.200917
0.20162
0.195043
0.197428
0.198271
0.198889
0.201017
0.202112
0.199831
0.201833
0.203871
0.200177
0.198278
0.197492
0.199941
0.995541
0.00101965
0.000617718
0.000678542
0.000659636
0.000283759
0.000160903
0.000538993
6.24105e-05
0.000520462
0.000384603
0.000860045
0.997376
0.998803
0.20283
0.199072
0.200433
0.199335
0.201377
0.199608
0.201185
0.201339
0.195995
0.201749
0.199552
0.203343
0.197066
0.20184
0.195556
0.000721441
0.000551053
0.000257514
0.000430774
0.000363362
0.00034103
0.00044331
0.000360876
0.000648073
0.000437041
0.00063752
0.001492
0.198204
0.19679
0.198196
0.199044
0.199379
0.200674
0.19566
0.198646
0.200346
0.200775
0.203648
0.202326
0.197974
0.199583
0.196099
0.201624
0.197661
0.198345
0.197828
0.20222
0.200416
0.200241
0.997505
0.000855839
0.000569104
0.00046212
0.000401941
0.000396655
0.000501363
0.000228329
0.000371973
0.000128562
0.000354965
0.000286814
0.000608219
0.000703763
0.998034
0.998886
0.200014
0.198594
0.201147
0.197712
0.199067
0.201001
0.199963
0.20186
0.199703
0.196711
0.199763
0.202921
0.199044
0.201557
0.00127912
0.000916077
0.000468289
0.000626571
0.000916888
0.000455957
0.000448421
0.000387898
0.0014794
0.196809
0.197239
0.202153
0.198321
0.203252
0.195466
0.204563
0.19615
0.203898
0.199652
0.202354
0.194466
0.201579
0.196804
0.198828
0.199175
0.199395
0.200565
0.199242
0.20126
0.202318
0.198243
0.19965
0.199045
0.998151
0.000848981
0.000350982
0.000636451
0.000343059
0.000106328
0.000623406
0.000313321
0.00054286
0.000600844
0.000281624
0.000327027
0.000213621
0.000580905
0.000729764
0.99567
0.999362
0.99895
0.200087
0.202832
0.195699
0.202166
0.195242
0.20088
0.201037
0.201422
0.200934
0.20508
0.196517
0.201273
0.200233
0.200253
0.199833
0.199341
0.199606
0.199498
0.198221
0.200006
0.197829
0.200268
0.201313
0.200182
0.195755
0.203395
0.198729
0.201197
0.198984
0.198001
0.198211
0.200193
0.199564
0.20235
0.198377
0.201842
0.201017
0.195283
0.202259
0.199062
0.198965
0.195648
0.198438
0.199919
0.202035
0.201475
0.996422
0.000693864
0.000289941
0.000557956
0.000151693
0.00019794
0.000250649
0.000229853
0.000415372
0.000356334
0.000309371
0.000347263
0.000414107
0.000362165
0.000591873
0.00174056
0.998673
0.999022
0.998514
0.200525
0.20129
0.196631
0.20509
0.201231
0.198373
0.196073
0.199751
0.192943
0.200336
0.198686
0.197149
0.195912
0.203993
0.198021
0.201873
0.199215
0.198345
0.200682
0.198114
0.202641
0.196586
0.198175
0.199674
0.195004
0.204002
0.200389
0.199948
0.202035
0.201205
0.197468
0.199834
0.200282
0.201224
0.196066
0.198932
0.198612
0.198766
0.201213
0.20254
0.200332
0.199596
0.200093
0.198355
0.996921
0.000709887
0.00024147
6.98206e-05
0.000284311
0.000466093
0.000384636
0.000433293
0.000268151
0.00047935
0.000490799
0.000280347
0.000628256
0.000581364
0.000206119
0.000165261
0.000933425
0.001236
0.999228
0.998973
0.999471
0.199836
0.199324
0.195021
0.20104
0.201353
0.200405
0.202257
0.202508
0.202969
0.196276
0.202646
0.19983
0.196679
0.197609
0.196988
0.200964
0.200849
0.199255
0.199534
0.196965
0.199165
0.197309
0.198939
0.200451
0.196788
0.198993
0.196793
0.199745
0.200407
0.19969
0.20026
0.19963
0.20213
0.20153
0.200271
0.20406
0.197577
0.2
0.199122
0.200644
0.198306
0.20207
0.997059
0.000469067
0.000184738
0.000126693
0.000262148
0.000175133
0.000145122
0.000542641
0.000285456
0.000404505
0.000228995
0.000623484
0.000704569
0.000369931
0.000568784
0.000129454
0.000242727
0.000863485
0.000563236
0.000618811
0.998904
0.998678
0.999107
0.199787
0.202096
0.201584
0.19783
0.20033
0.198961
0.194448
0.200646
0.197786
0.198327
0.197356
0.202232
0.200462
0.198581
0.204464
0.197186
0.201615
0.201581
0.201196
0.200012
0.206206
0.200252
0.201168
0.202386
0.202096
0.201646
0.199796
0.19696
0.196837
0.197613
0.201475
0.197628
0.202769
0.194109
0.200403
0.199902
0.200256
0.197857
0.201607
0.997158
0.998567
0.000808475
0.00023587
0.000355825
0.000107827
0.000161049
0.000248125
0.00056242
0.000219648
0.00036491
0.00061655
0.000222354
0.000531512
0.000414163
0.000312166
0.000346191
0.000191773
0.000402158
0.000259011
0.000632168
0.000842416
0.00116801
0.0017151
0.998904
0.998316
0.201456
0.195929
0.200836
0.195996
0.202684
0.200191
0.20144
0.202456
0.199652
0.203194
0.197957
0.20194
0.199026
0.200397
0.198673
0.199701
0.198099
0.203953
0.198574
0.197233
0.199576
0.202211
0.19966
0.196234
0.198788
0.199333
0.204836
0.202703
0.200543
0.203246
0.199568
0.200663
0.200544
0.197392
0.200888
0.201367
0.201172
0.997398
0.000771167
0.000407205
0.000351654
0.000547932
0.000378988
0.000291876
0.000458501
0.000259141
0.000449576
0.000365265
0.000767655
0.000671051
0.000293569
0.000163786
0.000553503
0.000349005
0.000230556
0.000335319
0.000275097
0.00040168
0.000394129
0.000395402
0.00044434
0.00101777
0.000559763
0.996692
0.99884
0.998842
0.199672
0.200265
0.202562
0.195543
0.19721
0.20022
0.194463
0.199081
0.197044
0.201246
0.201219
0.203544
0.197383
0.200307
0.200636
0.2041
0.202198
0.199231
0.199836
0.198569
0.202499
0.200084
0.197745
0.202168
0.197722
0.199509
0.198397
0.203636
0.192839
0.199484
0.199519
0.202012
0.199451
0.995765
0.992881
0.000643625
0.00025862
0.00031576
0.000204796
0.000297569
0.000351852
0.000196583
0.000121117
0.000151622
0.000279079
0.000592701
0.000865428
0.000512145
0.00019472
0.000121473
0.000266208
0.000391642
0.000322807
0.000309962
0.000315292
0.000302467
0.0002089
0.000243256
0.000310448
0.000319544
0.000525722
0.000401326
0.000685114
0.998316
0.998758
0.998406
0.199989
0.201633
0.201123
0.197303
0.204567
0.200403
0.20094
0.200613
0.200449
0.199846
0.201566
0.199213
0.197565
0.193301
0.199428
0.200847
0.199342
0.200478
0.197418
0.198648
0.199388
0.2016
0.201414
0.199294
0.201431
0.201738
0.202487
0.201726
0.198272
0.199439
0.99772
0.000467861
0.000314941
0.000463525
0.000296196
0.000227072
0.000178876
0.000194
0.000138614
9.66207e-05
0.000314479
0.000362815
0.000200998
0.000590644
0.000658263
0.000237546
0.000243351
0.000220304
0.000289713
0.000339739
0.000349101
0.000332055
0.000337209
0.000286157
0.000281813
0.00018938
0.000225195
0.000251948
0.000403643
0.000253758
0.000875768
0.000671699
0.00115002
0.997727
0.998764
0.99879
0.201942
0.200706
0.198987
0.196676
0.199573
0.19512
0.204063
0.199946
0.198111
0.199521
0.199873
0.202606
0.201301
0.201803
0.200981
0.202556
0.199057
0.199868
0.196733
0.199535
0.199322
0.197891
0.200884
0.198175
0.197603
0.998238
0.996253
0.000617055
0.000351892
0.000211392
0.000175209
0.000395908
0.000191896
0.0002199
0.000327808
0.00024128
0.00024495
0.00029466
0.000507318
0.000200662
0.000794254
0.000539567
0.000246865
0.000448121
0.000510845
0.000180645
0.000138889
0.000348133
0.000309341
2.86537e-05
9.55719e-05
0.000238176
9.38863e-05
0.000372607
0.000125382
1.94693e-05
0.000110479
0.000574287
0.000507012
0.000261208
0.000364738
0.0010454
0.000873308
0.9971
0.998173
0.999033
0.999397
0.201721
0.202395
0.200077
0.200213
0.199258
0.197676
0.199816
0.198977
0.200738
0.197706
0.19898
0.194986
0.199775
0.201006
0.199029
0.201434
0.200277
0.201405
0.201278
0.997387
0.997998
0.998135
0.000887059
0.000638915
0.000617789
0.000494577
0.000374383
0.00034266
0.000327478
0.0001148
6.88272e-05
0.000372794
0.000204593
0.000215752
0.000222069
0.000298063
0.000391048
0.000299315
0.000624847
0.00045393
0.000779992
0.000376022
0.000322461
0.000203009
0.000270204
0.0002352
0.000135481
6.92926e-05
0.000522885
0.000390435
0.000285366
0.000312743
0.000184144
0.000269426
0.000341764
0.000543643
0.000519391
0.00040407
0.000516079
0.000505444
0.000432376
0.000611683
0.00147353
0.997595
0.997404
0.996473
0.997288
0.997355
0.200466
0.198902
0.202904
0.196864
0.199918
0.200016
0.201432
0.201857
0.200386
0.197235
0.198646
0.998745
0.996431
0.996641
0.997629
0.00100608
0.000466059
0.000161038
0.000357672
0.000854534
0.000409467
0.000278688
0.000424676
0.000368059
0.000334269
3.24162e-05
0.00013051
0.000279723
0.000103519
1.65383e-05
0.000290344
0.000156494
0.000187145
0.000522294
0.000575223
0.000394458
0.000434886
0.000796875
0.000401598
0.000303576
0.000237918
0.000438662
0.000165534
0.000110797
7.47161e-05
0.000416421
0.000416197
0.000404846
0.000290716
0.000313392
0.000331005
0.000424812
0.00028731
0.000239012
0.000430362
0.000447526
0.000361805
0.00057156
0.000316605
0.00118423
0.000791563
0.000899819
0.000920464
0.000888223
0.00143505
0.992946
0.997742
0.997987
0.998564
0.997728
0.998058
0.996268
0.995263
0.00096772
0.00121357
0.000732077
0.000331663
0.000709969
0.00112885
0.000642466
0.000507986
0.0003634
0.000657337
0.000605649
0.000565404
0.000447798
0.000342209
0.000157265
0.000233189
0.000344753
9.72458e-05
0.000186477
9.41605e-05
0.000178247
0.000135204
0.000297783
0.000412875
0.000535141
0.000172236
0.00047555
0.000794377
0.000552356
0.00034631
0.000529207
0.000166982
0.000580238
0.000281861
0.000269045
0.00025434
0.000212968
0.000341335
0.000131525
0.000296909
0.000258246
0.000143162
0.00016291
0.000216041
0.000340007
0.000162896
0.00019221
0.000662703
0.000212127
0.00026886
0.000562197
0.000365394
0.000282865
0.000319741
0.000253123
0.000381895
0.00109607
0.000407364
0.00126425
0.000451329
0.000851853
0.00120138
0.00184973
0.000527321
0.00056131
0.000409375
0.000426161
0.000740419
0.000217491
0.000744343
0.000800269
0.000314217
0.000311778
0.000487008
0.000283998
0.000403785
0.000275479
0.000262715
0.00019719
0.000253695
0.000127058
0.000203429
0.000205017
0.000148627
0.000384466
0.000322567
0.000296436
0.000310717
0.000394934
0.000287481
0.000509601
0.000323724
0.000603105
0.000527874
0.000349779
0.00051299
0.000206973
0.000396739
6.82035e-05
0.000110099
9.09221e-05
0.000305733
0.000429265
0.000469878
0.000157171
0.00028369
0.000412321
0.000248589
0.000589
0.000180881
0.000281427
0.00042398
0.000247997
0.000302579
0.000325185
0.000268913
0.000242885
0.000396281
0.000777068
0.000441903
0.000584037
0.000422912
0.000388503
0.00057852
0.000364585
0.00108468
0.000673495
0.000306924
0.000226087
0.000350772
0.000284308
0.000178886
0.00025869
0.000352808
0.000320374
0.000351674
0.000707839
0.000542891
0.00044606
0.000404862
0.000224302
0.000251316
7.41094e-05
8.05202e-05
3.48069e-05
0.000357717
0.00024534
0.000400584
0.000251578
0.000278723
0.000465116
0.000199193
0.000167421
0.000616738
0.000328021
0.000408771
0.000139168
0.000589259
5.65934e-05
0.000238252
0.000611592
0.000307271
0.000137075
0.000132598
0.000123251
0.00019511
0.000433839
0.000259204
0.000453448
0.000194525
0.00027045
0.000273831
0.000471349
0.000207076
0.000267895
0.000239703
0.000240639
0.000258677
0.000478579
0.000301455
0.000208276
0.000570512
0.000157779
0.000517212
0.000114552
0.000857879
0.000435068
0.000346191
0.000225741
0.000442462
0.000405684
0.000255017
0.000355557
0.000320387
0.000166552
0.000256723
0.000556651
0.000251933
0.000483539
0.000424374
0.000460572
0.000383519
0.000400242
0.000547998
0.000213632
0.0002362
0.000182097
0.000287665
0.00022811
0.000270009
0.000273709
0.000253085
0.000112659
0.000447106
0.000386409
0.000727782
0.000516725
0.00052049
0.000517489
0.000194304
9.63204e-05
0.000103075
0.000451696
1.91336e-05
0.000316861
0.000734145
0.000448798
0.000178496
0.000116299
0.000142386
0.000195233
0.000430725
0.000356695
0.000320373
8.59586e-05
0.000372337
0.000335159
0.00019219
0.000498692
0.000471402
0.000370205
0.00068741
0.000451907
0.000342442
0.000271679
0.000282448
0.00015519
0.000311163
0.000206279
0.000565142
0.000524813
0.000199435
0.000478229
0.000291904
0.000547516
0.000359104
0.000430477
0.000367946
0.000405144
0.000313091
0.000337506
0.000251703
0.000579487
0.000220528
0.000284582
0.000265896
0.000347843
7.87301e-05
0.000358288
0.000410086
0.000269806
0.000235503
0.000224983
0.000411373
0.000338434
0.000400753
0.000456255
0.000433547
0.000603766
0.000355601
0.000842793
0.000386497
0.000182197
5.7278e-05
0.000963183
7.74794e-05
0.000214988
0.00040089
5.58224e-05
0.000157206
0.000733613
0.000444173
7.6525e-05
0.000407271
0.000164803
0.000301292
0.000434111
0.000363145
0.000263204
0.000176988
0.000176756
0.000154753
0.000258626
0.00029549
0.000371903
0.000433447
0.000538549
0.000425221
0.000261569
0.000140206
6.79965e-05
0.000455975
0.00043901
0.000365551
0.00034432
0.000605481
0.000135241
0.000310631
0.000416658
0.000401073
0.000365478
0.000133762
0.000105428
0.000288288
0.000293034
0.000318171
0.000173756
0.00023879
0.000565332
0.000393301
0.000167736
0.000175545
0.00026237
0.000236524
0.000158032
0.000313683
0.00047924
0.000354087
0.000236081
0.000316808
0.000312256
0.000578145
0.000511636
0.000521392
0.000339892
0.000171728
0.000167582
0.000712066
0.000455589
0.000598542
0.000466819
0.000252157
0.000310551
0.00023286
0.000304186
0.000221509
0.000408944
0.000149994
0.00042489
0.000314936
0.000238232
0.000108842
0.000373282
9.9406e-05
0.000308704
0.0001702
0.000307822
0.000417057
0.000504665
0.00055153
0.000609628
0.000278539
8.23392e-05
0.000119165
0.000111688
0.000217457
0.000368532
4.66818e-05
0.000314032
0.000515023
0.000569838
0.000377949
0.000126029
0.00040772
0.000140352
0.000150497
0.000175841
0.000188021
0.000247552
0.000167193
0.000262123
0.000220338
0.000326261
0.000140216
9.96827e-05
0.000252959
9.00931e-05
0.00021885
0.000227138
0.000307463
0.000139213
0.000332345
0.00019486
0.000179639
0.00062046
0.00032668
0.000401441
0.000940767
0.000493997
0.000390679
0.000431067
0.00118813
0.000703505
0.00101508
0.000247782
0.000174236
0.000284432
0.000194559
0.00014761
0.000428132
4.64519e-05
0.000379994
0.000171001
0.000377177
0.000379242
0.000247404
0.000545104
0.000403447
0.000352309
0.000217833
0.000229198
0.000315534
0.000382132
0.000207229
0.000104857
0.000232671
4.81584e-05
0.000236279
0.000308928
0.000119073
0.000211657
5.70761e-05
0.000258594
0.000198513
0.000491713
0.00019905
0.000292086
0.000240023
0.000376712
0.000238632
0.00017943
0.000161244
0.000144777
0.000406914
0.000239327
0.000253482
0.000174311
9.12219e-05
0.000296589
0.000233898
7.26129e-05
0.000263601
0.000353792
0.000190751
0.000429621
0.000171508
0.000279895
0.00110347
0.000500011
0.000329888
0.000718153
0.000361694
0.000146843
0.000773919
0.000724533
0.000704924
0.00109088
0.00142287
0.000713427
0.000642529
0.00019932
0.000180643
0.000474936
0.000439762
0.000489551
0.000290919
0.000230098
0.000573021
0.000380973
0.000630294
0.000527122
0.000241482
0.000485213
0.000331533
0.000247983
0.000161198
0.000230365
0.00029373
0.000506914
0.000255031
0.000181263
0.000267789
0.000436865
7.15018e-05
0.000182101
0.000212307
0.000247101
0.000402233
0.00036295
0.000293531
0.000238786
0.000336307
0.000559414
0.000413281
0.000303383
0.000472512
0.000372468
0.000473612
0.000692841
0.000250147
0.000166898
0.000117403
0.000262558
0.000177316
0.000184283
0.000719923
0.000654886
0.000480505
0.000785343
0.000754543
0.000803162
0.000438024
5.00742e-05
0.000251804
0.000581196
0.000242075
0.000816111
0.000741791
0.000724304
0.000435595
0.00196934
7.83152e-05
0.000871875
0.000939441
0.000698903
0.000558036
0.000279672
0.000642161
0.000447127
0.000751646
0.000316915
5.64609e-05
0.000380397
0.000490462
0.000482733
0.000332432
0.000359186
0.000494538
0.000557433
0.000278983
0.0002551
0.000299773
0.000284025
0.000478624
0.000649666
0.000531276
0.000128034
0.000256218
0.000302851
0.000397614
0.000215807
0.000200155
0.000455207
0.000187635
0.000566336
7.45686e-05
0.000555434
0.000457017
0.000218128
0.000236341
0.000412173
0.000117484
0.000312644
0.000200897
0.000313722
0.000364973
0.000260917
0.000260533
0.000412307
0.000310483
0.000355035
0.000454394
0.000527062
0.000532293
0.000590596
0.000222084
0.000637498
0.000359138
0.000129793
0.000576084
0.0007279
0.000542291
5.07427e-05
0.00117447
0.00633403
0.00139932
0.000372193
0.000618851
0.00051139
5.51728e-05
0.000705289
0.000702676
0.000358234
0.000175318
0.000646431
0.000238704
0.000204403
0.00029562
0.000700865
0.000477434
5.33566e-05
0.000371955
0.000307559
0.000367481
0.000390824
0.000413965
0.00016308
0.000580134
0.000436442
0.000490095
0.000153469
0.000220541
0.000352508
0.000291488
0.000107867
0.000284808
0.000382919
0.000467156
0.000633985
0.000632108
0.000667526
0.000330178
0.000332517
0.00031062
0.000636181
0.00047183
0.000467604
0.000233844
0.000307411
0.000347161
0.000488204
0.000636837
0.000321507
0.000519747
0.000557227
0.000686478
0.000542312
0.000357351
0.000234968
0.000400965
9.47508e-05
0.000521039
0.000605295
0.000478128
0.00063163
9.36938e-05
0.000436977
0.00216902
