1 61545.8
100001 17964.8
200001 18102.5
300001 18213.2
400001 18490.7
500001 18663.7
600001 17652.9
700001 15756.2
800001 14012.7
900001 12340.1
1000001 11023.9
1100001 10037.2
1200001 9371.75
1300001 9078.96
1400001 8891.64
1500001 8398.61
1600001 7642.08
1700001 6704.88
1800001 5863.33
1900001 5561.87
2000001 6058.68
2100001 6390.93
2200001 6534.09
2300001 6603.26
2400001 6602.64
2500001 6234.44
2600001 5706.88
2700001 5227.47
2800001 4640.14
2900001 4390.21
3000001 4372.11
3100001 4338.95
3200001 4341.13
3300001 4317.78
3400001 4133.35
3500001 3818.24
3600001 3405.33
3700001 3028.84
3800001 2987.61
3900001 3185.75
4000001 3305.67
4100001 3360.82
4200001 3392.37
4300001 3356.26
4400001 3188.33
4500001 2952.99
4600001 2685.66
4700001 2402.83
4800001 2369.33
4900001 2398.85
5000001 2410.16
5100001 2427.91
5200001 2402.68
5300001 2299.28
5400001 2139.13
5500001 1946.45
5600001 1791.04
5700001 1815.29
5800001 1904.58
5900001 1947.56
6000001 1971.42
6100001 1998.85
6200001 1964.91
6300001 1872.59
6400001 1735.56
6500001 1593.52
6600001 1448.88
6700001 1480.96
6800001 1509.14
6900001 1521.15
7000001 1531.01
7100001 1515.79
7200001 1458.42
7300001 1371.42
7400001 1252.28
7500001 1168.4
7600001 1185.17
7700001 1224.93
7800001 1250.43
7900001 1276.94
8000001 1295.23
8100001 1273.92
8200001 1215.29
8300001 1135.17
8400001 1035.92
8500001 987.447
8600001 1027.79
8700001 1046.87
8800001 1057.79
8900001 1071.2
9000001 1067.1
9100001 1027.36
9200001 964.267
9300001 879.035
9400001 828.034
9500001 830.874
9600001 856.042
9700001 877.805
9800001 904.973
9900001 920.801
10000001 913.884
10100001 868.046
10200001 810.484
10300001 736.286
10400001 725.748
10500001 756.287
10600001 770.94
10700001 784.334
10800001 800.54
10900001 805.894
11000001 767.994
11100001 711.402
11200001 653.748
11300001 618.609
11400001 632.1
11500001 656.325
11600001 679.942
11700001 707.305
11800001 729.783
11900001 718.48
12000001 674.791
12100001 625.678
12200001 562.87
12300001 571.956
12400001 595.782
12500001 611.595
12600001 630.591
12700001 650.836
12800001 650.729
12900001 612.975
13000001 563.346
13100001 511.614
13200001 493.93
13300001 522.457
13400001 548.237
13500001 575.29
13600001 606.105
13700001 623.091
13800001 604.118
13900001 562.077
14000001 514.946
14100001 463.316
14200001 479.458
14300001 501.618
14400001 520.753
14500001 548.045
14600001 565.654
14700001 557.785
14800001 521.398
14900001 474.687
15000001 424.42
15100001 426.546
15200001 461.23
15300001 489.126
15400001 516.973
15500001 547.448
15600001 557.796
15700001 533.462
15800001 493.179
15900001 441.157
16000001 403.981
16100001 428.031
16200001 451.476
16300001 474.559
16400001 504.089
16500001 519.111
16600001 505.17
16700001 466.781
16800001 423.517
16900001 378.063
17000001 394.762
17100001 429.307
17200001 458.691
17300001 486.719
17400001 514.738
17500001 518.288
17600001 486.879
17700001 447.093
17800001 391.005
17900001 371.367
18000001 402.082
18100001 427.683
18200001 453.351
18300001 484.588
18400001 494.11
18500001 473.234
18600001 434.947
18700001 392.793
18800001 354.481
18900001 381.972
19000001 413.366
19100001 441.636
19200001 472.655
19300001 497.69
19400001 491.613
19500001 456.3
19600001 413.942
19700001 357.988
19800001 357.828
19900001 391.239
20000001 418.306
20100001 444.931
20200001 474.387
20300001 478.74
20400001 452.287
20500001 415.206
20600001 366.29
20700001 342.947
20800001 376.266
20900001 408.942
21000001 435.102
21100001 468.063
21200001 486.897
21300001 471.353
21400001 433.672
21500001 389.283
21600001 339.383
21700001 356.557
21800001 388.336
21900001 415.923
22000001 446.362
22100001 471.524
22200001 468.214
22300001 437.874
22400001 399.803
22500001 348.148
22600001 339.89
22700001 377.794
22800001 406.142
22900001 434.808
23000001 467.266
23100001 477.792
23200001 455.774
23300001 416.69
23400001 369.349
23500001 332.586
23600001 359.238
23700001 389.821
23800001 417.086
23900001 449.432
24000001 470.68
24100001 459.74
24200001 425.615
24300001 386.314
24400001 335.426
24500001 342.9
24600001 378.997
24700001 407.917
24800001 437.728
24900001 467.501
25000001 470.345
25100001 443.744
25200001 402.643
25300001 351.969
25400001 330.44
25500001 363.534
25600001 393.529
25700001 421.689
25800001 454.868
25900001 469.737
26000001 451.594
26100001 416
26200001 373.978
26300001 327.898
26400001 349.272
26500001 385.098
26600001 412.36
26700001 443.291
26800001 469.685
26900001 462.891
27000001 431.787
27100001 390.439
27200001 337.164
27300001 333.552
27400001 368.782
27500001 399.858
27600001 427.376
27700001 459.091
27800001 467.103
27900001 442.779
28000001 405.742
28100001 359.19
28200001 326.389
28300001 357.193
28400001 388.644
28500001 417.287
28600001 450.492
28700001 471.017
28800001 456.35
28900001 420.776
29000001 378.81
29100001 328.339
29200001 339.882
29300001 375.133
29400001 403.411
29500001 434.204
29600001 463.836
29700001 462.552
29800001 434.424
29900001 396.292
30000001 344.631
30100001 328.845
30200001 364.49
30300001 394.809
30400001 422.87
30500001 456.286
30600001 469.871
30700001 449.845
30800001 411.65
30900001 368.857
31000001 324.113
31100001 347.99
31200001 381.075
31300001 408.979
31400001 441.995
31500001 465.098
31600001 458.212
31700001 425.478
31800001 386.405
31900001 333.861
32000001 335.12
32100001 371.039
32200001 400.815
32300001 429.457
32400001 461.63
32500001 466.511
32600001 439.939
32700001 403.113
32800001 352.097
32900001 324.543
33000001 358.788
33100001 387.266
33200001 415.732
33300001 449.882
33400001 467.302
33500001 452.844
33600001 417.757
33700001 375.495
33800001 326.55
33900001 342.845
34000001 377.312
34100001 405.712
34200001 436.841
34300001 464.682
34400001 461.65
34500001 431.626
34600001 392.247
34700001 339.57
34800001 328.181
34900001 364.569
35000001 394.333
35100001 422.308
35200001 456.234
35300001 465.763
35400001 445.855
35500001 408.956
35600001 363.37
35700001 324.259
35800001 351.473
35900001 385.853
36000001 412.247
36100001 444.815
36200001 466.754
36300001 456.084
36400001 422.394
36500001 382.023
36600001 329.303
36700001 334.979
36800001 371.451
36900001 400.66
37000001 430.244
37100001 461.253
37200001 464.063
37300001 437.178
37400001 400.115
37500001 352.097
37600001 325.917
37700001 359.325
37800001 390.007
37900001 419.865
38000001 451.695
38100001 466.531
38200001 449.911
38300001 416.206
38400001 371.806
38500001 324.215
38600001 344.007
38700001 378.55
38800001 406.177
38900001 439.452
39000001 465.915
39100001 460.228
39200001 428.931
39300001 390.036
39400001 337.242
39500001 330.903
39600001 366.709
39700001 396.175
39800001 424.961
39900001 457.5
40000001 465.157
40100001 442.536
40200001 404.822
40300001 357.945
40400001 323.761
40500001 352.785
40600001 384.846
40700001 412.512
40800001 445.828
40900001 466.93
41000001 455.56
41100001 420.561
41200001 380.278
41300001 327.782
41400001 338.141
41500001 373.363
41600001 402.456
41700001 432.549
41800001 462.043
41900001 462.793
42000001 433.148
42100001 396.264
42200001 344.906
42300001 328.535
42400001 361.316
42500001 390.908
42600001 419.639
42700001 453.377
42800001 466.873
42900001 447.809
43000001 411.984
43100001 368.115
43200001 324.135
43300001 347.051
43400001 380.416
43500001 408.782
43600001 442.781
43700001 464.652
43800001 458.343
43900001 425.907
44000001 387.063
44100001 333.929
44200001 332.807
44300001 368.808
44400001 398.022
44500001 426.305
44600001 458.685
44700001 465.764
44800001 441.926
44900001 403.239
45000001 355.139
45100001 324.43
45200001 356.567
45300001 386.76
45400001 415.149
45500001 449.078
45600001 466.677
45700001 452.556
45800001 417.648
45900001 376.982
46000001 325.786
46100001 340.17
46200001 375.102
46300001 405.614
46400001 434.738
46500001 462.665
46600001 462.513
46700001 432.339
46800001 395.388
46900001 342.55
47000001 327.756
47100001 363.872
47200001 393.119
47300001 421.698
47400001 455.108
47500001 466.059
47600001 445.276
47700001 409.664
47800001 366.794
47900001 323.931
48000001 349.897
48100001 382.249
48200001 410.462
48300001 442.172
48400001 467.066
48500001 457.305
48600001 423.354
48700001 384.682
48800001 331.712
48900001 334.416
49000001 370.345
49100001 399.652
49200001 428.678
49300001 459.725
49400001 463.804
49500001 438.08
49600001 399.881
49700001 350.356
49800001 324.844
49900001 357.934
50000001 390.502
50100001 416.801
50200001 449.988
50300001 466.839
50400001 451.127
50500001 415.395
50600001 373.851
50700001 324.603
50800001 343.358
50900001 376.81
51000001 406.071
51100001 437.633
51200001 464.049
51300001 460.161
51400001 430.112
51500001 391.062
51600001 338.451
51700001 329.72
51800001 367.139
51900001 395.213
52000001 423.855
52100001 456.192
52200001 466.319
52300001 443.785
52400001 407.072
52500001 360.603
52600001 324.135
52700001 352.212
52800001 383.691
52900001 411.924
53000001 445.278
53100001 465.973
53200001 455.261
53300001 421.289
53400001 382.055
53500001 329.526
53600001 336.448
53700001 372.39
53800001 401.046
53900001 431.037
54000001 460.973
54100001 463.139
54200001 437.621
54300001 397.987
54400001 347.07
54500001 325.589
54600001 359.625
54700001 392.611
54800001 418.864
54900001 452.523
55000001 466.798
55100001 448.936
55200001 412.504
55300001 372.17
55400001 324.189
55500001 345.204
55600001 380.701
55700001 408.247
55800001 438.965
55900001 465.695
56000001 458.947
56100001 428.443
56200001 388.212
56300001 334.84
56400001 331.121
56500001 367.005
56600001 398.445
56700001 425.821
56800001 458.258
56900001 465.682
57000001 441.414
57100001 404.216
57200001 356.653
57300001 323.722
57400001 354.073
57500001 385.536
57600001 414.054
57700001 447.581
57800001 468.342
57900001 453.685
58000001 420.773
58100001 377.892
58200001 327.461
58300001 338.979
58400001 374.581
58500001 403.334
58600001 433.487
58700001 463.461
58800001 461.762
58900001 433.635
59000001 394.985
59100001 343.747
59200001 326.894
59300001 361.923
59400001 392.437
59500001 420.717
59600001 454.231
59700001 466.363
59800001 448.707
59900001 410.796
60000001 369.089
60100001 323.534
60200001 347.518
60300001 380.992
60400001 409.189
60500001 441.27
60600001 465.598
60700001 457.506
60800001 425.009
60900001 385.474
61000001 333.026
61100001 333.485
61200001 369.329
61300001 398.308
61400001 427.648
61500001 460.082
61600001 464.365
61700001 439.267
61800001 403.071
61900001 352.672
62000001 324.753
62100001 358.938
62200001 387.453
62300001 415.682
62400001 449.063
62500001 466.81
62600001 451.968
62700001 417.078
62800001 374.983
62900001 325.89
63000001 341.206
63100001 376.083
63200001 404.737
63300001 435.547
63400001 463.773
63500001 461.016
63600001 431.236
63700001 392.272
63800001 339.872
63900001 328.18
64000001 364.862
64100001 394.502
64200001 422.507
64300001 456.19
64400001 465.403
64500001 445.669
64600001 408.386
64700001 362.508
64800001 323.622
64900001 350.583
65000001 382.922
65100001 411.408
65200001 444.056
65300001 465.773
65400001 456.017
65500001 422.867
65600001 382.59
65700001 330.184
65800001 335.07
65900001 371.536
66000001 400.705
66100001 430.36
66200001 461.279
66300001 463.914
66400001 436.953
66500001 399.58
66600001 351.517
66700001 325.328
66800001 358.686
66900001 389.32
67000001 419.249
67100001 451.493
67200001 466.12
67300001 450.356
67400001 416.532
67500001 372.005
67600001 324.796
67700001 344.145
67800001 378.38
67900001 406.06
68000001 438.821
68100001 465.569
68200001 459.886
68300001 428.601
68400001 389.688
68500001 337.249
68600001 330.271
68700001 366.521
68800001 395.706
68900001 424.639
69000001 457.452
69100001 466.02
69200001 442.468
69300001 405.708
69400001 358.37
69500001 323.737
69600001 352.886
69700001 384.826
69800001 412.476
69900001 445.694
70000001 466.609
70100001 455.256
70200001 420.369
70300001 379.873
70400001 328.09
70500001 337.868
70600001 373.01
70700001 401.875
70800001 432.866
70900001 461.509
71000001 462.977
71100001 433.696
71200001 396.607
71300001 345.58
71400001 328.426
71500001 361.309
71600001 391.135
71700001 419.5
71800001 453.425
71900001 466.682
72000001 447.68
72100001 411.876
72200001 368.524
72300001 324.205
72400001 346.798
72500001 380.24
72600001 408.295
72700001 441.773
72800001 464.537
72900001 458.998
73000001 426.321
73100001 387.26
73200001 334.147
73300001 332.587
73400001 368.87
73500001 398.079
73600001 426.451
73700001 458.733
73800001 465.611
73900001 442.015
74000001 402.415
74100001 354.957
74200001 324.474
74300001 355.904
74400001 386.347
74500001 414.868
74600001 448.688
74700001 466.29
74800001 453.145
74900001 417.69
75000001 377.27
75100001 326.222
75200001 340.198
75300001 375.102
75400001 405.506
75500001 434.815
75600001 462.302
75700001 462.37
75800001 431.351
75900001 395.232
76000001 342.353
76100001 327.642
76200001 363.47
76300001 392.72
76400001 421.646
76500001 455.404
76600001 466.337
76700001 445.711
76800001 409.783
76900001 366.721
77000001 324.093
77100001 349.7
77200001 382.379
77300001 410.351
77400001 442.113
77500001 466.77
77600001 457.568
77700001 423.712
77800001 384.557
77900001 331.39
78000001 334.197
78100001 369.877
78200001 399.221
78300001 428.412
78400001 459.387
78500001 463.856
78600001 438.072
78700001 399.923
78800001 351.061
78900001 324.828
79000001 357.935
79100001 390.6
79200001 416.864
79300001 449.526
79400001 467.04
79500001 450.951
79600001 415.943
79700001 374.151
79800001 324.418
79900001 342.747
80000001 376.562
80100001 405.989
80200001 437.155
80300001 465.941
80400001 460.947
80500001 430.249
80600001 391.21
80700001 338.738
80800001 329.617
80900001 367.031
81000001 394.885
81100001 424.053
81200001 455.812
81300001 465.774
81400001 443.788
81500001 407.087
81600001 361.189
81700001 323.648
81800001 352.247
81900001 383.666
82000001 412.09
82100001 444.714
82200001 466.007
82300001 455.264
82400001 421.212
82500001 382.545
82600001 329.31
82700001 336.171
82800001 372.331
82900001 400.996
83000001 432.73
83100001 461.087
83200001 463.118
83300001 437.9
83400001 397.965
83500001 346.98
83600001 325.652
83700001 360.085
83800001 392.593
83900001 418.919
84000001 452.658
84100001 466.66
84200001 448.981
84300001 412.734
84400001 372.243
84500001 324.016
84600001 346.317
84700001 380.359
84800001 407.971
84900001 438.864
85000001 465.665
85100001 459.413
85200001 428.287
85300001 388.369
85400001 335.496
85500001 331.174
85600001 366.791
85700001 398.571
85800001 425.63
85900001 457.818
86000001 465.62
86100001 441.89
86200001 404.831
86300001 357.278
86400001 323.569
86500001 354.005
86600001 385.407
86700001 413.975
86800001 447.327
86900001 466.585
87000001 453.971
87100001 420.724
87200001 377.696
87300001 327.225
87400001 338.911
87500001 374.542
87600001 403.19
87700001 433.28
87800001 463.618
87900001 462.132
88000001 433.657
88100001 395.453
88200001 343.759
88300001 327.008
88400001 361.736
88500001 392.135
88600001 420.728
88700001 454.485
88800001 466.669
88900001 448.638
89000001 411.111
89100001 369.12
89200001 323.735
89300001 347.372
89400001 380.929
89500001 409.115
89600001 441.316
89700001 465.164
89800001 457.546
89900001 425.934
90000001 385.453
90100001 333.099
90200001 333.441
90300001 369.265
90400001 398.277
90500001 427.806
90600001 459.758
90700001 464.216
90800001 439.327
90900001 403.014
91000001 352.825
91100001 324.652
91200001 358.753
91300001 387.168
91400001 415.915
91500001 449.138
91600001 466.101
91700001 451.867
91800001 417.09
91900001 375.007
92000001 326.043
92100001 340.985
92200001 376.066
92300001 404.679
92400001 435.336
92500001 463.699
92600001 460.654
92700001 431.766
92800001 392.476
92900001 340.484
93000001 328.049
93100001 364.622
93200001 394.434
93300001 422.651
93400001 456.282
93500001 465.795
93600001 445.95
93700001 408.195
93800001 362.467
93900001 323.516
94000001 350.505
94100001 382.891
94200001 411.156
94300001 444.1
94400001 465.911
94500001 456.837
94600001 423.242
94700001 382.621
94800001 330.202
94900001 335.013
95000001 371.126
95100001 400.862
95200001 430.116
95300001 460.767
95400001 464.373
95500001 436.941
95600001 399.737
95700001 351.737
95800001 325.508
95900001 358.716
96000001 389.422
96100001 417.584
96200001 452.212
96300001 466.132
96400001 450.76
96500001 416.678
96600001 371.589
96700001 324.816
96800001 344.006
96900001 378.321
97000001 405.896
97100001 438.684
97200001 465.628
97300001 459.794
97400001 428.701
97500001 389.723
97600001 336.957
97700001 330.267
97800001 366.499
97900001 395.374
98000001 424.33
98100001 457.386
98200001 466.002
98300001 442.494
98400001 405.438
98500001 358.643
98600001 323.727
98700001 352.833
98800001 384.722
98900001 412.315
99000001 445.41
99100001 466.695
99200001 454.947
99300001 420.227
99400001 380.147
99500001 328.116
99600001 337.802
99700001 373.103
99800001 401.783
99900001 432.471
