1 2195.55
10001 609.844
20001 356.264
30001 228.173
40001 139.047
50001 142.83
60001 91.906
70001 71.2198
80001 55.0079
90001 55.0686
100001 36.1508
110001 37.0465
120001 30.0337
130001 32.5537
140001 24.8405
150001 29.286
160001 25.5112
170001 26.275
180001 21.6079
190001 26.373
200001 23.8669
210001 24.6499
220001 21.0562
230001 23.8827
240001 20.569
250001 23.7623
260001 21.4634
270001 23.0211
280001 20.9396
290001 22.9315
300001 22.6341
310001 22.403
320001 21.1995
330001 23.0884
340001 21.087
350001 21.5302
360001 21.4341
370001 21.3516
380001 21.6158
390001 20.6016
400001 21.6698
410001 20.0218
420001 21.9829
430001 19.6528
440001 22.0322
450001 19.0702
460001 22.3324
470001 18.7836
480001 22.3734
490001 18.7265
500001 22.7086
510001 18.3636
520001 23.0378
530001 18.7301
540001 23.3201
550001 19.3177
560001 22.9865
570001 21.1953
580001 22.8642
590001 20.1849
600001 25.6241
610001 19.5342
620001 23.0339
630001 19.4443
640001 22.6701
650001 19.3968
660001 22.6122
670001 20.0731
680001 22.5834
690001 20.0848
700001 22.0653
710001 20.3073
720001 22.2319
730001 20.0116
740001 22.9504
750001 23.353
760001 22.1333
770001 20.8894
780001 21.7015
790001 20.8198
800001 20.7328
810001 20.8986
820001 20.6471
830001 21.2673
840001 20.1695
850001 21.5535
860001 19.5594
870001 21.6918
880001 18.9424
890001 21.8157
900001 19.0033
910001 22.083
920001 18.5476
930001 22.3709
940001 18.4391
950001 22.5719
960001 18.8619
970001 22.7921
980001 18.8831
990001 22.9422
1000001 18.693
1010001 23.2567
1020001 19.7164
1030001 23.0498
1040001 22.1494
1050001 22.841
1060001 19.2949
1070001 22.611
1080001 19.1225
1090001 23.0435
1100001 19.4175
1110001 22.2953
1120001 19.8369
1130001 22.7131
1140001 20.4733
1150001 24.4075
1160001 19.7975
1170001 22.4343
1180001 21.934
1190001 24.5597
1200001 20.4696
1210001 22.1465
1220001 20.4736
1230001 21.4624
1240001 20.7827
1250001 20.6262
1260001 21.219
1270001 20.3768
1280001 21.6899
1290001 20.3333
1300001 21.7518
1310001 19.3794
1320001 21.5936
1330001 18.8259
1340001 21.8659
1350001 18.75
1360001 22.2032
1370001 18.7176
1380001 22.3943
1390001 18.6972
1400001 22.7697
1410001 18.4905
1420001 22.9631
1430001 18.7693
1440001 22.7897
1450001 19.1212
1460001 22.7353
1470001 19.5405
1480001 24.0975
1490001 22.2106
1500001 22.9452
1510001 19.2892
1520001 23.7024
1530001 22.4591
1540001 22.5091
1550001 19.9649
1560001 22.2225
1570001 19.6263
1580001 22.6045
1590001 20.0812
1600001 21.8696
1610001 20.2666
1620001 21.9684
1630001 23.1187
1640001 21.6239
1650001 20.6652
1660001 21.9208
1670001 20.5613
1680001 20.9837
1690001 20.8621
1700001 20.9747
1710001 21.1243
1720001 20.3761
1730001 21.2473
1740001 19.5782
1750001 21.6302
1760001 19.2524
1770001 21.6308
1780001 18.8086
1790001 21.957
1800001 18.5388
1810001 22.0998
1820001 18.6149
1830001 22.4442
1840001 18.3076
1850001 22.7025
1860001 18.8155
1870001 22.9943
1880001 18.8271
1890001 22.8181
1900001 20.8488
1910001 22.9561
1920001 19.8881
1930001 25.5108
1940001 19.4712
1950001 22.6131
1960001 19.0223
1970001 22.6324
1980001 19.2845
1990001 22.5609
2000001 19.6707
2010001 22.4665
2020001 20.0047
2030001 21.9388
2040001 19.9021
2050001 22.0587
2060001 19.8557
2070001 22.8731
2080001 20.3829
2090001 22.092
2100001 20.7432
2110001 21.8941
2120001 20.5172
2130001 20.6014
2140001 21.0655
2150001 20.5599
2160001 21.301
2170001 20.3624
2180001 21.5894
2190001 19.3333
2200001 21.5957
2210001 18.8445
2220001 21.7501
2230001 18.9382
2240001 22.056
2250001 18.8766
2260001 22.3279
2270001 18.5329
2280001 22.5544
2290001 18.6325
2300001 22.6722
2310001 18.5866
2320001 22.7589
2330001 18.9243
2340001 23.2724
2350001 19.6878
2360001 24.409
2370001 22.1269
2380001 22.8132
2390001 19.3211
2400001 23.4415
2410001 22.2128
2420001 22.8784
2430001 19.3915
2440001 22.1547
2450001 19.6991
2460001 22.7536
2470001 20.4765
2480001 24.347
2490001 19.763
2500001 22.043
2510001 21.9353
2520001 24.4614
2530001 20.5883
2540001 22.3046
2550001 20.4839
2560001 21.1406
2570001 20.8811
2580001 20.6022
2590001 21.0695
2600001 20.2174
2610001 21.4561
2620001 19.6531
2630001 21.7476
2640001 19.3084
2650001 21.6363
2660001 18.8104
2670001 21.9879
2680001 18.4972
2690001 22.1941
2700001 18.4829
2710001 22.3863
2720001 18.2699
2730001 22.7519
2740001 18.4431
2750001 23.1009
2760001 19.0078
2770001 22.7864
2780001 21.0913
2790001 22.6163
2800001 19.6638
2810001 25.483
2820001 19.5042
2830001 22.8736
2840001 19.3973
2850001 23.6718
2860001 19.2914
2870001 22.5006
2880001 19.7997
2890001 22.0796
2900001 19.8888
2910001 22.011
2920001 20.2202
2930001 21.8632
2940001 20.1317
2950001 22.8039
2960001 23.2319
2970001 21.6652
2980001 20.7518
2990001 21.5905
3000001 20.6166
3010001 20.7603
3020001 20.7363
3030001 20.9315
3040001 21.1874
3050001 20.2656
3060001 21.4139
3070001 19.5479
3080001 21.6703
3090001 19.3739
3100001 21.7734
3110001 18.9148
3120001 21.9312
3130001 18.6359
3140001 22.2296
3150001 18.465
3160001 22.4686
3170001 18.5646
3180001 22.7015
3190001 18.6789
3200001 22.8041
3210001 18.6782
3220001 22.7695
3230001 19.5674
3240001 23.0066
3250001 19.7547
3260001 25.5119
3270001 19.1158
3280001 22.5347
3290001 19.0163
3300001 22.7343
3310001 19.4845
3320001 22.3119
3330001 19.7955
3340001 22.478
3350001 19.9506
3360001 24.4239
3370001 19.7637
3380001 22.1644
3390001 19.8364
3400001 24.6316
3410001 20.3965
3420001 22.0881
3430001 20.3356
3440001 21.6028
3450001 20.6078
3460001 20.7242
3470001 21.0841
3480001 20.5877
3490001 21.4888
3500001 20.5753
3510001 21.6671
3520001 19.3787
3530001 21.5503
3540001 18.8208
3550001 21.8775
3560001 18.787
3570001 22.1757
3580001 18.7838
3590001 22.3526
3600001 18.5209
3610001 22.7012
3620001 18.4193
3630001 22.8563
3640001 18.8628
3650001 22.7262
3660001 18.8458
3670001 23.2674
3680001 19.5203
3690001 24.0891
3700001 22.2743
3710001 22.8407
3720001 19.0894
3730001 23.6819
3740001 22.3975
3750001 22.9293
3760001 19.6497
3770001 22.2579
3780001 19.5351
3790001 22.6455
3800001 20.5284
3810001 21.9363
3820001 20.1261
3830001 22.027
3840001 21.9646
3850001 21.6433
3860001 20.5756
3870001 22.4635
3880001 20.4215
3890001 20.9138
3900001 20.9131
3910001 20.8632
3920001 21.1388
3930001 20.155
3940001 21.2302
3950001 19.6289
3960001 21.5437
3970001 19.2813
3980001 21.6578
3990001 18.7766
4000001 21.993
4010001 18.5341
4020001 22.0788
4030001 18.4874
4040001 22.4404
4050001 18.155
4060001 22.7714
4070001 18.548
4080001 23.0549
4090001 19.1235
4100001 22.7496
4110001 21.0885
4120001 22.6528
4130001 20.0894
4140001 25.4233
4150001 19.3627
4160001 22.8481
4170001 19.2135
4180001 22.4853
4190001 19.2457
4200001 22.4581
4210001 19.9681
4220001 22.4415
4230001 19.9657
4240001 21.9349
4250001 20.1356
4260001 22.1347
4270001 19.8839
4280001 22.8589
4290001 23.2558
4300001 22.0301
4310001 20.8782
4320001 21.6276
4330001 20.7199
4340001 20.6279
4350001 20.8067
4360001 20.5402
4370001 21.1833
4380001 20.0258
4390001 21.4727
4400001 19.4586
4410001 21.624
4420001 18.8888
4430001 21.7684
4440001 18.9282
4450001 22.0392
4460001 18.5005
4470001 22.3238
4480001 18.3892
4490001 22.5099
4500001 18.7476
4510001 22.7183
4520001 18.8059
4530001 22.8797
4540001 18.5087
4550001 23.2098
4560001 19.7326
4570001 23.0103
4580001 22.0648
4590001 22.7987
4600001 19.2471
4610001 22.5773
4620001 19.1038
4630001 23.0132
4640001 19.3885
4650001 22.2634
4660001 19.8153
4670001 22.6708
4680001 20.4248
4690001 24.3672
4700001 19.7656
4710001 22.0291
4720001 21.8982
4730001 24.5261
4740001 20.4782
4750001 22.0776
4760001 20.4512
4770001 21.4386
4780001 20.7587
4790001 20.6079
4800001 21.1764
4810001 20.3322
4820001 21.697
4830001 20.2132
4840001 21.7347
4850001 19.3553
4860001 21.5729
4870001 18.8244
4880001 21.8496
4890001 18.7251
4900001 22.1984
4910001 18.7044
4920001 22.3875
4930001 18.6057
4940001 22.782
4950001 18.4994
4960001 22.942
4970001 18.7567
4980001 22.7759
4990001 19.2528
5000001 22.6764
5010001 19.5176
5020001 24.0991
5030001 22.3088
5040001 22.8837
5050001 19.2551
5060001 23.7002
5070001 22.4478
5080001 22.5291
5090001 19.9339
5100001 22.2112
5110001 19.6525
5120001 22.6526
5130001 20.0643
5140001 21.8516
5150001 20.224
5160001 21.9775
5170001 23.1027
5180001 21.6316
5190001 20.652
5200001 21.6982
5210001 20.5528
5220001 20.9665
5230001 20.8566
5240001 20.9807
5250001 21.1212
5260001 20.3614
5270001 21.2456
5280001 19.5841
5290001 21.6158
5300001 19.259
5310001 21.6318
5320001 18.8054
5330001 21.9685
5340001 18.5478
5350001 22.1267
5360001 18.5795
5370001 22.4462
5380001 18.2986
5390001 22.6999
5400001 18.7593
5410001 22.9564
5420001 18.8424
5430001 22.822
5440001 20.8121
5450001 23.0393
5460001 19.8982
5470001 25.5008
5480001 19.4993
5490001 22.6218
5500001 19.0172
5510001 22.6258
5520001 19.2448
5530001 22.4928
5540001 19.6316
5550001 22.4754
5560001 19.9765
5570001 21.9362
5580001 19.8504
5590001 22.0545
5600001 19.8524
5610001 22.8825
5620001 20.3794
5630001 22.0978
5640001 20.7309
5650001 21.9847
5660001 20.5236
5670001 20.6002
5680001 21.0864
5690001 20.5704
5700001 21.3359
5710001 20.4106
5720001 21.6214
5730001 19.3437
5740001 21.6192
5750001 18.8617
5760001 21.7565
5770001 18.9741
5780001 22.0819
5790001 18.8877
5800001 22.3412
5810001 18.5309
5820001 22.5652
5830001 18.6034
5840001 22.6769
5850001 18.5863
5860001 22.7504
5870001 18.9098
5880001 23.2872
5890001 19.666
5900001 24.2868
5910001 22.129
5920001 22.7945
5930001 19.2906
5940001 23.4481
5950001 22.2467
5960001 22.8783
5970001 19.3902
5980001 22.164
5990001 19.6471
6000001 22.7078
6010001 20.4714
6020001 24.4007
6030001 19.7752
6040001 22.0459
6050001 21.9209
6060001 24.4589
6070001 20.5664
6080001 22.3322
6090001 20.4875
6100001 21.206
6110001 20.8838
6120001 20.6134
6130001 21.0896
6140001 20.2113
6150001 21.4663
6160001 19.6651
6170001 21.7623
6180001 19.3205
6190001 21.6514
6200001 18.822
6210001 21.9901
6220001 18.484
6230001 22.1965
6240001 18.4765
6250001 22.3983
6260001 18.2852
6270001 22.7687
6280001 18.4505
6290001 23.1031
6300001 18.9922
6310001 22.7763
6320001 21.0853
6330001 22.6149
6340001 19.6741
6350001 25.4089
6360001 19.4984
6370001 22.8791
6380001 19.3437
6390001 23.8508
6400001 19.2824
6410001 22.5208
6420001 19.8028
6430001 22.0961
6440001 19.9012
6450001 22.0051
6460001 20.2506
6470001 21.8799
6480001 20.1603
6490001 22.8109
6500001 23.2249
6510001 21.6468
6520001 20.7981
6530001 21.565
6540001 20.6031
6550001 20.7501
6560001 20.734
6570001 20.9431
6580001 21.1972
6590001 20.2796
6600001 21.433
6610001 19.5686
6620001 21.6768
6630001 19.3685
6640001 21.7937
6650001 18.8859
6660001 21.9385
6670001 18.6137
6680001 22.2532
6690001 18.4937
6700001 22.4741
6710001 18.579
6720001 22.7044
6730001 18.6781
6740001 22.8096
6750001 18.6497
6760001 22.802
6770001 19.5758
6780001 23.0247
6790001 19.745
6800001 25.5784
6810001 19.1418
6820001 22.521
6830001 19.0161
6840001 22.6855
6850001 19.4698
6860001 22.2934
6870001 19.7867
6880001 22.4817
6890001 19.8904
6900001 24.4192
6910001 19.7528
6920001 22.1553
6930001 19.7807
6940001 24.663
6950001 20.3982
6960001 22.1224
6970001 20.324
6980001 21.6022
6990001 20.5986
7000001 20.6905
7010001 21.1061
7020001 20.5166
7030001 21.5232
7040001 20.5811
7050001 21.6803
7060001 19.3962
7070001 21.5574
7080001 18.8483
7090001 21.8967
7100001 18.795
7110001 22.1702
7120001 18.8178
7130001 22.3515
7140001 18.5255
7150001 22.7006
7160001 18.4169
7170001 22.8913
7180001 18.9135
7190001 22.7261
7200001 18.8637
7210001 23.279
7220001 19.5231
7230001 24.1048
7240001 22.2591
7250001 22.8031
7260001 19.135
7270001 23.6867
7280001 22.3946
7290001 22.9014
7300001 19.6162
7310001 22.2651
7320001 19.5441
7330001 22.6417
7340001 20.5513
7350001 21.9844
7360001 20.1401
7370001 22.0451
7380001 21.9654
7390001 21.656
7400001 20.5803
7410001 22.4612
7420001 20.4536
7430001 20.9379
7440001 20.9181
7450001 20.9438
7460001 21.1464
7470001 20.1683
7480001 21.2372
7490001 19.6325
7500001 21.5492
7510001 19.2906
7520001 21.6648
7530001 18.7842
7540001 21.9883
7550001 18.5476
7560001 22.0943
7570001 18.4996
7580001 22.4591
7590001 18.1906
7600001 22.7733
7610001 18.5944
7620001 23.0582
7630001 19.0541
7640001 22.7557
7650001 21.1115
7660001 22.6416
7670001 19.9825
7680001 25.4341
7690001 19.3551
7700001 22.8595
7710001 19.2158
7720001 22.4973
7730001 19.2469
7740001 22.4728
7750001 20.009
7760001 22.4052
7770001 19.9437
7780001 21.9681
7790001 20.101
7800001 22.1614
7810001 19.8922
7820001 22.8738
7830001 23.2587
7840001 22.0216
7850001 20.8836
7860001 21.6624
7870001 20.7085
7880001 20.633
7890001 20.8109
7900001 20.5348
7910001 21.1932
7920001 20.0406
7930001 21.4867
7940001 19.4353
7950001 21.6304
7960001 18.903
7970001 21.777
7980001 18.9012
7990001 22.0556
8000001 18.5431
8010001 22.3405
8020001 18.3962
8030001 22.5206
8040001 18.7254
8050001 22.7093
8060001 18.7952
8070001 22.8769
8080001 18.5055
8090001 23.211
8100001 19.756
8110001 23.0043
8120001 22.0615
8130001 22.7928
8140001 19.2418
8150001 22.5738
8160001 19.237
8170001 23.0261
8180001 19.4021
8190001 22.2697
8200001 19.7462
8210001 22.6578
8220001 20.4216
8230001 24.3733
8240001 19.7556
8250001 22.1568
8260001 21.8942
8270001 24.5335
8280001 20.4875
8290001 22.1662
8300001 20.4633
8310001 21.456
8320001 20.757
8330001 20.6258
8340001 21.2003
8350001 20.333
8360001 21.6581
8370001 20.1598
8380001 21.7328
8390001 19.3228
8400001 21.5772
8410001 18.8494
8420001 21.8525
8430001 18.6923
8440001 22.2048
8450001 18.7092
8460001 22.4066
8470001 18.5646
8480001 22.8206
8490001 18.5219
8500001 23.0023
8510001 18.7464
8520001 22.7717
8530001 19.247
8540001 22.6784
8550001 19.5207
8560001 24.1033
8570001 22.2303
8580001 22.8842
8590001 19.2267
8600001 23.6965
8610001 22.4589
8620001 22.5312
8630001 19.9033
8640001 22.2091
8650001 19.7219
8660001 22.0615
8670001 20.066
8680001 21.8568
8690001 20.2001
8700001 21.9438
8710001 23.1134
8720001 21.6671
8730001 20.6374
8740001 21.8261
8750001 20.5517
8760001 20.9675
8770001 20.8703
8780001 20.9937
8790001 21.1252
8800001 20.3255
8810001 21.2543
8820001 19.5905
8830001 21.6214
8840001 19.265
8850001 21.6345
8860001 18.8158
8870001 21.9846
8880001 18.5572
8890001 22.1355
8900001 18.6316
8910001 22.4504
8920001 18.2996
8930001 22.7067
8940001 18.7615
8950001 22.9246
8960001 18.8061
8970001 22.8246
8980001 20.8104
8990001 22.9865
9000001 19.8937
9010001 25.4989
9020001 19.5147
9030001 22.6211
9040001 19.0389
9050001 22.6376
9060001 19.1946
9070001 22.3895
9080001 19.6535
9090001 22.4599
9100001 19.9636
9110001 21.9169
9120001 19.7862
9130001 22.0762
9140001 19.8542
9150001 22.9027
9160001 20.3605
9170001 22.1009
9180001 20.7358
9190001 21.9796
9200001 20.5339
9210001 20.6099
9220001 21.0991
9230001 20.5793
9240001 21.3796
9250001 20.4514
9260001 21.626
9270001 19.3545
9280001 21.5951
9290001 18.8653
9300001 21.7713
9310001 18.9791
9320001 22.0993
9330001 18.8875
9340001 22.3606
9350001 18.5323
9360001 22.5727
9370001 18.6147
9380001 22.6799
9390001 18.5979
9400001 22.7318
9410001 18.8945
9420001 23.2921
9430001 19.7631
9440001 24.2705
9450001 22.1466
9460001 22.7882
9470001 19.2957
9480001 23.5846
9490001 22.2618
9500001 22.8691
9510001 19.3865
9520001 22.1805
9530001 19.6233
9540001 22.6709
9550001 20.4851
9560001 24.4487
9570001 19.8838
9580001 22.0446
9590001 21.9197
9600001 24.5462
9610001 20.5573
9620001 22.364
9630001 20.5099
9640001 21.0797
9650001 20.8838
9660001 20.6633
9670001 21.0879
9680001 20.2333
9690001 21.4181
9700001 19.6721
9710001 21.6989
9720001 19.297
9730001 21.6601
9740001 18.8184
9750001 21.9848
9760001 18.4936
9770001 22.182
9780001 18.4772
9790001 22.4032
9800001 18.2831
9810001 22.7979
9820001 18.4526
9830001 23.1002
9840001 18.9952
9850001 22.8612
9860001 21.0835
9870001 22.6181
9880001 19.6518
9890001 25.4047
9900001 19.5034
9910001 22.8727
9920001 19.2977
9930001 23.8109
9940001 19.4462
9950001 22.5191
9960001 19.7996
9970001 22.0862
9980001 19.9381
9990001 21.9757
