1 2195.66
10001 622.916
20001 540.643
30001 624.359
40001 682.119
50001 455.655
60001 179.494
70001 163.921
80001 166.387
90001 177.372
100001 175.972
110001 135.804
120001 125.999
130001 129.092
140001 148.063
150001 144.816
160001 96.2269
170001 90.7822
180001 89.256
190001 93.4174
200001 99.7251
210001 84.4722
220001 80.5338
230001 75.7214
240001 75.3259
250001 81.8688
260001 78.0102
270001 63.4794
280001 59.2554
290001 63.5582
300001 67.7871
310001 66.7826
320001 56.9267
330001 54.108
340001 54.8321
350001 58.7037
360001 57.0068
370001 46.915
380001 44.8991
390001 44.8611
400001 46.6839
410001 48.2252
420001 41.5457
430001 39.584
440001 38.5309
450001 40.549
460001 43.88
470001 41.5784
480001 34.0114
490001 32.5829
500001 35.1905
510001 37.4002
520001 36.7142
530001 31.4346
540001 29.9157
550001 31.0614
560001 34.4874
570001 33.5146
580001 29.0846
590001 26.54
600001 26.7385
610001 28.7265
620001 29.2891
630001 24.2555
640001 23.2905
650001 23.0878
660001 24.372
670001 26.7932
680001 25.6959
690001 20.2905
700001 19.4915
710001 21.7041
720001 23.8623
730001 23.2554
740001 18.3358
750001 17.5935
760001 18.9415
770001 21.9975
780001 21.1309
790001 16.5477
800001 15.8074
810001 16.8194
820001 19.3695
830001 19.4298
840001 14.6514
850001 14.2035
860001 14.5947
870001 15.9864
880001 17.7217
890001 12.8249
900001 12.2146
910001 11.9468
920001 14.4435
930001 16.5698
940001 16.0485
950001 11.1514
960001 10.7777
970001 12.4504
980001 15.4506
990001 14.6233
1000001 10.5642
1010001 9.69946
1020001 11.3741
1030001 14.3977
1040001 14.093
1050001 9.58177
1060001 8.88372
1070001 9.83179
1080001 11.69
1090001 12.9803
1100001 7.91841
1110001 7.5366
1120001 7.75528
1130001 10.453
1140001 12.5275
1150001 12.0897
1160001 7.0212
1170001 6.78182
1180001 8.99331
1190001 11.9218
1200001 11.2015
1210001 6.54915
1220001 6.58325
1230001 8.48005
1240001 11.5425
1250001 11.0845
1260001 6.70843
1270001 12.0408
1280001 7.27014
1290001 9.69318
1300001 10.5119
1310001 5.12551
1320001 4.87727
1330001 5.80684
1340001 8.30053
1350001 10.29
1360001 9.90507
1370001 4.64076
1380001 4.50649
1390001 7.31178
1400001 10.0321
1410001 9.39933
1420001 4.56438
1430001 4.04457
1440001 6.9647
1450001 9.86178
1460001 9.42381
1470001 4.13592
1480001 3.99469
1490001 6.03269
1500001 8.79811
1510001 9.19173
1520001 3.59779
1530001 3.45347
1540001 5.08382
1550001 7.25526
1560001 9.04253
1570001 3.55371
1580001 3.35902
1590001 3.4787
1600001 6.53692
1610001 8.95504
1620001 8.40654
1630001 3.05624
1640001 3.00456
1650001 6.12712
1660001 8.91901
1670001 8.48503
1680001 3.16716
1690001 3.97741
1700001 5.47709
1710001 8.45424
1720001 8.40553
1730001 2.82052
1740001 3.99258
1750001 4.74404
1760001 6.83267
1770001 8.3268
1780001 2.80817
1790001 2.65475
1800001 3.25549
1810001 6.09415
1820001 8.29478
1830001 7.8476
1840001 2.52054
1850001 2.4109
1860001 5.65765
1870001 8.32594
1880001 7.91212
1890001 2.66803
1900001 2.7378
1910001 5.24811
1920001 8.23954
1930001 7.87925
1940001 2.61754
1950001 4.29541
1960001 4.6372
1970001 6.83307
1980001 7.86923
1990001 2.49384
2000001 2.28884
2010001 3.47547
2020001 5.87028
2030001 7.85901
2040001 7.48652
2050001 2.27379
2060001 2.16336
2070001 5.47577
2080001 7.87221
2090001 7.52189
2100001 2.45356
2110001 2.38295
2120001 5.15262
2130001 7.88448
2140001 7.54073
2150001 3.23113
2160001 2.19343
2170001 4.56555
2180001 6.93637
2190001 7.55443
2200001 2.23551
2210001 2.15304
2220001 3.84746
2230001 5.7622
2240001 7.54913
2250001 7.23676
2260001 2.07995
2270001 2.21332
2280001 5.39294
2290001 7.56322
2300001 7.20479
2310001 2.19404
2320001 2.15739
2330001 5.06625
2340001 7.62393
2350001 7.28406
2360001 2.13279
2370001 2.05105
2380001 4.59567
2390001 7.09937
2400001 7.31304
2410001 2.16584
2420001 2.21013
2430001 4.03012
2440001 5.7937
2450001 7.31937
2460001 2.10338
2470001 2.00529
2480001 2.58672
2490001 5.33802
2500001 7.34435
2510001 7.02343
2520001 2.0685
2530001 2.06526
2540001 4.96622
2550001 7.42829
2560001 7.08589
2570001 2.17784
2580001 2.2623
2590001 4.65786
2600001 7.38808
2610001 7.126
2620001 2.47594
2630001 2.18018
2640001 4.1443
2650001 6.00618
2660001 7.14432
2670001 2.10662
2680001 1.97531
2690001 3.00375
2700001 5.31141
2710001 7.17305
2720001 6.88468
2730001 2.01758
2740001 2.00461
2750001 4.9451
2760001 7.22324
2770001 6.90991
2780001 4.58954
2790001 2.13845
2800001 4.71697
2810001 7.24186
2820001 6.97669
2830001 9.1461
2840001 3.30297
2850001 4.18805
2860001 6.23743
2870001 7.00238
2880001 2.05691
2890001 1.97862
2900001 3.47637
2910001 5.31405
2920001 7.03236
2930001 6.77388
2940001 1.9762
2950001 2.02158
2960001 4.98891
2970001 7.06969
2980001 6.7459
2990001 2.05545
3000001 2.03752
3010001 4.75185
3020001 7.12358
3030001 6.85775
3040001 2.02922
3050001 2.10004
3060001 4.29532
3070001 6.50248
3080001 6.88789
3090001 2.02338
3100001 2.57655
3110001 3.76362
3120001 5.39206
3130001 6.91653
3140001 2.03951
3150001 1.95717
3160001 2.38322
3170001 5.02002
3180001 6.95014
3190001 6.66364
3200001 1.99198
3210001 1.99854
3220001 4.72028
3230001 7.02769
3240001 6.74811
3250001 3.86134
3260001 2.37102
3270001 4.38961
3280001 6.81484
3290001 6.78843
3300001 3.43013
3310001 2.06756
3320001 3.91383
3330001 5.57512
3340001 6.8184
3350001 2.02936
3360001 1.90275
3370001 2.77534
3380001 5.034
3390001 6.85635
3400001 6.59469
3410001 1.97191
3420001 1.98657
3430001 4.71507
3440001 6.92016
3450001 6.64588
3460001 2.81553
3470001 3.33567
3480001 4.48344
3490001 6.92919
3500001 6.69961
3510001 3.72515
3520001 10.787
3530001 4.01999
3540001 5.84945
3550001 6.7351
3560001 2.01084
3570001 1.89673
3580001 3.21993
3590001 5.06376
3600001 6.77158
3610001 6.53512
3620001 1.97384
3630001 1.97643
3640001 4.76886
3650001 6.81648
3660001 6.55126
3670001 2.76686
3680001 2.09194
3690001 4.55601
3700001 6.86464
3710001 6.63173
3720001 2.0188
3730001 2.03454
3740001 4.11328
3750001 6.13705
3760001 6.66552
3770001 1.96444
3780001 1.98484
3790001 3.58358
3800001 5.16024
3810001 6.69805
3820001 2.01693
3830001 1.92071
3840001 2.2176
3850001 4.83814
3860001 6.74043
3870001 6.47395
3880001 2.01164
3890001 2.05533
3900001 4.57462
3910001 6.8101
3920001 6.55512
3930001 2.10058
3940001 3.26391
3950001 4.22614
3960001 6.47923
3970001 6.60145
3980001 1.96894
3990001 3.52461
4000001 3.77141
4010001 5.30205
4020001 6.64138
4030001 1.96664
4040001 1.86938
4050001 2.60891
4060001 4.8678
4070001 6.6792
4080001 6.4326
4090001 1.95338
4100001 1.92253
4110001 4.56952
4120001 6.75634
4130001 6.49106
4140001 1.97997
4150001 2.05916
4160001 4.33458
4170001 6.75284
4180001 6.54466
4190001 2.22662
4200001 4.10282
4210001 3.91749
4220001 5.58885
4230001 6.58064
4240001 2.03315
4250001 1.85121
4260001 3.03834
4270001 4.92148
4280001 6.62276
4290001 6.3968
4300001 1.96353
4310001 1.93558
4320001 4.63514
4330001 6.67737
4340001 6.42508
4350001 2.10174
4360001 2.13269
4370001 4.43585
4380001 6.71464
4390001 6.49943
4400001 3.04292
4410001 1.98143
4420001 4.00655
4430001 5.88063
4440001 6.53542
4450001 1.95825
4460001 1.92622
4470001 3.43637
4480001 4.99608
4490001 6.57488
4500001 6.36596
4510001 1.88932
4520001 2.07225
4530001 4.70736
4540001 6.61982
4550001 6.3588
4560001 1.96689
4570001 1.97953
4580001 4.48934
4590001 6.68161
4600001 6.44842
4610001 1.95907
4620001 1.91764
4630001 4.11368
4640001 6.21367
4650001 6.49097
4660001 1.98674
4670001 2.05429
4680001 3.66477
4690001 5.1259
4700001 6.53411
4710001 1.93134
4720001 1.8623
4730001 2.47038
4740001 4.76404
4750001 6.57385
4760001 6.33261
4770001 1.92656
4780001 1.94065
4790001 4.49142
4800001 6.65298
4810001 6.3989
4820001 2.057
4830001 2.18938
4840001 4.22921
4850001 6.64643
4860001 6.4536
4870001 2.34232
4880001 2.05889
4890001 3.8272
4900001 5.39758
4910001 6.4922
4920001 1.96902
4930001 1.84408
4940001 2.87636
4950001 4.8227
4960001 6.53447
4970001 6.31004
4980001 1.90311
4990001 1.92673
5000001 4.54041
5010001 6.59749
5020001 6.34917
5030001 4.54058
5040001 2.06383
5050001 4.34045
5060001 6.62294
5070001 6.41867
5080001 9.11978
5090001 3.24221
5100001 3.9121
5110001 5.68256
5120001 6.45846
5130001 2.0089
5140001 1.89138
5150001 3.29915
5160001 4.89388
5170001 6.50049
5180001 6.29048
5190001 1.8797
5200001 1.95382
5210001 4.62204
5220001 6.5469
5230001 6.28596
5240001 1.96001
5250001 1.9847
5260001 4.42446
5270001 6.60234
5280001 6.3855
5290001 1.94143
5300001 2.02474
5310001 4.041
5320001 6.00778
5330001 6.42703
5340001 1.93346
5350001 2.53677
5360001 3.57155
5370001 5.01565
5380001 6.46721
5390001 1.95525
5400001 1.89582
5410001 2.32229
5420001 4.69607
5430001 6.50961
5440001 6.26937
5450001 1.91992
5460001 1.96468
5470001 4.44257
5480001 6.5843
5490001 6.3453
5500001 3.84569
5510001 2.31855
5520001 4.15159
5530001 6.38592
5540001 6.39861
5550001 3.39624
5560001 2.01375
5570001 3.74239
5580001 5.22508
5590001 6.43728
5600001 1.96808
5610001 1.84314
5620001 2.71477
5630001 4.75397
5640001 6.48093
5650001 6.25464
5660001 1.90276
5670001 1.94451
5680001 4.47775
5690001 6.55247
5700001 6.30302
5710001 1.92266
5720001 3.32163
5730001 4.26563
5740001 6.56491
5750001 6.3667
5760001 3.70392
5770001 10.7818
5780001 3.85993
5790001 5.52742
5800001 6.40975
5810001 1.94582
5820001 1.85866
5830001 3.13182
5840001 4.81373
5850001 6.45147
5860001 6.24235
5870001 1.92602
5880001 1.93644
5890001 4.55762
5900001 6.50347
5910001 6.26219
5920001 1.94892
5930001 2.03349
5940001 4.3593
5950001 6.55181
5960001 6.3453
5970001 1.96938
5980001 1.99003
5990001 3.96318
6000001 5.84465
6010001 6.38505
6020001 1.91416
6030001 1.94804
6040001 3.47025
6050001 4.93605
6060001 6.42472
6070001 1.9713
6080001 1.88143
6090001 2.17961
6100001 4.64375
6110001 6.47167
6120001 6.22933
6130001 1.99703
6140001 2.02912
6150001 4.40778
6160001 6.54067
6170001 6.31043
6180001 2.06316
6190001 3.29697
6200001 4.09154
6210001 6.21129
6220001 6.36171
6230001 1.92319
6240001 3.49984
6250001 3.67501
6260001 5.09742
6270001 6.40636
6280001 1.91982
6290001 1.84325
6300001 2.57202
6310001 4.69949
6320001 6.44672
6330001 6.22031
6340001 1.91546
6350001 1.90425
6360001 4.42958
6370001 6.5311
6380001 6.27937
6390001 1.93769
6400001 2.03794
6410001 4.20991
6420001 6.52896
6430001 6.33772
6440001 2.23926
6450001 2.02919
6460001 3.81358
6470001 5.39438
6480001 6.37823
6490001 1.97488
6500001 1.81959
6510001 2.99429
6520001 4.76685
6530001 6.42398
6540001 6.2127
6550001 1.9308
6560001 1.90936
6570001 4.51039
6580001 6.48203
6590001 6.24161
6600001 2.07506
6610001 2.13465
6620001 4.31398
6630001 6.52081
6640001 6.32168
6650001 3.02301
6660001 1.96219
6670001 3.91587
6680001 5.69935
6690001 6.35952
6700001 1.92003
6710001 1.90709
6720001 3.37493
6730001 4.86399
6740001 6.40214
6750001 6.20587
6760001 1.85379
6770001 2.0461
6780001 4.59228
6790001 6.44894
6800001 6.20434
6810001 1.9397
6820001 1.95069
6830001 4.38843
6840001 6.51363
6850001 6.29253
6860001 1.92605
6870001 1.89493
6880001 4.03303
6890001 6.0438
6900001 6.33981
6910001 1.95584
6920001 2.02352
6930001 3.60327
6940001 5.00225
6950001 6.38477
6960001 1.91852
6970001 1.84171
6980001 2.44318
6990001 4.66296
7000001 6.42619
7010001 6.19845
7020001 1.92055
7030001 1.92927
7040001 4.40692
7050001 6.50732
7060001 6.26655
7070001 2.03204
7080001 2.2182
7090001 4.15615
7100001 6.50591
7110001 6.32332
7120001 2.29321
7130001 2.04203
7140001 3.76594
7150001 5.27697
7160001 6.36309
7170001 1.95304
7180001 1.83923
7190001 2.84359
7200001 4.73105
7210001 6.40657
7220001 6.19346
7230001 1.89084
7240001 1.89268
7250001 4.46387
7260001 6.47245
7270001 6.23284
7280001 4.53287
7290001 2.04933
7300001 4.27429
7310001 6.50067
7320001 6.30476
7330001 9.11556
7340001 3.22778
7350001 3.86389
7360001 5.56992
7370001 6.34599
7380001 1.97104
7390001 1.86827
7400001 3.26042
7410001 4.81516
7420001 6.38954
7430001 6.18906
7440001 1.86571
7450001 1.93872
7460001 4.55097
7470001 6.43717
7480001 6.18803
7490001 1.95052
7500001 1.97069
7510001 4.36541
7520001 6.49603
7530001 6.28613
7540001 1.92741
7550001 1.9928
7560001 3.98743
7570001 5.89982
7580001 6.32943
7590001 1.91351
7600001 2.55547
7610001 3.53278
7620001 4.93775
7630001 6.37125
7640001 1.93918
7650001 1.89257
7660001 2.3008
7670001 4.63456
7680001 6.41373
7690001 6.18398
7700001 1.90781
7710001 1.95913
7720001 4.39218
7730001 6.49177
7740001 6.25888
7750001 1.97858
7760001 2.30667
7770001 4.1047
7780001 6.28898
7790001 6.31465
7800001 4.11909
7810001 1.9901
7820001 3.7126
7830001 5.15184
7840001 6.35419
7850001 1.93018
7860001 1.82337
7870001 2.69152
7880001 4.70097
7890001 6.39858
7900001 6.1804
7910001 1.88326
7920001 1.94217
7930001 4.43431
7940001 6.47278
7950001 6.23063
7960001 1.93295
7970001 3.30778
7980001 4.22337
7990001 6.48714
8000001 6.29463
8010001 2.13538
8020001 10.7801
8030001 3.83162
8040001 5.45253
8050001 6.33823
8060001 1.92666
8070001 1.87163
8080001 3.11132
8090001 4.76701
8100001 6.37927
8110001 6.17719
8120001 1.91232
8130001 1.94233
8140001 4.5141
8150001 6.43214
8160001 6.19743
8170001 1.94959
8180001 2.00267
8190001 4.32467
8200001 6.48385
8210001 6.28144
8220001 1.96161
8230001 1.96585
8240001 3.93713
8250001 5.77546
8260001 6.32168
8270001 1.90848
8280001 1.84919
8290001 3.43904
8300001 4.88549
8310001 6.36161
8320001 1.96033
8330001 1.85918
8340001 2.16164
8350001 4.60235
8360001 6.40936
8370001 6.17366
8380001 1.9891
8390001 2.01908
8400001 4.37669
8410001 6.48088
8420001 6.25423
8430001 2.05436
8440001 3.29408
8450001 4.06289
8460001 6.1444
8470001 6.30637
8480001 1.92013
8490001 2.85108
8500001 3.65695
8510001 5.05537
8520001 6.3513
8530001 1.92593
8540001 1.82792
8550001 2.55751
8560001 4.66659
8570001 6.39196
8580001 6.17122
8590001 1.91338
8600001 1.89373
8610001 4.40314
8620001 6.47826
8630001 6.23063
8640001 1.92737
8650001 2.01837
8660001 4.18441
8670001 6.47767
8680001 6.28894
8690001 2.23179
8700001 2.02037
8710001 3.78834
8720001 5.34711
8730001 6.33111
8740001 1.89289
8750001 1.8143
8760001 2.97548
8770001 4.73441
8780001 6.37664
8790001 6.16912
8800001 1.92468
8810001 1.90372
8820001 4.48275
8830001 6.43584
8840001 6.19794
8850001 2.02987
8860001 2.11272
8870001 4.28114
8880001 6.47555
8890001 6.27882
8900001 3.01243
8910001 1.9529
8920001 3.89501
8930001 5.65461
8940001 6.31719
8950001 1.90898
8960001 1.90763
8970001 3.35418
8980001 4.8363
8990001 6.35936
9000001 6.16732
9010001 1.85125
9020001 2.03238
9030001 4.56611
9040001 6.40903
9050001 6.16689
9060001 1.93353
9070001 1.976
9080001 4.36686
9090001 6.47366
9100001 6.25882
9110001 1.91453
9120001 1.89008
9130001 4.01685
9140001 5.99638
9150001 6.30574
9160001 1.92986
9170001 2.01798
9180001 3.59216
9190001 4.9726
9200001 6.34716
9210001 1.90445
9220001 1.82319
9230001 2.42605
9240001 4.64193
9250001 6.38905
9260001 6.1653
9270001 1.91151
9280001 1.93722
9290001 4.38907
9300001 6.47208
9310001 6.23358
9320001 2.03367
9330001 2.20068
9340001 4.14208
9350001 6.47173
9360001 6.29062
9370001 2.28252
9380001 2.03598
9390001 3.74504
9400001 5.24415
9410001 6.33038
9420001 1.9419
9430001 1.85393
9440001 2.82864
9450001 4.70447
9460001 6.37598
9470001 6.16398
9480001 1.8749
9490001 1.90767
9500001 4.44793
9510001 6.44113
9520001 6.20396
9530001 4.53336
9540001 2.04614
9550001 4.2524
9560001 6.47039
9570001 6.27571
9580001 9.1151
9590001 3.22378
9600001 3.85263
9610001 5.53907
9620001 6.31697
9630001 1.99262
9640001 1.85396
9650001 3.2446
9660001 4.79778
9670001 6.36017
9680001 6.16273
9690001 1.85837
9700001 1.93157
9710001 4.53543
9720001 6.40811
9730001 6.1685
9740001 1.9362
9750001 1.96946
9760001 4.34789
9770001 6.46915
9780001 6.25985
9790001 1.98653
9800001 1.96152
9810001 3.97224
9820001 5.86328
9830001 6.30397
9840001 1.95919
9850001 2.53343
9860001 3.51743
9870001 4.91505
9880001 6.34544
9890001 1.94749
9900001 1.87396
9910001 2.29349
9920001 4.62014
9930001 6.38932
9940001 6.16133
9950001 1.90848
9960001 1.96869
9970001 4.37948
9980001 6.46804
9990001 6.23633
10000001 1.99027
10010001 2.30501
10020001 4.0907
10030001 6.26164
10040001 6.29224
10050001 4.46961
10060001 1.98249
10070001 3.69896
10080001 5.13172
10090001 6.33175
10100001 1.92065
10110001 1.8187
10120001 2.6808
10130001 4.68358
10140001 6.37624
10150001 6.16031
10160001 1.87663
10170001 1.94157
10180001 4.42089
10190001 6.45156
10200001 6.21218
10210001 1.94731
10220001 2.21522
10230001 4.21326
10240001 6.46678
10250001 6.27461
10260001 2.11535
10270001 10.7809
10280001 3.82404
10290001 5.42815
10300001 6.31844
10310001 1.92046
10320001 1.85232
10330001 3.09349
10340001 4.75568
10350001 6.35913
10360001 6.15933
10370001 1.90904
10380001 1.92037
10390001 4.50108
10400001 6.4123
10410001 6.18161
10420001 1.95028
10430001 2.00191
10440001 4.31522
10450001 6.46589
10460001 6.26363
10470001 1.96014
10480001 1.91772
10490001 3.92444
10500001 5.74853
10510001 6.30425
10520001 1.89982
10530001 1.84179
10540001 3.42814
10550001 4.86696
10560001 6.34566
10570001 1.97212
10580001 1.85678
10590001 2.15321
10600001 4.59325
10610001 6.39228
10620001 6.15825
10630001 1.96118
10640001 2.02276
10650001 4.36803
10660001 6.46508
10670001 6.24003
10680001 2.05641
10690001 3.27844
10700001 4.04993
10710001 6.11908
10720001 6.29094
10730001 1.9141
10740001 2.83857
10750001 3.65214
10760001 5.04497
10770001 6.33556
10780001 1.9202
10790001 1.82418
10800001 2.54516
10810001 4.65818
10820001 6.37634
10830001 6.15742
10840001 1.90949
10850001 1.89244
10860001 4.39415
10870001 6.46434
10880001 6.21701
10890001 1.93007
10900001 2.01709
10910001 4.17487
10920001 6.46416
10930001 6.275
10940001 2.21836
10950001 2.02805
10960001 3.78309
10970001 5.32575
10980001 6.31854
10990001 1.89415
11000001 1.81325
11010001 2.9663
11020001 4.72715
11030001 6.36268
11040001 6.15667
11050001 1.9254
11060001 1.89584
11070001 4.46952
11080001 6.42428
11090001 6.18563
11100001 2.00909
11110001 2.10072
11120001 4.2747
11130001 6.4635
11140001 6.26602
11150001 3.01214
11160001 1.95156
11170001 3.88921
11180001 5.63256
11190001 6.30491
11200001 1.89596
11210001 1.87714
11220001 3.34109
11230001 4.82419
11240001 6.34647
11250001 6.156
11260001 1.84592
11270001 2.02435
11280001 4.55575
11290001 6.39646
11300001 6.15585
11310001 1.92256
11320001 1.97521
11330001 4.36091
11340001 6.46293
11350001 6.24741
11360001 1.92008
11370001 1.89209
11380001 4.01034
11390001 5.98271
11400001 6.29456
11410001 1.92337
11420001 2.01116
11430001 3.5893
11440001 4.96654
11450001 6.33553
11460001 1.90673
11470001 1.82273
11480001 2.41932
11490001 4.63498
11500001 6.37779
11510001 6.15525
11520001 1.9153
11530001 1.94649
11540001 4.38371
11550001 6.46245
11560001 6.22349
11570001 2.01378
11580001 2.21377
11590001 4.13478
11600001 6.46234
11610001 6.28038
11620001 2.28176
11630001 2.0287
11640001 3.73016
11650001 5.22699
11660001 6.32037
11670001 1.9358
11680001 1.871
11690001 2.81699
11700001 4.69646
11710001 6.36572
11720001 6.15474
11730001 1.89307
11740001 1.90761
11750001 4.44173
11760001 6.43155
11770001 6.19491
11780001 2.7558
11790001 2.05312
11800001 4.24356
11810001 6.46194
11820001 6.26617
11830001 9.11515
11840001 3.2344
11850001 3.84908
11860001 5.52565
11870001 6.30775
11880001 1.98955
11890001 1.85615
11900001 3.23023
11910001 4.79325
11920001 6.3505
11930001 6.15425
11940001 1.84812
11950001 1.93841
11960001 4.52925
11970001 6.40091
11980001 6.16006
11990001 2.76065
12000001 1.97007
12010001 4.33999
12020001 6.46155
12030001 6.25324
12040001 1.99731
12050001 1.94337
12060001 3.96824
12070001 5.84465
12080001 6.29757
12090001 1.95835
12100001 2.5378
12110001 3.51501
12120001 4.90984
12130001 6.33657
12140001 1.9378
12150001 1.86002
12160001 2.27706
12170001 4.61422
12180001 6.38104
12190001 6.15369
12200001 1.91169
12210001 1.96869
12220001 4.37552
12230001 6.4612
12240001 6.2284
12250001 1.99951
12260001 3.20748
12270001 4.08753
12280001 6.25032
12290001 6.28461
12300001 4.466
12310001 1.98002
12320001 3.68937
12330001 5.11931
12340001 6.324
12350001 1.91938
12360001 1.81811
12370001 2.67306
12380001 4.67262
12390001 6.36904
12400001 6.15329
12410001 1.88396
12420001 1.93668
12430001 4.41747
12440001 6.44498
12450001 6.20537
12460001 1.91765
12470001 2.20652
12480001 4.20563
12490001 6.46081
12500001 6.26896
12510001 2.12049
12520001 4.08862
12530001 3.82142
12540001 5.41569
12550001 6.31155
12560001 1.92222
12570001 1.84773
12580001 3.08529
12590001 4.7528
12600001 6.352
12610001 6.15292
12620001 1.91177
12630001 1.92971
12640001 4.49788
12650001 6.40562
12660001 6.17527
12670001 1.94698
12680001 2.05466
12690001 4.31104
12700001 6.46052
12710001 6.25699
12720001 1.95558
12730001 1.9171
12740001 3.92033
12750001 5.73277
12760001 6.29799
12770001 1.90035
12780001 1.82529
12790001 3.41963
12800001 4.85535
12810001 6.34078
12820001 1.97869
12830001 1.8647
12840001 2.14858
12850001 4.59066
12860001 6.38833
12870001 6.1525
12880001 1.95454
12890001 2.01678
12900001 4.36523
12910001 6.46026
12920001 6.23413
12930001 2.05117
12940001 3.27748
12950001 4.04109
12960001 6.10779
12970001 6.2853
12980001 1.91681
12990001 2.83715
13000001 3.63998
13010001 5.03401
13020001 6.3297
13030001 1.92009
13040001 1.82978
13050001 2.52323
13060001 4.65188
13070001 6.37074
13080001 6.15218
13090001 1.90369
13100001 1.89243
13110001 4.389
13120001 6.46001
13130001 6.21482
13140001 1.93321
13150001 2.01576
13160001 4.17291
13170001 6.45995
13180001 6.27145
13190001 2.2018
13200001 2.02724
13210001 3.78128
13220001 5.31702
13230001 6.31338
13240001 1.88832
13250001 1.82579
13260001 2.95384
13270001 4.72523
13280001 6.35747
13290001 6.15189
13300001 1.9244
13310001 1.89574
13320001 4.46478
13330001 6.41991
13340001 6.18201
13350001 2.02997
13360001 2.10112
13370001 4.27265
13380001 6.45975
13390001 6.26096
13400001 3.01698
13410001 1.95599
13420001 3.8794
13430001 5.62113
13440001 6.30035
13450001 1.91603
13460001 1.87143
13470001 3.32987
13480001 4.81627
13490001 6.34269
13500001 6.15164
13510001 1.8607
13520001 2.02118
13530001 4.55367
13540001 6.39182
13550001 6.15156
13560001 1.92608
13570001 1.96807
13580001 4.3563
13590001 6.45956
13600001 6.24353
13610001 1.91927
13620001 1.89493
13630001 4.00349
13640001 5.97036
13650001 6.29037
13660001 1.9313
13670001 2.0043
13680001 3.58731
13690001 4.96485
13700001 6.33104
13710001 1.90983
13720001 1.827
13730001 2.40454
13740001 4.6333
13750001 6.37366
13760001 6.1513
13770001 1.91549
13780001 1.95461
13790001 4.38114
13800001 6.45942
13810001 6.21951
13820001 3.78902
13830001 2.21156
13840001 4.13052
13850001 6.40732
13860001 6.27761
13870001 2.28438
13880001 2.02253
13890001 3.72906
13900001 5.21579
13910001 6.31849
13920001 1.93465
13930001 1.86035
13940001 2.80262
13950001 4.69517
13960001 6.36352
13970001 6.15106
13980001 1.88681
13990001 1.90822
14000001 4.43392
14010001 6.42938
14020001 6.19523
14030001 2.75833
14040001 2.04654
14050001 4.24206
14060001 6.45924
14070001 6.26244
14080001 3.68919
14090001 3.23614
14100001 3.84802
14110001 5.51559
14120001 6.30427
14130001 1.98192
14140001 1.84077
14150001 3.21819
14160001 4.78609
14170001 6.34673
14180001 6.15084
14190001 1.84525
14200001 1.93775
14210001 4.52298
14220001 6.39765
14230001 6.15664
14240001 2.72854
14250001 1.98309
14260001 4.33852
14270001 6.45912
14280001 6.24967
14290001 1.98409
14300001 1.9263
14310001 3.96644
14320001 5.83513
14330001 6.29441
14340001 1.9623
14350001 1.95836
14360001 3.5142
14370001 4.90859
14380001 6.3331
14390001 1.94548
14400001 1.85755
14410001 2.27072
14420001 4.61066
14430001 6.378
14440001 6.15061
14450001 1.91122
14460001 1.96601
14470001 4.37439
14480001 6.45903
14490001 6.2253
14500001 1.99156
14510001 3.21069
14520001 4.08204
14530001 6.2384
14540001 6.28171
14550001 4.46443
14560001 3.49324
14570001 3.6773
14580001 5.10595
14590001 6.3218
14600001 1.92019
14610001 1.82098
14620001 2.66487
14630001 4.67118
14640001 6.36613
14650001 6.15046
14660001 1.87736
14670001 1.94188
14680001 4.41289
14690001 6.44266
14700001 6.20271
14710001 1.91591
14720001 2.22171
14730001 4.19976
14740001 6.45893
14750001 6.26614
14760001 2.12033
14770001 4.08266
14780001 3.82066
14790001 5.40867
14800001 6.30895
14810001 1.96193
14820001 1.85656
14830001 3.07309
14840001 4.75226
14850001 6.34923
14860001 6.1503
14870001 1.91099
14880001 1.92017
14890001 4.49482
14900001 6.4079
14910001 6.17509
14920001 1.94529
14930001 2.05604
14940001 4.30787
14950001 6.45886
14960001 6.25535
14970001 1.96134
14980001 1.91826
14990001 3.91961
15000001 5.72246
15010001 6.29783
15020001 1.89551
15030001 1.82452
15040001 3.41873
15050001 4.85012
15060001 6.33818
15070001 2.71137
15080001 1.85519
15090001 2.13816
15100001 4.58487
15110001 6.3861
15120001 6.15012
15130001 1.93037
15140001 1.94874
15150001 4.36445
15160001 6.45881
15170001 6.23181
15180001 2.0522
15190001 3.27946
15200001 4.04057
15210001 6.09502
15220001 6.28324
15230001 1.91777
15240001 2.83768
15250001 3.63229
15260001 5.02594
15270001 6.32745
15280001 1.91162
15290001 1.83165
15300001 2.51564
15310001 4.64387
15320001 6.371
15330001 6.15001
15340001 1.88292
15350001 1.90326
15360001 4.38849
15370001 6.45878
15380001 6.2127
15390001 1.94258
15400001 2.0326
15410001 4.16834
15420001 6.45877
15430001 6.27023
15440001 2.23731
15450001 2.02701
15460001 3.7808
15470001 5.30829
15480001 6.31151
15490001 1.89588
15500001 1.83494
15510001 2.94225
15520001 4.72492
15530001 6.35555
15540001 6.1499
15550001 1.92457
15560001 1.89389
15570001 4.46426
15580001 6.42208
15590001 6.18018
15600001 2.00855
15610001 2.09453
15620001 4.26994
15630001 6.45875
15640001 6.25893
15650001 3.02158
15660001 1.96136
15670001 3.87163
15680001 5.60772
15690001 6.29878
15700001 1.8946
15710001 1.8616
15720001 3.32104
15730001 4.81038
15740001 6.34184
15750001 6.14981
15760001 1.85664
15770001 2.0168
15780001 4.5532
15790001 6.39071
15800001 6.14979
15810001 1.91989
15820001 1.9851
15830001 4.35584
15840001 6.45874
15850001 6.24179
15860001 1.92399
15870001 1.90661
15880001 4.00098
15890001 5.95996
15900001 6.28896
15910001 1.89426
15920001 1.99796
15930001 3.57706
15940001 4.96162
15950001 6.32939
15960001 1.90515
15970001 1.82091
15980001 2.38599
15990001 4.63208
16000001 6.37227
16010001 6.1497
16020001 1.91487
16030001 1.95655
16040001 4.37866
16050001 6.45873
16060001 6.22057
16070001 3.81059
16080001 2.20281
16090001 4.13047
16100001 6.3813
16110001 6.27763
16120001 3.38274
16130001 2.02051
16140001 3.72887
16150001 5.20549
16160001 6.31714
16170001 1.93552
16180001 1.86074
16190001 2.79192
16200001 4.69509
16210001 6.36229
16220001 6.14961
16230001 1.91335
16240001 1.93201
16250001 4.43328
16260001 6.42851
16270001 6.19396
16280001 2.75801
16290001 2.03721
16300001 4.24182
16310001 6.45874
16320001 6.26114
16330001 3.69001
16340001 3.24292
16350001 3.83993
16360001 5.50593
16370001 6.30324
16380001 1.98971
16390001 1.81888
16400001 3.2082
16410001 4.77872
16420001 6.34735
16430001 6.14955
16440001 1.83978
16450001 1.93381
16460001 4.52269
16470001 6.39676
16480001 6.15538
16490001 2.72685
16500001 2.01714
16510001 4.33114
16520001 6.45875
16530001 6.25117
16540001 1.98946
16550001 1.95105
16560001 3.95558
16570001 5.83013
16580001 6.29356
16590001 1.9764
16600001 1.94033
16610001 3.51055
16620001 4.90849
16630001 6.33199
16640001 1.94598
16650001 1.85499
16660001 2.2627
16670001 4.61066
16680001 6.37719
16690001 6.14949
16700001 1.89905
16710001 1.96907
16720001 4.37266
16730001 6.45878
16740001 6.22428
16750001 1.96961
16760001 3.23127
16770001 4.07909
16780001 6.22348
16790001 6.28093
16800001 4.46442
16810001 3.49645
16820001 3.67576
16830001 5.09749
16840001 6.324
16850001 1.91181
16860001 1.81378
16870001 2.65315
16880001 4.67126
16890001 6.36651
16900001 6.14945
16910001 1.87322
16920001 1.90345
16930001 4.4055
16940001 6.44541
16950001 6.20342
16960001 1.91686
16970001 2.21204
16980001 4.19865
16990001 6.45881
17000001 6.26533
17010001 2.13149
17020001 4.07952
17030001 3.81793
17040001 5.40284
17050001 6.30834
17060001 2.01272
17070001 1.84382
17080001 3.05981
17090001 4.74817
17100001 6.34853
17110001 6.14942
17120001 1.91267
17130001 1.91205
17140001 4.49131
17150001 6.40751
17160001 6.17443
17170001 1.96121
17180001 2.04739
17190001 4.30805
17200001 6.45885
17210001 6.25456
17220001 1.9672
17230001 1.9234
17240001 3.91973
17250001 5.71385
17260001 6.29741
17270001 1.89987
17280001 1.82447
17290001 3.41896
17300001 4.85035
17310001 6.33752
17320001 3.66233
17330001 1.84843
17340001 2.13219
17350001 4.57923
17360001 6.38573
17370001 6.14939
17380001 1.91844
17390001 1.96388
17400001 4.36467
17410001 6.45889
17420001 6.23124
17430001 2.04964
17440001 3.2774
17450001 4.03662
17460001 6.08414
17470001 6.28288
17480001 1.93227
17490001 2.8354
17500001 3.62479
17510001 5.01385
17520001 6.3279
17530001 1.91107
17540001 1.82958
17550001 2.50763
17560001 4.6425
17570001 6.37068
17580001 6.14938
17590001 1.88307
17600001 1.89941
17610001 4.38843
17620001 6.45893
17630001 6.2122
17640001 1.93327
17650001 2.02506
17660001 4.1628
17670001 6.45894
17680001 6.26983
17690001 2.22401
17700001 2.03017
17710001 3.78109
17720001 5.30252
17730001 6.31123
17740001 1.88983
17750001 1.83426
17760001 2.9303
17770001 4.72553
17780001 6.35526
17790001 6.14936
17800001 1.9257
17810001 1.89502
17820001 4.46357
17830001 6.42208
17840001 6.18419
17850001 2.01912
17860001 2.08844
17870001 4.26898
17880001 6.45898
17890001 6.25852
17900001 3.01916
17910001 1.9458
17920001 3.87204
17930001 5.59936
17940001 6.30077
17950001 1.89653
17960001 1.8572
17970001 3.31743
17980001 4.81089
17990001 6.34146
18000001 6.14935
18010001 1.85264
18020001 2.01201
18030001 4.54912
18040001 6.39056
18050001 6.14935
18060001 1.91686
18070001 1.97509
18080001 4.35623
18090001 6.45903
18100001 6.24144
18110001 1.91353
18120001 1.93261
18130001 4.00129
18140001 5.95005
18150001 6.28889
18160001 1.89347
18170001 2.00194
18180001 3.56698
18190001 4.95625
18200001 6.32915
18210001 1.9106
18220001 1.82874
18230001 2.37806
18240001 4.62756
18250001 6.37287
18260001 6.14934
18270001 1.9045
18280001 1.95594
18290001 4.37914
18300001 6.45907
18310001 6.22033
18320001 3.79815
18330001 2.36692
18340001 4.12502
18350001 6.3693
18360001 6.27921
18370001 3.39272
18380001 2.0228
18390001 3.72935
18400001 5.19668
18410001 6.31703
18420001 1.92652
18430001 1.86633
18440001 2.78326
18450001 4.69579
18460001 6.36229
18470001 6.14934
18480001 1.9233
18490001 1.92512
18500001 4.43384
18510001 6.43216
18520001 6.19386
18530001 2.75821
18540001 3.29248
18550001 4.23856
18560001 6.45914
18570001 6.26101
18580001 3.69028
18590001 10.7356
18600001 3.83476
18610001 5.49439
18620001 6.3033
18630001 1.96888
18640001 1.81929
18650001 3.20058
18660001 4.77293
18670001 6.34728
18680001 6.14934
18690001 1.84009
18700001 1.93063
18710001 4.52315
18720001 6.39808
18730001 6.1552
18740001 2.72043
18750001 2.0508
18760001 4.32584
18770001 6.45919
18780001 6.25098
18790001 1.9819
18800001 1.95748
18810001 3.94877
18820001 5.82259
18830001 6.2937
18840001 1.97241
18850001 1.93703
18860001 3.49976
18870001 4.90787
18880001 6.33192
18890001 1.94392
18900001 1.86185
18910001 2.24891
18920001 4.60924
18930001 6.38021
18940001 6.14935
18950001 1.89973
18960001 1.96935
18970001 4.36943
18980001 6.45925
18990001 6.22731
19000001 1.97232
19010001 3.22143
19020001 4.07976
19030001 6.21278
19040001 6.28163
19050001 4.46398
19060001 3.49236
19070001 3.67632
19080001 5.09125
19090001 6.32402
19100001 1.92167
19110001 1.81524
19120001 2.64279
19130001 4.67194
19140001 6.36667
19150001 6.14935
19160001 1.87422
19170001 1.90453
19180001 4.40618
19190001 6.45354
19200001 6.20351
19210001 1.91671
19220001 2.2151
19230001 4.19939
19240001 6.45931
19250001 6.26536
19260001 2.12259
19270001 4.08091
19280001 3.80698
19290001 5.39355
19300001 6.30848
19310001 2.00349
19320001 1.82905
19330001 3.05085
19340001 4.74386
19350001 6.35088
19360001 6.14936
19370001 1.90849
19380001 1.90595
19390001 4.49187
19400001 6.40777
19410001 6.17453
19420001 1.96667
19430001 2.04494
19440001 4.3016
19450001 6.45936
19460001 6.25638
19470001 1.95097
19480001 1.92185
19490001 3.91557
19500001 5.70906
19510001 6.29764
19520001 1.90662
19530001 1.83184
19540001 3.40926
19550001 4.85101
19560001 6.33755
19570001 3.92919
19580001 1.83226
19590001 2.11745
19600001 4.57994
19610001 6.38594
19620001 6.14936
19630001 1.93768
19640001 1.95856
19650001 4.36422
19660001 6.45942
19670001 6.23132
19680001 2.05232
19690001 3.27714
19700001 4.03211
19710001 6.06029
19720001 6.28308
19730001 1.94193
19740001 2.84113
19750001 3.62202
19760001 5.00724
19770001 6.328
19780001 1.91758
19790001 1.83663
19800001 2.50106
19810001 4.64317
19820001 6.3709
19830001 6.14937
19840001 1.88683
19850001 1.90046
19860001 4.38636
19870001 6.45947
19880001 6.21337
19890001 2.02706
19900001 2.01533
19910001 4.15995
19920001 6.45948
19930001 6.26996
19940001 2.22386
19950001 2.03384
19960001 3.77894
19970001 5.29869
19980001 6.31141
19990001 1.89374
20000001 1.83228
20010001 2.91786
20020001 4.72117
20030001 6.35545
20040001 6.14938
20050001 1.92766
20060001 1.90556
20070001 4.45899
20080001 6.42244
20090001 6.18437
20100001 4.51739
20110001 2.08595
20120001 4.26965
20130001 6.45953
20140001 6.25905
20150001 9.08176
20160001 1.93516
20170001 3.87261
20180001 5.59185
20190001 6.30104
20200001 1.90214
20210001 1.87263
20220001 3.31304
20230001 4.81156
20240001 6.34153
20250001 6.14939
20260001 1.85455
20270001 1.99571
20280001 4.54701
20290001 6.39079
20300001 6.1494
20310001 1.93182
20320001 1.98569
20330001 4.35679
20340001 6.45958
20350001 6.24154
20360001 1.91477
20370001 2.02486
20380001 3.99646
20390001 5.94093
20400001 6.28917
20410001 1.8945
20420001 2.00602
20430001 3.56015
20440001 4.94771
20450001 6.32978
20460001 1.92967
20470001 1.83316
20480001 2.36963
20490001 4.62805
20500001 6.37317
20510001 6.14942
20520001 1.90868
20530001 1.95429
20540001 4.37972
20550001 6.45964
20560001 6.22048
20570001 3.80381
20580001 2.36387
20590001 4.11557
20600001 6.36493
20610001 6.27945
20620001 3.39141
20630001 1.974
20640001 3.72987
20650001 5.19088
20660001 6.31722
20670001 1.94495
20680001 1.86816
20690001 2.76687
20700001 4.69652
20710001 6.36258
20720001 6.14943
20730001 1.91207
20740001 1.92721
20750001 4.43392
20760001 6.43256
20770001 6.19675
20780001 2.76246
20790001 3.30544
20800001 4.23653
20810001 6.4597
20820001 6.2621
20830001 3.68953
20840001 10.7569
20850001 3.83522
20860001 5.48837
20870001 6.30706
20880001 1.9726
20890001 1.81993
20900001 3.18926
20910001 4.77371
20920001 6.34748
20930001 6.14945
20940001 1.83843
20950001 1.9278
20960001 4.5154
20970001 6.39841
20980001 6.15532
20990001 2.72389
21000001 2.03715
21010001 4.32639
21020001 6.45976
21030001 6.25108
21040001 1.9844
21050001 1.95804
21060001 3.94924
21070001 5.81164
21080001 6.29403
21090001 1.95015
21100001 1.93874
21110001 3.48729
21120001 4.90141
21130001 6.33208
21140001 1.94068
21150001 1.84943
21160001 2.23931
21170001 4.60401
21180001 6.38099
21190001 6.14947
21200001 1.90507
21210001 1.96618
21220001 4.36996
21230001 6.45981
21240001 6.22751
21250001 1.96741
21260001 3.22228
21270001 4.07768
21280001 6.20515
21290001 6.28204
21300001 4.4633
21310001 3.48868
21320001 3.6768
21330001 5.08534
21340001 6.32424
21350001 1.91589
21360001 1.81853
21370001 2.63703
21380001 4.67255
21390001 6.36697
21400001 6.14949
21410001 1.87527
21420001 1.8934
21430001 4.40677
21440001 6.45673
21450001 6.2038
21460001 1.91478
21470001 2.21382
21480001 4.1979
21490001 6.45987
21500001 6.26557
21510001 2.12115
21520001 4.07962
21530001 3.80248
21540001 5.38281
21550001 6.30876
21560001 1.99618
21570001 1.82736
21580001 3.045
21590001 4.74067
21600001 6.35112
21610001 6.14951
21620001 1.92133
21630001 1.90483
21640001 4.49156
21650001 6.40815
21660001 6.17481
21670001 1.96695
21680001 2.04882
21690001 4.29636
21700001 6.45993
21710001 6.25655
21720001 1.95267
21730001 1.91543
21740001 3.91412
21750001 5.70197
21760001 6.298
21770001 1.90937
21780001 1.82893
21790001 3.39918
21800001 4.84978
21810001 6.33774
21820001 4.02823
21830001 1.83364
21840001 2.08468
21850001 4.57841
21860001 6.38735
21870001 6.14953
21880001 1.94382
21890001 1.95829
21900001 4.36297
21910001 6.45998
21920001 6.23524
21930001 2.07214
21940001 3.27736
21950001 4.03261
21960001 6.04886
21970001 6.28582
21980001 1.92543
21990001 2.84427
22000001 3.62242
22010001 5.0003
22020001 6.32825
22030001 1.91903
22040001 1.83873
22050001 2.49257
22060001 4.64373
22070001 6.37122
22080001 6.14955
22090001 1.88679
22100001 1.9009
22110001 4.38686
22120001 6.46003
22130001 6.21361
22140001 2.02863
22150001 2.02285
22160001 4.1606
22170001 6.46004
22180001 6.27022
22190001 2.3221
22200001 2.02907
22210001 3.7697
22220001 5.29101
22230001 6.3117
22240001 1.90763
22250001 1.83324
22260001 2.90581
22270001 4.71313
22280001 6.35716
22290001 6.14957
22300001 1.92692
22310001 1.90567
22320001 4.45943
22330001 6.42286
22340001 6.18469
22350001 4.52758
22360001 2.0864
22370001 4.26518
22380001 6.46009
22390001 6.25949
22400001 9.11029
22410001 1.94588
22420001 3.86874
22430001 5.58687
22440001 6.3014
22450001 1.91472
22460001 1.87755
22470001 3.30146
22480001 4.81212
22490001 6.34173
22500001 6.14959
22510001 1.85307
22520001 1.98057
22530001 4.54749
22540001 6.39111
22550001 6.1496
22560001 1.93318
22570001 1.98081
22580001 4.35572
22590001 6.46014
22600001 6.24179
22610001 1.92015
22620001 2.0419
22630001 3.99269
22640001 5.9277
22650001 6.28953
22660001 1.90181
22670001 2.53954
22680001 3.5547
22690001 4.93876
22700001 6.3312
22710001 1.94764
22720001 1.84165
22730001 2.36378
22740001 4.62859
22750001 6.37362
22760001 6.14962
22770001 1.90691
22780001 1.95249
22790001 4.38018
22800001 6.46019
22810001 6.22124
22820001 3.81789
22830001 2.38845
22840001 4.11257
22850001 6.35899
22860001 6.27976
22870001 3.38823
22880001 1.97453
22890001 3.72415
22900001 5.18186
22910001 6.31749
22920001 1.94188
22930001 1.86364
22940001 2.75478
22950001 4.69419
22960001 6.36291
22970001 6.14964
22980001 1.90217
22990001 1.93376
23000001 4.42969
23010001 6.43301
23020001 6.19726
23030001 2.76631
23040001 3.30503
23050001 4.23704
23060001 6.46024
23070001 6.26343
23080001 3.68865
23090001 10.7645
23100001 3.83556
23110001 5.48126
23120001 6.30739
23130001 1.97544
23140001 1.8168
23150001 3.17641
23160001 4.77433
23170001 6.34774
23180001 6.14967
23190001 1.83831
23200001 1.92383
23210001 4.51216
23220001 6.39877
23230001 6.15673
23240001 2.72213
23250001 2.04401
23260001 4.32684
23270001 6.46029
23280001 6.25128
23290001 1.98902
23300001 1.95816
23310001 3.94474
23320001 5.79988
23330001 6.2944
23340001 1.93475
23350001 1.94413
23360001 3.47775
23370001 4.89499
23380001 6.33339
23390001 1.93313
23400001 1.84473
23410001 2.23304
23420001 4.60451
23430001 6.38134
23440001 6.14969
23450001 1.93186
23460001 2.00263
23470001 4.37037
23480001 6.46034
23490001 6.22781
23500001 1.96984
23510001 3.22442
23520001 4.07253
23530001 6.20276
23540001 6.28236
23550001 4.46647
23560001 3.48957
23570001 3.67715
23580001 5.08412
23590001 6.32452
23600001 1.91912
23610001 1.81516
23620001 2.62575
23630001 4.67305
23640001 6.36732
23650001 6.14972
23660001 1.87525
23670001 1.89087
23680001 4.40634
23690001 6.45724
23700001 6.20416
23710001 1.9169
23720001 2.21016
23730001 4.19365
23740001 6.4604
23750001 6.26585
23760001 2.11851
23770001 4.07854
23780001 3.8028
23790001 5.3711
23800001 6.30988
23810001 1.99648
23820001 1.83899
23830001 3.04023
23840001 4.74124
23850001 6.35229
23860001 6.14975
23870001 1.92172
23880001 1.91393
23890001 4.4868
23900001 6.41241
23910001 6.17515
23920001 1.97574
23930001 2.07064
23940001 4.29685
23950001 6.46045
23960001 6.25681
23970001 1.95417
23980001 1.91421
23990001 3.91446
24000001 5.69386
24010001 6.29838
24020001 1.90515
24030001 1.85065
24040001 3.39152
24050001 4.84576
24060001 6.33799
24070001 4.30277
24080001 1.82887
24090001 2.07598
24100001 4.57331
24110001 6.3877
24120001 6.14978
24130001 1.93964
24140001 1.96006
24150001 4.36337
24160001 6.46049
24170001 6.23556
24180001 1.91768
24190001 3.26969
24200001 4.03035
24210001 6.04021
24220001 6.28623
24230001 1.93816
24240001 2.85523
24250001 3.62272
24260001 5.00078
24270001 6.32854
24280001 1.92373
24290001 1.82894
24300001 2.48581
24310001 4.64419
24320001 6.37157
24330001 6.1498
24340001 1.89428
24350001 1.9256
24360001 4.38726
24370001 6.46054
24380001 6.21392
24390001 2.02771
24400001 2.05598
24410001 4.15837
24420001 6.46055
24430001 6.27052
24440001 2.29667
24450001 2.023
24460001 3.75933
24470001 5.28238
24480001 6.31203
24490001 1.90341
24500001 1.8436
24510001 2.89755
24520001 4.71111
24530001 6.35752
24540001 6.14983
24550001 1.92756
24560001 1.90127
24570001 4.45792
24580001 6.42327
24590001 6.18505
24600001 4.52779
24610001 2.00876
24620001 4.26077
24630001 6.46059
24640001 6.25975
24650001 9.11748
24660001 3.21937
24670001 3.86718
24680001 5.58202
24690001 6.30178
24700001 1.91258
24710001 1.86659
24720001 3.29221
24730001 4.81258
24740001 6.34198
24750001 6.14985
24760001 1.85482
24770001 1.95369
24780001 4.54605
24790001 6.39467
24800001 6.14986
24810001 1.92123
24820001 1.99495
24830001 4.35215
24840001 6.46064
24850001 6.2448
24860001 1.91867
24870001 2.06822
24880001 3.99299
24890001 5.92007
24900001 6.29139
24910001 1.88984
24920001 2.53351
24930001 3.555
24940001 4.93544
24950001 6.33148
24960001 1.95008
24970001 1.85716
24980001 2.35717
24990001 4.62904
25000001 6.37397
25010001 6.14988
25020001 1.88287
25030001 1.95449
25040001 4.38055
25050001 6.46068
25060001 6.22156
25070001 3.81171
25080001 2.36751
25090001 4.11302
25100001 6.34656
25110001 6.2801
25120001 3.38136
25130001 1.97934
25140001 3.71603
25150001 5.17504
25160001 6.31779
25170001 1.9627
25180001 1.87583
25190001 2.74445
25200001 4.68823
25210001 6.3653
25220001 6.1499
25230001 1.89998
25240001 1.91239
25250001 4.43008
25260001 6.43343
25270001 6.19764
25280001 2.76805
25290001 3.30744
25300001 4.23047
25310001 6.46073
25320001 6.26378
25330001 3.68639
25340001 10.7682
25350001 3.83583
25360001 5.47502
25370001 6.30773
25380001 1.92501
25390001 1.8134
25400001 3.16701
25410001 4.77483
25420001 6.34803
25430001 6.14993
25440001 1.83973
25450001 1.91725
25460001 4.51249
25470001 6.39913
25480001 6.1675
25490001 2.71836
25500001 2.07582
25510001 4.32607
25520001 6.46077
25530001 6.25153
25540001 1.99496
25550001 1.9561
25560001 3.9416
25570001 5.78443
25580001 6.29477
25590001 1.92822
25600001 1.95534
25610001 3.46626
25620001 4.88633
25630001 6.3348
25640001 1.94288
25650001 1.84921
25660001 2.21685
25670001 4.60492
25680001 6.38345
25690001 6.14995
25700001 1.9656
25710001 2.01802
25720001 4.37071
25730001 6.46081
25740001 6.22844
25750001 1.98933
25760001 3.2339
25770001 4.06746
25780001 6.191
25790001 6.28269
25800001 4.46473
25810001 3.49177
25820001 3.67282
25830001 5.07556
25840001 6.32481
25850001 1.89628
25860001 1.81578
25870001 2.61359
25880001 4.66992
25890001 6.36766
25900001 6.14998
25910001 1.90317
25920001 1.89162
25930001 4.40116
25940001 6.4577
25950001 6.20695
25960001 1.90582
25970001 2.20755
25980001 4.19408
25990001 6.46086
26000001 6.26709
26010001 2.12091
26020001 4.08042
26030001 3.80305
26040001 5.36375
26050001 6.3102
26060001 1.98979
26070001 1.80996
26080001 3.02622
26090001 4.7417
26100001 6.35259
26110001 6.15
26120001 1.92605
26130001 1.91879
26140001 4.48349
26150001 6.41276
26160001 6.17649
26170001 2.02873
26180001 2.07741
26190001 4.29726
26200001 6.4609
26210001 6.25707
26220001 3.02172
26230001 1.91791
26240001 3.90752
26250001 5.68316
26260001 6.29874
26270001 1.9046
26280001 1.84952
26290001 3.38335
26300001 4.8373
26310001 6.33959
26320001 4.64465
26330001 1.84695
26340001 2.06884
26350001 4.57367
26360001 6.38801
26370001 6.15002
26380001 1.93492
26390001 1.95696
26400001 4.36369
26410001 6.46093
26420001 6.23638
26430001 1.90938
26440001 3.27396
26450001 4.02416
26460001 6.03472
26470001 6.28657
26480001 1.92453
26490001 2.85617
26500001 3.62296
26510001 5.00116
26520001 6.32881
26530001 1.90721
26540001 1.83448
26550001 2.47094
26560001 4.64455
26570001 6.37188
26580001 6.15004
26590001 1.87754
26600001 1.92231
26610001 4.38715
26620001 6.46097
26630001 6.2142
26640001 2.03092
26650001 2.15555
26660001 4.15606
26670001 6.46097
26680001 6.2708
26690001 2.28814
26700001 2.04197
26710001 3.75851
26720001 5.27301
26730001 6.31577
26740001 1.93721
26750001 1.82955
26760001 2.88862
26770001 4.71151
26780001 6.35982
26790001 6.15005
26800001 1.86079
26810001 1.9048
26820001 4.4516
26830001 6.42464
26840001 6.18536
26850001 4.52771
26860001 2.02795
26870001 4.26115
26880001 6.46101
26890001 6.25999
26900001 9.11962
26910001 3.2243
26920001 3.86743
26930001 5.57489
26940001 6.3021
26950001 1.92924
26960001 1.87642
26970001 3.28595
26980001 4.80746
26990001 6.3422
27000001 6.15007
27010001 1.86294
27020001 1.95072
27030001 4.54254
27040001 6.39497
27050001 6.15007
27060001 1.93344
27070001 1.99338
27080001 4.35243
27090001 6.46104
27100001 6.24504
27110001 1.91915
27120001 2.04544
27130001 3.99236
27140001 5.90979
27150001 6.29283
27160001 1.88659
27170001 2.51401
27180001 3.55524
27190001 4.93581
27200001 6.33172
27210001 1.96813
27220001 1.84994
27230001 2.34494
27240001 4.62409
27250001 6.37426
27260001 6.15009
27270001 1.88573
27280001 1.93956
27290001 4.38084
27300001 6.46107
27310001 6.22182
27320001 3.80823
27330001 2.32717
27340001 4.11177
27350001 6.33268
27360001 6.28037
27370001 3.38107
27380001 1.97894
27390001 3.70786
27400001 5.16481
27410001 6.31804
27420001 1.94269
27430001 1.83384
27440001 2.73339
27450001 4.6863
27460001 6.3656
27470001 6.15011
27480001 1.90125
27490001 1.91479
27500001 4.4281
27510001 6.43378
27520001 6.19794
27530001 2.7684
27540001 3.3027
27550001 4.22066
27560001 6.46112
27570001 6.26402
27580001 3.68249
27590001 10.7738
27600001 3.83603
27610001 5.47059
27620001 6.30801
27630001 1.92605
27640001 1.8178
27650001 3.15466
27660001 4.77522
27670001 6.34828
27680001 6.15013
27690001 1.84099
27700001 1.91163
27710001 4.51246
27720001 6.40168
27730001 6.17078
27740001 2.72209
27750001 2.05793
27760001 4.32389
27770001 6.46115
27780001 6.25287
27790001 1.9918
27800001 1.96601
27810001 3.94184
27820001 5.77801
27830001 6.29645
27840001 1.92367
27850001 1.9302
27860001 3.46645
27870001 4.88346
27880001 6.33503
27890001 1.95007
27900001 1.84664
27910001 2.20873
27920001 4.60388
27930001 6.38372
27940001 6.15015
27950001 1.93873
27960001 2.01866
27970001 4.37096
27980001 6.46119
27990001 6.22868
28000001 1.96486
28010001 3.23261
28020001 4.06775
28030001 6.18589
28040001 6.28296
28050001 4.47533
28060001 3.48937
28070001 3.66691
28080001 5.07052
28090001 6.32505
28100001 1.90708
28110001 1.81582
28120001 2.60511
28130001 4.65971
28140001 6.36952
28150001 6.15017
28160001 1.90034
28170001 1.89025
28180001 4.40145
28190001 6.45806
28200001 6.20722
28210001 1.9469
28220001 2.20272
28230001 4.19002
28240001 6.46123
28250001 6.26792
28260001 2.13846
28270001 4.07928
28280001 3.80325
28290001 5.35922
28300001 6.31046
28310001 1.99116
28320001 1.81403
28330001 3.01278
28340001 4.74206
28350001 6.35284
28360001 6.15019
28370001 1.91915
28380001 1.91292
28390001 4.48372
28400001 6.41306
28410001 6.17676
28420001 2.01894
28430001 2.07709
28440001 4.29493
28450001 6.46126
28460001 6.25729
28470001 3.00903
28480001 1.92319
28490001 3.90268
28500001 5.67353
28510001 6.29905
28520001 1.90272
28530001 1.8573
28540001 3.37491
28550001 4.83086
28560001 6.34025
28570001 5.55167
28580001 1.84246
28590001 2.05908
28600001 4.57396
28610001 6.38954
28620001 6.15021
28630001 1.91519
28640001 1.95919
28650001 4.36394
28660001 6.4613
28670001 6.23781
28680001 1.90773
28690001 1.87951
28700001 4.02146
28710001 6.02707
28720001 6.28685
28730001 1.91588
28740001 2.01647
28750001 3.61619
28760001 4.99692
28770001 6.32905
28780001 1.90532
28790001 1.83247
28800001 2.45805
28810001 4.64347
28820001 6.37216
28830001 6.15023
28840001 1.88524
28850001 1.93318
28860001 4.38413
28870001 6.46133
28880001 6.21754
28890001 2.04097
28900001 2.15861
28910001 4.15639
28920001 6.46134
28930001 6.27492
28940001 2.29364
28950001 2.06336
28960001 3.7587
28970001 5.26771
28980001 6.31603
28990001 1.94526
29000001 1.82848
29010001 2.87638
29020001 4.71184
29030001 6.3601
29040001 6.15024
29050001 1.86953
29060001 1.90017
29070001 4.4481
29080001 6.42495
29090001 6.18604
29100001 4.52779
29110001 2.03673
29120001 4.26147
29130001 6.46137
29140001 6.26021
29150001 9.11672
29160001 3.22701
29170001 3.85961
29180001 5.56375
29190001 6.3024
29200001 1.92399
29210001 1.8841
29220001 3.27573
29230001 4.80244
29240001 6.34444
29250001 6.15026
29260001 1.85747
29270001 1.94872
29280001 4.54279
29290001 6.39525
29300001 6.15027
29310001 1.92693
29320001 1.98691
29330001 4.34784
29340001 6.4614
29350001 6.24691
29360001 1.91776
29370001 2.05808
29380001 3.9873
29390001 5.89751
29400001 6.29312
29410001 1.89526
29420001 2.5284
29430001 3.55319
29440001 4.93613
29450001 6.33196
29460001 1.94287
29470001 1.8448
29480001 2.33337
29490001 4.62438
29500001 6.37453
29510001 6.15028
29520001 1.89915
29530001 1.93961
29540001 4.3807
29550001 6.46143
29560001 6.22207
29570001 3.81066
29580001 2.30724
29590001 4.10745
29600001 6.29256
29610001 6.28064
29620001 3.38695
29630001 1.99321
29640001 3.70481
29650001 5.15514
29660001 6.32141
29670001 1.94379
29680001 1.83486
29690001 2.72524
29700001 4.68659
29710001 6.36657
29720001 6.1503
29730001 1.8922
29740001 1.93962
29750001 4.42215
29760001 6.43749
29770001 6.20066
29780001 2.77074
29790001 3.30047
29800001 4.22093
29810001 6.46146
29820001 6.26427
29830001 3.68654
29840001 10.7745
29850001 3.83465
29860001 5.46018
29870001 6.30828
29880001 1.9171
29890001 1.83054
29900001 3.13834
29910001 4.7713
29920001 6.34852
29930001 6.15032
29940001 1.83884
29950001 1.93473
29960001 4.50688
29970001 6.40196
29980001 6.171
29990001 2.72238
