1 15.8474
10001 10.2093
20001 6.99483
30001 4.26461
40001 3.48667
50001 2.79748
60001 2.97029
70001 2.14384
80001 2.206
90001 1.93896
100001 2.13947
110001 2.05222
120001 2.63916
130001 1.98823
140001 1.47611
150001 3.09866
160001 1.52804
170001 1.85737
180001 1.48763
190001 1.97833
200001 1.82805
210001 1.26825
220001 2.28915
230001 1.30413
240001 5.7457
250001 1.40431
260001 1.77714
270001 1.77424
280001 3.18702
290001 1.97238
300001 1.26234
310001 3.95379
320001 1.37474
330001 1.88367
340001 1.67488
350001 1.98283
360001 1.76884
370001 1.19513
380001 2.42149
390001 1.36437
400001 1.69856
410001 1.36707
420001 1.76347
430001 1.759
440001 1.2016
450001 2.04937
460001 1.2238
470001 1.5738
480001 1.36377
490001 1.73889
500001 1.742
510001 2.43929
520001 1.77983
530001 1.22045
540001 3.07247
550001 1.361
560001 1.72273
570001 1.36859
580001 1.90113
590001 1.76056
600001 1.1884
610001 2.25518
620001 1.24118
630001 5.73442
640001 1.36755
650001 1.75277
660001 1.75692
670001 3.17763
680001 1.96298
690001 1.24649
700001 3.95006
710001 1.36634
720001 1.73009
730001 1.67196
740001 2.09216
750001 1.76945
760001 1.19731
770001 2.42413
780001 1.36691
790001 1.70148
800001 1.37342
810001 1.76896
820001 1.76303
830001 1.20796
840001 2.05404
850001 1.23413
860001 1.58206
870001 1.37196
880001 1.74504
890001 1.75019
900001 2.48439
910001 1.78756
920001 1.23001
930001 3.07646
940001 1.37071
950001 1.72919
960001 1.3778
970001 1.9077
980001 1.76872
990001 1.19959
1000001 2.26234
1010001 1.25166
1020001 5.73663
1030001 1.37695
1040001 1.76052
1050001 1.76375
1060001 3.18156
1070001 1.97356
1080001 1.25653
1090001 3.99311
1100001 1.37519
1110001 1.73694
1120001 1.67899
1130001 2.08643
1140001 1.77593
1150001 1.20673
1160001 2.42883
1170001 1.37491
1180001 1.70773
1190001 1.38111
1200001 1.77479
1210001 1.76918
1220001 1.21651
1230001 2.05904
1240001 1.24528
1250001 1.59813
1260001 1.37911
1270001 1.75073
1280001 1.75584
1290001 2.48762
1300001 1.79693
1310001 1.23838
1320001 3.08084
1330001 1.37717
1340001 1.73408
1350001 1.38411
1360001 1.91303
1370001 1.77331
1380001 1.2066
1390001 2.26591
1400001 1.26187
1410001 2.06975
1420001 1.38262
1430001 1.76818
1440001 1.76818
1450001 3.18365
1460001 1.97737
1470001 1.26473
1480001 4.6146
1490001 1.38042
1500001 1.74094
1510001 1.73762
1520001 2.08939
1530001 1.78006
1540001 1.21453
1550001 2.43161
1560001 1.37964
1570001 1.71789
1580001 1.38571
1590001 1.7843
1600001 1.77261
1610001 1.22238
1620001 2.07098
1630001 1.25263
1640001 1.60255
1650001 1.38326
1660001 1.75334
1670001 1.75928
1680001 2.48985
1690001 1.80023
1700001 1.24266
1710001 3.0829
1720001 1.38095
1730001 1.73702
1740001 1.38774
1750001 1.92324
1760001 1.77633
1770001 1.33585
1780001 2.26794
1790001 1.2664
1800001 2.07188
1810001 1.38593
1820001 1.77048
1830001 1.77067
1840001 3.2899
1850001 1.97955
1860001 1.2676
1870001 4.61545
1880001 1.38342
1890001 1.74322
1900001 1.74117
1910001 2.09124
1920001 1.7823
1930001 1.21805
1940001 2.43324
1950001 1.38236
1960001 1.71967
1970001 1.38844
1980001 1.78627
1990001 1.77472
2000001 1.22477
2010001 2.0998
2020001 1.25514
2030001 1.60451
2040001 1.38565
2050001 1.75547
2060001 1.7612
2070001 2.49105
2080001 1.80217
2090001 1.24606
2100001 3.08388
2110001 1.38312
2120001 1.73896
2130001 1.38984
2140001 1.92506
2150001 1.77791
2160001 1.33765
2170001 2.26989
2180001 1.26849
2190001 2.07307
2200001 1.38783
2210001 1.7719
2220001 1.77215
2230001 3.29068
2240001 1.98067
2250001 1.26985
2260001 4.61666
2270001 1.38515
2280001 1.74515
2290001 1.74284
2300001 2.09242
2310001 1.78357
2320001 1.22018
2330001 2.50832
2340001 1.38394
2350001 1.70268
2360001 1.38996
2370001 1.78736
2380001 1.77588
2390001 1.22665
2400001 2.10655
2410001 1.25678
2420001 1.60684
2430001 1.38704
2440001 1.75644
2450001 1.76267
2460001 2.49227
2470001 1.80351
2480001 1.24747
2490001 3.08451
2500001 1.38449
2510001 1.7432
2520001 1.39106
2530001 1.92604
2540001 1.77889
2550001 1.33902
2560001 2.40451
2570001 1.26988
2580001 2.07491
2590001 1.38908
2600001 1.7728
2610001 1.77323
2620001 3.29124
2630001 1.99397
2640001 1.27088
2650001 4.61909
2660001 1.38628
2670001 1.74521
2680001 1.74427
2690001 2.09322
2700001 1.78432
2710001 1.21952
2720001 2.50851
2730001 1.38488
2740001 1.70293
2750001 1.39088
2760001 1.78818
2770001 1.77659
2780001 1.2093
2790001 2.10721
2800001 1.25792
2810001 1.61008
2820001 1.38798
2830001 1.75708
2840001 1.76387
2850001 2.49273
2860001 1.80624
2870001 1.24853
2880001 3.26416
2890001 1.38526
2900001 1.74481
2910001 1.39181
2920001 1.92671
2930001 1.77949
2940001 1.34426
2950001 2.40516
2960001 1.27082
2970001 2.08287
2980001 1.38977
2990001 1.77438
3000001 1.77375
3010001 3.29211
3020001 1.99455
3030001 1.27156
3040001 4.61922
3050001 1.38691
3060001 1.74508
3070001 1.747
3080001 2.14253
3090001 1.78525
3100001 1.21979
3110001 2.51081
3120001 1.38546
3130001 1.70363
3140001 1.39144
3150001 1.7886
3160001 1.77702
3170001 1.20972
3180001 2.10762
3190001 1.2619
3200001 1.61039
3210001 1.3885
3220001 1.75774
3230001 1.76475
3240001 2.58523
3250001 1.8073
3260001 1.24878
3270001 3.26429
3280001 1.38575
3290001 1.74574
3300001 1.39228
3310001 1.92746
3320001 1.77985
3330001 1.34552
3340001 2.406
3350001 1.27212
3360001 2.08306
3370001 1.39021
3380001 1.77033
3390001 1.77409
3400001 3.2923
3410001 1.9947
3420001 1.27191
3430001 4.61951
3440001 1.38732
3450001 1.74554
3460001 1.74843
3470001 2.1444
3480001 1.7859
3490001 1.22008
3500001 2.51136
3510001 1.38584
3520001 1.70491
3530001 1.39182
3540001 1.79928
3550001 1.7773
3560001 1.21046
3570001 2.10974
3580001 1.26215
3590001 1.61077
3600001 1.38885
3610001 1.75937
3620001 1.76504
3630001 2.58165
3640001 1.80804
3650001 1.26012
3660001 3.26464
3670001 1.38607
3680001 1.74652
3690001 1.39259
3700001 1.92853
3710001 1.78051
3720001 1.34576
3730001 2.40627
3740001 1.27671
3750001 2.47759
3760001 1.3905
3770001 1.77061
3780001 1.77431
3790001 3.29249
3800001 1.99481
3810001 2.65391
3820001 3.88131
3830001 1.3876
3840001 1.7458
3850001 1.7488
3860001 2.1453
3870001 1.7861
3880001 1.22329
3890001 2.51171
3900001 1.3861
3910001 1.7119
3920001 1.39208
3930001 1.79993
3940001 1.77762
3950001 1.21184
3960001 2.11378
3970001 1.26257
3980001 1.61932
3990001 1.38909
4000001 1.75862
4010001 1.76558
4020001 2.58193
4030001 1.80844
4040001 1.26113
4050001 3.26652
4060001 1.38644
4070001 1.74663
4080001 1.39281
4090001 1.9701
4100001 1.78068
4110001 1.95775
4120001 2.40644
4130001 1.27718
4140001 1.65855
4150001 1.39131
4160001 1.77086
4170001 1.77485
4180001 3.45384
4190001 1.99512
4200001 2.65369
4210001 3.88143
4220001 1.3878
4230001 1.74605
4240001 1.74908
4250001 2.14552
4260001 1.78625
4270001 1.22398
4280001 2.51196
4290001 1.38629
4300001 1.71212
4310001 1.39228
4320001 1.79993
4330001 1.77777
4340001 1.21267
4350001 2.11734
4360001 1.2628
4370001 1.61985
4380001 1.38959
4390001 1.75882
4400001 1.76623
4410001 2.58239
4420001 1.809
4430001 1.26233
4440001 3.2666
4450001 1.38665
4460001 1.74665
4470001 1.39298
4480001 1.97058
4490001 1.7809
4500001 2.63922
4510001 2.40661
4520001 1.27723
4530001 1.65863
4540001 1.39148
4550001 1.77118
4560001 1.7751
4570001 3.45398
4580001 2.00609
4590001 2.65426
4600001 3.88144
4610001 1.38829
4620001 1.74669
4630001 1.7498
4640001 2.14592
4650001 1.78679
4660001 1.2243
4670001 2.57475
4680001 1.38645
4690001 1.71251
4700001 1.39244
4710001 1.80005
4720001 1.77789
4730001 1.21304
4740001 2.11763
4750001 1.26304
4760001 1.61994
4770001 1.38977
4780001 1.75894
4790001 1.76677
4800001 2.58383
4810001 1.81368
4820001 1.26258
4830001 3.26671
4840001 1.38679
4850001 1.749
4860001 1.39313
4870001 1.97063
4880001 1.78113
4890001 2.63923
4900001 2.59295
4910001 1.27756
4920001 1.65916
4930001 1.39162
4940001 1.77337
4950001 1.77521
4960001 3.45413
4970001 2.00614
4980001 2.65444
4990001 3.88209
5000001 1.38847
5010001 1.74652
5020001 1.7519
5030001 2.1464
5040001 1.78724
5050001 1.22527
5060001 2.5748
5070001 1.38658
5080001 1.71654
5090001 1.39258
5100001 1.80051
5110001 1.77799
5120001 1.21421
5130001 2.11756
5140001 1.26347
5150001 1.61566
5160001 1.3899
5170001 1.75903
5180001 1.76704
5190001 2.58393
5200001 1.81421
5210001 1.2628
5220001 3.42457
5230001 1.38692
5240001 1.75848
5250001 1.39325
5260001 1.97086
5270001 1.78139
5280001 2.63984
5290001 2.59295
5300001 1.27842
5310001 1.66786
5320001 1.39174
5330001 1.77316
5340001 1.77559
5350001 3.45447
5360001 2.00643
5370001 2.65452
5380001 3.88234
5390001 1.38859
5400001 1.7465
5410001 1.75205
5420001 2.17827
5430001 1.78738
5440001 1.27398
5450001 2.57958
5460001 1.3867
5470001 1.71649
5480001 1.3927
5490001 1.81102
5500001 1.77808
5510001 1.21406
5520001 2.11833
5530001 1.26791
5540001 1.61476
5550001 1.39001
5560001 1.75944
5570001 1.76714
5580001 2.584
5590001 1.81466
5600001 1.26298
5610001 3.42441
5620001 1.38705
5630001 1.75987
5640001 1.39336
5650001 1.97101
5660001 1.78151
5670001 2.64019
5680001 2.59709
5690001 1.28136
5700001 1.66823
5710001 1.39185
5720001 1.77317
5730001 1.77574
5740001 3.45504
5750001 2.00655
5760001 2.65463
5770001 3.88241
5780001 1.38871
5790001 1.74668
5800001 1.75225
5810001 2.18091
5820001 1.78747
5830001 1.27424
5840001 2.57992
5850001 1.38681
5860001 1.71715
5870001 1.39281
5880001 1.81546
5890001 1.77832
5900001 1.2143
5910001 2.13514
5920001 1.26872
5930001 1.61483
5940001 1.39012
5950001 1.76325
5960001 1.76743
5970001 2.7047
5980001 1.81481
5990001 1.25668
6000001 3.42444
6010001 1.38726
6020001 1.76023
6030001 1.39347
6040001 1.99326
6050001 1.7816
6060001 2.64023
6070001 2.59706
6080001 1.28122
6090001 1.66843
6100001 1.39196
6110001 1.77311
6120001 1.77605
6130001 3.45508
6140001 2.0075
6150001 1.88022
6160001 1.61648
6170001 1.38881
6180001 1.7467
6190001 1.7528
6200001 2.1821
6210001 1.78755
6220001 1.27587
6230001 2.5813
6240001 1.38692
6250001 1.71733
6260001 1.39306
6270001 1.81544
6280001 1.77841
6290001 1.21419
6300001 2.13521
6310001 1.26954
6320001 1.61808
6330001 1.39065
6340001 1.76344
6350001 1.76796
6360001 2.70494
6370001 1.83369
6380001 1.24941
6390001 3.42894
6400001 1.38754
6410001 1.76045
6420001 1.39358
6430001 1.99367
6440001 1.78179
6450001 2.64002
6460001 2.59857
6470001 1.28115
6480001 1.67028
6490001 1.39207
6500001 1.77309
6510001 1.77613
6520001 3.56049
6530001 2.00852
6540001 1.88039
6550001 1.6176
6560001 1.38904
6570001 1.74677
6580001 1.75528
6590001 2.18228
6600001 1.7879
6610001 1.2758
6620001 2.58123
6630001 1.38703
6640001 1.72168
6650001 1.39317
6660001 1.8155
6670001 1.77849
6680001 1.21559
6690001 2.1352
6700001 1.26988
6710001 1.61826
6720001 1.39076
6730001 1.76354
6740001 1.76878
6750001 2.70559
6760001 1.83419
6770001 1.25035
6780001 3.42936
6790001 1.38765
6800001 1.76068
6810001 1.39369
6820001 1.99446
6830001 1.78188
6840001 5.10352
6850001 2.59927
6860001 1.28113
6870001 1.67046
6880001 1.39218
6890001 1.77332
6900001 1.77628
6910001 3.59731
6920001 2.00857
6930001 1.88083
6940001 1.6179
6950001 1.38915
6960001 1.74719
6970001 1.75595
6980001 2.18322
6990001 1.78836
7000001 1.27618
7010001 2.62719
7020001 1.38714
7030001 1.72177
7040001 1.39328
7050001 1.81571
7060001 1.77858
7070001 1.21595
7080001 2.13527
7090001 1.27004
7100001 1.6179
7110001 1.39087
7120001 1.76372
7130001 1.76887
7140001 2.70659
7150001 1.83451
7160001 1.25093
7170001 3.42949
7180001 1.38776
7190001 1.76254
7200001 1.3938
7210001 1.99455
7220001 1.78217
7230001 5.10341
7240001 2.3242
7250001 1.28252
7260001 1.67065
7270001 1.39229
7280001 1.77351
7290001 1.77638
7300001 3.59738
7310001 2.00859
7320001 1.88086
7330001 1.6179
7340001 1.38926
7350001 1.74869
7360001 1.75619
7370001 2.18333
7380001 1.78851
7390001 1.27631
7400001 2.62744
7410001 1.38725
7420001 1.72141
7430001 1.39339
7440001 1.81662
7450001 1.77876
7460001 1.21616
7470001 2.13542
7480001 1.27302
7490001 1.63833
7500001 1.39098
7510001 1.76405
7520001 1.76895
7530001 2.70717
7540001 1.83464
7550001 1.25126
7560001 3.5024
7570001 1.38793
7580001 1.75137
7590001 1.39391
7600001 1.99558
7610001 1.78225
7620001 5.10358
7630001 2.32469
7640001 1.28407
7650001 1.67129
7660001 1.39276
7670001 1.77349
7680001 1.77659
7690001 3.59752
7700001 2.00847
7710001 1.88091
7720001 1.62519
7730001 1.38937
7740001 1.74912
7750001 1.75659
7760001 2.21562
7770001 1.7886
7780001 1.26668
7790001 2.62807
7800001 1.38735
7810001 1.72177
7820001 1.3935
7830001 1.83573
7840001 1.77884
7850001 1.20768
7860001 2.13559
7870001 1.27438
7880001 1.63905
7890001 1.39108
7900001 1.76669
7910001 1.7698
7920001 2.7074
7930001 1.83484
7940001 1.25163
7950001 3.51692
7960001 1.38803
7970001 1.7508
7980001 1.39401
7990001 1.99537
8000001 1.78243
8010001 5.10406
8020001 2.3271
8030001 1.28421
8040001 1.67586
8050001 1.39287
8060001 1.7736
8070001 1.77681
8080001 3.59857
8090001 2.0131
8100001 1.88139
8110001 1.62521
8120001 1.3895
8130001 1.74918
8140001 1.75682
8150001 2.21707
8160001 1.78886
8170001 1.26797
8180001 2.62993
8190001 1.38746
8200001 1.72225
8210001 1.3936
8220001 1.8357
8230001 1.77892
8240001 1.20324
8250001 2.14968
8260001 1.27485
8270001 1.63894
8280001 1.39119
8290001 1.7668
8300001 1.77047
8310001 2.83306
8320001 1.84619
8330001 1.25262
8340001 3.51704
8350001 1.38813
8360001 1.75119
8370001 1.39411
8380001 2.05007
8390001 1.78253
8400001 5.10424
8410001 2.32726
8420001 1.28448
8430001 1.67579
8440001 1.39297
8450001 1.77384
8460001 1.77689
8470001 3.59845
8480001 2.01673
8490001 1.24919
8500001 1.62517
8510001 1.38961
8520001 1.74933
8530001 1.75747
8540001 2.2171
8550001 1.78977
8560001 1.26882
8570001 2.63072
8580001 1.38756
8590001 1.72237
8600001 1.39373
8610001 1.83569
8620001 1.779
8630001 1.20339
8640001 2.15348
8650001 1.27527
8660001 1.63927
8670001 1.39129
8680001 1.76705
8690001 1.77081
8700001 2.83297
8710001 1.84689
8720001 1.25255
8730001 3.51995
8740001 1.38823
8750001 1.75141
8760001 1.39421
8770001 2.05014
8780001 1.7829
8790001 5.10423
8800001 2.32894
8810001 1.28452
8820001 1.67537
8830001 1.39307
8840001 1.77477
8850001 1.77711
8860001 3.59856
8870001 2.01706
8880001 1.24961
8890001 1.59271
8900001 1.3897
8910001 1.74985
8920001 1.75777
8930001 2.21723
8940001 1.79008
8950001 1.2707
8960001 2.63087
8970001 1.38765
8980001 1.72724
8990001 1.39382
9000001 1.83573
9010001 1.77908
9020001 1.2063
9030001 2.15383
9040001 1.27508
9050001 1.64575
9060001 1.39138
9070001 1.76708
9080001 1.77089
9090001 2.83312
9100001 1.84771
9110001 1.2531
9120001 3.52035
9130001 1.38834
9140001 1.75149
9150001 1.39431
9160001 2.05022
9170001 1.78321
9180001 1.21413
9190001 2.34226
9200001 1.29376
9210001 1.67549
9220001 1.39318
9230001 1.77477
9240001 1.77718
9250001 3.76538
9260001 2.01708
9270001 1.25
9280001 1.59274
9290001 1.3898
9300001 1.74985
9310001 1.75798
9320001 2.21737
9330001 1.79015
9340001 1.27179
9350001 2.71011
9360001 1.38775
9370001 1.72723
9380001 1.39392
9390001 1.83603
9400001 1.77953
9410001 1.20716
9420001 2.15398
9430001 1.27486
9440001 1.64622
9450001 1.39147
9460001 1.76702
9470001 1.77096
9480001 2.83324
9490001 1.84789
9500001 1.25382
9510001 3.52041
9520001 1.38844
9530001 1.75298
9540001 1.3944
9550001 2.05025
9560001 1.78333
9570001 1.21529
9580001 2.34351
9590001 1.29769
9600001 1.67576
9610001 1.3933
9620001 1.77495
9630001 1.77733
9640001 3.76529
9650001 2.01743
9660001 1.25008
9670001 1.59325
9680001 1.38989
9690001 1.74954
9700001 1.75849
9710001 2.21754
9720001 1.79022
9730001 1.27237
9740001 2.73115
9750001 1.38784
9760001 1.74155
9770001 1.39403
9780001 1.87181
9790001 1.77963
9800001 1.20749
9810001 2.15505
9820001 1.2769
9830001 1.64642
9840001 1.39192
9850001 1.76635
9860001 1.77174
9870001 2.83354
9880001 1.84908
9890001 1.25405
9900001 3.52043
9910001 1.38853
9920001 1.75447
9930001 1.39449
9940001 2.05063
9950001 1.78354
9960001 1.21531
9970001 2.34375
9980001 1.29754
9990001 1.67672
