1 2697.6
10001 773.447
20001 740.244
30001 696.42
40001 812.867
50001 872.15
60001 527.499
70001 215.554
80001 207.61
90001 197.623
100001 201.594
110001 215.202
120001 212.739
130001 170.424
140001 166.206
150001 159.492
160001 162.335
170001 177.048
180001 171.913
190001 127.173
200001 124.132
210001 120.442
220001 117.978
230001 120.68
240001 124.78
250001 114.749
260001 113.78
270001 110.715
280001 105.344
290001 99.1271
300001 102.539
310001 99.005
320001 91.4372
330001 88.5759
340001 84.1906
350001 86.2577
360001 87.9095
370001 87.2921
380001 82.788
390001 80.1738
400001 77.999
410001 77.3874
420001 76.5698
430001 74.5028
440001 69.2863
450001 67.5391
460001 66.8976
470001 65.1755
480001 65.445
490001 66.106
500001 62.8911
510001 61.9883
520001 61.7797
530001 59.161
540001 58.7308
550001 60.0462
560001 57.8826
570001 55.0919
580001 54.1916
590001 51.6812
600001 52.3421
610001 52.9946
620001 52.6468
630001 50.9895
640001 49.1279
650001 47.9937
660001 47.8541
670001 48.7979
680001 48.0937
690001 45.4884
700001 43.6863
710001 44.6892
720001 42.7221
730001 42.7873
740001 42.991
750001 40.818
760001 39.766
770001 39.8259
780001 38.6315
790001 38.429
800001 39.4171
810001 36.7213
820001 36.6521
830001 36.154
840001 34.6261
850001 34.2941
860001 35.3823
870001 35.0921
880001 33.2215
890001 32.2182
900001 31.22
910001 31.171
920001 32.3788
930001 31.885
940001 30.2217
950001 28.9635
960001 28.8262
970001 28.4813
980001 29.4229
990001 29.106
1000001 26.918
1010001 26.059
1020001 26.4715
1030001 25.7776
1040001 25.9097
1050001 26.3638
1060001 24.2162
1070001 23.9967
1080001 23.9687
1090001 23.1874
1100001 23.4431
1110001 24.4705
1120001 24.2645
1130001 22.0134
1140001 26.1821
1150001 20.7982
1160001 20.9742
1170001 22.2031
1180001 21.7387
1190001 20.0799
1200001 19.2548
1210001 19.0937
1220001 19.4375
1230001 20.8921
1240001 20.6177
1250001 62.3053
1260001 17.431
1270001 17.6351
1280001 17.661
1290001 18.1972
1300001 18.4637
1310001 16.1844
1320001 15.8476
1330001 15.9993
1340001 15.9233
1350001 16.5266
1360001 17.6873
1370001 14.8575
1380001 14.6903
1390001 14.7742
1400001 14.181
1410001 14.6742
1420001 16.0645
1430001 15.5905
1440001 13.4248
1450001 13.3912
1460001 12.8943
1470001 13.7972
1480001 15.5374
1490001 15.2835
1500001 12.3336
1510001 11.8011
1520001 12.3501
1530001 12.5984
1540001 13.8322
1550001 13.9073
1560001 11.0172
1570001 10.6555
1580001 12.798
1590001 11.4488
1600001 12.3374
1610001 13.5369
1620001 10.2555
1630001 10.2528
1640001 11.4844
1650001 10.196
1660001 11.0329
1670001 12.6651
1680001 12.2325
1690001 9.41462
1700001 9.11756
1710001 8.9472
1720001 10.4086
1730001 12.3265
1740001 12.1156
1750001 9.13152
1760001 8.32129
1770001 8.75321
1780001 9.64381
1790001 11.7753
1800001 11.4349
1810001 8.06015
1820001 7.47045
1830001 8.06086
1840001 8.78955
1850001 10.2022
1860001 11.2187
1870001 7.58023
1880001 7.28358
1890001 7.31666
1900001 8.04491
1910001 9.07807
1920001 10.8477
1930001 10.477
1940001 6.66071
1950001 7.34718
1960001 6.62532
1970001 8.56313
1980001 10.6394
1990001 10.3651
2000001 6.42761
2010001 6.18947
2020001 6.55389
2030001 8.03303
2040001 10.4604
2050001 10.0992
2060001 5.87435
2070001 5.5585
2080001 7.3834
2090001 7.41353
2100001 9.4415
2110001 10.0243
2120001 5.71593
2130001 5.44683
2140001 5.59609
2150001 6.93593
2160001 8.14857
2170001 9.835
2180001 5.2511
2190001 5.86925
2200001 5.33082
2210001 5.63503
2220001 7.64211
2230001 9.79881
2240001 9.51511
2250001 5.00925
2260001 5.0011
2270001 5.29503
2280001 7.15818
2290001 9.74654
2300001 9.34788
2310001 4.66883
2320001 4.44593
2330001 5.51596
2340001 6.79714
2350001 9.69227
2360001 9.41776
2370001 4.65786
2380001 4.4094
2390001 5.65475
2400001 6.33499
2410001 7.95279
2420001 9.29751
2430001 4.60352
2440001 4.26812
2450001 4.28981
2460001 5.40635
2470001 7.23585
2480001 9.35221
2490001 9.08138
2500001 4.40444
2510001 12.2094
2520001 4.47754
2530001 6.78867
2540001 9.30809
2550001 8.93986
2560001 4.00037
2570001 3.83129
2580001 4.50247
2590001 6.5713
2600001 9.39381
2610001 9.08438
2620001 4.03064
2630001 3.76106
2640001 4.34115
2650001 6.10892
2660001 8.19303
2670001 9.02625
2680001 3.93936
2690001 3.683
2700001 3.76718
2710001 5.52874
2720001 7.13685
2730001 9.09228
2740001 4.08856
2750001 5.95189
2760001 3.98921
2770001 4.37588
2780001 6.70098
2790001 9.09506
2800001 8.71951
2810001 3.58299
2820001 3.99698
2830001 4.21832
2840001 6.43706
2850001 9.23514
2860001 8.8894
2870001 3.63625
2880001 3.40323
2890001 5.15803
2900001 6.09539
2910001 8.7595
2920001 8.8773
2930001 3.60826
2940001 3.39137
2950001 5.91586
2960001 5.62384
2970001 7.31501
2980001 8.95677
2990001 3.67378
3000001 3.66513
3010001 7.41919
3020001 4.68422
3030001 6.70418
3040001 8.9856
3050001 8.64362
3060001 3.54141
3070001 3.6904
3080001 3.8418
3090001 6.40936
3100001 9.08754
3110001 8.76083
3120001 3.72807
3130001 3.24543
3140001 4.34304
3150001 6.17063
3160001 9.11537
3170001 8.79146
3180001 3.92564
3190001 3.23043
3200001 4.07137
3210001 5.70898
3220001 7.75754
3230001 8.87866
3240001 3.66841
3250001 3.35221
3260001 3.39866
3270001 5.12778
3280001 6.81202
3290001 8.90718
3300001 8.60984
3310001 3.34002
3320001 4.3465
3330001 3.85188
3340001 6.49518
3350001 8.9953
3360001 8.64179
3370001 3.38292
3380001 3.32689
3390001 3.92248
3400001 6.2361
3410001 9.09006
3420001 8.73935
3430001 3.36678
3440001 3.11494
3450001 5.77974
3460001 5.86379
3470001 8.31373
3480001 8.8237
3490001 3.41263
3500001 3.20978
3510001 7.39946
3520001 5.43445
3530001 7.03079
3540001 8.85494
3550001 3.53014
3560001 4.04184
3570001 3.54941
3580001 4.29875
3590001 6.59353
3600001 8.94627
3610001 8.61728
3620001 3.29454
3630001 3.43116
3640001 3.88707
3650001 6.26919
3660001 9.0653
3670001 8.69039
3680001 3.76653
3690001 3.11418
3700001 4.27721
3710001 6.03117
3720001 9.08477
3730001 8.77946
3740001 3.91848
3750001 3.16894
3760001 4.51746
3770001 5.59612
3780001 7.47336
3790001 8.8281
3800001 3.78227
3810001 3.29747
3820001 3.32706
3830001 4.84031
3840001 6.70983
3850001 8.90439
3860001 8.60456
3870001 3.27436
3880001 5.7592
3890001 3.72448
3900001 6.38862
3910001 8.97405
3920001 8.6149
3930001 3.22526
3940001 3.0972
3950001 3.89032
3960001 6.1778
3970001 9.07738
3980001 8.74288
3990001 3.35627
4000001 3.09984
4010001 11.1025
4020001 5.76937
4030001 8.01619
4040001 8.80019
4050001 3.4308
4060001 3.16598
4070001 3.26934
4080001 5.2795
4090001 6.90102
4100001 8.85777
4110001 3.5915
4120001 12.8522
4130001 3.65279
4140001 4.08643
4150001 6.52897
4160001 8.93653
4170001 8.58445
4180001 3.26897
4190001 3.35132
4200001 3.92413
4210001 6.23282
4220001 9.07336
4230001 8.70778
4240001 3.24792
4250001 3.07899
4260001 4.55635
4270001 5.94978
4280001 9.06786
4290001 8.77304
4300001 3.38467
4310001 3.20063
4320001 5.03502
4330001 5.50939
4340001 7.25916
4350001 8.8371
4360001 3.44224
4370001 3.35888
4380001 4.27676
4390001 4.59883
4400001 6.63198
4410001 8.90247
4420001 8.58432
4430001 3.34765
4440001 3.16924
4450001 3.71724
4460001 6.32394
4470001 9.00293
4480001 8.65099
4490001 3.25846
4500001 3.10048
4510001 4.01015
4520001 6.11498
4530001 9.06736
4540001 8.74292
4550001 4.45369
4560001 3.11592
4570001 3.82508
4580001 5.66977
4590001 7.79254
4600001 8.8117
4610001 3.46211
4620001 3.18187
4630001 3.26573
4640001 5.12319
4650001 6.8034
4660001 8.86544
4670001 6.23831
4680001 3.21804
4690001 4.022
4700001 3.86086
4710001 6.46886
4720001 8.95083
4730001 8.58969
4740001 3.28632
4750001 3.25221
4760001 3.80083
4770001 6.20935
4780001 9.06727
4790001 8.71445
4800001 3.32121
4810001 3.07093
4820001 5.21694
4830001 5.86771
4840001 8.38002
4850001 8.78545
4860001 3.37446
4870001 3.15456
4880001 7.36068
4890001 5.4328
4900001 7.05748
4910001 8.83686
4920001 3.45629
4930001 3.50911
4940001 6.39015
4950001 4.37135
4960001 6.58263
4970001 8.91902
4980001 8.58831
4990001 5.36626
5000001 3.73088
5010001 3.72901
5020001 6.27397
5030001 9.02924
5040001 8.66954
5050001 4.30056
5060001 3.1056
5070001 4.22286
5080001 6.03696
5090001 9.06875
5100001 8.75591
5110001 3.47206
5120001 3.11678
5130001 4.17829
5140001 5.59594
5150001 7.54447
5160001 8.81975
5170001 3.71188
5180001 3.38683
5190001 3.29173
5200001 4.91876
5210001 6.73304
5220001 8.88092
5230001 8.58746
5240001 3.22915
5250001 5.74302
5260001 3.71489
5270001 6.40197
5280001 8.96328
5290001 8.58508
5300001 3.24189
5310001 3.08396
5320001 3.91804
5330001 6.1907
5340001 9.06845
5350001 8.7269
5360001 3.24947
5370001 3.06679
5380001 11.271
5390001 5.78701
5400001 8.11223
5410001 8.7934
5420001 3.39327
5430001 3.16041
5440001 3.31353
5450001 5.33612
5460001 6.93343
5470001 8.84506
5480001 3.52848
5490001 4.28492
5500001 3.57261
5510001 4.14636
5520001 6.53782
5530001 8.93213
5540001 8.58526
5550001 3.22499
5560001 3.3252
5570001 3.77562
5580001 6.23413
5590001 9.06828
5600001 8.69324
5610001 3.22775
5620001 3.05911
5630001 4.5153
5640001 5.96848
5650001 9.06764
5660001 8.76668
5670001 3.37102
5680001 3.12237
5690001 5.02527
5700001 5.52501
5710001 7.32794
5720001 8.82863
5730001 3.68681
5740001 3.33699
5750001 3.30758
5760001 4.67789
5770001 6.65787
5780001 8.89529
5790001 8.5854
5800001 3.35786
5810001 15.2427
5820001 3.68785
5830001 6.33423
5840001 8.98305
5850001 8.63603
5860001 3.23945
5870001 3.1158
5880001 4.08564
5890001 6.14176
5900001 9.06778
5910001 8.74003
5920001 59.6474
5930001 3.10007
5940001 3.77178
5950001 5.70215
5960001 7.88449
5970001 8.80431
5980001 3.44089
5990001 3.17287
6000001 3.26763
6010001 5.18792
6020001 6.83725
6030001 8.85791
6040001 3.69899
6050001 5.66856
6060001 4.22271
6070001 3.93751
6080001 6.49094
6090001 8.94352
6100001 8.58618
6110001 3.23212
6120001 4.74985
6130001 4.01285
6140001 6.21451
6150001 9.0679
6160001 8.70916
6170001 3.2592
6180001 3.06466
6190001 4.74991
6200001 5.89369
6210001 8.5242
6220001 8.78055
6230001 3.4011
6240001 3.20251
6250001 7.55784
6260001 5.45114
6270001 7.12206
6280001 8.8348
6290001 3.45713
6300001 3.78321
6310001 7.30517
6320001 4.45042
6330001 6.60129
6340001 8.91492
6350001 8.58603
6360001 3.70565
6370001 3.54457
6380001 3.70217
6390001 6.28716
6400001 9.01679
6410001 8.66429
6420001 3.54299
6430001 3.0644
6440001 4.227
6450001 6.07334
6460001 9.06821
6470001 8.75177
6480001 3.82629
6490001 3.11947
6500001 4.18901
6510001 5.62048
6520001 7.63146
6530001 8.81398
6540001 3.64874
6550001 3.20449
6560001 3.27163
6570001 4.99494
6580001 6.75651
6590001 8.87812
6600001 8.5859
6610001 3.21241
6620001 4.60196
6630001 3.75144
6640001 6.43001
6650001 8.95714
6660001 8.58559
6670001 3.26174
6680001 3.10119
6690001 3.85144
6700001 6.19515
6710001 9.06823
6720001 8.72414
6730001 3.31388
6740001 3.05031
6750001 5.772
6760001 5.81809
6770001 8.20558
6780001 8.79037
6790001 3.35166
6800001 3.15731
6810001 3.29205
6820001 5.3639
6830001 6.96862
6840001 8.84008
6850001 3.508
6860001 4.01626
6870001 3.49602
6880001 4.22049
6890001 6.5483
6900001 8.92745
6910001 8.58559
6920001 3.25051
6930001 3.39564
6940001 3.83514
6950001 6.24616
6960001 9.06826
6970001 8.68606
6980001 3.27328
6990001 3.07091
7000001 4.49157
7010001 5.98816
7020001 9.06819
7030001 8.76313
7040001 3.88447
7050001 3.13398
7060001 4.69422
7070001 5.54893
7080001 7.40674
7090001 8.82351
7100001 3.73342
7110001 3.28286
7120001 3.30818
7130001 4.76222
7140001 6.68684
7150001 8.89307
7160001 8.58563
7170001 3.52351
7180001 11.9228
7190001 3.69881
7200001 6.36052
7210001 8.97537
7220001 8.62388
7230001 3.22896
7240001 3.08742
7250001 3.93237
7260001 6.15887
7270001 9.06828
7280001 8.73439
7290001 3.33824
7300001 3.08145
7310001 11.0955
7320001 5.74456
7330001 7.95885
7340001 8.80036
7350001 3.44811
7360001 3.18574
7370001 3.27889
7380001 5.24497
7390001 6.86104
7400001 8.85433
7410001 3.61776
7420001 5.6651
7430001 3.53988
7440001 4.01595
7450001 6.50956
7460001 8.93628
7470001 8.58575
7480001 3.24938
7490001 3.68449
7500001 3.94449
7510001 6.22408
7520001 9.06835
7530001 8.70074
7540001 3.23954
7550001 3.07297
7560001 4.92469
7570001 5.92131
7580001 8.69031
7590001 8.77661
7600001 3.36164
7610001 3.15584
7620001 5.78334
7630001 5.47879
7640001 7.19861
7650001 8.83288
7660001 3.44002
7670001 3.42853
7680001 4.266
7690001 4.52874
7700001 6.62481
7710001 8.90503
7720001 8.58576
7730001 3.36462
7740001 3.16468
7750001 3.73639
7760001 6.30038
7770001 9.00158
7780001 8.65708
7790001 3.55543
7800001 3.06982
7810001 4.00992
7820001 6.10569
7830001 9.06847
7840001 8.74613
7850001 4.47106
7860001 3.10963
7870001 3.97175
7880001 5.64793
7890001 7.72847
7900001 8.80952
7910001 3.54521
7920001 3.19208
7930001 3.27138
7940001 5.06865
7950001 6.77995
7960001 8.87156
7970001 8.58577
7980001 3.25861
7990001 4.28618
8000001 3.81788
8010001 6.45045
8020001 8.95053
8030001 8.58573
8040001 3.35226
8050001 3.24125
8060001 3.79589
8070001 6.20257
8080001 9.06853
8090001 8.71616
8100001 3.32166
8110001 3.06592
8120001 5.22587
8130001 5.84393
8140001 8.32115
8150001 8.78759
8160001 3.33616
8170001 3.14666
8180001 7.36428
8190001 5.39551
8200001 7.01609
8210001 8.83862
8220001 3.50369
8230001 3.51842
8240001 3.51363
8250001 4.3033
8260001 6.57149
8270001 8.92185
8280001 8.58576
8290001 5.36496
8300001 3.36944
8310001 3.84555
8320001 6.26003
8330001 9.05355
8340001 8.67993
8350001 3.69858
8360001 3.08612
8370001 4.26723
8380001 6.02371
8390001 9.06859
8400001 8.75825
8410001 3.88054
8420001 3.13202
8430001 4.48368
8440001 5.57734
8450001 7.49207
8460001 8.82045
8470001 3.7596
8480001 3.28509
8490001 3.284
8500001 4.85825
8510001 6.71133
8520001 8.88699
8530001 8.58579
8540001 3.24761
8550001 5.74356
8560001 3.70912
8570001 6.3929
8580001 8.9713
8590001 8.60154
8600001 3.19531
8610001 3.08618
8620001 3.88817
8630001 6.17545
8640001 9.06866
8650001 8.72954
8660001 3.2481
8670001 3.09077
8680001 11.0939
8690001 5.76471
8700001 8.05267
8710001 8.79628
8720001 3.41597
8730001 3.15955
8740001 3.31862
8750001 5.2912
8760001 6.89488
8770001 8.85035
8780001 3.58549
8790001 12.8445
8800001 3.63602
8810001 4.08552
8820001 6.52702
8830001 8.93411
8840001 8.58584
8850001 3.27475
8860001 3.35249
8870001 3.90292
8880001 6.23075
8890001 9.06872
8900001 8.69557
8910001 3.22211
8920001 3.05908
8930001 4.53008
8940001 5.95265
8950001 9.06874
8960001 8.77333
8970001 3.36557
8980001 3.19535
8990001 5.03662
9000001 5.50586
9010001 7.27495
9020001 8.82951
9030001 3.40474
9040001 3.34574
9050001 4.28121
9060001 4.62293
9070001 6.6465
9080001 8.89894
9090001 8.58588
9100001 3.3458
9110001 15.2441
9120001 3.71575
9130001 6.32282
9140001 8.99656
9150001 8.64113
9160001 3.2442
9170001 3.09248
9180001 4.0688
9190001 6.12593
9200001 9.0688
9210001 8.74289
9220001 59.6941
9230001 3.11915
9240001 3.82889
9250001 5.6906
9260001 7.82177
9270001 8.80631
9280001 3.4566
9290001 3.16036
9300001 3.26258
9310001 5.14832
9320001 6.80532
9330001 8.86611
9340001 5.48856
9350001 3.21741
9360001 4.01505
9370001 3.88092
9380001 6.47014
9390001 8.94636
9400001 8.58592
9410001 3.25347
9420001 4.74712
9430001 4.01701
9440001 6.21382
9450001 9.06886
9460001 8.71166
9470001 3.30045
9480001 3.07
9490001 4.71387
9500001 5.87361
9510001 8.39979
9520001 8.78362
9530001 3.37515
9540001 3.147
9550001 7.5688
9560001 5.42945
9570001 7.07537
9580001 8.83696
9590001 3.46069
9600001 3.5368
9610001 6.38209
9620001 4.39802
9630001 6.5977
9640001 8.91554
9650001 8.58595
9660001 3.69691
9670001 3.73096
9680001 3.74505
9690001 6.27309
9700001 9.02401
9710001 8.67072
9720001 4.31152
9730001 3.13539
9740001 4.2303
9750001 6.05864
9760001 9.06893
9770001 8.755
9780001 3.46856
9790001 3.11348
9800001 4.19525
9810001 5.61097
9820001 7.56976
9830001 8.81875
9840001 3.67669
9850001 3.38588
9860001 3.28443
9870001 4.9457
9880001 6.73741
9890001 8.88086
9900001 8.58599
9910001 3.21061
9920001 4.61638
9930001 3.72552
9940001 6.41424
9950001 8.9608
9960001 8.586
9970001 3.25851
9980001 3.0849
9990001 3.91657
