1 960.468
10001 234.311
20001 105.019
30001 58.5822
40001 50.5644
50001 29.2718
60001 19.0568
70001 16.3559
80001 12.6101
90001 8.82075
100001 8.0479
110001 6.81391
120001 4.78779
130001 4.53097
140001 4.19443
150001 2.97258
160001 2.94134
170001 2.90225
180001 2.12994
190001 2.16997
200001 2.2508
210001 1.8038
220001 1.80503
230001 1.94388
240001 1.64908
250001 1.59556
260001 1.81173
270001 1.55245
280001 1.46769
290001 1.74425
300001 1.55349
310001 1.39128
320001 1.67087
330001 1.5541
340001 1.34273
350001 1.66588
360001 1.61441
370001 1.33544
380001 1.63382
390001 1.59098
400001 1.31933
410001 1.98935
420001 1.5945
430001 1.3559
440001 1.55863
450001 1.616
460001 1.35977
470001 1.66341
480001 1.64404
490001 12.9117
500001 1.47648
510001 1.6565
520001 1.37726
530001 1.44554
540001 1.61895
550001 1.42862
560001 1.38267
570001 1.64319
580001 1.43334
590001 1.32616
600001 1.64316
610001 1.47094
620001 1.31294
630001 2.08544
640001 1.49796
650001 1.30704
660001 1.57684
670001 1.53448
680001 1.29237
690001 1.8014
700001 1.58277
710001 1.29959
720001 1.55205
730001 1.56797
740001 1.31372
750001 1.55659
760001 1.60124
770001 1.32364
780001 1.50387
790001 1.5964
800001 1.38325
810001 1.4522
820001 1.58668
830001 1.40031
840001 1.38308
850001 1.59762
860001 1.38607
870001 1.32515
880001 1.60604
890001 1.43941
900001 1.29282
910001 1.57607
920001 1.46786
930001 1.26374
940001 1.59316
950001 1.5501
960001 1.27131
970001 1.57611
980001 1.53605
990001 1.26443
1000001 1.95159
1010001 1.54698
1020001 1.31162
1030001 1.51692
1040001 1.57343
1050001 1.3182
1060001 1.62899
1070001 1.60438
1080001 12.9076
1090001 1.44062
1100001 1.62002
1110001 1.34232
1120001 1.41275
1130001 1.58442
1140001 1.39716
1150001 1.35243
1160001 1.61193
1170001 1.40305
1180001 1.29644
1190001 1.61334
1200001 1.44248
1210001 1.28471
1220001 2.06339
1230001 1.47078
1240001 1.27838
1250001 1.5483
1260001 1.508
1270001 1.26423
1280001 1.77765
1290001 1.55796
1300001 1.27275
1310001 1.52635
1320001 1.54338
1330001 1.28705
1340001 1.53236
1350001 1.5769
1360001 1.29798
1370001 1.48081
1380001 1.57242
1390001 1.35955
1400001 1.42957
1410001 1.56327
1420001 1.37779
1430001 1.36145
1440001 1.57543
1450001 1.36399
1460001 1.30419
1470001 1.58475
1480001 1.41881
1490001 1.273
1500001 1.55539
1510001 1.44819
1520001 1.24325
1530001 1.57334
1540001 1.53158
1550001 1.25073
1560001 1.55652
1570001 1.51758
1580001 1.24376
1590001 1.93683
1600001 1.52974
1610001 1.29274
1620001 1.49905
1630001 1.55624
1640001 1.29928
1650001 1.61309
1660001 1.58739
1670001 12.9058
1680001 1.42354
1690001 1.60367
1700001 1.32514
1710001 1.39653
1720001 1.56838
1730001 1.3814
1740001 1.33715
1750001 1.59678
1760001 1.38802
1770001 1.28128
1780001 1.59867
1790001 1.42816
1800001 1.27013
1810001 2.05238
1820001 1.45715
1830001 1.26341
1840001 1.53382
1850001 1.49462
1860001 1.24919
1870001 1.76554
1880001 1.54573
1890001 1.25843
1900001 1.51306
1910001 1.53128
1920001 1.27308
1930001 1.51962
1940001 1.56462
1950001 1.28469
1960001 1.46863
1970001 1.5607
1980001 1.34751
1990001 1.41742
2000001 1.55172
2010001 1.36657
2020001 1.34981
2030001 1.56429
2040001 1.35296
2050001 1.29289
2060001 1.57406
2070001 1.4086
2080001 1.26245
2090001 1.54509
2100001 1.4385
2110001 1.23227
2120001 1.56317
2130001 1.52244
2140001 1.23965
2150001 1.54653
2160001 1.50847
2170001 1.23258
2180001 1.92938
2190001 1.52128
2200001 1.28279
2210001 1.4898
2220001 1.54777
2230001 1.2894
2240001 1.60496
2250001 1.57908
2260001 12.9049
2270001 1.41443
2280001 1.59563
2290001 1.31661
2300001 1.38786
2310001 1.56044
2320001 1.37373
2330001 1.32893
2340001 1.58947
2350001 1.38077
2360001 1.27313
2370001 1.59131
2380001 1.42126
2390001 1.2624
2400001 2.04678
2410001 1.45052
2420001 1.25538
2430001 1.52616
2440001 1.48805
2450001 1.24102
2460001 1.75923
2470001 1.5398
2480001 1.25089
2490001 1.5062
2500001 1.52537
2510001 1.26575
2520001 1.51307
2530001 1.55846
2540001 1.27784
2550001 1.46212
2560001 1.55484
2570001 1.34144
2580001 1.41091
2590001 1.546
2600001 1.36102
2610001 1.34351
2620001 1.55875
2630001 1.34756
2640001 1.28675
2650001 1.5688
2660001 1.40365
2670001 1.25675
2680001 1.5397
2690001 1.43379
2700001 1.2264
2710001 1.55769
2720001 1.51799
2730001 1.23362
2740001 1.54135
2750001 1.50397
2760001 1.22648
2770001 1.9256
2780001 1.51709
2790001 1.27753
2800001 1.48485
2810001 1.54345
2820001 1.28421
2830001 1.60049
2840001 1.57496
2850001 12.9044
2860001 1.40925
2870001 1.59167
2880001 1.3124
2890001 1.38295
2900001 1.55663
2910001 1.37003
2920001 1.32429
2930001 1.58592
2940001 1.37733
2950001 1.26854
2960001 1.5875
2970001 1.41799
2980001 1.25811
2990001 2.04363
3000001 1.44737
3010001 1.25096
3020001 1.52208
3030001 1.48488
3040001 1.23661
3050001 1.75589
3060001 1.53696
3070001 1.24688
3080001 1.50248
3090001 1.5226
3100001 1.26206
3110001 1.50935
3120001 1.55549
3130001 1.27442
3140001 1.45825
3150001 1.55229
3160001 1.33863
3170001 1.40707
3180001 1.54355
3190001 1.35848
3200001 1.33986
3210001 1.55635
3220001 1.34527
3230001 1.28328
3240001 1.56626
3250001 1.4016
3260001 1.25355
3270001 1.53678
3280001 1.43182
3290001 1.22328
3300001 1.55484
3310001 1.51611
3320001 1.23052
3330001 1.53876
3340001 1.50204
3350001 1.2234
3360001 1.92373
3370001 1.51543
3380001 1.275
3390001 1.48214
3400001 1.54174
3410001 1.28189
3420001 1.59795
3430001 1.5733
3440001 12.9042
3450001 1.40635
3460001 1.59023
3470001 1.31077
3480001 1.38027
3490001 1.55516
3500001 1.3687
3510001 1.32185
3520001 1.58448
3530001 1.37609
3540001 1.26612
3550001 1.58559
3560001 1.41686
3570001 1.25595
3580001 2.04214
3590001 1.44625
3600001 1.24884
3610001 1.52023
3620001 1.48369
3630001 1.23453
3640001 1.75443
3650001 1.53596
3660001 1.24503
3670001 1.50075
3680001 1.52164
3690001 1.2605
3700001 1.50751
3710001 1.55442
3720001 1.27302
3730001 1.4563
3740001 1.55136
3750001 1.33761
3760001 1.40515
3770001 1.54261
3780001 1.35756
3790001 1.33805
3800001 1.55535
3810001 1.34452
3820001 1.28158
3830001 1.56504
3840001 1.40093
3850001 1.25198
3860001 1.53559
3870001 1.43116
3880001 1.22179
3890001 1.55351
3900001 1.5154
3910001 1.22909
3920001 1.53748
3930001 1.50127
3940001 1.22199
3950001 1.92277
3960001 1.51474
3970001 1.27394
3980001 1.48065
3990001 1.541
4000001 1.28083
4010001 1.59654
4020001 1.57256
4030001 12.9041
4040001 1.40477
4050001 1.58951
4060001 1.31006
4070001 1.37885
4080001 1.55443
4090001 1.36812
4100001 1.32061
4110001 1.58365
4120001 1.37556
4130001 1.26494
4140001 1.5845
4150001 1.41638
4160001 1.255
4170001 2.04126
4180001 1.44574
4190001 1.24794
4200001 1.51899
4210001 1.48314
4220001 1.23367
4230001 1.75345
4240001 1.53547
4250001 1.24439
4260001 1.49961
4270001 1.52116
4280001 1.25988
4290001 1.50636
4300001 1.55391
4310001 1.27243
4320001 1.4552
4330001 1.5509
4340001 1.33711
4350001 1.40413
4360001 1.54216
4370001 1.35716
4380001 1.33717
4390001 1.55479
4400001 1.34414
4410001 1.28088
4420001 1.56414
4430001 1.40063
4440001 1.25144
4450001 1.53484
4460001 1.43089
4470001 1.22138
4480001 1.55271
4490001 1.51515
4500001 1.22873
4510001 1.53678
4520001 1.50104
4530001 1.22168
4540001 1.92228
4550001 1.51455
4560001 1.27375
4570001 1.48
4580001 1.54079
4590001 1.28059
4600001 1.59604
4610001 1.57242
4620001 12.904
4630001 1.40424
4640001 1.58937
4650001 1.30993
4660001 1.37843
4670001 1.55424
4680001 1.36802
4690001 1.32027
4700001 1.58342
4710001 1.37551
4720001 1.26465
4730001 1.58425
4740001 1.41634
4750001 1.25482
4760001 2.04104
4770001 1.4457
4780001 1.2478
4790001 1.51874
4800001 1.48309
4810001 1.23356
4820001 1.75317
4830001 1.53546
4840001 1.24432
4850001 1.49929
4860001 1.52115
4870001 1.25983
4880001 1.50607
4890001 1.55388
4900001 1.27238
4910001 1.45495
4920001 1.55087
4930001 1.33707
4940001 1.4039
4950001 1.54216
4960001 1.35714
4970001 1.33698
4980001 1.55473
4990001 1.34415
5000001 1.28074
5010001 1.56406
5020001 1.40063
5030001 1.25134
5040001 1.53476
5050001 1.4309
5060001 1.22131
5070001 1.55262
5080001 1.51516
5090001 1.22869
5100001 1.53664
5110001 1.50106
5120001 1.22165
5130001 1.92218
5140001 1.51456
5150001 1.27375
5160001 1.47986
5170001 1.54079
5180001 1.28058
5190001 1.59594
5200001 1.57242
5210001 12.904
5220001 1.40412
5230001 1.58938
5240001 1.30993
5250001 1.37833
5260001 1.55425
5270001 1.36803
5280001 1.32019
5290001 1.5834
5300001 1.37552
5310001 1.26458
5320001 1.58423
5330001 1.41635
5340001 1.25477
5350001 2.04101
5360001 1.44572
5370001 1.24778
5380001 1.51871
5390001 1.48311
5400001 1.23355
5410001 1.75311
5420001 1.53548
5430001 1.24431
5440001 1.49922
5450001 1.52117
5460001 1.25983
5470001 1.50599
5480001 1.55388
5490001 1.27238
5500001 1.45488
5510001 1.55088
5520001 1.33707
5530001 1.40384
5540001 1.54217
5550001 1.35715
5560001 1.33693
5570001 1.55472
5580001 1.34416
5590001 1.2807
5600001 1.56405
5610001 1.40064
5620001 1.25131
5630001 1.53475
5640001 1.43091
5650001 1.22129
5660001 1.5526
5670001 1.51517
5680001 1.22868
5690001 1.53661
5700001 1.50107
5710001 1.22164
5720001 1.92215
5730001 1.51457
5740001 1.27376
5750001 1.47981
5760001 1.5408
5770001 1.28058
5780001 1.5959
5790001 1.57243
5800001 12.904
5810001 1.40408
5820001 1.58939
5830001 1.30993
5840001 1.3783
5850001 1.55426
5860001 1.36804
5870001 1.32016
5880001 1.58339
5890001 1.37553
5900001 1.26456
5910001 1.58423
5920001 1.41636
5930001 1.25476
5940001 2.04101
5950001 1.44573
5960001 1.24777
5970001 1.5187
5980001 1.48312
5990001 1.23354
6000001 1.7531
6010001 1.53549
6020001 1.24431
6030001 1.49919
6040001 1.52118
6050001 1.25984
6060001 1.50596
6070001 1.55389
6080001 1.27239
6090001 1.45486
6100001 1.55089
6110001 1.33708
6120001 1.40382
6130001 1.54218
6140001 1.35715
6150001 1.33692
6160001 1.55472
6170001 1.34417
6180001 1.28069
6190001 1.56404
6200001 1.40065
6210001 1.2513
6220001 1.53475
6230001 1.43092
6240001 1.22128
6250001 1.5526
6260001 1.51517
6270001 1.22868
6280001 1.5366
6290001 1.50108
6300001 1.22164
6310001 1.92214
6320001 1.51458
6330001 1.27377
6340001 1.4798
6350001 1.54081
6360001 1.28059
6370001 1.59589
6380001 1.57244
6390001 12.904
6400001 1.40407
6410001 1.5894
6420001 1.30994
6430001 1.37829
6440001 1.55426
6450001 1.36805
6460001 1.32016
6470001 1.58339
6480001 1.37554
6490001 1.26455
6500001 1.58423
6510001 1.41637
6520001 1.25476
6530001 2.04101
6540001 1.44573
6550001 1.24777
6560001 1.5187
6570001 1.48312
6580001 1.23355
6590001 1.75309
6600001 1.53549
6610001 1.24432
6620001 1.49919
6630001 1.52119
6640001 1.25985
6650001 1.50595
6660001 1.55389
6670001 1.27239
6680001 1.45486
6690001 1.5509
6700001 1.33708
6710001 1.40382
6720001 1.54218
6730001 1.35716
6740001 1.33691
6750001 1.55472
6760001 1.34417
6770001 1.28068
6780001 1.56404
6790001 1.40066
6800001 1.2513
6810001 1.53475
6820001 1.43092
6830001 1.22128
6840001 1.5526
6850001 1.51518
6860001 1.22869
6870001 1.5366
6880001 1.50109
6890001 1.22164
6900001 1.92214
6910001 1.51459
6920001 1.27377
6930001 1.47979
6940001 1.54081
6950001 1.28059
6960001 1.59589
6970001 1.57244
6980001 12.904
6990001 1.40407
7000001 1.5894
7010001 1.30994
7020001 1.37829
7030001 1.55427
7040001 1.36805
7050001 1.32016
7060001 1.58339
7070001 1.37554
7080001 1.26455
7090001 1.58423
7100001 1.41637
7110001 1.25476
7120001 2.04101
7130001 1.44574
7140001 1.24777
7150001 1.5187
7160001 1.48312
7170001 1.23355
7180001 1.75309
7190001 1.5355
7200001 1.24432
7210001 1.49918
7220001 1.52119
7230001 1.25985
7240001 1.50594
7250001 1.55389
7260001 1.27239
7270001 1.45486
7280001 1.5509
7290001 1.33708
7300001 1.40382
7310001 1.54218
7320001 1.35716
7330001 1.33691
7340001 1.55472
7350001 1.34418
7360001 1.28068
7370001 1.56405
7380001 1.40066
7390001 1.2513
7400001 1.53476
7410001 1.43093
7420001 1.22128
7430001 1.5526
7440001 1.51518
7450001 1.22869
7460001 1.5366
7470001 1.50109
7480001 1.22164
7490001 1.92214
7500001 1.51459
7510001 1.27378
7520001 1.47979
7530001 1.54081
7540001 1.28059
7550001 1.59589
7560001 1.57244
7570001 12.904
7580001 1.40407
7590001 1.5894
7600001 1.30994
7610001 1.37829
7620001 1.55427
7630001 1.36805
7640001 1.32016
7650001 1.5834
7660001 1.37554
7670001 1.26455
7680001 1.58423
7690001 1.41637
7700001 1.25476
7710001 2.04101
7720001 1.44574
7730001 1.24777
7740001 1.51871
7750001 1.48313
7760001 1.23355
7770001 1.75309
7780001 1.5355
7790001 1.24432
7800001 1.49918
7810001 1.52119
7820001 1.25985
7830001 1.50594
7840001 1.55389
7850001 1.27239
7860001 1.45486
7870001 1.5509
7880001 1.33708
7890001 1.40382
7900001 1.54219
7910001 1.35716
7920001 1.33691
7930001 1.55472
7940001 1.34418
7950001 1.28068
7960001 1.56405
7970001 1.40066
7980001 1.2513
7990001 1.53476
8000001 1.43093
8010001 1.22129
8020001 1.5526
8030001 1.51518
8040001 1.22869
8050001 1.5366
8060001 1.50109
8070001 1.22165
8080001 1.92214
8090001 1.51459
8100001 1.27378
8110001 1.47979
8120001 1.54081
8130001 1.2806
8140001 1.59589
8150001 1.57244
8160001 12.904
8170001 1.40407
8180001 1.58941
8190001 1.30994
8200001 1.37829
8210001 1.55427
8220001 1.36806
8230001 1.32016
8240001 1.5834
8250001 1.37554
8260001 1.26455
8270001 1.58423
8280001 1.41637
8290001 1.25476
8300001 2.04101
8310001 1.44574
8320001 1.24778
8330001 1.51871
8340001 1.48313
8350001 1.23355
8360001 1.75309
8370001 1.5355
8380001 1.24432
8390001 1.49919
8400001 1.52119
8410001 1.25985
8420001 1.50594
8430001 1.55389
8440001 1.27239
8450001 1.45486
8460001 1.5509
8470001 1.33709
8480001 1.40382
8490001 1.54219
8500001 1.35716
8510001 1.33691
8520001 1.55472
8530001 1.34418
8540001 1.28068
8550001 1.56405
8560001 1.40066
8570001 1.2513
8580001 1.53476
8590001 1.43093
8600001 1.22129
8610001 1.5526
8620001 1.51518
8630001 1.22869
8640001 1.5366
8650001 1.50109
8660001 1.22165
8670001 1.92214
8680001 1.51459
8690001 1.27378
8700001 1.47979
8710001 1.54081
8720001 1.2806
8730001 1.59589
8740001 1.57244
8750001 12.904
8760001 1.40407
8770001 1.58941
8780001 1.30994
8790001 1.37829
8800001 1.55427
8810001 1.36806
8820001 1.32016
8830001 1.5834
8840001 1.37554
8850001 1.26455
8860001 1.58423
8870001 1.41637
8880001 1.25476
8890001 2.04101
8900001 1.44574
8910001 1.24778
8920001 1.51871
8930001 1.48313
8940001 1.23355
8950001 1.75309
8960001 1.5355
8970001 1.24432
8980001 1.49919
8990001 1.5212
9000001 1.25985
9010001 1.50594
9020001 1.55389
9030001 1.2724
9040001 1.45486
9050001 1.5509
9060001 1.33709
9070001 1.40382
9080001 1.54219
9090001 1.35716
9100001 1.33691
9110001 1.55472
9120001 1.34418
9130001 1.28068
9140001 1.56405
9150001 1.40066
9160001 1.2513
9170001 1.53476
9180001 1.43093
9190001 1.22129
9200001 1.5526
9210001 1.51518
9220001 1.22869
9230001 1.5366
9240001 1.50109
9250001 1.22165
9260001 1.92214
9270001 1.51459
9280001 1.27378
9290001 1.47979
9300001 1.54082
9310001 1.2806
9320001 1.59589
9330001 1.57244
9340001 12.904
9350001 1.40407
9360001 1.58941
9370001 1.30995
9380001 1.37829
9390001 1.55427
9400001 1.36806
9410001 1.32016
9420001 1.5834
9430001 1.37554
9440001 1.26455
9450001 1.58424
9460001 1.41637
9470001 1.25476
9480001 2.04101
9490001 1.44574
9500001 1.24778
9510001 1.51871
9520001 1.48313
9530001 1.23355
9540001 1.7531
9550001 1.5355
9560001 1.24432
9570001 1.49919
9580001 1.5212
9590001 1.25985
9600001 1.50594
9610001 1.5539
9620001 1.2724
9630001 1.45486
9640001 1.5509
9650001 1.33709
9660001 1.40382
9670001 1.54219
9680001 1.35716
9690001 1.33691
9700001 1.55472
9710001 1.34418
9720001 1.28069
9730001 1.56405
9740001 1.40066
9750001 1.2513
9760001 1.53476
9770001 1.43093
9780001 1.22129
9790001 1.5526
9800001 1.51518
9810001 1.22869
9820001 1.5366
9830001 1.50109
9840001 1.22165
9850001 1.92214
9860001 1.51459
9870001 1.27378
9880001 1.47979
9890001 1.54082
9900001 1.2806
9910001 1.59589
9920001 1.57244
9930001 12.904
9940001 1.40407
9950001 1.58941
9960001 1.30995
9970001 1.37829
9980001 1.55427
9990001 1.36806
