1 271.499
1001 87.3662
2001 85.3012
3001 81.4065
4001 78.287
5001 74.2856
6001 97.8468
7001 34.8121
8001 33.0227
9001 32.3901
10001 30.8649
11001 29.9727
12001 28.6461
13001 29.8416
14001 25.004
15001 24.2601
16001 24.1096
17001 22.8865
18001 23.3389
19001 22.0711
20001 25.4536
21001 17.2035
22001 16.877
23001 16.7607
24001 16.1998
25001 16.1173
26001 15.6962
27001 16.6433
28001 13.9859
29001 13.9224
30001 14.023
31001 15.07
32001 13.6029
33001 13.3841
34001 13.9402
35001 11.1749
36001 11.0643
37001 11.3265
38001 11.5603
39001 11.0998
40001 11.1836
41001 11.7899
42001 9.65278
43001 9.498
44001 10.0282
45001 9.81966
46001 9.78032
47001 9.77639
48001 10.4025
49001 7.97196
50001 7.82458
51001 8.56117
52001 8.34593
53001 8.29582
54001 8.68119
55001 9.22647
56001 7.08188
57001 6.9068
58001 7.82323
59001 7.6167
60001 7.49094
61001 7.8533
62001 8.50397
63001 5.98495
64001 5.80852
65001 6.94103
66001 6.70836
67001 6.58585
68001 7.16069
69001 7.7457
70001 5.46834
71001 9.84516
72001 6.53852
73001 6.22701
74001 6.20847
75001 6.77284
76001 7.42218
77001 4.68473
78001 9.12871
79001 5.97031
80001 5.61435
81001 5.50907
82001 6.34476
83001 6.92117
84001 4.37044
85001 8.5078
86001 5.70047
87001 5.28427
88001 5.30045
89001 6.34803
90001 6.67609
91001 4.57219
92001 7.50327
93001 5.29445
94001 4.90402
95001 4.66806
96001 6.23323
97001 6.4488
98001 3.72758
99001 6.58844
100001 5.18167
101001 4.68033
102001 4.82344
103001 6.53462
104001 6.26459
105001 3.21333
106001 6.11839
107001 4.89981
108001 4.38657
109001 4.55865
110001 6.36314
111001 3.52815
112001 3.11106
113001 5.94823
114001 4.82375
115001 4.25972
116001 4.79424
117001 6.29672
118001 3.21258
119001 2.78853
120001 5.41792
121001 4.6478
122001 8.86557
123001 4.81415
124001 6.14434
125001 3.06067
126001 2.75905
127001 5.39215
128001 4.56176
129001 5.72414
130001 4.84352
131001 6.09844
132001 2.88989
133001 2.52926
134001 4.9254
135001 7.76491
136001 5.30886
137001 4.85891
138001 6.01885
139001 2.73906
140001 2.51003
141001 4.8757
142001 5.49299
143001 5.01925
144001 4.86931
145001 5.98492
146001 2.62165
147001 2.37298
148001 4.71894
149001 4.34089
150001 4.73
151001 4.92554
152001 5.91858
153001 2.511
154001 2.3644
155001 4.71302
156001 4.28367
157001 4.48927
158001 4.90986
159001 5.89065
160001 2.45641
161001 2.25223
162001 4.67066
163001 4.24949
164001 4.32515
165001 4.94856
166001 5.85802
167001 2.39406
168001 2.23634
169001 4.64301
170001 4.18327
171001 4.26983
172001 4.96351
173001 5.81725
174001 2.3532
175001 8.57526
176001 4.59843
177001 4.09544
178001 4.19702
179001 5.02562
180001 5.80463
181001 2.30417
182001 8.22588
183001 4.58146
184001 4.05852
185001 4.07278
186001 5.0922
187001 5.75728
188001 2.27759
189001 7.71506
190001 4.48419
191001 3.93942
192001 4.01803
193001 5.23449
194001 5.72145
195001 3.76584
196001 6.88792
197001 4.44231
198001 3.92307
199001 3.8444
200001 5.53275
201001 5.70868
202001 2.42951
203001 6.19299
204001 4.4195
205001 3.85373
206001 3.83567
207001 5.94285
208001 5.70943
209001 2.25994
210001 5.72189
211001 4.38951
212001 3.80263
213001 3.9632
214001 5.94957
215001 2.82483
216001 2.20608
217001 5.56746
218001 4.3829
219001 3.73944
220001 4.33419
221001 5.93666
222001 2.67618
223001 2.18899
224001 5.17417
225001 4.34566
226001 8.69938
227001 4.51475
228001 5.89407
229001 2.60441
230001 2.18885
231001 5.14682
232001 4.30476
233001 5.50717
234001 4.60147
235001 5.86413
236001 2.5525
237001 2.17104
238001 4.76274
239001 4.2654
240001 5.14748
241001 4.67774
242001 5.86177
243001 2.51843
244001 2.14645
245001 4.71789
246001 5.33234
247001 4.94666
248001 4.73154
249001 5.83807
250001 2.40647
251001 2.16637
252001 4.6256
253001 4.36812
254001 4.63147
255001 4.79815
256001 5.8182
257001 2.33597
258001 2.14446
259001 4.61871
260001 4.26515
261001 4.49571
262001 4.82689
263001 5.79739
264001 2.31415
265001 2.13615
266001 4.61791
267001 4.18626
268001 4.31042
269001 4.86276
270001 5.78967
271001 2.29145
272001 2.10413
273001 4.60098
274001 4.1388
275001 4.21866
276001 4.90862
277001 5.76304
278001 2.2591
279001 8.55907
280001 4.56791
281001 4.05593
282001 4.1707
283001 4.96278
284001 5.75496
285001 2.24069
286001 8.513
287001 4.54681
288001 4.02574
289001 3.99851
290001 5.04367
291001 5.71802
292001 2.22896
293001 7.70641
294001 4.4675
295001 3.91228
296001 4.02686
297001 5.1921
298001 5.67849
299001 3.74115
300001 6.86731
301001 4.44318
302001 3.89929
303001 3.84437
304001 5.43097
305001 5.67809
306001 2.42256
307001 6.18998
308001 4.41273
309001 3.83509
310001 3.85692
311001 5.78787
312001 5.67644
313001 2.23403
314001 5.70915
315001 4.37407
316001 3.79048
317001 3.891
318001 5.91933
319001 2.81011
320001 2.19733
321001 5.58951
322001 4.38494
323001 3.78375
324001 4.25261
325001 5.9197
326001 2.65791
327001 2.16758
328001 5.16465
329001 4.33556
330001 4.32623
331001 4.43825
332001 5.88089
333001 2.61429
334001 2.18662
335001 5.1472
336001 4.3085
337001 5.54141
338001 4.56399
339001 5.85794
340001 2.534
341001 2.15805
342001 4.87185
343001 4.25995
344001 5.25534
345001 4.65775
346001 5.84115
347001 2.51774
348001 2.14389
349001 4.76273
350001 5.33645
351001 4.94676
352001 4.72884
353001 5.82554
354001 2.3983
355001 2.15089
356001 4.62755
357001 4.3651
358001 4.62841
359001 4.79212
360001 5.80208
361001 2.37829
362001 2.14658
363001 4.61869
364001 4.26483
365001 4.54791
366001 4.81954
367001 5.78667
368001 2.31432
369001 2.12359
370001 4.61504
371001 4.16862
372001 4.31055
373001 4.85122
374001 5.77731
375001 2.29649
376001 2.10772
377001 4.605
378001 4.13156
379001 4.21927
380001 4.89271
381001 5.75335
382001 2.25255
383001 8.55713
384001 4.56837
385001 4.07634
386001 4.15188
387001 4.95503
388001 5.74605
389001 2.24942
390001 9.21585
391001 4.54766
392001 4.0216
393001 4.00176
394001 5.03709
395001 5.70988
396001 2.22996
397001 7.70955
398001 4.53947
399001 3.96409
400001 4.02612
401001 5.15183
402001 5.67102
403001 3.74891
404001 7.19907
405001 4.4432
406001 3.89645
407001 3.84414
408001 5.38637
409001 5.67077
410001 3.3437
411001 6.19151
412001 4.4097
413001 3.84758
414001 3.79078
415001 5.71873
416001 5.67071
417001 2.21944
418001 5.96842
419001 4.40045
420001 3.78835
421001 3.8532
422001 5.91623
423001 3.39524
424001 2.20189
425001 5.58848
426001 4.38308
427001 3.78566
428001 4.22121
429001 5.91601
430001 2.79389
431001 2.18227
432001 5.16554
433001 4.42306
434001 4.32727
435001 4.43245
436001 5.87916
437001 2.61496
438001 2.18109
439001 5.15384
440001 4.3083
441001 5.54958
442001 4.56029
443001 5.85511
444001 2.53556
445001 2.15542
446001 5.11628
447001 4.24952
448001 5.36655
449001 4.65865
450001 5.84805
451001 2.51861
452001 2.14453
453001 4.76152
454001 7.63643
455001 4.95094
456001 4.71291
457001 5.83808
458001 2.41648
459001 2.1528
460001 4.62801
461001 4.43352
462001 4.7936
463001 4.76744
464001 5.81659
465001 2.38862
466001 2.14679
467001 4.61854
468001 4.26208
469001 4.57829
470001 4.8116
471001 5.80048
472001 2.31465
473001 2.12555
474001 4.61547
475001 4.18055
476001 4.31082
477001 4.8399
478001 5.77597
479001 2.30492
480001 2.10866
481001 4.60463
482001 4.13513
483001 4.20114
484001 4.87873
485001 5.75208
486001 2.25314
487001 8.58265
488001 4.56821
489001 4.11558
490001 4.13916
491001 4.93972
492001 5.74514
493001 2.26824
494001 9.21817
495001 4.54855
496001 4.01415
497001 4.00321
498001 5.00047
499001 5.70891
