1 31.3626
10001 19.589
20001 12.3461
30001 9.45403
40001 6.76345
50001 5.54389
60001 4.38416
70001 3.76661
80001 3.18095
90001 2.88215
100001 2.54039
110001 2.36408
120001 2.15842
130001 2.04622
140001 1.90258
150001 1.82411
160001 1.7219
170001 1.66198
180001 1.5837
190001 1.57888
200001 1.68962
210001 1.43479
220001 1.38446
230001 1.35126
240001 1.30889
250001 1.27937
260001 1.2435
270001 1.21776
280001 1.18641
290001 1.16307
300001 1.15302
310001 1.11467
320001 1.09024
330001 1.07097
340001 1.04919
350001 1.0314
360001 1.01221
370001 0.995183
380001 0.978252
390001 0.962536
400001 0.947311
410001 0.932559
420001 0.918434
430001 0.903829
440001 0.891872
450001 0.877702
460001 0.867103
470001 0.853431
480001 0.843952
490001 0.831083
500001 0.822398
510001 0.80992
520001 0.802097
530001 0.789956
540001 0.782876
550001 0.771471
560001 0.764745
570001 0.753919
580001 0.762965
590001 0.837361
600001 0.731733
610001 0.721727
620001 0.715812
630001 0.706861
640001 1.22128
650001 0.6934
660001 0.68814
670001 0.679122
680001 0.674642
690001 0.666722
700001 0.70863
710001 0.654538
720001 0.650427
730001 0.642994
740001 0.642477
750001 0.734702
760001 0.631066
770001 0.62158
780001 0.617529
790001 0.6114
800001 0.606702
810001 0.601846
820001 0.597236
830001 0.592691
840001 0.588481
850001 0.583676
860001 0.579357
870001 0.575168
880001 0.570429
890001 0.567193
900001 0.562269
910001 0.559489
920001 0.554556
930001 0.552122
940001 0.547178
950001 0.545293
960001 0.54071
970001 0.538448
980001 0.533386
990001 0.531833
1000001 0.526911
1010001 0.525403
1020001 0.520884
1030001 0.521473
1040001 0.514918
1050001 0.514041
1060001 0.509958
1070001 0.507634
1080001 0.503489
1090001 0.502687
1100001 0.499017
1110001 0.496953
1120001 0.493211
1130001 0.491913
1140001 0.488442
1150001 0.52088
1160001 0.483644
1170001 0.48306
1180001 0.519033
1190001 0.478341
1200001 0.474763
1210001 0.473728
1220001 0.470416
1230001 0.468986
1240001 0.466771
1250001 0.464624
1260001 0.46223
1270001 0.461001
1280001 0.458656
1290001 0.45777
1300001 0.454884
1310001 0.452898
1320001 0.451558
1330001 0.449022
1340001 0.448081
1350001 0.445504
1360001 0.445018
1370001 0.44227
1380001 0.441919
1390001 0.439426
1400001 0.43913
1410001 0.436043
1420001 0.436165
1430001 0.433101
1440001 0.433714
1450001 0.430806
1460001 0.457021
1470001 0.427463
1480001 0.428016
1490001 0.425547
1500001 0.425509
1510001 0.422722
1520001 0.558152
1530001 0.925403
1540001 0.421675
1550001 0.417555
1560001 0.419175
1570001 0.415383
1580001 0.415735
1590001 0.413452
1600001 0.41368
1610001 0.411552
1620001 0.411773
1630001 0.555005
1640001 0.409733
1650001 0.40744
1660001 0.408189
1670001 0.405699
1680001 0.405587
1690001 0.403839
1700001 0.402903
1710001 0.401741
1720001 0.401897
1730001 0.400526
1740001 0.399705
1750001 0.398456
1760001 0.397195
1770001 0.396987
1780001 0.395293
1790001 0.395516
1800001 0.393621
1810001 0.394071
1820001 0.392289
1830001 0.392929
1840001 0.390759
1850001 0.391763
1860001 0.388928
1870001 0.390358
1880001 0.387928
1890001 0.388875
1900001 0.386516
1910001 0.390728
1920001 0.553201
1930001 0.387483
1940001 0.384371
1950001 0.385396
1960001 0.383054
1970001 1.07116
1980001 0.383122
1990001 0.382947
2000001 0.380902
2010001 0.382483
2020001 0.379876
2030001 0.457364
2040001 0.378957
2050001 0.380581
2060001 0.377664
2070001 0.385309
2080001 0.37713
2090001 0.383469
2100001 0.376308
2110001 0.376541
2120001 0.375721
2130001 0.375047
2140001 0.374033
2150001 0.374216
2160001 0.373733
2170001 0.373457
2180001 0.372605
2190001 0.371852
2200001 0.371699
2210001 0.370844
2220001 0.371076
2230001 0.369819
2240001 0.370506
2250001 0.36899
2260001 0.369891
2270001 0.368612
2280001 0.369657
2290001 0.368262
2300001 0.368806
2310001 0.366808
2320001 0.368419
2330001 0.366649
2340001 0.3676
2350001 0.36577
2360001 0.367148
2370001 0.365477
2380001 0.367534
2390001 0.365773
2400001 0.516243
2410001 0.901162
2420001 0.366023
2430001 0.364444
2440001 0.364744
2450001 0.362495
2460001 0.36394
2470001 0.362595
2480001 0.407806
2490001 0.36189
2500001 0.363337
2510001 0.41299
2520001 0.363222
2530001 0.360985
2540001 0.362407
2550001 0.3606
2560001 0.361332
2570001 0.360214
2580001 0.360336
2590001 0.359539
2600001 0.360211
2610001 0.359364
2620001 0.360486
2630001 0.358824
2640001 0.358502
2650001 0.358535
2660001 0.357614
2670001 0.358309
2680001 0.357072
2690001 0.358142
2700001 0.356751
2710001 0.35788
2720001 0.356372
2730001 0.357896
2740001 0.355898
2750001 0.357576
2760001 0.35555
2770001 0.357567
2780001 0.355233
2790001 0.388402
2800001 0.354805
2810001 0.357763
2820001 0.355021
2830001 0.356612
2840001 0.3547
2850001 0.509611
2860001 0.355533
2870001 0.357256
2880001 0.353645
2890001 0.356771
2900001 0.353906
2910001 0.436363
2920001 0.353615
2930001 0.355008
2940001 0.353383
2950001 0.361869
2960001 0.514962
2970001 0.354803
2980001 0.353233
2990001 0.355
3000001 0.353084
3010001 0.353649
3020001 0.352912
3030001 0.352789
3040001 0.352781
3050001 0.353408
3060001 0.35233
3070001 0.352685
3080001 0.352021
3090001 0.351576
3100001 0.352018
3110001 0.350981
3120001 0.351973
3130001 0.350782
3140001 0.351923
3150001 0.350549
3160001 0.352158
3170001 0.351367
3180001 0.352253
3190001 0.349959
3200001 0.352107
3210001 0.350053
3220001 0.351733
3230001 0.350267
3240001 0.355113
3250001 0.529063
3260001 0.352578
3270001 0.351171
3280001 0.351696
3290001 0.349685
3300001 1.05987
3310001 0.350825
3320001 0.351308
3330001 0.349587
3340001 0.351946
3350001 0.349322
3360001 0.396577
3370001 0.34947
3380001 0.3518
3390001 0.34917
3400001 0.351442
3410001 0.34944
3420001 0.356867
3430001 0.349477
3440001 0.350102
3450001 0.349917
3460001 0.349593
3470001 0.348831
3480001 0.34958
3490001 0.349051
3500001 0.349606
3510001 0.348864
3520001 0.348687
3530001 0.349073
3540001 0.348256
3550001 0.348971
3560001 0.347958
3570001 0.349068
3580001 0.347862
3590001 0.349152
3600001 0.348186
3610001 0.349626
3620001 0.347612
3630001 0.349373
3640001 0.34757
3650001 0.34979
3660001 0.348089
3670001 0.349435
3680001 0.347289
3690001 0.349518
3700001 0.348064
3710001 0.350544
3720001 0.347631
3730001 0.504712
3740001 0.894731
3750001 0.350124
3760001 0.347052
3770001 0.350434
3780001 0.347186
3790001 0.348977
3800001 0.347937
3810001 0.349077
3820001 0.347672
3830001 0.349294
3840001 0.400945
3850001 0.34928
3860001 0.347582
3870001 0.349365
3880001 0.347837
3890001 0.348888
3900001 0.347736
3910001 0.347955
3920001 0.347434
3930001 0.34836
3940001 0.34802
3950001 0.349071
3960001 0.347561
3970001 0.34736
3980001 0.347725
3990001 0.346891
4000001 0.347826
4010001 0.346659
4020001 0.347879
4030001 0.346827
4040001 0.348279
4050001 0.34676
4060001 0.34848
4070001 0.346285
4080001 0.348492
4090001 0.346544
4100001 0.348415
4110001 0.346605
4120001 0.380687
4130001 0.527032
4140001 0.349762
4150001 0.347043
4160001 0.348877
4170001 0.346919
4180001 1.05899
4190001 0.348216
4200001 0.350095
4210001 0.34654
4220001 0.349303
4230001 0.347043
4240001 0.430976
4250001 0.346964
4260001 0.349615
4270001 0.346907
4280001 0.355873
4290001 0.51086
4300001 0.354959
4310001 0.34758
4320001 0.349385
4330001 0.34746
4340001 0.347821
4350001 0.347641
4360001 0.34792
4370001 0.347787
4380001 0.348495
4390001 0.347505
4400001 0.347892
4410001 0.347427
4420001 0.346996
4430001 0.347668
4440001 0.346778
4450001 0.347842
4460001 0.346718
4470001 0.348046
4480001 0.346671
4490001 0.348612
4500001 0.347623
4510001 0.348704
4520001 0.346722
4530001 0.348736
4540001 0.34676
4550001 0.3487
4560001 0.347119
4570001 0.352185
4580001 0.347287
4590001 0.350037
4600001 0.348464
4610001 0.349047
4620001 0.347087
4630001 0.34971
4640001 0.348325
4650001 0.348996
4660001 0.347367
4670001 0.348998
4680001 0.347602
4690001 0.394846
4700001 0.347512
4710001 0.349957
4720001 0.400865
4730001 0.349724
4740001 0.347822
4750001 0.349442
4760001 0.347738
4770001 0.348725
4780001 0.348592
4790001 0.348319
4800001 0.347639
4810001 0.348711
4820001 0.348006
4830001 0.349453
4840001 0.347912
4850001 0.34788
4860001 0.348227
4870001 0.347443
4880001 0.348189
4890001 0.347302
4900001 0.34852
4910001 0.34733
4920001 0.348672
4930001 0.347691
4940001 0.349076
4950001 0.347338
4960001 0.349091
4970001 0.347293
4980001 0.349667
4990001 0.347985
5000001 0.381394
5010001 0.347302
5020001 0.349609
5030001 0.348165
5040001 0.349731
5050001 0.347918
5060001 0.504939
5070001 0.894873
5080001 0.351127
5090001 0.347562
5100001 0.350937
5110001 0.347726
5120001 0.34954
5130001 0.3481
5140001 0.349739
5150001 0.348398
5160001 0.350035
5170001 0.511646
5180001 0.350061
5190001 0.348493
5200001 0.350636
5210001 0.348792
5220001 0.349855
5230001 0.348853
5240001 0.348926
5250001 0.348576
5260001 0.34987
5270001 0.349241
5280001 0.349392
5290001 0.348852
5300001 0.348491
5310001 0.349097
5320001 0.348231
5330001 0.34928
5340001 0.348203
5350001 0.34945
5360001 0.348349
5370001 0.34989
5380001 0.348382
5390001 0.350241
5400001 0.347949
5410001 0.350318
5420001 0.348411
5430001 0.350177
5440001 0.348384
5450001 0.353794
5460001 0.528251
5470001 0.351714
5480001 0.348962
5490001 0.350833
5500001 0.348862
5510001 1.05966
5520001 0.350263
5530001 0.35079
5540001 0.349135
5550001 0.35154
5560001 0.349241
5570001 0.43279
5580001 0.349437
5590001 0.351856
5600001 0.349211
5610001 0.358102
5620001 0.349741
5630001 0.357219
5640001 0.349988
5650001 0.350533
5660001 0.350436
5670001 0.350278
5680001 0.349589
5690001 0.350394
5700001 0.350324
5710001 0.350577
5720001 0.350092
5730001 0.349823
5740001 0.350066
5750001 0.349664
5760001 0.350313
5770001 0.349489
5780001 0.350597
5790001 0.349469
5800001 0.350797
5810001 0.349916
5820001 0.35138
5830001 0.350339
5840001 0.35128
5850001 0.349601
5860001 0.351625
5870001 0.350198
5880001 0.351562
5890001 0.350031
5900001 0.351864
5910001 0.350453
5920001 0.353006
5930001 0.351464
5940001 0.506479
5950001 0.895711
5960001 0.352768
5970001 0.351401
5980001 0.352086
5990001 0.35
6000001 0.351877
6010001 0.350742
6020001 0.397598
6030001 0.350607
6040001 0.352434
6050001 0.403657
6060001 0.352927
6070001 0.350863
6080001 0.352632
6090001 0.351004
6100001 0.3524
6110001 0.351165
6120001 0.351581
6130001 0.350968
6140001 0.351984
6150001 0.351335
6160001 0.35275
6170001 0.351278
6180001 0.351204
6190001 0.351466
6200001 0.350774
6210001 0.351704
6220001 0.350675
6230001 0.351985
6240001 0.350824
6250001 0.352166
6260001 0.350879
6270001 0.352612
6280001 0.350822
6290001 0.352702
6300001 0.350871
6310001 0.353085
6320001 0.350932
6330001 0.38469
6340001 0.350931
6350001 0.354199
6360001 0.351539
6370001 0.353357
6380001 0.351576
6390001 0.507606
6400001 0.352777
6410001 0.354725
6420001 0.35122
6430001 0.354586
6440001 0.351824
6450001 0.434844
6460001 0.351874
6470001 0.35347
6480001 0.351945
6490001 0.360673
6500001 0.514208
6510001 0.353863
6520001 0.352444
6530001 0.354396
6540001 0.352607
6550001 0.352988
6560001 0.352733
6570001 0.352752
6580001 0.352886
6590001 0.353675
6600001 0.352718
6610001 0.353231
6620001 0.352685
6630001 0.35238
6640001 0.352955
6650001 0.352055
6660001 0.353186
6670001 0.352123
6680001 0.353368
6690001 0.352143
6700001 0.353849
6710001 0.353179
6720001 0.354182
6730001 0.352042
6740001 0.354266
6750001 0.352362
6760001 0.354127
6770001 0.352799
6780001 0.357731
6790001 0.530893
6800001 0.355459
6810001 0.35414
6820001 0.354782
6830001 0.352867
6840001 1.06097
6850001 0.354201
6860001 0.354798
6870001 0.353178
6880001 0.355626
6890001 0.353278
6900001 0.400022
6910001 0.353441
6920001 0.355856
6930001 0.353329
6940001 0.355677
6950001 0.353782
6960001 0.361218
6970001 0.353882
6980001 0.354719
6990001 0.354594
7000001 0.354344
7010001 0.353692
7020001 0.354516
7030001 0.354069
7040001 0.354704
7050001 0.354053
7060001 0.353962
7070001 0.354412
7080001 0.353697
7090001 0.354471
7100001 0.353558
7110001 0.354711
7120001 0.353613
7130001 0.354914
7140001 0.354073
7150001 0.355552
7160001 0.353652
7170001 0.355433
7180001 0.353725
7190001 0.355974
7200001 0.354375
7210001 0.355782
7220001 0.353713
7230001 0.356
7240001 0.354638
7250001 0.357143
7260001 0.354319
7270001 0.509392
7280001 0.897398
7290001 0.35695
7300001 0.353989
7310001 0.357398
7320001 0.354237
7330001 0.356051
7340001 0.355084
7350001 0.356264
7360001 0.354931
7370001 0.356585
7380001 0.407348
7390001 0.356682
7400001 0.35506
7410001 0.356859
7420001 0.355404
7430001 0.356484
7440001 0.355405
7450001 0.355687
7460001 0.355213
7470001 0.356173
7480001 0.355884
7490001 0.356945
7500001 0.355518
7510001 0.355374
7520001 0.355777
7530001 0.355004
7540001 0.355983
7550001 0.354879
7560001 0.3561
7570001 0.355138
7580001 0.356581
7590001 0.355138
7600001 0.356841
7610001 0.354754
7620001 0.356944
7630001 0.355085
7640001 0.356939
7650001 0.355221
7660001 0.388597
7670001 0.532793
7680001 0.358438
7690001 0.35581
7700001 0.357632
7710001 0.355741
7720001 1.06194
7730001 0.35709
7740001 0.358975
7750001 0.355518
7760001 0.358276
7770001 0.356084
7780001 0.438324
7790001 0.356063
7800001 0.358686
7810001 0.356078
7820001 0.364852
7830001 0.517167
7840001 0.364019
7850001 0.356852
7860001 0.35865
7870001 0.357354
7880001 0.357179
7890001 0.357027
7900001 0.357339
7910001 0.35723
7920001 0.35794
7930001 0.357013
7940001 0.357399
7950001 0.356984
7960001 0.356594
7970001 0.357274
7980001 0.35644
7990001 0.357499
8000001 0.356435
8010001 0.357738
8020001 0.356436
8030001 0.358342
8040001 0.357408
8050001 0.358474
8060001 0.356573
8070001 0.358543
8080001 0.356664
8090001 0.358569
8100001 0.357057
8110001 0.362001
8120001 0.357436
8130001 0.359965
8140001 0.358447
8150001 0.359037
8160001 0.357183
8170001 0.359732
8180001 0.358395
8190001 0.359069
8200001 0.357498
8210001 0.359074
8220001 0.357768
8230001 0.403841
8240001 0.357729
8250001 0.359285
8260001 0.409787
8270001 0.359917
8280001 0.358127
8290001 0.359664
8300001 0.358034
8310001 0.359014
8320001 0.358119
8330001 0.358648
8340001 0.358009
8350001 0.359059
8360001 0.358396
8370001 0.359844
8380001 0.358332
8390001 0.358305
8400001 0.358669
8410001 0.357921
8420001 0.358669
8430001 0.357824
8440001 0.359011
8450001 0.357873
8460001 0.359184
8470001 0.358245
8480001 0.359605
8490001 0.357934
8500001 0.359611
8510001 0.357918
8520001 0.360222
8530001 0.358589
8540001 0.391116
8550001 0.357974
8560001 0.360225
8570001 0.358903
8580001 0.360372
8590001 0.358622
8600001 0.512378
8610001 0.899097
8620001 0.361782
8630001 0.358315
8640001 0.361603
8650001 0.3585
8660001 0.364239
8670001 0.358873
8680001 0.36048
8690001 0.359188
8700001 0.360746
8710001 0.519063
8720001 0.360828
8730001 0.359303
8740001 0.361398
8750001 0.359618
8760001 0.360657
8770001 0.35972
8780001 0.359773
8790001 0.359449
8800001 0.360707
8810001 0.360107
8820001 0.360256
8830001 0.359748
8840001 0.3594
8850001 0.359993
8860001 0.359167
8870001 0.360182
8880001 0.359143
8890001 0.360363
8900001 0.359301
8910001 0.360809
8920001 0.359349
8930001 0.361159
8940001 0.358945
8950001 0.361238
8960001 0.359396
8970001 0.361119
8980001 0.359392
8990001 0.364637
9000001 0.535588
9010001 0.362643
9020001 0.35997
9030001 0.361793
9040001 0.359904
9050001 1.06334
9060001 0.361267
9070001 0.36177
9080001 0.360182
9090001 0.362508
9100001 0.360281
9110001 0.441727
9120001 0.360459
9130001 0.362835
9140001 0.360273
9150001 0.368891
9160001 0.360793
9170001 0.368051
9180001 0.361037
9190001 0.361552
9200001 0.361475
9210001 0.361323
9220001 0.360661
9230001 0.361446
9240001 0.361389
9250001 0.361632
9260001 0.361155
9270001 0.360899
9280001 0.361138
9290001 0.360753
9300001 0.361395
9310001 0.360612
9320001 0.361665
9330001 0.360575
9340001 0.361864
9350001 0.361035
9360001 0.362432
9370001 0.361412
9380001 0.362336
9390001 0.360717
9400001 0.362684
9410001 0.361301
9420001 0.362622
9430001 0.361138
9440001 0.36292
9450001 0.361552
9460001 0.364031
9470001 0.362538
9480001 0.514233
9490001 0.900115
9500001 0.363801
9510001 0.362476
9520001 0.363174
9530001 0.361122
9540001 0.362943
9550001 0.361844
9560001 0.407419
9570001 0.361711
9580001 0.363491
9590001 0.413342
9600001 0.363962
9610001 0.361963
9620001 0.363673
9630001 0.362092
9640001 0.363446
9650001 0.362255
9660001 0.362654
9670001 0.36206
9680001 0.363069
9690001 0.36246
9700001 0.363782
9710001 0.362364
9720001 0.362283
9730001 0.362553
9740001 0.361862
9750001 0.36277
9760001 0.361773
9770001 0.363029
9780001 0.361917
9790001 0.363214
9800001 0.361968
9810001 0.363644
9820001 0.361914
9830001 0.363727
9840001 0.361961
9850001 0.364104
9860001 0.362011
9870001 0.394823
9880001 0.36202
9890001 0.365138
9900001 0.362602
9910001 0.364365
9920001 0.362625
9930001 0.515322
9940001 0.363793
9950001 0.365676
9960001 0.362296
9970001 0.365539
9980001 0.362861
9990001 0.443817
