1 2195.64
10001 609.749
20001 356.078
30001 227.801
40001 138.491
50001 141.853
60001 91.1367
70001 68.8041
80001 53.1784
90001 51.9224
100001 33.1196
110001 31.8681
120001 25.7976
130001 25.7835
140001 18.3523
150001 20.0912
160001 15.7316
170001 17.039
180001 13.7032
190001 15.6853
200001 12.4289
210001 14.2074
220001 11.8424
230001 13.6536
240001 11.3236
250001 13.0696
260001 11.3256
270001 12.569
280001 11.1846
290001 12.2209
300001 11.123
310001 11.8757
320001 11.0324
330001 11.9221
340001 11.0397
350001 11.3331
360001 11.1898
370001 11.1131
380001 11.3342
390001 10.7419
400001 11.2684
410001 10.5539
420001 11.3808
430001 10.0794
440001 11.6032
450001 9.79247
460001 11.7979
470001 9.71025
480001 11.9242
490001 9.64239
500001 11.7199
510001 9.50141
520001 12.0122
530001 9.57301
540001 11.8933
550001 9.3934
560001 11.7699
570001 9.4819
580001 11.9823
590001 9.80959
600001 16.2489
610001 9.84353
620001 11.7775
630001 9.56119
640001 11.5136
650001 9.62788
660001 11.4647
670001 9.96693
680001 11.247
690001 9.8214
700001 11.2785
710001 14.9392
720001 11.1678
730001 9.97639
740001 12.9623
750001 13.242
760001 11.096
770001 10.4016
780001 10.7444
790001 10.5553
800001 10.7053
810001 10.5185
820001 10.4987
830001 10.6544
840001 10.0974
850001 10.8046
860001 9.91594
870001 10.9466
880001 9.59518
890001 11.1086
900001 9.41213
910001 11.2709
920001 9.51322
930001 11.3726
940001 9.22205
950001 11.5194
960001 9.15002
970001 11.5423
980001 9.20121
990001 11.6083
1000001 9.60442
1010001 11.5531
1020001 9.35859
1030001 11.6993
1040001 9.69293
1050001 11.4236
1060001 9.78674
1070001 11.5276
1080001 9.65892
1090001 11.466
1100001 9.73458
1110001 11.149
1120001 9.87455
1130001 11.2807
1140001 9.92149
1150001 11.2239
1160001 9.93956
1170001 11.1348
1180001 10.0408
1190001 15.6675
1200001 10.1385
1210001 10.974
1220001 10.2859
1230001 10.6776
1240001 10.5165
1250001 10.4727
1260001 10.4931
1270001 10.2777
1280001 10.6451
1290001 10.0781
1300001 10.8334
1310001 9.70998
1320001 10.9553
1330001 9.4564
1340001 11.1162
1350001 9.30461
1360001 11.2884
1370001 9.28944
1380001 11.2987
1390001 9.32415
1400001 11.6112
1410001 9.20351
1420001 11.4962
1430001 9.22597
1440001 11.6394
1450001 9.71004
1460001 11.7379
1470001 9.49768
1480001 11.6634
1490001 9.68224
1500001 11.4998
1510001 9.61812
1520001 11.3187
1530001 9.53071
1540001 11.299
1550001 9.66476
1560001 11.1969
1570001 9.65398
1580001 11.2688
1590001 14.8137
1600001 10.9616
1610001 10.0312
1620001 10.8546
1630001 13.1337
1640001 10.6899
1650001 10.1434
1660001 10.6075
1670001 10.2701
1680001 10.4526
1690001 10.3339
1700001 10.348
1710001 10.6542
1720001 10.0173
1730001 10.6586
1740001 9.88695
1750001 10.8419
1760001 9.61223
1770001 11.0032
1780001 9.40192
1790001 11.3621
1800001 9.37398
1810001 11.3306
1820001 9.25567
1830001 11.386
1840001 9.28467
1850001 11.5381
1860001 9.24601
1870001 11.5259
1880001 9.32742
1890001 11.456
1900001 9.24552
1910001 11.567
1920001 9.45348
1930001 15.9984
1940001 9.5919
1950001 11.5138
1960001 9.53078
1970001 11.28
1980001 9.47545
1990001 11.1176
2000001 9.88983
2010001 11.0771
2020001 9.73077
2030001 10.9927
2040001 9.93945
2050001 11.0863
2060001 9.89811
2070001 12.8339
2080001 10.0611
2090001 10.9683
2100001 10.2989
2110001 10.661
2120001 10.3226
2130001 10.603
2140001 10.4387
2150001 10.3573
2160001 10.5846
2170001 9.93206
2180001 10.7497
2190001 9.73764
2200001 10.8586
2210001 9.47639
2220001 11.0227
2230001 9.30512
2240001 11.1856
2250001 9.31333
2260001 11.2889
2270001 9.27484
2280001 11.4906
2290001 9.08982
2300001 11.4477
2310001 9.17753
2320001 11.5823
2330001 9.70329
2340001 11.5443
2350001 9.30116
2360001 11.5723
2370001 9.59271
2380001 11.3555
2390001 9.896
2400001 11.2905
2410001 9.50565
2420001 11.3682
2430001 9.71547
2440001 11.1544
2450001 9.71647
2460001 11.3252
2470001 9.86793
2480001 11.1905
2490001 10.0465
2500001 10.9234
2510001 10.0344
2520001 15.6136
2530001 10.1331
2540001 10.95
2550001 10.2908
2560001 10.6264
2570001 10.5428
2580001 10.4145
2590001 10.6504
2600001 10.2375
2610001 10.6494
2620001 10.0383
2630001 10.8116
2640001 9.64097
2650001 11.027
2660001 9.41777
2670001 11.1719
2680001 9.32444
2690001 11.4061
2700001 9.32852
2710001 11.3206
2720001 9.18139
2730001 11.5901
2740001 9.36791
2750001 11.5269
2760001 9.21023
2770001 11.5515
2780001 9.3702
2790001 11.6709
2800001 9.66504
2810001 16.0852
2820001 9.85563
2830001 11.5028
2840001 9.49221
2850001 11.2681
2860001 9.43723
2870001 11.2809
2880001 9.7363
2890001 11.2134
2900001 9.67602
2910001 11.1073
2920001 14.821
2930001 10.9496
2940001 9.94509
2950001 12.8326
2960001 13.1251
2970001 10.6882
2980001 10.1927
2990001 10.6517
3000001 10.2821
3010001 10.6326
3020001 10.3678
3030001 10.3441
3040001 10.5315
3050001 10.0052
3060001 10.6643
3070001 9.87018
3080001 10.8433
3090001 9.60546
3100001 10.9871
3110001 9.34564
3120001 11.2347
3130001 9.47471
3140001 11.2864
3150001 9.19747
3160001 11.3935
3170001 9.12155
3180001 11.5488
3190001 9.15099
3200001 11.5137
3210001 9.50717
3220001 11.4902
3230001 9.26651
3240001 11.6151
3250001 9.4578
3260001 15.9362
3270001 9.70916
3280001 11.4661
3290001 9.53375
3300001 11.2758
3310001 9.64658
3320001 11.1158
3330001 9.75571
3340001 11.0711
3350001 9.84284
3360001 11.1725
3370001 9.89719
3380001 11.0643
3390001 9.85238
3400001 15.6155
3410001 10.1199
3420001 10.9766
3430001 10.2574
3440001 10.6557
3450001 10.4238
3460001 10.4545
3470001 10.4551
3480001 10.4198
3490001 10.5915
3500001 9.88104
3510001 10.8155
3520001 9.73749
3530001 10.873
3540001 9.46757
3550001 11.028
3560001 9.32381
3570001 11.1931
3580001 9.3166
3590001 11.2626
3600001 9.27676
3610001 11.487
3620001 9.12808
3630001 11.4558
3640001 9.2893
3650001 11.5831
3660001 9.62169
3670001 11.5185
3680001 9.40582
3690001 11.5437
3700001 9.58213
3710001 11.3328
3720001 9.61245
3730001 11.3003
3740001 9.61612
3750001 11.4055
3760001 9.60763
3770001 11.1729
3780001 9.66873
3790001 11.3361
3800001 9.82707
3810001 10.9753
3820001 10.0015
3830001 10.9305
3840001 10.0422
3850001 10.7299
3860001 10.0987
3870001 10.9759
3880001 10.1881
3890001 10.4562
3900001 10.4278
3910001 10.3695
3920001 10.6474
3930001 10.0896
3940001 10.626
3950001 9.96131
3960001 10.7926
3970001 9.59905
3980001 11.0568
3990001 9.39004
4000001 11.2971
4010001 9.36779
4020001 11.4542
4030001 9.33436
4040001 11.3278
4050001 9.22222
4060001 11.6454
4070001 9.30909
4080001 11.5325
4090001 9.15083
4100001 11.4589
4110001 9.27769
4120001 11.7054
4130001 9.62428
4140001 16.0554
4150001 9.68216
4160001 11.5052
4170001 9.5002
4180001 11.2856
4190001 9.44631
4200001 11.2702
4210001 9.83709
4220001 11.0889
4230001 9.67757
4240001 11.1395
4250001 14.848
4260001 10.9662
4270001 9.8515
4280001 12.8396
4290001 13.1591
4300001 10.9666
4310001 10.2799
4320001 10.6297
4330001 10.4163
4340001 10.5991
4350001 10.4089
4360001 10.3959
4370001 10.5544
4380001 10.0137
4390001 10.7138
4400001 9.8327
4410001 10.8622
4420001 9.51775
4430001 10.992
4440001 9.34948
4450001 11.1701
4460001 9.44837
4470001 11.2847
4480001 9.16947
4490001 11.4336
4500001 9.09996
4510001 11.4616
4520001 9.1644
4530001 11.5282
4540001 9.60101
4550001 11.4755
4560001 9.32473
4570001 11.6343
4580001 9.60718
4590001 11.348
4600001 9.75558
4610001 11.4465
4620001 9.5636
4630001 11.4095
4640001 9.68461
4650001 11.1057
4660001 9.82843
4670001 11.2261
4680001 9.88034
4690001 11.1913
4700001 9.91903
4710001 11.0511
4720001 10.0053
4730001 15.6677
4740001 10.1034
4750001 10.931
4760001 10.2305
4770001 10.6575
4780001 10.4913
4790001 10.4477
4800001 10.4788
4810001 10.252
4820001 10.6174
4830001 10.068
4840001 10.8068
4850001 9.69408
4860001 10.9284
4870001 9.44193
4880001 11.0774
4890001 9.30407
4900001 11.2831
4910001 9.26994
4920001 11.2661
4930001 9.28379
4940001 11.59
4950001 9.18615
4960001 11.4492
4970001 9.20432
4980001 11.6047
4990001 9.7104
5000001 11.6891
5010001 9.48438
5020001 11.6317
5030001 9.60724
5040001 11.4703
5050001 9.59199
5060001 11.2985
5070001 9.52036
5080001 11.3028
5090001 9.65194
5100001 11.1843
5110001 9.64591
5120001 11.2534
5130001 14.8055
5140001 10.9531
5150001 10.008
5160001 10.8514
5170001 13.102
5180001 10.6876
5190001 10.1218
5200001 10.66
5210001 10.2505
5220001 10.4558
5230001 10.3731
5240001 10.3446
5250001 10.6468
5260001 9.99549
5270001 10.6487
5280001 9.87216
5290001 10.8309
5300001 9.59741
5310001 10.9867
5320001 9.40993
5330001 11.3262
5340001 9.39883
5350001 11.3164
5360001 9.24593
5370001 11.3715
5380001 9.26812
5390001 11.526
5400001 9.23081
5410001 11.5079
5420001 9.32738
5430001 11.447
5440001 9.2508
5450001 11.5939
5460001 9.41711
5470001 15.986
5480001 9.5995
5490001 11.5225
5500001 9.52802
5510001 11.273
5520001 9.4575
5530001 11.1081
5540001 9.87095
5550001 11.0712
5560001 9.74178
5570001 10.9773
5580001 9.92597
5590001 11.089
5600001 9.89039
5610001 12.8339
5620001 10.0552
5630001 10.9695
5640001 10.289
5650001 10.7785
5660001 10.3156
5670001 10.6053
5680001 10.4355
5690001 10.3468
5700001 10.5804
5710001 9.93073
5720001 10.7843
5730001 9.75005
5740001 10.8519
5750001 9.47575
5760001 11.0114
5770001 9.31872
5780001 11.1739
5790001 9.31318
5800001 11.2832
5810001 9.29454
5820001 11.4857
5830001 9.08422
5840001 11.4446
5850001 9.20211
5860001 11.6054
5870001 9.69803
5880001 11.5327
5890001 9.31291
5900001 11.599
5910001 9.59301
5920001 11.354
5930001 9.90797
5940001 11.3161
5950001 9.49923
5960001 11.367
5970001 9.71078
5980001 11.1449
5990001 9.70369
6000001 11.3338
6010001 9.86282
6020001 11.1899
6030001 10.0419
6040001 10.9282
6050001 10.0248
6060001 15.6287
6070001 10.1112
6080001 10.9495
6090001 10.2824
6100001 10.5421
6110001 10.5284
6120001 10.4384
6130001 10.646
6140001 10.2556
6150001 10.6744
6160001 10.0405
6170001 10.8164
6180001 9.64655
6190001 11.0261
6200001 9.42809
6210001 11.1636
6220001 9.30506
6230001 11.4034
6240001 9.32888
6250001 11.3
6260001 9.18584
6270001 11.585
6280001 9.38074
6290001 11.5244
6300001 9.22514
6310001 11.5382
6320001 9.36994
6330001 11.68
6340001 9.6517
6350001 16.0977
6360001 9.86524
6370001 11.5022
6380001 9.49559
6390001 11.2654
6400001 9.44786
6410001 11.2788
6420001 9.73945
6430001 11.2312
6440001 9.66422
6450001 11.1119
6460001 14.8231
6470001 10.9503
6480001 9.85295
6490001 12.8362
6500001 13.1255
6510001 10.6907
6520001 10.2195
6530001 10.6601
6540001 10.2743
6550001 10.6052
6560001 10.3634
6570001 10.3428
6580001 10.5216
6590001 10.008
6600001 10.6659
6610001 9.87679
6620001 10.8403
6630001 9.60965
6640001 10.9826
6650001 9.3397
6660001 11.2246
6670001 9.47586
6680001 11.2837
6690001 9.18916
6700001 11.3912
6710001 9.09659
6720001 11.5431
6730001 9.14933
6740001 11.5088
6750001 9.50669
6760001 11.4875
6770001 9.26021
6780001 11.6067
6790001 9.45255
6800001 15.9282
6810001 9.69821
6820001 11.4546
6830001 9.53284
6840001 11.265
6850001 9.67501
6860001 11.1146
6870001 9.77017
6880001 11.0729
6890001 9.82537
6900001 11.1731
6910001 9.89494
6920001 11.0683
6930001 9.86907
6940001 15.614
6950001 10.114
6960001 10.9787
6970001 10.2413
6980001 10.6607
6990001 10.4214
7000001 10.4328
7010001 10.4523
7020001 10.3989
7030001 10.5894
7040001 9.8846
7050001 10.8075
7060001 9.74642
7070001 10.8728
7080001 9.47644
7090001 11.0282
7100001 9.31312
7110001 11.1823
7120001 9.32104
7130001 11.2762
7140001 9.28571
7150001 11.4835
7160001 9.12606
7170001 11.4581
7180001 9.30456
7190001 11.6
7200001 9.63433
7210001 11.5085
7220001 9.43014
7230001 11.5466
7240001 9.54988
7250001 11.3396
7260001 9.61436
7270001 11.2964
7280001 9.60683
7290001 11.3955
7300001 9.59027
7310001 11.1757
7320001 9.66363
7330001 11.3466
7340001 9.81107
7350001 11.0155
7360001 9.99876
7370001 10.9379
7380001 10.0268
7390001 10.7348
7400001 10.0947
7410001 10.9761
7420001 10.1865
7430001 10.4611
7440001 10.4234
7450001 10.3704
7460001 10.6472
7470001 10.0807
7480001 10.6255
7490001 9.94674
7500001 10.7951
7510001 9.61704
7520001 11.041
7530001 9.39743
7540001 11.2918
7550001 9.36314
7560001 11.4363
7570001 9.33306
7580001 11.3563
7590001 9.22053
7600001 11.6549
7610001 9.30847
7620001 11.5192
7630001 9.14089
7640001 11.4605
7650001 9.26813
7660001 11.6885
7670001 9.59891
7680001 16.0556
7690001 9.68153
7700001 11.5036
7710001 9.43706
7720001 11.2783
7730001 9.42842
7740001 11.2829
7750001 9.89206
7760001 11.0984
7770001 9.67583
7780001 11.1215
7790001 14.8441
7800001 10.9866
7810001 9.85092
7820001 12.8374
7830001 13.1596
7840001 10.9668
7850001 10.2786
7860001 10.6384
7870001 10.4182
7880001 10.6109
7890001 10.4066
7900001 10.3944
7910001 10.5543
7920001 10.0131
7930001 10.7245
7940001 9.83665
7950001 10.8607
7960001 9.54251
7970001 10.9815
7980001 9.33494
7990001 11.167
8000001 9.43776
8010001 11.2809
8020001 9.17237
8030001 11.4294
8040001 9.10145
8050001 11.4732
8060001 9.16686
8070001 11.5393
8080001 9.58879
8090001 11.4852
8100001 9.31416
8110001 11.6315
8120001 9.63248
8130001 11.3504
8140001 9.76631
8150001 11.4406
8160001 9.53269
8170001 11.403
8180001 9.68289
8190001 11.107
8200001 9.83097
8210001 11.2379
8220001 9.87751
8230001 11.1982
8240001 9.91281
8250001 11.021
8260001 10.0033
8270001 15.6607
8280001 10.1081
8290001 10.9447
8300001 10.2261
8310001 10.6649
8320001 10.4932
8330001 10.4388
8340001 10.4897
8350001 10.2652
8360001 10.6172
8370001 10.0681
8380001 10.8081
8390001 9.69133
8400001 10.9418
8410001 9.43955
8420001 11.0822
8430001 9.30651
8440001 11.2753
8450001 9.28121
8460001 11.2659
8470001 9.27964
8480001 11.5746
8490001 9.19781
8500001 11.4294
8510001 9.20505
8520001 11.5947
8530001 9.69947
8540001 11.6771
8550001 9.48951
8560001 11.6374
8570001 9.72313
8580001 11.4782
8590001 9.5869
8600001 11.298
8610001 9.51692
8620001 11.2983
8630001 9.65554
8640001 11.1849
8650001 9.6528
8660001 11.3383
8670001 14.8083
8680001 10.9538
8690001 10.0015
8700001 10.8659
8710001 13.1041
8720001 10.6932
8730001 10.129
8740001 10.63
8750001 10.2556
8760001 10.4559
8770001 10.38
8780001 10.354
8790001 10.6458
8800001 10.0134
8810001 10.6489
8820001 9.90714
8830001 10.8301
8840001 9.58934
8850001 10.9835
8860001 9.41657
8870001 11.2966
8880001 9.42778
8890001 11.3035
8900001 9.18746
8910001 11.3868
8920001 9.25021
8930001 11.5251
8940001 9.22392
8950001 11.5057
8960001 9.34004
8970001 11.4537
8980001 9.23999
8990001 11.5944
9000001 9.40706
9010001 15.9842
9020001 9.59419
9030001 11.5004
9040001 9.53398
9050001 11.271
9060001 9.45336
9070001 11.1155
9080001 9.85986
9090001 11.0717
9100001 9.76544
9110001 10.9629
9120001 9.93159
9130001 11.0827
9140001 9.89081
9150001 12.8302
9160001 10.0373
9170001 10.9747
9180001 10.2846
9190001 10.7349
9200001 10.3153
9210001 10.6063
9220001 10.4446
9230001 10.3441
9240001 10.5754
9250001 9.93438
9260001 10.7873
9270001 9.74424
9280001 10.8492
9290001 9.48029
9300001 11.0104
9310001 9.32996
9320001 11.1747
9330001 9.32929
9340001 11.2836
9350001 9.31192
9360001 11.482
9370001 9.08535
9380001 11.4489
9390001 9.18407
9400001 11.6079
9410001 9.69966
9420001 11.5318
9430001 9.3307
9440001 11.6204
9450001 9.59469
9460001 11.3523
9470001 9.89072
9480001 11.3343
9490001 9.50595
9500001 11.364
9510001 9.71292
9520001 11.1315
9530001 9.70247
9540001 11.3145
9550001 9.85758
9560001 11.1843
9570001 10.1038
9580001 10.9372
9590001 10.0226
9600001 15.6388
9610001 10.1096
9620001 10.9507
9630001 10.2778
9640001 10.5289
9650001 10.5307
9660001 10.4641
9670001 10.6429
9680001 10.246
9690001 10.6602
9700001 10.0408
9710001 10.8177
9720001 9.64098
9730001 11.0226
9740001 9.43213
9750001 11.1665
9760001 9.3399
9770001 11.4084
9780001 9.33457
9790001 11.3006
9800001 9.18847
9810001 11.5836
9820001 9.38756
9830001 11.5237
9840001 9.22926
9850001 11.5124
9860001 9.36185
9870001 11.6841
9880001 9.62923
9890001 16.0773
9900001 9.87014
9910001 11.5037
9920001 9.50073
9930001 11.2712
9940001 9.44456
9950001 11.2782
9960001 9.73664
9970001 11.2212
9980001 9.68382
9990001 11.1142
