1 2697.69
10001 773.666
20001 740.474
30001 696.675
40001 814.334
50001 874.966
60001 530.785
70001 216.255
80001 208.144
90001 198.482
100001 204.315
110001 220.05
120001 217.3
130001 171.895
140001 167.125
150001 163.333
160001 166.098
170001 184.082
180001 180.06
190001 128.351
200001 125.456
210001 121.723
220001 122.149
230001 126.953
240001 133.139
250001 115.795
260001 115.773
270001 111.828
280001 107.961
290001 106.551
300001 113.681
310001 109.648
320001 95.7333
330001 90.5988
340001 87.0783
350001 93.7389
360001 100.144
370001 98.8663
380001 85.1683
390001 82.0312
400001 82.8183
410001 84.4315
420001 90.2912
430001 87.5517
440001 70.9616
450001 69.62
460001 69.2281
470001 72.46
480001 77.0218
490001 80.4862
500001 65.5053
510001 65.0538
520001 64.3842
530001 65.6218
540001 69.9885
550001 75.9029
560001 72.9437
570001 58.1947
580001 57.7678
590001 55.353
600001 63.5121
610001 70.3522
620001 69.3579
630001 54.6952
640001 52.0877
650001 52.6536
660001 59.1422
670001 67.5174
680001 65.6712
690001 51.8293
700001 46.6832
710001 161.875
720001 53.2492
730001 60.705
740001 62.9054
750001 44.3848
760001 43.8633
770001 43.6404
780001 49.117
790001 54.1651
800001 60.0881
810001 40.3641
820001 46.8463
830001 39.9126
840001 41.5737
850001 50.307
860001 58.4409
870001 57.3402
880001 38.3821
890001 36.902
900001 37.345
910001 46.6438
920001 56.5656
930001 54.6752
940001 36.078
950001 33.3185
960001 39.7538
970001 43.6818
980001 55.4371
990001 54.235
1000001 31.7182
1010001 31.2369
1020001 32.0251
1030001 40.4234
1040001 47.3535
1050001 52.2567
1060001 29.4286
1070001 31.0896
1080001 29.614
1090001 35.0033
1100001 44.0598
1110001 52.3344
1120001 51.1901
1130001 30.2794
1140001 46.265
1150001 29.3058
1160001 40.8666
1170001 51.1243
1180001 49.3607
1190001 27.5144
1200001 25.2576
1210001 29.3836
1220001 39.6405
1230001 51.4964
1240001 50.048
1250001 50.0532
1260001 24.536
1270001 24.4883
1280001 36.3257
1290001 45.6039
1300001 48.7282
1310001 22.8784
1320001 23.7374
1330001 23.525
1340001 33.2362
1350001 41.5757
1360001 49.4615
1370001 24.0292
1380001 23.7132
1390001 23.3164
1400001 26.3041
1410001 38.9139
1420001 48.7438
1430001 46.8987
1440001 22.917
1450001 27.7755
1460001 24.8813
1470001 37.7268
1480001 49.5617
1490001 47.9624
1500001 24.328
1510001 20.7759
1520001 33.5734
1530001 35.1057
1540001 46.733
1550001 47.3248
1560001 19.7483
1570001 20.5672
1580001 35.936
1590001 32.7499
1600001 41.2317
1610001 47.9227
1620001 20.258
1630001 24.384
1640001 20.8449
1650001 27.4243
1660001 38.5092
1670001 47.8139
1680001 46.1411
1690001 23.6517
1700001 19.3611
1710001 22.0666
1720001 36.8736
1730001 48.3222
1740001 46.8167
1750001 45.0746
1760001 19.0814
1770001 29.088
1780001 35.349
1790001 48.3636
1800001 46.7005
1810001 18.6735
1820001 18.7531
1830001 19.099
1840001 32.755
1850001 42.4863
1860001 47.1392
1870001 18.5935
1880001 21.1333
1890001 19.3908
1900001 29.5053
1910001 38.7301
1920001 47.3605
1930001 45.8825
1940001 20.5811
1950001 20.2271
1960001 21.2629
1970001 37.1516
1980001 47.6893
1990001 46.0483
2000001 20.145
2010001 17.8686
2020001 22.3223
2030001 35.7595
2040001 48.1389
2050001 46.3488
2060001 25.3497
2070001 18.0315
2080001 43.5781
2090001 33.3888
2100001 44.6767
2110001 46.7642
2120001 17.6669
2130001 19.0521
2140001 18.7028
2150001 31.1105
2160001 39.519
2170001 46.9819
2180001 18.3777
2190001 30.0587
2200001 18.4309
2210001 24.6723
2220001 37.7375
2230001 47.4013
2240001 45.8689
2250001 23.4491
2260001 18.1938
2270001 21.3775
2280001 35.8146
2290001 48.0055
2300001 46.0932
2310001 20.5688
2320001 17.4836
2330001 28.359
2340001 34.3633
2350001 48.04
2360001 46.5431
2370001 17.3828
2380001 17.7284
2390001 18.6482
2400001 31.9876
2410001 41.1969
2420001 46.7581
2430001 17.7876
2440001 20.4912
2450001 18.4171
2460001 27.6245
2470001 38.1772
2480001 47.1995
2490001 45.7916
2500001 20.8424
2510001 90.1727
2520001 21.2379
2530001 36.4618
2540001 47.5599
2550001 45.8574
2560001 19.602
2570001 17.1556
2580001 22.3924
2590001 35.2633
2600001 48.0026
2610001 46.3196
2620001 34.1716
2630001 17.8318
2640001 17.9258
2650001 32.784
2660001 43.4634
2670001 46.6148
2680001 17.0124
2690001 18.5785
2700001 18.0198
2710001 30.1851
2720001 38.9965
2730001 47.0045
2740001 18.9545
2750001 48.5223
2760001 18.3087
2770001 23.2056
2780001 37.27
2790001 47.34
2800001 45.6431
2810001 19.4472
2820001 19.8118
2830001 22.518
2840001 35.6846
2850001 47.9811
2860001 46.1721
2870001 20.4607
2880001 17.6583
2890001 30.9941
2900001 33.7542
2910001 46.1498
2920001 46.466
2930001 17.1653
2940001 18.0808
2950001 20.333
2960001 31.4824
2970001 40.403
2980001 46.8205
2990001 18.1076
3000001 22.1663
3010001 19.8173
3020001 26.3665
3030001 37.8326
3040001 47.1967
3050001 45.6497
3060001 20.7497
3070001 17.7598
3080001 20.4621
3090001 36.0866
3100001 47.6816
3110001 46.0161
3120001 24.6937
3130001 17.4077
3140001 23.8972
3150001 34.8318
3160001 47.9501
3170001 46.312
3180001 17.9746
3190001 17.6978
3200001 18.0327
3210001 32.3151
3220001 42.443
3230001 46.7072
3240001 17.2863
3250001 19.0041
3260001 18.2011
3270001 29.2745
3280001 38.5631
3290001 47.0334
3300001 45.6587
3310001 19.6431
3320001 19.0097
3330001 21.5442
3340001 36.9188
3350001 47.4373
3360001 45.699
3370001 19.2629
3380001 17.2472
3390001 22.2228
3400001 35.5566
3410001 47.9577
3420001 46.1705
3430001 23.2291
3440001 17.4733
3450001 43.3972
3460001 33.3006
3470001 44.9987
3480001 46.5457
3490001 17.1835
3500001 18.2897
3510001 18.2135
3520001 31.0547
3530001 39.6434
3540001 46.8602
3550001 17.8943
3560001 27.6246
3570001 18.0583
3580001 24.9646
3590001 37.6586
3600001 47.2788
3610001 45.6943
3620001 23.0374
3630001 18.0939
3640001 21.1792
3650001 35.7797
3660001 47.9037
3670001 46.0393
3680001 20.3679
3690001 17.6867
3700001 25.1836
3710001 34.431
3720001 47.9734
3730001 46.4206
3740001 18.6013
3750001 17.7309
3760001 18.1589
3770001 32.0104
3780001 41.5042
3790001 46.737
3800001 17.5547
3810001 19.0272
3820001 17.9456
3830001 28.0691
3840001 38.2205
3850001 47.137
3860001 45.6928
3870001 19.9985
3880001 21.2457
3890001 20.943
3900001 36.5595
3910001 47.5288
3920001 45.7979
3930001 19.3475
3940001 17.1658
3950001 21.6257
3960001 35.3477
3970001 47.9764
3980001 46.257
3990001 34.0879
4000001 17.6696
4010001 75.9084
4020001 32.8864
4030001 43.8832
4040001 46.5984
4050001 16.9523
4060001 18.5665
4070001 18.0346
4080001 30.4206
4090001 39.1183
4100001 46.9649
4110001 18.5734
4120001 58.7611
4130001 18.0459
4140001 23.6966
4150001 37.4383
4160001 47.3545
4170001 45.6811
4180001 19.1203
4190001 18.1314
4200001 21.0212
4210001 35.68
4220001 47.9792
4230001 46.1272
4240001 20.636
4250001 17.4498
4260001 28.1777
4270001 33.9614
4280001 47.9757
4290001 46.4761
4300001 17.4164
4310001 17.9198
4320001 18.9819
4330001 31.6332
4340001 40.7287
4350001 46.7979
4360001 17.7514
4370001 20.4763
4380001 18.3283
4390001 26.8112
4400001 37.9417
4410001 47.2039
4420001 45.6854
4430001 20.8236
4440001 17.521
4450001 20.9737
4460001 36.2239
4470001 47.6515
4480001 45.963
4490001 19.379
4500001 17.1985
4510001 22.953
4520001 34.9759
4530001 47.9796
4540001 46.3071
4550001 95.4983
4560001 17.8768
4570001 17.8163
4580001 32.4616
4590001 42.8762
4600001 46.6844
4610001 17.1694
4620001 18.9299
4630001 17.9819
4640001 29.6613
4650001 38.7299
4660001 47.0243
4670001 31.5125
4680001 19.1409
4690001 18.6753
4700001 22.0533
4710001 37.0397
4720001 47.4295
4730001 45.6946
4740001 19.2267
4750001 17.3408
4760001 21.858
4770001 35.594
4780001 47.9828
4790001 46.1873
4800001 21.3729
4810001 17.4993
4820001 35.4828
4830001 33.4629
4840001 45.6026
4850001 46.5499
4860001 17.162
4870001 18.2311
4880001 18.1881
4890001 31.2174
4900001 39.9277
4910001 46.8634
4920001 17.9641
4930001 23.2773
4940001 18.6384
4950001 25.4679
4960001 37.7252
4970001 47.255
4980001 45.6957
4990001 27.817
5000001 18.2748
5010001 20.8714
5020001 35.9062
5030001 47.8156
5040001 46.0324
5050001 44.3189
5060001 17.521
5070001 28.1078
5080001 34.5929
5090001 47.9872
5100001 46.3836
5110001 16.7619
5120001 17.6233
5130001 18.0347
5140001 32.1131
5150001 41.892
5160001 46.7432
5170001 17.2985
5180001 20.0741
5190001 18.1166
5200001 28.5009
5210001 38.3748
5220001 47.1159
5230001 45.6969
5240001 19.7604
5250001 21.0885
5260001 20.3791
5270001 36.6786
5280001 47.5172
5290001 45.695
5300001 19.5446
5310001 17.0591
5320001 21.6415
5330001 35.4987
5340001 47.989
5350001 46.236
5360001 26.0077
5370001 17.6072
5380001 156.156
5390001 33.0612
5400001 44.3111
5410001 46.5968
5420001 16.9194
5430001 18.501
5440001 17.8601
5450001 30.7228
5460001 39.2869
5470001 46.9361
5480001 18.4791
5490001 29.9627
5500001 18.1171
5510001 24.1616
5520001 37.5377
5530001 47.3439
5540001 45.6968
5550001 19.5894
5560001 17.8599
5570001 20.9209
5580001 35.7098
5590001 47.9906
5600001 46.1068
5610001 20.4767
5620001 17.3533
5630001 28.1165
5640001 34.151
5650001 47.9904
5660001 46.479
5670001 17.0654
5680001 17.6441
5690001 18.8127
5700001 31.7532
5710001 41.0135
5720001 46.7931
5730001 17.4541
5740001 20.4515
5750001 18.1968
5760001 27.2614
5770001 38.0737
5780001 47.1673
5790001 45.6983
5800001 21.3018
5810001 41.1382
5820001 21.0356
5830001 36.3297
5840001 47.611
5850001 45.9343
5860001 19.7491
5870001 17.0621
5880001 23.0524
5890001 35.128
5900001 47.9919
5910001 46.2987
5920001 46.8859
5930001 17.7855
5940001 17.8092
5950001 32.5975
5960001 43.3195
5970001 46.6664
5980001 17.0239
5990001 18.3775
6000001 17.9066
6010001 29.9933
6020001 38.8954
6030001 47.0161
6040001 19.3055
6050001 48.4734
6060001 18.9701
6070001 22.7857
6080001 37.2305
6090001 47.3992
6100001 45.7005
6110001 19.2424
6120001 25.1253
6130001 21.9545
6140001 35.6354
6150001 47.9932
6160001 46.1767
6170001 21.3389
6180001 17.6308
6190001 31.6332
6200001 33.6344
6210001 45.8591
6220001 46.5398
6230001 17.0766
6240001 18.234
6250001 34.4262
6260001 31.348
6270001 40.2088
6280001 46.8582
6290001 17.8416
6300001 22.3431
6310001 19.7594
6320001 26.0456
6330001 37.8046
6340001 47.2489
6350001 45.7014
6360001 22.2622
6370001 17.8261
6380001 20.4835
6390001 36.003
6400001 47.7377
6410001 46.0195
6420001 24.6725
6430001 17.4729
6440001 23.8775
6450001 34.7442
6460001 47.9948
6470001 46.3797
6480001 17.6322
6490001 17.7157
6500001 17.9689
6510001 32.2074
6520001 42.2346
6530001 46.7318
6540001 17.27
6550001 19.0029
6560001 18.163
6570001 28.9685
6580001 38.5275
6590001 47.0989
6600001 45.7023
6610001 20.0433
6620001 19.5602
6630001 20.758
6640001 36.8624
6650001 47.484
6660001 45.7022
6670001 19.2875
6680001 17.032
6690001 22.1809
6700001 35.5523
6710001 47.9958
6720001 46.2281
6730001 24.9899
6740001 17.5832
6750001 43.3675
6760001 33.2311
6770001 44.8304
6780001 46.5792
6790001 17.0002
6800001 18.2282
6810001 18.1227
6820001 30.9136
6830001 39.4713
6840001 46.913
6850001 18.1265
6860001 27.6409
6870001 17.9908
6880001 24.6061
6890001 37.6037
6900001 47.3157
6910001 45.703
6920001 23.0999
6930001 18.0598
6940001 20.9402
6950001 35.7754
6960001 47.9966
6970001 46.0733
6980001 20.3305
6990001 17.2978
7000001 28.3148
7010001 34.319
7020001 47.9968
7030001 46.4637
7040001 18.5648
7050001 17.4706
7060001 18.3935
7070001 31.8789
7080001 41.3203
7090001 46.7848
7100001 17.6882
7110001 20.3072
7120001 18.0184
7130001 27.7321
7140001 38.2113
7150001 47.1632
7160001 45.7037
7170001 20.7344
7180001 90.1186
7190001 21.0629
7200001 36.5092
7210001 47.574
7220001 45.859
7230001 19.3327
7240001 17.1547
7250001 22.3176
7260001 35.3264
7270001 47.9975
7280001 46.2833
7290001 34.1275
7300001 17.6976
7310001 75.9084
7320001 32.7979
7330001 43.6406
7340001 46.6534
7350001 16.9847
7360001 18.5254
7370001 18.0641
7380001 30.2732
7390001 39.0382
7400001 47.0076
7410001 18.8282
7420001 48.4107
7430001 18.2418
7440001 23.2797
7450001 37.3417
7460001 47.3825
7470001 45.7046
7480001 19.4367
7490001 19.783
7500001 22.4484
7510001 35.6907
7520001 47.9981
7530001 46.1521
7540001 20.4019
7550001 17.4632
7560001 30.9491
7570001 33.812
7580001 46.39
7590001 46.5253
7600001 17.2287
7610001 18.1069
7620001 20.2614
7630001 31.4851
7640001 40.5343
7650001 46.836
7660001 17.9888
7670001 22.1097
7680001 18.2503
7690001 26.4892
7700001 37.9416
7710001 47.2245
7720001 45.7051
7730001 20.8292
7740001 17.4405
7750001 20.6475
7760001 36.11
7770001 47.6808
7780001 45.9977
7790001 24.6387
7800001 17.3499
7810001 22.9673
7820001 34.9374
7830001 47.9989
7840001 46.347
7850001 95.5163
7860001 17.6814
7870001 18.0125
7880001 32.346
7890001 42.6338
7900001 46.7075
7910001 17.3063
7920001 18.9415
7930001 17.9503
7940001 29.428
7950001 38.6521
7960001 47.0777
7970001 45.7056
7980001 19.6076
7990001 19.0216
8000001 21.755
8010001 36.9948
8020001 47.4473
8030001 45.7057
8040001 19.24
8050001 17.2705
8060001 21.8194
8070001 35.5945
8080001 47.9994
8090001 46.2044
8100001 23.2517
8110001 17.4606
8120001 35.523
8130001 33.3619
8140001 45.1499
8150001 46.5694
8160001 17.1794
8170001 18.2838
8180001 18.163
8190001 31.0706
8200001 39.7285
8210001 46.8986
8220001 17.8996
8230001 23.011
8240001 18.0398
8250001 25.1141
8260001 37.7093
8270001 47.2962
8280001 45.7061
8290001 27.8379
8300001 18.0682
8310001 21.1491
8320001 35.857
8330001 47.9035
8340001 46.0694
8350001 20.3054
8360001 17.6876
8370001 25.1203
8380001 34.5078
8390001 48
8400001 46.4429
8410001 18.5642
8420001 17.7046
8430001 18.1367
8440001 32.0319
8450001 41.7043
8460001 46.7572
8470001 17.4275
8480001 19.0216
8490001 17.9951
8500001 28.2196
8510001 38.3039
8520001 47.1371
8530001 45.7065
8540001 19.8946
8550001 21.1431
8560001 20.9618
8570001 36.6521
8580001 47.5598
8590001 45.7607
8600001 19.5483
8610001 17.0977
8620001 21.6179
8630001 35.4218
8640001 48.0004
8650001 46.2584
8660001 25.9473
8670001 17.6647
8680001 75.9613
8690001 32.9765
8700001 44.107
8710001 46.6207
8720001 16.9725
8730001 18.5573
8740001 17.8594
8750001 30.5102
8760001 39.1518
8770001 46.9878
8780001 18.5842
8790001 58.8247
8800001 17.9848
8810001 23.8239
8820001 37.4667
8830001 47.3757
8840001 45.707
8850001 19.5478
8860001 18.1052
8870001 21.0619
8880001 35.7136
8890001 48.0009
8900001 46.1276
8910001 20.6901
8920001 17.3589
8930001 28.207
8940001 34.026
8950001 48.001
8960001 46.5024
8970001 17.2249
8980001 17.9799
8990001 19.0222
9000001 31.642
9010001 40.8467
9020001 46.8034
9030001 17.7423
9040001 20.4297
9050001 18.3103
9060001 26.9726
9070001 38.0337
9080001 47.2022
9090001 45.7074
9100001 21.396
9110001 41.1637
9120001 20.9838
9130001 36.28
9140001 47.6442
9150001 45.9571
9160001 19.5079
9170001 17.1535
9180001 23.0156
9190001 35.0962
9200001 48.0014
9210001 46.3297
9220001 77.3642
9230001 17.8619
9240001 17.7709
9250001 32.5598
9260001 43.0523
9270001 46.6845
9280001 17.1226
9290001 18.4136
9300001 17.9327
9310001 29.8153
9320001 38.7622
9330001 47.045
9340001 27.1152
9350001 19.0947
9360001 18.6431
9370001 22.1057
9380001 37.1171
9390001 47.4277
9400001 45.7079
9410001 19.1725
9420001 25.1066
9430001 21.9488
9440001 35.6404
9450001 48.0018
9460001 46.1938
9470001 21.3326
9480001 17.4916
9490001 31.6893
9500001 33.5073
9510001 45.7228
9520001 46.5665
9530001 17.1192
9540001 18.2359
9550001 34.4724
9560001 31.2232
9570001 40.011
9580001 46.8816
9590001 17.9373
9600001 23.2906
9610001 18.6035
9620001 25.678
9630001 37.7872
9640001 47.2628
9650001 45.7082
9660001 22.2408
9670001 18.3222
9680001 20.8731
9690001 35.9173
9700001 47.7929
9710001 46.0486
9720001 44.323
9730001 17.5489
9740001 28.1094
9750001 34.6922
9760001 48.0022
9770001 46.3983
9780001 16.6841
9790001 17.6185
9800001 18.0398
9810001 32.1742
9820001 42.0212
9830001 46.7396
9840001 17.3149
9850001 20.0969
9860001 18.0629
9870001 28.649
9880001 38.4145
9890001 47.1305
9900001 45.7085
9910001 19.8128
9920001 19.5756
9930001 20.5415
9940001 36.7565
9950001 47.521
9960001 45.7086
9970001 19.4568
9980001 17.0604
9990001 21.6197
