1 31.3626
10001 22.5041
20001 20.4477
30001 17.8375
40001 16.6924
50001 15.5488
60001 14.4846
70001 13.7954
80001 12.991
90001 12.3019
100001 11.8413
110001 11.1647
120001 10.6313
130001 10.3127
140001 9.72763
150001 9.27515
160001 9.03947
170001 8.51682
180001 8.13335
190001 7.9592
200001 7.50335
210001 7.16785
220001 7.04481
230001 6.6785
240001 6.37332
250001 6.27949
260001 5.97997
270001 5.75024
280001 5.66153
290001 5.43643
300001 5.24754
310001 5.16048
320001 5.10131
330001 4.84109
340001 4.74595
350001 4.63732
360001 4.48627
370001 4.38213
380001 4.29334
390001 4.17206
400001 4.05336
410001 3.98549
420001 3.88026
430001 3.76666
440001 3.72202
450001 3.62638
460001 3.5298
470001 3.49537
480001 3.40927
490001 3.34076
500001 3.30362
510001 3.22616
520001 3.1703
530001 3.1333
540001 3.07072
550001 3.01479
560001 2.97605
570001 2.92549
580001 2.90601
590001 2.82858
600001 2.78718
610001 2.74064
620001 2.6901
630001 2.67163
640001 2.60695
650001 2.56822
660001 2.5473
670001 2.54272
680001 2.46227
690001 2.43731
700001 2.37408
710001 2.36076
720001 2.33723
730001 2.27144
740001 2.26181
750001 2.24082
760001 2.17762
770001 2.16805
780001 2.14655
790001 2.09249
800001 2.08047
810001 2.0584
820001 2.07161
830001 2.0047
840001 1.97719
850001 1.9719
860001 1.94737
870001 1.90373
880001 1.88977
890001 1.85584
900001 1.83359
910001 2.03637
920001 1.797
930001 1.77352
940001 1.79823
950001 1.74543
960001 1.71988
970001 1.73883
980001 1.71294
990001 1.66978
1000001 1.68177
1010001 1.65298
1020001 1.62039
1030001 1.63106
1040001 1.60932
1050001 1.5789
1060001 1.58883
1070001 1.57043
1080001 1.55221
1090001 1.55246
1100001 1.53602
1110001 1.51169
1120001 1.51657
1130001 1.50614
1140001 1.47734
1150001 1.48518
1160001 1.47566
1170001 1.52
1180001 1.45716
1190001 1.44639
1200001 1.43576
1210001 1.43061
1220001 1.44703
1230001 1.39729
1240001 1.40607
1250001 1.40955
1260001 1.47267
1270001 1.3886
1280001 1.37854
1290001 1.34553
1300001 1.366
1310001 1.35505
1320001 1.32406
1330001 1.34227
1340001 1.33428
1350001 1.30335
1360001 1.3221
1370001 1.31494
1380001 1.44098
1390001 1.30284
1400001 1.29627
1410001 1.35388
1420001 1.29507
1430001 1.27768
1440001 1.29292
1450001 1.30419
1460001 1.25886
1470001 1.25559
1480001 1.25188
1490001 1.23595
1500001 1.53321
1510001 1.23587
1520001 1.2205
1530001 1.26962
1540001 1.2209
1550001 1.20444
1560001 1.24457
1570001 1.20966
1580001 1.18908
1590001 1.21776
1600001 1.19379
1610001 1.1693
1620001 1.19583
1630001 1.18072
1640001 1.15522
1650001 1.18019
1660001 1.169
1670001 1.15774
1680001 1.16921
1690001 1.20458
1700001 1.13659
1710001 1.15404
1720001 1.14965
1730001 1.12191
1740001 1.14173
1750001 1.13774
1760001 1.20391
1770001 1.13179
1780001 1.12626
1790001 1.12082
1800001 1.12127
1810001 1.1505
1820001 1.09473
1830001 1.1125
1840001 1.1247
1850001 1.19668
1860001 1.11082
1870001 1.10546
1880001 1.06978
1890001 1.10183
1900001 1.09417
1910001 1.06153
1920001 1.09002
1930001 1.08563
1940001 1.0537
1950001 1.08124
1960001 1.07792
1970001 1.23399
1980001 1.07381
1990001 1.07106
2000001 1.12095
2010001 1.07128
2020001 1.06325
2030001 1.08616
2040001 4.68664
2050001 1.05447
2060001 1.05468
2070001 1.055
2080001 1.04051
2090001 1.38359
2100001 1.04836
2110001 1.03392
2120001 1.09572
2130001 1.04254
2140001 1.02761
2150001 1.07786
2160001 1.04037
2170001 1.0206
2180001 1.05715
2190001 1.03225
2200001 1.00735
2210001 1.04149
2220001 1.02757
2230001 1.00408
2240001 1.03305
2250001 1.02348
2260001 1.00217
2270001 1.02698
2280001 1.07219
2290001 1.00228
2300001 1.02058
2310001 1.01766
2320001 1.76481
2330001 1.01461
2340001 1.01129
2350001 1.08882
2360001 1.0104
2370001 1.00658
2380001 1.00321
2390001 1.00594
2400001 1.0403
2410001 0.980469
2420001 1.00234
2430001 1.01806
2440001 1.09881
2450001 1.00677
2460001 1.00265
2470001 0.965384
2480001 1.00039
2490001 0.995854
2500001 0.961635
2510001 0.994789
2520001 0.991556
2530001 0.958285
2540001 0.990149
2550001 0.988552
2560001 1.15777
2570001 0.986697
2580001 0.985327
2590001 1.04077
2600001 0.988491
2610001 0.981107
2620001 0.992658
2630001 4.66932
2640001 0.976076
2650001 0.977593
2660001 0.979012
2670001 0.964815
2680001 1.32861
2690001 0.975907
2700001 0.961604
2710001 1.029
2720001 0.973165
2730001 0.958434
2740001 1.01337
2750001 0.974325
2760001 0.951488
2770001 0.994474
2780001 0.968861
2790001 0.943485
2800001 0.98098
2810001 0.967115
2820001 0.943083
2830001 0.973676
2840001 0.965764
2850001 0.94411
2860001 0.971434
2870001 1.01984
2880001 0.946933
2890001 0.965925
2900001 0.965073
2910001 1.7355
2920001 0.963649
2930001 0.960825
2940001 0.984739
2950001 0.961617
2960001 1.05818
2970001 0.938602
2980001 0.959287
2990001 0.984332
3000001 0.934105
3010001 0.957791
3020001 0.974853
3030001 1.05952
3040001 0.965205
3050001 0.960865
3060001 0.922632
3070001 0.959865
3080001 0.955036
3090001 0.920681
3100001 0.95597
3110001 0.953099
3120001 0.919162
3130001 0.952936
3140001 0.951874
3150001 1.12712
3160001 0.951124
3170001 0.95029
3180001 1.00813
3190001 0.954592
3200001 0.947575
3210001 0.959985
3220001 4.66259
3230001 0.943129
3240001 0.940866
3250001 0.947905
3260001 0.933617
3270001 1.04936
3280001 0.945967
3290001 0.931889
3300001 1.00167
3310001 0.944704
3320001 0.929913
3330001 0.986977
3340001 0.947196
3350001 0.924198
3360001 0.96153
3370001 0.942811
3380001 0.917189
3390001 0.95416
3400001 0.942239
3410001 0.918009
3420001 0.94982
3430001 0.941891
3440001 0.920185
3450001 0.948631
3460001 0.998431
3470001 0.924231
3480001 0.943898
3490001 0.943483
3500001 1.72376
3510001 0.942718
3520001 0.940084
3530001 0.964909
3540001 0.941614
3550001 1.04029
3560001 0.918641
3570001 0.94021
3580001 0.965978
3590001 0.913041
3600001 0.939634
3610001 0.948427
3620001 1.04356
3630001 0.94796
3640001 0.942706
3650001 0.905109
3660001 0.943311
3670001 0.938597
3680001 0.903936
3690001 0.940092
3700001 0.937437
3710001 0.904333
3720001 0.937814
3730001 0.936962
3740001 1.11478
3750001 0.936648
3760001 0.935331
3770001 0.994938
3780001 0.940862
3790001 0.934024
3800001 0.946787
3810001 4.65994
3820001 0.930151
3830001 0.928056
3840001 0.935364
3850001 0.921058
3860001 1.03839
3870001 0.934017
3880001 0.920011
3890001 0.989439
3900001 0.950638
3910001 0.918573
3920001 0.967272
3930001 0.93654
3940001 0.913351
3950001 0.951304
3960001 0.932494
3970001 0.906806
3980001 0.944357
3990001 0.932435
4000001 0.908151
4010001 0.940467
4020001 0.932608
4030001 0.910874
4040001 0.938525
4050001 0.941554
4060001 0.915388
4070001 0.935446
4080001 0.935147
4090001 1.71929
4100001 0.934721
4110001 0.932128
4120001 0.957348
4130001 0.933391
4140001 1.03354
4150001 0.911118
4160001 0.933045
4170001 0.959066
4180001 0.905871
4190001 0.932833
4200001 0.941788
4210001 0.915438
4220001 0.9416
4230001 0.936419
4240001 0.898671
4250001 0.93728
4260001 0.932658
4270001 0.897847
4280001 0.933847
4290001 0.931831
4300001 0.898639
4310001 0.932297
4320001 0.931288
4330001 1.09554
4340001 0.933957
4350001 0.930397
4360001 0.99038
4370001 0.943353
4380001 0.92899
4390001 0.942305
4400001 4.65905
4410001 0.925789
4420001 0.923762
4430001 0.931198
4440001 0.916968
4450001 1.03482
4460001 0.930126
4470001 0.915983
4480001 0.985979
4490001 0.947078
4500001 0.915026
4510001 0.963984
4520001 0.929869
4530001 0.910066
4540001 0.948205
4550001 0.92944
4560001 0.903244
4570001 0.941511
4580001 0.929599
4590001 0.944399
4600001 0.937834
4610001 0.930001
4620001 0.906979
4630001 0.93612
4640001 0.939219
4650001 0.916479
4660001 0.933236
4670001 0.938504
4680001 1.87563
4690001 0.932742
4700001 0.930156
4710001 0.955556
4720001 0.931648
4730001 1.03198
4740001 0.909413
4750001 0.931521
4760001 0.957572
4770001 0.904355
4780001 0.931446
4790001 0.940471
4800001 0.914124
4810001 0.940377
4820001 0.935271
4830001 0.896941
4840001 0.933983
4850001 0.931707
4860001 0.896913
4870001 0.932994
4880001 0.93112
4890001 0.897828
4900001 0.931589
4910001 0.930583
4920001 1.09504
4930001 0.933445
4940001 0.929935
4950001 0.973389
4960001 0.943023
4970001 0.928666
4980001 0.941903
4990001 0.935024
5000001 0.918512
5010001 0.923662
5020001 0.931101
5030001 0.916948
5040001 1.03484
5050001 0.930217
5060001 0.916132
5070001 0.986126
5080001 0.94726
5090001 0.915305
5100001 0.964282
5110001 0.930193
5120001 0.907433
5130001 0.948641
5140001 0.930558
5150001 0.903741
5160001 0.942092
5170001 0.930259
5180001 0.94503
5190001 0.944886
5200001 0.930709
5210001 0.907722
5220001 0.936921
5230001 0.94003
5240001 0.91734
5250001 0.934087
5260001 0.939405
5270001 1.32319
5280001 0.933769
5290001 0.931836
5300001 0.939653
5310001 0.9328
5320001 1.35516
5330001 0.910637
5340001 0.932772
5350001 0.958855
5360001 0.905673
5370001 0.932763
5380001 0.941846
5390001 0.91554
5400001 0.94076
5410001 0.936716
5420001 0.898443
5430001 0.935492
5440001 0.933035
5450001 0.898477
5460001 0.934609
5470001 0.932664
5480001 0.899545
5490001 0.933288
5500001 0.932331
5510001 1.0965
5520001 0.935213
5530001 0.931726
5540001 0.975125
5550001 0.944839
5560001 0.93057
5570001 0.936941
5580001 0.936932
5590001 0.920486
5600001 1.36637
5610001 0.933178
5620001 0.918956
5630001 1.03668
5640001 0.932289
5650001 0.918296
5660001 0.988141
5670001 0.949388
5680001 0.916301
5690001 0.966421
5700001 0.932419
5710001 0.909756
5720001 0.9484
5730001 0.932869
5740001 0.906129
5750001 0.94331
5760001 0.932779
5770001 0.947389
5780001 0.947256
5790001 0.933141
5800001 0.910228
5810001 0.939384
5820001 0.942481
5830001 0.919868
5840001 0.936611
5850001 0.941916
5860001 1.32498
5870001 0.936284
5880001 0.93444
5890001 0.94224
5900001 0.935294
5910001 1.357
5920001 0.914128
5930001 0.935477
5940001 0.948589
5950001 0.908516
5960001 0.935747
5970001 0.942741
5980001 0.918355
5990001 0.943523
6000001 0.94216
6010001 0.901355
6020001 0.938319
6030001 0.935837
6040001 0.901444
6050001 0.937487
6060001 0.93557
6070001 0.901789
6080001 0.936215
6090001 0.935263
6100001 1.09901
6110001 0.938183
6120001 0.934539
6130001 0.977976
6140001 0.947814
6150001 0.933612
6160001 0.939951
6170001 0.939956
6180001 0.923602
6190001 1.36848
6200001 0.93626
6210001 0.922136
6220001 1.00618
6230001 0.935466
6240001 0.921121
6250001 0.984502
6260001 0.961977
6270001 0.919546
6280001 0.961454
6290001 0.93561
6300001 0.913063
6310001 0.951596
6320001 0.936096
6330001 0.909485
6340001 0.946529
6350001 0.93607
6360001 0.95062
6370001 0.950503
6380001 0.937964
6390001 0.913617
6400001 0.941442
6410001 0.945804
6420001 0.923256
6430001 0.939968
6440001 0.945274
6450001 1.32737
6460001 0.939676
6470001 0.937829
6480001 0.945591
6490001 0.938709
6500001 1.35936
6510001 0.917636
6520001 0.938905
6530001 0.951966
6540001 1.05609
6550001 0.939214
6560001 0.946173
6570001 0.921882
6580001 0.946974
6590001 0.945604
6600001 0.904995
6610001 0.941866
6620001 0.939358
6630001 0.905108
6640001 0.940389
6650001 0.939136
6660001 0.905467
6670001 0.939661
6680001 0.939045
6690001 1.02478
6700001 0.953288
6710001 0.938144
6720001 0.981399
6730001 0.941129
6740001 0.936917
6750001 0.943547
6760001 0.943557
6770001 0.926421
6780001 1.37096
6790001 0.939885
6800001 0.925841
6810001 1.00957
6820001 0.939118
6830001 0.924813
6840001 0.98801
6850001 0.965563
6860001 0.923303
6870001 0.965041
6880001 0.939587
6890001 0.916859
6900001 0.955256
6910001 0.939811
6920001 0.912723
6930001 0.950204
6940001 0.939778
6950001 0.930679
6960001 0.950097
6970001 0.941682
6980001 0.919081
6990001 0.94519
7000001 0.944223
7010001 0.914581
7020001 0.943627
7030001 0.941964
7040001 1.33005
7050001 0.943431
7060001 0.941623
7070001 0.949354
7080001 0.942493
7090001 1.36197
7100001 0.921517
7110001 0.942574
7120001 0.955713
7130001 1.05947
7140001 0.943032
7150001 0.949949
7160001 0.909118
7170001 0.949947
7180001 0.949383
7190001 0.908975
7200001 0.945509
7210001 0.943197
7220001 0.909079
7230001 0.944232
7240001 0.94286
7250001 0.909463
7260001 0.943502
7270001 0.94283
7280001 1.02825
7290001 0.95709
7300001 0.942027
7310001 0.96952
7320001 0.991916
7330001 0.94084
7340001 0.947401
7350001 0.943904
7360001 0.93037
7370001 1.37361
7380001 0.943776
7390001 0.929721
7400001 1.01319
7410001 0.943007
7420001 0.928784
7430001 0.991724
7440001 0.969348
7450001 0.927287
7460001 0.968861
7470001 0.943563
7480001 0.918292
7490001 0.959112
7500001 0.943335
7510001 0.916742
7520001 0.954074
7530001 0.943705
7540001 0.93462
7550001 0.953961
7560001 0.945597
7570001 0.923095
7580001 0.949104
7590001 0.948133
7600001 0.918643
7610001 0.947524
7620001 0.946034
7630001 1.02899
7640001 0.947284
7650001 0.94435
7660001 0.953259
7670001 0.946396
7680001 1.36475
7690001 0.925531
7700001 0.946542
7710001 0.959595
7720001 1.06298
7730001 0.947004
7740001 0.953853
7750001 0.913238
7760001 0.953887
7770001 0.953303
7780001 0.913305
7790001 0.949458
7800001 0.94696
7810001 0.913189
7820001 0.948189
7830001 0.946789
7840001 0.913557
7850001 0.947454
7860001 0.946785
7870001 1.03188
7880001 0.960996
7890001 0.945708
7900001 0.973453
7910001 0.99566
7920001 0.944829
7930001 0.945377
7940001 0.947883
7950001 0.934411
7960001 1.51315
7970001 0.94707
7980001 0.933756
7990001 1.01689
8000001 0.946899
8010001 0.932824
8020001 0.995496
8030001 0.973191
8040001 0.930902
8050001 0.972725
8060001 0.947524
8070001 0.922381
8080001 0.960999
8090001 0.947337
8100001 0.920831
8110001 0.956883
8120001 0.948158
8130001 0.938627
8140001 0.957866
8150001 0.949568
8160001 0.927154
8170001 0.95316
8180001 0.952096
8190001 0.922706
8200001 0.951481
8210001 0.949989
8220001 1.03263
8230001 0.95126
8240001 0.948273
8250001 0.946102
8260001 0.950362
8270001 0.987837
8280001 0.926033
8290001 0.950525
8300001 0.968241
8310001 1.06653
8320001 0.958872
8330001 0.955698
8340001 0.917326
8350001 0.957818
8360001 0.952132
8370001 0.917385
8380001 0.953401
8390001 0.950902
8400001 0.917252
8410001 0.952146
8420001 0.950745
8430001 0.917663
8440001 0.951381
8450001 0.950729
8460001 1.03549
8470001 0.964879
8480001 0.949677
8490001 0.977287
8500001 0.999419
8510001 0.946994
8520001 0.949309
8530001 0.951815
8540001 0.938248
8550001 1.30994
8560001 0.951031
8570001 0.937776
8580001 1.00714
8590001 0.950667
8600001 0.936572
8610001 0.993475
8620001 0.977026
8630001 0.934895
8640001 0.976418
8650001 0.951456
8660001 0.926435
8670001 0.964828
8680001 0.951293
8690001 0.924863
8700001 0.96078
8710001 0.952092
8720001 0.942581
8730001 0.961748
8740001 1.00877
8750001 0.93117
8760001 0.956983
8770001 0.956006
8780001 0.926718
8790001 0.955393
8800001 0.95391
8810001 1.03623
8820001 0.955168
8830001 0.952203
8840001 0.950028
8850001 0.95428
8860001 0.99158
8870001 0.930048
8880001 0.954448
8890001 0.972089
8900001 1.05743
8910001 0.962733
8920001 0.959537
8930001 0.921411
8940001 0.961665
8950001 0.955995
8960001 0.921408
8970001 0.957295
8980001 0.954802
8990001 0.921302
9000001 0.955478
9010001 0.954635
9020001 1.12996
9030001 0.955033
9040001 0.954641
9050001 1.0391
9060001 0.959714
9070001 0.953558
9080001 0.981068
9090001 1.00312
9100001 0.950893
9110001 0.953199
9120001 0.955685
9130001 0.941902
9140001 1.31275
9150001 0.954889
9160001 0.9417
9170001 1.01079
9180001 0.954534
9190001 0.940496
9200001 0.997166
9210001 0.958072
9220001 0.938826
9230001 0.980169
9240001 0.95532
9250001 0.930399
9260001 0.968634
9270001 0.955166
9280001 0.9316
9290001 0.964593
9300001 0.955918
9310001 0.934676
9320001 0.963112
9330001 1.01237
9340001 0.93961
9350001 0.960802
9360001 0.95909
9370001 0.930723
9380001 0.959014
9390001 0.957761
9400001 1.03974
9410001 0.95877
9420001 0.956037
9430001 0.953874
9440001 0.958116
9450001 0.995258
9460001 0.933971
9470001 0.958233
9480001 0.975828
9490001 1.06085
9500001 0.966513
9510001 0.963323
9520001 0.92575
9530001 0.96334
9540001 0.95979
9550001 0.92532
9560001 0.960912
9570001 0.958594
9580001 0.92521
9590001 0.959236
9600001 0.958728
9610001 1.13318
9620001 0.958785
9630001 0.958428
9640001 1.0162
9650001 0.96347
9660001 0.957292
9670001 0.984665
9680001 4.66468
9690001 0.954685
9700001 0.956946
9710001 0.959476
9720001 0.945722
9730001 1.31548
9740001 0.958649
9750001 0.945072
9760001 1.01435
9770001 0.958291
9780001 0.944337
9790001 1.00078
9800001 0.961821
9810001 0.942656
9820001 0.983813
9830001 0.958523
9840001 0.933647
9850001 0.972332
9860001 0.958892
9870001 0.935453
9880001 0.967069
9890001 0.959645
9900001 0.938495
9910001 0.966801
9920001 1.01591
9930001 0.943393
9940001 0.964522
9950001 0.962827
9960001 1.7346
9970001 0.962744
9980001 0.960337
9990001 0.984956
