1 15.8474
10001 10.1183
20001 8.19493
30001 7.01238
40001 6.21086
50001 5.62325
60001 4.99572
70001 4.55637
80001 4.20297
90001 3.73852
100001 3.45165
110001 3.21437
120001 2.8926
130001 2.72532
140001 2.55013
150001 2.36204
160001 2.25196
170001 2.12551
180001 2.0096
190001 1.91089
200001 1.79594
210001 1.71529
220001 1.63886
230001 1.53915
240001 1.48292
250001 1.43349
260001 1.36288
270001 1.31281
280001 1.27117
290001 1.21259
300001 1.16976
310001 1.1227
320001 1.07591
330001 1.04124
340001 1.0017
350001 0.960734
360001 0.939831
370001 0.901306
380001 0.855611
390001 0.840307
400001 0.808453
410001 0.832439
420001 0.750054
430001 0.726089
440001 0.742832
450001 0.675311
460001 0.657907
470001 0.660979
480001 0.615075
490001 1.15902
500001 0.633442
510001 0.566917
520001 0.562768
530001 0.562098
540001 0.526538
550001 0.527833
560001 0.521393
570001 0.493531
580001 0.496891
590001 0.491545
600001 0.465146
610001 0.46872
620001 0.466644
630001 0.462011
640001 0.443053
650001 0.444739
660001 0.42009
670001 0.42437
680001 0.425249
690001 0.409163
700001 0.404201
710001 0.40777
720001 0.468338
730001 0.384544
740001 0.390832
750001 0.419707
760001 0.366473
770001 0.374979
780001 0.388674
790001 0.350991
800001 0.361787
810001 0.382119
820001 0.337236
830001 0.348495
840001 0.35961
850001 0.325467
860001 0.343131
870001 0.344024
880001 0.313874
890001 0.33036
900001 0.334012
910001 0.303559
920001 0.318073
930001 0.326227
940001 0.306484
950001 0.316486
960001 0.318256
970001 0.289646
980001 0.302415
990001 0.311839
1000001 0.420322
1010001 0.29272
1020001 0.306195
1030001 0.37241
1040001 0.284438
1050001 0.298678
1060001 0.330053
1070001 0.276557
1080001 1.02949
1090001 0.366457
1100001 0.270196
1110001 0.287276
1120001 0.307789
1130001 0.264999
1140001 0.289393
1150001 0.293723
1160001 0.260662
1170001 0.282997
1180001 0.288546
1190001 0.256323
1200001 0.276274
1210001 0.284991
1220001 0.287524
1230001 0.26863
1240001 0.282221
1250001 0.250851
1260001 0.267839
1270001 0.279008
1280001 0.262299
1290001 0.26265
1300001 0.276574
1310001 0.364889
1320001 0.256549
1330001 0.273373
1340001 0.317869
1350001 0.250839
1360001 0.269257
1370001 0.292723
1380001 0.247258
1390001 0.267392
1400001 0.298152
1410001 0.243907
1420001 0.26407
1430001 0.281732
1440001 0.2417
1450001 0.269027
1460001 0.273574
1470001 0.238808
1480001 0.263106
1490001 0.271049
1500001 0.235809
1510001 0.257128
1520001 0.270016
1530001 0.248227
1540001 0.263123
1550001 0.267726
1560001 0.23525
1570001 0.253033
1580001 0.266319
1590001 0.389011
1600001 0.247718
1610001 0.265314
1620001 0.340776
1630001 0.243494
1640001 0.261583
1650001 0.298117
1660001 0.239202
1670001 1.02045
1680001 0.341218
1690001 0.236209
1700001 0.256915
1710001 0.280635
1720001 0.234168
1730001 0.262676
1740001 0.268298
1750001 0.232773
1760001 0.258597
1770001 0.265587
1780001 0.231063
1790001 0.253935
1800001 0.264269
1810001 0.267629
1820001 0.248108
1830001 0.263529
1840001 0.230242
1850001 0.249404
1860001 0.26204
1870001 0.244705
1880001 0.245771
1890001 0.261178
1900001 0.353697
1910001 0.241021
1920001 0.259376
1930001 0.306224
1940001 0.236521
1950001 0.256452
1960001 0.281279
1970001 0.234151
1980001 0.255728
1990001 0.288005
2000001 0.231886
2010001 0.25337
2020001 0.271992
2030001 0.2307
2040001 0.259526
2050001 0.264489
2060001 0.228712
2070001 0.25425
2080001 0.262736
2090001 0.226506
2100001 0.248878
2110001 0.262434
2120001 0.240206
2130001 0.255783
2140001 0.260763
2150001 0.227522
2160001 0.246061
2170001 0.259926
2180001 0.384779
2190001 0.241216
2200001 0.259453
2210001 0.336348
2220001 0.237448
2230001 0.256136
2240001 0.293477
2250001 0.233567
2260001 1.01918
2270001 0.337513
2280001 0.230964
2290001 0.25225
2300001 0.276478
2310001 0.229306
2320001 0.258487
2330001 0.264293
2340001 0.228266
2350001 0.254675
2360001 0.26188
2370001 0.226879
2380001 0.250245
2390001 0.260831
2400001 0.264306
2410001 0.244623
2420001 0.260351
2430001 0.226666
2440001 0.246198
2450001 0.259083
2460001 0.241591
2470001 0.242762
2480001 0.258428
2490001 0.351709
2500001 0.238184
2510001 0.256816
2520001 0.304089
2530001 0.233843
2540001 0.254055
2550001 0.279122
2560001 0.231648
2570001 0.253494
2580001 0.286053
2590001 0.229544
2600001 0.251274
2610001 0.270078
2620001 0.228513
2630001 0.257634
2640001 0.262667
2650001 0.226665
2660001 0.252448
2670001 0.261034
2680001 0.224586
2690001 0.247167
2700001 0.260856
2710001 0.238529
2720001 0.254238
2730001 0.259294
2740001 0.22588
2750001 0.24457
2760001 0.258562
2770001 0.38388
2780001 0.239809
2790001 0.258192
2800001 0.335394
2810001 0.23613
2820001 0.25495
2830001 0.292466
2840001 0.232333
2850001 1.01891
2860001 0.336703
2870001 0.229811
2880001 0.251225
2890001 0.275564
2900001 0.228236
2910001 0.257569
2920001 0.263415
2930001 0.227275
2940001 0.253816
2950001 0.261069
2960001 0.225962
2970001 0.24944
2980001 0.260081
2990001 0.263586
3000001 0.243867
3010001 0.259668
3020001 0.225899
3030001 0.245511
3040001 0.258458
3050001 0.240935
3060001 0.242129
3070001 0.25786
3080001 0.3513
3090001 0.237603
3100001 0.256301
3110001 0.303661
3120001 0.233313
3130001 0.253589
3140001 0.278704
3150001 0.231173
3160001 0.253077
3170001 0.285691
3180001 0.229122
3190001 0.250902
3200001 0.269742
3210001 0.22814
3220001 0.257319
3230001 0.262369
3240001 0.22634
3250001 0.252168
3260001 0.260777
3270001 0.224306
3280001 0.246924
3290001 0.26064
3300001 0.238311
3310001 0.254041
3320001 0.259119
3330001 0.225695
3340001 0.244406
3350001 0.258427
3360001 0.383796
3370001 0.239684
3380001 0.258096
3390001 0.335326
3400001 0.236045
3410001 0.254887
3420001 0.292419
3430001 0.232289
3440001 1.0189
3450001 0.336688
3460001 0.229806
3470001 0.251231
3480001 0.275577
3490001 0.228267
3500001 0.257609
3510001 0.263461
3520001 0.22734
3530001 0.253886
3540001 0.261146
3550001 0.226061
3560001 0.249541
3570001 0.260186
3580001 0.2637
3590001 0.243998
3600001 0.259803
3610001 0.226064
3620001 0.245669
3630001 0.258622
3640001 0.241117
3650001 0.242317
3660001 0.258052
3670001 0.351444
3680001 0.237825
3690001 0.256518
3700001 0.303848
3710001 0.233569
3720001 0.253835
3730001 0.27893
3740001 0.231459
3750001 0.253346
3760001 0.285932
3770001 0.229438
3780001 0.251197
3790001 0.270021
3800001 0.228482
3810001 0.257631
3820001 0.262679
3830001 0.226709
3840001 0.252504
3850001 0.261109
3860001 0.224702
3870001 0.247289
3880001 0.260993
3890001 0.238706
3900001 0.254415
3910001 0.259495
3920001 0.226134
3930001 0.244814
3940001 0.258824
3950001 0.384067
3960001 0.240121
3970001 0.258514
3980001 0.33565
3990001 0.236511
4000001 0.255326
4010001 0.292806
4020001 0.232785
4030001 1.01901
4040001 0.337037
4050001 0.230326
4060001 0.251712
4070001 0.276018
4080001 0.22881
4090001 0.258096
4100001 0.263941
4110001 0.227903
4120001 0.254395
4130001 0.261645
4140001 0.226643
4150001 0.250074
4160001 0.2607
4170001 0.264214
4180001 0.244557
4190001 0.260334
4200001 0.22668
4210001 0.246238
4220001 0.25917
4230001 0.24171
4240001 0.242908
4250001 0.258617
4260001 0.351861
4270001 0.238443
4280001 0.257099
4290001 0.30434
4300001 0.234214
4310001 0.254435
4320001 0.279478
4330001 0.232126
4340001 0.25396
4350001 0.286477
4360001 0.230125
4370001 0.251828
4380001 0.270609
4390001 0.229184
4400001 0.258258
4410001 0.263296
4420001 0.227428
4430001 0.253153
4440001 0.261741
4450001 0.22544
4460001 0.247963
4470001 0.261635
4480001 0.239413
4490001 0.25508
4500001 0.260151
4510001 0.226891
4520001 0.245514
4530001 0.259494
4540001 0.384519
4550001 0.240845
4560001 0.259195
4570001 0.336174
4580001 0.237257
4590001 0.256023
4600001 0.293415
4610001 0.233555
4620001 1.01919
4630001 0.337573
4640001 0.231115
4650001 0.252437
4660001 0.276679
4670001 0.229613
4680001 0.258812
4690001 0.264643
4700001 0.228718
4710001 0.255127
4720001 0.26236
4730001 0.227471
4740001 0.250827
4750001 0.261424
4760001 0.264932
4770001 0.245333
4780001 0.261067
4790001 0.227523
4800001 0.247015
4810001 0.259914
4820001 0.242509
4830001 0.243703
4840001 0.259369
4850001 0.352415
4860001 0.23926
4870001 0.257862
4880001 0.304985
4890001 0.235054
4900001 0.255211
4910001 0.280185
4920001 0.232981
4930001 0.254744
4940001 0.287172
4950001 0.230994
4960001 0.252624
4970001 0.271351
4980001 0.230062
4990001 0.259041
5000001 0.264064
5010001 0.228318
5020001 0.253955
5030001 0.262518
5040001 0.226344
5050001 0.248786
5060001 0.262417
5070001 0.240269
5080001 0.255884
5090001 0.260942
5100001 0.2278
5110001 0.246353
5120001 0.260293
5130001 0.385059
5140001 0.241705
5150001 0.259999
5160001 0.336794
5170001 0.238135
5180001 0.25684
5190001 0.294128
5200001 0.234452
5210001 1.0194
5220001 0.338195
5230001 0.232027
5240001 0.253273
5250001 0.277441
5260001 0.230534
5270001 0.259632
5280001 0.265445
5290001 0.229646
5300001 0.255961
5310001 0.263171
5320001 0.228407
5330001 0.251678
5340001 0.26224
5350001 0.265739
5360001 0.246204
5370001 0.261888
5380001 0.228466
5390001 0.247883
5400001 0.260741
5410001 0.243396
5420001 0.244585
5430001 0.260202
5440001 0.353027
5450001 0.240161
5460001 0.258701
5470001 0.305695
5480001 0.235975
5490001 0.256061
5500001 0.280959
5510001 0.233912
5520001 0.255596
5530001 0.287928
5540001 0.231935
5550001 0.253486
5560001 0.272153
5570001 0.231009
5580001 0.259884
5590001 0.264891
5600001 0.229273
5610001 0.254815
5620001 0.263351
5630001 0.227309
5640001 0.249664
5650001 0.26325
5660001 0.24118
5670001 0.256739
5680001 0.261782
5690001 0.228761
5700001 0.247242
5710001 0.261136
5720001 0.38563
5730001 0.242611
5740001 0.260845
5750001 0.337446
5760001 0.239056
5770001 0.257696
5780001 0.294875
5790001 0.23539
5800001 1.01961
5810001 0.338845
5820001 0.232976
5830001 0.254142
5840001 0.278234
5850001 0.231489
5860001 0.260481
5870001 0.266275
5880001 0.230605
5890001 0.256821
5900001 0.264008
5910001 0.22937
5920001 0.252553
5930001 0.263079
5940001 0.266568
5950001 0.247098
5960001 0.262729
5970001 0.229429
5980001 0.24877
5990001 0.261586
6000001 0.244301
6010001 0.245483
6020001 0.261049
6030001 0.353652
6040001 0.241076
6050001 0.259552
6060001 0.306415
6070001 0.236906
6080001 0.256921
6090001 0.281741
6100001 0.234852
6110001 0.256457
6120001 0.288691
6130001 0.232883
6140001 0.254353
6150001 0.27296
6160001 0.231959
6170001 0.26073
6180001 0.26572
6190001 0.23023
6200001 0.255675
6210001 0.264184
6220001 0.228273
6230001 0.250542
6240001 0.264082
6250001 0.242088
6260001 0.257591
6270001 0.262618
6280001 0.229718
6290001 0.248125
6300001 0.261975
6310001 0.386197
6320001 0.24351
6330001 0.261683
6340001 0.338093
6350001 0.239967
6360001 0.258542
6370001 0.295614
6380001 0.236315
6390001 1.01983
6400001 0.339487
6410001 0.233909
6420001 0.254998
6430001 0.279014
6440001 0.232426
6450001 0.261315
6460001 0.26709
6470001 0.231545
6480001 0.257665
6490001 0.264828
6500001 0.230313
6510001 0.253409
6520001 0.263901
6530001 0.267378
6540001 0.247971
6550001 0.26355
6560001 0.230369
6570001 0.249635
6580001 0.26241
6590001 0.245182
6600001 0.246358
6610001 0.261873
6620001 0.35426
6630001 0.241966
6640001 0.260379
6650001 0.307115
6660001 0.23781
6670001 0.257754
6680001 0.282501
6690001 0.235762
6700001 0.25729
6710001 0.28943
6720001 0.233799
6730001 0.255192
6740001 0.27374
6750001 0.232876
6760001 0.261546
6770001 0.26652
6780001 0.231151
6790001 0.256505
6800001 0.264987
6810001 0.2292
6820001 0.251387
6830001 0.264883
6840001 0.242961
6850001 0.258411
6860001 0.263421
6870001 0.230635
6880001 0.248973
6890001 0.262779
6900001 0.386742
6910001 0.244372
6920001 0.262486
6930001 0.338714
6940001 0.240839
6950001 0.259352
6960001 0.296322
6970001 0.237199
6980001 1.02003
6990001 0.340102
7000001 0.2348
7010001 0.255814
7020001 0.279759
7030001 0.23332
7040001 0.262111
7050001 0.267867
7060001 0.232439
7070001 0.258469
7080001 0.26561
7090001 0.23121
7100001 0.254224
7110001 0.264682
7120001 0.268149
7130001 0.2488
7140001 0.26433
7150001 0.23126
7160001 0.250457
7170001 0.263192
7180001 0.246018
7190001 0.247188
7200001 0.262655
7210001 0.354836
7220001 0.242808
7230001 0.261162
7240001 0.307778
7250001 0.238665
7260001 0.258543
7270001 0.283219
7280001 0.236622
7290001 0.258077
7300001 0.290129
7310001 0.234663
7320001 0.255983
7330001 0.274477
7340001 0.233741
7350001 0.262317
7360001 0.267274
7370001 0.232019
7380001 0.257287
7390001 0.265744
7400001 0.230073
7410001 0.252182
7420001 0.265637
7430001 0.243782
7440001 0.259182
7450001 0.264177
7460001 0.231497
7470001 0.24977
7480001 0.263535
7490001 0.387255
7500001 0.245181
7510001 0.26324
7520001 0.339297
7530001 0.241658
7540001 0.260112
7550001 0.296986
7560001 0.238027
7570001 1.02023
7580001 0.340679
7590001 0.235635
7600001 0.25658
7610001 0.280458
7620001 0.234157
7630001 0.262856
7640001 0.268595
7650001 0.233276
7660001 0.259221
7670001 0.266341
7680001 0.232048
7690001 0.254986
7700001 0.265413
7710001 0.26887
7720001 0.249576
7730001 0.26506
7740001 0.232093
7750001 0.251224
7760001 0.263922
7770001 0.246798
7780001 0.247963
7790001 0.263384
7800001 0.355376
7810001 0.243594
7820001 0.261892
7830001 0.308397
7840001 0.239462
7850001 0.259278
7860001 0.283889
7870001 0.237423
7880001 0.258811
7890001 0.290781
7900001 0.235468
7910001 0.256721
7920001 0.275163
7930001 0.234546
7940001 0.263034
7950001 0.267977
7960001 0.232827
7970001 0.258015
7980001 0.266448
7990001 0.230884
8000001 0.252921
8010001 0.266339
8020001 0.244546
8030001 0.259899
8040001 0.26488
8050001 0.232298
8060001 0.250511
8070001 0.264237
8080001 0.387732
8090001 0.245933
8100001 0.263941
8110001 0.339839
8120001 0.242417
8130001 0.260817
8140001 0.297603
8150001 0.238796
8160001 1.02041
8170001 0.341215
8180001 0.236409
8190001 0.25729
8200001 0.281106
8210001 0.234933
8220001 0.263546
8230001 0.26927
8240001 0.234052
8250001 0.259918
8260001 0.267019
8270001 0.232824
8280001 0.255692
8290001 0.26609
8300001 0.269537
8310001 0.250294
8320001 0.265736
8330001 0.232863
8340001 0.251935
8350001 0.264599
8360001 0.24752
8370001 0.24868
8380001 0.264059
8390001 0.355875
8400001 0.244321
8410001 0.262568
8420001 0.30897
8430001 0.240199
8440001 0.259958
8450001 0.284509
8460001 0.238164
8470001 0.25949
8480001 0.291384
8490001 0.236212
8500001 0.257402
8510001 0.275798
8520001 0.235289
8530001 0.263697
8540001 0.268627
8550001 0.233573
8560001 0.258688
8570001 0.267098
8580001 0.231634
8590001 0.253605
8600001 0.266987
8610001 0.245251
8620001 0.260561
8630001 0.26553
8640001 0.233037
8650001 0.251195
8660001 0.264886
8670001 0.388174
8680001 0.246627
8690001 0.264588
8700001 0.340341
8710001 0.243119
8720001 0.261469
8730001 0.298174
8740001 0.239506
8750001 1.02057
8760001 0.34171
8770001 0.237123
8780001 0.257945
8790001 0.281704
8800001 0.235648
8810001 0.264184
8820001 0.269893
8830001 0.234767
8840001 0.260562
8850001 0.267644
8860001 0.23354
8870001 0.256344
8880001 0.266715
8890001 0.270154
8900001 0.250956
8910001 0.26636
8920001 0.233573
8930001 0.25259
8940001 0.265223
8950001 0.248186
8960001 0.249341
8970001 0.264682
8980001 0.356337
8990001 0.244992
9000001 0.263192
9010001 0.3095
9020001 0.240878
9030001 0.260586
9040001 0.285082
9050001 0.238846
9060001 0.260116
9070001 0.29194
9080001 0.236898
9090001 0.258031
9100001 0.276384
9110001 0.235975
9120001 0.264308
9130001 0.269226
9140001 0.23426
9150001 0.259308
9160001 0.267699
9170001 0.232324
9180001 0.254235
9190001 0.267585
9200001 0.2459
9210001 0.261172
9220001 0.266129
9230001 0.233718
9240001 0.251826
9250001 0.265484
9260001 0.388581
9270001 0.247267
9280001 0.265184
9290001 0.340804
9300001 0.243765
9310001 0.262069
9320001 0.2987
9330001 0.24016
9340001 1.02073
9350001 0.342168
9360001 0.237781
9370001 0.258549
9380001 0.282257
9390001 0.236308
9400001 0.264772
9410001 0.270468
9420001 0.235426
9430001 0.261155
9440001 0.268221
9450001 0.2342
9460001 0.256945
9470001 0.267292
9480001 0.270722
9490001 0.251567
9500001 0.266935
9510001 0.234228
9520001 0.253195
9530001 0.265798
9540001 0.2488
9550001 0.249951
9560001 0.265257
9570001 0.356763
9580001 0.24561
9590001 0.263767
9600001 0.309988
9610001 0.241505
9620001 0.261164
9630001 0.28561
9640001 0.239476
9650001 0.260693
9660001 0.292454
9670001 0.23753
9680001 0.258611
9690001 0.276924
9700001 0.236607
9710001 0.264873
9720001 0.269779
9730001 0.234894
9740001 0.259881
9750001 0.268253
9760001 0.232961
9770001 0.254817
9780001 0.268137
9790001 0.2465
9800001 0.261736
9810001 0.266681
9820001 0.234347
9830001 0.252408
9840001 0.266037
9850001 0.388958
9860001 0.247858
9870001 0.265735
9880001 0.341232
9890001 0.244362
9900001 0.262624
9910001 0.299186
9920001 0.240763
9930001 1.02087
9940001 0.342591
9950001 0.238388
9960001 0.259107
9970001 0.282767
9980001 0.236916
9990001 0.265315
10000001 0.270998
10010001 0.236035
10020001 0.261704
10030001 0.268755
10040001 0.234809
10050001 0.2575
10060001 0.267825
10070001 0.271248
10080001 0.252132
10090001 0.267467
10100001 0.234833
10110001 0.253754
10120001 0.266331
10130001 0.249367
10140001 0.250515
10150001 0.265789
10160001 0.357158
10170001 0.246182
10180001 0.264299
10190001 0.310441
10200001 0.242084
10210001 0.2617
10220001 0.286099
10230001 0.240058
10240001 0.261227
10250001 0.29293
10260001 0.238115
10270001 0.259147
10280001 0.277425
10290001 0.237191
10300001 0.265395
10310001 0.27029
10320001 0.235481
10330001 0.26041
10340001 0.268766
10350001 0.233551
10360001 0.255355
10370001 0.268648
10380001 0.247055
10390001 0.262258
10400001 0.267194
10410001 0.234928
10420001 0.252947
10430001 0.266549
10440001 0.389308
10450001 0.248405
10460001 0.266245
10470001 0.341629
10480001 0.244915
10490001 0.263138
10500001 0.299637
10510001 0.241323
10520001 1.021
10530001 0.342983
10540001 0.238951
10550001 0.259625
10560001 0.283241
10570001 0.237481
10580001 0.265819
10590001 0.271491
10600001 0.236599
10610001 0.262212
10620001 0.269249
10630001 0.235374
10640001 0.258015
10650001 0.268319
10660001 0.271736
10670001 0.252655
10680001 0.26796
10690001 0.235394
10700001 0.254272
10710001 0.266825
10720001 0.249894
10730001 0.251038
10740001 0.266282
10750001 0.357524
10760001 0.246713
10770001 0.264794
10780001 0.310861
10790001 0.242622
10800001 0.262197
10810001 0.286553
10820001 0.240599
10830001 0.261724
10840001 0.293372
10850001 0.238658
10860001 0.259646
10870001 0.27789
10880001 0.237735
10890001 0.26588
10900001 0.270766
10910001 0.236026
10920001 0.260903
10930001 0.269242
10940001 0.234098
10950001 0.255856
10960001 0.269124
10970001 0.247572
10980001 0.262743
10990001 0.26767
11000001 0.235469
11010001 0.253449
11020001 0.267025
11030001 0.389633
11040001 0.248914
11050001 0.26672
11060001 0.341998
11070001 0.24543
11080001 0.263617
11090001 0.300057
11100001 0.241843
11110001 1.02112
11120001 0.343348
11130001 0.239476
11140001 0.260106
11150001 0.283682
11160001 0.238006
11170001 0.266288
11180001 0.27195
11190001 0.237125
11200001 0.262686
11210001 0.26971
11220001 0.235901
11230001 0.258495
11240001 0.26878
11250001 0.27219
11260001 0.253144
11270001 0.26842
11280001 0.235917
11290001 0.254756
11300001 0.267285
11310001 0.250385
11320001 0.251527
11330001 0.266742
11340001 0.357867
11350001 0.247208
11360001 0.265255
11370001 0.311253
11380001 0.243124
11390001 0.262661
11400001 0.286977
11410001 0.241103
11420001 0.262187
11430001 0.293785
11440001 0.239165
11450001 0.260112
11460001 0.278324
11470001 0.238242
11480001 0.266333
11490001 0.271211
11500001 0.236535
11510001 0.261363
11520001 0.269688
11530001 0.23461
11540001 0.256323
11550001 0.269568
11560001 0.248054
11570001 0.263198
11580001 0.268115
11590001 0.235975
11600001 0.253918
11610001 0.26747
11620001 0.389938
11630001 0.249391
11640001 0.267165
11650001 0.342344
11660001 0.245912
11670001 0.264065
11680001 0.30045
11690001 0.242331
11700001 1.02124
11710001 0.343691
11720001 0.239966
11730001 0.260558
11740001 0.284095
11750001 0.238498
11760001 0.266728
11770001 0.27238
11780001 0.237617
11790001 0.26313
11800001 0.270143
11810001 0.236394
11820001 0.258945
11830001 0.269212
11840001 0.272617
11850001 0.253601
11860001 0.268852
11870001 0.236408
11880001 0.255209
11890001 0.267718
11900001 0.250846
11910001 0.251985
11920001 0.267174
11930001 0.358188
11940001 0.247673
11950001 0.265688
11960001 0.311622
11970001 0.243596
11980001 0.263097
11990001 0.287376
12000001 0.241577
12010001 0.262622
12020001 0.294173
12030001 0.239641
12040001 0.260549
12050001 0.278733
12060001 0.238719
12070001 0.26676
12080001 0.271629
12090001 0.237014
12100001 0.261796
12110001 0.270108
12120001 0.235091
12130001 0.256764
12140001 0.269987
12150001 0.248508
12160001 0.263625
12170001 0.268535
12180001 0.236451
12190001 0.25436
12200001 0.26789
12210001 0.390225
12220001 0.249839
12230001 0.267583
12240001 0.342671
12250001 0.246365
12260001 0.264487
12270001 0.300821
12280001 0.24279
12290001 1.02135
12300001 0.344014
12310001 0.240429
12320001 0.260983
12330001 0.284485
12340001 0.238962
12350001 0.267142
12360001 0.272785
12370001 0.238082
12380001 0.263549
12390001 0.27055
12400001 0.23686
12410001 0.259369
12420001 0.26962
12430001 0.273019
12440001 0.254033
12450001 0.26926
12460001 0.236871
12470001 0.255638
12480001 0.268126
12490001 0.251281
12500001 0.252417
12510001 0.267582
12520001 0.358492
12530001 0.248112
12540001 0.266097
12550001 0.31197
12560001 0.244041
12570001 0.263509
12580001 0.287753
12590001 0.242025
12600001 0.263034
12610001 0.29454
12620001 0.240091
12630001 0.260963
12640001 0.279119
12650001 0.239169
12660001 0.267163
12670001 0.272024
12680001 0.237466
12690001 0.262206
12700001 0.270504
12710001 0.235547
12720001 0.25718
12730001 0.270382
12740001 0.248938
12750001 0.264029
12760001 0.268932
12770001 0.236901
12780001 0.254778
12790001 0.268287
12800001 0.390498
12810001 0.250264
12820001 0.26798
12830001 0.34298
12840001 0.246795
12850001 0.264887
12860001 0.301172
12870001 0.243225
12880001 1.02145
12890001 0.344321
12900001 0.240867
12910001 0.261386
12920001 0.284854
12930001 0.239402
12940001 0.267535
12950001 0.27317
12960001 0.238522
12970001 0.263947
12980001 0.270937
12990001 0.237301
13000001 0.259772
13010001 0.270007
13020001 0.273401
13030001 0.254443
13040001 0.269646
13050001 0.23731
13060001 0.256044
13070001 0.268513
13080001 0.251694
13090001 0.252828
13100001 0.26797
13110001 0.358781
13120001 0.248529
13130001 0.266485
13140001 0.312301
13150001 0.244464
13160001 0.2639
13170001 0.288111
13180001 0.24245
13190001 0.263425
13200001 0.294889
13210001 0.240519
13220001 0.261356
13230001 0.279486
13240001 0.239598
13250001 0.267546
13260001 0.2724
13270001 0.237897
13280001 0.262595
13290001 0.270882
13300001 0.23598
13310001 0.257576
13320001 0.270759
13330001 0.249347
13340001 0.264415
13350001 0.26931
13360001 0.23733
13370001 0.255176
13380001 0.268665
13390001 0.390757
13400001 0.250668
13410001 0.268358
13420001 0.343275
13430001 0.247204
13440001 0.265268
13450001 0.301507
13460001 0.243639
13470001 1.02155
13480001 0.344613
13490001 0.241284
13500001 0.261771
13510001 0.285207
13520001 0.239821
13530001 0.26791
13540001 0.273536
13550001 0.238942
13560001 0.264326
13570001 0.271306
13580001 0.237722
13590001 0.260156
13600001 0.270377
13610001 0.273766
13620001 0.254835
13630001 0.270016
13640001 0.237729
13650001 0.256432
13660001 0.268884
13670001 0.252089
13680001 0.25322
13690001 0.26834
13700001 0.359057
13710001 0.248927
13720001 0.266857
13730001 0.312618
13740001 0.244868
13750001 0.264274
13760001 0.288453
13770001 0.242857
13780001 0.263799
13790001 0.295223
13800001 0.240928
13810001 0.261733
13820001 0.279838
13830001 0.240008
13840001 0.267913
13850001 0.27276
13860001 0.238309
13870001 0.262968
13880001 0.271243
13890001 0.236394
13900001 0.257956
13910001 0.27112
13920001 0.249738
13930001 0.264783
13940001 0.269672
13950001 0.23774
13960001 0.255558
13970001 0.269027
13980001 0.391006
13990001 0.251056
14000001 0.268719
14010001 0.343557
14020001 0.247596
14030001 0.265633
14040001 0.301828
14050001 0.244036
14060001 1.02164
14070001 0.344894
14080001 0.241685
14090001 0.262139
14100001 0.285545
14110001 0.240223
14120001 0.26827
14130001 0.273888
14140001 0.239344
14150001 0.264689
14160001 0.27166
14170001 0.238126
14180001 0.260525
14190001 0.270732
14200001 0.274116
14210001 0.25521
14220001 0.27037
14230001 0.238132
14240001 0.256805
14250001 0.269239
14260001 0.252468
14270001 0.253597
14280001 0.268696
14290001 0.359323
14300001 0.24931
14310001 0.267213
14320001 0.312922
14330001 0.245256
14340001 0.264634
14350001 0.288783
14360001 0.243248
14370001 0.264158
14380001 0.295544
14390001 0.241322
14400001 0.262094
14410001 0.280176
14420001 0.240401
14430001 0.268266
14440001 0.273106
14450001 0.238705
14460001 0.263327
14470001 0.27159
14480001 0.236792
14490001 0.25832
14500001 0.271467
14510001 0.250115
14520001 0.265138
14530001 0.27002
14540001 0.238135
14550001 0.255925
14560001 0.269376
14570001 0.391246
14580001 0.251429
14590001 0.269068
14600001 0.34383
14610001 0.247974
14620001 0.265985
14630001 0.302138
14640001 0.244419
14650001 1.02174
14660001 0.345164
14670001 0.24207
14680001 0.262495
14690001 0.285871
14700001 0.24061
14710001 0.268616
14720001 0.274228
14730001 0.239732
14740001 0.26504
14750001 0.272001
14760001 0.238515
14770001 0.260881
14780001 0.271074
14790001 0.274454
14800001 0.255573
14810001 0.270712
14820001 0.23852
14830001 0.257164
14840001 0.269582
14850001 0.252833
14860001 0.25396
14870001 0.269039
14880001 0.359579
14890001 0.249679
14900001 0.267558
14910001 0.313216
14920001 0.245631
14930001 0.264981
14940001 0.289101
14950001 0.243625
14960001 0.264505
14970001 0.295854
14980001 0.241701
14990001 0.262444
15000001 0.280503
15010001 0.240782
15020001 0.268607
15030001 0.273441
15040001 0.239087
15050001 0.263674
15060001 0.271926
15070001 0.237177
15080001 0.258673
15090001 0.271802
15100001 0.250479
15110001 0.265481
15120001 0.270357
15130001 0.238517
15140001 0.25628
15150001 0.269713
15160001 0.391478
15170001 0.25179
15180001 0.269405
15190001 0.344094
15200001 0.24834
15210001 0.266326
15220001 0.302437
15230001 0.244789
15240001 1.02182
15250001 0.345426
15260001 0.242443
15270001 0.262838
15280001 0.286187
15290001 0.240985
15300001 0.268952
15310001 0.274556
15320001 0.240108
15330001 0.26538
15340001 0.272332
15350001 0.238892
15360001 0.261225
15370001 0.271405
15380001 0.274781
15390001 0.255924
15400001 0.271044
15410001 0.238896
15420001 0.257513
15430001 0.269914
15440001 0.253187
15450001 0.254313
15460001 0.269371
15470001 0.359828
15480001 0.250037
15490001 0.267892
15500001 0.313502
15510001 0.245994
15520001 0.265317
15530001 0.289409
15540001 0.243991
15550001 0.264842
15560001 0.296156
15570001 0.24207
15580001 0.262783
15590001 0.28082
15600001 0.241151
15610001 0.268937
15620001 0.273766
15630001 0.239458
15640001 0.26401
15650001 0.272252
15660001 0.237551
15670001 0.259016
15680001 0.272128
15690001 0.250833
15700001 0.265815
15710001 0.270684
15720001 0.238888
15730001 0.256624
15740001 0.270041
15750001 0.391704
15760001 0.25214
15770001 0.269733
15780001 0.34435
15790001 0.248694
15800001 0.266656
15810001 0.302728
15820001 0.245149
15830001 1.02191
15840001 0.345681
15850001 0.242806
15860001 0.263173
15870001 0.286493
15880001 0.24135
15890001 0.269278
15900001 0.274876
15910001 0.240473
15920001 0.26571
15930001 0.272654
15940001 0.239258
15950001 0.26156
15960001 0.271727
15970001 0.2751
15980001 0.256265
15990001 0.271366
16000001 0.239261
16010001 0.257852
16020001 0.270238
16030001 0.253532
16040001 0.254655
16050001 0.269695
16060001 0.36007
16070001 0.250385
16080001 0.268217
16090001 0.313779
16100001 0.246348
16110001 0.265645
16120001 0.28971
16130001 0.244347
16140001 0.26517
16150001 0.296449
16160001 0.242428
16170001 0.263113
16180001 0.281128
16190001 0.241511
16200001 0.26926
16210001 0.274082
16220001 0.23982
16230001 0.264338
16240001 0.27257
16250001 0.237915
16260001 0.259349
16270001 0.272446
16280001 0.251177
16290001 0.266139
16300001 0.271003
16310001 0.239249
16320001 0.25696
16330001 0.27036
16340001 0.391924
16350001 0.252482
16360001 0.270052
16370001 0.3446
16380001 0.24904
16390001 0.266979
16400001 0.303012
16410001 0.245499
16420001 1.02199
16430001 0.345929
16440001 0.24316
16450001 0.263499
16460001 0.286793
16470001 0.241705
16480001 0.269597
16490001 0.275187
16500001 0.240829
16510001 0.266032
16520001 0.272968
16530001 0.239616
16540001 0.261887
16550001 0.272042
16560001 0.27541
16570001 0.256599
16580001 0.271681
16590001 0.239618
16600001 0.258183
16610001 0.270554
16620001 0.253868
16630001 0.25499
16640001 0.270011
16650001 0.360307
16660001 0.250726
16670001 0.268534
16680001 0.314051
16690001 0.246693
16700001 0.265965
16710001 0.290003
16720001 0.244695
16730001 0.26549
16740001 0.296735
16750001 0.242778
16760001 0.263435
16770001 0.28143
16780001 0.241862
16790001 0.269574
16800001 0.274391
16810001 0.240173
16820001 0.264658
16830001 0.272881
16840001 0.238271
16850001 0.259675
16860001 0.272756
16870001 0.251514
16880001 0.266457
16890001 0.271315
16900001 0.239602
16910001 0.257289
16920001 0.270673
16930001 0.392139
16940001 0.252816
16950001 0.270364
16960001 0.344845
16970001 0.249379
16980001 0.267294
16990001 0.30329
17000001 0.245842
17010001 1.02208
17020001 0.346172
17030001 0.243505
17040001 0.263818
17050001 0.287086
17060001 0.242052
17070001 0.269908
17080001 0.275492
17090001 0.241178
17100001 0.266347
17110001 0.273275
17120001 0.239966
17130001 0.262207
17140001 0.27235
17150001 0.275715
17160001 0.256925
17170001 0.271989
17180001 0.239967
17190001 0.258506
17200001 0.270863
17210001 0.254198
17220001 0.255318
17230001 0.270321
17240001 0.360539
17250001 0.251058
17260001 0.268845
17270001 0.314316
17280001 0.247031
17290001 0.266279
17300001 0.29029
17310001 0.245035
17320001 0.265804
17330001 0.297016
17340001 0.243121
17350001 0.263751
17360001 0.281726
17370001 0.242206
17380001 0.269883
17390001 0.274694
17400001 0.240519
17410001 0.264972
17420001 0.273185
17430001 0.238619
17440001 0.259995
17450001 0.27306
17460001 0.251843
17470001 0.266768
17480001 0.27162
17490001 0.239948
17500001 0.25761
17510001 0.270979
17520001 0.39235
17530001 0.253143
17540001 0.27067
17550001 0.345084
17560001 0.24971
17570001 0.267603
17580001 0.303563
17590001 0.246178
17600001 1.02216
17610001 0.346411
17620001 0.243844
17630001 0.26413
17640001 0.287373
17650001 0.242393
17660001 0.270214
17670001 0.275791
17680001 0.24152
17690001 0.266657
17700001 0.273576
17710001 0.240309
17720001 0.262521
17730001 0.272652
17740001 0.276013
17750001 0.257245
17760001 0.272291
17770001 0.24031
17780001 0.258824
17790001 0.271166
17800001 0.254521
17810001 0.255639
17820001 0.270624
17830001 0.360767
17840001 0.251385
17850001 0.26915
17860001 0.314577
17870001 0.247363
17880001 0.266586
17890001 0.290573
17900001 0.245369
17910001 0.266112
17920001 0.297291
17930001 0.243458
17940001 0.264061
17950001 0.282016
17960001 0.242543
17970001 0.270186
17980001 0.274991
17990001 0.240859
18000001 0.26528
18010001 0.273484
18020001 0.238961
18030001 0.260309
18040001 0.273359
18050001 0.252167
18060001 0.267073
18070001 0.27192
18080001 0.240287
18090001 0.257927
18100001 0.271279
18110001 0.392558
18120001 0.253465
18130001 0.270971
18140001 0.34532
18150001 0.250036
18160001 0.267907
18170001 0.30383
18180001 0.246509
18190001 1.02224
18200001 0.346646
18210001 0.244177
18220001 0.264438
18230001 0.287656
18240001 0.242728
18250001 0.270514
18260001 0.276085
18270001 0.241855
18280001 0.26696
18290001 0.273872
18300001 0.240646
18310001 0.26283
18320001 0.272949
18330001 0.276306
18340001 0.257559
18350001 0.272588
18360001 0.240646
18370001 0.259136
18380001 0.271464
18390001 0.254838
18400001 0.255955
18410001 0.270923
18420001 0.36099
18430001 0.251706
18440001 0.26945
18450001 0.314834
18460001 0.247689
18470001 0.266889
18480001 0.29085
18490001 0.245698
18500001 0.266415
18510001 0.297563
18520001 0.243789
18530001 0.264366
18540001 0.282301
18550001 0.242875
18560001 0.270483
18570001 0.275284
18580001 0.241193
18590001 0.265583
18600001 0.273778
18610001 0.239298
18620001 0.260617
18630001 0.273653
18640001 0.252486
18650001 0.267374
18660001 0.272215
18670001 0.240622
18680001 0.258238
18690001 0.271575
18700001 0.392762
18710001 0.253781
18720001 0.271267
18730001 0.345552
18740001 0.250357
18750001 0.268206
18760001 0.304094
18770001 0.246833
18780001 1.02232
18790001 0.346877
18800001 0.244505
18810001 0.26474
18820001 0.287934
18830001 0.243057
18840001 0.270809
18850001 0.276375
18860001 0.242186
18870001 0.26726
18880001 0.274164
18890001 0.240978
18900001 0.263133
18910001 0.273241
18920001 0.276595
18930001 0.257869
18940001 0.272881
18950001 0.240978
18960001 0.259444
18970001 0.271758
18980001 0.255151
18990001 0.256266
19000001 0.271217
19010001 0.361211
19020001 0.252023
19030001 0.269745
19040001 0.315087
19050001 0.24801
19060001 0.267187
19070001 0.291124
19080001 0.246021
19090001 0.266713
19100001 0.29783
19110001 0.244115
19120001 0.264667
19130001 0.282583
19140001 0.243202
19150001 0.270777
19160001 0.275572
19170001 0.241522
19180001 0.265882
19190001 0.274067
19200001 0.239629
19210001 0.260921
19220001 0.273942
19230001 0.2528
19240001 0.26767
19250001 0.272506
19260001 0.240951
19270001 0.258544
19280001 0.271867
19290001 0.392964
19300001 0.254093
19310001 0.271558
19320001 0.345781
19330001 0.250673
19340001 0.268501
19350001 0.304354
19360001 0.247154
19370001 1.02239
19380001 0.347104
19390001 0.244828
19400001 0.265038
19410001 0.288208
19420001 0.243382
19430001 0.271101
19440001 0.27666
19450001 0.242511
19460001 0.267555
19470001 0.274451
19480001 0.241305
19490001 0.263433
19500001 0.273529
19510001 0.27688
19520001 0.258174
19530001 0.273169
19540001 0.241304
19550001 0.259747
19560001 0.272047
19570001 0.255459
19580001 0.256573
19590001 0.271507
19600001 0.361429
19610001 0.252335
19620001 0.270037
19630001 0.315336
19640001 0.248327
19650001 0.267481
19660001 0.291394
19670001 0.246341
19680001 0.267007
19690001 0.298093
19700001 0.244436
19710001 0.264963
19720001 0.28286
19730001 0.243525
19740001 0.271066
19750001 0.275856
19760001 0.241846
19770001 0.266176
19780001 0.274353
19790001 0.239956
19800001 0.261221
19810001 0.274228
19820001 0.25311
19830001 0.267962
19840001 0.272793
19850001 0.241275
19860001 0.258847
19870001 0.272154
19880001 0.393163
19890001 0.2544
19900001 0.271846
19910001 0.346007
19920001 0.250984
19930001 0.268792
19940001 0.304611
19950001 0.24747
19960001 1.02247
19970001 0.347329
19980001 0.245147
19990001 0.265333
20000001 0.288478
20010001 0.243703
20020001 0.271388
20030001 0.276942
20040001 0.242833
20050001 0.267846
20060001 0.274735
20070001 0.241628
20080001 0.263728
20090001 0.273814
20100001 0.277161
20110001 0.258475
20120001 0.273454
20130001 0.241627
20140001 0.260047
20150001 0.272333
20160001 0.255764
20170001 0.256876
20180001 0.271793
20190001 0.361644
20200001 0.252643
20210001 0.270324
20220001 0.315582
20230001 0.24864
20240001 0.267771
20250001 0.29166
20260001 0.246656
20270001 0.267298
20280001 0.298354
20290001 0.244754
20300001 0.265256
20310001 0.283134
20320001 0.243843
20330001 0.271352
20340001 0.276137
20350001 0.242167
20360001 0.266467
20370001 0.274635
20380001 0.240278
20390001 0.261518
20400001 0.27451
20410001 0.253415
20420001 0.268251
20430001 0.273077
20440001 0.241596
20450001 0.259145
20460001 0.272438
20470001 0.39336
20480001 0.254704
20490001 0.272131
20500001 0.346231
20510001 0.251292
20520001 0.269079
20530001 0.304864
20540001 0.247782
20550001 1.02254
20560001 0.347552
20570001 0.245462
20580001 0.265623
20590001 0.288746
20600001 0.244019
20610001 0.271672
20620001 0.27722
20630001 0.24315
20640001 0.268134
20650001 0.275015
20660001 0.241946
20670001 0.26402
20680001 0.274095
20690001 0.277439
20700001 0.258773
20710001 0.273735
20720001 0.241945
20730001 0.260342
20740001 0.272616
20750001 0.256065
20760001 0.257175
20770001 0.272076
20780001 0.361857
20790001 0.252947
20800001 0.270608
20810001 0.315826
20820001 0.248949
20830001 0.268058
20840001 0.291923
20850001 0.246967
20860001 0.267585
20870001 0.298611
20880001 0.245067
20890001 0.265545
20900001 0.283405
20910001 0.244157
20920001 0.271635
20930001 0.276415
20940001 0.242483
20950001 0.266755
20960001 0.274914
20970001 0.240597
20980001 0.261811
20990001 0.274789
21000001 0.253718
21010001 0.268536
21020001 0.273357
21030001 0.241913
21040001 0.25944
21050001 0.272719
21060001 0.393554
21070001 0.255004
21080001 0.272411
21090001 0.346452
21100001 0.251596
21110001 0.269363
21120001 0.305115
21130001 0.24809
21140001 1.02262
21150001 0.347771
21160001 0.245773
21170001 0.265911
21180001 0.28901
21190001 0.244332
21200001 0.271953
21210001 0.277495
21220001 0.243464
21230001 0.268418
21240001 0.275293
21250001 0.242262
21260001 0.264309
21270001 0.274373
21280001 0.277714
21290001 0.259067
21300001 0.274014
21310001 0.24226
21320001 0.260635
21330001 0.272895
21340001 0.256362
21350001 0.257471
21360001 0.272356
21370001 0.362067
21380001 0.253248
21390001 0.270889
21400001 0.316067
21410001 0.249254
21420001 0.268341
21430001 0.292184
21440001 0.247274
21450001 0.267869
21460001 0.298865
21470001 0.245377
21480001 0.265831
21490001 0.283673
21500001 0.244468
21510001 0.271914
21520001 0.276689
21530001 0.242796
21540001 0.267039
21550001 0.27519
21560001 0.240912
21570001 0.2621
21580001 0.275065
21590001 0.254016
21600001 0.268818
21610001 0.273634
21620001 0.242226
21630001 0.259732
21640001 0.272997
21650001 0.393747
21660001 0.255301
21670001 0.272689
21680001 0.34667
21690001 0.251897
21700001 0.269644
21710001 0.305363
21720001 0.248395
21730001 1.02269
21740001 0.347989
21750001 0.24608
21760001 0.266195
21770001 0.289272
21780001 0.244641
21790001 0.272231
21800001 0.277767
21810001 0.243774
21820001 0.268699
21830001 0.275567
21840001 0.242573
21850001 0.264594
21860001 0.274648
21870001 0.277985
21880001 0.259358
21890001 0.274289
21900001 0.242571
21910001 0.260924
21920001 0.273171
21930001 0.256656
21940001 0.257764
21950001 0.272633
21960001 0.362275
21970001 0.253545
21980001 0.271167
21990001 0.316305
22000001 0.249556
22010001 0.268622
22020001 0.292441
22030001 0.247579
22040001 0.268149
22050001 0.299117
22060001 0.245684
22070001 0.266113
22080001 0.283938
22090001 0.244776
22100001 0.272191
22110001 0.276961
22120001 0.243105
22130001 0.26732
22140001 0.275463
22150001 0.241224
22160001 0.262386
22170001 0.275338
22180001 0.254312
22190001 0.269097
22200001 0.273909
22210001 0.242536
22220001 0.260021
22230001 0.273272
22240001 0.393937
22250001 0.255595
22260001 0.272964
22270001 0.346886
22280001 0.252194
22290001 0.269922
22300001 0.305608
22310001 0.248696
22320001 1.02277
22330001 0.348204
22340001 0.246385
22350001 0.266476
22360001 0.28953
22370001 0.244947
22380001 0.272506
22390001 0.278037
22400001 0.244081
22410001 0.268977
22420001 0.275838
22430001 0.242881
22440001 0.264877
22450001 0.27492
22460001 0.278254
22470001 0.259646
22480001 0.274561
22490001 0.242879
22500001 0.26121
22510001 0.273444
22520001 0.256947
22530001 0.258053
22540001 0.272907
22550001 0.362481
22560001 0.253839
22570001 0.271442
22580001 0.316541
22590001 0.249855
22600001 0.268899
22610001 0.292696
22620001 0.24788
22630001 0.268427
22640001 0.299366
22650001 0.245987
22660001 0.266393
22670001 0.2842
22680001 0.24508
22690001 0.272464
22700001 0.277229
22710001 0.243412
22720001 0.267599
22730001 0.275733
22740001 0.241533
22750001 0.26267
22760001 0.275608
22770001 0.254604
22780001 0.269374
22790001 0.27418
22800001 0.242842
22810001 0.260307
22820001 0.273544
22830001 0.394126
22840001 0.255885
22850001 0.273236
22860001 0.347101
22870001 0.252489
22880001 0.270197
22890001 0.305851
22900001 0.248995
22910001 1.02284
22920001 0.348417
22930001 0.246686
22940001 0.266754
22950001 0.289786
22960001 0.24525
22970001 0.272778
22980001 0.278303
22990001 0.244385
23000001 0.269253
23010001 0.276106
23020001 0.243186
23030001 0.265156
23040001 0.275189
23050001 0.278521
23060001 0.259931
23070001 0.274831
23080001 0.243184
23090001 0.261493
23100001 0.273715
23110001 0.257235
23120001 0.25834
23130001 0.273178
23140001 0.362685
23150001 0.254131
23160001 0.271715
23170001 0.316774
23180001 0.250151
23190001 0.269174
23200001 0.292949
23210001 0.248178
23220001 0.268702
23230001 0.299613
23240001 0.246287
23250001 0.26667
23260001 0.28446
23270001 0.245381
23280001 0.272735
23290001 0.277495
23300001 0.243715
23310001 0.267874
23320001 0.276
23330001 0.241838
23340001 0.26295
23350001 0.275875
23360001 0.254894
23370001 0.269647
23380001 0.274449
23390001 0.243145
23400001 0.260589
23410001 0.273813
23420001 0.394313
23430001 0.256173
23440001 0.273506
23450001 0.347313
23460001 0.25278
23470001 0.270469
23480001 0.306091
23490001 0.24929
23500001 1.02291
23510001 0.348628
23520001 0.246984
23530001 0.26703
23540001 0.29004
23550001 0.245549
23560001 0.273047
23570001 0.278567
23580001 0.244685
23590001 0.269526
23600001 0.276372
23610001 0.243488
23620001 0.265433
23630001 0.275456
23640001 0.278784
23650001 0.260213
23660001 0.275097
23670001 0.243486
23680001 0.261773
23690001 0.273983
23700001 0.25752
23710001 0.258624
23720001 0.273446
23730001 0.362887
23740001 0.254419
23750001 0.271984
23760001 0.317005
23770001 0.250443
23780001 0.269446
23790001 0.293199
23800001 0.248472
23810001 0.268975
23820001 0.299857
23830001 0.246584
23840001 0.266945
23850001 0.284717
23860001 0.245679
23870001 0.273003
23880001 0.277759
23890001 0.244015
23900001 0.268147
23910001 0.276265
23920001 0.24214
23930001 0.263228
23940001 0.27614
23950001 0.25518
23960001 0.269918
23970001 0.274714
23980001 0.243446
23990001 0.260869
24000001 0.274079
24010001 0.394498
24020001 0.256458
24030001 0.273772
24040001 0.347523
24050001 0.253069
24060001 0.270738
24070001 0.30633
24080001 0.249582
24090001 1.02298
24100001 0.348837
24110001 0.247279
24120001 0.267302
24130001 0.290291
24140001 0.245846
24150001 0.273314
24160001 0.278828
24170001 0.244983
24180001 0.269795
24190001 0.276636
24200001 0.243787
24210001 0.265707
24220001 0.27572
24230001 0.279045
24240001 0.260493
24250001 0.275362
24260001 0.243784
24270001 0.262051
24280001 0.274248
24290001 0.257802
24300001 0.258904
24310001 0.273711
24320001 0.363087
24330001 0.254704
24340001 0.272251
24350001 0.317234
24360001 0.250733
24370001 0.269715
24380001 0.293446
24390001 0.248764
24400001 0.269244
24410001 0.300099
24420001 0.246878
24430001 0.267216
24440001 0.284972
24450001 0.245974
24460001 0.273268
24470001 0.27802
24480001 0.244312
24490001 0.268417
24500001 0.276527
24510001 0.242439
24520001 0.263503
24530001 0.276402
24540001 0.255464
24550001 0.270186
24560001 0.274978
24570001 0.243743
24580001 0.261147
24590001 0.274343
24600001 0.394681
24610001 0.25674
24620001 0.274037
24630001 0.347731
24640001 0.253354
24650001 0.271005
24660001 0.306566
24670001 0.249872
24680001 1.02305
24690001 0.349044
24700001 0.247571
24710001 0.267572
24720001 0.29054
24730001 0.246139
24740001 0.273578
24750001 0.279087
24760001 0.245277
24770001 0.270063
24780001 0.276896
24790001 0.244083
24800001 0.265978
24810001 0.275981
24820001 0.279303
24830001 0.260769
24840001 0.275623
24850001 0.24408
24860001 0.262326
24870001 0.274511
24880001 0.258081
24890001 0.259182
24900001 0.273975
24910001 0.363286
24920001 0.254987
24930001 0.272516
24940001 0.317461
24950001 0.25102
24960001 0.269982
24970001 0.293691
24980001 0.249053
24990001 0.269511
25000001 0.300339
25010001 0.24717
25020001 0.267485
25030001 0.285224
25040001 0.246267
25050001 0.273531
25060001 0.278278
25070001 0.244606
25080001 0.268684
25090001 0.276786
25100001 0.242735
25110001 0.263776
25120001 0.276661
25130001 0.255745
25140001 0.270451
25150001 0.275239
25160001 0.244037
25170001 0.261421
25180001 0.274605
25190001 0.394863
25200001 0.257019
25210001 0.274298
25220001 0.347937
25230001 0.253637
25240001 0.27127
25250001 0.306799
25260001 0.250159
25270001 1.02312
25280001 0.34925
25290001 0.24786
25300001 0.26784
25310001 0.290786
25320001 0.24643
25330001 0.273839
25340001 0.279343
25350001 0.245569
25360001 0.270328
25370001 0.277154
25380001 0.244376
25390001 0.266247
25400001 0.27624
25410001 0.279559
25420001 0.261043
25430001 0.275882
25440001 0.244372
25450001 0.262598
25460001 0.274771
25470001 0.258358
25480001 0.259458
25490001 0.274235
25500001 0.363482
25510001 0.255267
25520001 0.272777
25530001 0.317686
25540001 0.251304
25550001 0.270246
25560001 0.293934
25570001 0.24934
25580001 0.269776
25590001 0.300576
25600001 0.247458
25610001 0.267751
25620001 0.285474
25630001 0.246556
25640001 0.273792
25650001 0.278534
25660001 0.244897
25670001 0.268949
25680001 0.277044
25690001 0.243028
25700001 0.264045
25710001 0.276919
25720001 0.256023
25730001 0.270714
25740001 0.275497
25750001 0.244328
25760001 0.261693
25770001 0.274864
25780001 0.395043
25790001 0.257295
25800001 0.274557
25810001 0.348141
25820001 0.253917
25830001 0.271531
25840001 0.307031
25850001 0.250442
25860001 1.02319
25870001 0.349453
25880001 0.248146
25890001 0.268105
25900001 0.29103
25910001 0.246718
25920001 0.274098
25930001 0.279597
25940001 0.245858
25950001 0.27059
25960001 0.27741
25970001 0.244666
25980001 0.266513
25990001 0.276496
26000001 0.279813
26010001 0.261314
26020001 0.276139
26030001 0.244662
26040001 0.262867
26050001 0.275028
26060001 0.258632
26070001 0.25973
26080001 0.274493
26090001 0.363677
26100001 0.255544
26110001 0.273036
26120001 0.317909
26130001 0.251585
26140001 0.270507
26150001 0.294175
26160001 0.249623
26170001 0.270037
26180001 0.300811
26190001 0.247743
26200001 0.268015
26210001 0.285721
26220001 0.246842
26230001 0.274049
26240001 0.278787
26250001 0.245185
26260001 0.269212
26270001 0.277298
26280001 0.243318
26290001 0.264312
26300001 0.277173
26310001 0.256298
26320001 0.270975
26330001 0.275753
26340001 0.244617
26350001 0.261962
26360001 0.27512
26370001 0.395221
26380001 0.257569
26390001 0.274813
26400001 0.348343
26410001 0.254194
26420001 0.271791
26430001 0.30726
26440001 0.250723
26450001 1.02326
26460001 0.349654
26470001 0.24843
26480001 0.268367
26490001 0.291272
26500001 0.247003
26510001 0.274355
26520001 0.279848
26530001 0.246144
26540001 0.270849
26550001 0.277663
26560001 0.244953
26570001 0.266777
26580001 0.27675
26590001 0.280064
26600001 0.261583
26610001 0.276393
26620001 0.244949
26630001 0.263134
26640001 0.275283
26650001 0.258903
26660001 0.26
26670001 0.274748
26680001 0.36387
26690001 0.255818
26700001 0.273293
26710001 0.318129
26720001 0.251864
26730001 0.270766
26740001 0.294413
26750001 0.249904
26760001 0.270297
26770001 0.301044
26780001 0.248026
26790001 0.268276
26800001 0.285966
26810001 0.247126
26820001 0.274305
26830001 0.279038
26840001 0.24547
26850001 0.269471
26860001 0.27755
26870001 0.243606
26880001 0.264577
26890001 0.277425
26900001 0.256571
26910001 0.271232
26920001 0.276006
26930001 0.244902
26940001 0.262229
26950001 0.275374
26960001 0.395398
26970001 0.25784
26980001 0.275067
26990001 0.348544
27000001 0.254469
27010001 0.272047
27020001 0.307487
27030001 0.251001
27040001 1.02333
27050001 0.349854
27060001 0.24871
27070001 0.268626
27080001 0.291511
27090001 0.247285
27100001 0.274608
27110001 0.280097
27120001 0.246427
27130001 0.271106
27140001 0.277914
27150001 0.245237
27160001 0.267037
27170001 0.277002
27180001 0.280312
27190001 0.261849
27200001 0.276645
27210001 0.245233
27220001 0.263398
27230001 0.275536
27240001 0.259171
27250001 0.260268
27260001 0.275001
27270001 0.364061
27280001 0.25609
27290001 0.273547
27300001 0.318347
27310001 0.25214
27320001 0.271023
27330001 0.294649
27340001 0.250181
27350001 0.270553
27360001 0.301274
27370001 0.248306
27380001 0.268535
27390001 0.286208
27400001 0.247406
27410001 0.274557
27420001 0.279286
27430001 0.245752
27440001 0.269728
27450001 0.2778
27460001 0.24389
27470001 0.264838
27480001 0.277675
27490001 0.256841
27500001 0.271488
27510001 0.276257
27520001 0.245185
27530001 0.262493
27540001 0.275625
27550001 0.395573
27560001 0.258108
27570001 0.275319
27580001 0.348742
27590001 0.254741
27600001 0.272301
27610001 0.307712
27620001 0.251277
27630001 1.0234
27640001 0.350051
27650001 0.248988
27660001 0.268883
27670001 0.291748
27680001 0.247564
27690001 0.27486
27700001 0.280344
27710001 0.246707
27720001 0.271361
27730001 0.278162
27740001 0.245518
27750001 0.267296
27760001 0.277251
27770001 0.280558
27780001 0.262112
27790001 0.276894
27800001 0.245514
27810001 0.26366
27820001 0.275786
27830001 0.259437
27840001 0.260532
27850001 0.275252
27860001 0.36425
27870001 0.256359
27880001 0.273799
27890001 0.318564
27900001 0.252413
27910001 0.271276
27920001 0.294882
27930001 0.250456
27940001 0.270807
27950001 0.301503
27960001 0.248583
27970001 0.268791
27980001 0.286448
27990001 0.247684
28000001 0.274808
28010001 0.279532
28020001 0.246032
28030001 0.269983
28040001 0.278047
28050001 0.244172
28060001 0.265097
28070001 0.277922
28080001 0.257108
28090001 0.27174
28100001 0.276505
28110001 0.245465
28120001 0.262754
28130001 0.275874
28140001 0.395746
28150001 0.258374
28160001 0.275568
28170001 0.348939
28180001 0.25501
28190001 0.272553
28200001 0.307934
28210001 0.251549
28220001 1.02346
28230001 0.350247
28240001 0.249263
28250001 0.269138
28260001 0.291983
28270001 0.247841
28280001 0.275109
28290001 0.280588
28300001 0.246984
28310001 0.271613
28320001 0.278408
28330001 0.245797
28340001 0.267551
28350001 0.277497
28360001 0.280802
28370001 0.262373
28380001 0.277141
28390001 0.245792
28400001 0.263919
28410001 0.276034
28420001 0.2597
28430001 0.260794
28440001 0.2755
28450001 0.364437
28460001 0.256625
28470001 0.274048
28480001 0.318778
28490001 0.252683
28500001 0.271528
28510001 0.295113
28520001 0.250728
28530001 0.271059
28540001 0.301729
28550001 0.248857
28560001 0.269044
28570001 0.286686
28580001 0.247959
28590001 0.275055
28600001 0.279776
28610001 0.246309
28620001 0.270235
28630001 0.278291
28640001 0.24445
28650001 0.265354
28660001 0.278167
28670001 0.257373
28680001 0.27199
28690001 0.276751
28700001 0.245742
28710001 0.263012
28720001 0.27612
28730001 0.395918
28740001 0.258637
28750001 0.275814
28760001 0.349133
28770001 0.255276
28780001 0.272802
28790001 0.308155
28800001 0.251819
28810001 1.02353
28820001 0.350441
28830001 0.249535
28840001 0.26939
28850001 0.292215
28860001 0.248114
28870001 0.275355
28880001 0.280829
28890001 0.247258
28900001 0.271862
28910001 0.278651
28920001 0.246072
28930001 0.267804
28940001 0.277741
28950001 0.281043
28960001 0.26263
28970001 0.277385
28980001 0.246068
28990001 0.264175
29000001 0.276279
29010001 0.259961
29020001 0.261054
29030001 0.275745
29040001 0.364623
29050001 0.256888
29060001 0.274295
29070001 0.31899
29080001 0.25295
29090001 0.271777
29100001 0.295342
29110001 0.250998
29120001 0.271308
29130001 0.301953
29140001 0.249128
29150001 0.269295
29160001 0.286922
29170001 0.248231
29180001 0.275301
29190001 0.280017
29200001 0.246582
29210001 0.270485
29220001 0.278534
29230001 0.244726
29240001 0.265608
29250001 0.278409
29260001 0.257635
29270001 0.272238
29280001 0.276994
29290001 0.246016
29300001 0.263268
29310001 0.276364
29320001 0.396088
29330001 0.258897
29340001 0.276058
29350001 0.349326
29360001 0.255539
29370001 0.273048
29380001 0.308373
29390001 0.252086
29400001 1.0236
29410001 0.350633
29420001 0.249805
29430001 0.269639
29440001 0.292445
29450001 0.248385
29460001 0.275599
29470001 0.281068
29480001 0.24753
29490001 0.272109
29500001 0.278892
29510001 0.246345
29520001 0.268055
29530001 0.277982
29540001 0.281282
29550001 0.262886
29560001 0.277627
29570001 0.24634
29580001 0.264429
29590001 0.276521
29600001 0.260219
29610001 0.26131
29620001 0.275988
29630001 0.364807
29640001 0.257149
29650001 0.274539
29660001 0.3192
29670001 0.253215
29680001 0.272023
29690001 0.295569
29700001 0.251264
29710001 0.271555
29720001 0.302174
29730001 0.249396
29740001 0.269543
29750001 0.287155
29760001 0.248501
29770001 0.275543
29780001 0.280255
29790001 0.246853
29800001 0.270732
29810001 0.278773
29820001 0.244999
29830001 0.265859
29840001 0.278648
29850001 0.257894
29860001 0.272483
29870001 0.277235
29880001 0.246287
29890001 0.263522
29900001 0.276605
29910001 0.396257
29920001 0.259154
29930001 0.2763
29940001 0.349517
29950001 0.2558
29960001 0.273292
29970001 0.308589
29980001 0.252351
29990001 1.02366
