1 126.43
1000001 38.9908
2000001 33.0773
3000001 31.8736
4000001 31.4524
5000001 31.2952
6000001 31.2144
7000001 31.163
8000001 31.1288
9000001 31.1042
10000001 31.0859
11000001 31.0718
12000001 31.0613
13000001 31.053
14000001 31.0479
15000001 31.0417
16000001 31.0371
17000001 31.0326
18000001 31.0291
19000001 31.0262
20000001 31.0232
21000001 31.021
22000001 31.018
23000001 31.0131
24000001 31.005
25000001 30.9952
26000001 30.9848
27000001 30.976
28000001 30.9687
29000001 30.9635
30000001 30.9559
31000001 30.9523
32000001 30.9495
33000001 30.9483
34000001 30.9475
35000001 30.9478
36000001 30.9484
37000001 30.9498
38000001 30.9515
39000001 30.9535
40000001 30.9559
41000001 30.958
42000001 30.9597
43000001 30.9622
44000001 30.9649
45000001 30.9664
46000001 30.9686
47000001 30.9706
48000001 30.9737
49000001 30.9749
50000001 30.9774
51000001 30.98
52000001 30.9827
53000001 30.9869
54000001 30.9909
55000001 30.992
56000001 30.9949
57000001 30.9978
58000001 31.0009
59000001 31.0037
60000001 31.0066
61000001 31.0095
62000001 31.0122
63000001 31.0151
64000001 31.0179
65000001 31.021
66000001 31.0236
67000001 31.026
68000001 31.0288
69000001 31.0317
70000001 31.0345
71000001 31.0376
72000001 31.0405
73000001 31.0444
74000001 31.0464
75000001 31.0496
76000001 31.0527
77000001 31.0557
78000001 31.0603
79000001 31.0646
80000001 31.0656
81000001 31.0686
82000001 31.072
83000001 31.0751
84000001 31.0782
85000001 31.0831
86000001 31.0851
87000001 31.0886
88000001 31.0922
89000001 31.0958
90000001 31.0999
91000001 31.1038
92000001 31.1068
93000001 31.1105
94000001 31.1146
95000001 31.1183
96000001 31.1222
97000001 31.1261
98000001 31.1309
99000001 31.1338
100000001 31.1377
101000001 31.1416
102000001 31.1454
103000001 31.1509
104000001 31.1565
105000001 31.1577
106000001 31.1614
107000001 31.1656
108000001 31.1691
109000001 31.173
110000001 31.1769
111000001 31.1808
112000001 31.1848
113000001 31.1887
114000001 31.1926
115000001 31.198
116000001 31.2008
117000001 31.2047
118000001 31.2084
119000001 31.2127
120000001 31.2166
121000001 31.2204
122000001 31.2244
123000001 31.2292
124000001 31.2322
125000001 31.2362
126000001 31.2402
127000001 31.2441
128000001 31.2495
129000001 31.2552
130000001 31.2565
131000001 31.2603
132000001 31.2646
133000001 31.2681
134000001 31.2722
135000001 31.2761
136000001 31.2801
137000001 31.2842
138000001 31.2882
139000001 31.2923
140000001 31.2985
141000001 31.3006
142000001 31.3048
143000001 31.3084
144000001 31.3129
145000001 31.3169
146000001 31.3209
147000001 31.3252
148000001 31.33
149000001 31.3331
150000001 31.3375
151000001 31.3414
152000001 31.3453
153000001 31.3509
154000001 31.3568
155000001 31.3585
156000001 31.3621
157000001 31.366
158000001 31.37
159000001 31.3743
160000001 31.3784
161000001 31.3823
162000001 31.3873
163000001 31.3906
164000001 31.3947
165000001 31.401
166000001 31.4032
167000001 31.4074
168000001 31.4111
169000001 31.4155
170000001 31.4197
171000001 31.4237
172000001 31.4277
173000001 31.4329
174000001 31.436
175000001 31.4405
176000001 31.4443
177000001 31.4483
178000001 31.4539
179000001 31.4598
180000001 31.4615
181000001 31.4651
182000001 31.4689
183000001 31.4731
184000001 31.4773
185000001 31.4815
186000001 31.4854
187000001 31.4904
188000001 31.4938
189000001 31.4979
190000001 31.5044
191000001 31.5065
192000001 31.5113
193000001 31.5144
194000001 31.5188
195000001 31.5231
196000001 31.5271
197000001 31.5311
198000001 31.5364
199000001 31.5399
200000001 31.544
201000001 31.5478
202000001 31.5519
203000001 31.5575
204000001 31.5609
205000001 31.5664
206000001 31.5688
207000001 31.5727
208000001 31.5769
209000001 31.5813
210000001 31.5853
211000001 31.5893
212000001 31.5935
213000001 31.5976
214000001 31.6018
215000001 31.6083
216000001 31.6104
217000001 31.616
218000001 31.6184
219000001 31.6227
220000001 31.627
221000001 31.6311
222000001 31.6351
223000001 31.6414
224000001 31.6435
225000001 31.648
226000001 31.6518
227000001 31.6559
228000001 31.6614
229000001 31.6641
230000001 31.6703
231000001 31.6727
232000001 31.6766
233000001 31.6809
234000001 31.6852
235000001 31.6893
236000001 31.6932
237000001 31.6974
238000001 31.7016
239000001 31.7058
240000001 31.7122
241000001 31.7144
242000001 31.7199
243000001 31.7223
244000001 31.7267
245000001 31.731
246000001 31.735
247000001 31.739
248000001 31.7453
249000001 31.7473
250000001 31.7519
251000001 31.7557
252000001 31.7598
253000001 31.7653
254000001 31.768
255000001 31.7748
256000001 31.7767
257000001 31.7805
258000001 31.7848
259000001 31.7891
260000001 31.7931
261000001 31.797
262000001 31.8013
263000001 31.8055
264000001 31.8096
265000001 31.816
266000001 31.8183
267000001 31.8243
268000001 31.8261
269000001 31.8306
270000001 31.8349
271000001 31.8388
272000001 31.8429
273000001 31.8474
274000001 31.8511
275000001 31.8556
276000001 31.8595
277000001 31.8635
278000001 31.8678
279000001 31.8718
280000001 31.8793
281000001 31.8805
282000001 31.8842
283000001 31.8886
284000001 31.8929
285000001 31.8967
286000001 31.9026
287000001 31.9049
288000001 31.909
289000001 31.9132
290000001 31.9175
291000001 31.9219
292000001 31.9299
293000001 31.9297
294000001 31.9341
295000001 31.9381
296000001 31.9424
297000001 31.9464
298000001 31.9515
299000001 31.9546
300000001 31.9591
301000001 31.9629
302000001 31.9669
303000001 31.9712
304000001 31.9752
305000001 31.9838
306000001 31.9838
307000001 31.9877
308000001 31.9919
309000001 31.9962
310000001 31.9999
311000001 32.0059
312000001 32.0082
313000001 32.0123
314000001 32.0165
315000001 32.0207
316000001 32.0249
317000001 32.0331
318000001 32.0329
319000001 32.0371
320000001 32.0412
321000001 32.0455
322000001 32.0495
323000001 32.0546
324000001 32.0576
325000001 32.0621
326000001 32.0659
327000001 32.0701
328000001 32.0741
329000001 32.0781
330000001 32.0868
331000001 32.0867
332000001 32.0906
333000001 32.0947
334000001 32.0991
335000001 32.1028
336000001 32.1069
337000001 32.111
338000001 32.1152
339000001 32.1192
340000001 32.1234
341000001 32.1281
342000001 32.1377
343000001 32.1355
344000001 32.1398
345000001 32.1437
346000001 32.1483
347000001 32.152
348000001 32.1572
349000001 32.1602
350000001 32.1646
351000001 32.1684
352000001 32.1725
353000001 32.1766
354000001 32.1806
355000001 32.1909
356000001 32.1891
357000001 32.1929
358000001 32.1978
359000001 32.2015
360000001 32.2051
361000001 32.209
362000001 32.2134
363000001 32.2173
364000001 32.2215
365000001 32.2255
366000001 32.2303
367000001 32.2381
368000001 32.2377
369000001 32.2419
370000001 32.2459
371000001 32.2504
372000001 32.2541
373000001 32.2592
374000001 32.2622
375000001 32.2667
376000001 32.2704
377000001 32.2744
378000001 32.2786
379000001 32.2825
380000001 32.2927
381000001 32.291
382000001 32.2947
383000001 32.2996
384000001 32.3029
385000001 32.3069
386000001 32.3107
387000001 32.315
388000001 32.319
389000001 32.3231
390000001 32.3271
391000001 32.3322
392000001 32.3397
393000001 32.3392
394000001 32.3434
395000001 32.3474
396000001 32.3519
397000001 32.3556
398000001 32.361
399000001 32.3636
400000001 32.3681
401000001 32.3716
402000001 32.3758
403000001 32.3799
404000001 32.3838
405000001 32.3941
406000001 32.3927
407000001 32.3959
408000001 32.4008
409000001 32.404
410000001 32.408
411000001 32.4119
412000001 32.4161
413000001 32.42
414000001 32.4241
415000001 32.4281
416000001 32.4332
417000001 32.4361
418000001 32.4402
419000001 32.4443
420000001 32.4484
421000001 32.4528
422000001 32.4564
423000001 32.4615
424000001 32.4644
425000001 32.4689
426000001 32.4725
427000001 32.4765
428000001 32.4805
429000001 32.4844
430000001 32.4947
431000001 32.4932
432000001 32.4965
433000001 32.5005
434000001 32.5044
435000001 32.5085
436000001 32.5124
437000001 32.5165
438000001 32.5205
439000001 32.5245
440000001 32.5285
441000001 32.5337
442000001 32.5365
443000001 32.5406
444000001 32.5445
445000001 32.5485
446000001 32.553
447000001 32.5565
448000001 32.5616
449000001 32.5645
450000001 32.5726
451000001 32.5725
452000001 32.5765
453000001 32.5805
454000001 32.5844
455000001 32.59
456000001 32.5937
457000001 32.5964
458000001 32.6003
459000001 32.6042
460000001 32.6084
461000001 32.6122
462000001 32.6163
463000001 32.6202
464000001 32.6242
465000001 32.6281
466000001 32.6334
467000001 32.6362
468000001 32.6402
469000001 32.6441
470000001 32.6481
471000001 32.6526
472000001 32.656
473000001 32.6601
474000001 32.6653
475000001 32.6689
476000001 32.6719
477000001 32.6759
478000001 32.6799
479000001 32.6837
480000001 32.6887
481000001 32.6929
482000001 32.6957
483000001 32.6996
484000001 32.7034
485000001 32.7075
486000001 32.7114
487000001 32.7154
488000001 32.7193
489000001 32.7232
490000001 32.7272
491000001 32.7323
492000001 32.7355
493000001 32.7391
494000001 32.743
495000001 32.747
496000001 32.7514
497000001 32.7548
498000001 32.7589
499000001 32.7641
500000001 32.7676
501000001 32.7706
502000001 32.7746
503000001 32.7785
504000001 32.7823
505000001 32.7875
506000001 32.7919
507000001 32.7943
508000001 32.7981
509000001 32.8019
510000001 32.806
511000001 32.8098
512000001 32.8138
513000001 32.8176
514000001 32.8216
515000001 32.8255
516000001 32.8306
517000001 32.8339
518000001 32.8375
519000001 32.8412
520000001 32.8453
521000001 32.8496
522000001 32.8529
523000001 32.857
524000001 32.861
525000001 32.8656
526000001 32.8686
527000001 32.8725
528000001 32.8765
529000001 32.8802
530000001 32.8853
531000001 32.8902
532000001 32.8921
533000001 32.8959
534000001 32.8997
535000001 32.9037
536000001 32.9075
537000001 32.9114
538000001 32.9152
539000001 32.9192
540000001 32.9231
541000001 32.9272
542000001 32.9314
543000001 32.9352
544000001 32.9386
545000001 32.9427
546000001 32.9465
547000001 32.9503
548000001 32.9544
549000001 32.9582
550000001 32.9629
551000001 32.9658
552000001 32.9698
553000001 32.9737
554000001 32.9774
555000001 32.9824
556000001 32.9876
557000001 32.9892
558000001 32.993
559000001 32.9967
560000001 33.0007
561000001 33.0044
562000001 33.0083
563000001 33.0122
564000001 33.0161
565000001 33.02
566000001 33.024
567000001 33.0281
568000001 33.0319
569000001 33.0354
570000001 33.0393
571000001 33.0432
572000001 33.047
573000001 33.051
574000001 33.0548
575000001 33.0595
576000001 33.0624
577000001 33.0663
578000001 33.0701
579000001 33.0739
580000001 33.0791
581000001 33.084
582000001 33.0858
583000001 33.0894
584000001 33.0934
585000001 33.097
586000001 33.1008
587000001 33.1058
588000001 33.1084
589000001 33.1122
590000001 33.116
591000001 33.1199
592000001 33.125
593000001 33.1282
594000001 33.1314
595000001 33.1351
596000001 33.1392
597000001 33.1429
598000001 33.1468
599000001 33.1506
600000001 33.1553
601000001 33.1582
602000001 33.162
603000001 33.1658
604000001 33.1695
605000001 33.1748
606000001 33.1802
607000001 33.1814
608000001 33.185
609000001 33.1891
610000001 33.1925
611000001 33.1963
612000001 33.2
613000001 33.2038
614000001 33.2077
615000001 33.2114
616000001 33.2152
617000001 33.2204
618000001 33.2231
619000001 33.2268
620000001 33.2304
621000001 33.2345
622000001 33.2382
623000001 33.2419
624000001 33.2457
625000001 33.2504
626000001 33.2532
627000001 33.2571
628000001 33.2608
629000001 33.2645
630000001 33.2697
631000001 33.2751
632000001 33.2766
633000001 33.2799
634000001 33.2839
635000001 33.2872
636000001 33.2911
637000001 33.2948
638000001 33.2985
639000001 33.3023
640000001 33.306
641000001 33.3098
642000001 33.3157
643000001 33.3176
644000001 33.3214
645000001 33.3248
646000001 33.329
647000001 33.3327
648000001 33.3363
649000001 33.3403
650000001 33.3447
651000001 33.3476
652000001 33.3515
653000001 33.3551
654000001 33.3587
655000001 33.3639
656000001 33.3693
657000001 33.3708
658000001 33.374
659000001 33.3776
660000001 33.3812
661000001 33.3851
662000001 33.3888
663000001 33.3924
664000001 33.397
665000001 33.3999
666000001 33.4037
667000001 33.4096
668000001 33.4114
669000001 33.4152
670000001 33.4186
671000001 33.4226
672000001 33.4264
673000001 33.43
674000001 33.4336
675000001 33.4384
676000001 33.4411
677000001 33.4452
678000001 33.4486
679000001 33.4522
680000001 33.4574
681000001 33.4627
682000001 33.4642
683000001 33.4674
684000001 33.4708
685000001 33.4746
686000001 33.4784
687000001 33.4821
688000001 33.4856
689000001 33.4894
690000001 33.4931
691000001 33.4968
692000001 33.5027
693000001 33.5046
694000001 33.5088
695000001 33.5116
696000001 33.5155
697000001 33.5193
698000001 33.5229
699000001 33.5265
700000001 33.5312
701000001 33.5343
702000001 33.538
703000001 33.5414
704000001 33.5449
705000001 33.5501
706000001 33.553
707000001 33.5579
708000001 33.56
709000001 33.5634
710000001 33.5672
711000001 33.571
712000001 33.5747
713000001 33.5781
714000001 33.5819
715000001 33.5855
716000001 33.5892
717000001 33.5951
718000001 33.5969
719000001 33.6018
720000001 33.6039
721000001 33.6077
722000001 33.6116
723000001 33.6151
724000001 33.6187
725000001 33.6244
726000001 33.6261
727000001 33.63
728000001 33.6334
729000001 33.637
730000001 33.6419
731000001 33.6443
732000001 33.6499
733000001 33.6519
734000001 33.6553
735000001 33.6591
736000001 33.6629
737000001 33.6664
738000001 33.6699
739000001 33.6736
740000001 33.6772
741000001 33.6809
742000001 33.6867
743000001 33.6885
744000001 33.6934
745000001 33.6954
746000001 33.6993
747000001 33.7031
748000001 33.7066
749000001 33.7101
750000001 33.7141
751000001 33.7174
752000001 33.7214
753000001 33.7247
754000001 33.7283
755000001 33.732
756000001 33.7355
757000001 33.7416
758000001 33.7431
759000001 33.7464
760000001 33.7502
761000001 33.7539
762000001 33.7574
763000001 33.7608
764000001 33.7646
765000001 33.7682
766000001 33.7718
767000001 33.7776
768000001 33.7794
769000001 33.7848
770000001 33.7863
771000001 33.7901
772000001 33.7939
773000001 33.7973
774000001 33.8009
775000001 33.8048
776000001 33.808
777000001 33.812
778000001 33.8153
779000001 33.8188
780000001 33.8226
781000001 33.826
782000001 33.8328
783000001 33.8336
784000001 33.837
785000001 33.8407
786000001 33.8444
787000001 33.8477
788000001 33.853
789000001 33.8549
790000001 33.8584
791000001 33.862
792000001 33.8658
793000001 33.8696
794000001 33.8769
795000001 33.8764
796000001 33.8802
797000001 33.8836
798000001 33.8874
799000001 33.8909
800000001 33.8953
801000001 33.8979
802000001 33.9019
803000001 33.9052
804000001 33.9088
805000001 33.9124
806000001 33.9158
807000001 33.9237
808000001 33.9234
809000001 33.9266
810000001 33.9303
811000001 33.9341
812000001 33.9373
813000001 33.9426
814000001 33.9444
815000001 33.9479
816000001 33.9516
817000001 33.9553
818000001 33.9589
819000001 33.9663
820000001 33.9658
821000001 33.9694
822000001 33.973
823000001 33.9767
824000001 33.9802
825000001 33.9846
826000001 33.9872
827000001 33.9911
828000001 33.9943
829000001 33.9979
830000001 34.0014
831000001 34.0049
832000001 34.0127
833000001 34.0123
834000001 34.0157
835000001 34.0192
836000001 34.023
837000001 34.0261
838000001 34.0297
839000001 34.0333
840000001 34.0369
841000001 34.0404
842000001 34.044
843000001 34.0481
844000001 34.0568
845000001 34.0545
846000001 34.0581
847000001 34.0615
848000001 34.0655
849000001 34.0686
850000001 34.0732
851000001 34.0757
852000001 34.0795
853000001 34.0828
854000001 34.0863
855000001 34.0898
856000001 34.0932
857000001 34.1026
858000001 34.1006
859000001 34.1039
860000001 34.1082
861000001 34.1113
862000001 34.1143
863000001 34.1177
864000001 34.1215
865000001 34.1249
866000001 34.1285
867000001 34.1319
868000001 34.1361
869000001 34.1432
870000001 34.1424
871000001 34.146
872000001 34.1495
873000001 34.1534
874000001 34.1565
875000001 34.161
876000001 34.1635
877000001 34.1674
878000001 34.1705
879000001 34.174
880000001 34.1776
881000001 34.1809
882000001 34.1903
883000001 34.1887
884000001 34.1915
885000001 34.1957
886000001 34.1984
887000001 34.2019
888000001 34.2052
889000001 34.2088
890000001 34.2123
891000001 34.2158
892000001 34.2192
893000001 34.2238
894000001 34.2305
895000001 34.2297
896000001 34.2333
897000001 34.2367
898000001 34.2406
899000001 34.2437
900000001 34.2485
901000001 34.2506
902000001 34.2545
903000001 34.2575
904000001 34.261
905000001 34.2645
906000001 34.2679
907000001 34.2773
908000001 34.2757
909000001 34.2783
910000001 34.2826
911000001 34.2853
912000001 34.2887
913000001 34.292
914000001 34.2956
915000001 34.299
916000001 34.3025
917000001 34.3059
918000001 34.3106
919000001 34.3128
920000001 34.3164
921000001 34.3198
922000001 34.3233
923000001 34.3272
924000001 34.3301
925000001 34.3346
926000001 34.337
927000001 34.3409
928000001 34.3439
929000001 34.3474
930000001 34.3509
931000001 34.3542
932000001 34.3591
933000001 34.3618
934000001 34.3645
935000001 34.3679
936000001 34.3713
937000001 34.3749
938000001 34.3781
939000001 34.3817
940000001 34.385
941000001 34.3885
942000001 34.3919
943000001 34.3965
944000001 34.3988
945000001 34.4023
946000001 34.4057
947000001 34.4091
948000001 34.413
949000001 34.4159
950000001 34.4195
951000001 34.4228
952000001 34.4301
953000001 34.4296
954000001 34.4331
955000001 34.4365
956000001 34.4398
957000001 34.4447
958000001 34.4479
959000001 34.4501
960000001 34.4535
961000001 34.4568
962000001 34.4603
963000001 34.4636
964000001 34.4671
965000001 34.4704
966000001 34.4739
967000001 34.4772
968000001 34.4818
969000001 34.4841
970000001 34.4875
971000001 34.4909
972000001 34.4943
973000001 34.4981
974000001 34.5011
975000001 34.5046
976000001 34.5091
977000001 34.5122
978000001 34.5146
979000001 34.5181
980000001 34.5215
981000001 34.5248
982000001 34.5291
983000001 34.5332
984000001 34.535
985000001 34.5383
986000001 34.5416
987000001 34.5451
988000001 34.5484
989000001 34.5518
990000001 34.5552
991000001 34.5586
992000001 34.5619
993000001 34.5664
994000001 34.569
995000001 34.5723
996000001 34.5754
997000001 34.5789
998000001 34.5826
999000001 34.5856
