1 2195.68
10001 623.171
20001 540.754
30001 625.229
40001 354.119
50001 330.325
60001 312.767
70001 279.306
80001 238.338
90001 216.005
100001 225.76
110001 193.257
120001 183.679
130001 175.864
140001 160.621
150001 134.183
160001 126.12
170001 125.569
180001 114.595
190001 108.537
200001 104.566
210001 107.919
220001 90.3039
230001 85.7847
240001 84.3838
250001 85.583
260001 75.0528
270001 72.2816
280001 75.744
290001 66.6696
300001 63.7219
310001 63.6785
320001 65.0588
330001 61.4966
340001 72.6273
350001 58.7516
360001 52.5822
370001 50.2645
380001 49.2962
390001 52.6356
400001 47.7709
410001 46.5173
420001 47.3382
430001 50.902
440001 40.5776
450001 39.3445
460001 43.0862
470001 38.0479
480001 36.7944
490001 38.4467
500001 41.4398
510001 35.187
520001 32.8624
530001 36.2254
540001 30.4028
550001 29.2937
560001 29.8473
570001 35.2764
580001 27.8027
590001 27.6742
600001 30.4876
610001 35.8673
620001 24.1193
630001 23.527
640001 30.5667
650001 23.4711
660001 40.5609
670001 25.7593
680001 29.7657
690001 20.6732
700001 20.3605
710001 27.1297
720001 18.6136
730001 17.8745
740001 19.9502
750001 26.2986
760001 17.7222
770001 18.5614
780001 23.6258
790001 30.4593
800001 15.2854
810001 15.1775
820001 23.7911
830001 18.5536
840001 26.9895
850001 20.7712
860001 25.9688
870001 13.9201
880001 14.0601
890001 22.244
900001 13.0036
910001 12.7109
920001 16.2765
930001 23.6925
940001 12.7371
950001 14.7958
960001 20.4612
970001 28.167
980001 11.4602
990001 11.5061
1000001 22.2235
1010001 11.64
1020001 14.0168
1030001 18.5595
1040001 24.3063
1050001 11.4583
1060001 11.3874
1070001 21.168
1080001 10.6585
1090001 10.0488
1100001 15.2733
1110001 22.2992
1120001 21.0271
1130001 11.8272
1140001 19.7163
1150001 28.1084
1160001 9.89868
1170001 10.1613
1180001 21.2247
1190001 10.4692
1200001 12.9557
1210001 18.1083
1220001 24.1939
1230001 10.235
1240001 10.3539
1250001 20.3587
1260001 9.61518
1270001 9.23161
1280001 15.4313
1290001 22.1202
1300001 10.1867
1310001 10.7913
1320001 19.439
1330001 9.82594
1340001 9.23075
1350001 10.4922
1360001 21.1847
1370001 18.0087
1380001 13.4384
1390001 17.9359
1400001 24.3352
1410001 9.72472
1420001 10.0835
1430001 20.2765
1440001 9.44378
1450001 8.73635
1460001 15.8247
1470001 21.9606
1480001 9.69499
1490001 20.3315
1500001 19.5221
1510001 9.36044
1520001 8.82882
1530001 11.0982
1540001 21.0977
1550001 15.0605
1560001 11.5653
1570001 18.0396
1580001 24.6816
1590001 9.442
1600001 9.43751
1610001 20.142
1620001 9.16813
1630001 9.13748
1640001 16.2216
1650001 22.1424
1660001 14.3113
1670001 11.7121
1680001 19.5809
1690001 9.17007
1700001 8.70611
1710001 11.8378
1720001 21.1946
1730001 9.90955
1740001 11.54
1750001 18.139
1760001 25.1433
1770001 9.19615
1780001 9.29402
1790001 20.2614
1800001 11.4825
1810001 8.84907
1820001 16.596
1830001 22.3095
1840001 10.6265
1850001 10.1184
1860001 19.7453
1870001 9.17468
1880001 8.59314
1890001 12.5185
1900001 21.2202
1910001 9.67718
1920001 11.7222
1930001 18.3918
1940001 25.7238
1950001 8.99165
1960001 9.25888
1970001 20.3269
1980001 9.12745
1990001 35.3682
2000001 16.9465
2010001 22.5777
2020001 9.64746
2030001 9.97606
2040001 19.8295
2050001 9.34785
2060001 8.76259
2070001 13.2079
2080001 21.2827
2090001 9.58681
2100001 11.8378
2110001 18.606
2120001 26.1968
2130001 8.93451
2140001 9.19016
2150001 20.4637
2160001 11.5154
2170001 14.6531
2180001 17.2028
2190001 22.9238
2200001 9.73992
2210001 9.73181
2220001 19.931
2230001 8.89614
2240001 8.62946
2250001 13.965
2260001 21.4151
2270001 10.9101
2280001 11.1921
2290001 18.8081
2300001 26.8211
2310001 8.96604
2320001 9.19463
2330001 20.5614
2340001 9.75411
2350001 12.3723
2360001 17.3964
2370001 23.3185
2380001 9.70094
2390001 9.82149
2400001 19.9551
2410001 8.86524
2420001 8.65607
2430001 14.6833
2440001 21.5654
2450001 20.2174
2460001 10.4353
2470001 19.0169
2480001 26.0125
2490001 8.87907
2500001 9.97368
2510001 20.749
2520001 9.41284
2530001 16.4903
2540001 17.6137
2550001 23.7683
2560001 9.74709
2570001 9.75662
2580001 19.9743
2590001 8.96435
2600001 8.54829
2610001 15.4152
2620001 21.7053
2630001 9.3907
2640001 10.346
2650001 19.2323
2660001 9.24262
2670001 8.82256
2680001 10.6429
2690001 20.8816
2700001 14.978
2710001 11.6478
2720001 17.7862
2730001 24.2525
2740001 9.43751
2750001 9.69736
2760001 20.0203
2770001 8.92997
2780001 8.5742
2790001 15.9208
2800001 21.8622
2810001 20.0938
2820001 46.26
2830001 19.3867
2840001 9.18482
2850001 8.8163
2860001 11.3957
2870001 21.0372
2880001 9.94619
2890001 11.4659
2900001 17.9865
2910001 24.7588
2920001 9.24252
2930001 9.26483
2940001 20.1064
2950001 8.93337
2960001 8.9583
2970001 16.3598
2980001 22.1086
2990001 14.2443
3000001 10.6426
3010001 19.5966
3020001 8.97288
3030001 8.59149
3040001 12.158
3050001 21.1222
3060001 9.78015
3070001 11.4531
3080001 18.1929
3090001 25.3581
3100001 9.01179
3110001 9.36512
3120001 20.2299
3130001 11.2398
3140001 35.3533
3150001 16.7413
3160001 22.3761
3170001 9.80332
3180001 10.1208
3190001 19.7227
3200001 8.97107
3210001 8.63112
3220001 12.8487
3230001 21.1934
3240001 9.65937
3250001 11.7095
3260001 18.4299
3270001 25.9131
3280001 8.87592
3290001 9.15719
3300001 20.3448
3310001 14.211
3320001 24.3598
3330001 17.0327
3340001 22.6648
3350001 9.46083
3360001 10.0373
3370001 19.8534
3380001 9.00853
3390001 8.94875
3400001 13.5554
3410001 21.3106
3420001 9.65342
3430001 12.4072
3440001 18.6633
3450001 26.4851
3460001 8.90753
3470001 9.19416
3480001 20.4777
3490001 9.56879
3500001 12.3494
3510001 17.2624
3520001 23.0716
3530001 9.65443
3540001 9.88202
3550001 19.923
3560001 9.12726
3570001 8.58627
3580001 14.3229
3590001 21.4763
3600001 20.4501
3610001 10.7871
3620001 18.8621
3630001 27.2453
3640001 8.91786
3650001 9.27046
3660001 20.6339
3670001 9.66126
3680001 12.2804
3690001 17.4754
3700001 23.5317
3710001 9.55218
3720001 9.79684
3730001 19.949
3740001 9.00581
3750001 8.66129
3760001 15.0666
3770001 21.6166
3780001 9.77889
3790001 10.503
3800001 19.1219
3810001 9.48482
3820001 8.85685
3830001 10.2106
3840001 20.7968
3850001 17.8374
3860001 13.2323
3870001 17.6802
3880001 24.0282
3890001 9.45015
3900001 9.84014
3910001 19.9897
3920001 9.24423
3930001 8.52211
3940001 15.6766
3950001 21.7726
3960001 9.50802
3970001 20.2245
3980001 19.3014
3990001 9.19222
4000001 8.66778
4010001 11.0072
4020001 20.9618
4030001 15.002
4040001 11.4529
4050001 17.8688
4060001 24.486
4070001 9.31704
4080001 9.32779
4090001 20.0481
4100001 9.05176
4110001 9.02959
4120001 16.1392
4130001 21.9885
4140001 14.251
4150001 11.6295
4160001 19.4977
4170001 9.08194
4180001 8.61614
4190001 11.7891
4200001 21.0764
4210001 9.86442
4220001 11.4919
4230001 18.0562
4240001 25.0523
4250001 9.11882
4260001 9.22116
4270001 20.1726
4280001 11.3694
4290001 8.81868
4300001 16.5414
4310001 22.2307
4320001 10.5636
4330001 10.0376
4340001 19.6713
4350001 9.11772
4360001 8.53321
4370001 12.5009
4380001 21.1671
4390001 9.64142
4400001 11.6864
4410001 18.3274
4420001 25.6746
4430001 8.93668
4440001 9.2373
4450001 20.2901
4460001 9.08496
4470001 35.3492
4480001 16.8897
4490001 22.5226
4500001 9.57472
4510001 9.94988
4520001 19.7974
4530001 9.30723
4540001 8.73331
4550001 13.1944
4560001 21.2393
4570001 9.56068
4580001 13.4024
4590001 18.5721
4600001 26.1928
4610001 8.88342
4620001 9.17103
4630001 20.4288
4640001 11.4911
4650001 14.6459
4660001 17.1632
4670001 22.8992
4680001 9.67869
4690001 9.71564
4700001 19.9056
4710001 8.86678
4720001 8.60086
4730001 13.9499
4740001 21.3985
4750001 10.8909
4760001 11.1694
4770001 18.7788
4780001 26.8361
4790001 8.92626
4800001 9.1792
4810001 20.5522
4820001 9.71476
4830001 12.3387
4840001 17.3658
4850001 23.3139
4860001 9.66109
4870001 9.79804
4880001 19.9478
4890001 8.84917
4900001 8.64189
4910001 14.6693
4920001 21.5542
4930001 10.2944
4940001 10.4011
4950001 19.0061
4960001 25.3835
4970001 8.84469
4980001 9.95941
4990001 20.7419
5000001 9.39161
5010001 16.4829
5020001 17.5892
5030001 23.7831
5040001 9.7229
5050001 9.74282
5060001 19.9708
5070001 8.91671
5080001 8.53615
5090001 15.408
5100001 21.7086
5110001 9.37926
5120001 10.3378
5130001 19.2236
5140001 9.22966
5150001 8.79639
5160001 10.64
5170001 20.8837
5180001 14.9683
5190001 11.6302
5200001 17.7688
5210001 24.2804
5220001 9.41763
5230001 9.67889
5240001 20.0279
5250001 8.91298
5260001 8.5643
5270001 15.9236
5280001 21.876
5290001 20.0932
5300001 46.2577
5310001 19.4021
5320001 9.17215
5330001 8.79514
5340001 11.3938
5350001 21.0455
5360001 9.93911
5370001 11.4466
5380001 17.9819
5390001 24.7958
5400001 9.22424
5410001 9.26663
5420001 20.1195
5430001 8.92504
5440001 8.94113
5450001 16.3604
5460001 22.1238
5470001 14.2351
5480001 10.6353
5490001 19.6068
5500001 8.95589
5510001 8.58625
5520001 12.1595
5530001 21.1364
5540001 9.79572
5550001 11.4458
5560001 18.2017
5570001 25.4104
5580001 8.98637
5590001 9.37042
5600001 20.2462
5610001 11.2339
5620001 35.3444
5630001 16.7398
5640001 22.395
5650001 9.81723
5660001 10.0915
5670001 19.7438
5680001 8.9659
5690001 8.62577
5700001 12.8489
5710001 21.2101
5720001 9.61246
5730001 11.7286
5740001 18.4435
5750001 25.974
5760001 8.85841
5770001 9.14384
5780001 20.3659
5790001 14.2123
5800001 24.3602
5810001 17.0302
5820001 22.6937
5830001 9.44493
5840001 10.0284
5850001 19.8749
5860001 9.00301
5870001 8.94257
5880001 13.5645
5890001 21.3376
5900001 9.65461
5910001 12.4067
5920001 18.6822
5930001 26.5436
5940001 8.89627
5950001 9.18386
5960001 20.5001
5970001 9.58484
5980001 12.3314
5990001 17.2654
6000001 23.1108
6010001 9.63732
6020001 9.88774
6030001 19.9464
6040001 9.11364
6050001 8.58902
6060001 14.3221
6070001 21.5002
6080001 20.4445
6090001 10.7693
6100001 18.8796
6110001 27.3131
6120001 8.90767
6130001 9.26474
6140001 20.6616
6150001 9.65849
6160001 16.5696
6170001 17.4798
6180001 23.5815
6190001 9.53308
6200001 9.79403
6210001 19.9727
6220001 9.00178
6230001 8.65795
6240001 15.0702
6250001 21.6437
6260001 9.77415
6270001 10.5518
6280001 19.1442
6290001 9.48068
6300001 8.85672
6310001 10.2124
6320001 20.8199
6330001 17.8375
6340001 13.23
6350001 17.6879
6360001 24.0751
6370001 9.43735
6380001 9.84723
6390001 20.0191
6400001 9.29398
6410001 8.49594
6420001 15.6852
6430001 21.8023
6440001 9.51861
6450001 20.2122
6460001 19.3221
6470001 9.19071
6480001 8.6634
6490001 11.0163
6500001 20.9913
6510001 13.9259
6520001 11.4426
6530001 17.8794
6540001 24.5411
6550001 9.29446
6560001 9.32547
6570001 20.0746
6580001 9.04228
6590001 9.02982
6600001 16.1544
6610001 22.0175
6620001 14.249
6630001 11.6322
6640001 19.5275
6650001 9.07555
6660001 8.62064
6670001 11.8031
6680001 21.1039
6690001 9.87222
6700001 11.4826
6710001 18.0716
6720001 25.1142
6730001 9.11537
6740001 9.19977
6750001 20.2036
6760001 11.3369
6770001 8.82089
6780001 16.5616
6790001 22.2619
6800001 10.5571
6810001 10.0191
6820001 19.6989
6830001 9.11471
6840001 8.53079
6850001 12.5043
6860001 21.1939
6870001 9.64175
6880001 11.6926
6890001 18.3464
6900001 25.7322
6910001 8.92386
6920001 9.22639
6930001 20.3151
6940001 9.08817
6950001 35.3467
6960001 16.8935
6970001 22.5562
6980001 9.55773
6990001 9.95042
7000001 19.8258
7010001 9.31222
7020001 8.72771
7030001 13.1999
7040001 21.267
7050001 9.5511
7060001 12.626
7070001 18.5952
7080001 26.2537
7090001 8.87418
7100001 9.16677
7110001 20.4535
7120001 11.491
7130001 14.6505
7140001 17.1702
7150001 22.942
7160001 9.673
7170001 9.72692
7180001 19.9324
7190001 8.8614
7200001 8.60127
7210001 13.948
7220001 21.4311
7230001 10.894
7240001 11.1618
7250001 18.8004
7260001 26.8953
7270001 8.93031
7280001 9.17727
7290001 20.5796
7300001 9.71498
7310001 12.3335
7320001 17.3785
7330001 23.3634
7340001 9.65767
7350001 9.7955
7360001 19.9743
7370001 8.86725
7380001 8.62959
7390001 14.6895
7400001 21.5845
7410001 9.76656
7420001 10.3951
7430001 19.0285
7440001 24.935
7450001 8.84
7460001 9.96291
7470001 20.7676
7480001 9.37997
7490001 16.4862
7500001 17.6006
7510001 23.8291
7520001 9.72838
7530001 9.71875
7540001 19.996
7550001 8.92974
7560001 8.5424
7570001 15.4124
7580001 21.7384
7590001 9.37503
7600001 10.3452
7610001 19.2438
7620001 9.22645
7630001 8.79536
7640001 10.645
7650001 20.9069
7660001 14.9836
7670001 11.6224
7680001 17.7804
7690001 24.3252
7700001 9.4094
7710001 9.67669
7720001 20.0528
7730001 8.90829
7740001 8.55919
7750001 15.9336
7760001 21.909
7770001 20.0963
7780001 46.2587
7790001 19.4277
7800001 9.1819
7810001 8.79793
7820001 11.4024
7830001 21.0706
7840001 9.97557
7850001 11.4632
7860001 17.9965
7870001 24.8499
7880001 9.21963
7890001 9.27767
7900001 20.1434
7910001 8.92826
7920001 8.93913
7930001 16.3698
7940001 22.1533
7950001 14.244
7960001 10.6257
7970001 19.6298
7980001 8.9561
7990001 8.58208
8000001 12.166
8010001 21.1616
8020001 9.78504
8030001 11.4458
8040001 18.2242
8050001 25.4573
8060001 8.98742
8070001 9.37283
8080001 20.2687
8090001 11.2397
8100001 35.3375
8110001 16.7471
8120001 22.4223
8130001 9.82862
8140001 10.0696
8150001 19.773
8160001 8.97229
8170001 8.63072
8180001 12.8619
8190001 21.2344
8200001 9.60152
8210001 11.7213
8220001 18.4624
8230001 26.0188
8240001 8.85459
8250001 9.14196
8260001 20.3919
8270001 14.2137
8280001 24.3633
8290001 17.0381
8300001 22.7265
8310001 9.4419
8320001 10.0312
8330001 19.8987
8340001 9.00453
8350001 8.95696
8360001 13.5801
8370001 21.3647
8380001 9.66069
8390001 12.4075
8400001 18.7054
8410001 26.5874
8420001 8.89424
8430001 9.18266
8440001 20.5219
8450001 9.58834
8460001 12.3298
8470001 17.2779
8480001 23.1469
8490001 9.65171
8500001 9.87591
8510001 19.9691
8520001 9.10526
8530001 8.59873
8540001 14.3242
8550001 21.5252
8560001 20.4494
8570001 10.7731
8580001 18.8987
8590001 27.369
8600001 8.9071
8610001 9.26745
8620001 20.6888
8630001 9.65204
8640001 16.4947
8650001 17.4996
8660001 23.6179
8670001 9.52173
8680001 9.77906
8690001 19.9947
8700001 9.00176
8710001 8.62847
8720001 15.0788
8730001 21.6686
8740001 9.76717
8750001 10.5843
8760001 19.1631
8770001 9.47858
8780001 8.83703
8790001 10.2135
8800001 20.8401
8810001 17.8408
8820001 13.2316
8830001 17.7005
8840001 24.1101
8850001 9.43567
8860001 9.80412
8870001 20.0406
8880001 9.30181
8890001 8.49855
8900001 15.6928
8910001 21.8265
8920001 9.51678
8930001 20.2075
8940001 19.3408
8950001 9.19245
8960001 8.66579
8970001 11.0252
8980001 21.0119
8990001 9.86521
9000001 11.4393
9010001 17.8929
9020001 24.5766
9030001 9.29602
9040001 9.31413
9050001 20.0954
9060001 9.03482
9070001 9.03156
9080001 16.1677
9090001 22.0421
9100001 14.2527
9110001 11.631
9120001 19.5498
9130001 9.07173
9140001 8.63297
9150001 11.8183
9160001 21.1253
9170001 9.86149
9180001 11.4762
9190001 18.0887
9200001 25.1592
9210001 9.11629
9220001 9.19612
9230001 20.2275
9240001 11.3345
9250001 8.82099
9260001 16.5729
9270001 22.2886
9280001 10.5581
9290001 10.0136
9300001 19.7202
9310001 9.11943
9320001 8.53226
9330001 12.5076
9340001 21.2143
9350001 9.65534
9360001 11.7107
9370001 18.363
9380001 25.7721
9390001 8.92174
9400001 9.21713
9410001 20.3339
9420001 9.1002
9430001 35.3457
9440001 16.9022
9450001 22.5796
9460001 9.55518
9470001 9.95638
9480001 19.8474
9490001 9.31338
9500001 8.72601
9510001 13.2104
9520001 21.2871
9530001 9.54681
9540001 12.5555
9550001 18.6164
9560001 26.2901
9570001 8.87414
9580001 9.15268
9590001 20.4714
9600001 11.4899
9610001 14.6528
9620001 17.1806
9630001 22.9666
9640001 9.68481
9650001 9.7272
9660001 19.9521
9670001 8.865
9680001 8.60907
9690001 13.959
9700001 21.4527
9710001 10.8948
9720001 11.1612
9730001 18.8174
9740001 26.9357
9750001 8.92382
9760001 9.18582
9770001 20.6047
9780001 9.70834
9790001 12.3317
9800001 17.3964
9810001 23.3908
9820001 9.66118
9830001 9.79532
9840001 19.9938
9850001 8.87505
9860001 8.63467
9870001 14.6979
9880001 21.6046
9890001 9.75985
9900001 10.4141
9910001 19.0523
9920001 24.2684
9930001 8.83928
9940001 9.96576
9950001 20.7859
9960001 9.38059
9970001 16.4817
9980001 17.6141
9990001 23.8561
