1 2697.6
10001 773.447
20001 740.244
30001 696.42
40001 812.867
50001 472.284
60001 461.938
70001 438.481
80001 424.351
90001 377.383
100001 332.294
110001 318.877
120001 299.832
130001 314.821
140001 275.184
150001 268.95
160001 261.822
170001 253.414
180001 222.531
190001 193.838
200001 186.377
210001 179.372
220001 178.477
230001 167.04
240001 163.973
250001 160.383
260001 154.442
270001 152.299
280001 142.871
290001 124.823
300001 122.769
310001 120.122
320001 118.311
330001 114.097
340001 110.727
350001 106.944
360001 107.677
370001 98.1875
380001 95.9158
390001 95.7612
400001 92.1818
410001 90.8822
420001 90.1696
430001 86.4829
440001 84.8703
450001 83.9244
460001 79.8104
470001 79.2957
480001 79.1906
490001 75.2796
500001 74.3176
510001 74.1394
520001 71.1219
530001 70.9729
540001 69.1642
550001 68.2945
560001 66.5008
570001 66.211
580001 62.4355
590001 61.8343
600001 61.1937
610001 59.3332
620001 59.9597
630001 57.8656
640001 56.5292
650001 55.7883
660001 53.868
670001 52.5719
680001 51.5426
690001 50.544
700001 49.8957
710001 50.1798
720001 48.1795
730001 47.239
740001 46.473
750001 44.5303
760001 44.5329
770001 43.4751
780001 43.3127
790001 42.0537
800001 41.6584
810001 39.8164
820001 39.5839
830001 38.4584
840001 37.0548
850001 37.5891
860001 36.4213
870001 35.8964
880001 35.3024
890001 34.1866
900001 33.2487
910001 33.1624
920001 31.7361
930001 31.1043
940001 31.4838
950001 30.4561
960001 29.7116
970001 29.5326
980001 28.1417
990001 28.0949
1000001 27.8705
1010001 26.3992
1020001 26.4182
1030001 26.2552
1040001 25.2583
1050001 25.0219
1060001 64.2703
1070001 23.3746
1080001 23.7606
1090001 23.5191
1100001 23.9278
1110001 22.3593
1120001 21.8345
1130001 21.1913
1140001 21.2192
1150001 20.3342
1160001 19.7939
1170001 20.1549
1180001 19.9194
1190001 20.076
1200001 18.8972
1210001 18.1564
1220001 18.1304
1230001 18.2778
1240001 17.0604
1250001 17.0516
1260001 18.2396
1270001 16.6036
1280001 17.2267
1290001 16.0186
1300001 15.2682
1310001 16.1521
1320001 15.7877
1330001 16.6386
1340001 14.6561
1350001 18.3889
1360001 13.9134
1370001 14.8729
1380001 13.5605
1390001 13.0335
1400001 14.1272
1410001 13.6146
1420001 14.0737
1430001 12.5173
1440001 12.0542
1450001 12.0174
1460001 12.9236
1470001 11.6379
1480001 11.2879
1490001 11.4185
1500001 11.5629
1510001 12.1308
1520001 10.6647
1530001 10.1796
1540001 10.8739
1550001 11.222
1560001 12.2975
1570001 9.77238
1580001 10.1271
1590001 9.63076
1600001 10.7368
1610001 9.19762
1620001 8.76371
1630001 9.4619
1640001 9.83506
1650001 11.0114
1660001 8.50739
1670001 8.40144
1680001 8.44319
1690001 9.55609
1700001 7.9024
1710001 7.68154
1720001 7.82362
1730001 8.53721
1740001 9.63914
1750001 7.94745
1760001 7.13715
1770001 7.64705
1780001 8.66356
1790001 6.90152
1800001 7.39247
1810001 6.97943
1820001 7.05727
1830001 8.75806
1840001 59.9378
1850001 6.21593
1860001 6.61647
1870001 7.78417
1880001 9.42533
1890001 6.34773
1900001 6.13618
1910001 6.08018
1920001 8.01559
1930001 5.79444
1940001 5.53379
1950001 5.69764
1960001 7.0047
1970001 8.19089
1980001 5.4193
1990001 5.21075
2000001 5.69427
2010001 7.44505
2020001 5.26449
2030001 5.42434
2040001 8.29437
2050001 5.87981
2060001 7.53051
2070001 4.9271
2080001 4.62875
2090001 6.74058
2100001 6.78762
2110001 8.98997
2120001 4.82684
2130001 12.3584
2140001 4.87453
2150001 7.06009
2160001 4.5092
2170001 4.30786
2180001 6.50327
2190001 6.22512
2200001 7.80942
2210001 4.34774
2220001 4.24513
2230001 4.69416
2240001 6.71729
2250001 4.48388
2260001 4.12288
2270001 4.1682
2280001 5.41442
2290001 7.19323
2300001 4.01382
2310001 3.82982
2320001 5.08292
2330001 6.35934
2340001 7.6458
2350001 3.87633
2360001 4.77824
2370001 4.33319
2380001 6.8367
2390001 3.99658
2400001 3.64874
2410001 4.89088
2420001 5.92302
2430001 7.75285
2440001 3.70834
2450001 3.77312
2460001 4.23892
2470001 6.5153
2480001 3.83676
2490001 3.54245
2500001 3.65064
2510001 5.41673
2520001 6.98249
2530001 4.56036
2540001 3.455
2550001 4.46765
2560001 6.26042
2570001 3.79336
2580001 4.50836
2590001 3.83004
2600001 4.37116
2610001 6.66746
2620001 59.6522
2630001 3.31062
2640001 3.94485
2650001 5.85071
2660001 8.0143
2670001 3.87481
2680001 3.72331
2690001 3.88401
2700001 6.37982
2710001 3.49147
2720001 3.315
2730001 3.44484
2740001 5.45722
2750001 7.07663
2760001 3.36001
2770001 3.242
2780001 4.03526
2790001 6.22342
2800001 3.52153
2810001 3.85367
2820001 7.3446
2830001 4.55874
2840001 6.70727
2850001 3.40728
2860001 3.13519
2870001 5.79978
2880001 5.89122
2890001 8.28393
2900001 3.59337
2910001 11.9434
2920001 3.7484
2930001 6.4461
2940001 3.40247
2950001 3.20454
2960001 5.81455
2970001 5.53242
2980001 7.23371
2990001 3.35108
3000001 3.27024
3010001 3.82172
3020001 6.25685
3030001 3.76312
3040001 3.30672
3050001 3.34746
3060001 4.87747
3070001 6.72427
3080001 3.25179
3090001 3.0845
3100001 4.5581
3110001 5.97754
3120001 7.09723
3130001 3.23106
3140001 4.02933
3150001 3.86787
3160001 6.47813
3170001 3.47326
3180001 3.12241
3190001 4.49318
3200001 5.61943
3210001 7.55055
3220001 3.22343
3230001 3.37469
3240001 3.89791
3250001 6.24597
3260001 3.4397
3270001 3.15026
3280001 3.25739
3290001 5.16147
3300001 6.83617
3310001 4.29668
3320001 3.14887
3330001 4.23489
3340001 6.07352
3350001 3.49219
3360001 4.30193
3370001 3.56736
3380001 4.15044
3390001 6.56159
3400001 59.643
3410001 3.08593
3420001 3.76598
3430001 5.71726
3440001 7.89742
3450001 3.69101
3460001 3.53019
3470001 3.70123
3480001 6.30765
3490001 3.33739
3500001 3.13844
3510001 3.27869
3520001 5.36316
3530001 6.9788
3540001 3.20788
3550001 3.09214
3560001 3.92549
3570001 6.16471
3580001 3.42889
3590001 3.76421
3600001 7.294
3610001 4.48814
3620001 6.62102
3630001 3.28678
3640001 3.02551
3650001 5.73788
3660001 5.83439
3670001 8.25232
3680001 3.50147
3690001 11.9158
3700001 3.68558
3710001 6.37884
3720001 3.29701
3730001 3.12891
3740001 5.76775
3750001 5.48593
3760001 7.21256
3770001 3.29469
3780001 3.21658
3790001 3.77973
3800001 6.2069
3810001 3.71273
3820001 3.25386
3830001 3.2954
3840001 4.83791
3850001 6.71591
3860001 3.20734
3870001 3.04066
3880001 4.53224
3890001 5.94745
3900001 6.90489
3910001 3.19348
3920001 3.99505
3930001 3.83388
3940001 6.4675
3950001 3.44598
3960001 3.07075
3970001 4.46586
3980001 5.59753
3990001 7.53044
4000001 3.19583
4010001 3.34843
4020001 3.78325
4030001 6.23814
4040001 3.42357
4050001 3.12845
4060001 3.23595
4070001 5.14928
4080001 6.8122
4090001 4.28622
4100001 3.11911
4110001 4.21088
4120001 6.06449
4130001 3.48486
4140001 4.29321
4150001 3.55284
4160001 4.14453
4170001 6.54218
4180001 59.6403
4190001 3.06989
4200001 3.74647
4210001 5.70997
4220001 7.89456
4230001 3.67889
4240001 3.52058
4250001 3.69054
4260001 6.2908
4270001 3.32188
4280001 3.12959
4290001 3.26755
4300001 5.35605
4310001 6.97741
4320001 3.21104
4330001 3.09036
4340001 3.91604
4350001 6.15282
4360001 3.4161
4370001 3.41502
4380001 7.29024
4390001 4.48163
4400001 6.6192
4410001 3.27681
4420001 3.02049
4430001 5.73788
4440001 5.83104
4450001 8.24881
4460001 3.49857
4470001 11.9118
4480001 3.67919
4490001 6.37745
4500001 3.29964
4510001 3.12422
4520001 5.76492
4530001 5.48135
4540001 7.20695
4550001 3.3165
4560001 3.21032
4570001 3.77358
4580001 6.20543
4590001 3.69979
4600001 3.25341
4610001 3.29731
4620001 4.83736
4630001 6.70869
4640001 3.20027
4650001 3.03997
4660001 4.51623
4670001 5.94414
4680001 6.7828
4690001 3.18958
4700001 3.9931
4710001 3.83513
4720001 6.4605
4730001 3.44188
4740001 3.07363
4750001 4.46008
4760001 5.59446
4770001 7.52992
4780001 3.19351
4790001 3.35462
4800001 3.77349
4810001 6.23245
4820001 3.42652
4830001 3.12656
4840001 3.23259
4850001 5.14605
4860001 6.81079
4870001 4.29816
4880001 3.09956
4890001 4.22054
4900001 6.06032
4910001 3.48159
4920001 4.28377
4930001 3.55216
4940001 4.14642
4950001 6.54492
4960001 59.6419
4970001 3.07289
4980001 3.74028
4990001 5.71368
5000001 7.89302
5010001 3.67914
5020001 3.51877
5030001 3.68621
5040001 6.28993
5050001 3.32115
5060001 3.12191
5070001 3.26698
5080001 5.36017
5090001 6.97492
5100001 3.22835
5110001 3.08839
5120001 3.91108
5130001 6.15155
5140001 3.38153
5150001 3.39636
5160001 7.292
5170001 4.48386
5180001 6.61553
5190001 3.27176
5200001 3.01997
5210001 5.73281
5220001 5.83047
5230001 8.2488
5240001 3.49679
5250001 11.9114
5260001 3.67953
5270001 6.3742
5280001 3.30211
5290001 3.11594
5300001 5.76079
5310001 5.48189
5320001 7.20827
5330001 3.32767
5340001 3.21674
5350001 3.77395
5360001 6.20473
5370001 3.70854
5380001 3.2475
5390001 3.30227
5400001 4.84033
5410001 6.71029
5420001 3.19547
5430001 3.02815
5440001 4.515
5450001 5.94228
5460001 6.6472
5470001 3.18873
5480001 3.99468
5490001 3.83594
5500001 6.46115
5510001 3.44651
5520001 3.07192
5530001 4.36888
5540001 5.59317
5550001 7.53038
5560001 3.19736
5570001 3.36675
5580001 3.76652
5590001 6.2314
5600001 3.41859
5610001 3.12924
5620001 3.23073
5630001 5.14557
5640001 6.81002
5650001 4.28485
5660001 3.08101
5670001 4.22258
5680001 6.059
5690001 3.48752
5700001 4.29316
5710001 3.54829
5720001 4.14671
5730001 6.54583
5740001 59.6437
5750001 3.06957
5760001 3.74067
5770001 5.71706
5780001 7.89534
5790001 3.67754
5800001 3.51838
5810001 3.68035
5820001 6.28829
5830001 3.31395
5840001 3.11927
5850001 3.2677
5860001 5.36129
5870001 6.97414
5880001 3.21977
5890001 3.09836
5900001 3.9072
5910001 6.15021
5920001 3.38136
5930001 3.39958
5940001 7.2933
5950001 4.48857
5960001 6.61462
5970001 3.2697
5980001 3.02374
5990001 5.72632
6000001 5.82935
6010001 8.24895
6020001 3.49666
6030001 11.9127
6040001 3.68025
6050001 6.37332
6060001 3.30841
6070001 3.12794
6080001 5.76256
6090001 5.48511
6100001 7.21087
6110001 3.30563
6120001 3.21721
6130001 3.77423
6140001 6.20711
6150001 3.72519
6160001 3.25005
6170001 3.29976
6180001 4.84499
6190001 6.71206
6200001 3.20264
6210001 3.02812
6220001 4.50542
6230001 5.94147
6240001 6.52496
6250001 3.18915
6260001 3.99858
6270001 3.8396
6280001 6.46406
6290001 3.43701
6300001 3.08347
6310001 4.1883
6320001 5.5926
6330001 7.53239
6340001 3.18976
6350001 3.29798
6360001 3.77421
6370001 6.23044
6380001 3.41361
6390001 3.12595
6400001 3.23068
6410001 5.14831
6420001 6.81198
6430001 4.28383
6440001 3.07869
6450001 4.2145
6460001 6.05807
6470001 3.49006
6480001 4.29602
6490001 3.54794
6500001 4.15101
6510001 6.54776
6520001 59.6423
6530001 3.06991
6540001 3.74153
6550001 5.71947
6560001 7.89787
6570001 3.67753
6580001 3.51839
6590001 3.68057
6600001 6.2877
6610001 3.30887
6620001 3.13423
6630001 3.27119
6640001 5.36092
6650001 6.97363
6660001 3.2175
6670001 3.09184
6680001 3.91386
6690001 6.14997
6700001 3.36773
6710001 3.39554
6720001 7.29206
6730001 4.48994
6740001 6.6139
6750001 3.29703
6760001 3.03133
6770001 5.7243
6780001 5.82875
6790001 8.25427
6800001 3.50173
6810001 11.914
6820001 3.67881
6830001 6.37266
6840001 3.31352
6850001 3.15758
6860001 5.76006
6870001 5.48647
6880001 7.21488
6890001 3.29725
6900001 3.21339
6910001 3.77824
6920001 6.20653
6930001 3.72486
6940001 3.2567
6950001 3.28773
6960001 4.84852
6970001 6.71161
6980001 3.19284
6990001 3.03218
7000001 4.50631
7010001 5.94095
7020001 6.4271
7030001 3.18888
7040001 3.99732
7050001 3.84219
7060001 6.46681
7070001 3.43714
7080001 3.08003
7090001 4.1614
7100001 5.59229
7110001 7.5334
7120001 3.18631
7130001 3.28394
7140001 3.75954
7150001 6.23004
7160001 3.41234
7170001 3.12958
7180001 3.23094
7190001 5.15452
7200001 6.8127
7210001 4.2797
7220001 3.07354
7230001 4.20599
7240001 6.05755
7250001 3.48676
7260001 4.28364
7270001 3.5484
7280001 4.15511
7290001 6.54809
7300001 59.6365
7310001 3.07179
7320001 3.73947
7330001 5.71909
7340001 7.89962
7350001 3.67712
7360001 3.51971
7370001 3.6796
7380001 6.28737
7390001 3.30925
7400001 3.13045
7410001 3.26864
7420001 5.36073
7430001 6.97353
7440001 3.21671
7450001 3.08252
7460001 3.91581
7470001 6.15145
7480001 3.38474
7490001 3.39558
7500001 7.28932
7510001 4.49319
7520001 6.61365
7530001 3.30988
7540001 3.03287
7550001 5.72255
7560001 5.82844
7570001 8.25822
7580001 3.50422
7590001 11.9133
7600001 3.67948
7610001 6.37242
7620001 3.32281
7630001 3.16118
7640001 5.763
7650001 5.48964
7660001 7.2185
7670001 3.29281
7680001 3.21458
7690001 3.78009
7700001 6.20634
7710001 3.72618
7720001 3.25049
7730001 3.25852
7740001 4.852
7750001 6.71143
7760001 3.18862
7770001 3.02812
7780001 4.50582
7790001 5.94142
7800001 6.37355
7810001 3.18956
7820001 3.99424
7830001 3.84776
7840001 6.4675
7850001 3.43602
7860001 3.07833
7870001 4.15765
7880001 5.59214
7890001 7.53654
7900001 3.188
7910001 3.30074
7920001 3.75511
7930001 6.2299
7940001 3.41508
7950001 3.13782
7960001 3.23068
7970001 5.1568
7980001 6.81348
7990001 4.28448
8000001 3.07086
8010001 4.20736
8020001 6.05833
8030001 3.48935
8040001 4.27697
8050001 3.55018
8060001 4.15882
8070001 6.54797
8080001 59.6328
8090001 3.07176
8100001 3.74185
8110001 5.71892
8120001 7.90379
8130001 3.67802
8140001 3.52517
8150001 3.67867
8160001 6.28728
8170001 3.30932
8180001 3.12481
8190001 3.26743
8200001 5.36064
8210001 6.97359
8220001 3.21576
8230001 3.06788
8240001 3.91964
8250001 6.15365
8260001 3.38949
8270001 3.39692
8280001 7.29329
8290001 4.49678
8300001 6.61355
8310001 3.30172
8320001 3.03866
8330001 5.72418
8340001 5.8283
8350001 8.27191
8360001 3.20077
8370001 11.9074
8380001 3.67899
8390001 6.37458
8400001 3.32282
8410001 3.1585
8420001 5.76026
8430001 5.49471
8440001 7.22158
8450001 3.28246
8460001 3.22461
8470001 3.77742
8480001 6.20627
8490001 3.66925
8500001 3.25016
8510001 3.24902
8520001 4.85799
8530001 6.71139
8540001 3.1878
8550001 3.02755
8560001 4.50668
8570001 5.94371
8580001 6.37486
8590001 3.19496
8600001 3.99202
8610001 3.84898
8620001 6.46928
8630001 3.43548
8640001 3.07812
8650001 4.15991
8660001 5.59207
8670001 7.5407
8680001 3.19704
8690001 3.29979
8700001 3.74815
8710001 6.22984
8720001 3.42128
8730001 3.134
8740001 3.23095
8750001 5.15894
8760001 6.81782
8770001 4.27519
8780001 3.07399
8790001 4.2088
8800001 6.0628
8810001 3.45453
8820001 4.27589
8830001 3.55063
8840001 4.16412
8850001 6.54791
8860001 59.6364
8870001 3.06922
8880001 3.74094
8890001 5.71881
8900001 7.90606
8910001 3.68156
8920001 3.5205
8930001 3.67862
8940001 6.28725
8950001 3.31045
8960001 3.12396
8970001 3.26799
8980001 5.36061
8990001 6.97371
9000001 3.22085
9010001 3.0705
9020001 3.91568
9030001 6.1549
9040001 3.39414
9050001 3.40119
9060001 7.29467
9070001 4.49876
9080001 6.61352
9090001 3.28529
9100001 3.0341
9110001 5.72852
9120001 5.82824
9130001 8.27614
9140001 3.20377
9150001 11.9049
9160001 3.68097
9170001 6.37684
9180001 3.32383
9190001 3.16226
9200001 5.7656
9210001 5.49756
9220001 7.22713
9230001 3.27434
9240001 3.21517
9250001 3.77569
9260001 6.20625
9270001 3.66807
9280001 3.24969
9290001 3.24545
9300001 4.86215
9310001 6.71139
9320001 3.18814
9330001 3.02773
9340001 4.51061
9350001 5.94447
9360001 6.34014
9370001 3.2036
9380001 3.99383
9390001 3.85073
9400001 6.46925
9410001 3.43798
9420001 3.07943
9430001 4.15289
9440001 5.59204
9450001 7.54464
9460001 3.20715
9470001 3.30117
9480001 3.7481
9490001 6.22984
9500001 3.43077
9510001 3.14528
9520001 3.23092
9530001 5.16337
9540001 6.81941
9550001 4.27447
9560001 3.07488
9570001 4.2056
9580001 6.06429
9590001 3.46349
9600001 4.27723
9610001 3.55048
9620001 4.16718
9630001 6.54792
9640001 59.6406
9650001 3.06949
9660001 3.73048
9670001 5.71876
9680001 7.90697
9690001 3.687
9700001 3.51938
9710001 3.67944
9720001 6.28922
9730001 3.30899
9740001 3.1167
9750001 3.26738
9760001 5.36061
9770001 6.97385
9780001 3.19942
9790001 3.06517
9800001 3.90572
9810001 6.15867
9820001 3.39277
9830001 3.39591
9840001 7.29845
9850001 4.50378
9860001 6.61355
9870001 3.28354
9880001 3.03416
9890001 5.73795
9900001 5.82823
9910001 8.29246
9920001 3.21177
9930001 11.9092
9940001 3.67724
9950001 6.38171
9960001 3.33482
9970001 3.15907
9980001 5.77653
9990001 5.50292
10000001 7.23155
10010001 3.26338
10020001 3.21752
10030001 3.77545
10040001 6.20628
10050001 3.67404
10060001 3.24879
10070001 3.24136
10080001 4.86623
10090001 6.71146
10100001 3.18586
10110001 3.02791
10120001 4.51873
10130001 5.94819
10140001 6.22305
10150001 3.19398
10160001 3.99285
10170001 3.85278
10180001 6.46929
10190001 3.43973
10200001 3.07933
10210001 4.15413
10220001 5.59205
10230001 7.5492
10240001 3.20538
10250001 3.30003
10260001 3.74907
10270001 6.22987
10280001 3.41648
10290001 3.14036
10300001 3.23147
10310001 5.16729
10320001 6.82215
10330001 4.28795
10340001 3.06781
10350001 4.20603
10360001 6.06426
10370001 3.46198
10380001 4.27607
10390001 3.54974
10400001 4.17089
10410001 6.54796
10420001 59.6562
10430001 3.07011
10440001 3.73033
10450001 5.71971
10460001 7.90929
10470001 3.68029
10480001 3.51965
10490001 3.67686
10500001 6.29075
10510001 3.30618
10520001 3.11527
10530001 3.2704
10540001 5.36063
10550001 6.9742
10560001 3.20098
10570001 3.05871
10580001 3.91182
10590001 6.15871
10600001 3.39173
10610001 3.39622
10620001 7.29844
10630001 4.50425
10640001 6.61706
10650001 3.28152
10660001 3.03364
10670001 5.74612
10680001 5.83133
10690001 8.29902
10700001 3.20609
10710001 5.70016
10720001 3.68373
10730001 6.38198
10740001 3.34019
10750001 3.16124
10760001 5.77969
10770001 5.50482
10780001 7.23323
10790001 3.26816
10800001 3.21458
10810001 3.7754
10820001 6.20633
10830001 3.66905
10840001 3.24002
10850001 3.24393
10860001 4.86854
10870001 6.71154
10880001 3.18502
10890001 3.02753
10900001 4.50718
10910001 5.95147
10920001 6.11111
10930001 3.18706
10940001 3.99326
10950001 3.85588
10960001 6.46934
10970001 3.43654
10980001 3.07819
10990001 4.15916
11000001 5.59207
11010001 7.55264
11020001 3.20069
11030001 3.30053
11040001 3.74799
11050001 6.22992
11060001 3.41384
11070001 3.13888
11080001 3.23406
11090001 5.16828
11100001 6.82798
11110001 4.28532
11120001 3.06305
11130001 4.21064
11140001 6.06426
11150001 3.46222
11160001 4.27332
11170001 3.55128
11180001 4.17297
11190001 6.54803
11200001 59.6309
11210001 3.06651
11220001 3.72999
11230001 5.72088
11240001 7.91162
11250001 3.68195
11260001 3.52047
11270001 3.6839
11280001 6.29374
11290001 3.30421
11300001 3.11627
11310001 3.27113
11320001 5.36066
11330001 6.97573
11340001 3.19752
11350001 3.05512
11360001 3.91239
11370001 6.15877
11380001 3.39384
11390001 3.40739
11400001 7.28939
11410001 4.50847
11420001 6.61784
11430001 3.27978
11440001 3.03422
11450001 5.73841
11460001 5.83436
11470001 8.30892
11480001 3.21369
11490001 5.71435
11500001 3.67446
11510001 6.38207
11520001 3.3371
11530001 3.16162
11540001 5.78338
11550001 5.50667
11560001 7.2359
11570001 3.26383
11580001 3.21761
11590001 3.77518
11600001 6.20639
11610001 3.67113
11620001 3.24268
11630001 3.24228
11640001 4.87296
11650001 6.71164
11660001 3.18596
11670001 3.02608
11680001 4.49941
11690001 5.95335
11700001 5.93436
11710001 3.2023
11720001 3.99277
11730001 3.85684
11740001 6.46942
11750001 3.43544
11760001 3.07898
11770001 4.16275
11780001 5.59209
11790001 7.55369
11800001 3.1896
11810001 3.29976
11820001 3.75168
11830001 6.23193
11840001 3.41326
11850001 3.13998
11860001 3.23379
11870001 5.17345
11880001 6.82949
11890001 4.28829
11900001 3.06364
11910001 4.187
11920001 6.06428
11930001 3.46128
11940001 4.27204
11950001 3.55414
11960001 4.17499
11970001 6.54812
11980001 59.6403
11990001 3.06724
12000001 3.73321
12010001 5.72392
12020001 7.91489
12030001 3.69108
12040001 3.52212
12050001 3.6852
12060001 6.29515
12070001 3.30449
12080001 3.11727
12090001 3.272
12100001 5.36068
12110001 6.97901
12120001 3.19142
12130001 3.05436
12140001 3.91299
12150001 6.15884
12160001 3.39984
12170001 3.40103
12180001 7.31344
12190001 4.51136
12200001 6.62011
12210001 3.27665
12220001 3.03336
12230001 5.2118
12240001 5.83536
12250001 8.31564
12260001 3.21601
12270001 5.72332
12280001 3.67711
12290001 6.38215
12300001 3.33512
12310001 3.16358
12320001 5.6549
12330001 5.5067
12340001 7.23831
12350001 3.25959
12360001 3.21646
12370001 3.77702
12380001 6.20646
12390001 3.67061
12400001 3.23294
12410001 3.24394
12420001 4.87891
12430001 6.71174
12440001 3.18704
12450001 3.02612
12460001 4.4989
12470001 5.95628
12480001 5.74185
12490001 3.18898
12500001 3.99305
12510001 3.85783
12520001 6.4695
12530001 3.43514
12540001 3.07816
12550001 4.1651
12560001 5.59212
12570001 7.55857
12580001 3.18592
12590001 3.30054
12600001 3.7513
12610001 6.23381
12620001 3.42456
12630001 3.14579
12640001 3.23288
12650001 5.17659
12660001 6.83369
12670001 4.29986
12680001 3.06207
12690001 4.18547
12700001 6.06431
12710001 3.46267
12720001 4.27359
12730001 3.55871
12740001 4.17754
12750001 6.54821
12760001 59.6267
12770001 3.06835
12780001 3.72963
12790001 5.72843
12800001 7.91681
12810001 3.66758
12820001 3.52018
12830001 3.68969
12840001 6.29676
12850001 3.30488
12860001 3.11762
12870001 3.27031
12880001 5.36071
12890001 6.98127
12900001 3.19032
12910001 3.05552
12920001 3.91471
12930001 6.1589
12940001 3.40447
12950001 3.3931
12960001 4.41857
12970001 4.51528
12980001 6.62333
12990001 3.28948
13000001 3.03423
13010001 5.21394
13020001 5.84044
13030001 8.31828
13040001 3.21582
13050001 5.72397
13060001 3.67856
13070001 6.38223
13080001 3.33805
13090001 3.16362
13100001 5.01399
13110001 5.50673
13120001 7.24337
13130001 3.25781
13140001 3.21628
13150001 3.77804
13160001 6.20652
13170001 3.66933
13180001 3.23457
13190001 3.2623
13200001 4.88161
13210001 6.71184
13220001 3.19067
13230001 3.02569
13240001 4.49905
13250001 5.95782
13260001 5.4343
13270001 3.18595
13280001 3.99093
13290001 3.86129
13300001 6.46958
13310001 3.43521
13320001 3.07947
13330001 4.17137
13340001 5.59963
13350001 7.56278
13360001 3.18414
13370001 3.3002
13380001 3.74552
13390001 6.23592
13400001 3.39756
13410001 3.14172
13420001 3.23282
13430001 5.17759
13440001 6.83616
13450001 4.3177
13460001 3.04918
13470001 4.18475
13480001 6.06433
13490001 3.46525
13500001 4.25986
13510001 3.5593
13520001 4.18203
13530001 6.54828
13540001 3.31398
13550001 3.06662
13560001 3.73062
13570001 5.73097
13580001 7.92069
13590001 3.65121
13600001 3.5234
13610001 3.69021
13620001 6.29682
13630001 3.31063
13640001 3.11987
13650001 3.27207
13660001 5.36073
13670001 6.98428
13680001 3.19167
13690001 3.05651
13700001 3.90709
13710001 6.15895
13720001 3.40094
13730001 3.39376
13740001 4.24635
13750001 4.51713
13760001 6.62567
13770001 3.28358
13780001 3.03456
13790001 5.21029
13800001 5.84047
13810001 8.32252
13820001 3.21678
13830001 5.72419
13840001 3.67984
13850001 6.3823
13860001 3.34016
13870001 3.16481
13880001 5.01572
13890001 5.50676
13900001 7.24766
13910001 3.25698
13920001 3.21629
13930001 3.77815
13940001 6.20658
13950001 3.67019
13960001 3.23015
13970001 3.26306
13980001 4.88548
13990001 6.71192
14000001 3.18569
14010001 3.02778
14020001 4.50029
14030001 5.95784
14040001 5.10725
14050001 3.19072
14060001 3.99094
14070001 3.86454
14080001 6.46965
14090001 3.43515
14100001 3.07902
14110001 4.17416
14120001 5.60202
14130001 7.56551
14140001 3.18385
14150001 3.29711
14160001 3.74381
14170001 6.23597
14180001 3.39891
14190001 3.13841
14200001 3.23591
14210001 5.18154
14220001 6.838
14230001 4.31981
14240001 3.04507
14250001 4.18664
14260001 6.06436
14270001 3.46544
14280001 4.08273
14290001 3.55935
14300001 4.18367
14310001 6.54836
14320001 3.31259
14330001 3.04705
14340001 3.73205
14350001 5.73232
14360001 7.9222
14370001 3.64738
14380001 3.52509
14390001 3.69104
14400001 6.29688
14410001 3.30539
14420001 3.12129
14430001 3.27005
14440001 5.36243
14450001 6.98563
14460001 3.19881
14470001 3.05617
14480001 3.90767
14490001 6.159
14500001 3.40168
14510001 3.39265
14520001 4.25217
14530001 4.52041
14540001 6.62822
14550001 3.28861
14560001 3.03039
14570001 5.20524
14580001 5.8405
14590001 8.3289
14600001 3.21777
14610001 5.72549
14620001 3.6814
14630001 6.38237
14640001 3.35298
14650001 3.16462
14660001 5.01772
14670001 5.50679
14680001 7.25008
14690001 3.26661
14700001 3.21678
14710001 3.77568
14720001 6.20663
14730001 3.67011
14740001 3.34142
14750001 3.27046
14760001 4.88962
14770001 6.712
14780001 3.18753
14790001 3.02803
14800001 4.49805
14810001 5.95786
14820001 4.54626
14830001 3.19833
14840001 3.9909
14850001 3.86708
14860001 6.47109
14870001 3.43423
14880001 3.07777
14890001 4.17256
14900001 5.60634
14910001 7.56847
14920001 3.1882
14930001 3.30122
14940001 3.74201
14950001 6.23602
14960001 3.40083
14970001 3.139
14980001 3.23559
14990001 5.18424
15000001 6.83808
15010001 4.31523
15020001 3.03804
15030001 4.18717
15040001 6.06438
15050001 3.46584
15060001 4.00571
15070001 3.56459
15080001 4.18473
15090001 6.54842
15100001 3.30951
15110001 3.04753
15120001 3.73127
15130001 5.73233
15140001 7.93209
15150001 3.36691
15160001 3.52265
15170001 3.69295
15180001 6.29693
15190001 3.29584
15200001 3.1203
15210001 3.28231
15220001 5.36651
15230001 6.99051
15240001 3.20115
15250001 3.05607
15260001 3.91144
15270001 6.16259
15280001 3.40794
15290001 3.3945
15300001 4.24991
15310001 4.52428
15320001 6.63121
15330001 3.29562
15340001 3.03026
15350001 5.21359
15360001 5.84053
15370001 8.33265
15380001 3.21607
15390001 5.72438
15400001 3.68139
15410001 6.38335
15420001 3.35739
15430001 3.16486
15440001 5.01281
15450001 5.50681
15460001 7.25408
15470001 3.29742
15480001 3.21648
15490001 3.7837
15500001 6.20668
15510001 3.67322
15520001 3.34808
15530001 3.27101
15540001 4.89237
15550001 6.71207
15560001 3.18815
15570001 3.03047
15580001 4.49819
15590001 5.95788
15600001 4.13087
15610001 3.20445
15620001 3.99254
15630001 3.8698
15640001 6.47422
15650001 3.43379
15660001 3.07867
15670001 4.17442
15680001 5.60988
15690001 7.57234
15700001 3.19307
15710001 3.29498
15720001 3.74236
15730001 6.23606
15740001 3.40171
15750001 3.14258
15760001 3.23686
15770001 5.19192
15780001 6.83815
15790001 3.51671
15800001 3.03741
15810001 4.19209
15820001 6.0648
15830001 3.4642
15840001 4.00842
15850001 3.55781
15860001 4.18754
15870001 6.54848
15880001 3.30528
15890001 3.04814
15900001 3.7329
15910001 5.73235
15920001 7.93298
15930001 3.3745
15940001 3.51569
15950001 3.69225
15960001 6.29698
15970001 3.29123
15980001 3.12058
15990001 3.28801
16000001 5.36773
16010001 6.99226
16020001 3.19606
16030001 3.05794
16040001 3.91421
16050001 6.16498
16060001 3.40548
16070001 3.40068
16080001 4.25047
16090001 4.53248
16100001 6.63127
16110001 3.29755
16120001 3.03438
16130001 5.20701
16140001 5.84056
16150001 8.33397
16160001 3.21398
16170001 5.72479
16180001 3.68227
16190001 6.38453
16200001 3.32722
16210001 3.16665
16220001 5.00999
16230001 5.50683
16240001 7.25585
16250001 3.27632
16260001 3.21858
16270001 3.78435
16280001 6.20672
16290001 3.6788
16300001 3.35904
16310001 3.26633
16320001 4.89517
16330001 6.71533
16340001 3.19
16350001 3.03283
16360001 4.4999
16370001 5.9579
16380001 3.67496
16390001 3.21729
16400001 3.99257
16410001 3.87332
16420001 6.47958
16430001 3.43074
16440001 3.07691
16450001 4.16974
16460001 5.61455
16470001 7.57296
16480001 3.18273
16490001 3.29784
16500001 3.74389
16510001 6.2361
16520001 3.40138
16530001 3.14245
16540001 3.23839
16550001 5.19594
16560001 6.83822
16570001 3.526
16580001 3.0354
16590001 4.19837
16600001 6.0669
16610001 3.46965
16620001 3.99253
16630001 3.56279
16640001 4.18882
16650001 6.54855
16660001 3.30768
16670001 3.05376
16680001 3.74287
16690001 5.73237
16700001 7.93592
16710001 3.34735
16720001 3.51734
16730001 3.69051
16740001 6.29703
16750001 3.28284
16760001 3.12006
16770001 3.28531
16780001 5.3703
16790001 6.99479
16800001 3.19084
16810001 3.0587
16820001 3.91215
16830001 6.16501
16840001 3.4089
16850001 3.41089
16860001 4.24947
16870001 4.53706
16880001 6.63134
16890001 3.29008
16900001 3.03169
16910001 5.20193
16920001 5.84059
16930001 8.33991
16940001 3.21738
16950001 5.72433
16960001 3.68385
16970001 6.38697
16980001 3.32324
16990001 3.16564
17000001 5.01545
17010001 5.50685
17020001 7.25761
17030001 3.26336
17040001 3.21769
17050001 3.776
17060001 6.20676
17070001 3.69797
17080001 3.35369
17090001 3.26501
17100001 4.89704
17110001 6.71872
17120001 3.19036
17130001 3.03159
17140001 4.49944
17150001 5.95792
17160001 3.67128
17170001 3.21065
17180001 3.99179
17190001 3.87705
17200001 6.48106
17210001 3.434
17220001 3.07686
17230001 4.17045
17240001 5.61844
17250001 7.57584
17260001 3.18468
17270001 3.29643
17280001 3.74456
17290001 6.23614
17300001 3.4025
17310001 3.14087
17320001 3.23614
17330001 5.19773
17340001 6.83828
17350001 3.50922
17360001 3.03423
17370001 4.20418
17380001 6.07116
17390001 3.47338
17400001 3.9833
17410001 3.56202
17420001 4.19228
17430001 6.5486
17440001 3.30879
17450001 3.05143
17460001 3.74614
17470001 5.73238
17480001 7.93759
17490001 3.35108
17500001 3.51349
17510001 3.69015
17520001 6.29707
17530001 3.28318
17540001 3.11715
17550001 3.28563
17560001 5.37466
17570001 6.99567
17580001 3.18844
17590001 3.0585
17600001 3.90434
17610001 6.16504
17620001 3.40614
17630001 3.40416
17640001 4.24964
17650001 4.54076
17660001 6.63139
17670001 3.29644
17680001 3.03315
17690001 5.20154
17700001 5.84261
17710001 8.34549
17720001 3.22019
17730001 5.72491
17740001 3.68487
17750001 6.39005
17760001 3.33447
17770001 3.16399
17780001 5.02215
17790001 5.50687
17800001 7.26101
17810001 3.24646
17820001 3.22213
17830001 3.77452
17840001 6.2068
17850001 3.69652
17860001 3.36099
17870001 3.26367
17880001 4.90325
17890001 6.71977
17900001 3.20679
17910001 3.03012
17920001 4.49985
17930001 5.95959
17940001 3.68029
17950001 3.20748
17960001 3.99231
17970001 3.88357
17980001 6.48111
17990001 3.43595
18000001 3.07664
18010001 4.16741
18020001 5.61845
18030001 7.5789
18040001 3.18399
18050001 3.30512
18060001 3.74468
18070001 6.23618
18080001 3.40631
18090001 3.14498
18100001 3.24115
18110001 5.19774
18120001 6.83834
18130001 3.51608
18140001 3.03291
18150001 4.20536
18160001 6.07432
18170001 3.48222
18180001 3.9812
18190001 3.56071
18200001 4.19543
18210001 6.54865
18220001 3.31104
18230001 3.05178
18240001 3.74312
18250001 5.73239
18260001 7.94254
18270001 3.34132
18280001 3.52132
18290001 3.69331
18300001 6.29711
18310001 3.28338
18320001 3.11803
18330001 3.29147
18340001 5.3785
18350001 6.99899
18360001 3.18749
18370001 3.05872
18380001 3.90404
18390001 6.16507
18400001 3.40324
18410001 3.40549
18420001 4.24904
18430001 4.54547
18440001 6.63144
18450001 3.30954
18460001 3.02981
18470001 5.20249
18480001 5.84446
18490001 8.34719
18500001 3.21776
18510001 5.72521
18520001 3.6855
18530001 6.39207
18540001 3.3254
18550001 3.16082
18560001 5.0094
18570001 5.50688
18580001 7.26226
18590001 3.24985
18600001 4.72672
18610001 3.78483
18620001 6.20683
18630001 3.68402
18640001 3.3541
18650001 3.2698
18660001 4.90489
18670001 6.72275
18680001 3.19437
18690001 3.03588
18700001 4.50006
18710001 5.96236
18720001 3.67434
18730001 3.18355
18740001 3.99315
18750001 3.88681
18760001 6.48116
18770001 3.43384
18780001 3.07816
18790001 4.16621
18800001 5.61846
18810001 7.58254
18820001 3.18188
18830001 3.30234
18840001 3.7462
18850001 6.23621
18860001 3.40634
18870001 3.14634
18880001 3.23756
18890001 5.19776
18900001 6.83839
18910001 3.51924
18920001 3.03182
18930001 4.20523
18940001 6.07814
18950001 3.47084
18960001 3.97993
18970001 3.51787
18980001 4.19961
18990001 6.5487
19000001 3.31021
19010001 3.05104
19020001 3.74893
19030001 5.7324
19040001 7.94501
19050001 3.34017
19060001 3.1647
19070001 3.71041
19080001 6.3
19090001 3.28253
19100001 3.11993
19110001 7.34267
19120001 5.38124
19130001 7.00055
19140001 3.19053
19150001 3.0584
19160001 3.886
19170001 6.1651
19180001 3.4038
19190001 3.39849
19200001 4.25063
19210001 4.54718
19220001 6.63149
19230001 3.32699
19240001 3.02975
19250001 5.19916
19260001 5.84698
19270001 8.35051
19280001 3.21369
19290001 5.72534
19300001 3.68689
19310001 6.39423
19320001 3.34391
19330001 3.16334
19340001 5.01019
19350001 5.5069
19360001 7.26455
19370001 3.24262
19380001 4.72815
19390001 3.77995
19400001 6.20686
19410001 3.68165
19420001 3.35421
19430001 3.26786
19440001 4.91142
19450001 6.72681
19460001 3.20892
19470001 3.03774
19480001 4.4936
19490001 5.96382
19500001 3.6695
19510001 3.17694
19520001 3.99343
19530001 3.89607
19540001 6.48121
19550001 3.43544
19560001 3.08001
19570001 4.16792
19580001 5.61847
19590001 7.58477
19600001 3.1822
19610001 3.3204
19620001 3.74677
19630001 6.23623
19640001 3.40686
19650001 3.14672
19660001 3.23695
19670001 5.19777
19680001 6.83844
19690001 3.53191
19700001 3.03144
19710001 4.21409
19720001 6.08016
19730001 3.46969
19740001 3.98406
19750001 3.46787
19760001 4.20361
19770001 6.54874
19780001 3.3041
19790001 3.05116
19800001 3.74049
19810001 5.73241
19820001 7.95884
19830001 3.33984
19840001 3.11555
19850001 3.71356
19860001 6.30145
19870001 3.28209
19880001 3.12062
19890001 7.34824
19900001 5.38432
19910001 7.00276
19920001 3.18132
19930001 3.05722
19940001 3.88603
19950001 6.16512
19960001 3.40372
19970001 3.39753
19980001 4.24999
19990001 4.55029
20000001 6.63153
20010001 3.33084
20020001 3.03159
20030001 5.19803
20040001 5.84909
20050001 8.3541
20060001 3.21296
20070001 5.72515
20080001 3.68809
20090001 6.39427
20100001 3.34652
20110001 3.16461
20120001 5.01077
20130001 5.50691
20140001 7.2681
20150001 3.22484
20160001 4.72703
20170001 3.77905
20180001 6.20689
20190001 3.68011
20200001 3.35262
20210001 3.26357
20220001 4.91184
20230001 6.73111
20240001 3.22764
20250001 3.03464
20260001 4.49092
20270001 5.96383
20280001 3.66394
20290001 3.17334
20300001 3.99491
20310001 3.89822
20320001 6.48125
20330001 3.42869
20340001 3.08162
20350001 4.16603
20360001 5.61848
20370001 7.58902
20380001 3.17854
20390001 3.32197
20400001 3.74497
20410001 6.23626
20420001 3.41951
20430001 3.15508
20440001 3.23827
20450001 5.19778
20460001 6.83849
20470001 3.53133
20480001 3.03137
20490001 4.20619
20500001 6.0814
20510001 3.47194
20520001 3.98514
20530001 3.46452
20540001 4.20491
20550001 6.54972
20560001 3.30312
20570001 3.05563
20580001 15.3021
20590001 5.73743
20600001 7.9609
20610001 3.33959
20620001 3.12445
20630001 3.71316
20640001 6.30149
20650001 3.29379
20660001 3.11072
20670001 7.35986
20680001 5.38592
20690001 7.00685
20700001 3.18098
20710001 3.05998
20720001 3.87413
20730001 6.16514
20740001 3.40794
20750001 3.39417
20760001 4.24891
20770001 4.55186
20780001 6.63157
20790001 3.34068
20800001 3.03305
20810001 5.19809
20820001 5.85185
20830001 8.35787
20840001 3.21486
20850001 5.72482
20860001 3.68905
20870001 6.3943
20880001 3.34987
20890001 3.1633
20900001 5.01468
20910001 5.50692
20920001 7.27098
20930001 3.21674
20940001 4.72649
20950001 3.78428
20960001 6.20692
20970001 3.67926
20980001 3.35177
20990001 3.26199
21000001 4.91315
21010001 6.73209
21020001 3.2048
21030001 3.02859
21040001 4.48812
21050001 5.96384
21060001 3.6615
21070001 3.17353
21080001 3.99173
21090001 3.9024
21100001 6.48129
21110001 3.4211
21120001 3.08799
21130001 4.16589
21140001 5.61849
21150001 7.59285
21160001 3.18434
21170001 3.31384
21180001 3.74311
21190001 6.23715
21200001 3.4306
21210001 3.15137
21220001 3.24117
21230001 5.19779
21240001 6.83853
21250001 3.53713
21260001 3.03037
21270001 4.20847
21280001 6.08141
21290001 3.47354
21300001 3.98985
21310001 3.46482
21320001 4.20817
21330001 6.55366
21340001 3.30323
21350001 3.04889
21360001 11.0999
21370001 5.74206
21380001 7.96229
21390001 3.33951
21400001 3.11951
21410001 3.71555
21420001 6.30151
21430001 3.30387
21440001 3.109
21450001 7.3567
21460001 5.3896
21470001 7.01127
21480001 3.17377
21490001 3.05966
21500001 3.8766
21510001 6.16516
21520001 3.41609
21530001 3.4016
21540001 4.24863
21550001 4.55314
21560001 6.63161
21570001 3.34573
21580001 3.03454
21590001 5.19853
21600001 5.85382
21610001 8.36312
21620001 3.22186
21630001 5.72558
21640001 3.69014
21650001 6.39434
21660001 3.33182
21670001 3.16095
21680001 5.01531
21690001 5.50693
21700001 7.27526
21710001 3.21871
21720001 4.7245
21730001 3.77967
21740001 6.2094
21750001 3.69324
21760001 3.35193
21770001 3.26529
21780001 4.91844
21790001 6.73464
21800001 3.19042
21810001 3.02609
21820001 4.49531
21830001 5.96385
21840001 3.65989
21850001 3.17438
21860001 3.99228
21870001 3.90458
21880001 6.48219
21890001 3.7979
21900001 3.09159
21910001 4.16596
21920001 5.61914
21930001 7.59657
21940001 3.20555
21950001 3.30313
21960001 3.74246
21970001 6.23941
21980001 3.4541
21990001 3.14803
22000001 3.23728
22010001 5.19779
22020001 6.8395
22030001 3.52097
22040001 3.03034
22050001 4.19796
22060001 6.08142
22070001 3.4722
22080001 3.98632
22090001 3.46751
22100001 4.21419
22110001 6.55689
22120001 3.30399
22130001 3.04794
22140001 11.0927
22150001 5.74371
22160001 7.96395
22170001 3.34034
22180001 3.12102
22190001 3.71507
22200001 6.30154
22210001 3.29942
22220001 3.10858
22230001 7.35194
22240001 5.39315
22250001 7.0132
22260001 3.17279
22270001 3.05903
22280001 3.8681
22290001 6.16518
22300001 3.41142
22310001 3.40166
22320001 4.25121
22330001 4.55415
22340001 6.63165
22350001 3.35113
22360001 3.03176
22370001 5.19829
22380001 5.85383
22390001 8.3682
22400001 3.21997
22410001 5.72283
22420001 3.69088
22430001 6.39437
22440001 3.3327
22450001 3.16356
22460001 5.00889
22470001 5.50791
22480001 7.27702
22490001 3.21065
22500001 4.7246
22510001 3.99789
22520001 6.21263
22530001 3.70624
22540001 3.352
22550001 3.26394
22560001 4.92174
22570001 6.73778
22580001 3.20309
22590001 3.02784
22600001 4.49051
22610001 5.96386
22620001 3.65909
22630001 3.17573
22640001 3.99195
22650001 3.90692
22660001 6.48454
22670001 3.79366
22680001 3.08385
22690001 4.18325
22700001 5.61915
22710001 7.60282
22720001 3.20238
22730001 3.29955
22740001 3.81375
22750001 6.24097
22760001 3.4413
22770001 3.1492
22780001 3.239
22790001 5.1996
22800001 6.84148
22810001 3.51441
22820001 3.03031
22830001 4.1922
22840001 6.08143
22850001 3.47252
22860001 3.97867
22870001 3.46708
22880001 4.21614
22890001 6.55961
22900001 3.30272
22910001 3.04791
22920001 11.0878
22930001 5.74574
22940001 7.9681
22950001 3.33607
22960001 3.12098
22970001 3.71346
22980001 6.30157
22990001 3.29768
23000001 3.10767
23010001 7.35211
23020001 5.39316
23030001 7.01353
23040001 3.17294
23050001 3.05878
23060001 3.86406
23070001 6.16519
23080001 3.40812
23090001 3.39681
23100001 4.24849
23110001 4.55797
23120001 6.63168
23130001 3.34001
23140001 3.03106
23150001 5.1988
23160001 5.85385
23170001 8.36898
23180001 3.21708
23190001 5.72207
23200001 3.69141
23210001 6.3944
23220001 3.3423
23230001 3.16377
23240001 5.01076
23250001 5.51138
23260001 7.28292
23270001 3.21802
23280001 4.72563
23290001 3.99821
23300001 6.21334
23310001 3.69642
23320001 3.35242
23330001 3.26292
23340001 4.92568
23350001 6.73782
23360001 3.19033
23370001 3.0331
23380001 4.48531
23390001 5.96387
23400001 3.65911
23410001 5.67659
23420001 3.9831
23430001 3.91021
23440001 6.48735
23450001 3.79443
23460001 3.08258
23470001 4.16952
23480001 5.61915
23490001 7.60404
23500001 3.19928
23510001 3.29522
23520001 3.80338
23530001 6.24098
23540001 3.43776
23550001 3.15293
23560001 3.24278
23570001 5.20233
23580001 6.84224
23590001 3.51752
23600001 3.03267
23610001 4.19062
23620001 6.08144
23630001 3.46732
23640001 3.97484
23650001 3.46723
23660001 4.22017
23670001 6.56188
23680001 3.30394
23690001 3.0484
23700001 11.0877
23710001 5.74877
23720001 7.97255
23730001 3.33522
23740001 3.12496
23750001 3.7139
23760001 6.30159
23770001 3.29921
23780001 3.11635
23790001 7.34988
23800001 5.39316
23810001 7.01357
23820001 3.18227
23830001 3.05999
23840001 3.86304
23850001 6.16577
23860001 3.39564
23870001 3.394
23880001 4.24775
23890001 4.56273
23900001 6.63171
23910001 3.33042
23920001 3.02874
23930001 5.19702
23940001 5.85386
23950001 8.3744
23960001 3.21955
23970001 5.72188
23980001 3.69245
23990001 6.39443
24000001 3.33734
24010001 3.16103
24020001 5.01139
24030001 5.51172
24040001 7.28948
24050001 3.22002
24060001 4.72617
24070001 4.00025
24080001 6.21336
24090001 3.70069
24100001 3.35214
24110001 3.26514
24120001 4.93187
24130001 6.73785
24140001 3.19498
24150001 3.03606
24160001 4.44701
24170001 5.96388
24180001 3.65953
24190001 5.65562
24200001 3.98068
24210001 3.91336
24220001 6.49026
24230001 3.79511
24240001 3.08052
24250001 4.16689
24260001 5.61916
24270001 7.61354
24280001 3.20642
24290001 3.28783
24300001 3.81121
24310001 6.241
24320001 3.45
24330001 3.15054
24340001 3.25812
24350001 5.20577
24360001 6.84318
24370001 3.52131
24380001 3.0302
24390001 4.18759
24400001 6.08252
24410001 3.46596
24420001 3.9723
24430001 3.46513
24440001 4.22587
24450001 6.56319
24460001 3.30601
24470001 3.05547
24480001 11.0833
24490001 5.74878
24500001 7.98049
24510001 3.3354
24520001 3.12525
24530001 3.71323
24540001 6.30161
24550001 3.29786
24560001 3.09684
24570001 7.3491
24580001 5.39317
24590001 7.0136
24600001 3.18453
24610001 3.05976
24620001 3.86442
24630001 6.1671
24640001 3.39242
24650001 3.39879
24660001 4.2482
24670001 4.56881
24680001 6.63174
24690001 3.3307
24700001 3.02816
24710001 5.19661
24720001 5.85388
24730001 8.37453
24740001 3.21885
24750001 5.72214
24760001 3.69354
24770001 6.39526
24780001 3.34876
24790001 3.17241
24800001 5.01233
24810001 5.5142
24820001 7.29117
24830001 3.21916
24840001 4.72593
24850001 3.99671
24860001 6.21337
24870001 3.68568
24880001 3.35812
24890001 3.26166
24900001 4.93547
24910001 6.73788
24920001 3.19443
24930001 3.0339
24940001 4.47639
24950001 5.96635
24960001 3.65899
24970001 5.65428
24980001 3.9807
24990001 3.9153
25000001 6.49136
25010001 3.79631
25020001 3.07795
25030001 4.16966
25040001 5.61916
25050001 7.6183
25060001 3.2092
25070001 3.28778
25080001 3.81157
25090001 6.24101
25100001 3.4436
25110001 3.15021
25120001 3.2448
25130001 5.21043
25140001 6.8442
25150001 3.51935
25160001 3.03366
25170001 4.18933
25180001 6.08537
25190001 3.46545
25200001 3.97198
25210001 3.46853
25220001 4.23051
25230001 6.56322
25240001 3.30479
25250001 3.06624
25260001 11.0805
25270001 5.74878
25280001 7.9819
25290001 3.33551
25300001 3.13028
25310001 3.71434
25320001 6.30163
25330001 3.29643
25340001 3.09995
25350001 7.35002
25360001 5.39317
25370001 7.01364
25380001 3.1755
25390001 3.05939
25400001 3.86595
25410001 6.17133
25420001 3.39548
25430001 3.41352
25440001 4.24789
25450001 4.57266
25460001 6.63177
25470001 3.31463
25480001 3.0461
25490001 5.19671
25500001 5.85389
25510001 8.37555
25520001 3.21625
25530001 5.72257
25540001 3.69426
25550001 6.39762
25560001 3.32857
25570001 3.10837
25580001 5.01032
25590001 5.51791
25600001 7.29298
25610001 3.21118
25620001 4.72835
25630001 3.9957
25640001 6.21339
25650001 3.65614
25660001 3.35499
25670001 3.26265
25680001 4.93604
25690001 6.73791
25700001 3.18989
25710001 3.04136
25720001 4.4821
25730001 5.96772
25740001 3.66064
25750001 5.64941
25760001 4.20124
25770001 3.9167
25780001 6.49139
25790001 3.79552
25800001 3.07988
25810001 4.16712
25820001 5.61917
25830001 7.62575
25840001 3.21223
25850001 3.27879
25860001 3.81139
25870001 6.24102
25880001 3.43449
25890001 3.15105
25900001 3.24566
25910001 5.21281
25920001 6.84953
25930001 3.52612
25940001 3.02097
25950001 4.18616
25960001 6.09009
25970001 3.46414
25980001 3.97304
25990001 3.47562
26000001 4.23215
26010001 6.56324
26020001 3.30772
26030001 3.06047
26040001 11.0804
26050001 5.74879
26060001 7.98617
26070001 3.33631
26080001 3.12816
26090001 3.71326
26100001 6.30207
26110001 3.29777
26120001 3.11687
26130001 7.34854
26140001 5.39318
26150001 7.01367
26160001 3.16949
26170001 3.05987
26180001 3.86697
26190001 6.17549
26200001 3.41222
26210001 3.30449
26220001 4.24893
26230001 4.57838
26240001 6.6318
26250001 3.30867
26260001 3.04302
26270001 5.19665
26280001 5.8539
26290001 8.38769
26300001 3.21624
26310001 5.72724
26320001 3.69473
26330001 6.40075
26340001 3.28762
26350001 3.10566
26360001 5.00529
26370001 5.52093
26380001 7.29765
26390001 3.21851
26400001 4.73009
26410001 3.99545
26420001 6.21341
26430001 3.63922
26440001 3.35757
26450001 3.26311
26460001 4.93843
26470001 6.73793
26480001 3.19015
26490001 3.03336
26500001 4.47171
26510001 5.96773
26520001 3.6599
26530001 5.6496
26540001 3.53302
26550001 3.91928
26560001 6.49141
26570001 3.79562
26580001 3.08328
26590001 4.16898
26600001 5.61917
26610001 7.62731
26620001 3.21295
26630001 3.27775
26640001 3.81233
26650001 6.24103
26660001 3.43407
26670001 3.14891
26680001 3.24412
26690001 5.21701
26700001 6.85151
26710001 3.54121
26720001 3.01732
26730001 4.18336
26740001 6.0901
26750001 3.45861
26760001 3.97364
26770001 3.48001
26780001 4.2363
26790001 6.56326
26800001 3.31199
26810001 3.06018
26820001 11.0804
26830001 5.74879
26840001 7.98751
26850001 3.33618
26860001 3.12273
26870001 3.7128
26880001 6.30444
26890001 3.2979
26900001 3.11004
26910001 7.35044
26920001 5.39318
26930001 7.01811
26940001 3.15996
26950001 3.06154
26960001 3.86922
26970001 6.17686
26980001 3.37586
26990001 3.31525
27000001 4.24993
27010001 4.58393
27020001 6.6331
27030001 3.30469
27040001 3.04387
27050001 5.19564
27060001 5.85391
27070001 8.38772
27080001 3.21582
27090001 5.72564
27100001 3.69298
27110001 6.40188
27120001 3.28205
27130001 3.10759
27140001 5.00578
27150001 5.52174
27160001 7.29926
27170001 3.2129
27180001 4.73242
27190001 3.99549
27200001 6.21342
27210001 3.64842
27220001 3.3511
27230001 3.25649
27240001 4.9441
27250001 6.73795
27260001 3.19021
27270001 3.03948
27280001 4.471
27290001 5.97066
27300001 3.66446
27310001 5.64926
27320001 3.51696
27330001 3.92206
27340001 6.49144
27350001 3.79584
27360001 3.08594
27370001 4.16853
27380001 5.61918
27390001 7.62744
27400001 3.2144
27410001 3.28475
27420001 3.81269
27430001 6.24104
27440001 3.43189
27450001 3.14851
27460001 3.24141
27470001 5.21966
27480001 6.8561
27490001 3.53727
27500001 3.01957
27510001 4.18158
27520001 6.0901
27530001 3.44648
27540001 3.9766
27550001 3.47689
27560001 4.24277
27570001 6.56329
27580001 3.3099
27590001 3.05669
27600001 11.0818
27610001 5.75084
27620001 7.99103
27630001 3.3362
27640001 3.12434
27650001 3.71141
27660001 6.30763
27670001 3.29733
27680001 3.11143
27690001 7.35249
27700001 5.39318
27710001 7.02045
27720001 3.14733
27730001 3.06532
27740001 3.86624
27750001 6.17687
27760001 3.3751
27770001 3.31401
27780001 4.24933
27790001 4.58759
27800001 6.63704
27810001 3.29604
27820001 3.03974
27830001 5.19795
27840001 5.85693
27850001 8.38863
27860001 3.2146
27870001 5.72178
27880001 3.667
27890001 6.4019
27900001 3.27785
27910001 3.09991
27920001 5.00478
27930001 5.52451
27940001 7.30105
27950001 3.20401
27960001 4.72921
27970001 3.99554
27980001 6.21343
27990001 3.65151
28000001 3.3517
28010001 3.25554
28020001 4.94707
28030001 6.73798
28040001 3.19182
28050001 3.0329
28060001 4.46959
28070001 5.97331
28080001 3.66218
28090001 5.65063
28100001 3.51681
28110001 3.92328
28120001 6.49146
28130001 3.79633
28140001 3.08549
28150001 4.17096
28160001 5.61918
28170001 7.63317
28180001 3.21588
28190001 3.27256
28200001 3.81704
28210001 6.24145
28220001 3.42981
28230001 3.14561
28240001 3.24311
28250001 5.22199
28260001 6.85779
28270001 3.53842
28280001 3.02962
28290001 4.18447
28300001 6.0901
28310001 3.47314
28320001 3.98132
28330001 3.47856
28340001 4.24756
28350001 6.56331
28360001 3.29344
28370001 3.05368
28380001 11.0847
28390001 5.75287
28400001 7.99209
28410001 3.33654
28420001 3.12907
28430001 3.70975
28440001 6.309
28450001 3.29908
28460001 3.11623
28470001 7.3592
28480001 5.39319
28490001 7.02159
28500001 3.16525
28510001 3.07849
28520001 3.86424
28530001 6.17688
28540001 3.37406
28550001 3.31529
28560001 4.25149
28570001 4.59131
28580001 6.63997
28590001 3.29146
28600001 3.04008
28610001 5.19745
28620001 5.86046
28630001 8.38982
28640001 3.21577
28650001 5.72094
28660001 3.67795
28670001 6.40191
28680001 3.26754
28690001 3.10213
28700001 5.00449
28710001 5.52452
28720001 7.30533
28730001 3.20481
28740001 4.72874
28750001 3.99851
28760001 6.21344
28770001 3.63105
28780001 3.3522
28790001 3.25657
28800001 4.95044
28810001 6.738
28820001 3.1908
28830001 3.02869
28840001 4.46965
28850001 5.97444
28860001 3.6623
28870001 5.65431
28880001 3.52268
28890001 3.92606
28900001 6.49148
28910001 3.7963
28920001 3.0857
28930001 4.00656
28940001 5.61918
28950001 7.63736
28960001 3.2146
28970001 3.38674
28980001 3.81424
28990001 6.24499
29000001 3.43178
29010001 3.14618
29020001 3.25021
29030001 5.22225
29040001 6.8611
29050001 3.53271
29060001 3.02853
29070001 4.17864
29080001 6.0901
29090001 3.46756
29100001 3.9834
29110001 3.47937
29120001 4.24883
29130001 6.56333
29140001 3.29129
29150001 3.05187
29160001 11.0892
29170001 5.75367
29180001 7.99673
29190001 3.33546
29200001 3.12253
29210001 3.71254
29220001 6.31219
29230001 3.29846
29240001 3.11191
29250001 7.35487
29260001 5.39319
29270001 7.0232
29280001 3.16131
29290001 3.05168
29300001 3.86628
29310001 6.17689
29320001 3.37636
29330001 3.31231
29340001 4.25721
29350001 4.59479
29360001 6.64169
29370001 3.28227
29380001 3.03703
29390001 5.19793
29400001 5.86415
29410001 8.3933
29420001 3.21998
29430001 5.72429
29440001 3.68733
29450001 6.40193
29460001 3.26231
29470001 3.09498
29480001 5.0053
29490001 5.52452
29500001 7.30906
29510001 3.20536
29520001 4.73102
29530001 3.99702
29540001 6.21345
29550001 3.62821
29560001 3.35174
29570001 3.25704
29580001 4.9509
29590001 6.73802
29600001 3.18893
29610001 3.02693
29620001 4.47122
29630001 5.9765
29640001 3.66567
29650001 5.6548
29660001 3.52858
29670001 3.92612
29680001 6.4915
29690001 3.79656
29700001 3.08726
29710001 3.98069
29720001 5.61978
29730001 7.64602
29740001 3.21794
29750001 3.36896
29760001 3.81447
29770001 6.24646
29780001 3.42401
29790001 3.14423
29800001 3.25085
29810001 5.22891
29820001 6.86363
29830001 3.52159
29840001 3.02873
29850001 4.18204
29860001 6.0901
29870001 3.46689
29880001 3.97567
29890001 3.48661
29900001 4.25055
29910001 6.56335
29920001 3.29381
29930001 3.05627
29940001 11.0922
29950001 5.756
29960001 7.9989
29970001 3.33736
29980001 3.12231
29990001 3.71451
