1 2195.66
10001 610.311
20001 373.328
30001 251.272
40001 161.794
50001 167.999
60001 115.409
70001 81.4196
80001 66.1527
90001 65.5885
100001 42.9534
110001 35.7363
120001 29.98
130001 28.5036
140001 18.9523
150001 19.3904
160001 15.2593
170001 15.1272
180001 11.3059
190001 13.3794
200001 13.1439
210001 10.3761
220001 8.45484
230001 9.63455
240001 7.45635
250001 8.29923
260001 7.17167
270001 7.97058
280001 6.53246
290001 7.2033
300001 6.7513
310001 6.84744
320001 6.01572
330001 6.35546
340001 5.87753
350001 5.96584
360001 5.70003
370001 5.52782
380001 5.56634
390001 5.18495
400001 5.43824
410001 4.86878
420001 5.28495
430001 4.48699
440001 5.14747
450001 4.18525
460001 4.99332
470001 3.94926
480001 4.86437
490001 3.82548
500001 4.79804
510001 3.69526
520001 4.6956
530001 3.5298
540001 4.59058
550001 3.47815
560001 4.46538
570001 3.43907
580001 4.74193
590001 5.53108
600001 4.3736
610001 3.41742
620001 4.2341
630001 3.42248
640001 11.5258
650001 3.38256
660001 3.98045
670001 3.2956
680001 3.90853
690001 3.32335
700001 4.68431
710001 3.27996
720001 3.75936
730001 3.32143
740001 3.76423
750001 5.26932
760001 3.65143
770001 3.33741
780001 3.55622
790001 3.30462
800001 3.37207
810001 3.28956
820001 3.24389
830001 3.33016
840001 3.16101
850001 3.31984
860001 3.03668
870001 3.31962
880001 2.90771
890001 3.36086
900001 2.79658
910001 3.35386
920001 2.75046
930001 3.35785
940001 2.72055
950001 3.3747
960001 2.74123
970001 3.3843
980001 2.65694
990001 3.38849
1000001 2.67814
1010001 3.32499
1020001 2.67822
1030001 3.4235
1040001 2.68853
1050001 3.32199
1060001 2.6698
1070001 3.27838
1080001 2.69897
1090001 3.23592
1100001 2.67808
1110001 3.15091
1120001 2.74076
1130001 3.1803
1140001 2.70621
1150001 3.68974
1160001 2.7111
1170001 3.08507
1180001 3.59477
1190001 3.03504
1200001 2.73991
1210001 2.9968
1220001 2.80241
1230001 2.93821
1240001 2.82022
1250001 2.85774
1260001 2.81595
1270001 2.79945
1280001 2.84468
1290001 2.76069
1300001 2.86348
1310001 2.61944
1320001 2.907
1330001 2.53556
1340001 2.92224
1350001 2.47903
1360001 2.96498
1370001 2.47786
1380001 2.99031
1390001 2.56818
1400001 3.01871
1410001 2.42333
1420001 3.01748
1430001 2.44882
1440001 3.05316
1450001 2.45053
1460001 3.4965
1470001 2.43544
1480001 3.03008
1490001 2.50077
1500001 3.0104
1510001 2.52812
1520001 4.94746
1530001 9.25848
1540001 2.94385
1550001 2.49348
1560001 2.96865
1570001 2.51491
1580001 2.87031
1590001 2.52463
1600001 2.85579
1610001 2.61153
1620001 2.84637
1630001 4.88854
1640001 2.83044
1650001 2.59805
1660001 2.83634
1670001 2.63767
1680001 2.76162
1690001 2.63891
1700001 2.6395
1710001 2.66661
1720001 2.60303
1730001 2.74199
1740001 2.56029
1750001 2.72431
1760001 2.45554
1770001 2.75566
1780001 2.39317
1790001 2.79482
1800001 2.34657
1810001 2.82125
1820001 2.37421
1830001 2.8654
1840001 2.36694
1850001 2.87876
1860001 2.29575
1870001 2.90873
1880001 2.34422
1890001 2.88477
1900001 2.36478
1910001 2.97934
1920001 4.93074
1930001 2.9605
1940001 2.40692
1950001 2.89629
1960001 2.4284
1970001 11.154
1980001 2.47689
1990001 2.81952
2000001 2.43405
2010001 2.87226
2020001 2.50261
2030001 3.92874
2040001 2.46419
2050001 2.81826
2060001 2.47873
2070001 2.90212
2080001 2.50644
2090001 2.81617
2100001 2.61262
2110001 2.70225
2120001 2.57657
2130001 2.63285
2140001 2.56756
2150001 2.56706
2160001 2.64932
2170001 2.50464
2180001 2.64788
2190001 2.42287
2200001 2.65872
2210001 2.40433
2220001 2.7117
2230001 2.31381
2240001 2.75659
2250001 2.30699
2260001 2.78581
2270001 2.35979
2280001 2.82471
2290001 2.3347
2300001 2.83717
2310001 2.30369
2320001 2.87482
2330001 2.34326
2340001 2.83188
2350001 2.33349
2360001 2.88677
2370001 2.39241
2380001 2.85646
2390001 2.35161
2400001 4.86127
2410001 9.23073
2420001 2.8051
2430001 2.39379
2440001 2.77339
2450001 2.40942
2460001 2.73328
2470001 2.41061
2480001 3.39735
2490001 2.45704
2500001 2.72573
2510001 3.40771
2520001 2.70822
2530001 2.47691
2540001 2.68842
2550001 2.529
2560001 2.66682
2570001 2.54543
2580001 2.58218
2590001 2.55963
2600001 2.53205
2610001 2.59312
2620001 2.52748
2630001 2.61058
2640001 2.39593
2650001 2.64522
2660001 2.31541
2670001 2.68671
2680001 2.27999
2690001 2.72614
2700001 2.30084
2710001 2.76228
2720001 2.32714
2730001 2.79646
2740001 2.25738
2750001 2.78872
2760001 2.2955
2770001 2.82455
2780001 2.29108
2790001 3.3158
2800001 2.29751
2810001 2.87869
2820001 2.34031
2830001 2.80317
2840001 2.40113
2850001 4.86388
2860001 2.39639
2870001 2.76384
2880001 2.35178
2890001 2.80917
2900001 2.45315
2910001 3.86796
2920001 2.40992
2930001 2.72287
2940001 2.44232
2950001 2.82171
2960001 4.81402
2970001 2.68787
2980001 2.51667
2990001 2.71339
3000001 2.51507
3010001 2.58932
3020001 2.53528
3030001 2.5163
3040001 2.58833
3050001 2.48929
3060001 2.59
3070001 2.45459
3080001 2.60534
3090001 2.35331
3100001 2.6425
3110001 2.28367
3120001 2.68914
3130001 2.26403
3140001 2.71799
3150001 2.25947
3160001 2.7588
3170001 2.32506
3180001 2.78353
3190001 2.22641
3200001 2.8272
3210001 2.28506
3220001 2.7733
3230001 2.29815
3240001 2.89024
3250001 4.88725
3260001 2.81341
3270001 2.31041
3280001 2.79624
3290001 2.34275
3300001 11.1229
3310001 2.34332
3320001 2.73523
3330001 2.37315
3340001 2.81239
3350001 2.369
3360001 3.37353
3370001 2.3912
3380001 2.72596
3390001 2.41773
3400001 2.71079
3410001 2.43331
3420001 2.74819
3430001 2.52607
3440001 2.62021
3450001 2.51702
3460001 2.56497
3470001 2.51065
3480001 2.50686
3490001 2.55318
3500001 2.44504
3510001 2.57147
3520001 2.37537
3530001 2.61612
3540001 2.32462
3550001 2.64879
3560001 2.26334
3570001 2.69461
3580001 2.26768
3590001 2.72496
3600001 2.35882
3610001 2.76441
3620001 2.23558
3630001 2.78205
3640001 2.28269
3650001 2.81675
3660001 2.28504
3670001 2.7759
3680001 2.25763
3690001 2.79601
3700001 2.34019
3710001 2.7878
3720001 2.32837
3730001 4.82884
3740001 9.22892
3750001 2.75347
3760001 2.31094
3770001 2.78883
3780001 2.38342
3790001 2.68644
3800001 2.40312
3810001 2.68766
3820001 2.43995
3830001 2.68397
3840001 3.38895
3850001 2.6789
3860001 2.44957
3870001 2.64918
3880001 2.49142
3890001 2.61841
3900001 2.51185
3910001 2.51859
3920001 2.52107
3930001 2.49145
3940001 2.60054
3950001 2.49613
3960001 2.57723
3970001 2.35459
3980001 2.61412
3990001 2.28267
4000001 2.65627
4010001 2.2436
4020001 2.68189
4030001 2.27793
4040001 2.73485
4050001 2.29245
4060001 2.76827
4070001 2.20394
4080001 2.77262
4090001 2.24899
4100001 2.75665
4110001 2.29159
4120001 3.29816
4130001 4.9034
4140001 2.84161
4150001 2.32191
4160001 2.76803
4170001 2.37932
4180001 11.1331
4190001 2.38298
4200001 2.73641
4210001 2.33526
4220001 2.75493
4230001 2.42119
4240001 3.85005
4250001 2.38184
4260001 2.73789
4270001 2.39564
4280001 2.80988
4290001 4.80026
4300001 2.73205
4310001 2.53037
4320001 2.69964
4330001 2.49213
4340001 2.55305
4350001 2.51318
4360001 2.49697
4370001 2.57114
4380001 2.46796
4390001 2.57648
4400001 2.40958
4410001 2.58074
4420001 2.32909
4430001 2.64324
4440001 2.25904
4450001 2.68009
4460001 2.25063
4470001 2.70804
4480001 2.23937
4490001 2.74973
4500001 2.3016
4510001 2.77351
4520001 2.23752
4530001 2.81446
4540001 2.28354
4550001 2.75352
4560001 2.27598
4570001 2.87504
4580001 2.29031
4590001 2.79095
4600001 2.29034
4610001 2.76764
4620001 2.3379
4630001 2.75348
4640001 2.32184
4650001 2.71621
4660001 2.39108
4670001 2.7691
4680001 2.38132
4690001 3.35606
4700001 2.38282
4710001 2.70416
4720001 3.36187
4730001 2.66796
4740001 2.42534
4750001 2.64851
4760001 2.47671
4770001 2.60663
4780001 2.52293
4790001 2.55058
4800001 2.50439
4810001 2.5087
4820001 2.54528
4830001 2.49752
4840001 2.55836
4850001 2.36425
4860001 2.60933
4870001 2.29913
4880001 2.63482
4890001 2.25392
4900001 2.68486
4910001 2.26324
4920001 2.71235
4930001 2.36097
4940001 2.75001
4950001 2.22879
4960001 2.74872
4970001 2.26206
4980001 2.80581
4990001 2.28126
5000001 3.2761
5010001 2.25019
5020001 2.7765
5030001 2.31053
5040001 2.75178
5050001 2.36573
5060001 4.81768
5070001 9.21655
5080001 2.73253
5090001 2.32884
5100001 2.77442
5110001 2.36047
5120001 2.67569
5130001 2.36832
5140001 2.6664
5150001 2.43712
5160001 2.67343
5170001 4.80289
5180001 2.65718
5190001 2.44496
5200001 2.66579
5210001 2.48491
5220001 2.60575
5230001 2.49111
5240001 2.49339
5250001 2.51679
5260001 2.46726
5270001 2.59841
5280001 2.44015
5290001 2.57486
5300001 2.33433
5310001 2.60691
5320001 2.27915
5330001 2.65295
5340001 2.23964
5350001 2.68163
5360001 2.25948
5370001 2.72654
5380001 2.26083
5390001 2.74514
5400001 2.1918
5410001 2.79378
5420001 2.2585
5430001 2.74988
5440001 2.26802
5450001 2.8469
5460001 4.8713
5470001 2.83518
5480001 2.31525
5490001 2.77443
5500001 2.33713
5510001 11.1279
5520001 2.3908
5530001 2.71656
5540001 2.34921
5550001 2.77265
5560001 2.42682
5570001 3.86046
5580001 2.38425
5590001 2.72581
5600001 2.39149
5610001 2.80432
5620001 2.41551
5630001 2.72306
5640001 2.52708
5650001 2.60425
5660001 2.49358
5670001 2.54859
5680001 2.47947
5690001 2.48979
5700001 2.56918
5710001 2.43153
5720001 2.5663
5730001 2.35569
5740001 2.57403
5750001 2.33783
5760001 2.62982
5770001 2.25233
5780001 2.67994
5790001 2.24613
5800001 2.71079
5810001 2.30357
5820001 2.74877
5830001 2.27224
5840001 2.75923
5850001 2.24856
5860001 2.79483
5870001 2.28918
5880001 2.75284
5890001 2.26599
5900001 2.79981
5910001 2.3192
5920001 2.77677
5930001 2.30266
5940001 4.82882
5950001 9.21876
5960001 2.74027
5970001 2.34292
5980001 2.71743
5990001 2.34783
6000001 2.67466
6010001 2.36085
6020001 3.34502
6030001 2.4069
6040001 2.67086
6050001 3.37058
6060001 2.66004
6070001 2.43355
6080001 2.6394
6090001 2.47554
6100001 2.63446
6110001 2.49554
6120001 2.53697
6130001 2.5038
6140001 2.49316
6150001 2.54526
6160001 2.48926
6170001 2.56128
6180001 2.35557
6190001 2.59487
6200001 2.27368
6210001 2.64016
6220001 2.23592
6230001 2.67672
6240001 2.26249
6250001 2.71756
6260001 2.30019
6270001 2.74906
6280001 2.22055
6290001 2.74137
6300001 2.25933
6310001 2.77407
6320001 2.25654
6330001 3.2775
6340001 2.26154
6350001 2.82929
6360001 2.30466
6370001 2.75105
6380001 2.36896
6390001 4.84476
6400001 2.36433
6410001 2.72706
6420001 2.3184
6430001 2.77383
6440001 2.42055
6450001 3.84128
6460001 2.37864
6470001 2.6862
6480001 2.39777
6490001 2.78987
6500001 4.79148
6510001 2.65014
6520001 2.48434
6530001 2.68101
6540001 2.48216
6550001 2.54688
6560001 2.50394
6570001 2.49008
6580001 2.55764
6590001 2.46154
6600001 2.55952
6610001 2.43027
6620001 2.57324
6630001 2.33429
6640001 2.61283
6650001 2.25541
6660001 2.65864
6670001 2.23875
6680001 2.68739
6690001 2.23746
6700001 2.72891
6710001 2.29207
6720001 2.75371
6730001 2.20351
6740001 2.79998
6750001 2.25831
6760001 2.73882
6770001 2.27571
6780001 2.85408
6790001 4.86731
6800001 2.78335
6810001 2.28486
6820001 2.76583
6830001 2.31957
6840001 11.1248
6850001 2.31975
6860001 2.71056
6870001 2.35265
6880001 2.79258
6890001 2.35955
6900001 3.35843
6910001 2.37139
6920001 2.70355
6930001 2.40026
6940001 2.68029
6950001 2.41311
6960001 2.73805
6970001 2.49263
6980001 2.6026
6990001 2.49963
7000001 2.54141
7010001 2.49167
7020001 2.48501
7030001 2.5319
7040001 2.43133
7050001 2.55108
7060001 2.35886
7070001 2.5942
7080001 2.30948
7090001 2.62836
7100001 2.24606
7110001 2.67471
7120001 2.25353
7130001 2.70301
7140001 2.34127
7150001 2.7447
7160001 2.21786
7170001 2.7617
7180001 2.2617
7190001 2.79514
7200001 2.26916
7210001 2.75869
7220001 2.22722
7230001 2.77064
7240001 2.31694
7250001 2.76786
7260001 2.31243
7270001 4.81674
7280001 9.22547
7290001 2.73614
7300001 2.2968
7310001 2.77369
7320001 2.36958
7330001 2.66914
7340001 2.39015
7350001 2.67197
7360001 2.42331
7370001 2.6703
7380001 3.37282
7390001 2.66761
7400001 2.4393
7410001 2.63319
7420001 2.47578
7430001 2.60339
7440001 2.49464
7450001 2.50853
7460001 2.50702
7470001 2.48104
7480001 2.58757
7490001 2.47808
7500001 2.564
7510001 2.34335
7520001 2.59968
7530001 2.27122
7540001 2.64806
7550001 2.23092
7560001 2.66793
7570001 2.27837
7580001 2.72126
7590001 2.28311
7600001 2.75254
7610001 2.19005
7620001 2.75701
7630001 2.23962
7640001 2.74242
7650001 2.28158
7660001 3.29048
7670001 4.8997
7680001 2.82681
7690001 2.30996
7700001 2.7537
7710001 2.36307
7720001 11.1309
7730001 2.36932
7740001 2.72829
7750001 2.32324
7760001 2.74713
7770001 2.4144
7780001 3.8437
7790001 2.36919
7800001 2.72627
7810001 2.38433
7820001 2.80015
7830001 4.79179
7840001 2.72166
7850001 2.51983
7860001 2.68559
7870001 2.49639
7880001 2.54237
7890001 2.50286
7900001 2.49047
7910001 2.56117
7920001 2.45911
7930001 2.56607
7940001 2.39818
7950001 2.56971
7960001 2.32195
7970001 2.63054
7980001 2.25047
7990001 2.66929
8000001 2.24239
8010001 2.69971
8020001 2.22342
8030001 2.73953
8040001 2.29273
8050001 2.76321
8060001 2.22757
8070001 2.80574
8080001 2.27623
8090001 2.74384
8100001 2.26271
8110001 2.85976
8120001 2.30041
8130001 2.77704
8140001 2.28117
8150001 2.75701
8160001 2.33646
8170001 2.74456
8180001 2.31431
8190001 2.70832
8200001 2.38097
8210001 2.74713
8220001 2.37469
8230001 3.34946
8240001 2.37648
8250001 2.66445
8260001 3.35978
8270001 2.6608
8280001 2.41749
8290001 2.6412
8300001 2.46808
8310001 2.60147
8320001 2.49576
8330001 2.54402
8340001 2.49696
8350001 2.50005
8360001 2.53842
8370001 2.50065
8380001 2.55075
8390001 2.3548
8400001 2.60075
8410001 2.29303
8420001 2.62704
8430001 2.24984
8440001 2.67628
8450001 2.25695
8460001 2.70387
8470001 2.35446
8480001 2.74409
8490001 2.22137
8500001 2.73371
8510001 2.25487
8520001 2.80066
8530001 2.26738
8540001 3.27116
8550001 2.24463
8560001 2.76779
8570001 2.31159
8580001 2.74433
8590001 2.35844
8600001 4.8135
8610001 9.21565
8620001 2.72858
8630001 2.32477
8640001 2.76867
8650001 2.35371
8660001 2.7403
8670001 2.36248
8680001 2.66023
8690001 2.42841
8700001 2.66136
8710001 4.79659
8720001 2.65181
8730001 2.4412
8740001 2.65884
8750001 2.47962
8760001 2.59995
8770001 2.48763
8780001 2.48794
8790001 2.51153
8800001 2.46327
8810001 2.59389
8820001 2.43746
8830001 2.56932
8840001 2.33083
8850001 2.60386
8860001 2.2745
8870001 2.64782
8880001 2.23258
8890001 2.67688
8900001 2.25405
8910001 2.72115
8920001 2.25295
8930001 2.7397
8940001 2.18678
8950001 2.78746
8960001 2.25839
8970001 2.74295
8980001 2.26461
8990001 2.84057
9000001 4.8668
9010001 2.8291
9020001 2.3053
9030001 2.76911
9040001 2.33368
9050001 11.1266
9060001 2.39233
9070001 2.71199
9080001 2.34238
9090001 2.7679
9100001 2.42136
9110001 3.85034
9120001 2.37372
9130001 2.72357
9140001 2.38748
9150001 2.79616
9160001 2.41133
9170001 2.71969
9180001 2.51972
9190001 2.59786
9200001 2.4866
9210001 2.54448
9220001 2.4758
9230001 2.48496
9240001 2.56715
9250001 2.4282
9260001 2.56202
9270001 2.35279
9280001 2.57056
9290001 2.33545
9300001 2.62482
9310001 2.25114
9320001 2.67774
9330001 2.24351
9340001 2.70657
9350001 2.31148
9360001 2.74497
9370001 2.2621
9380001 2.75537
9390001 2.24388
9400001 2.79573
9410001 2.28046
9420001 2.74729
9430001 2.26029
9440001 2.79126
9450001 2.31195
9460001 2.7718
9470001 2.3008
9480001 4.83107
9490001 9.2178
9500001 2.73744
9510001 2.34235
9520001 2.72025
9530001 2.34362
9540001 2.67225
9550001 2.35924
9560001 3.34166
9570001 2.4028
9580001 2.6684
9590001 3.36763
9600001 2.65886
9610001 2.43136
9620001 2.6367
9630001 2.47216
9640001 2.63022
9650001 2.49155
9660001 2.53453
9670001 2.49986
9680001 2.49667
9690001 2.55019
9700001 2.48855
9710001 2.55872
9720001 2.35152
9730001 2.5924
9740001 2.26787
9750001 2.63631
9760001 2.23263
9770001 2.67243
9780001 2.26348
9790001 2.71598
9800001 2.29741
9810001 2.7458
9820001 2.2185
9830001 2.73837
9840001 2.25345
9850001 2.77581
9860001 2.2561
9870001 3.27521
9880001 2.26407
9890001 2.81898
9900001 2.30107
9910001 2.74638
9920001 2.36213
9930001 4.84269
9940001 2.36083
9950001 2.72332
9960001 2.31333
9970001 2.77023
9980001 2.41881
9990001 3.83954
10000001 2.37695
10010001 2.68938
10020001 2.39081
10030001 2.78874
10040001 4.78839
10050001 2.64496
10060001 2.48506
10070001 2.68061
10080001 2.48015
10090001 2.54503
10100001 2.50014
10110001 2.49043
10120001 2.55585
10130001 2.4593
10140001 2.558
10150001 2.42365
10160001 2.57174
10170001 2.33679
10180001 2.61658
10190001 2.25075
10200001 2.65896
10210001 2.23676
10220001 2.68401
10230001 2.23847
10240001 2.7267
10250001 2.28763
10260001 2.75222
10270001 2.19875
10280001 2.79887
10290001 2.25551
10300001 2.73505
10310001 2.27345
10320001 2.85016
10330001 4.86274
10340001 2.7824
10350001 2.28176
10360001 2.76265
10370001 2.31862
10380001 11.1341
10390001 2.31372
10400001 2.70846
10410001 2.34919
10420001 2.78871
10430001 2.37004
10440001 3.35187
10450001 2.37001
10460001 2.70053
10470001 2.4077
10480001 2.67279
10490001 2.41287
10500001 2.73749
10510001 2.49505
10520001 2.59752
10530001 2.50056
10540001 2.53864
10550001 2.48928
10560001 2.48354
10570001 2.53033
10580001 2.43424
10590001 2.54982
10600001 2.35763
10610001 2.59285
10620001 2.30681
10630001 2.62444
10640001 2.24312
10650001 2.67022
10660001 2.25523
10670001 2.70239
10680001 2.34142
10690001 2.74004
10700001 2.2174
10710001 2.75988
10720001 2.27607
10730001 2.7935
10740001 2.26792
10750001 2.75403
10760001 2.22892
10770001 2.76774
10780001 2.31264
10790001 2.76701
10800001 2.31137
10810001 4.81498
10820001 9.22306
10830001 2.73463
10840001 2.29463
10850001 2.77259
10860001 2.37045
10870001 2.66804
10880001 2.38794
10890001 2.66903
10900001 2.42105
10910001 2.66948
10920001 3.36742
10930001 2.6616
10940001 2.44322
10950001 2.63207
10960001 2.47627
10970001 2.60387
10980001 2.48757
10990001 2.49876
11000001 2.50779
11010001 2.48213
11020001 2.58779
11030001 2.47131
11040001 2.56368
11050001 2.3381
11060001 2.59764
11070001 2.27003
11080001 2.64679
11090001 2.22877
11100001 2.66667
11110001 2.27556
11120001 2.72074
11130001 2.2859
11140001 2.75035
11150001 2.18678
11160001 2.75436
11170001 2.24165
11180001 2.74086
11190001 2.27808
11200001 3.28484
11210001 4.89226
11220001 2.82631
11230001 2.30827
11240001 2.75269
11250001 2.35459
11260001 11.131
11270001 2.36647
11280001 2.72932
11290001 2.31459
11300001 2.74991
11310001 2.40774
11320001 3.84288
11330001 2.364
11340001 2.72801
11350001 2.38361
11360001 2.79817
11370001 4.79083
11380001 2.71833
11390001 2.51466
11400001 2.68424
11410001 2.49553
11420001 2.54141
11430001 2.502
11440001 2.48758
11450001 2.56039
11460001 2.45804
11470001 2.56516
11480001 2.38957
11490001 2.56954
11500001 2.32362
11510001 2.62737
11520001 2.24928
11530001 2.67251
11540001 2.24244
11550001 2.69956
11560001 2.21957
11570001 2.73835
11580001 2.29516
11590001 2.76796
11600001 2.22637
11610001 2.8061
11620001 2.27535
11630001 2.74199
11640001 2.2611
11650001 2.85649
11660001 2.30199
11670001 2.77374
11680001 2.27988
11690001 2.75867
11700001 2.33368
11710001 2.74246
11720001 2.31321
11730001 2.70919
11740001 2.37993
11750001 2.73219
11760001 2.36977
11770001 3.34834
11780001 2.37858
11790001 2.69147
11800001 3.35815
11810001 2.65857
11820001 2.42001
11830001 2.64814
11840001 2.46678
11850001 2.60392
11860001 2.49883
11870001 2.54313
11880001 2.49621
11890001 2.49852
11900001 2.53747
11910001 2.49758
11920001 2.55036
11930001 2.35231
11940001 2.60091
11950001 2.2927
11960001 2.62688
11970001 2.24795
11980001 2.67604
11990001 2.25687
12000001 2.70124
12010001 2.35511
12020001 2.74363
12030001 2.21976
12040001 2.73576
12050001 2.25439
12060001 2.80071
12070001 2.26654
12080001 3.27053
12090001 2.24394
12100001 2.76703
12110001 2.3226
12120001 2.74454
12130001 2.36014
12140001 4.8128
12150001 9.21216
12160001 2.72895
12170001 2.32658
12180001 2.76854
12190001 2.35148
12200001 3.84605
12210001 2.36174
12220001 2.65842
12230001 2.43329
12240001 2.66341
12250001 4.79513
12260001 2.65108
12270001 2.44207
12280001 2.6552
12290001 2.48013
12300001 2.59973
12310001 2.50625
12320001 2.48682
12330001 2.50975
12340001 2.46408
12350001 2.59491
12360001 2.43318
12370001 2.56892
12380001 2.33002
12390001 2.60294
12400001 2.27155
12410001 2.64833
12420001 2.2365
12430001 2.67703
12440001 2.24889
12450001 2.72081
12460001 2.25809
12470001 2.74009
12480001 2.18542
12490001 2.76785
12500001 2.25911
12510001 2.74214
12520001 2.25759
12530001 2.8398
12540001 4.8637
12550001 2.82817
12560001 2.29858
12570001 2.76681
12580001 2.3272
12590001 11.1277
12600001 2.38281
12610001 2.7066
12620001 2.34354
12630001 2.76731
12640001 2.41983
12650001 3.84988
12660001 2.37326
12670001 2.72267
12680001 2.38672
12690001 2.79515
12700001 2.41093
12710001 2.71916
12720001 2.5182
12730001 2.59864
12740001 2.48601
12750001 2.54211
12760001 2.47452
12770001 2.48409
12780001 2.56698
12790001 2.42775
12800001 2.56354
12810001 2.35208
12820001 2.57156
12830001 2.33518
12840001 2.62326
12850001 2.24874
12860001 2.67768
12870001 2.24125
12880001 2.70944
12890001 2.31454
12900001 2.74494
12910001 2.26121
12920001 2.75558
12930001 2.24574
12940001 2.79662
12950001 2.27823
12960001 2.74697
12970001 2.25854
12980001 2.78969
12990001 2.31077
13000001 2.77107
13010001 2.30156
13020001 4.8206
13030001 9.21751
13040001 2.73568
13050001 2.34243
13060001 2.71667
13070001 2.34732
13080001 2.67089
13090001 2.36509
13100001 3.33865
13110001 2.40643
13120001 2.66863
13130001 3.36751
13140001 2.65683
13150001 2.43107
13160001 2.6346
13170001 2.4714
13180001 2.63038
13190001 2.49067
13200001 2.53073
13210001 2.49916
13220001 2.49328
13230001 2.55723
13240001 2.48901
13250001 2.55868
13260001 2.35038
13270001 2.59239
13280001 2.26734
13290001 2.63641
13300001 2.23211
13310001 2.67222
13320001 2.26817
13330001 2.71259
13340001 2.30125
13350001 2.74598
13360001 2.20499
13370001 2.73826
13380001 2.25063
13390001 2.77209
13400001 2.2602
13410001 3.27697
13420001 2.26147
13430001 2.82665
13440001 2.29967
13450001 2.74615
13460001 2.36534
13470001 4.82759
13480001 2.35777
13490001 2.72308
13500001 2.3117
13510001 2.77061
13520001 2.41281
13530001 3.83904
13540001 2.37665
13550001 2.6966
13560001 2.37774
13570001 2.79005
13580001 4.78828
13590001 2.64389
13600001 2.49353
13610001 2.68041
13620001 2.48055
13630001 2.53868
13640001 2.50012
13650001 2.49329
13660001 2.55601
13670001 2.45902
13680001 2.55899
13690001 2.41976
13700001 2.57173
13710001 2.33623
13720001 2.61462
13730001 2.24919
13740001 2.65892
13750001 2.23643
13760001 2.68251
13770001 2.23638
13780001 2.72678
13790001 2.28664
13800001 2.74877
13810001 2.19498
13820001 2.79942
13830001 2.25679
13840001 2.73402
13850001 2.27045
13860001 2.85075
13870001 4.86189
13880001 2.77668
13890001 2.28089
13900001 2.76126
13910001 2.31847
13920001 11.1276
13930001 2.31289
13940001 2.70879
13950001 2.34845
13960001 2.78414
13970001 2.36054
13980001 3.35225
13990001 2.3709
14000001 2.70053
14010001 2.40766
14020001 2.66744
14030001 2.41342
14040001 2.73979
14050001 2.48643
14060001 2.59715
14070001 2.5034
14080001 2.53979
14090001 2.49287
14100001 2.48271
14110001 2.53088
14120001 2.43662
14130001 2.54978
14140001 2.35757
14150001 2.59349
14160001 2.30852
14170001 2.62457
14180001 2.2379
14190001 2.67219
14200001 2.2592
14210001 2.69812
14220001 2.33911
14230001 2.74119
14240001 2.21748
14250001 2.75977
14260001 2.28672
14270001 2.79308
14280001 2.27249
14290001 2.7497
14300001 2.22533
14310001 2.76782
14320001 2.31133
14330001 2.76825
14340001 2.3158
14350001 4.81543
14360001 9.22227
14370001 2.7332
14380001 2.29239
14390001 2.77289
14400001 2.3699
14410001 2.6683
14420001 2.38699
14430001 2.66719
14440001 2.42207
14450001 2.66904
14460001 3.37219
14470001 2.66768
14480001 2.44498
14490001 2.63234
14500001 2.47116
14510001 2.6036
14520001 2.48807
14530001 2.49828
14540001 2.51208
14550001 2.48274
14560001 2.58853
14570001 2.46896
14580001 2.56439
14590001 2.33047
14600001 2.5974
14610001 2.27068
14620001 2.64664
14630001 2.23045
14640001 2.66803
14650001 2.26975
14660001 2.71871
14670001 2.2887
14680001 2.75086
14690001 2.1871
14700001 2.75373
14710001 2.22144
14720001 2.74079
14730001 2.27495
14740001 3.28627
14750001 4.89177
14760001 2.82611
14770001 2.30821
14780001 2.7536
14790001 2.35397
14800001 11.1313
14810001 2.36423
14820001 2.72936
14830001 2.31837
14840001 2.75088
14850001 2.40543
14860001 3.84355
14870001 2.35999
14880001 2.72853
14890001 2.38328
14900001 2.79916
14910001 4.79051
14920001 2.71916
14930001 2.51206
14940001 2.68483
14950001 2.49475
14960001 2.54176
14970001 2.50312
14980001 2.49
14990001 2.56088
15000001 2.45672
15010001 2.56657
15020001 2.37991
15030001 2.5697
15040001 2.32521
15050001 2.62737
15060001 2.24899
15070001 2.67349
15080001 2.24646
15090001 2.7005
15100001 2.22201
15110001 2.7395
15120001 2.292
15130001 2.77607
15140001 2.22577
15150001 2.80579
15160001 2.29088
15170001 2.74183
15180001 2.26121
15190001 2.85258
15200001 2.2951
15210001 2.77335
15220001 2.28147
15230001 2.75999
15240001 9.23094
15250001 2.74194
15260001 2.31276
15270001 2.70852
15280001 2.37345
15290001 2.72257
15300001 2.36786
15310001 3.34845
15320001 2.3807
15330001 2.67792
15340001 3.35859
15350001 2.65829
15360001 2.42333
15370001 2.64827
15380001 2.46656
15390001 2.6033
15400001 2.49711
15410001 2.54203
15420001 2.4963
15430001 2.49682
15440001 2.53728
15450001 2.49919
15460001 2.55085
15470001 2.35219
15480001 2.60222
15490001 2.29175
15500001 2.62725
15510001 2.24263
15520001 2.67655
15530001 2.26465
15540001 2.7009
15550001 2.35522
15560001 2.74277
15570001 2.21775
15580001 2.74456
15590001 2.25598
15600001 2.79968
15610001 2.26412
15620001 3.27052
15630001 2.24257
15640001 2.76733
15650001 2.33118
15660001 2.74533
15670001 2.36387
15680001 4.8128
15690001 9.21618
15700001 2.72909
15710001 2.32717
15720001 2.76881
15730001 2.34725
15740001 3.85465
15750001 2.36261
15760001 2.65835
15770001 2.43586
15780001 2.66386
15790001 4.79788
15800001 2.65062
15810001 2.44267
15820001 2.65501
15830001 2.48075
15840001 2.60333
15850001 2.50207
15860001 2.48565
15870001 2.50992
15880001 2.46292
15890001 2.5964
15900001 2.43117
15910001 2.5692
15920001 2.33278
15930001 2.60042
15940001 2.27223
15950001 2.64838
15960001 2.23595
15970001 2.6753
15980001 2.23922
15990001 2.72126
16000001 2.254
16010001 2.73982
16020001 2.18334
16030001 2.77302
16040001 2.25811
16050001 2.742
16060001 2.25748
16070001 2.83663
16080001 4.8625
16090001 2.82791
16100001 2.29949
16110001 2.76324
16120001 2.32502
16130001 11.1282
16140001 2.38337
16150001 2.7103
16160001 2.34503
16170001 2.76898
16180001 2.41654
16190001 3.84965
16200001 2.37077
16210001 2.72181
16220001 2.38664
16230001 2.80061
16240001 2.41106
16250001 2.71816
16260001 2.51801
16270001 2.61337
16280001 2.48604
16290001 2.54059
16300001 2.47724
16310001 2.4839
16320001 2.56452
16330001 2.42763
16340001 2.56344
16350001 2.35184
16360001 2.58191
16370001 2.3344
16380001 2.62518
16390001 2.24943
16400001 2.67671
16410001 2.24208
16420001 2.71025
16430001 2.31671
16440001 2.74534
16450001 2.26577
16460001 2.75616
16470001 2.24553
16480001 2.81017
16490001 2.27885
16500001 2.74718
16510001 2.25682
16520001 2.79165
16530001 2.31192
16540001 2.77055
16550001 2.30862
16560001 4.81937
16570001 9.21855
16580001 2.73549
16590001 2.34146
16600001 2.74794
16610001 2.34495
16620001 2.67094
16630001 2.36689
16640001 3.337
16650001 2.40425
16660001 2.6684
16670001 3.36711
16680001 2.65461
16690001 2.43106
16700001 2.63097
16710001 2.47181
16720001 2.64459
16730001 2.49039
16740001 2.52666
16750001 2.49897
16760001 2.48974
16770001 2.56852
16780001 2.48894
16790001 2.55878
16800001 2.35153
16810001 2.59238
16820001 2.2669
16830001 2.63727
16840001 2.23171
16850001 2.67307
16860001 2.26251
16870001 2.71139
16880001 2.30302
16890001 2.74574
16900001 2.20635
16910001 2.73904
16920001 2.24934
16930001 2.7668
16940001 2.26104
16950001 3.27609
16960001 2.26925
16970001 2.83072
16980001 2.29906
16990001 2.74637
17000001 2.35632
17010001 11.1432
17020001 2.35748
17030001 2.72274
17040001 2.31333
17050001 2.7716
17060001 2.40909
17070001 3.83888
17080001 2.37584
17090001 2.69114
17100001 2.37737
17110001 2.78985
17120001 4.78738
17130001 2.64263
17140001 2.50142
17150001 2.68357
17160001 2.48177
17170001 2.53672
17180001 2.49955
17190001 2.48571
17200001 2.55772
17210001 2.45799
17220001 2.55912
17230001 2.41845
17240001 2.57167
17250001 2.33162
17260001 2.61202
17270001 2.24746
17280001 2.66223
17290001 2.23673
17300001 2.68245
17310001 2.23748
17320001 2.72745
17330001 2.28711
17340001 2.74822
17350001 2.20009
17360001 2.8
17370001 2.26008
17380001 2.73322
17390001 2.26961
17400001 2.85102
17410001 4.86281
17420001 2.77227
17430001 2.28078
17440001 2.76118
17450001 2.31665
17460001 11.1182
17470001 2.31381
17480001 2.70829
17490001 2.34644
17500001 2.78984
17510001 2.3667
17520001 3.35166
17530001 2.37085
17540001 2.70159
17550001 2.40306
17560001 2.66288
17570001 2.41469
17580001 2.73502
17590001 2.48497
17600001 2.59805
17610001 2.50295
17620001 2.54419
17630001 2.4925
17640001 2.48384
17650001 2.53114
17660001 2.43882
17670001 2.54998
17680001 2.35779
17690001 2.59367
17700001 2.31163
17710001 2.62456
17720001 2.23658
17730001 2.67039
17740001 2.25586
17750001 2.69718
17760001 2.33894
17770001 2.74262
17780001 2.22036
17790001 2.76014
17800001 2.2697
17810001 2.79631
17820001 2.27357
17830001 2.75144
17840001 2.22527
17850001 2.76861
17860001 2.31153
17870001 2.75872
17880001 2.32158
17890001 4.81527
17900001 9.22206
17910001 2.7341
17920001 2.28635
17930001 2.77197
17940001 2.37247
17950001 2.66833
17960001 2.38477
17970001 2.66663
17980001 2.42203
17990001 2.66899
18000001 3.37064
18010001 2.66354
18020001 2.44658
18030001 2.63422
18040001 2.47659
18050001 2.60347
18060001 2.4869
18070001 2.49414
18080001 2.5118
18090001 2.48263
18100001 2.58979
18110001 2.4657
18120001 2.56478
18130001 2.32648
18140001 2.59784
18150001 2.27337
18160001 2.64685
18170001 2.22878
18180001 2.6703
18190001 2.26477
18200001 2.71805
18210001 2.29138
18220001 2.7507
18230001 2.18599
18240001 2.75409
18250001 2.22102
18260001 2.74099
18270001 2.27365
18280001 3.2848
18290001 4.88958
18300001 2.82658
18310001 2.30815
18320001 2.75416
18330001 2.36797
18340001 11.1314
18350001 2.36357
18360001 2.73122
18370001 2.31819
18380001 2.74991
18390001 2.40367
18400001 3.84434
18410001 2.35747
18420001 2.7303
18430001 2.38302
18440001 2.80034
18450001 4.78694
18460001 2.72346
18470001 2.50978
18480001 2.67772
18490001 2.49048
18500001 2.54137
18510001 2.50387
18520001 2.49395
18530001 2.56145
18540001 2.44894
18550001 2.56829
18560001 2.36983
18570001 2.57295
18580001 2.32833
18590001 2.62607
18600001 2.25033
18610001 2.6722
18620001 2.24405
18630001 2.70153
18640001 2.22761
18650001 2.7401
18660001 2.28663
18670001 2.77655
18680001 2.22533
18690001 2.80616
18700001 2.2868
18710001 2.74221
18720001 2.26027
18730001 2.85116
18740001 2.29436
18750001 2.77386
18760001 2.28216
18770001 2.75611
18780001 9.2322
18790001 2.74095
18800001 2.3134
18810001 2.7075
18820001 2.37551
18830001 2.71115
18840001 2.3669
18850001 3.34882
18860001 2.37942
18870001 2.66991
18880001 3.35915
18890001 2.65809
18900001 2.42507
18910001 2.64995
18920001 2.46643
18930001 2.6025
18940001 2.49912
18950001 2.54178
18960001 2.4962
18970001 2.49699
18980001 2.53721
18990001 2.49911
19000001 2.5503
19010001 2.35199
19020001 2.60217
19030001 2.29291
19040001 2.62724
19050001 2.24241
19060001 2.67294
19070001 2.26937
19080001 2.70053
19090001 2.35339
19100001 2.74303
19110001 2.21786
19120001 2.74415
19130001 2.25868
19140001 2.80075
19150001 2.2624
19160001 3.27114
19170001 2.24282
19180001 2.76679
19190001 2.34753
19200001 2.74473
19210001 2.3633
19220001 4.81322
19230001 9.21462
19240001 2.72968
19250001 2.32683
19260001 2.77148
19270001 2.34285
19280001 3.84277
19290001 2.36305
19300001 2.65803
19310001 2.43454
19320001 2.66304
19330001 4.79682
19340001 2.65062
19350001 2.44402
19360001 2.65186
19370001 2.48183
19380001 2.60996
19390001 2.5046
19400001 2.48631
19410001 2.50991
19420001 2.46288
19430001 2.59918
19440001 2.43093
19450001 2.5694
19460001 2.32941
19470001 2.60221
19480001 2.27256
19490001 2.64958
19500001 2.23652
19510001 2.6755
19520001 2.23303
19530001 2.72188
19540001 2.2595
19550001 2.73911
19560001 2.18231
19570001 2.77638
19580001 2.25448
19590001 2.7422
19600001 2.25487
19610001 2.8337
19620001 4.8615
19630001 2.82819
19640001 2.30553
19650001 2.76341
19660001 2.32278
19670001 11.1278
19680001 2.37439
19690001 2.71593
19700001 2.34629
19710001 2.76854
19720001 2.41397
19730001 3.8503
19740001 2.36902
19750001 2.72085
19760001 2.38659
19770001 2.79989
19780001 2.41102
19790001 2.71811
19800001 2.51715
19810001 2.62995
19820001 2.48446
19830001 2.54373
19840001 2.48118
19850001 2.48403
19860001 2.5644
19870001 2.4282
19880001 2.56283
19890001 2.35184
19900001 2.58736
19910001 2.33476
19920001 2.62581
19930001 2.24692
19940001 2.6779
19950001 2.24185
19960001 2.70828
19970001 2.3114
19980001 2.74579
19990001 2.26399
20000001 2.75653
20010001 2.2466
20020001 2.80058
20030001 2.27727
20040001 2.74786
20050001 2.25874
20060001 2.79069
20070001 2.31161
20080001 2.77034
20090001 2.30467
20100001 4.82267
20110001 9.21821
20120001 2.73589
20130001 2.33439
20140001 2.76205
20150001 2.34466
20160001 2.67095
20170001 2.36977
20180001 3.33704
20190001 2.39857
20200001 2.67165
20210001 3.36748
20220001 2.65685
20230001 2.43166
20240001 2.62848
20250001 2.47226
20260001 2.61979
20270001 2.49
20280001 2.52578
20290001 2.49963
20300001 2.48901
20310001 2.57297
20320001 2.4902
20330001 2.5588
20340001 2.35089
20350001 2.59201
20360001 2.26717
20370001 2.63773
20380001 2.2319
20390001 2.67299
20400001 2.26771
20410001 2.71486
20420001 2.30018
20430001 2.74606
20440001 2.20267
20450001 2.7426
20460001 2.24783
20470001 2.7661
20480001 2.25967
20490001 3.27711
20500001 2.27165
20510001 2.82727
20520001 2.29861
20530001 2.7469
20540001 2.35583
20550001 11.1421
20560001 2.36372
20570001 2.72316
20580001 2.31319
20590001 2.76131
20600001 2.40858
20610001 3.83903
20620001 2.37744
20630001 2.68744
20640001 2.37157
20650001 2.78944
20660001 4.78731
20670001 2.64023
20680001 2.49462
20690001 2.68348
20700001 2.48239
20710001 2.53747
20720001 2.49985
20730001 2.47855
20740001 2.55835
20750001 2.45788
20760001 2.5603
20770001 2.41949
20780001 2.5726
20790001 2.33122
20800001 2.61139
20810001 2.24736
20820001 2.66449
20830001 2.23681
20840001 2.6828
20850001 2.23227
20860001 2.72944
20870001 2.28844
20880001 2.7536
20890001 2.20438
20900001 2.80084
20910001 2.26181
20920001 2.73279
20930001 2.26991
20940001 2.84992
20950001 4.86225
20960001 2.78504
20970001 2.28061
20980001 2.76074
20990001 2.31907
21000001 11.1076
21010001 2.31339
21020001 2.7074
21030001 2.34618
21040001 2.79361
21050001 2.36235
21060001 3.35229
21070001 2.37093
21080001 2.70132
21090001 2.42186
21100001 2.67347
21110001 2.41695
21120001 2.72902
21130001 2.47787
21140001 2.59799
21150001 2.50394
21160001 2.55208
21170001 2.49172
21180001 2.48323
21190001 2.53132
21200001 2.44176
21210001 2.55029
21220001 2.35322
21230001 2.5943
21240001 2.3125
21250001 2.62482
21260001 2.23665
21270001 2.67574
21280001 2.25353
21290001 2.6968
21300001 2.34396
21310001 2.73616
21320001 2.22231
21330001 2.75947
21340001 2.2689
21350001 2.7991
21360001 2.27144
21370001 2.75147
21380001 2.22763
21390001 2.76741
21400001 2.3113
21410001 2.76381
21420001 2.31968
21430001 4.814
21440001 9.22243
21450001 2.73306
21460001 2.28682
21470001 2.77155
21480001 2.3743
21490001 2.66763
21500001 2.38443
21510001 2.6663
21520001 2.42414
21530001 2.66909
21540001 3.36808
21550001 2.66324
21560001 2.44803
21570001 2.63667
21580001 2.47589
21590001 2.60563
21600001 2.48395
21610001 2.49249
21620001 2.51311
21630001 2.48185
21640001 2.58974
21650001 2.46108
21660001 2.56398
21670001 2.32952
21680001 2.59933
21690001 2.27109
21700001 2.64692
21710001 2.23107
21720001 2.66915
21730001 2.26322
21740001 2.71516
21750001 2.28829
21760001 2.74931
21770001 2.18634
21780001 2.75546
21790001 2.22751
21800001 2.74107
21810001 2.27006
21820001 3.28138
21830001 4.88467
21840001 2.82625
21850001 2.30846
21860001 2.75421
21870001 2.3589
21880001 11.1314
21890001 2.36316
21900001 2.73142
21910001 2.32804
21920001 2.75158
21930001 2.40353
21940001 3.84434
21950001 2.36213
21960001 2.72773
21970001 2.38339
21980001 2.80193
21990001 4.78728
22000001 2.7224
22010001 2.50796
22020001 2.67313
22030001 2.48502
22040001 2.54066
22050001 2.50343
22060001 2.48893
22070001 2.56128
22080001 2.44726
22090001 2.56588
22100001 2.36972
22110001 2.57258
22120001 2.33518
22130001 2.62512
22140001 2.25061
22150001 2.67851
22160001 2.2458
22170001 2.70215
22180001 2.22583
22190001 2.74019
22200001 2.28434
22210001 2.77707
22220001 2.22524
22230001 2.80706
22240001 2.28739
22250001 2.74217
22260001 2.26033
22270001 2.84665
22280001 2.29454
22290001 2.77323
22300001 2.28493
22310001 2.757
22320001 9.22983
22330001 2.74714
22340001 2.31303
22350001 2.70976
22360001 2.37246
22370001 2.70544
22380001 2.36439
22390001 3.34951
22400001 2.37873
22410001 2.66799
22420001 3.35875
22430001 2.65811
22440001 2.42576
22450001 2.64945
22460001 2.46635
22470001 2.60308
22480001 2.49883
22490001 2.54153
22500001 2.49611
22510001 2.48908
22520001 2.53623
22530001 2.49695
22540001 2.54912
22550001 2.35195
22560001 2.60236
22570001 2.29219
22580001 2.62749
22590001 2.24101
22600001 2.672
22610001 2.26408
22620001 2.69963
22630001 2.34881
22640001 2.74384
22650001 2.21594
22660001 2.7443
22670001 2.26219
22680001 2.80377
22690001 2.24729
22700001 3.2714
22710001 2.24376
22720001 2.76649
22730001 2.33558
22740001 2.74264
22750001 2.36227
22760001 4.8131
22770001 9.20159
22780001 2.7304
22790001 2.32844
22800001 2.77359
22810001 2.33738
22820001 3.84522
22830001 2.36534
22840001 2.65696
22850001 2.43212
22860001 2.67237
22870001 4.79589
22880001 2.651
22890001 2.44405
22900001 2.65162
22910001 2.48252
22920001 2.61149
22930001 2.50383
22940001 2.48599
22950001 2.5102
22960001 2.46301
22970001 2.60002
22980001 2.43086
22990001 2.57069
23000001 2.32632
23010001 2.60217
23020001 2.27242
23030001 2.65185
23040001 2.23369
23050001 2.67519
23060001 2.23486
23070001 2.72198
23080001 2.26161
23090001 2.73921
23100001 2.18217
23110001 2.77484
23120001 2.25162
23130001 2.74236
23140001 2.25437
23150001 2.83375
23160001 4.86125
23170001 2.82852
23180001 2.30447
23190001 2.76328
23200001 2.32154
23210001 11.1264
23220001 2.3789
23230001 2.71375
23240001 2.34734
23250001 2.76971
23260001 2.41454
23270001 3.84669
23280001 2.36871
23290001 2.72133
23300001 2.38664
23310001 2.79268
23320001 2.4122
23330001 2.71901
23340001 2.51768
23350001 2.62615
23360001 2.48772
23370001 2.54628
23380001 2.48068
23390001 2.48417
23400001 2.5664
23410001 2.42893
23420001 2.56427
23430001 2.35174
23440001 2.58734
23450001 2.33164
23460001 2.62638
23470001 2.24618
23480001 2.67989
23490001 2.23747
23500001 2.70605
23510001 2.31096
23520001 2.74281
23530001 2.28365
23540001 2.75785
23550001 2.25219
23560001 2.8044
23570001 2.2754
23580001 2.74708
23590001 2.25815
23600001 2.79103
23610001 2.31505
23620001 2.77045
23630001 2.30425
23640001 4.81708
23650001 9.21804
23660001 2.73605
23670001 2.32568
23680001 2.75915
23690001 2.34721
23700001 2.67055
23710001 2.36933
23720001 3.33611
23730001 2.40501
23740001 2.67139
23750001 3.36781
23760001 2.66234
23770001 2.43136
23780001 2.62924
23790001 2.47254
23800001 2.61677
23810001 2.49181
23820001 2.52599
23830001 2.50023
23840001 2.48921
23850001 2.57116
23860001 2.4928
23870001 2.55805
23880001 2.35042
23890001 2.59198
23900001 2.2656
23910001 2.63801
23920001 2.23185
23930001 2.67355
23940001 2.26972
23950001 2.71247
23960001 2.30259
23970001 2.74787
23980001 2.18933
23990001 2.74334
24000001 2.24608
24010001 2.76344
24020001 2.2585
24030001 3.27784
24040001 2.2704
24050001 2.82274
24060001 2.29884
24070001 2.7468
24080001 2.35576
24090001 11.1412
24100001 2.36578
24110001 2.72376
24120001 2.31368
24130001 2.7659
24140001 2.40819
24150001 3.83917
24160001 2.37655
24170001 2.68588
24180001 2.38131
24190001 2.79127
24200001 4.78719
24210001 2.63907
24220001 2.50468
24230001 2.68593
24240001 2.48423
24250001 2.53865
24260001 2.50065
24270001 2.47807
24280001 2.55863
24290001 2.45827
24300001 2.56432
24310001 2.41983
24320001 2.57448
24330001 2.33299
24340001 2.61203
24350001 2.24738
24360001 2.66441
24370001 2.23833
24380001 2.68422
24390001 2.23161
24400001 2.72956
24410001 2.2915
24420001 2.75513
24430001 2.21079
24440001 2.80188
24450001 2.26519
24460001 2.73807
24470001 2.26958
24480001 2.84923
24490001 4.86494
24500001 2.77828
24510001 2.28105
24520001 2.76023
24530001 2.31993
24540001 11.1102
24550001 2.31892
24560001 2.70729
24570001 2.34435
24580001 2.79359
24590001 2.35087
24600001 3.3524
24610001 2.37127
24620001 2.69915
24630001 2.42039
24640001 2.67026
24650001 2.41488
24660001 2.72958
24670001 2.4783
24680001 2.59778
24690001 2.50617
24700001 2.55192
24710001 2.48998
24720001 2.48278
24730001 2.53167
24740001 2.44011
24750001 2.55049
24760001 2.35205
24770001 2.59451
24780001 2.31237
24790001 2.62517
24800001 2.23642
24810001 2.67084
24820001 2.26276
24830001 2.69625
24840001 2.35233
24850001 2.73862
24860001 2.2247
24870001 2.75973
24880001 2.25511
24890001 2.80157
24900001 2.27343
24910001 2.7644
24920001 2.23136
24930001 2.76851
24940001 2.31241
24950001 2.76012
24960001 2.31855
24970001 4.81512
24980001 9.22409
24990001 2.73396
25000001 2.28595
25010001 2.77172
25020001 2.36949
25030001 2.66598
25040001 2.38077
25050001 2.66633
25060001 2.42345
25070001 2.66966
25080001 3.37004
25090001 2.66419
25100001 2.44815
25110001 2.64022
25120001 2.4774
25130001 2.60362
25140001 2.48306
25150001 2.49193
25160001 2.51219
25170001 2.48395
25180001 2.5869
25190001 2.46157
25200001 2.56438
25210001 2.32876
25220001 2.59964
25230001 2.26869
25240001 2.64661
25250001 2.23713
25260001 2.66957
25270001 2.26867
25280001 2.71458
25290001 2.28348
25300001 2.75008
25310001 2.18631
25320001 2.75536
25330001 2.23355
25340001 2.7412
25350001 2.26339
25360001 3.28878
25370001 4.8869
25380001 2.82632
25390001 2.30859
25400001 2.75257
25410001 2.35523
25420001 11.1314
25430001 2.36217
25440001 2.72975
25450001 2.33387
25460001 2.75389
25470001 2.40366
25480001 3.8444
25490001 2.35963
25500001 2.72883
25510001 2.38635
25520001 2.80181
25530001 4.78599
25540001 2.71981
25550001 2.50823
25560001 2.67077
25570001 2.48237
25580001 2.54092
25590001 2.50483
25600001 2.48767
25610001 2.5613
25620001 2.4466
25630001 2.56414
25640001 2.36941
25650001 2.57283
25660001 2.33236
25670001 2.62517
25680001 2.2494
25690001 2.67726
25700001 2.23977
25710001 2.70191
25720001 2.22536
25730001 2.73904
25740001 2.28415
25750001 2.76711
25760001 2.226
25770001 2.80835
25780001 2.31307
25790001 2.74238
25800001 2.2607
25810001 2.84312
25820001 2.29562
25830001 2.77328
25840001 2.28263
25850001 2.75595
25860001 9.22544
25870001 2.74694
25880001 2.31302
25890001 2.70826
25900001 2.37033
25910001 2.70258
25920001 2.3643
25930001 3.34959
25940001 2.378
25950001 2.66789
25960001 3.35921
25970001 2.65836
25980001 2.42857
25990001 2.64738
26000001 2.46629
26010001 2.6073
26020001 2.49872
26030001 2.54314
26040001 2.49825
26050001 2.49007
26060001 2.53623
26070001 2.49543
26080001 2.55001
26090001 2.3522
26100001 2.60342
26110001 2.29173
26120001 2.62805
26130001 2.24136
26140001 2.67168
26150001 2.26027
26160001 2.69971
26170001 2.34558
26180001 2.74425
26190001 2.21488
26200001 2.74032
26210001 2.26496
26220001 2.80634
26230001 2.24868
26240001 3.27225
26250001 2.24509
26260001 2.76648
26270001 2.32232
26280001 2.74211
26290001 2.36952
26300001 4.81271
26310001 9.19785
26320001 2.7312
26330001 2.32958
26340001 2.77519
26350001 2.33498
26360001 3.84423
26370001 2.36421
26380001 2.65708
26390001 2.42846
26400001 3.04234
26410001 4.79407
26420001 2.65071
26430001 2.44609
26440001 2.65187
26450001 2.48312
26460001 2.60817
26470001 2.50316
26480001 2.48449
26490001 2.51097
26500001 2.46399
26510001 2.60416
26520001 2.4308
26530001 2.57092
26540001 2.32821
26550001 2.60145
26560001 2.26272
26570001 2.65586
26580001 2.24058
26590001 2.6755
26600001 2.23589
26610001 2.72224
26620001 2.2532
26630001 2.73917
26640001 2.18193
26650001 2.77576
26660001 2.25276
26670001 2.74255
26680001 2.25543
26690001 2.83399
26700001 4.86079
26710001 2.82863
26720001 2.29575
26730001 2.76273
26740001 2.32272
26750001 11.1267
26760001 2.37641
26770001 2.71403
26780001 2.34992
26790001 2.77
26800001 2.41357
26810001 3.8463
26820001 2.36938
26830001 2.72171
26840001 2.38672
26850001 2.79448
26860001 2.41179
26870001 2.7196
26880001 2.51776
26890001 2.62466
26900001 2.48861
26910001 2.54944
26920001 2.48117
26930001 2.48411
26940001 2.57033
26950001 2.42926
26960001 2.56521
26970001 2.35188
26980001 2.58853
26990001 2.3301
27000001 2.63129
27010001 2.24653
27020001 2.67951
27030001 2.23422
27040001 2.70473
27050001 2.30937
27060001 2.74294
27070001 2.25495
27080001 2.75809
27090001 2.25396
27100001 2.81547
27110001 2.2769
27120001 2.74744
27130001 2.25689
27140001 2.78944
27150001 2.31547
27160001 2.77102
27170001 2.30731
27180001 4.81503
27190001 9.2183
27200001 2.73614
27210001 2.32184
27220001 2.7861
27230001 2.35084
27240001 2.6705
27250001 2.3707
27260001 3.33207
27270001 2.40824
27280001 2.67125
27290001 3.36797
27300001 2.66106
27310001 2.43179
27320001 2.63041
27330001 2.47127
27340001 2.61889
27350001 2.49307
27360001 2.52629
27370001 2.50109
27380001 2.48946
27390001 2.57474
27400001 2.49458
27410001 2.55806
27420001 2.35058
27430001 2.59219
27440001 2.26624
27450001 2.63928
27460001 2.232
27470001 2.67313
27480001 2.27924
27490001 2.71172
27500001 2.29798
27510001 2.75034
27520001 2.18845
27530001 2.74381
27540001 2.24646
27550001 2.75881
27560001 2.25901
27570001 3.27805
27580001 2.26865
27590001 2.83584
27600001 2.29873
27610001 2.74764
27620001 2.3551
27630001 11.1392
27640001 2.36431
27650001 2.72329
27660001 2.31477
27670001 2.77114
27680001 2.40828
27690001 3.83931
27700001 2.38092
27710001 2.6813
27720001 2.39124
27730001 2.79147
27740001 4.78737
27750001 2.63945
27760001 2.50854
27770001 2.6854
27780001 2.48577
27790001 2.5371
27800001 2.50216
27810001 2.47856
27820001 2.55862
27830001 2.45819
27840001 2.56503
27850001 2.41986
27860001 2.57472
27870001 2.33746
27880001 2.61197
27890001 2.2474
27900001 2.66136
27910001 2.23983
27920001 2.68518
27930001 2.22749
27940001 2.72373
27950001 2.29593
27960001 2.75652
27970001 2.21839
27980001 2.80334
27990001 2.267
28000001 2.73802
28010001 2.26578
28020001 2.85184
28030001 4.86179
28040001 2.78487
28050001 2.28578
28060001 2.76135
28070001 2.31572
28080001 11.1004
28090001 2.31184
28100001 2.70738
28110001 2.34491
28120001 2.79473
28130001 2.34038
28140001 3.35259
28150001 2.3707
28160001 2.70224
28170001 3.2638
28180001 2.66662
28190001 2.41426
28200001 2.72881
28210001 2.47597
28220001 2.59828
28230001 2.50667
28240001 2.56294
28250001 2.48948
28260001 2.48313
28270001 2.53176
28280001 2.43536
28290001 2.55079
28300001 2.35105
28310001 2.59446
28320001 2.31113
28330001 2.62559
28340001 2.23644
28350001 2.67009
28360001 2.27042
28370001 2.69669
28380001 2.35096
28390001 2.73475
28400001 2.22559
28410001 2.76112
28420001 2.25719
28430001 2.80112
28440001 2.27351
28450001 2.76184
28460001 2.23044
28470001 2.76777
28480001 2.31232
28490001 2.76581
28500001 2.31815
28510001 4.81397
28520001 9.22574
28530001 2.73495
28540001 2.28927
28550001 2.77254
28560001 2.36271
28570001 2.66584
28580001 2.37287
28590001 2.66322
28600001 2.42414
28610001 2.66926
28620001 3.35778
28630001 2.66149
28640001 2.4474
28650001 2.63976
28660001 2.48356
28670001 2.60166
28680001 2.48169
28690001 2.4894
28700001 2.51325
28710001 2.48424
28720001 2.58781
28730001 2.46215
28740001 2.5645
28750001 2.32878
28760001 2.59959
28770001 2.26744
28780001 2.64565
28790001 2.23652
28800001 2.66877
28810001 2.26579
28820001 2.71791
28830001 2.27728
28840001 2.75092
28850001 2.18641
28860001 2.75875
28870001 2.26019
28880001 2.74107
28890001 2.26357
28900001 3.29733
28910001 4.88626
28920001 2.82649
28930001 2.30845
28940001 2.75052
28950001 2.35151
28960001 11.1316
28970001 2.36223
28980001 2.72849
28990001 2.35073
29000001 2.75784
29010001 2.40146
29020001 3.84546
29030001 2.36452
29040001 2.72921
29050001 2.38873
29060001 2.80253
29070001 4.78191
29080001 2.71792
29090001 2.50873
29100001 2.67558
29110001 2.47681
29120001 2.53977
29130001 2.504
29140001 2.48748
29150001 2.56139
29160001 2.44731
29170001 2.56276
29180001 2.36845
29190001 2.57325
29200001 2.33304
29210001 2.62565
29220001 2.24961
29230001 2.6735
29240001 2.24022
29250001 2.70058
29260001 2.22213
29270001 2.74624
29280001 2.28407
29290001 2.76672
29300001 2.22805
29310001 2.81169
29320001 2.3118
29330001 2.7428
29340001 2.26144
29350001 2.8412
29360001 2.30345
29370001 2.77551
29380001 2.2813
29390001 2.75512
29400001 9.22577
29410001 2.74612
29420001 2.31339
29430001 2.70769
29440001 2.37449
29450001 2.69948
29460001 2.36457
29470001 3.349
29480001 2.38003
29490001 2.66731
29500001 3.35852
29510001 2.65885
29520001 2.43349
29530001 2.6444
29540001 2.46635
29550001 2.60803
29560001 2.49778
29570001 2.5404
29580001 2.49902
29590001 2.49086
29600001 2.53591
29610001 2.49661
29620001 2.54977
29630001 2.35283
29640001 2.60234
29650001 2.29246
29660001 2.62945
29670001 2.2409
29680001 2.67138
29690001 2.2578
29700001 2.70153
29710001 2.3485
29720001 2.74561
29730001 2.21524
29740001 2.74135
29750001 2.25974
29760001 2.80808
29770001 2.25096
29780001 3.27346
29790001 2.24647
29800001 2.76721
29810001 2.29218
29820001 2.7428
29830001 2.37916
29840001 4.81347
29850001 9.20823
29860001 2.7302
29870001 2.3285
29880001 2.7778
29890001 2.33375
29900001 3.84147
29910001 2.36454
29920001 2.66102
29930001 2.43039
29940001 2.81351
29950001 4.7924
29960001 2.65077
29970001 2.44966
29980001 2.65787
29990001 2.4839
