1 15.8474
10001 8.43532
20001 4.90524
30001 3.23177
40001 2.34777
50001 1.73201
60001 1.35293
70001 1.133
80001 0.941734
90001 0.797154
100001 0.745731
110001 0.64187
120001 0.574971
130001 0.551897
140001 0.503314
150001 0.477862
160001 0.451848
170001 0.428579
180001 0.407118
190001 0.399053
200001 0.387642
210001 0.371064
220001 0.369408
230001 0.362548
240001 0.349537
250001 0.348344
260001 0.34917
270001 0.341116
280001 0.336187
290001 0.339899
300001 0.336933
310001 0.326346
320001 0.335397
330001 0.327628
340001 0.319503
350001 0.33112
360001 0.321812
370001 0.317083
380001 0.326673
390001 0.320907
400001 0.31393
410001 0.675598
420001 0.319514
430001 0.31282
440001 0.328399
450001 0.319003
460001 0.340267
470001 0.332045
480001 0.318302
490001 1.32501
500001 0.315901
510001 0.317121
520001 0.314612
530001 0.314987
540001 0.317321
550001 0.808848
560001 0.309385
570001 0.315834
580001 0.315166
590001 0.307001
600001 0.322824
610001 0.30778
620001 0.304042
630001 0.314945
640001 0.308807
650001 0.303061
660001 0.314682
670001 0.306592
680001 0.301548
690001 0.359358
700001 0.307521
710001 0.303696
720001 0.324902
730001 0.310463
740001 0.322194
750001 0.310927
760001 0.308365
770001 0.304035
780001 0.307954
790001 0.309094
800001 0.300937
810001 0.307076
820001 0.307591
830001 0.299131
840001 0.302919
850001 0.308612
860001 0.303458
870001 0.301471
880001 0.308245
890001 0.307321
900001 0.298035
910001 0.309638
920001 0.302634
930001 0.295389
940001 0.309052
950001 0.299992
960001 0.296031
970001 0.307009
980001 0.301462
990001 0.294877
1000001 0.667206
1010001 0.301758
1020001 0.29524
1030001 0.312162
1040001 0.30255
1050001 0.32522
1060001 0.316984
1070001 0.302807
1080001 1.32143
1090001 0.300842
1100001 0.302367
1110001 0.299932
1120001 0.300577
1130001 0.303211
1140001 0.803476
1150001 0.295278
1160001 0.30218
1170001 0.301627
1180001 0.293282
1190001 0.309944
1200001 0.294367
1210001 0.290626
1220001 0.30216
1230001 0.295852
1240001 0.290003
1250001 0.302267
1260001 0.293919
1270001 0.288794
1280001 0.348839
1290001 0.295241
1300001 0.291382
1310001 0.313553
1320001 0.29864
1330001 0.310918
1340001 0.299361
1350001 0.296767
1360001 0.29237
1370001 0.296563
1380001 0.297833
1390001 0.289443
1400001 0.295932
1410001 0.296561
1420001 0.287856
1430001 0.291893
1440001 0.297888
1450001 0.29262
1460001 0.290656
1470001 0.297765
1480001 0.296887
1490001 0.287352
1500001 0.29946
1510001 0.292284
1520001 0.284857
1530001 0.299098
1540001 0.289794
1550001 0.285772
1560001 0.297216
1570001 0.291551
1580001 0.284822
1590001 0.662862
1600001 0.292095
1610001 0.285429
1620001 0.302995
1630001 0.29314
1640001 0.316547
1650001 0.308165
1660001 0.293624
1670001 1.31937
1680001 0.291745
1690001 0.293388
1700001 0.290939
1710001 0.291681
1720001 0.294465
1730001 0.800237
1740001 0.286419
1750001 0.293601
1760001 0.293094
1770001 0.284562
1780001 0.301778
1790001 0.285818
1800001 0.282023
1810001 0.293968
1820001 0.287535
1830001 0.281575
1840001 0.294264
1850001 0.285735
1860001 0.280519
1870001 0.342079
1880001 0.287278
1890001 0.283368
1900001 0.30619
1910001 0.290951
1920001 0.303589
1930001 0.291816
1940001 0.289199
1950001 0.284743
1960001 0.289112
1970001 0.29047
1980001 0.281907
1990001 0.288628
2000001 0.289332
2010001 0.280448
2020001 0.284647
2030001 0.290854
2040001 0.285498
2050001 0.283539
2060001 0.290882
2070001 0.29003
2080001 0.28031
2090001 0.29277
2100001 0.285472
2110001 0.277908
2120001 0.292548
2130001 0.283072
2140001 0.278999
2150001 0.290764
2160001 0.285018
2170001 0.278178
2180001 0.660059
2190001 0.285722
2200001 0.278944
2210001 0.296955
2220001 0.286932
2230001 0.310842
2240001 0.302355
2250001 0.287561
2260001 1.31805
2270001 0.285734
2280001 0.287457
2290001 0.284996
2300001 0.2858
2310001 0.288687
2320001 0.798142
2330001 0.280555
2340001 0.287931
2350001 0.287453
2360001 0.278787
2370001 0.296386
2380001 0.280158
2390001 0.276321
2400001 0.288551
2410001 0.282029
2420001 0.275989
2430001 0.28897
2440001 0.280315
2450001 0.275032
2460001 0.337632
2470001 0.282005
2480001 0.278055
2490001 0.301325
2500001 0.28586
2510001 0.298745
2520001 0.286819
2530001 0.284187
2540001 0.279686
2550001 0.284175
2560001 0.285594
2570001 0.276907
2580001 0.283787
2590001 0.284542
2600001 0.275533
2610001 0.27984
2620001 0.286194
2630001 0.280775
2640001 0.278816
2650001 0.286319
2660001 0.285484
2670001 0.275633
2680001 0.288335
2690001 0.280951
2700001 0.27329
2710001 0.288204
2720001 0.278607
2730001 0.274496
2740001 0.286481
2750001 0.280678
2760001 0.273758
2770001 0.658224
2780001 0.281487
2790001 0.274629
2800001 0.292944
2810001 0.282805
2820001 0.307058
2830001 0.298497
2840001 0.283529
2850001 1.31718
2860001 0.281733
2870001 0.28351
2880001 0.281038
2890001 0.281883
2900001 0.28484
2910001 0.796766
2920001 0.276644
2930001 0.284153
2940001 0.283693
2950001 0.274932
2960001 0.292795
2970001 0.27638
2980001 0.272511
2990001 0.284936
3000001 0.278352
3010001 0.272254
3020001 0.285434
3030001 0.276691
3040001 0.27136
3050001 0.334671
3060001 0.278478
3070001 0.274497
3080001 0.298074
3090001 0.282454
3100001 0.295504
3110001 0.283473
3120001 0.280829
3130001 0.276296
3140001 0.280865
3150001 0.282324
3160001 0.27355
3170001 0.280538
3180001 0.281327
3190001 0.272229
3200001 0.27661
3210001 0.283063
3220001 0.277599
3230001 0.275638
3240001 0.28325
3250001 0.282427
3260001 0.272483
3270001 0.285351
3280001 0.277907
3290001 0.270176
3300001 0.285278
3310001 0.275597
3320001 0.271458
3330001 0.283593
3340001 0.27775
3350001 0.270774
3360001 0.656999
3370001 0.278628
3380001 0.271712
3390001 0.290237
3400001 0.280017
3410001 0.304506
3420001 0.295893
3430001 0.280803
3440001 1.3166
3450001 0.279026
3460001 0.280839
3470001 0.278358
3480001 0.279231
3490001 0.282236
3500001 0.795843
3510001 0.273993
3520001 0.281593
3530001 0.281144
3540001 0.272316
3550001 0.29036
3560001 0.273816
3570001 0.269923
3580001 0.282483
3590001 0.275855
3600001 0.269715
3610001 0.283033
3620001 0.274229
3630001 0.268862
3640001 0.332664
3650001 0.276079
3660001 0.272076
3670001 0.295865
3680001 0.280136
3690001 0.293301
3700001 0.281195
3710001 0.278542
3720001 0.273986
3730001 0.278609
3740001 0.280096
3750001 0.271261
3760001 0.278323
3770001 0.279135
3780001 0.269975
3790001 0.274406
3800001 0.280928
3810001 0.275432
3820001 0.273469
3830001 0.281157
3840001 0.280339
3850001 0.270331
3860001 0.283314
3870001 0.275826
3880001 0.268047
3890001 0.283279
3900001 0.273539
3910001 0.26938
3920001 0.28162
3930001 0.275749
3940001 0.268733
3950001 0.656167
3960001 0.276675
3970001 0.269718
3980001 0.288389
3990001 0.278114
4000001 0.302765
4010001 0.294117
4020001 0.278943
4030001 1.3162
4040001 0.277181
4050001 0.279021
4060001 0.276535
4070001 0.277428
4080001 0.280466
4090001 0.795221
4100001 0.272193
4110001 0.279857
4120001 0.279418
4130001 0.270545
4140001 0.288715
4150001 0.272082
4160001 0.268176
4170001 0.280829
4180001 0.274173
4190001 0.268007
4200001 0.28142
4210001 0.272575
4220001 0.267188
4230001 0.331324
4240001 0.274475
4250001 0.27046
4260001 0.294394
4270001 0.278593
4280001 0.291838
4290001 0.279685
4300001 0.277028
4310001 0.272457
4320001 0.277121
4330001 0.278629
4340001 0.269756
4350001 0.27687
4360001 0.2777
4370001 0.268502
4380001 0.27297
4390001 0.279539
4400001 0.274026
4410001 0.272064
4420001 0.279803
4430001 0.278993
4440001 0.268946
4450001 0.282007
4460001 0.274495
4470001 0.266688
4480001 0.282006
4490001 0.272232
4500001 0.268063
4510001 0.280373
4520001 0.274486
4530001 0.267448
4540001 0.655647
4550001 0.275451
4560001 0.26847
4570001 0.287236
4580001 0.276928
4590001 0.301683
4600001 0.293016
4610001 0.277792
4620001 1.31596
4630001 0.276043
4640001 0.277901
4650001 0.275413
4660001 0.276321
4670001 0.279381
4680001 0.794842
4690001 0.271094
4700001 0.278798
4710001 0.278366
4720001 0.269467
4730001 0.287715
4740001 0.27103
4750001 0.267116
4760001 0.279827
4770001 0.273155
4780001 0.266974
4790001 0.280446
4800001 0.271577
4810001 0.266178
4820001 0.330518
4830001 0.27351
4840001 0.269488
4850001 0.293511
4860001 0.277668
4870001 0.29096
4880001 0.278779
4890001 0.276121
4900001 0.271542
4910001 0.276231
4920001 0.277751
4930001 0.268855
4940001 0.276002
4950001 0.276842
4960001 0.267621
4970001 0.272112
4980001 0.278709
4990001 0.273186
5000001 0.271225
5010001 0.278995
5020001 0.278188
5030001 0.268119
5040001 0.281225
5050001 0.273698
5060001 0.265874
5070001 0.281244
5080001 0.271449
5090001 0.267274
5100001 0.279626
5110001 0.273729
5120001 0.266678
5130001 0.655336
5140001 0.274717
5150001 0.267722
5160001 0.286545
5170001 0.276216
5180001 0.301034
5190001 0.292356
5200001 0.2771
5210001 1.31582
5220001 0.275359
5230001 0.277227
5240001 0.274739
5250001 0.275656
5260001 0.278728
5270001 0.794615
5280001 0.270432
5290001 0.27816
5300001 0.277733
5310001 0.268817
5320001 0.287113
5330001 0.270396
5340001 0.266478
5350001 0.279223
5360001 0.272541
5370001 0.266351
5380001 0.27986
5390001 0.270975
5400001 0.265569
5410001 0.330033
5420001 0.272928
5430001 0.268901
5440001 0.292979
5450001 0.277109
5460001 0.29043
5470001 0.278233
5480001 0.275573
5490001 0.270989
5500001 0.275693
5510001 0.277221
5520001 0.26831
5530001 0.275477
5540001 0.276324
5550001 0.267088
5560001 0.271593
5570001 0.278207
5580001 0.272677
5590001 0.270717
5600001 0.278505
5610001 0.277701
5620001 0.267617
5630001 0.280752
5640001 0.273215
5650001 0.265381
5660001 0.280783
5670001 0.270974
5680001 0.266795
5690001 0.279173
5700001 0.27327
5710001 0.26621
5720001 0.655148
5730001 0.274272
5740001 0.267267
5750001 0.286125
5760001 0.275784
5770001 0.30064
5780001 0.291954
5790001 0.27668
5800001 1.31573
5810001 0.274944
5820001 0.276818
5830001 0.274329
5840001 0.275251
5850001 0.278332
5860001 0.794476
5870001 0.27003
5880001 0.277772
5890001 0.277347
5900001 0.268422
5910001 0.286747
5920001 0.27001
5930001 0.266089
5940001 0.278856
5950001 0.272168
5960001 0.265971
5970001 0.279502
5980001 0.270609
5990001 0.265198
6000001 0.329737
6010001 0.272573
6020001 0.268544
6030001 0.292654
6040001 0.276768
6050001 0.290107
6060001 0.277899
6070001 0.275239
6080001 0.270651
6090001 0.275364
6100001 0.276897
6110001 0.267978
6120001 0.275156
6130001 0.276007
6140001 0.266763
6150001 0.271275
6160001 0.2779
6170001 0.272366
6180001 0.270406
6190001 0.278206
6200001 0.277403
6210001 0.267311
6220001 0.280462
6230001 0.27292
6240001 0.265079
6250001 0.2805
6260001 0.270684
6270001 0.266502
6280001 0.278895
6290001 0.272989
6300001 0.265924
6310001 0.655033
6320001 0.273999
6330001 0.266988
6340001 0.285868
6350001 0.275519
6360001 0.300398
6370001 0.291708
6380001 0.276423
6390001 1.31568
6400001 0.274689
6410001 0.276567
6420001 0.274078
6430001 0.275003
6440001 0.278088
6450001 0.794392
6460001 0.269783
6470001 0.277534
6480001 0.277111
6490001 0.268179
6500001 0.286522
6510001 0.269772
6520001 0.26585
6530001 0.27863
6540001 0.271938
6550001 0.265738
6560001 0.279282
6570001 0.270383
6580001 0.26497
6590001 0.329555
6600001 0.272354
6610001 0.268323
6620001 0.292454
6630001 0.276558
6640001 0.289908
6650001 0.277694
6660001 0.275033
6670001 0.270443
6680001 0.275162
6690001 0.276697
6700001 0.267773
6710001 0.274958
6720001 0.275811
6730001 0.266562
6740001 0.27108
6750001 0.277711
6760001 0.272174
6770001 0.270214
6780001 0.278021
6790001 0.277219
6800001 0.267121
6810001 0.280284
6820001 0.272738
6830001 0.264893
6840001 0.280326
6850001 0.270504
6860001 0.266321
6870001 0.278724
6880001 0.272815
6890001 0.265747
6900001 0.654962
6910001 0.27383
6920001 0.266816
6930001 0.285709
6940001 0.275356
6950001 0.300249
6960001 0.291556
6970001 0.276263
6980001 1.31564
6990001 0.274531
7000001 0.276412
7010001 0.273922
7020001 0.274849
7030001 0.277937
7040001 0.794339
7050001 0.26963
7060001 0.277386
7070001 0.276964
7080001 0.268029
7090001 0.286382
7100001 0.269625
7110001 0.265701
7120001 0.27849
7130001 0.271796
7140001 0.265593
7150001 0.279146
7160001 0.270243
7170001 0.264828
7180001 0.329443
7190001 0.272219
7200001 0.268187
7210001 0.29233
7220001 0.276428
7230001 0.289784
7240001 0.277566
7250001 0.274906
7260001 0.270313
7270001 0.275036
7280001 0.276574
7290001 0.267645
7300001 0.274836
7310001 0.27569
7320001 0.266437
7330001 0.270958
7340001 0.277594
7350001 0.272055
7360001 0.270095
7370001 0.277906
7380001 0.277105
7390001 0.267004
7400001 0.280173
7410001 0.272624
7420001 0.264777
7430001 0.280218
7440001 0.270393
7450001 0.266208
7460001 0.278617
7470001 0.272707
7480001 0.265637
7490001 0.654917
7500001 0.273725
7510001 0.266709
7520001 0.28561
7530001 0.275254
7540001 0.300156
7550001 0.291462
7560001 0.276164
7570001 1.31562
7580001 0.274433
7590001 0.276315
7600001 0.273825
7610001 0.274754
7620001 0.277844
7630001 0.794307
7640001 0.269534
7650001 0.277295
7660001 0.276873
7670001 0.267935
7680001 0.286296
7690001 0.269534
7700001 0.265609
7710001 0.278403
7720001 0.271707
7730001 0.265503
7740001 0.279061
7750001 0.270156
7760001 0.26474
7770001 0.329372
7780001 0.272134
7790001 0.268102
7800001 0.292253
7810001 0.276347
7820001 0.289707
7830001 0.277487
7840001 0.274826
7850001 0.270233
7860001 0.274958
7870001 0.276496
7880001 0.267566
7890001 0.274759
7900001 0.275614
7910001 0.266359
7920001 0.270882
7930001 0.27752
7940001 0.271981
7950001 0.270021
7960001 0.277835
7970001 0.277034
7980001 0.26693
7990001 0.280103
8000001 0.272554
8010001 0.264705
8020001 0.28015
8030001 0.270323
8040001 0.266138
8050001 0.278551
8060001 0.27264
8070001 0.265568
8080001 0.65489
8090001 0.27366
8100001 0.266642
8110001 0.285548
8120001 0.27519
8130001 0.300098
8140001 0.291403
8150001 0.276102
8160001 1.31561
8170001 0.274371
8180001 0.276255
8190001 0.273764
8200001 0.274694
8210001 0.277785
8220001 0.794286
8230001 0.269475
8240001 0.277237
8250001 0.276816
8260001 0.267877
8270001 0.286241
8280001 0.269476
8290001 0.265551
8300001 0.278348
8310001 0.271651
8320001 0.265447
8330001 0.279008
8340001 0.270101
8350001 0.264684
8360001 0.329328
8370001 0.272081
8380001 0.268048
8390001 0.292204
8400001 0.276296
8410001 0.289659
8420001 0.277437
8430001 0.274776
8440001 0.270182
8450001 0.274909
8460001 0.276448
8470001 0.267516
8480001 0.274711
8490001 0.275567
8500001 0.266311
8510001 0.270835
8520001 0.277474
8530001 0.271934
8540001 0.269975
8550001 0.27779
8560001 0.276989
8570001 0.266884
8580001 0.28006
8590001 0.272509
8600001 0.264659
8610001 0.280108
8620001 0.270279
8630001 0.266094
8640001 0.278509
8650001 0.272597
8660001 0.265525
8670001 0.654873
8680001 0.273619
8690001 0.2666
8700001 0.28551
8710001 0.27515
8720001 0.300061
8730001 0.291365
8740001 0.276064
8750001 1.3156
8760001 0.274333
8770001 0.276217
8780001 0.273726
8790001 0.274656
8800001 0.277748
8810001 0.794273
8820001 0.269437
8830001 0.277201
8840001 0.27678
8850001 0.26784
8860001 0.286207
8870001 0.26944
8880001 0.265515
8890001 0.278314
8900001 0.271617
8910001 0.265411
8920001 0.278974
8930001 0.270067
8940001 0.26465
8950001 0.329301
8960001 0.272048
8970001 0.268015
8980001 0.292174
8990001 0.276264
9000001 0.289629
9010001 0.277406
9020001 0.274745
9030001 0.270151
9040001 0.274878
9050001 0.276417
9060001 0.267485
9070001 0.274681
9080001 0.275537
9090001 0.26628
9100001 0.270805
9110001 0.277445
9120001 0.271905
9130001 0.269945
9140001 0.277762
9150001 0.276961
9160001 0.266855
9170001 0.280033
9180001 0.272481
9190001 0.264631
9200001 0.280081
9210001 0.270252
9220001 0.266066
9230001 0.278483
9240001 0.272571
9250001 0.265498
9260001 0.654862
9270001 0.273593
9280001 0.266573
9290001 0.285485
9300001 0.275125
9310001 0.300038
9320001 0.291342
9330001 0.276039
9340001 1.3156
9350001 0.274309
9360001 0.276193
9370001 0.273702
9380001 0.274633
9390001 0.277725
9400001 0.794265
9410001 0.269414
9420001 0.277178
9430001 0.276757
9440001 0.267817
9450001 0.286186
9460001 0.269418
9470001 0.265492
9480001 0.278292
9490001 0.271594
9500001 0.265389
9510001 0.278953
9520001 0.270045
9530001 0.264628
9540001 0.329283
9550001 0.272027
9560001 0.267993
9570001 0.292155
9580001 0.276244
9590001 0.289609
9600001 0.277386
9610001 0.274725
9620001 0.270131
9630001 0.274859
9640001 0.276398
9650001 0.267465
9660001 0.274662
9670001 0.275518
9680001 0.26626
9690001 0.270786
9700001 0.277427
9710001 0.271886
9720001 0.269927
9730001 0.277744
9740001 0.276943
9750001 0.266837
9760001 0.280015
9770001 0.272464
9780001 0.264612
9790001 0.280064
9800001 0.270235
9810001 0.266049
9820001 0.278466
9830001 0.272554
9840001 0.26548
9850001 0.654855
9860001 0.273576
9870001 0.266556
9880001 0.28547
9890001 0.275109
9900001 0.300023
9910001 0.291327
9920001 0.276023
9930001 1.31559
9940001 0.274293
9950001 0.276178
9960001 0.273687
9970001 0.274618
9980001 0.27771
9990001 0.79426
10000001 0.269399
10010001 0.277164
10020001 0.276743
10030001 0.267802
10040001 0.286172
10050001 0.269403
10060001 0.265478
10070001 0.278279
10080001 0.271581
10090001 0.265375
10100001 0.27894
10110001 0.270032
10120001 0.264614
10130001 0.329272
10140001 0.272014
10150001 0.26798
10160001 0.292142
10170001 0.276231
10180001 0.289597
10190001 0.277374
10200001 0.274712
10210001 0.270118
10220001 0.274846
10230001 0.276386
10240001 0.267452
10250001 0.27465
10260001 0.275506
10270001 0.266248
10280001 0.270774
10290001 0.277415
10300001 0.271874
10310001 0.269915
10320001 0.277732
10330001 0.276932
10340001 0.266825
10350001 0.280004
10360001 0.272453
10370001 0.264601
10380001 0.280053
10390001 0.270223
10400001 0.266037
10410001 0.278456
10420001 0.272543
10430001 0.26547
10440001 0.65485
10450001 0.273566
10460001 0.266546
10470001 0.28546
10480001 0.275099
10490001 0.300014
10500001 0.291318
10510001 0.276014
10520001 1.31559
10530001 0.274283
10540001 0.276168
10550001 0.273677
10560001 0.274608
10570001 0.277701
10580001 0.794257
10590001 0.269389
10600001 0.277155
10610001 0.276734
10620001 0.267793
10630001 0.286163
10640001 0.269394
10650001 0.265468
10660001 0.27827
10670001 0.271572
10680001 0.265366
10690001 0.278931
10700001 0.270023
10710001 0.264605
10720001 0.329265
10730001 0.272005
10740001 0.267971
10750001 0.292135
10760001 0.276223
10770001 0.28959
10780001 0.277366
10790001 0.274704
10800001 0.27011
10810001 0.274838
10820001 0.276378
10830001 0.267444
10840001 0.274642
10850001 0.275499
10860001 0.26624
10870001 0.270766
10880001 0.277408
10890001 0.271867
10900001 0.269907
10910001 0.277725
10920001 0.276924
10930001 0.266818
10940001 0.279997
10950001 0.272445
10960001 0.264594
10970001 0.280046
10980001 0.270216
10990001 0.26603
11000001 0.278449
11010001 0.272536
11020001 0.265463
11030001 0.654848
11040001 0.273559
11050001 0.266539
11060001 0.285454
11070001 0.275093
11080001 0.300008
11090001 0.291312
11100001 0.276007
11110001 1.31559
11120001 0.274277
11130001 0.276162
11140001 0.273671
11150001 0.274602
11160001 0.277695
11170001 0.794255
11180001 0.269383
11190001 0.277149
11200001 0.276728
11210001 0.267787
11220001 0.286158
11230001 0.269388
11240001 0.265462
11250001 0.278264
11260001 0.271566
11270001 0.26536
11280001 0.278926
11290001 0.270017
11300001 0.264599
11310001 0.329261
11320001 0.272
11330001 0.267966
11340001 0.29213
11350001 0.276218
11360001 0.289585
11370001 0.27736
11380001 0.274699
11390001 0.270104
11400001 0.274833
11410001 0.276373
11420001 0.267439
11430001 0.274637
11440001 0.275494
11450001 0.266235
11460001 0.270762
11470001 0.277403
11480001 0.271862
11490001 0.269903
11500001 0.277721
11510001 0.27692
11520001 0.266813
11530001 0.279993
11540001 0.272441
11550001 0.264589
11560001 0.280042
11570001 0.270212
11580001 0.266026
11590001 0.278445
11600001 0.272532
11610001 0.265458
11620001 0.654846
11630001 0.273555
11640001 0.266534
11650001 0.28545
11660001 0.275088
11670001 0.300005
11680001 0.291308
11690001 0.276003
11700001 1.31559
11710001 0.274273
11720001 0.276158
11730001 0.273667
11740001 0.274598
11750001 0.277691
11760001 0.794254
11770001 0.269379
11780001 0.277145
11790001 0.276724
11800001 0.267783
11810001 0.286154
11820001 0.269384
11830001 0.265459
11840001 0.278261
11850001 0.271562
11860001 0.265356
11870001 0.278922
11880001 0.270014
11890001 0.264596
11900001 0.329258
11910001 0.271996
11920001 0.267963
11930001 0.292127
11940001 0.276215
11950001 0.289581
11960001 0.277357
11970001 0.274696
11980001 0.270101
11990001 0.27483
12000001 0.27637
12010001 0.267436
12020001 0.274634
12030001 0.275491
12040001 0.266232
12050001 0.270758
12060001 0.2774
12070001 0.271859
12080001 0.269899
12090001 0.277718
12100001 0.276917
12110001 0.26681
12120001 0.27999
12130001 0.272438
12140001 0.264586
12150001 0.280039
12160001 0.270209
12170001 0.266023
12180001 0.278442
12190001 0.272529
12200001 0.265455
12210001 0.654845
12220001 0.273552
12230001 0.266532
12240001 0.285447
12250001 0.275086
12260001 0.300002
12270001 0.291305
12280001 0.276001
12290001 1.31559
12300001 0.274271
12310001 0.276155
12320001 0.273665
12330001 0.274596
12340001 0.277688
12350001 0.794253
12360001 0.269377
12370001 0.277143
12380001 0.276722
12390001 0.26778
12400001 0.286152
12410001 0.269382
12420001 0.265456
12430001 0.278258
12440001 0.27156
12450001 0.265354
12460001 0.27892
12470001 0.270011
12480001 0.264593
12490001 0.329256
12500001 0.271994
12510001 0.26796
12520001 0.292125
12530001 0.276213
12540001 0.289579
12550001 0.277355
12560001 0.274694
12570001 0.270099
12580001 0.274828
12590001 0.276368
12600001 0.267434
12610001 0.274632
12620001 0.275489
12630001 0.26623
12640001 0.270756
12650001 0.277398
12660001 0.271857
12670001 0.269898
12680001 0.277716
12690001 0.276915
12700001 0.266808
12710001 0.279988
12720001 0.272436
12730001 0.264584
12740001 0.280037
12750001 0.270207
12760001 0.266021
12770001 0.27844
12780001 0.272527
12790001 0.265453
12800001 0.654844
12810001 0.27355
12820001 0.26653
12830001 0.285445
12840001 0.275084
12850001 0.300001
12860001 0.291304
12870001 0.275999
12880001 1.31559
12890001 0.274269
12900001 0.276154
12910001 0.273663
12920001 0.274594
12930001 0.277687
12940001 0.794252
12950001 0.269375
12960001 0.277141
12970001 0.27672
12980001 0.267779
12990001 0.286151
13000001 0.26938
13010001 0.265455
13020001 0.278257
13030001 0.271559
13040001 0.265352
13050001 0.278919
13060001 0.27001
13070001 0.264592
13080001 0.329255
13090001 0.271993
13100001 0.267959
13110001 0.292123
13120001 0.276211
13130001 0.289578
13140001 0.277354
13150001 0.274693
13160001 0.270098
13170001 0.274827
13180001 0.276367
13190001 0.267433
13200001 0.274631
13210001 0.275487
13220001 0.266229
13230001 0.270755
13240001 0.277397
13250001 0.271856
13260001 0.269896
13270001 0.277714
13280001 0.276914
13290001 0.266807
13300001 0.279987
13310001 0.272435
13320001 0.264583
13330001 0.280036
13340001 0.270206
13350001 0.26602
13360001 0.278439
13370001 0.272526
13380001 0.265452
13390001 0.654843
13400001 0.273549
13410001 0.266529
13420001 0.285444
13430001 0.275083
13440001 0.3
13450001 0.291303
13460001 0.275998
13470001 1.31559
13480001 0.274268
13490001 0.276153
13500001 0.273662
13510001 0.274593
13520001 0.277686
13530001 0.794252
13540001 0.269374
13550001 0.27714
13560001 0.276719
13570001 0.267778
13580001 0.28615
13590001 0.269379
13600001 0.265454
13610001 0.278256
13620001 0.271558
13630001 0.265351
13640001 0.278918
13650001 0.270009
13660001 0.264591
13670001 0.329254
13680001 0.271992
13690001 0.267958
13700001 0.292122
13710001 0.27621
13720001 0.289577
13730001 0.277353
13740001 0.274692
13750001 0.270097
13760001 0.274826
13770001 0.276366
13780001 0.267432
13790001 0.27463
13800001 0.275487
13810001 0.266228
13820001 0.270754
13830001 0.277396
13840001 0.271855
13850001 0.269895
13860001 0.277714
13870001 0.276913
13880001 0.266806
13890001 0.279986
13900001 0.272434
13910001 0.264582
13920001 0.280035
13930001 0.270205
13940001 0.266019
13950001 0.278438
13960001 0.272525
13970001 0.265451
13980001 0.654843
13990001 0.273549
14000001 0.266528
14010001 0.285444
14020001 0.275082
14030001 0.299999
14040001 0.291302
14050001 0.275997
14060001 1.31559
14070001 0.274267
14080001 0.276152
14090001 0.273661
14100001 0.274592
14110001 0.277685
14120001 0.794252
14130001 0.269373
14140001 0.277139
14150001 0.276718
14160001 0.267777
14170001 0.286149
14180001 0.269379
14190001 0.265453
14200001 0.278255
14210001 0.271557
14220001 0.265351
14230001 0.278917
14240001 0.270008
14250001 0.26459
14260001 0.329253
14270001 0.271991
14280001 0.267957
14290001 0.292122
14300001 0.27621
14310001 0.289577
14320001 0.277352
14330001 0.274691
14340001 0.270096
14350001 0.274825
14360001 0.276365
14370001 0.267431
14380001 0.274629
14390001 0.275486
14400001 0.266227
14410001 0.270754
14420001 0.277396
14430001 0.271854
14440001 0.269895
14450001 0.277713
14460001 0.276913
14470001 0.266805
14480001 0.279986
14490001 0.272434
14500001 0.264581
14510001 0.280035
14520001 0.270205
14530001 0.266018
14540001 0.278438
14550001 0.272525
14560001 0.265451
14570001 0.654843
14580001 0.273548
14590001 0.266527
14600001 0.285443
14610001 0.275082
14620001 0.299998
14630001 0.291302
14640001 0.275997
14650001 1.31559
14660001 0.274267
14670001 0.276152
14680001 0.273661
14690001 0.274592
14700001 0.277685
14710001 0.794251
14720001 0.269373
14730001 0.277139
14740001 0.276718
14750001 0.267777
14760001 0.286149
14770001 0.269378
14780001 0.265453
14790001 0.278255
14800001 0.271557
14810001 0.26535
14820001 0.278917
14830001 0.270008
14840001 0.26459
14850001 0.329253
14860001 0.271991
14870001 0.267957
14880001 0.292122
14890001 0.276209
14900001 0.289576
14910001 0.277352
14920001 0.274691
14930001 0.270096
14940001 0.274825
14950001 0.276365
14960001 0.267431
14970001 0.274629
14980001 0.275486
14990001 0.266227
15000001 0.270753
15010001 0.277395
15020001 0.271854
15030001 0.269895
15040001 0.277713
15050001 0.276912
15060001 0.266805
15070001 0.279985
15080001 0.272433
15090001 0.264581
15100001 0.280035
15110001 0.270204
15120001 0.266018
15130001 0.278437
15140001 0.272525
15150001 0.265451
15160001 0.654843
15170001 0.273548
15180001 0.266527
15190001 0.285443
15200001 0.275082
15210001 0.299998
15220001 0.291302
15230001 0.275997
15240001 1.31559
15250001 0.274266
15260001 0.276151
15270001 0.273661
15280001 0.274592
15290001 0.277684
15300001 0.794251
15310001 0.269373
15320001 0.277139
15330001 0.276718
15340001 0.267777
15350001 0.286148
15360001 0.269378
15370001 0.265452
15380001 0.278255
15390001 0.271556
15400001 0.26535
15410001 0.278917
15420001 0.270008
15430001 0.26459
15440001 0.329253
15450001 0.271991
15460001 0.267957
15470001 0.292121
15480001 0.276209
15490001 0.289576
15500001 0.277352
15510001 0.274691
15520001 0.270096
15530001 0.274825
15540001 0.276365
15550001 0.267431
15560001 0.274629
15570001 0.275486
15580001 0.266227
15590001 0.270753
15600001 0.277395
15610001 0.271854
15620001 0.269894
15630001 0.277713
15640001 0.276912
15650001 0.266805
15660001 0.279985
15670001 0.272433
15680001 0.264581
15690001 0.280034
15700001 0.270204
15710001 0.266018
15720001 0.278437
15730001 0.272524
15740001 0.26545
15750001 0.654843
15760001 0.273548
15770001 0.266527
15780001 0.285443
15790001 0.275081
15800001 0.299998
15810001 0.291301
15820001 0.275996
15830001 1.31559
15840001 0.274266
15850001 0.276151
15860001 0.273661
15870001 0.274591
15880001 0.277684
15890001 0.794251
15900001 0.269373
15910001 0.277139
15920001 0.276718
15930001 0.267776
15940001 0.286148
15950001 0.269378
15960001 0.265452
15970001 0.278255
15980001 0.271556
15990001 0.26535
16000001 0.278916
16010001 0.270008
16020001 0.264589
16030001 0.329253
16040001 0.27199
16050001 0.267956
16060001 0.292121
16070001 0.276209
16080001 0.289576
16090001 0.277352
16100001 0.27469
16110001 0.270095
16120001 0.274825
16130001 0.276365
16140001 0.26743
16150001 0.274629
16160001 0.275485
16170001 0.266226
16180001 0.270753
16190001 0.277395
16200001 0.271854
16210001 0.269894
16220001 0.277712
16230001 0.276912
16240001 0.266805
16250001 0.279985
16260001 0.272433
16270001 0.264581
16280001 0.280034
16290001 0.270204
16300001 0.266018
16310001 0.278437
16320001 0.272524
16330001 0.26545
16340001 0.654843
16350001 0.273547
16360001 0.266527
16370001 0.285443
16380001 0.275081
16390001 0.299998
16400001 0.291301
16410001 0.275996
16420001 1.31559
16430001 0.274266
16440001 0.276151
16450001 0.27366
16460001 0.274591
16470001 0.277684
16480001 0.794251
16490001 0.269372
16500001 0.277138
16510001 0.276718
16520001 0.267776
16530001 0.286148
16540001 0.269378
16550001 0.265452
16560001 0.278254
16570001 0.271556
16580001 0.26535
16590001 0.278916
16600001 0.270008
16610001 0.264589
16620001 0.329253
16630001 0.27199
16640001 0.267956
16650001 0.292121
16660001 0.276209
16670001 0.289576
16680001 0.277351
16690001 0.27469
16700001 0.270095
16710001 0.274824
16720001 0.276364
16730001 0.26743
16740001 0.274628
16750001 0.275485
16760001 0.266226
16770001 0.270753
16780001 0.277395
16790001 0.271854
16800001 0.269894
16810001 0.277712
16820001 0.276912
16830001 0.266805
16840001 0.279985
16850001 0.272433
16860001 0.264581
16870001 0.280034
16880001 0.270204
16890001 0.266018
16900001 0.278437
16910001 0.272524
16920001 0.26545
16930001 0.654843
16940001 0.273547
16950001 0.266527
16960001 0.285443
16970001 0.275081
16980001 0.299998
16990001 0.291301
17000001 0.275996
17010001 1.31559
17020001 0.274266
17030001 0.276151
17040001 0.27366
17050001 0.274591
17060001 0.277684
17070001 0.794251
17080001 0.269372
17090001 0.277138
17100001 0.276717
17110001 0.267776
17120001 0.286148
17130001 0.269378
17140001 0.265452
17150001 0.278254
17160001 0.271556
17170001 0.26535
17180001 0.278916
17190001 0.270007
17200001 0.264589
17210001 0.329253
17220001 0.27199
17230001 0.267956
17240001 0.292121
17250001 0.276209
17260001 0.289576
17270001 0.277351
17280001 0.27469
17290001 0.270095
17300001 0.274824
17310001 0.276364
17320001 0.26743
17330001 0.274628
17340001 0.275485
17350001 0.266226
17360001 0.270753
17370001 0.277395
17380001 0.271854
17390001 0.269894
17400001 0.277712
17410001 0.276912
17420001 0.266805
17430001 0.279985
17440001 0.272433
17450001 0.264581
17460001 0.280034
17470001 0.270204
17480001 0.266018
17490001 0.278437
17500001 0.272524
17510001 0.26545
17520001 0.654843
17530001 0.273547
17540001 0.266527
17550001 0.285442
17560001 0.275081
17570001 0.299998
17580001 0.291301
17590001 0.275996
17600001 1.31559
17610001 0.274266
17620001 0.276151
17630001 0.27366
17640001 0.274591
17650001 0.277684
17660001 0.794251
17670001 0.269372
17680001 0.277138
17690001 0.276717
17700001 0.267776
17710001 0.286148
17720001 0.269378
17730001 0.265452
17740001 0.278254
17750001 0.271556
17760001 0.26535
17770001 0.278916
17780001 0.270007
17790001 0.264589
17800001 0.329253
17810001 0.27199
17820001 0.267956
17830001 0.292121
17840001 0.276209
17850001 0.289576
17860001 0.277351
17870001 0.27469
17880001 0.270095
17890001 0.274824
17900001 0.276364
17910001 0.26743
17920001 0.274628
17930001 0.275485
17940001 0.266226
17950001 0.270753
17960001 0.277395
17970001 0.271853
17980001 0.269894
17990001 0.277712
18000001 0.276912
18010001 0.266804
18020001 0.279985
18030001 0.272433
18040001 0.264581
18050001 0.280034
18060001 0.270204
18070001 0.266018
18080001 0.278437
18090001 0.272524
18100001 0.26545
18110001 0.654843
18120001 0.273547
18130001 0.266527
18140001 0.285442
18150001 0.275081
18160001 0.299998
18170001 0.291301
18180001 0.275996
18190001 1.31559
18200001 0.274266
18210001 0.276151
18220001 0.27366
18230001 0.274591
18240001 0.277684
18250001 0.794251
18260001 0.269372
18270001 0.277138
18280001 0.276717
18290001 0.267776
18300001 0.286148
18310001 0.269378
18320001 0.265452
18330001 0.278254
18340001 0.271556
18350001 0.26535
18360001 0.278916
18370001 0.270007
18380001 0.264589
18390001 0.329253
18400001 0.27199
18410001 0.267956
18420001 0.292121
18430001 0.276209
18440001 0.289576
18450001 0.277351
18460001 0.27469
18470001 0.270095
18480001 0.274824
18490001 0.276364
18500001 0.26743
18510001 0.274628
18520001 0.275485
18530001 0.266226
18540001 0.270753
18550001 0.277395
18560001 0.271853
18570001 0.269894
18580001 0.277712
18590001 0.276912
18600001 0.266804
18610001 0.279985
18620001 0.272433
18630001 0.264581
18640001 0.280034
18650001 0.270204
18660001 0.266018
18670001 0.278437
18680001 0.272524
18690001 0.26545
18700001 0.654843
18710001 0.273547
18720001 0.266527
18730001 0.285442
18740001 0.275081
18750001 0.299998
18760001 0.291301
18770001 0.275996
18780001 1.31559
18790001 0.274266
18800001 0.276151
18810001 0.27366
18820001 0.274591
18830001 0.277684
18840001 0.794251
18850001 0.269372
18860001 0.277138
18870001 0.276717
18880001 0.267776
18890001 0.286148
18900001 0.269378
18910001 0.265452
18920001 0.278254
18930001 0.271556
18940001 0.26535
18950001 0.278916
18960001 0.270007
18970001 0.264589
18980001 0.329253
18990001 0.27199
19000001 0.267956
19010001 0.292121
19020001 0.276209
19030001 0.289576
19040001 0.277351
19050001 0.27469
19060001 0.270095
19070001 0.274824
19080001 0.276364
19090001 0.26743
19100001 0.274628
19110001 0.275485
19120001 0.266226
19130001 0.270753
19140001 0.277395
19150001 0.271853
19160001 0.269894
19170001 0.277712
19180001 0.276912
19190001 0.266804
19200001 0.279985
19210001 0.272433
19220001 0.264581
19230001 0.280034
19240001 0.270204
19250001 0.266018
19260001 0.278437
19270001 0.272524
19280001 0.26545
19290001 0.654842
19300001 0.273547
19310001 0.266527
19320001 0.285442
19330001 0.275081
19340001 0.299998
19350001 0.291301
19360001 0.275996
19370001 1.31559
19380001 0.274266
19390001 0.276151
19400001 0.27366
19410001 0.274591
19420001 0.277684
19430001 0.794251
19440001 0.269372
19450001 0.277138
19460001 0.276717
19470001 0.267776
19480001 0.286148
19490001 0.269378
19500001 0.265452
19510001 0.278254
19520001 0.271556
19530001 0.26535
19540001 0.278916
19550001 0.270007
19560001 0.264589
19570001 0.329253
19580001 0.27199
19590001 0.267956
19600001 0.292121
19610001 0.276209
19620001 0.289576
19630001 0.277351
19640001 0.27469
19650001 0.270095
19660001 0.274824
19670001 0.276364
19680001 0.26743
19690001 0.274628
19700001 0.275485
19710001 0.266226
19720001 0.270753
19730001 0.277395
19740001 0.271853
19750001 0.269894
19760001 0.277712
19770001 0.276912
19780001 0.266804
19790001 0.279985
19800001 0.272433
19810001 0.264581
19820001 0.280034
19830001 0.270204
19840001 0.266018
19850001 0.278437
19860001 0.272524
19870001 0.26545
19880001 0.654842
19890001 0.273547
19900001 0.266527
19910001 0.285442
19920001 0.275081
19930001 0.299998
19940001 0.291301
19950001 0.275996
19960001 1.31559
19970001 0.274266
19980001 0.276151
19990001 0.27366
20000001 0.274591
20010001 0.277684
20020001 0.794251
20030001 0.269372
20040001 0.277138
20050001 0.276717
20060001 0.267776
20070001 0.286148
20080001 0.269378
20090001 0.265452
20100001 0.278254
20110001 0.271556
20120001 0.26535
20130001 0.278916
20140001 0.270007
20150001 0.264589
20160001 0.329253
20170001 0.27199
20180001 0.267956
20190001 0.292121
20200001 0.276209
20210001 0.289576
20220001 0.277351
20230001 0.27469
20240001 0.270095
20250001 0.274824
20260001 0.276364
20270001 0.26743
20280001 0.274628
20290001 0.275485
20300001 0.266226
20310001 0.270753
20320001 0.277395
20330001 0.271853
20340001 0.269894
20350001 0.277712
20360001 0.276912
20370001 0.266804
20380001 0.279985
20390001 0.272433
20400001 0.264581
20410001 0.280034
20420001 0.270204
20430001 0.266018
20440001 0.278437
20450001 0.272524
20460001 0.26545
20470001 0.654842
20480001 0.273547
20490001 0.266527
20500001 0.285442
20510001 0.275081
20520001 0.299998
20530001 0.291301
20540001 0.275996
20550001 1.31559
20560001 0.274266
20570001 0.276151
20580001 0.27366
20590001 0.274591
20600001 0.277684
20610001 0.794251
20620001 0.269372
20630001 0.277138
20640001 0.276717
20650001 0.267776
20660001 0.286148
20670001 0.269378
20680001 0.265452
20690001 0.278254
20700001 0.271556
20710001 0.26535
20720001 0.278916
20730001 0.270007
20740001 0.264589
20750001 0.329253
20760001 0.27199
20770001 0.267956
20780001 0.292121
20790001 0.276209
20800001 0.289576
20810001 0.277351
20820001 0.27469
20830001 0.270095
20840001 0.274824
20850001 0.276364
20860001 0.26743
20870001 0.274628
20880001 0.275485
20890001 0.266226
20900001 0.270753
20910001 0.277395
20920001 0.271853
20930001 0.269894
20940001 0.277712
20950001 0.276912
20960001 0.266804
20970001 0.279985
20980001 0.272433
20990001 0.26458
21000001 0.280034
21010001 0.270204
21020001 0.266018
21030001 0.278437
21040001 0.272524
21050001 0.26545
21060001 0.654842
21070001 0.273547
21080001 0.266527
21090001 0.285442
21100001 0.275081
21110001 0.299998
21120001 0.291301
21130001 0.275996
21140001 1.31559
21150001 0.274266
21160001 0.276151
21170001 0.27366
21180001 0.274591
21190001 0.277684
21200001 0.794251
21210001 0.269372
21220001 0.277138
21230001 0.276717
21240001 0.267776
21250001 0.286148
21260001 0.269378
21270001 0.265452
21280001 0.278254
21290001 0.271556
21300001 0.26535
21310001 0.278916
21320001 0.270007
21330001 0.264589
21340001 0.329253
21350001 0.27199
21360001 0.267956
21370001 0.292121
21380001 0.276209
21390001 0.289576
21400001 0.277351
21410001 0.27469
21420001 0.270095
21430001 0.274824
21440001 0.276364
21450001 0.26743
21460001 0.274628
21470001 0.275485
21480001 0.266226
21490001 0.270753
21500001 0.277395
21510001 0.271853
21520001 0.269894
21530001 0.277712
21540001 0.276912
21550001 0.266804
21560001 0.279985
21570001 0.272433
21580001 0.26458
21590001 0.280034
21600001 0.270204
21610001 0.266018
21620001 0.278437
21630001 0.272524
21640001 0.26545
21650001 0.654842
21660001 0.273547
21670001 0.266527
21680001 0.285442
21690001 0.275081
21700001 0.299998
21710001 0.291301
21720001 0.275996
21730001 1.31559
21740001 0.274266
21750001 0.276151
21760001 0.27366
21770001 0.274591
21780001 0.277684
21790001 0.794251
21800001 0.269372
21810001 0.277138
21820001 0.276717
21830001 0.267776
21840001 0.286148
21850001 0.269378
21860001 0.265452
21870001 0.278254
21880001 0.271556
21890001 0.26535
21900001 0.278916
21910001 0.270007
21920001 0.264589
21930001 0.329253
21940001 0.27199
21950001 0.267956
21960001 0.292121
21970001 0.276209
21980001 0.289576
21990001 0.277351
22000001 0.27469
22010001 0.270095
22020001 0.274824
22030001 0.276364
22040001 0.26743
22050001 0.274628
22060001 0.275485
22070001 0.266226
22080001 0.270753
22090001 0.277395
22100001 0.271853
22110001 0.269894
22120001 0.277712
22130001 0.276912
22140001 0.266804
22150001 0.279985
22160001 0.272433
22170001 0.26458
22180001 0.280034
22190001 0.270204
22200001 0.266018
22210001 0.278437
22220001 0.272524
22230001 0.26545
22240001 0.654842
22250001 0.273547
22260001 0.266527
22270001 0.285442
22280001 0.275081
22290001 0.299998
22300001 0.291301
22310001 0.275996
22320001 1.31559
22330001 0.274266
22340001 0.276151
22350001 0.27366
22360001 0.274591
22370001 0.277684
22380001 0.794251
22390001 0.269372
22400001 0.277138
22410001 0.276717
22420001 0.267776
22430001 0.286148
22440001 0.269378
22450001 0.265452
22460001 0.278254
22470001 0.271556
22480001 0.26535
22490001 0.278916
22500001 0.270007
22510001 0.264589
22520001 0.329253
22530001 0.27199
22540001 0.267956
22550001 0.292121
22560001 0.276209
22570001 0.289576
22580001 0.277351
22590001 0.27469
22600001 0.270095
22610001 0.274824
22620001 0.276364
22630001 0.26743
22640001 0.274628
22650001 0.275485
22660001 0.266226
22670001 0.270753
22680001 0.277395
22690001 0.271853
22700001 0.269894
22710001 0.277712
22720001 0.276912
22730001 0.266804
22740001 0.279985
22750001 0.272433
22760001 0.26458
22770001 0.280034
22780001 0.270204
22790001 0.266018
22800001 0.278437
22810001 0.272524
22820001 0.26545
22830001 0.654842
22840001 0.273547
22850001 0.266527
22860001 0.285442
22870001 0.275081
22880001 0.299998
22890001 0.291301
22900001 0.275996
22910001 1.31559
22920001 0.274266
22930001 0.276151
22940001 0.27366
22950001 0.274591
22960001 0.277684
22970001 0.794251
22980001 0.269372
22990001 0.277138
23000001 0.276717
23010001 0.267776
23020001 0.286148
23030001 0.269378
23040001 0.265452
23050001 0.278254
23060001 0.271556
23070001 0.26535
23080001 0.278916
23090001 0.270007
23100001 0.264589
23110001 0.329253
23120001 0.27199
23130001 0.267956
23140001 0.292121
23150001 0.276209
23160001 0.289576
23170001 0.277351
23180001 0.27469
23190001 0.270095
23200001 0.274824
23210001 0.276364
23220001 0.26743
23230001 0.274628
23240001 0.275485
23250001 0.266226
23260001 0.270753
23270001 0.277395
23280001 0.271853
23290001 0.269894
23300001 0.277712
23310001 0.276912
23320001 0.266804
23330001 0.279985
23340001 0.272433
23350001 0.26458
23360001 0.280034
23370001 0.270204
23380001 0.266018
23390001 0.278437
23400001 0.272524
23410001 0.26545
23420001 0.654842
23430001 0.273547
23440001 0.266527
23450001 0.285442
23460001 0.275081
23470001 0.299998
23480001 0.291301
23490001 0.275996
23500001 1.31559
23510001 0.274266
23520001 0.276151
23530001 0.27366
23540001 0.274591
23550001 0.277684
23560001 0.794251
23570001 0.269372
23580001 0.277138
23590001 0.276717
23600001 0.267776
23610001 0.286148
23620001 0.269378
23630001 0.265452
23640001 0.278254
23650001 0.271556
23660001 0.26535
23670001 0.278916
23680001 0.270007
23690001 0.264589
23700001 0.329253
23710001 0.27199
23720001 0.267956
23730001 0.292121
23740001 0.276209
23750001 0.289576
23760001 0.277351
23770001 0.27469
23780001 0.270095
23790001 0.274824
23800001 0.276364
23810001 0.26743
23820001 0.274628
23830001 0.275485
23840001 0.266226
23850001 0.270753
23860001 0.277395
23870001 0.271853
23880001 0.269894
23890001 0.277712
23900001 0.276912
23910001 0.266804
23920001 0.279985
23930001 0.272433
23940001 0.26458
23950001 0.280034
23960001 0.270204
23970001 0.266018
23980001 0.278437
23990001 0.272524
24000001 0.26545
24010001 0.654842
24020001 0.273547
24030001 0.266527
24040001 0.285442
24050001 0.275081
24060001 0.299998
24070001 0.291301
24080001 0.275996
24090001 1.31559
24100001 0.274266
24110001 0.276151
24120001 0.27366
24130001 0.274591
24140001 0.277684
24150001 0.794251
24160001 0.269372
24170001 0.277138
24180001 0.276717
24190001 0.267776
24200001 0.286148
24210001 0.269378
24220001 0.265452
24230001 0.278254
24240001 0.271556
24250001 0.26535
24260001 0.278916
24270001 0.270007
24280001 0.264589
24290001 0.329253
24300001 0.27199
24310001 0.267956
24320001 0.292121
24330001 0.276209
24340001 0.289576
24350001 0.277351
24360001 0.27469
24370001 0.270095
24380001 0.274824
24390001 0.276364
24400001 0.26743
24410001 0.274628
24420001 0.275485
24430001 0.266226
24440001 0.270753
24450001 0.277395
24460001 0.271853
24470001 0.269894
24480001 0.277712
24490001 0.276912
24500001 0.266804
24510001 0.279985
24520001 0.272433
24530001 0.26458
24540001 0.280034
24550001 0.270204
24560001 0.266018
24570001 0.278437
24580001 0.272524
24590001 0.26545
24600001 0.654842
24610001 0.273547
24620001 0.266527
24630001 0.285442
24640001 0.275081
24650001 0.299998
24660001 0.291301
24670001 0.275996
24680001 1.31559
24690001 0.274266
24700001 0.276151
24710001 0.27366
24720001 0.274591
24730001 0.277684
24740001 0.794251
24750001 0.269372
24760001 0.277138
24770001 0.276717
24780001 0.267776
24790001 0.286148
24800001 0.269378
24810001 0.265452
24820001 0.278254
24830001 0.271556
24840001 0.26535
24850001 0.278916
24860001 0.270007
24870001 0.264589
24880001 0.329253
24890001 0.27199
24900001 0.267956
24910001 0.292121
24920001 0.276209
24930001 0.289576
24940001 0.277351
24950001 0.27469
24960001 0.270095
24970001 0.274824
24980001 0.276364
24990001 0.26743
25000001 0.274628
25010001 0.275485
25020001 0.266226
25030001 0.270753
25040001 0.277395
25050001 0.271853
25060001 0.269894
25070001 0.277712
25080001 0.276912
25090001 0.266804
25100001 0.279985
25110001 0.272433
25120001 0.26458
25130001 0.280034
25140001 0.270204
25150001 0.266018
25160001 0.278437
25170001 0.272524
25180001 0.26545
25190001 0.654842
25200001 0.273547
25210001 0.266527
25220001 0.285442
25230001 0.275081
25240001 0.299998
25250001 0.291301
25260001 0.275996
25270001 1.31559
25280001 0.274266
25290001 0.276151
25300001 0.27366
25310001 0.274591
25320001 0.277684
25330001 0.794251
25340001 0.269372
25350001 0.277138
25360001 0.276717
25370001 0.267776
25380001 0.286148
25390001 0.269378
25400001 0.265452
25410001 0.278254
25420001 0.271556
25430001 0.26535
25440001 0.278916
25450001 0.270007
25460001 0.264589
25470001 0.329253
25480001 0.27199
25490001 0.267956
25500001 0.292121
25510001 0.276209
25520001 0.289576
25530001 0.277351
25540001 0.27469
25550001 0.270095
25560001 0.274824
25570001 0.276364
25580001 0.26743
25590001 0.274628
25600001 0.275485
25610001 0.266226
25620001 0.270753
25630001 0.277395
25640001 0.271853
25650001 0.269894
25660001 0.277712
25670001 0.276912
25680001 0.266804
25690001 0.279985
25700001 0.272433
25710001 0.26458
25720001 0.280034
25730001 0.270204
25740001 0.266018
25750001 0.278437
25760001 0.272524
25770001 0.26545
25780001 0.654842
25790001 0.273547
25800001 0.266527
25810001 0.285442
25820001 0.275081
25830001 0.299998
25840001 0.291301
25850001 0.275996
25860001 1.31559
25870001 0.274266
25880001 0.276151
25890001 0.27366
25900001 0.274591
25910001 0.277684
25920001 0.794251
25930001 0.269372
25940001 0.277138
25950001 0.276717
25960001 0.267776
25970001 0.286148
25980001 0.269378
25990001 0.265452
26000001 0.278254
26010001 0.271556
26020001 0.26535
26030001 0.278916
26040001 0.270007
26050001 0.264589
26060001 0.329253
26070001 0.27199
26080001 0.267956
26090001 0.292121
26100001 0.276209
26110001 0.289576
26120001 0.277351
26130001 0.27469
26140001 0.270095
26150001 0.274824
26160001 0.276364
26170001 0.26743
26180001 0.274628
26190001 0.275485
26200001 0.266226
26210001 0.270753
26220001 0.277395
26230001 0.271853
26240001 0.269894
26250001 0.277712
26260001 0.276912
26270001 0.266804
26280001 0.279985
26290001 0.272433
26300001 0.26458
26310001 0.280034
26320001 0.270204
26330001 0.266018
26340001 0.278437
26350001 0.272524
26360001 0.26545
26370001 0.654842
26380001 0.273547
26390001 0.266527
26400001 0.285442
26410001 0.275081
26420001 0.299998
26430001 0.291301
26440001 0.275996
26450001 1.31559
26460001 0.274266
26470001 0.276151
26480001 0.27366
26490001 0.274591
26500001 0.277684
26510001 0.794251
26520001 0.269372
26530001 0.277138
26540001 0.276717
26550001 0.267776
26560001 0.286148
26570001 0.269378
26580001 0.265452
26590001 0.278254
26600001 0.271556
26610001 0.26535
26620001 0.278916
26630001 0.270007
26640001 0.264589
26650001 0.329253
26660001 0.27199
26670001 0.267956
26680001 0.292121
26690001 0.276209
26700001 0.289576
26710001 0.277351
26720001 0.27469
26730001 0.270095
26740001 0.274824
26750001 0.276364
26760001 0.26743
26770001 0.274628
26780001 0.275485
26790001 0.266226
26800001 0.270753
26810001 0.277395
26820001 0.271853
26830001 0.269894
26840001 0.277712
26850001 0.276912
26860001 0.266804
26870001 0.279985
26880001 0.272433
26890001 0.26458
26900001 0.280034
26910001 0.270204
26920001 0.266018
26930001 0.278437
26940001 0.272524
26950001 0.26545
26960001 0.654842
26970001 0.273547
26980001 0.266527
26990001 0.285442
27000001 0.275081
27010001 0.299998
27020001 0.291301
27030001 0.275996
27040001 1.31559
27050001 0.274266
27060001 0.276151
27070001 0.27366
27080001 0.274591
27090001 0.277684
27100001 0.794251
27110001 0.269372
27120001 0.277138
27130001 0.276717
27140001 0.267776
27150001 0.286148
27160001 0.269378
27170001 0.265452
27180001 0.278254
27190001 0.271556
27200001 0.26535
27210001 0.278916
27220001 0.270007
27230001 0.264589
27240001 0.329253
27250001 0.27199
27260001 0.267956
27270001 0.292121
27280001 0.276209
27290001 0.289576
27300001 0.277351
27310001 0.27469
27320001 0.270095
27330001 0.274824
27340001 0.276364
27350001 0.26743
27360001 0.274628
27370001 0.275485
27380001 0.266226
27390001 0.270753
27400001 0.277395
27410001 0.271853
27420001 0.269894
27430001 0.277712
27440001 0.276912
27450001 0.266804
27460001 0.279985
27470001 0.272433
27480001 0.26458
27490001 0.280034
27500001 0.270204
27510001 0.266018
27520001 0.278437
27530001 0.272524
27540001 0.26545
27550001 0.654842
27560001 0.273547
27570001 0.266527
27580001 0.285442
27590001 0.275081
27600001 0.299998
27610001 0.291301
27620001 0.275996
27630001 1.31559
27640001 0.274266
27650001 0.276151
27660001 0.27366
27670001 0.274591
27680001 0.277684
27690001 0.794251
27700001 0.269372
27710001 0.277138
27720001 0.276717
27730001 0.267776
27740001 0.286148
27750001 0.269378
27760001 0.265452
27770001 0.278254
27780001 0.271556
27790001 0.26535
27800001 0.278916
27810001 0.270007
27820001 0.264589
27830001 0.329253
27840001 0.27199
27850001 0.267956
27860001 0.292121
27870001 0.276209
27880001 0.289576
27890001 0.277351
27900001 0.27469
27910001 0.270095
27920001 0.274824
27930001 0.276364
27940001 0.26743
27950001 0.274628
27960001 0.275485
27970001 0.266226
27980001 0.270753
27990001 0.277395
28000001 0.271853
28010001 0.269894
28020001 0.277712
28030001 0.276912
28040001 0.266804
28050001 0.279985
28060001 0.272433
28070001 0.26458
28080001 0.280034
28090001 0.270204
28100001 0.266018
28110001 0.278437
28120001 0.272524
28130001 0.26545
28140001 0.654842
28150001 0.273547
28160001 0.266527
28170001 0.285442
28180001 0.275081
28190001 0.299998
28200001 0.291301
28210001 0.275996
28220001 1.31559
28230001 0.274266
28240001 0.276151
28250001 0.27366
28260001 0.274591
28270001 0.277684
28280001 0.794251
28290001 0.269372
28300001 0.277138
28310001 0.276717
28320001 0.267776
28330001 0.286148
28340001 0.269378
28350001 0.265452
28360001 0.278254
28370001 0.271556
28380001 0.26535
28390001 0.278916
28400001 0.270007
28410001 0.264589
28420001 0.329253
28430001 0.27199
28440001 0.267956
28450001 0.292121
28460001 0.276209
28470001 0.289576
28480001 0.277351
28490001 0.27469
28500001 0.270095
28510001 0.274824
28520001 0.276364
28530001 0.26743
28540001 0.274628
28550001 0.275485
28560001 0.266226
28570001 0.270753
28580001 0.277395
28590001 0.271853
28600001 0.269894
28610001 0.277712
28620001 0.276912
28630001 0.266804
28640001 0.279985
28650001 0.272433
28660001 0.26458
28670001 0.280034
28680001 0.270204
28690001 0.266018
28700001 0.278437
28710001 0.272524
28720001 0.26545
28730001 0.654842
28740001 0.273547
28750001 0.266527
28760001 0.285442
28770001 0.275081
28780001 0.299998
28790001 0.291301
28800001 0.275996
28810001 1.31559
28820001 0.274266
28830001 0.276151
28840001 0.27366
28850001 0.274591
28860001 0.277684
28870001 0.794251
28880001 0.269372
28890001 0.277138
28900001 0.276717
28910001 0.267776
28920001 0.286148
28930001 0.269378
28940001 0.265452
28950001 0.278254
28960001 0.271556
28970001 0.26535
28980001 0.278916
28990001 0.270007
29000001 0.264589
29010001 0.329253
29020001 0.27199
29030001 0.267956
29040001 0.292121
29050001 0.276209
29060001 0.289576
29070001 0.277351
29080001 0.27469
29090001 0.270095
29100001 0.274824
29110001 0.276364
29120001 0.26743
29130001 0.274628
29140001 0.275485
29150001 0.266226
29160001 0.270753
29170001 0.277395
29180001 0.271853
29190001 0.269894
29200001 0.277712
29210001 0.276912
29220001 0.266804
29230001 0.279985
29240001 0.272433
29250001 0.26458
29260001 0.280034
29270001 0.270204
29280001 0.266018
29290001 0.278437
29300001 0.272524
29310001 0.26545
29320001 0.654842
29330001 0.273547
29340001 0.266527
29350001 0.285442
29360001 0.275081
29370001 0.299998
29380001 0.291301
29390001 0.275996
29400001 1.31559
29410001 0.274266
29420001 0.276151
29430001 0.27366
29440001 0.274591
29450001 0.277684
29460001 0.794251
29470001 0.269372
29480001 0.277138
29490001 0.276717
29500001 0.267776
29510001 0.286148
29520001 0.269378
29530001 0.265452
29540001 0.278254
29550001 0.271556
29560001 0.26535
29570001 0.278916
29580001 0.270007
29590001 0.264589
29600001 0.329253
29610001 0.27199
29620001 0.267956
29630001 0.292121
29640001 0.276209
29650001 0.289576
29660001 0.277351
29670001 0.27469
29680001 0.270095
29690001 0.274824
29700001 0.276364
29710001 0.26743
29720001 0.274628
29730001 0.275485
29740001 0.266226
29750001 0.270753
29760001 0.277395
29770001 0.271853
29780001 0.269894
29790001 0.277712
29800001 0.276912
29810001 0.266804
29820001 0.279985
29830001 0.272433
29840001 0.26458
29850001 0.280034
29860001 0.270204
29870001 0.266018
29880001 0.278437
29890001 0.272524
29900001 0.26545
29910001 0.654842
29920001 0.273547
29930001 0.266527
29940001 0.285442
29950001 0.275081
29960001 0.299998
29970001 0.291301
29980001 0.275996
29990001 1.31559
