1 2697.69
10001 773.666
20001 740.474
30001 696.675
40001 814.334
50001 472.572
60001 462.239
70001 438.759
80001 425.557
90001 379.532
100001 332.782
110001 319.353
120001 300.471
130001 317.33
140001 275.433
150001 269.472
160001 262.49
170001 255.14
180001 226.817
190001 198.55
200001 186.991
210001 181.314
220001 181.422
230001 167.655
240001 166.393
250001 161.426
260001 156.358
270001 157.156
280001 137.548
290001 125.908
300001 123.832
310001 124.175
320001 125.365
330001 116.146
340001 111.992
350001 108.931
360001 113.715
370001 99.724
380001 97.6226
390001 97.2966
400001 97.0467
410001 98.5596
420001 92.0726
430001 88.0215
440001 87.6693
450001 90.9661
460001 82.0643
470001 82.301
480001 81.2117
490001 79.7274
500001 82.8437
510001 77.9562
520001 73.0832
530001 82.9628
540001 76.3205
550001 81.5353
560001 69.5303
570001 111.283
580001 65.9568
590001 71.0416
600001 63.2593
610001 61.8572
620001 63.0111
630001 65.4911
640001 69.2928
650001 58.7955
660001 56.3691
670001 56.9019
680001 61.823
690001 53.2016
700001 53.2208
710001 53.139
720001 55.3862
730001 60.5578
740001 50.5229
750001 47.5457
760001 53.8571
770001 54.4734
780001 58.5312
790001 46.0282
800001 45.499
810001 45.0998
820001 53.9329
830001 41.5701
840001 40.6066
850001 41.1986
860001 47.8488
870001 53.7297
880001 40.1142
890001 38.3675
900001 39.0361
910001 48.5235
920001 35.5633
930001 35.5662
940001 35.582
950001 42.0208
960001 47.5117
970001 52.9168
980001 32.8521
990001 39.3045
1000001 44.1548
1010001 31.7383
1020001 39.4238
1030001 31.1783
1040001 34.4117
1050001 43.8683
1060001 52.6335
1070001 28.9774
1080001 29.3299
1090001 39.7298
1100001 48.7281
1110001 30.8871
1120001 27.5875
1130001 29.0029
1140001 40.5841
1150001 26.0645
1160001 26.6426
1170001 26.7725
1180001 36.2245
1190001 43.606
1200001 26.6719
1210001 24.3637
1220001 28.1201
1230001 38.6819
1240001 24.0769
1250001 27.5438
1260001 25.6995
1270001 30.5656
1280001 41.0008
1290001 29.2238
1300001 22.7717
1310001 45.7188
1320001 36.0836
1330001 46.7604
1340001 24.9149
1350001 91.0631
1360001 24.7244
1370001 38.8964
1380001 21.4742
1390001 21.8279
1400001 23.7117
1410001 33.685
1420001 41.9688
1430001 22.5386
1440001 20.4762
1450001 24.6848
1460001 37.3057
1470001 20.5306
1480001 21.6274
1490001 20.7345
1500001 29.9053
1510001 39.2498
1520001 22.7416
1530001 19.7313
1540001 32.6474
1550001 35.1278
1560001 39.9805
1570001 21.0029
1580001 20.8858
1590001 23.6436
1600001 37.7413
1610001 18.5368
1620001 19.273
1630001 19.8486
1640001 33.0438
1650001 42.4311
1660001 20.8774
1670001 19.4674
1680001 22.1997
1690001 36.1985
1700001 18.29
1710001 19.5182
1720001 19.1652
1730001 30.5317
1740001 39.3232
1750001 44.7808
1760001 18.4501
1770001 28.7187
1780001 35.0279
1790001 19.1396
1800001 30.3579
1810001 18.9456
1820001 24.803
1830001 37.9792
1840001 47.0978
1850001 18.3865
1860001 18.4082
1870001 32.9295
1880001 43.4155
1890001 22.7104
1900001 18.324
1910001 20.919
1920001 36.3484
1930001 17.4781
1940001 18.8676
1950001 18.543
1960001 31.0868
1970001 39.4903
1980001 19.9254
1990001 17.4242
2000001 22.625
2010001 35.4782
2020001 18.202
2030001 22.4607
2040001 20.0117
2050001 26.5097
2060001 37.9131
2070001 25.1109
2080001 17.7645
2090001 43.4675
2100001 33.4104
2110001 44.9751
2120001 20.8842
2130001 90.1436
2140001 21.2373
2150001 36.5753
2160001 17.3361
2170001 18.1963
2180001 20.3886
2190001 31.6238
2200001 40.5915
2210001 19.4107
2220001 17.2442
2230001 22.2386
2240001 35.598
2250001 17.5598
2260001 19.042
2270001 18.0286
2280001 28.2007
2290001 38.3402
2300001 20.564
2310001 17.4641
2320001 28.1516
2330001 33.9858
2340001 37.0215
2350001 19.1641
2360001 19.0257
2370001 22.0811
2380001 37.0979
2390001 16.7906
2400001 17.6333
2410001 18.1675
2420001 32.1535
2430001 41.7614
2440001 19.5504
2450001 18.0849
2460001 21.0088
2470001 35.7784
2480001 17.0556
2490001 18.314
2500001 17.9038
2510001 29.8812
2520001 38.7316
2530001 44.2991
2540001 17.4779
2550001 28.069
2560001 34.7147
2570001 18.3854
2580001 29.8157
2590001 18.0372
2600001 24.2437
2610001 37.527
2620001 46.8222
2630001 17.695
2640001 17.7542
2650001 32.6319
2660001 43.3161
2670001 22.147
2680001 17.7168
2690001 20.448
2700001 35.991
2710001 16.9104
2720001 18.3724
2730001 18.0789
2740001 30.8727
2750001 39.4476
2760001 19.4501
2770001 16.9523
2780001 22.2726
2790001 35.2244
2800001 17.7586
2810001 22.1708
2820001 19.6849
2830001 26.2887
2840001 37.8917
2850001 24.875
2860001 17.443
2870001 43.321
2880001 33.2906
2890001 44.8698
2900001 20.6688
2910001 90.085
2920001 21.0218
2930001 36.589
2940001 17.0851
2950001 17.9933
2960001 20.2238
2970001 31.5035
2980001 40.5204
2990001 19.1775
3000001 17.0624
3010001 21.7648
3020001 35.6149
3030001 17.4196
3040001 18.8878
3050001 17.8461
3060001 28.1253
3070001 38.2533
3080001 20.4869
3090001 17.3381
3100001 28.0792
3110001 33.9934
3120001 35.7104
3130001 19.0415
3140001 18.6009
3150001 22.0158
3160001 37.0255
3170001 16.683
3180001 17.5481
3190001 18.0536
3200001 32.1355
3210001 41.8111
3220001 19.4903
3230001 18.0017
3240001 20.8979
3250001 35.7221
3260001 16.9719
3270001 18.2742
3280001 17.8305
3290001 29.8496
3300001 38.7653
3310001 44.3101
3320001 17.4149
3330001 28.0469
3340001 34.7074
3350001 18.3159
3360001 29.8103
3370001 17.9988
3380001 24.2307
3390001 37.5595
3400001 46.8062
3410001 17.6554
3420001 17.7127
3430001 32.6235
3440001 43.3308
3450001 22.1537
3460001 17.6876
3470001 20.4084
3480001 36.0266
3490001 16.89
3500001 18.352
3510001 18.0573
3520001 30.8958
3530001 39.453
3540001 19.4262
3550001 16.9387
3560001 22.2505
3570001 35.2493
3580001 17.7422
3590001 22.1681
3600001 19.6554
3610001 26.294
3620001 37.8801
3630001 24.8808
3640001 17.4278
3650001 43.3188
3660001 33.3125
3670001 44.904
3680001 20.6406
3690001 90.0902
3700001 21.0363
3710001 36.5778
3720001 17.068
3730001 17.9879
3740001 20.284
3750001 31.5086
3760001 40.5621
3770001 19.1147
3780001 17.0674
3790001 21.782
3800001 35.6077
3810001 17.4002
3820001 18.8852
3830001 17.8514
3840001 28.1435
3850001 38.2821
3860001 20.549
3870001 17.3189
3880001 28.1067
3890001 33.9957
3900001 34.9541
3910001 19.0421
3920001 18.5909
3930001 22.0106
3940001 37.0471
3950001 16.6826
3960001 17.5249
3970001 18.023
3980001 32.1362
3990001 41.8293
4000001 19.4774
4010001 17.9953
4020001 20.6753
4030001 35.7412
4040001 16.9493
4050001 18.2968
4060001 17.8556
4070001 29.852
4080001 38.767
4090001 44.292
4100001 17.4256
4110001 28.0433
4120001 34.7206
4130001 18.3192
4140001 29.8014
4150001 17.9881
4160001 24.2604
4170001 37.5655
4180001 46.8079
4190001 17.6512
4200001 17.7124
4210001 32.6422
4220001 43.3599
4230001 22.1595
4240001 17.6882
4250001 20.4147
4260001 36.027
4270001 16.8844
4280001 18.3443
4290001 18.0914
4300001 30.911
4310001 39.4777
4320001 19.4281
4330001 16.944
4340001 22.2552
4350001 35.2509
4360001 17.7465
4370001 21.9821
4380001 19.6693
4390001 26.3051
4400001 37.8929
4410001 24.8621
4420001 17.4321
4430001 43.3305
4440001 33.3218
4450001 44.9203
4460001 20.6369
4470001 90.0835
4480001 21.0576
4490001 36.5892
4500001 17.0769
4510001 17.9746
4520001 20.3137
4530001 31.5102
4540001 40.5692
4550001 19.1425
4560001 17.1363
4570001 21.7674
4580001 35.6173
4590001 17.3928
4600001 18.8758
4610001 17.8572
4620001 28.1627
4630001 38.2995
4640001 20.5174
4650001 17.2815
4660001 28.0926
4670001 34.0012
4680001 34.5253
4690001 19.042
4700001 18.5916
4710001 22.0116
4720001 37.0505
4730001 16.7194
4740001 17.5111
4750001 18.0073
4760001 32.1398
4770001 41.8586
4780001 19.4719
4790001 18.0332
4800001 20.6724
4810001 35.7436
4820001 16.9315
4830001 18.2657
4840001 17.8242
4850001 29.8536
4860001 38.7749
4870001 44.2851
4880001 17.469
4890001 28.055
4900001 34.7235
4910001 18.3579
4920001 29.7976
4930001 17.9809
4940001 24.2662
4950001 37.5853
4960001 46.8144
4970001 17.6565
4980001 17.7107
4990001 32.6637
5000001 43.3783
5010001 22.1628
5020001 17.7125
5030001 20.4059
5040001 36.0326
5050001 16.8805
5060001 18.303
5070001 18.0725
5080001 30.9264
5090001 39.4889
5100001 19.4287
5110001 16.937
5120001 22.2538
5130001 35.2551
5140001 17.6615
5150001 21.9775
5160001 19.676
5170001 26.3114
5180001 37.8961
5190001 24.8068
5200001 17.4287
5210001 43.327
5220001 33.337
5230001 44.9434
5240001 20.6403
5250001 90.0845
5260001 21.0571
5270001 36.5918
5280001 17.1046
5290001 17.9741
5300001 20.3313
5310001 31.5269
5320001 40.6029
5330001 19.1405
5340001 17.1259
5350001 21.7495
5360001 35.6377
5370001 17.2935
5380001 18.8759
5390001 17.8826
5400001 28.1867
5410001 38.3166
5420001 20.5298
5430001 17.2544
5440001 28.1092
5450001 34.003
5460001 33.9097
5470001 19.0451
5480001 18.5698
5490001 22.0119
5500001 37.0699
5510001 16.6392
5520001 17.4941
5530001 17.9654
5540001 32.141
5550001 41.8744
5560001 19.4713
5570001 18.1088
5580001 20.6818
5590001 35.7467
5600001 16.9238
5610001 18.2652
5620001 17.8193
5630001 29.8545
5640001 38.786
5650001 44.3054
5660001 17.519
5670001 28.0543
5680001 34.726
5690001 18.3455
5700001 29.7694
5710001 17.9726
5720001 24.2699
5730001 37.5986
5740001 46.7943
5750001 17.6464
5760001 17.7119
5770001 32.6901
5780001 43.3945
5790001 22.176
5800001 17.7084
5810001 20.4066
5820001 36.0344
5830001 16.8814
5840001 18.097
5850001 18.0456
5860001 30.9386
5870001 39.4938
5880001 19.4543
5890001 16.9324
5900001 22.2552
5910001 35.2565
5920001 17.6897
5930001 21.9867
5940001 19.6952
5950001 26.3349
5960001 37.899
5970001 23.1298
5980001 17.4269
5990001 43.3323
6000001 33.3395
6010001 44.9495
6020001 20.6404
6030001 90.0718
6040001 21.0267
6050001 36.5942
6060001 17.1345
6070001 17.9726
6080001 20.3504
6090001 31.5569
6100001 40.618
6110001 19.1456
6120001 17.0943
6130001 21.7407
6140001 35.6418
6150001 17.2763
6160001 18.8753
6170001 17.8754
6180001 28.2032
6190001 38.3256
6200001 20.5197
6210001 17.2465
6220001 28.0811
6230001 34.004
6240001 33.0888
6250001 19.0525
6260001 18.57
6270001 22.0161
6280001 37.0823
6290001 16.6803
6300001 17.4918
6310001 17.9448
6320001 32.1416
6330001 41.8824
6340001 19.4719
6350001 17.7903
6360001 20.6916
6370001 35.748
6380001 16.9207
6390001 18.2326
6400001 17.8278
6410001 29.8761
6420001 38.796
6430001 44.3316
6440001 17.3933
6450001 28.1238
6460001 34.727
6470001 18.3484
6480001 29.774
6490001 17.9619
6500001 24.2764
6510001 37.6132
6520001 46.7994
6530001 17.6478
6540001 17.7097
6550001 32.6992
6560001 43.4058
6570001 22.1798
6580001 17.7113
6590001 20.4068
6600001 36.0359
6610001 16.878
6620001 18.0846
6630001 18.0334
6640001 30.9389
6650001 39.4958
6660001 19.45
6670001 16.9331
6680001 22.2533
6690001 35.2591
6700001 17.7174
6710001 21.9912
6720001 19.6826
6730001 26.3531
6740001 37.9006
6750001 23.1395
6760001 17.3773
6770001 43.3319
6780001 33.3398
6790001 44.9686
6800001 20.6411
6810001 90.0682
6820001 21.0171
6830001 36.5956
6840001 17.174
6850001 17.822
6860001 20.3418
6870001 31.5751
6880001 40.6347
6890001 19.141
6900001 17.0701
6910001 21.7418
6920001 35.6428
6930001 17.2783
6940001 18.8734
6950001 17.8561
6960001 28.2132
6970001 38.3272
6980001 20.4773
6990001 17.2451
7000001 28.0951
7010001 34.0043
7020001 31.9259
7030001 19.0373
7040001 18.5549
7050001 22.02
7060001 37.1134
7070001 16.6947
7080001 17.4914
7090001 17.9414
7100001 32.1418
7110001 41.8897
7120001 19.4703
7130001 17.7379
7140001 20.6909
7150001 35.7489
7160001 16.9282
7170001 18.2339
7180001 17.8305
7190001 29.8932
7200001 38.8057
7210001 44.3884
7220001 17.4263
7230001 28.0754
7240001 34.7277
7250001 18.3716
7260001 29.7744
7270001 17.967
7280001 24.3095
7290001 37.6283
7300001 46.7927
7310001 17.6458
7320001 17.7103
7330001 32.7021
7340001 43.4138
7350001 22.1757
7360001 17.715
7370001 20.4064
7380001 36.0368
7390001 16.8832
7400001 18.0939
7410001 18.056
7420001 30.939
7430001 39.4972
7440001 19.4197
7450001 16.9325
7460001 22.2688
7470001 35.2742
7480001 17.8861
7490001 21.9854
7500001 19.6748
7510001 26.361
7520001 37.9019
7530001 23.1224
7540001 17.3389
7550001 43.3294
7560001 33.3398
7570001 44.986
7580001 20.6357
7590001 90.075
7600001 21.0145
7610001 36.5966
7620001 17.1559
7630001 17.8221
7640001 20.3068
7650001 31.5825
7660001 40.6582
7670001 19.1401
7680001 17.0862
7690001 21.7461
7700001 35.6436
7710001 17.2944
7720001 18.8734
7730001 17.8942
7740001 28.2543
7750001 38.3285
7760001 20.4901
7770001 17.2347
7780001 28.0937
7790001 34.0111
7800001 31.4538
7810001 19.0323
7820001 18.5445
7830001 22.0266
7840001 37.1397
7850001 16.647
7860001 17.4958
7870001 17.9412
7880001 32.1418
7890001 41.9123
7900001 19.4725
7910001 17.7582
7920001 20.6999
7930001 35.7496
7940001 16.9228
7950001 18.2343
7960001 17.809
7970001 29.9205
7980001 38.8192
7990001 44.3655
8000001 17.3995
8010001 28.0309
8020001 34.7309
8030001 18.3074
8040001 29.7741
8050001 17.9742
8060001 24.325
8070001 37.6347
8080001 46.7939
8090001 17.6395
8100001 17.709
8110001 32.7019
8120001 43.4374
8130001 22.1771
8140001 17.7015
8150001 20.4085
8160001 36.0376
8170001 16.8797
8180001 18.1047
8190001 18.0322
8200001 30.9391
8210001 39.4984
8220001 19.414
8230001 16.949
8240001 22.2608
8250001 35.2884
8260001 17.8598
8270001 21.9902
8280001 19.6737
8290001 26.3677
8300001 37.9029
8310001 23.1308
8320001 17.3368
8330001 43.3259
8340001 33.3398
8350001 44.9983
8360001 20.0144
8370001 90.1431
8380001 21.0033
8390001 36.6027
8400001 17.1642
8410001 17.8221
8420001 20.2873
8430001 31.6128
8440001 40.665
8450001 19.1453
8460001 17.0728
8470001 21.7852
8480001 35.6442
8490001 17.0669
8500001 18.8748
8510001 17.904
8520001 28.2681
8530001 38.3295
8540001 20.5201
8550001 17.231
8560001 28.0994
8570001 34.0291
8580001 31.4366
8590001 19.0206
8600001 18.536
8610001 22.0343
8620001 37.1516
8630001 16.6434
8640001 17.4876
8650001 17.9426
8660001 32.1417
8670001 41.9249
8680001 19.4728
8690001 17.7499
8700001 20.7282
8710001 35.7501
8720001 16.901
8730001 18.235
8740001 17.8013
8750001 29.9412
8760001 38.8476
8770001 44.3631
8780001 17.4418
8790001 28.0181
8800001 34.7408
8810001 18.1114
8820001 29.7702
8830001 17.9719
8840001 24.3555
8850001 37.6355
8860001 46.7986
8870001 17.6392
8880001 17.7065
8890001 32.7017
8900001 43.4545
8910001 22.1707
8920001 17.7012
8930001 20.4087
8940001 36.0381
8950001 16.8856
8960001 18.1654
8970001 18.0252
8980001 30.939
8990001 39.4993
9000001 19.3985
9010001 17.008
9020001 22.2299
9030001 35.3288
9040001 17.8423
9050001 21.9933
9060001 19.6784
9070001 26.409
9080001 37.9037
9090001 23.1345
9100001 17.3375
9110001 43.326
9120001 33.3397
9130001 45.0408
9140001 19.8772
9150001 90.1117
9160001 21.0013
9170001 36.6079
9180001 17.2028
9190001 17.8148
9200001 20.2716
9210001 31.6215
9220001 40.6854
9230001 19.1512
9240001 17.0895
9250001 21.8258
9260001 35.6445
9270001 17.0771
9280001 18.8774
9290001 17.9045
9300001 28.2842
9310001 38.3303
9320001 20.5235
9330001 17.2312
9340001 28.1134
9350001 34.0402
9360001 31.0392
9370001 19.0022
9380001 18.5381
9390001 22.0379
9400001 37.1522
9410001 16.6391
9420001 17.4842
9430001 17.9194
9440001 32.1416
9450001 41.9401
9460001 19.4844
9470001 17.7506
9480001 20.7375
9490001 35.7505
9500001 16.9262
9510001 18.2335
9520001 17.8104
9530001 29.9421
9540001 38.8613
9550001 44.3272
9560001 17.3953
9570001 28.0171
9580001 34.7578
9590001 18.1328
9600001 29.7717
9610001 17.9779
9620001 24.4067
9630001 37.6362
9640001 46.7937
9650001 17.6391
9660001 17.7092
9670001 32.7014
9680001 43.4563
9690001 22.1686
9700001 17.7113
9710001 20.4103
9720001 36.0449
9730001 16.8706
9740001 18.1475
9750001 18.0283
9760001 30.939
9770001 39.5
9780001 19.2076
9790001 17.0102
9800001 22.2346
9810001 35.3598
9820001 17.839
9830001 21.9813
9840001 19.6794
9850001 26.4357
9860001 37.9044
9870001 23.1425
9880001 17.3443
9890001 43.3429
9900001 33.3396
9910001 45.0813
9920001 19.8746
9930001 89.9436
9940001 20.9914
9950001 36.6169
9960001 17.35
9970001 17.8077
9980001 20.2681
9990001 31.6368
10000001 40.7044
10010001 19.1529
10020001 17.0889
10030001 21.8331
10040001 35.6448
10050001 17.0811
10060001 18.8851
10070001 17.903
10080001 28.2923
10090001 38.331
10100001 20.593
10110001 17.2323
10120001 28.1354
10130001 34.0568
10140001 30.3945
10150001 18.99
10160001 18.5263
10170001 22.0441
10180001 37.1528
10190001 16.6162
10200001 17.4867
10210001 17.9127
10220001 32.1415
10230001 41.9554
10240001 19.5
10250001 17.7501
10260001 20.7953
10270001 35.7507
10280001 16.9272
10290001 18.2324
10300001 17.8595
10310001 29.9598
10320001 38.8783
10330001 44.3048
10340001 17.3701
10350001 28.0259
10360001 34.7578
10370001 17.9847
10380001 29.77
10390001 17.9838
10400001 24.4437
10410001 37.6368
10420001 46.7934
10430001 17.6353
10440001 17.72
10450001 32.704
10460001 43.4709
10470001 22.1684
10480001 17.7203
10490001 20.4109
10500001 36.0625
10510001 16.8948
10520001 18.1405
10530001 18.0318
10540001 30.9389
10550001 39.511
10560001 19.2286
10570001 17.068
10580001 22.2377
10590001 35.37
10600001 17.829
10610001 21.9839
10620001 19.7187
10630001 26.4484
10640001 37.9122
10650001 23.1492
10660001 17.3396
10670001 43.3118
10680001 33.3395
10690001 45.1028
10700001 19.8809
10710001 21.1619
10720001 20.966
10730001 36.6195
10740001 17.2774
10750001 17.8012
10760001 20.2971
10770001 31.658
10780001 40.715
10790001 19.1556
10800001 17.0945
10810001 21.809
10820001 35.6451
10830001 17.1027
10840001 18.8751
10850001 17.9048
10860001 28.3006
10870001 38.3317
10880001 20.5859
10890001 17.2275
10900001 28.1308
10910001 34.0672
10920001 29.4388
10930001 18.987
10940001 18.5337
10950001 22.0557
10960001 37.1533
10970001 16.6128
10980001 17.5185
10990001 17.9344
11000001 32.1414
11010001 41.966
11020001 19.5019
11030001 17.7513
11040001 20.7938
11050001 35.751
11060001 16.9202
11070001 18.2499
11080001 17.8548
11090001 29.9613
11100001 38.8923
11110001 44.309
11120001 17.3413
11130001 28.0099
11140001 34.7578
11150001 17.9687
11160001 29.7695
11170001 18.0287
11180001 24.4472
11190001 37.6374
11200001 46.7932
11210001 17.6346
11220001 17.7088
11230001 32.7263
11240001 43.4865
11250001 22.1669
11260001 17.6985
11270001 20.4072
11280001 36.0788
11290001 16.8681
11300001 18.1669
11310001 18.0383
11320001 30.9389
11330001 39.5133
11340001 19.2448
11350001 17.0596
11360001 22.262
11370001 35.3702
11380001 17.8416
11390001 21.9897
11400001 19.7687
11410001 26.4643
11420001 37.9197
11430001 23.1776
11440001 17.3475
11450001 42.9455
11460001 33.3453
11470001 45.109
11480001 19.8799
11490001 21.1659
11500001 20.8521
11510001 36.6199
11520001 17.2707
11530001 17.8016
11540001 20.3842
11550001 31.6669
11560001 40.7263
11570001 19.1651
11580001 17.1022
11590001 21.7946
11600001 35.6453
11610001 17.1001
11620001 18.8705
11630001 17.9083
11640001 28.3292
11650001 38.3323
11660001 20.5825
11670001 17.2283
11680001 28.1339
11690001 34.0937
11700001 28.6031
11710001 18.9849
11720001 18.5127
11730001 22.0558
11740001 37.1538
11750001 16.5987
11760001 17.5051
11770001 17.93
11780001 32.1413
11790001 41.9736
11800001 19.5024
11810001 17.7523
11820001 20.8543
11830001 35.7542
11840001 16.9248
11850001 18.2597
11860001 17.8772
11870001 29.9968
11880001 38.9052
11890001 44.3066
11900001 17.347
11910001 23.8437
11920001 34.7579
11930001 17.9724
11940001 29.7531
11950001 17.9994
11960001 24.448
11970001 37.6379
11980001 46.8133
11990001 17.6347
12000001 17.6994
12010001 32.7401
12020001 43.5002
12030001 22.1706
12040001 17.692
12050001 20.4216
12060001 36.0908
12070001 16.8553
12080001 18.1622
12090001 18.0608
12100001 30.9388
12110001 39.5268
12120001 19.2489
12130001 17.0669
12140001 22.2448
12150001 35.3705
12160001 17.8237
12170001 21.9816
12180001 19.6534
12190001 26.4787
12200001 37.946
12210001 23.2065
12220001 17.3381
12230001 35.4645
12240001 33.3547
12250001 45.1193
12260001 19.9041
12270001 21.1702
12280001 20.8605
12290001 36.6203
12300001 17.2768
12310001 17.8078
12320001 18.8359
12330001 31.6668
12340001 40.7361
12350001 19.1637
12360001 17.1216
12370001 21.8075
12380001 35.6456
12390001 17.1033
12400001 18.8646
12410001 17.9167
12420001 28.3506
12430001 38.3328
12440001 20.6102
12450001 17.2486
12460001 28.1119
12470001 34.1175
12480001 27.8407
12490001 18.9834
12500001 18.5171
12510001 22.0643
12520001 37.1542
12530001 16.5967
12540001 17.4998
12550001 17.9274
12560001 32.145
12570001 41.9888
12580001 19.5096
12590001 17.7691
12600001 20.8494
12610001 35.7605
12620001 16.9199
12630001 18.2781
12640001 17.8386
12650001 30.0005
12660001 38.9171
12670001 44.2814
12680001 17.342
12690001 23.7913
12700001 34.7579
12710001 17.9705
12720001 29.7494
12730001 18.0045
12740001 24.4591
12750001 37.6383
12760001 46.8433
12770001 17.6378
12780001 17.7042
12790001 32.7544
12800001 43.5125
12810001 22.1848
12820001 17.7003
12830001 20.4238
12840001 36.1103
12850001 16.8597
12860001 18.1938
12870001 18.0905
12880001 30.9388
12890001 39.5419
12900001 19.2626
12910001 17.0698
12920001 22.2569
12930001 35.3707
12940001 17.8385
12950001 21.9735
12960001 18.1289
12970001 26.501
12980001 37.9547
12990001 23.208
13000001 17.3478
13010001 35.3886
13020001 33.3806
13030001 45.1216
13040001 19.89
13050001 21.1568
13060001 20.8694
13070001 36.6207
13080001 17.2966
13090001 17.8007
13100001 18.8804
13110001 31.6667
13120001 40.7516
13130001 19.1561
13140001 17.1154
13150001 21.7971
13160001 35.6458
13170001 17.1236
13180001 18.8645
13190001 17.9295
13200001 28.365
13210001 38.3333
13220001 20.6276
13230001 17.2664
13240001 28.1103
13250001 34.1375
13260001 26.8516
13270001 18.9861
13280001 18.5384
13290001 22.0747
13300001 37.1546
13310001 16.5957
13320001 17.4931
13330001 17.9269
13340001 32.148
13350001 42.0133
13360001 19.5223
13370001 17.7925
13380001 20.8825
13390001 35.7643
13400001 16.8526
13410001 18.2625
13420001 17.7967
13430001 30.0065
13440001 38.9248
13450001 44.2053
13460001 17.339
13470001 23.7932
13480001 34.7579
13490001 17.9699
13500001 29.7615
13510001 18.0018
13520001 24.4751
13530001 37.6387
13540001 34.0049
13550001 17.634
13560001 17.7184
13570001 32.7714
13580001 43.5164
13590001 22.1806
13600001 17.6937
13610001 20.4096
13620001 36.1106
13630001 16.8423
13640001 18.181
13650001 18.1128
13660001 30.9387
13670001 39.5458
13680001 19.2553
13690001 17.0702
13700001 22.2195
13710001 35.3709
13720001 17.8584
13730001 21.9784
13740001 18.146
13750001 26.5068
13760001 37.9725
13770001 23.1864
13780001 17.343
13790001 35.3882
13800001 33.3805
13810001 45.1458
13820001 19.8787
13830001 21.1762
13840001 20.8737
13850001 36.621
13860001 17.3248
13870001 17.7967
13880001 18.8722
13890001 31.6667
13900001 40.7549
13910001 19.1518
13920001 17.1532
13930001 21.8021
13940001 35.646
13950001 17.1323
13960001 18.8589
13970001 17.9573
13980001 28.3736
13990001 38.3337
14000001 20.6184
14010001 17.2547
14020001 28.103
14030001 34.1375
14040001 25.3147
14050001 19.0091
14060001 18.5514
14070001 22.0863
14080001 37.155
14090001 16.6156
14100001 17.4916
14110001 17.9316
14120001 32.1596
14130001 42.0316
14140001 19.5279
14150001 17.8038
14160001 20.8596
14170001 35.7645
14180001 16.851
14190001 18.2391
14200001 17.8103
14210001 30.0278
14220001 38.9276
14230001 44.1478
14240001 17.339
14250001 23.7907
14260001 34.758
14270001 17.969
14280001 29.2977
14290001 18.0203
14300001 24.488
14310001 37.6391
14320001 34.065
14330001 17.5899
14340001 17.6964
14350001 32.7786
14360001 43.5263
14370001 22.1654
14380001 17.6854
14390001 20.397
14400001 36.1109
14410001 16.8448
14420001 18.169
14430001 18.1686
14440001 30.9422
14450001 39.5655
14460001 19.2526
14470001 17.074
14480001 22.2332
14490001 35.371
14500001 17.8834
14510001 21.9713
14520001 18.185
14530001 26.5516
14540001 37.9852
14550001 23.1566
14560001 17.3407
14570001 35.3976
14580001 33.3805
14590001 45.1627
14600001 19.8938
14610001 21.1763
14620001 20.874
14630001 36.6213
14640001 17.2778
14650001 17.7935
14660001 18.9063
14670001 31.6666
14680001 40.769
14690001 19.1465
14700001 17.1653
14710001 21.8173
14720001 35.6462
14730001 17.1182
14740001 19.8313
14750001 17.9457
14760001 28.3901
14770001 38.3341
14780001 20.5441
14790001 17.2559
14800001 28.1206
14810001 34.1375
14820001 23.3947
14830001 19.0075
14840001 18.5408
14850001 22.1021
14860001 37.1634
14870001 16.5696
14880001 17.4894
14890001 17.9448
14900001 32.1785
14910001 42.0399
14920001 19.535
14930001 17.7813
14940001 20.8834
14950001 35.7647
14960001 16.8466
14970001 18.2369
14980001 17.7713
14990001 30.0483
15000001 38.928
15010001 44.0945
15020001 17.3438
15030001 23.8092
15040001 34.758
15050001 17.97
15060001 27.526
15070001 18.0131
15080001 24.4961
15090001 37.6395
15100001 34.0408
15110001 17.5583
15120001 17.696
15130001 32.7785
15140001 43.54
15150001 21.6108
15160001 17.6871
15170001 20.3851
15180001 36.1111
15190001 16.825
15200001 18.1816
15210001 18.1377
15220001 30.9444
15230001 39.5832
15240001 19.2488
15250001 17.0751
15260001 22.2288
15270001 35.3861
15280001 17.8195
15290001 21.9725
15300001 18.1874
15310001 26.5848
15320001 37.9909
15330001 23.1663
15340001 17.3646
15350001 35.4081
15360001 33.3804
15370001 45.1782
15380001 19.8633
15390001 21.1465
15400001 20.8821
15410001 36.6339
15420001 17.2648
15430001 17.7956
15440001 18.9018
15450001 31.6665
15460001 40.7741
15470001 19.1407
15480001 17.1908
15490001 21.7802
15500001 35.6463
15510001 17.1226
15520001 19.8825
15530001 17.9691
15540001 28.4038
15550001 38.3345
15560001 20.5357
15570001 17.2378
15580001 28.0926
15590001 34.1375
15600001 21.6651
15610001 18.9996
15620001 18.5776
15630001 22.1807
15640001 37.1739
15650001 16.5579
15660001 17.488
15670001 17.9431
15680001 32.1987
15690001 42.0526
15700001 19.5287
15710001 17.7646
15720001 20.8755
15730001 35.7649
15740001 16.8425
15750001 18.2364
15760001 17.7707
15770001 30.077
15780001 38.9284
15790001 24.6773
15800001 17.3686
15810001 23.8039
15820001 34.7659
15830001 17.9763
15840001 27.5321
15850001 17.9972
15860001 24.5035
15870001 37.6398
15880001 34.0132
15890001 17.5591
15900001 17.7007
15910001 32.7784
15920001 43.5493
15930001 20.6384
15940001 17.677
15950001 20.3945
15960001 36.1113
15970001 16.822
15980001 18.1815
15990001 18.1371
16000001 30.9572
16010001 39.5957
16020001 19.2457
16030001 17.0771
16040001 22.2092
16050001 35.4051
16060001 17.7922
16070001 21.9733
16080001 18.1832
16090001 26.5848
16100001 37.9912
16110001 23.1615
16120001 17.3342
16130001 35.4469
16140001 33.3804
16150001 45.1899
16160001 19.8445
16170001 21.158
16180001 20.8874
16190001 36.6412
16200001 17.2219
16210001 17.7956
16220001 18.8982
16230001 31.6665
16240001 40.7911
16250001 19.1338
16260001 17.1703
16270001 21.7734
16280001 35.6465
16290001 17.1316
16300001 19.957
16310001 17.9611
16320001 28.4314
16330001 38.3421
16340001 20.5392
16350001 17.2373
16360001 28.108
16370001 34.1375
16380001 19.3858
16390001 18.9993
16400001 18.6201
16410001 22.2655
16420001 37.1843
16430001 16.5676
16440001 17.4931
16450001 17.9252
16460001 32.2208
16470001 42.0631
16480001 19.53
16490001 17.7737
16500001 20.8517
16510001 35.765
16520001 16.841
16530001 18.2359
16540001 17.7475
16550001 30.0835
16560001 38.9287
16570001 24.587
16580001 17.3832
16590001 23.8068
16600001 34.7744
16610001 17.9719
16620001 27.5295
16630001 17.9885
16640001 24.527
16650001 37.6401
16660001 34.0179
16670001 17.5592
16680001 17.7135
16690001 32.7783
16700001 43.5675
16710001 20.6349
16720001 17.6725
16730001 20.3964
16740001 36.1116
16750001 16.822
16760001 18.179
16770001 18.1355
16780001 30.9759
16790001 39.6059
16800001 19.2408
16810001 17.0736
16820001 22.1908
16830001 35.4053
16840001 17.7794
16850001 21.9628
16860001 18.1657
16870001 26.6028
16880001 37.9916
16890001 23.1756
16900001 17.3407
16910001 35.5192
16920001 33.3804
16930001 45.2104
16940001 19.8377
16950001 21.1413
16960001 20.888
16970001 36.6515
16980001 17.2257
16990001 17.7943
17000001 18.8955
17010001 31.6665
17020001 40.7941
17030001 19.1353
17040001 17.1296
17050001 21.7911
17060001 35.6466
17070001 17.1351
17080001 19.9753
17090001 17.9343
17100001 28.4619
17110001 38.3575
17120001 20.5647
17130001 17.2339
17140001 28.0552
17150001 34.1375
17160001 19.1649
17170001 18.9982
17180001 18.5785
17190001 22.3517
17200001 37.1923
17210001 16.5706
17220001 17.4917
17230001 17.9258
17240001 32.228
17250001 42.0819
17260001 19.5503
17270001 17.8465
17280001 20.8087
17290001 35.7652
17300001 16.8451
17310001 18.2332
17320001 17.7525
17330001 30.0937
17340001 38.9291
17350001 24.6235
17360001 17.3676
17370001 23.8055
17380001 34.7855
17390001 17.9713
17400001 27.5325
17410001 17.9864
17420001 24.5348
17430001 37.6404
17440001 34.0184
17450001 17.5735
17460001 17.7195
17470001 32.7782
17480001 43.5817
17490001 20.6398
17500001 17.6665
17510001 20.3553
17520001 36.1118
17530001 16.8226
17540001 18.1664
17550001 18.121
17560001 30.9992
17570001 39.623
17580001 19.2411
17590001 17.0958
17600001 22.1902
17610001 35.4054
17620001 17.7924
17630001 21.957
17640001 18.1659
17650001 26.6334
17660001 37.9919
17670001 23.1566
17680001 17.3463
17690001 35.4535
17700001 33.3821
17710001 45.2245
17720001 19.8089
17730001 21.1202
17740001 20.889
17750001 36.6651
17760001 17.2218
17770001 17.7949
17780001 18.9117
17790001 31.6664
17800001 40.8163
17810001 19.135
17820001 17.2309
17830001 21.7887
17840001 35.6468
17850001 17.1445
17860001 19.9956
17870001 17.9869
17880001 28.4734
17890001 38.3773
17900001 20.5586
17910001 17.2428
17920001 28.061
17930001 34.153
17940001 19.2022
17950001 19.0008
17960001 18.5972
17970001 22.5597
17980001 37.1926
17990001 16.5738
18000001 17.4922
18010001 17.919
18020001 32.228
18030001 42.0897
18040001 19.4903
18050001 17.814
18060001 20.7731
18070001 35.7653
18080001 16.8408
18090001 18.232
18100001 17.7475
18110001 30.0937
18120001 38.9294
18130001 24.6403
18140001 17.3745
18150001 23.8112
18160001 34.7945
18170001 17.9735
18180001 27.5352
18190001 17.9659
18200001 24.547
18210001 37.6407
18220001 34.0064
18230001 17.5839
18240001 17.7342
18250001 32.7782
18260001 43.595
18270001 20.6497
18280001 17.6785
18290001 20.3598
18300001 36.1199
18310001 16.8191
18320001 18.1928
18330001 18.1057
18340001 31.023
18350001 39.6471
18360001 19.242
18370001 17.0676
18380001 22.1307
18390001 35.4055
18400001 17.8357
18410001 21.9652
18420001 18.2017
18430001 26.6419
18440001 37.9922
18450001 23.1637
18460001 17.3493
18470001 35.4406
18480001 33.3926
18490001 45.2535
18500001 19.795
18510001 21.0837
18520001 20.889
18530001 36.6748
18540001 17.2302
18550001 17.8093
18560001 18.9028
18570001 31.6664
18580001 40.8427
18590001 19.1415
18600001 24.9637
18610001 21.7541
18620001 35.6469
18630001 17.1553
18640001 19.9687
18650001 18.0882
18660001 28.4899
18670001 38.3944
18680001 20.5619
18690001 17.2465
18700001 28.044
18710001 34.177
18720001 19.1889
18730001 19.0115
18740001 18.5934
18750001 22.5844
18760001 37.1929
18770001 16.651
18780001 17.4905
18790001 17.9544
18800001 32.2279
18810001 42.1015
18820001 19.4621
18830001 17.8228
18840001 20.7735
18850001 35.7655
18860001 16.8402
18870001 18.2269
18880001 17.7543
18890001 30.0937
18900001 38.9297
18910001 24.664
18920001 17.4027
18930001 23.8314
18940001 34.8232
18950001 17.9735
18960001 27.538
18970001 17.9775
18980001 24.5589
18990001 37.641
19000001 34.0192
19010001 17.5849
19020001 17.7148
19030001 32.7781
19040001 43.6082
19050001 20.6642
19060001 17.3672
19070001 20.5583
19080001 36.1327
19090001 16.8128
19100001 18.2083
19110001 18.1237
19120001 31.0297
19130001 39.6717
19140001 19.2455
19150001 17.0606
19160001 21.6459
19170001 35.4057
19180001 17.7859
19190001 21.9836
19200001 18.2917
19210001 26.6469
19220001 37.9925
19230001 23.2289
19240001 17.3491
19250001 35.4372
19260001 33.4141
19270001 45.2743
19280001 19.7879
19290001 21.0551
19300001 20.8908
19310001 36.6909
19320001 17.1929
19330001 17.8278
19340001 18.9031
19350001 31.6664
19360001 40.8563
19370001 19.1366
19380001 24.9841
19390001 21.7906
19400001 35.6471
19410001 17.1689
19420001 19.9495
19430001 18.0408
19440001 28.5017
19450001 38.3993
19460001 20.5619
19470001 17.2339
19480001 28.0398
19490001 34.1885
19500001 19.1839
19510001 19.0449
19520001 18.575
19530001 22.6178
19540001 37.1932
19550001 16.6527
19560001 17.4915
19570001 17.9524
19580001 32.2279
19590001 42.114
19600001 19.4513
19610001 17.8551
19620001 20.7538
19630001 35.7656
19640001 16.8301
19650001 18.2345
19660001 17.776
19670001 30.0937
19680001 38.9301
19690001 24.6919
19700001 17.3726
19710001 23.8177
19720001 34.8453
19730001 17.9898
19740001 27.5261
19750001 17.8977
19760001 24.603
19770001 37.6413
19780001 34.0336
19790001 17.5685
19800001 17.7129
19810001 32.778
19820001 43.6592
19830001 20.642
19840001 17.3659
19850001 20.5718
19860001 36.1471
19870001 16.8045
19880001 18.217
19890001 18.1085
19900001 31.0533
19910001 39.6806
19920001 19.2462
19930001 17.0539
19940001 21.6539
19950001 35.4058
19960001 17.7938
19970001 21.9648
19980001 18.3002
19990001 26.676
20000001 37.9928
20010001 23.1776
20020001 17.348
20030001 35.4566
20040001 33.4252
20050001 45.2904
20060001 19.7833
20070001 21.104
20080001 20.8908
20090001 36.6911
20100001 17.1319
20110001 17.8687
20120001 18.9135
20130001 31.6664
20140001 40.863
20150001 19.1434
20160001 24.999
20170001 21.8112
20180001 35.6472
20190001 17.1647
20200001 19.9431
20210001 18.0349
20220001 28.526
20230001 38.4152
20240001 20.6192
20250001 17.226
20260001 28.031
20270001 34.1885
20280001 19.1821
20290001 19.0745
20300001 18.5519
20310001 22.65
20320001 37.1934
20330001 16.622
20340001 17.5067
20350001 17.941
20360001 32.2279
20370001 42.1432
20380001 19.4435
20390001 17.8176
20400001 20.7139
20410001 35.7657
20420001 16.8306
20430001 18.2312
20440001 17.7689
20450001 30.0937
20460001 38.9304
20470001 24.6556
20480001 17.3672
20490001 23.8134
20500001 34.8527
20510001 17.9967
20520001 27.5237
20530001 17.8679
20540001 24.6045
20550001 37.6416
20560001 34.0347
20570001 17.5697
20580001 116.177
20590001 32.7855
20600001 43.6621
20610001 20.6321
20620001 17.3468
20630001 20.5721
20640001 36.1473
20650001 16.8883
20660001 18.1551
20670001 18.1106
20680001 31.0766
20690001 39.6886
20700001 19.244
20710001 17.0568
20720001 21.636
20730001 35.4059
20740001 17.7888
20750001 21.957
20760001 18.2267
20770001 26.6919
20780001 37.993
20790001 23.1703
20800001 17.3465
20810001 35.4396
20820001 33.4388
20830001 45.3122
20840001 19.78
20850001 21.0729
20860001 20.8908
20870001 36.6914
20880001 17.1157
20890001 17.8585
20900001 18.9235
20910001 31.6663
20920001 40.8667
20930001 19.1433
20940001 25.0083
20950001 21.7663
20960001 35.6473
20970001 17.1832
20980001 19.9421
20990001 18.0512
21000001 28.5425
21010001 38.4251
21020001 20.5173
21030001 17.2195
21040001 28.038
21050001 34.1885
21060001 19.2057
21070001 19.0759
21080001 18.5528
21090001 22.6956
21100001 37.1937
21110001 16.6231
21120001 17.5147
21130001 17.9416
21140001 32.2279
21150001 42.1584
21160001 19.479
21170001 17.8091
21180001 20.7322
21190001 35.7699
21200001 16.8443
21210001 18.2315
21220001 17.8073
21230001 30.0936
21240001 38.9306
21250001 24.6435
21260001 17.368
21270001 23.8194
21280001 34.8528
21290001 17.9908
21300001 27.5267
21310001 17.8828
21320001 24.6332
21330001 37.6571
21340001 34.0356
21350001 17.5733
21360001 75.8563
21370001 32.802
21380001 43.6742
21390001 20.6385
21400001 17.357
21410001 20.5704
21420001 36.1475
21430001 17.0229
21440001 18.1484
21450001 18.1111
21460001 31.0848
21470001 39.7017
21480001 19.2394
21490001 17.0581
21500001 21.5774
21510001 35.406
21520001 17.8229
21530001 21.9646
21540001 18.2408
21550001 26.7186
21560001 37.9933
21570001 23.1749
21580001 17.3486
21590001 35.4386
21600001 33.4453
21610001 45.3325
21620001 19.7895
21630001 21.0659
21640001 20.8908
21650001 36.6916
21660001 17.1171
21670001 17.8454
21680001 18.926
21690001 31.6663
21700001 40.872
21710001 19.1173
21720001 25.0009
21730001 21.7468
21740001 35.6526
21750001 17.1886
21760001 19.9422
21770001 18.01
21780001 28.5651
21790001 38.4345
21800001 20.1865
21810001 17.2178
21820001 28.0423
21830001 34.1886
21840001 19.1827
21850001 19.0859
21860001 18.5507
21870001 22.7189
21880001 37.1994
21890001 17.4532
21900001 17.5819
21910001 17.9416
21920001 32.2317
21930001 42.1676
21940001 23.0354
21950001 17.7981
21960001 20.7503
21970001 35.7864
21980001 16.8254
21990001 18.3966
22000001 17.7991
22010001 30.0936
22020001 38.9354
22030001 24.6387
22040001 17.3669
22050001 23.8144
22060001 34.8529
22070001 17.9898
22080001 27.5625
22090001 17.8807
22100001 24.6669
22110001 37.6781
22120001 34.0357
22130001 17.5664
22140001 75.8922
22150001 32.8221
22160001 43.6858
22170001 20.6561
22180001 17.3384
22190001 20.5711
22200001 36.1477
22210001 17.0392
22220001 18.1488
22230001 18.1124
22240001 31.099
22250001 39.7182
22260001 19.2718
22270001 17.0577
22280001 21.5528
22290001 35.4061
22300001 17.8195
22310001 21.959
22320001 18.2408
22330001 26.7261
22340001 37.9935
22350001 23.2075
22360001 17.347
22370001 35.4376
22380001 33.449
22390001 45.3604
22400001 19.7833
22410001 21.0647
22420001 20.895
22430001 36.6918
22440001 17.1196
22450001 17.8231
22460001 18.9346
22470001 31.6748
22480001 40.8771
22490001 19.1094
22500001 25.0071
22510001 21.8996
22520001 35.6731
22530001 17.1936
22540001 19.9427
22550001 18.0132
22560001 28.5651
22570001 38.4435
22580001 20.4036
22590001 17.2243
22600001 28.0453
22610001 34.1886
22620001 19.1801
22630001 19.1307
22640001 18.5544
22650001 22.7299
22660001 37.2157
22670001 17.4732
22680001 17.5843
22690001 17.9856
22700001 32.2317
22710001 42.1758
22720001 23.0449
22730001 17.7861
22740001 21.1302
22750001 35.7962
22760001 16.8146
22770001 18.3835
22780001 17.7723
22790001 30.1038
22800001 38.9397
22810001 24.6336
22820001 17.3786
22830001 23.8169
22840001 34.8529
22850001 17.9715
22860001 27.5042
22870001 17.8745
22880001 24.706
22890001 37.6895
22900001 34.0465
22910001 17.5635
22920001 75.8766
22930001 32.8519
22940001 43.6974
22950001 20.6587
22960001 17.3129
22970001 20.5743
22980001 36.1479
22990001 17.0315
23000001 18.1519
23010001 18.1097
23020001 31.099
23030001 39.7235
23040001 19.2641
23050001 17.066
23060001 21.5464
23070001 35.4062
23080001 17.8405
23090001 21.9587
23100001 18.2393
23110001 26.7331
23120001 37.9938
23130001 23.2135
23140001 17.3459
23150001 35.444
23160001 33.449
23170001 45.3828
23180001 19.787
23190001 21.0712
23200001 20.899
23210001 36.692
23220001 17.093
23230001 17.823
23240001 18.9085
23250001 31.6884
23260001 40.8919
23270001 19.1218
23280001 25.0153
23290001 21.8521
23300001 35.6783
23310001 17.1793
23320001 19.9413
23330001 17.9963
23340001 28.6127
23350001 38.4437
23360001 20.3835
23370001 17.2278
23380001 27.7527
23390001 34.1886
23400001 19.1578
23410001 48.5391
23420001 18.5591
23430001 22.7332
23440001 37.2361
23450001 17.4857
23460001 17.575
23470001 17.9452
23480001 32.2317
23490001 42.1812
23500001 23.0324
23510001 17.7107
23520001 20.9884
23530001 35.7964
23540001 16.8116
23550001 18.3952
23560001 17.7641
23570001 30.1404
23580001 38.9527
23590001 24.646
23600001 17.3816
23610001 23.8058
23620001 34.853
23630001 17.97
23640001 27.5194
23650001 17.8767
23660001 24.7225
23670001 37.7056
23680001 34.0409
23690001 17.5678
23700001 75.8526
23710001 32.8545
23720001 43.7247
23730001 20.692
23740001 17.3391
23750001 20.5698
23760001 36.148
23770001 17.0145
23780001 18.1625
23790001 18.1261
23800001 31.099
23810001 39.7237
23820001 19.2657
23830001 17.065
23840001 21.556
23850001 35.4063
23860001 17.75
23870001 21.9575
23880001 18.218
23890001 26.7486
23900001 37.994
23910001 23.1892
23920001 17.3559
23930001 35.4687
23940001 33.449
23950001 45.4019
23960001 19.7943
23970001 21.0472
23980001 20.9011
23990001 36.6922
24000001 17.0954
24010001 17.8457
24020001 18.909
24030001 31.7058
24040001 40.9029
24050001 19.0743
24060001 25.0117
24070001 21.8867
24080001 35.6784
24090001 17.1881
24100001 19.9521
24110001 17.9688
24120001 28.6127
24130001 38.4439
24140001 20.4484
24150001 17.1665
24160001 28.1395
24170001 34.1886
24180001 19.1491
24190001 48.4564
24200001 18.5889
24210001 22.7458
24220001 37.2688
24230001 17.5226
24240001 17.5693
24250001 17.9401
24260001 32.2317
24270001 42.1974
24280001 23.0709
24290001 17.6863
24300001 20.9589
24310001 35.7965
24320001 16.8145
24330001 18.3816
24340001 17.8416
24350001 30.1442
24360001 38.9559
24370001 24.6201
24380001 17.3081
24390001 23.8033
24400001 34.8553
24410001 17.9693
24420001 27.5305
24430001 17.8816
24440001 24.7444
24450001 37.7179
24460001 34.0547
24470001 17.5642
24480001 75.865
24490001 32.8544
24500001 43.7316
24510001 20.713
24520001 17.3199
24530001 20.5852
24540001 36.1482
24550001 17.03
24560001 18.1756
24570001 18.1062
24580001 31.099
24590001 39.724
24600001 19.2792
24610001 17.0637
24620001 21.5455
24630001 35.419
24640001 17.7181
24650001 21.9701
24660001 18.2278
24670001 26.789
24680001 37.9942
24690001 23.2
24700001 17.3556
24710001 35.4777
24720001 33.449
24730001 45.4198
24740001 19.7777
24750001 21.0473
24760001 20.9048
24770001 36.6974
24780001 17.0805
24790001 17.8405
24800001 18.8954
24810001 31.7254
24820001 40.9128
24830001 19.0854
24840001 25.0275
24850001 21.8836
24860001 35.6785
24870001 17.1776
24880001 19.9605
24890001 17.9741
24900001 28.647
24910001 38.4442
24920001 20.3898
24930001 17.177
24940001 28.1457
24950001 34.1912
24960001 19.1549
24970001 48.4484
24980001 18.5738
24990001 22.7542
25000001 37.2796
25010001 17.5672
25020001 17.6042
25030001 17.9352
25040001 32.2317
25050001 42.2115
25060001 23.0469
25070001 17.7206
25080001 20.9578
25090001 35.7966
25100001 16.8252
25110001 18.3819
25120001 17.8313
25130001 30.1606
25140001 38.9802
25150001 24.6188
25160001 17.318
25170001 23.8053
25180001 34.876
25190001 17.9667
25200001 27.5182
25210001 17.898
25220001 24.7854
25230001 37.7181
25240001 34.064
25250001 17.5721
25260001 75.8466
25270001 32.8544
25280001 43.744
25290001 20.7036
25300001 17.3183
25310001 20.5721
25320001 36.1483
25330001 17.0644
25340001 18.1666
25350001 18.0906
25360001 31.099
25370001 39.7242
25380001 19.2963
25390001 17.0656
25400001 21.5438
25410001 35.4412
25420001 17.693
25430001 21.9763
25440001 18.2058
25450001 26.7972
25460001 37.9944
25470001 23.222
25480001 17.3829
25490001 35.4533
25500001 33.4489
25510001 45.439
25520001 19.7819
25530001 21.0471
25540001 20.9049
25550001 36.7135
25560001 17.0891
25570001 17.5039
25580001 18.877
25590001 31.7388
25600001 40.9153
25610001 19.082
25620001 25.0203
25630001 21.8794
25640001 35.6786
25650001 17.2288
25660001 19.9643
25670001 18.0206
25680001 28.6536
25690001 38.4444
25700001 20.3782
25710001 17.166
25720001 28.1458
25730001 34.1967
25740001 19.1682
25750001 48.4452
25760001 18.8687
25770001 22.7583
25780001 37.2798
25790001 17.532
25800001 17.6011
25810001 17.9387
25820001 32.2317
25830001 42.2248
25840001 23.0432
25850001 17.7656
25860001 20.9296
25870001 35.7967
25880001 16.8242
25890001 18.4336
25900001 17.8381
25910001 30.1785
25920001 38.9962
25930001 24.6189
25940001 17.2586
25950001 23.7985
25960001 34.8993
25970001 17.9687
25980001 27.5066
25990001 17.9165
26000001 24.7854
26010001 37.7183
26020001 34.0424
26030001 17.5803
26040001 75.8468
26050001 32.8544
26060001 43.7528
26070001 20.7157
26080001 17.3205
26090001 20.5641
26100001 36.1528
26110001 17.0663
26120001 18.1434
26130001 18.0877
26140001 31.099
26150001 39.7244
26160001 19.3053
26170001 17.0658
26180001 21.5443
26190001 35.4546
26200001 17.5589
26210001 20.2236
26220001 18.2067
26230001 26.8285
26240001 37.9946
26250001 23.2095
26260001 17.382
26270001 35.4436
26280001 33.4489
26290001 45.4941
26300001 19.77
26310001 21.0533
26320001 20.9062
26330001 36.7203
26340001 17.1291
26350001 17.5534
26360001 18.8471
26370001 31.7605
26380001 40.9266
26390001 19.1108
26400001 24.994
26410001 21.8757
26420001 35.6787
26430001 17.1853
26440001 19.9664
26450001 18.0113
26460001 28.6807
26470001 38.4446
26480001 20.3183
26490001 17.1591
26500001 28.1389
26510001 34.2161
26520001 19.1535
26530001 48.4495
26540001 18.0753
26550001 22.7647
26560001 37.2799
26570001 17.5121
26580001 17.6234
26590001 17.946
26600001 32.2317
26610001 42.2398
26620001 23.0131
26630001 17.6584
26640001 20.9379
26650001 35.7968
26660001 16.8212
26670001 18.3985
26680001 17.8507
26690001 30.1961
26700001 39.0084
26710001 24.6172
26720001 17.3006
26730001 23.8048
26740001 34.8994
26750001 17.9027
26760001 27.5162
26770001 17.9117
26780001 24.7945
26790001 37.7184
26800001 34.0339
26810001 17.5689
26820001 75.8458
26830001 32.8565
26840001 43.7593
26850001 20.6803
26860001 17.3383
26870001 20.5614
26880001 36.1758
26890001 17.0606
26900001 18.137
26910001 18.1236
26920001 31.099
26930001 39.741
26940001 19.3554
26950001 17.0665
26960001 21.5419
26970001 35.4657
26980001 17.6329
26990001 20.2876
27000001 18.2343
27010001 26.8553
27020001 37.996
27030001 23.23
27040001 17.3737
27050001 35.4092
27060001 33.4489
27070001 45.5962
27080001 19.7756
27090001 21.0436
27100001 20.8596
27110001 36.7307
27120001 17.0732
27130001 17.5648
27140001 18.8271
27150001 31.7791
27160001 40.939
27170001 19.0984
27180001 24.993
27190001 21.871
27200001 35.6787
27210001 17.1912
27220001 19.9603
27230001 17.935
27240001 28.7039
27250001 38.4447
27260001 20.3143
27270001 17.1622
27280001 28.1616
27290001 34.2259
27300001 19.1589
27310001 48.4422
27320001 18.0806
27330001 22.7745
27340001 37.2801
27350001 17.4958
27360001 17.593
27370001 17.9679
27380001 32.2317
27390001 42.2587
27400001 23.0098
27410001 17.5162
27420001 20.9168
27430001 35.7969
27440001 16.8213
27450001 18.3878
27460001 17.8602
27470001 30.2147
27480001 39.0243
27490001 24.6149
27500001 17.2669
27510001 23.7836
27520001 34.8995
27530001 17.9057
27540001 27.5194
27550001 17.9366
27560001 24.8403
27570001 37.7186
27580001 34.0193
27590001 17.5705
27600001 75.8501
27610001 32.8637
27620001 43.7817
27630001 20.6748
27640001 17.3743
27650001 20.5627
27660001 36.1902
27670001 17.0567
27680001 18.1597
27690001 18.0756
27700001 31.099
27710001 39.7644
27720001 19.3556
27730001 17.0761
27740001 21.5428
27750001 35.4658
27760001 17.6281
27770001 20.2922
27780001 18.2066
27790001 26.8788
27800001 38.0118
27810001 23.2498
27820001 17.3783
27830001 35.4139
27840001 33.4606
27850001 45.617
27860001 19.7708
27870001 21.0411
27880001 20.2205
27890001 36.7309
27900001 17.0646
27910001 17.5842
27920001 18.8276
27930001 31.7824
27940001 40.9555
27950001 19.1858
27960001 25.009
27970001 21.8277
27980001 35.6788
27990001 17.2244
28000001 19.9644
28010001 17.9219
28020001 28.7374
28030001 38.4449
28040001 20.3085
28050001 17.1568
28060001 28.1795
28070001 34.241
28080001 19.1589
28090001 48.4329
28100001 18.0768
28110001 22.7786
28120001 37.2803
28130001 17.5339
28140001 17.5922
28150001 17.9959
28160001 32.2317
28170001 42.2797
28180001 23.0087
28190001 17.4985
28200001 20.914
28210001 35.8006
28220001 16.8215
28230001 18.4124
28240001 17.8713
28250001 30.2284
28260001 39.0383
28270001 24.6143
28280001 17.2558
28290001 23.781
28300001 34.8995
28310001 17.7918
28320001 27.5284
28330001 17.9278
28340001 24.8691
28350001 37.7188
28360001 34.0076
28370001 17.5742
28380001 75.8497
28390001 32.8698
28400001 43.7966
28410001 20.6399
28420001 17.3573
28430001 20.5646
28440001 36.2158
28450001 17.0657
28460001 18.1821
28470001 18.0743
28480001 31.099
28490001 39.7726
28500001 19.3553
28510001 17.0505
28520001 21.5416
28530001 35.4659
28540001 17.6677
28550001 20.3184
28560001 18.2167
28570001 26.9042
28580001 38.0236
28590001 21.0917
28600001 17.39
28610001 35.4207
28620001 33.4806
28630001 45.6422
28640001 19.7743
28650001 20.9957
28660001 20.2587
28670001 36.731
28680001 17.0797
28690001 17.5537
28700001 18.827
28710001 31.7824
28720001 40.968
28730001 19.1695
28740001 25.011
28750001 21.821
28760001 35.6789
28770001 17.2775
28780001 19.9651
28790001 17.8997
28800001 28.752
28810001 38.4451
28820001 20.2904
28830001 17.1576
28840001 28.1499
28850001 34.2606
28860001 19.1422
28870001 48.4418
28880001 18.0807
28890001 22.8088
28900001 37.2804
28910001 17.5019
28920001 17.577
28930001 17.8742
28940001 32.2316
28950001 42.2824
28960001 23.0072
28970001 17.9615
28980001 20.8909
28990001 35.8135
29000001 16.7908
29010001 18.3871
29020001 17.8784
29030001 30.2581
29040001 39.047
29050001 24.6047
29060001 17.2514
29070001 23.7864
29080001 34.8996
29090001 17.7709
29100001 27.5016
29110001 17.9196
29120001 24.884
29130001 37.7189
29140001 34.002
29150001 17.5695
29160001 75.8569
29170001 32.8902
29180001 43.8054
29190001 20.6427
29200001 17.3521
29210001 20.5631
29220001 36.2275
29230001 17.0612
29240001 18.1117
29250001 18.0587
29260001 31.0989
29270001 39.7911
29280001 19.3774
29290001 16.9979
29300001 21.5518
29310001 35.466
29320001 17.6334
29330001 20.2927
29340001 18.2086
29350001 26.9235
29360001 38.0368
29370001 21.2993
29380001 17.3655
29390001 35.4162
29400001 33.5117
29410001 45.6884
29420001 19.779
29430001 20.9821
29440001 20.2661
29450001 36.7312
29460001 17.0806
29470001 17.5241
29480001 18.8335
29490001 31.7824
29500001 40.9796
29510001 19.1493
29520001 25.0225
29530001 21.8299
29540001 35.679
29550001 17.2728
29560001 19.9632
29570001 17.9132
29580001 28.764
29590001 38.4452
29600001 20.3291
29610001 17.1709
29620001 28.1527
29630001 34.2836
29640001 19.1492
29650001 48.4584
29660001 18.0957
29670001 22.8112
29680001 37.2805
29690001 17.4836
29700001 17.5791
29710001 17.8781
29720001 32.2371
29730001 42.3193
29740001 23.0173
29750001 17.9413
29760001 20.8824
29770001 35.8175
29780001 16.8144
29790001 18.4046
29800001 17.936
29810001 30.2631
29820001 39.0549
29830001 24.6037
29840001 17.2525
29850001 23.7891
29860001 34.8997
29870001 17.7651
29880001 27.5013
29890001 17.9479
29900001 24.9192
29910001 37.7191
29920001 34.0023
29930001 17.5501
29940001 75.8547
29950001 32.9046
29960001 43.8185
29970001 20.6529
29980001 17.3646
29990001 20.5701
