1 31.3626
10001 19.6363
20001 12.4489
30001 9.76898
40001 7.16004
50001 5.89171
60001 4.82138
70001 4.21916
80001 3.65345
90001 3.32374
100001 3.00063
110001 2.82464
120001 2.61256
130001 2.49884
140001 2.35578
150001 2.2784
160001 2.17501
170001 2.11317
180001 2.03412
190001 2.0164
200001 2.08887
210001 1.87559
220001 1.82254
230001 1.78487
240001 1.73923
250001 1.70508
260001 1.66538
270001 1.6349
280001 1.59975
290001 1.57143
300001 1.55329
310001 1.51468
320001 1.48677
330001 1.46276
340001 1.43736
350001 1.41562
360001 1.39283
370001 1.37212
380001 1.35179
390001 1.33246
400001 1.31414
410001 1.29592
420001 1.27893
430001 1.26118
440001 1.24629
450001 1.22935
460001 1.21569
470001 1.19973
480001 1.18713
490001 1.17192
500001 1.1604
510001 1.14584
520001 1.13522
530001 1.12122
540001 1.11135
550001 1.09815
560001 1.08876
570001 1.07633
580001 1.07802
590001 1.12773
600001 1.04716
610001 1.03592
620001 1.02739
630001 1.01722
640001 1.4232
650001 0.999929
660001 0.992185
670001 0.982489
680001 0.975364
690001 0.966616
700001 0.992186
710001 0.951103
720001 0.944441
730001 0.936365
740001 0.93222
750001 0.995366
760001 0.917839
770001 0.908478
780001 0.902287
790001 0.895237
800001 0.888868
810001 0.882815
820001 0.876609
830001 0.8708
840001 0.864992
850001 0.859089
860001 0.853324
870001 0.847912
880001 0.84192
890001 0.8372
900001 0.831233
910001 0.826852
920001 0.820963
930001 0.816881
940001 0.811036
950001 0.807473
960001 0.801932
970001 0.798127
980001 0.792363
990001 0.789076
1000001 0.783454
1010001 0.780214
1020001 0.774997
1030001 0.773081
1040001 0.766625
1050001 0.763831
1060001 0.75909
1070001 0.755282
1080001 0.750647
1090001 0.747926
1100001 0.743705
1110001 0.740126
1120001 0.735957
1130001 0.732936
1140001 0.728988
1150001 0.749024
1160001 0.722048
1170001 0.71952
1180001 0.742696
1190001 0.712739
1200001 0.708798
1210001 0.706099
1220001 0.702279
1230001 0.699483
1240001 0.696411
1250001 0.693233
1260001 0.690047
1270001 0.687543
1280001 0.684375
1290001 0.682168
1300001 0.678659
1310001 0.675774
1320001 0.673319
1330001 0.670078
1340001 0.667917
1350001 0.66469
1360001 0.662882
1370001 0.659548
1380001 0.657866
1390001 0.654728
1400001 0.653156
1410001 0.649625
1420001 0.648325
1430001 0.644864
1440001 0.643915
1450001 0.64055
1460001 0.657112
1470001 0.635595
1480001 0.63456
1490001 0.631655
1500001 0.630248
1510001 0.627184
1520001 0.724143
1530001 1.03339
1540001 0.622562
1550001 0.618757
1560001 0.618421
1570001 0.614871
1580001 0.613723
1590001 0.611196
1600001 0.609937
1610001 0.607581
1620001 0.606328
1630001 0.710642
1640001 0.602651
1650001 0.600115
1660001 0.599383
1670001 0.596631
1680001 0.595435
1690001 0.593203
1700001 0.591472
1710001 0.589623
1720001 0.588681
1730001 0.586678
1740001 0.585141
1750001 0.583215
1760001 0.581415
1770001 0.580191
1780001 0.578079
1790001 0.577222
1800001 0.574983
1810001 0.574293
1820001 0.572128
1830001 0.571634
1840001 0.569188
1850001 0.568954
1860001 0.56606
1870001 0.566148
1880001 0.56354
1890001 0.563298
1900001 0.560753
1910001 0.562741
1920001 0.6849
1930001 0.558706
1940001 0.555763
1950001 0.555507
1960001 0.553161
1970001 1.14587
1980001 0.551564
1990001 0.550461
2000001 0.548422
2010001 0.548517
2020001 0.546084
2030001 0.601682
2040001 0.54388
2050001 0.544009
2060001 0.541429
2070001 0.545796
2080001 0.539489
2090001 0.542996
2100001 0.537309
2110001 0.53664
2120001 0.535379
2130001 0.534141
2140001 0.532746
2150001 0.532135
2160001 0.531059
2170001 0.53018
2180001 0.528838
2190001 0.527689
2200001 0.526823
2210001 0.52561
2220001 0.525016
2230001 0.523523
2240001 0.523294
2250001 0.521605
2260001 0.521552
2270001 0.52001
2280001 0.520129
2290001 0.518478
2300001 0.518218
2310001 0.51618
2320001 0.51669
2330001 0.514802
2340001 0.514828
2350001 0.512935
2360001 0.513231
2370001 0.5115
2380001 0.5123
2390001 0.510553
2400001 0.626589
2410001 0.968389
2420001 0.508822
2430001 0.507318
2440001 0.506784
2450001 0.504791
2460001 0.505111
2470001 0.503756
2480001 0.536521
2490001 0.502165
2500001 0.502466
2510001 0.539137
2520001 0.501301
2530001 0.499296
2540001 0.499686
2550001 0.497918
2560001 0.497872
2570001 0.496587
2580001 0.496147
2590001 0.495077
2600001 0.495073
2610001 0.493933
2620001 0.494312
2630001 0.492545
2640001 0.49191
2650001 0.491368
2660001 0.490296
2670001 0.490259
2680001 0.48896
2690001 0.489223
2700001 0.487816
2710001 0.488119
2720001 0.486608
2730001 0.48725
2740001 0.48536
2750001 0.486103
2760001 0.484219
2770001 0.485212
2780001 0.483092
2790001 0.50748
2800001 0.481882
2810001 0.483569
2820001 0.481222
2830001 0.48187
2840001 0.480161
2850001 0.603228
2860001 0.479974
2870001 0.48069
2880001 0.47779
2890001 0.479536
2900001 0.477179
2910001 0.540686
2920001 0.476196
2930001 0.476638
2940001 0.475265
2950001 0.481017
2960001 0.60451
2970001 0.474975
2980001 0.473549
2990001 0.47443
3000001 0.472646
3010001 0.472681
3020001 0.471798
3030001 0.471329
3040001 0.470959
3050001 0.471097
3060001 0.46989
3070001 0.469882
3080001 0.468966
3090001 0.468386
3100001 0.46825
3110001 0.46724
3120001 0.467571
3130001 0.466432
3140001 0.466874
3150001 0.465582
3160001 0.466429
3170001 0.46556
3180001 0.465829
3190001 0.463833
3200001 0.465095
3210001 0.463264
3220001 0.464145
3230001 0.462791
3240001 0.466054
3250001 0.608948
3260001 0.463509
3270001 0.462262
3280001 0.462209
3290001 0.46053
3300001 1.10461
3310001 0.460822
3320001 0.460742
3330001 0.45932
3340001 0.460648
3350001 0.458528
3360001 0.49506
3370001 0.458087
3380001 0.459388
3390001 0.457283
3400001 0.458552
3410001 0.456917
3420001 0.462209
3430001 0.456333
3440001 0.456482
3450001 0.456109
3460001 0.455569
3470001 0.454748
3480001 0.455052
3490001 0.454367
3500001 0.45456
3510001 0.453679
3520001 0.453368
3530001 0.453331
3540001 0.45255
3550001 0.452741
3560001 0.451809
3570001 0.452347
3580001 0.451262
3590001 0.45193
3600001 0.451003
3610001 0.451834
3620001 0.450093
3630001 0.451138
3640001 0.449584
3650001 0.450998
3660001 0.449504
3670001 0.450202
3680001 0.448409
3690001 0.4498
3700001 0.448555
3710001 0.450141
3720001 0.447788
3730001 0.577957
3740001 0.93798
3750001 0.448907
3760001 0.446462
3770001 0.44872
3780001 0.446129
3790001 0.447172
3800001 0.446291
3810001 0.4468
3820001 0.445671
3830001 0.446548
3840001 0.487966
3850001 0.446117
3860001 0.444694
3870001 0.445815
3880001 0.444443
3890001 0.445036
3900001 0.443954
3910001 0.443931
3920001 0.443316
3930001 0.443865
3940001 0.443353
3950001 0.444065
3960001 0.442602
3970001 0.442357
3980001 0.442342
3990001 0.441592
4000001 0.442051
4010001 0.441044
4020001 0.441739
4030001 0.440817
4040001 0.441692
4050001 0.440397
4060001 0.441488
4070001 0.439656
4080001 0.441131
4090001 0.439488
4100001 0.440701
4110001 0.439174
4120001 0.466265
4130001 0.59176
4140001 0.441033
4150001 0.438825
4160001 0.439967
4170001 0.438388
4180001 1.09566
4190001 0.439087
4200001 0.440265
4210001 0.43744
4220001 0.439308
4230001 0.437495
4240001 0.506394
4250001 0.437113
4260001 0.438872
4270001 0.436748
4280001 0.443557
4290001 0.575391
4300001 0.442538
4310001 0.436571
4320001 0.437795
4330001 0.436145
4340001 0.436248
4350001 0.43598
4360001 0.436033
4370001 0.435767
4380001 0.436214
4390001 0.435219
4400001 0.43546
4410001 0.434856
4420001 0.434474
4430001 0.434731
4440001 0.433993
4450001 0.434612
4460001 0.433662
4470001 0.434499
4480001 0.433338
4490001 0.434693
4500001 0.433821
4510001 0.434462
4520001 0.43282
4530001 0.434213
4540001 0.432561
4550001 0.433882
4560001 0.432571
4570001 0.436399
4580001 0.432443
4590001 0.434395
4600001 0.433137
4610001 0.433313
4620001 0.431755
4630001 0.433575
4640001 0.432505
4650001 0.432763
4660001 0.431465
4670001 0.432519
4680001 0.431403
4690001 0.470048
4700001 0.431081
4710001 0.43276
4720001 0.474896
4730001 0.432317
4740001 0.43079
4750001 0.431876
4760001 0.430431
4770001 0.431061
4780001 0.430865
4790001 0.430521
4800001 0.429863
4810001 0.430622
4820001 0.429896
4830001 0.430999
4840001 0.42957
4850001 0.429522
4860001 0.429591
4870001 0.42895
4880001 0.429331
4890001 0.42859
4900001 0.429396
4910001 0.428422
4920001 0.429299
4930001 0.428483
4940001 0.42943
4950001 0.42798
4960001 0.429198
4970001 0.427728
4980001 0.429453
4990001 0.428059
5000001 0.455427
5010001 0.427279
5020001 0.428934
5030001 0.427785
5040001 0.428836
5050001 0.427373
5060001 0.562425
5070001 0.928563
5080001 0.429545
5090001 0.426691
5100001 0.429192
5110001 0.426603
5120001 0.427872
5130001 0.426716
5140001 0.427787
5150001 0.42676
5160001 0.427833
5170001 0.567749
5180001 0.427684
5190001 0.426374
5200001 0.427994
5210001 0.426405
5220001 0.427164
5230001 0.426265
5240001 0.426241
5250001 0.425841
5260001 0.426841
5270001 0.426182
5280001 0.426296
5290001 0.425669
5300001 0.425399
5310001 0.425681
5320001 0.424983
5330001 0.425671
5340001 0.424797
5350001 0.425637
5360001 0.424755
5370001 0.425846
5380001 0.42461
5390001 0.425942
5400001 0.424071
5410001 0.425835
5420001 0.424271
5430001 0.425537
5440001 0.424069
5450001 0.428335
5460001 0.580837
5470001 0.42644
5480001 0.42423
5490001 0.425537
5500001 0.423968
5510001 1.09004
5520001 0.424966
5530001 0.425188
5540001 0.42389
5550001 0.42564
5560001 0.423793
5570001 0.494737
5580001 0.423806
5590001 0.425566
5600001 0.423459
5610001 0.430584
5620001 0.423714
5630001 0.429733
5640001 0.423719
5650001 0.42405
5660001 0.423936
5670001 0.423704
5680001 0.423089
5690001 0.423673
5700001 0.423518
5710001 0.423691
5720001 0.423152
5730001 0.422951
5740001 0.422985
5750001 0.422687
5760001 0.423042
5770001 0.422401
5780001 0.423151
5790001 0.422248
5800001 0.423189
5810001 0.422469
5820001 0.423558
5830001 0.422697
5840001 0.423305
5850001 0.421941
5860001 0.423461
5870001 0.422291
5880001 0.423247
5890001 0.422014
5900001 0.423356
5910001 0.422244
5920001 0.424176
5930001 0.422959
5940001 0.558294
5950001 0.926037
5960001 0.423682
5970001 0.422651
5980001 0.423012
5990001 0.421341
6000001 0.422727
6010001 0.42183
6020001 0.461341
6030001 0.421595
6040001 0.422913
6050001 0.466519
6060001 0.423195
6070001 0.421506
6080001 0.422861
6090001 0.421477
6100001 0.422543
6110001 0.42148
6120001 0.421758
6130001 0.421196
6140001 0.422006
6150001 0.421367
6160001 0.422556
6170001 0.421184
6180001 0.421165
6190001 0.42122
6200001 0.420693
6210001 0.421306
6220001 0.420501
6230001 0.42145
6240001 0.420535
6250001 0.421492
6260001 0.42046
6270001 0.421773
6280001 0.420306
6290001 0.421713
6300001 0.420235
6310001 0.421923
6320001 0.420167
6330001 0.44858
6340001 0.420039
6350001 0.422617
6360001 0.42047
6370001 0.421809
6380001 0.420387
6390001 0.557318
6400001 0.421293
6410001 0.422744
6420001 0.419892
6430001 0.422524
6440001 0.420272
6450001 0.491743
6460001 0.420226
6470001 0.42135
6480001 0.420184
6490001 0.42732
6500001 0.56302
6510001 0.421509
6520001 0.420348
6530001 0.421899
6540001 0.420358
6550001 0.420613
6560001 0.420376
6570001 0.420331
6580001 0.42039
6590001 0.42104
6600001 0.420133
6610001 0.420597
6620001 0.42001
6630001 0.41981
6640001 0.420119
6650001 0.41944
6660001 0.420248
6670001 0.419425
6680001 0.420319
6690001 0.419347
6700001 0.420658
6710001 0.420144
6720001 0.420822
6730001 0.41908
6740001 0.420817
6750001 0.41926
6760001 0.42059
6770001 0.419536
6780001 0.423542
6790001 0.577344
6800001 0.421534
6810001 0.420515
6820001 0.420861
6830001 0.419339
6840001 1.08825
6850001 0.420385
6860001 0.420724
6870001 0.419452
6880001 0.421336
6890001 0.419435
6900001 0.459353
6910001 0.4195
6920001 0.421344
6930001 0.419304
6940001 0.421107
6950001 0.419598
6960001 0.425751
6970001 0.419558
6980001 0.420189
6990001 0.420071
7000001 0.419805
7010001 0.419237
7020001 0.419903
7030001 0.41946
7040001 0.419998
7050001 0.419344
7060001 0.419318
7070001 0.419571
7080001 0.419039
7090001 0.419541
7100001 0.418841
7110001 0.419696
7120001 0.418838
7130001 0.419803
7140001 0.419136
7150001 0.420281
7160001 0.418725
7170001 0.420086
7180001 0.418715
7190001 0.420484
7200001 0.41919
7210001 0.420218
7220001 0.418548
7230001 0.42034
7240001 0.419273
7250001 0.42124
7260001 0.418943
7270001 0.556131
7280001 0.924785
7290001 0.42093
7300001 0.418522
7310001 0.421249
7320001 0.418652
7330001 0.42006
7340001 0.419308
7350001 0.420144
7360001 0.419115
7370001 0.420352
7380001 0.46426
7390001 0.420365
7400001 0.419033
7410001 0.420491
7420001 0.419238
7430001 0.420108
7440001 0.419176
7450001 0.419395
7460001 0.418948
7470001 0.419766
7480001 0.419433
7490001 0.42039
7500001 0.419056
7510001 0.419015
7520001 0.419213
7530001 0.418631
7540001 0.419337
7550001 0.418474
7560001 0.419396
7570001 0.418655
7580001 0.419751
7590001 0.418599
7600001 0.419913
7610001 0.418214
7620001 0.419933
7630001 0.41843
7640001 0.419868
7650001 0.418484
7660001 0.447037
7670001 0.576854
7680001 0.421021
7690001 0.418881
7700001 0.420267
7710001 0.418762
7720001 1.08805
7730001 0.419857
7740001 0.421313
7750001 0.418475
7760001 0.420664
7770001 0.418885
7780001 0.490597
7790001 0.418819
7800001 0.420877
7810001 0.418774
7820001 0.426088
7830001 0.562117
7840001 0.425357
7850001 0.419277
7860001 0.420741
7870001 0.419647
7880001 0.419447
7890001 0.419314
7900001 0.419546
7910001 0.419415
7920001 0.420041
7930001 0.419165
7940001 0.419555
7950001 0.419086
7960001 0.418842
7970001 0.419266
7980001 0.418655
7990001 0.419443
8000001 0.418608
8010001 0.419612
8020001 0.418566
8030001 0.420095
8040001 0.419354
8050001 0.420138
8060001 0.418596
8070001 0.420153
8080001 0.41862
8090001 0.420113
8100001 0.418908
8110001 0.422995
8120001 0.419203
8130001 0.421213
8140001 0.420025
8150001 0.420363
8160001 0.418889
8170001 0.420901
8180001 0.41989
8190001 0.420317
8200001 0.419066
8210001 0.420285
8220001 0.419256
8230001 0.459071
8240001 0.41918
8250001 0.420353
8260001 0.464345
8270001 0.420844
8280001 0.419401
8290001 0.42062
8300001 0.419246
8310001 0.42003
8320001 0.41927
8330001 0.419706
8340001 0.419143
8350001 0.420041
8360001 0.419413
8370001 0.420687
8380001 0.419306
8390001 0.41936
8400001 0.419551
8410001 0.419005
8420001 0.419515
8430001 0.418868
8440001 0.419792
8450001 0.418906
8460001 0.419905
8470001 0.419184
8480001 0.420249
8490001 0.418884
8500001 0.420193
8510001 0.418838
8520001 0.420685
8530001 0.419365
8540001 0.447371
8550001 0.418797
8560001 0.420594
8570001 0.419571
8580001 0.420695
8590001 0.419288
8600001 0.556393
8610001 0.924956
8620001 0.421821
8630001 0.418969
8640001 0.421637
8650001 0.419065
8660001 0.423889
8670001 0.419365
8680001 0.420582
8690001 0.419595
8700001 0.420777
8710001 0.562519
8720001 0.420839
8730001 0.419566
8740001 0.421322
8750001 0.419794
8760001 0.420655
8770001 0.419848
8780001 0.419894
8790001 0.419575
8800001 0.420682
8810001 0.420096
8820001 0.420294
8830001 0.419745
8840001 0.419551
8850001 0.419921
8860001 0.4193
8870001 0.420073
8880001 0.419268
8890001 0.420205
8900001 0.419391
8910001 0.420576
8920001 0.419407
8930001 0.420832
8940001 0.419024
8950001 0.420871
8960001 0.419377
8970001 0.420736
8980001 0.419339
8990001 0.42373
9000001 0.577511
9010001 0.421975
9020001 0.419803
9030001 0.421209
9040001 0.419695
9050001 1.08842
9060001 0.420845
9070001 0.42115
9080001 0.419899
9090001 0.421747
9100001 0.419932
9110001 0.491494
9120001 0.420067
9130001 0.421961
9140001 0.419875
9150001 0.427147
9160001 0.42027
9170001 0.42643
9180001 0.420421
9190001 0.420818
9200001 0.420775
9210001 0.420611
9220001 0.420052
9230001 0.420715
9240001 0.420628
9250001 0.420872
9260001 0.420382
9270001 0.420244
9280001 0.420339
9290001 0.420109
9300001 0.420537
9310001 0.419967
9320001 0.420764
9330001 0.419918
9340001 0.420926
9350001 0.420285
9360001 0.421412
9370001 0.420602
9380001 0.421274
9390001 0.419977
9400001 0.421561
9410001 0.420452
9420001 0.421467
9430001 0.420288
9440001 0.421704
9450001 0.420638
9460001 0.422642
9470001 0.421471
9480001 0.557225
9490001 0.925408
9500001 0.422371
9510001 0.421373
9520001 0.421837
9530001 0.420169
9540001 0.421633
9550001 0.420772
9560001 0.460433
9570001 0.420636
9580001 0.422039
9590001 0.46575
9600001 0.422422
9610001 0.420768
9620001 0.422186
9630001 0.420837
9640001 0.421966
9650001 0.420952
9660001 0.421283
9670001 0.420766
9680001 0.421657
9690001 0.421079
9700001 0.42228
9710001 0.42096
9720001 0.420986
9730001 0.421103
9740001 0.420608
9750001 0.421275
9760001 0.420519
9770001 0.421503
9780001 0.420649
9790001 0.42165
9800001 0.420669
9810001 0.42202
9820001 0.420612
9830001 0.422049
9840001 0.420632
9850001 0.422359
9860001 0.420655
9870001 0.449086
9880001 0.420636
9890001 0.423209
9900001 0.421144
9910001 0.422532
9920001 0.421138
9930001 0.557929
9940001 0.422132
9950001 0.423631
9960001 0.420829
9970001 0.423495
9980001 0.421277
9990001 0.492648
