1 960.47
10001 260.817
20001 166.655
30001 153.767
40001 114.222
50001 104.225
60001 92.225
70001 86.3122
80001 66.8177
90001 61.696
100001 57.1703
110001 54.3845
120001 45.3679
130001 43.3028
140001 40.0262
150001 37.2071
160001 35.1282
170001 32.6753
180001 32.2537
190001 29.5939
200001 29.0295
210001 27.3175
220001 26.1571
230001 24.7232
240001 23.2716
250001 22.4374
260001 21.23
270001 19.8211
280001 19.11
290001 18.0517
300001 17.2864
310001 16.3615
320001 15.7386
330001 15.1585
340001 13.9154
350001 13.8414
360001 12.7884
370001 12.842
380001 11.7307
390001 11.2605
400001 10.6561
410001 10.1248
420001 9.56004
430001 9.31781
440001 8.59911
450001 8.49083
460001 7.78513
470001 7.73036
480001 7.21687
490001 7.21023
500001 6.70417
510001 6.23547
520001 6.19092
530001 5.81222
540001 6.06432
550001 5.41428
560001 5.37687
570001 4.93848
580001 4.85856
590001 4.43907
600001 4.61156
610001 4.04662
620001 4.38275
630001 3.72361
640001 4.14341
650001 3.49383
660001 3.32324
670001 3.2787
680001 3.08135
690001 3.14324
700001 2.90122
710001 3.34394
720001 2.711
730001 3.01295
740001 2.56812
750001 2.8001
760001 2.3617
770001 2.93362
780001 2.19773
790001 2.91187
800001 2.07175
810001 3.02032
820001 1.98265
830001 1.93349
840001 2.10682
850001 1.83197
860001 3.35573
870001 1.73783
880001 2.23776
890001 1.79418
900001 2.1329
910001 1.68758
920001 2.2891
930001 1.65365
940001 2.44039
950001 1.49711
960001 2.51442
970001 1.51559
980001 2.41088
990001 1.55521
1000001 1.46812
1010001 1.42775
1020001 1.41539
1030001 2.66204
1040001 1.64123
1050001 2.23523
1060001 1.52664
1070001 1.94389
1080001 1.37571
1090001 2.21586
1100001 1.40497
1110001 2.34788
1120001 1.31043
1130001 2.46145
1140001 1.29906
1150001 1.37613
1160001 1.2841
1170001 2.86122
1180001 2.89527
1190001 1.29094
1200001 2.2303
1210001 1.27397
1220001 1.99555
1230001 1.38266
1240001 1.92907
1250001 1.36019
1260001 2.24468
1270001 1.29158
1280001 2.34936
1290001 1.28748
1300001 2.56946
1310001 1.27027
1320001 1.31884
1330001 1.58643
1340001 1.29545
1350001 3.09452
1360001 1.25493
1370001 1.92888
1380001 1.41055
1390001 1.8545
1400001 1.36561
1410001 2.06803
1420001 1.37258
1430001 2.28111
1440001 1.25453
1450001 2.3762
1460001 1.30616
1470001 2.20115
1480001 1.35732
1490001 1.30038
1500001 1.26122
1510001 1.27386
1520001 2.59958
1530001 1.29365
1540001 2.17128
1550001 1.43108
1560001 1.88025
1570001 1.29832
1580001 2.17705
1590001 1.30895
1600001 2.3086
1610001 1.25142
1620001 2.43151
1630001 1.25157
1640001 1.32951
1650001 1.23491
1660001 2.85275
1670001 2.88529
1680001 1.26038
1690001 2.21366
1700001 1.24839
1710001 1.98252
1720001 1.36528
1730001 1.91996
1740001 1.34754
1750001 2.23377
1760001 1.27751
1770001 2.33871
1780001 1.27565
1790001 2.55853
1800001 1.25715
1810001 1.30935
1820001 1.58329
1830001 1.2833
1840001 3.0907
1850001 1.24366
1860001 1.92097
1870001 1.40063
1880001 1.84919
1890001 1.36212
1900001 2.06603
1910001 1.368
1920001 2.2782
1930001 1.25242
1940001 2.37124
1950001 1.29739
1960001 2.17041
1970001 1.35539
1980001 1.3032
1990001 1.25557
2000001 1.27523
2010001 2.58226
2020001 1.29554
2030001 2.17167
2040001 1.42854
2050001 1.87972
2060001 1.29954
2070001 2.17827
2080001 1.30344
2090001 2.30622
2100001 1.25011
2110001 2.42961
2120001 1.25111
2130001 1.33202
2140001 1.23538
2150001 2.85387
2160001 2.88569
2170001 1.25844
2180001 2.21384
2190001 1.25631
2200001 1.98156
2210001 1.36557
2220001 1.92099
2230001 1.34663
2240001 2.23338
2250001 1.26723
2260001 2.33655
2270001 1.27619
2280001 2.5583
2290001 1.2576
2300001 1.30989
2310001 1.58412
2320001 1.29157
2330001 3.09063
2340001 1.24697
2350001 1.92109
2360001 1.39899
2370001 1.84777
2380001 1.36272
2390001 2.06796
2400001 1.3659
2410001 2.27748
2420001 1.24964
2430001 2.36902
2440001 1.29166
2450001 2.13264
2460001 1.35508
2470001 1.30377
2480001 1.2493
2490001 1.27502
2500001 2.57938
2510001 1.29464
2520001 2.16901
2530001 1.42587
2540001 1.8797
2550001 1.29453
2560001 2.1782
2570001 1.30231
2580001 2.3047
2590001 1.25005
2600001 2.42885
2610001 1.25131
2620001 1.32452
2630001 1.24056
2640001 2.85183
2650001 2.88528
2660001 1.26054
2670001 2.2148
2680001 1.25949
2690001 1.97971
2700001 1.36266
2710001 1.92311
2720001 1.34658
2730001 2.23326
2740001 1.26481
2750001 2.33482
2760001 1.27725
2770001 2.55802
2780001 1.25631
2790001 1.30847
2800001 1.57987
2810001 1.29919
2820001 3.09215
2830001 1.24377
2840001 1.92411
2850001 1.39821
2860001 1.84903
2870001 1.3587
2880001 2.07062
2890001 1.3646
2900001 2.27691
2910001 1.25075
2920001 2.36721
2930001 1.29263
2940001 2.10396
2950001 1.35827
2960001 1.31451
2970001 1.25362
2980001 1.27929
2990001 2.57642
3000001 1.29296
3010001 2.16879
3020001 1.42549
3030001 1.88
3040001 1.29182
3050001 2.17813
3060001 1.30279
3070001 2.30343
3080001 1.25091
3090001 2.42702
3100001 1.24886
3110001 1.32363
3120001 1.23753
3130001 2.85146
3140001 2.88474
3150001 1.26437
3160001 2.21449
3170001 1.25479
3180001 1.97857
3190001 1.36659
3200001 1.92506
3210001 1.34907
3220001 2.23358
3230001 1.26437
3240001 2.33391
3250001 1.26943
3260001 2.55779
3270001 1.25508
3280001 1.30725
3290001 1.58359
3300001 1.3111
3310001 3.09076
3320001 1.24878
3330001 1.92032
3340001 1.39824
3350001 1.85095
3360001 1.36211
3370001 2.07134
3380001 1.34578
3390001 2.27641
3400001 1.25571
3410001 2.36564
3420001 1.29321
3430001 2.07587
3440001 1.35975
3450001 1.32536
3460001 1.27597
3470001 1.27903
3480001 2.57513
3490001 1.29292
3500001 2.16654
3510001 1.42504
3520001 1.87969
3530001 1.29124
3540001 2.17808
3550001 1.30301
3560001 2.30231
3570001 1.2535
3580001 2.42543
3590001 1.25232
3600001 1.32317
3610001 1.23851
3620001 2.85402
3630001 2.88491
3640001 1.27359
3650001 2.21593
3660001 1.2589
3670001 1.97794
3680001 1.36556
3690001 1.92708
3700001 1.34697
3710001 2.23371
3720001 1.26444
3730001 2.3326
3740001 1.28541
3750001 2.55637
3760001 1.25633
3770001 1.30771
3780001 1.57505
3790001 1.31584
3800001 3.09078
3810001 1.24687
3820001 1.92531
3830001 1.39788
3840001 1.85335
3850001 1.36108
3860001 2.07388
3870001 1.32462
3880001 2.27642
3890001 1.25082
3900001 2.3643
3910001 1.29245
3920001 2.06601
3930001 1.37043
3940001 1.31081
3950001 1.2799
3960001 1.28085
3970001 2.57588
3980001 1.29584
3990001 2.1661
4000001 1.40816
4010001 1.87615
4020001 1.29187
4030001 2.17804
4040001 1.29939
4050001 2.30133
4060001 1.2523
4070001 2.42408
4080001 1.25103
4090001 1.32609
4100001 1.23803
4110001 2.85305
4120001 2.88534
4130001 1.27706
4140001 2.21534
4150001 1.25261
4160001 1.97799
4170001 1.36864
4180001 1.92784
4190001 1.35073
4200001 2.23447
4210001 1.26757
4220001 2.33239
4230001 1.31829
4240001 2.55531
4250001 1.24816
4260001 1.30739
4270001 1.55869
4280001 1.30263
4290001 3.09092
4300001 1.72718
4310001 1.92186
4320001 1.3947
4330001 1.85393
4340001 1.36531
4350001 2.07384
4360001 1.32385
4370001 2.27975
4380001 1.24843
4390001 2.36313
4400001 1.29501
4410001 2.04089
4420001 1.36986
4430001 1.30831
4440001 1.28736
4450001 1.27424
4460001 2.5859
4470001 1.29459
4480001 2.16723
4490001 1.3903
4500001 1.87725
4510001 1.29065
4520001 2.17801
4530001 1.29912
4540001 2.30045
4550001 1.25217
4560001 2.42288
4570001 1.25168
4580001 1.32625
4590001 1.23945
4600001 2.85308
4610001 2.89258
4620001 1.2616
4630001 2.21306
4640001 1.2493
4650001 1.97779
4660001 1.36655
4670001 1.92815
4680001 1.3503
4690001 2.2355
4700001 1.26814
4710001 2.33183
4720001 1.30972
4730001 2.55554
4740001 1.23301
4750001 1.30835
4760001 1.53463
4770001 1.29763
4780001 3.0932
4790001 1.67548
4800001 1.91933
4810001 1.40233
4820001 1.85177
4830001 1.36752
4840001 2.0738
4850001 1.32266
4860001 2.27934
4870001 1.24567
4880001 2.36212
4890001 1.29126
4900001 2.0025
4910001 1.37176
4920001 1.31108
4930001 1.28946
4940001 1.27483
4950001 2.61137
4960001 1.2913
4970001 2.16559
4980001 1.38841
4990001 1.88059
5000001 1.28917
5010001 2.17798
5020001 1.29998
5030001 2.29966
5040001 1.26096
5050001 2.42186
5060001 1.25046
5070001 1.32899
5080001 1.23818
5090001 2.85245
5100001 2.89661
5110001 1.27581
5120001 2.21344
5130001 1.24397
5140001 1.97827
5150001 1.36626
5160001 1.93004
5170001 1.35458
5180001 2.23669
5190001 1.26842
5200001 2.33093
5210001 1.30228
5220001 2.55563
5230001 1.23433
5240001 1.31639
5250001 1.51417
5260001 1.29066
5270001 3.09505
5280001 1.67549
5290001 1.9115
5300001 1.3935
5310001 1.84855
5320001 1.35674
5330001 2.07515
5340001 1.32253
5350001 2.2803
5360001 1.24569
5370001 2.36121
5380001 1.28869
5390001 1.97529
5400001 1.3658
5410001 1.30411
5420001 1.28875
5430001 1.2785
5440001 2.41222
5450001 1.3018
5460001 2.16498
5470001 1.38702
5480001 1.88093
5490001 1.28953
5500001 2.17795
5510001 1.29896
5520001 2.29893
5530001 1.25159
5540001 2.42135
5550001 1.24902
5560001 1.33053
5570001 1.24771
5580001 2.85162
5590001 2.88858
5600001 1.27606
5610001 2.21349
5620001 1.24205
5630001 1.98101
5640001 1.35985
5650001 1.93118
5660001 1.35226
5670001 2.23663
5680001 1.26722
5690001 2.3301
5700001 1.31109
5710001 2.55567
5720001 1.24106
5730001 1.31046
5740001 1.39079
5750001 1.28923
5760001 3.09713
5770001 1.67562
5780001 1.91014
5790001 1.3932
5800001 1.86476
5810001 1.34593
5820001 2.0776
5830001 1.32156
5840001 2.27978
5850001 1.24685
5860001 2.36038
5870001 1.7097
5880001 1.91622
5890001 1.36619
5900001 1.29265
5910001 1.28852
5920001 1.28181
5930001 2.41869
5940001 1.30506
5950001 2.16823
5960001 1.39282
5970001 1.88386
5980001 1.29233
5990001 2.17793
6000001 1.29955
6010001 2.29829
6020001 1.24699
6030001 2.42174
6040001 1.24946
6050001 1.32709
6060001 1.24934
6070001 2.85262
6080001 2.89048
6090001 1.27922
6100001 2.21347
6110001 1.24455
6120001 1.98386
6130001 1.3599
6140001 1.93259
6150001 1.34683
6160001 2.23657
6170001 1.26632
6180001 2.32935
6190001 1.31019
6200001 2.55612
6210001 1.24337
6220001 1.31094
6230001 1.31689
6240001 1.28922
6250001 3.1003
6260001 1.67505
6270001 1.91223
6280001 1.39304
6290001 1.8607
6300001 1.32994
6310001 2.07928
6320001 1.32217
6330001 2.27928
6340001 1.25698
6350001 2.35963
6360001 1.70629
6370001 1.85745
6380001 1.36777
6390001 1.29024
6400001 1.28872
6410001 1.27982
6420001 2.42029
6430001 1.29921
6440001 2.1678
6450001 1.3904
6460001 1.87794
6470001 1.30173
6480001 2.17791
6490001 1.29838
6500001 2.2977
6510001 1.24602
6520001 2.42097
6530001 1.24949
6540001 1.32624
6550001 1.25436
6560001 2.85386
6570001 2.89163
6580001 1.2724
6590001 2.2159
6600001 1.25511
6610001 1.9837
6620001 1.35564
6630001 1.93369
6640001 1.34819
6650001 2.23652
6660001 1.26745
6670001 2.32868
6680001 1.31161
6690001 2.55908
6700001 1.24668
6710001 1.30288
6720001 1.31736
6730001 1.30098
6740001 3.09709
6750001 1.67308
6760001 1.9116
6770001 1.39161
6780001 1.85806
6790001 1.32317
6800001 2.08093
6810001 1.32065
6820001 2.27882
6830001 1.25799
6840001 2.35915
6850001 1.70488
6860001 1.73348
6870001 1.36746
6880001 1.29074
6890001 1.28837
6900001 1.27957
6910001 2.42024
6920001 1.29059
6930001 2.16765
6940001 1.39936
6950001 1.87808
6960001 1.30966
6970001 2.1801
6980001 1.29817
6990001 2.29717
7000001 1.24548
7010001 2.42122
7020001 1.24882
7030001 1.32793
7040001 1.26438
7050001 2.85519
7060001 2.89495
7070001 1.27046
7080001 2.22392
7090001 1.25202
7100001 1.98486
7110001 1.35515
7120001 1.9345
7130001 1.34634
7140001 2.23647
7150001 1.2667
7160001 2.32808
7170001 1.30477
7180001 2.55948
7190001 1.24523
7200001 1.30197
7210001 1.32129
7220001 1.29975
7230001 3.09586
7240001 1.67208
7250001 1.91288
7260001 1.39074
7270001 1.85743
7280001 1.33112
7290001 2.08386
7300001 1.32035
7310001 2.2784
7320001 1.25649
7330001 2.35993
7340001 1.70783
7350001 1.60895
7360001 1.3698
7370001 1.29177
7380001 1.28845
7390001 1.27847
7400001 2.42158
7410001 1.30687
7420001 2.15824
7430001 1.39462
7440001 1.87842
7450001 1.31238
7460001 2.18248
7470001 1.2986
7480001 2.29668
7490001 1.24525
7500001 2.42179
7510001 1.24987
7520001 1.32728
7530001 1.26202
7540001 2.85206
7550001 2.90063
7560001 1.26786
7570001 2.22468
7580001 1.27463
7590001 1.99025
7600001 1.34537
7610001 1.93528
7620001 1.34306
7630001 2.23644
7640001 1.2693
7650001 2.32877
7660001 1.31286
7670001 2.55999
7680001 1.24658
7690001 1.28844
7700001 1.32083
7710001 1.30465
7720001 3.09844
7730001 1.67598
7740001 1.91311
7750001 1.50701
7760001 1.85736
7770001 1.32807
7780001 2.0848
7790001 1.31934
7800001 2.27823
7810001 1.25527
7820001 2.36025
7830001 1.70916
7840001 1.43779
7850001 1.36773
7860001 1.29268
7870001 1.28894
7880001 1.28776
7890001 2.42276
7900001 1.28843
7910001 2.12615
7920001 1.38961
7930001 1.87764
7940001 1.31399
7950001 2.18259
7960001 1.29829
7970001 2.29719
7980001 1.247
7990001 2.42143
8000001 1.2492
8010001 1.33007
8020001 1.25742
8030001 2.84831
8040001 2.89475
8050001 1.26758
8060001 2.22339
8070001 1.27461
8080001 1.98903
8090001 1.34424
8100001 1.93629
8110001 1.34071
8120001 2.23658
8130001 1.26697
8140001 2.32933
8150001 1.30814
8160001 2.56171
8170001 1.24889
8180001 1.28892
8190001 1.31807
8200001 1.296
8210001 3.09703
8220001 1.67869
8230001 1.91253
8240001 1.49846
8250001 1.85785
8260001 1.32817
8270001 2.08703
8280001 1.31963
8290001 2.2779
8300001 1.25388
8310001 2.36107
8320001 1.70667
8330001 1.43667
8340001 1.36761
8350001 1.2986
8360001 1.29138
8370001 1.28499
8380001 2.42306
8390001 1.29181
8400001 2.12592
8410001 1.38622
8420001 1.87815
8430001 1.30613
8440001 2.18482
8450001 1.30036
8460001 2.29893
8470001 1.24712
8480001 2.42198
8490001 1.24845
8500001 1.32842
8510001 2.94717
8520001 2.84882
8530001 2.89315
8540001 1.27005
8550001 2.23348
8560001 1.27929
8570001 1.9898
8580001 1.34261
8590001 1.94142
8600001 1.34057
8610001 2.23709
8620001 1.26711
8630001 2.33111
8640001 1.30102
8650001 2.56369
8660001 1.24697
8670001 1.28589
8680001 1.31269
8690001 1.28736
8700001 3.18107
8710001 1.67256
8720001 1.91243
8730001 1.49852
8740001 1.85716
8750001 1.32504
8760001 2.08969
8770001 1.31928
8780001 2.2778
8790001 1.25341
8800001 2.36252
8810001 1.70858
8820001 1.43715
8830001 1.36666
8840001 1.29737
8850001 1.29162
8860001 1.27505
8870001 2.42146
8880001 1.28194
8890001 2.12609
8900001 1.38768
8910001 1.87853
8920001 1.3128
8930001 2.18624
8940001 1.29877
8950001 2.29859
8960001 1.24845
8970001 2.42402
8980001 1.25135
8990001 1.32317
9000001 1.8208
9010001 2.85575
9020001 2.89712
9030001 1.26616
9040001 2.22423
9050001 1.2758
9060001 1.98942
9070001 1.34588
9080001 1.94272
9090001 1.34014
9100001 2.23797
9110001 1.26274
9120001 2.33071
9130001 1.30534
9140001 2.56362
9150001 1.24825
9160001 1.27899
9170001 1.30629
9180001 1.29087
9190001 3.01661
9200001 1.6737
9210001 1.91363
9220001 1.49803
9230001 1.85966
9240001 1.32417
9250001 2.09606
9260001 1.31975
9270001 2.27752
9280001 1.25349
9290001 2.3638
9300001 1.70705
9310001 1.44055
9320001 1.36836
9330001 1.2848
9340001 1.28575
9350001 1.26698
9360001 2.42006
9370001 1.28196
9380001 2.12501
9390001 1.38678
9400001 1.88175
9410001 1.27866
9420001 2.18838
9430001 1.29959
9440001 2.29829
9450001 1.24478
9460001 2.42579
9470001 1.25133
9480001 1.32158
9490001 1.82063
9500001 2.85207
9510001 2.89812
9520001 1.26757
9530001 2.22132
9540001 1.27193
9550001 1.98978
9560001 1.35958
9570001 1.94272
9580001 1.34124
9590001 2.23794
9600001 1.26262
9610001 2.33035
9620001 1.30968
9630001 2.56562
9640001 1.24787
9650001 1.27937
9660001 1.30728
9670001 1.28519
9680001 3.01762
9690001 1.67417
9700001 1.91313
9710001 1.4969
9720001 1.85849
9730001 1.32684
9740001 2.09738
9750001 1.32062
9760001 2.27726
9770001 1.25419
9780001 2.36343
9790001 1.70496
9800001 1.43914
9810001 1.36551
9820001 1.27829
9830001 1.28719
9840001 1.26514
9850001 2.41959
9860001 1.28295
9870001 2.1253
9880001 1.38757
9890001 1.88025
9900001 1.26733
9910001 2.18838
9920001 1.27902
9930001 2.29801
9940001 1.24824
9950001 2.42641
9960001 1.26408
9970001 1.30453
9980001 1.81906
9990001 2.85304
