1 31.3626
10001 21.1622
20001 16.835
30001 14.7555
40001 11.8489
50001 10.6271
60001 9.39998
70001 8.58028
80001 7.82478
90001 7.14798
100001 6.55313
110001 5.92421
120001 5.6576
130001 5.3632
140001 5.06437
150001 4.7574
160001 5.05385
170001 4.38042
180001 4.07729
190001 4.24172
200001 4.06283
210001 3.97026
220001 4.83645
230001 4.36207
240001 3.70309
250001 3.62924
260001 3.90618
270001 3.97651
280001 3.53237
290001 3.2389
300001 3.57833
310001 3.4609
320001 3.41337
330001 5.91438
340001 10.3215
350001 3.36253
360001 3.09436
370001 3.46358
380001 3.3709
390001 3.30696
400001 3.55542
410001 3.85934
420001 3.28839
430001 3.23134
440001 3.52971
450001 3.62916
460001 3.2482
470001 3.11477
480001 3.41263
490001 3.25131
500001 3.20606
510001 8.78003
520001 3.73135
530001 3.21677
540001 2.93769
550001 3.34599
560001 3.25568
570001 3.19131
580001 3.39563
590001 3.78354
600001 3.20957
610001 3.1547
620001 3.39328
630001 3.55694
640001 3.18994
650001 3.04659
660001 8.99571
670001 3.21446
680001 3.17577
690001 3.72366
700001 3.73767
710001 3.19441
720001 2.92048
730001 3.32838
740001 3.24458
750001 3.19061
760001 3.39927
770001 3.80548
780001 3.21085
790001 3.15536
800001 3.38347
810001 3.55572
820001 3.20684
830001 9.46401
840001 9.60863
850001 3.2322
860001 3.19349
870001 3.56709
880001 3.71414
890001 3.22341
900001 2.9383
910001 3.34862
920001 3.26876
930001 3.21933
940001 3.4309
950001 4.68503
960001 3.24639
970001 3.18433
980001 3.37985
990001 3.55751
1000001 3.24257
1010001 4.27306
1020001 3.99105
1030001 3.27199
1040001 3.2323
1050001 3.60081
1060001 3.73196
1070001 3.26433
1080001 2.98321
1090001 3.39047
1100001 3.30797
1110001 3.26416
1120001 4.35316
1130001 4.41054
1140001 3.28968
1150001 3.2044
1160001 3.42391
1170001 3.42731
1180001 3.28993
1190001 3.87504
1200001 3.93707
1210001 3.31784
1220001 3.2769
1230001 3.64079
1240001 3.77257
1250001 3.31399
1260001 3.03809
1270001 3.43776
1280001 3.35206
1290001 3.31229
1300001 3.51978
1310001 4.10916
1320001 3.33883
1330001 3.09889
1340001 3.47247
1350001 3.40849
1360001 3.3388
1370001 3.87033
1380001 5.70336
1390001 3.36722
1400001 3.32555
1410001 3.68013
1420001 3.81476
1430001 3.3639
1440001 3.09639
1450001 3.48803
1460001 3.39908
1470001 3.36253
1480001 3.47543
1490001 4.40729
1500001 3.38813
1510001 3.14633
1520001 3.51955
1530001 3.45152
1540001 3.38903
1550001 4.51116
1560001 3.95908
1570001 3.41675
1580001 3.37304
1590001 3.7162
1600001 3.797
1610001 3.41443
1620001 3.15561
1630001 3.56745
1640001 3.44637
1650001 3.41098
1660001 8.85933
1670001 3.92815
1680001 3.43732
1690001 3.1913
1700001 3.56512
1710001 3.49213
1720001 3.43801
1730001 3.62876
1740001 4.00516
1750001 3.46509
1760001 3.41961
1770001 3.69524
1780001 3.80429
1790001 3.46296
1800001 3.37053
1810001 3.61356
1820001 3.49239
1830001 3.45831
1840001 3.96921
1850001 3.98361
1860001 3.48492
1870001 3.23774
1880001 3.61205
1890001 3.53594
1900001 3.48557
1910001 3.67954
1920001 4.04632
1930001 3.51127
1940001 3.46321
1950001 3.68681
1960001 3.83592
1970001 3.5101
1980001 3.32549
1990001 9.11572
2000001 3.53772
2010001 3.50405
2020001 3.99058
2030001 3.97988
2040001 3.5311
2050001 3.2748
2060001 3.66191
2070001 3.57732
2080001 3.53135
2090001 3.71841
2100001 4.08812
2110001 3.55613
2120001 3.50492
2130001 3.7048
2140001 3.85335
2150001 3.55497
2160001 5.9657
2170001 4.55193
2180001 3.58148
2190001 3.54724
2200001 3.88395
2210001 4.00979
2220001 3.57555
2230001 3.31943
2240001 3.69089
2250001 3.61633
2260001 3.575
2270001 4.44459
2280001 7.26519
2290001 3.59888
2300001 3.53851
2310001 3.72095
2320001 3.81704
2330001 3.59809
2340001 4.54863
2350001 4.19454
2360001 3.62337
2370001 3.5875
2380001 3.92377
2390001 4.04365
2400001 3.61841
2410001 3.36929
2420001 3.72924
2430001 3.65438
2440001 3.61681
2450001 4.62154
2460001 4.45459
2470001 3.63988
2480001 3.4617
2490001 3.76186
2500001 3.76062
2510001 3.639
2520001 4.07891
2530001 4.61994
2540001 3.66354
2550001 3.6266
2560001 3.954
2570001 4.07758
2580001 3.65932
2590001 3.41864
2600001 3.77239
2610001 3.69111
2620001 3.65686
2630001 3.77215
2640001 4.39055
2650001 3.67902
2660001 3.45706
2670001 3.79905
2680001 3.73842
2690001 3.67824
2700001 4.73127
2710001 4.32741
2720001 3.70231
2730001 3.66354
2740001 3.98855
2750001 4.10856
2760001 3.69835
2770001 3.45752
2780001 3.81299
2790001 3.72729
2800001 3.69457
2810001 6.09823
2820001 10.4368
2830001 3.71669
2840001 3.49104
2850001 3.83663
2860001 3.76721
2870001 3.71553
2880001 3.95348
2890001 4.24067
2900001 3.73908
2910001 3.6987
2920001 3.97194
2930001 4.07005
2940001 3.73541
2950001 3.62974
2960001 3.89624
2970001 3.76168
2980001 3.72979
2990001 8.98728
3000001 4.20191
3010001 3.75237
3020001 3.52327
3030001 3.87378
3040001 3.79963
3050001 3.7514
3060001 3.92851
3070001 4.27164
3080001 3.77395
3090001 3.73128
3100001 3.93758
3110001 4.08215
3120001 3.77052
3130001 3.65176
3140001 9.21847
3150001 3.79507
3160001 3.76388
3170001 4.23874
3180001 4.25219
3190001 3.78682
3200001 3.56006
3210001 3.90087
3220001 3.83028
3230001 3.78539
3240001 3.9635
3250001 4.31779
3260001 3.80678
3270001 3.76133
3280001 3.95397
3290001 4.10221
3300001 3.80406
3310001 9.68289
3320001 9.82444
3330001 3.82735
3340001 3.79578
3350001 4.11486
3360001 4.24251
3370001 3.81964
3380001 3.58363
3390001 3.9261
3400001 3.85815
3410001 3.81772
3420001 3.99652
3430001 5.11317
3440001 3.83834
3450001 3.78756
3460001 3.95219
3470001 4.10464
3480001 3.83584
3490001 4.73788
3500001 4.48423
3510001 3.85815
3520001 3.82555
3530001 4.13856
3540001 4.2544
3550001 3.85126
3560001 3.61556
3570001 3.95649
3580001 3.88538
3590001 3.84839
3600001 4.8062
3610001 4.85736
3620001 3.86862
3630001 3.7966
3640001 3.98175
3650001 3.983
3660001 3.86599
3670001 4.37412
3680001 4.42821
3690001 3.88767
3700001 3.8533
3710001 4.16579
3720001 4.28015
3730001 3.88157
3740001 3.64878
3750001 3.98613
3760001 3.91155
3770001 3.8779
3780001 4.05543
3790001 4.57489
3800001 3.89728
3810001 3.69433
3820001 4.01092
3830001 3.95451
3840001 3.89484
3850001 4.35814
3860001 6.04381
3870001 3.91592
3880001 3.88061
3890001 4.18704
3900001 4.30402
3910001 3.9105
3920001 3.68217
3930001 4.01546
3940001 3.93744
3950001 3.90592
3960001 4.00245
3970001 4.83258
3980001 3.9251
3990001 3.71835
4000001 4.03706
4010001 3.97668
4020001 3.92239
4030001 4.92359
4040001 4.42196
4050001 3.94341
4060001 3.90581
4070001 4.20426
4080001 4.27458
4090001 3.9382
4100001 3.71547
4110001 4.06943
4120001 3.96271
4130001 3.93207
4140001 9.07222
4150001 4.3857
4160001 3.95157
4170001 3.73949
4180001 4.06134
4190001 3.99627
4200001 3.94901
4210001 4.1148
4220001 4.44923
4230001 3.96931
4240001 3.92986
4250001 4.17037
4260001 4.266
4270001 3.96437
4280001 3.85012
4290001 4.09434
4300001 3.98682
4310001 3.95699
4320001 4.40938
4330001 4.42208
4340001 3.97707
4350001 3.76197
4360001 4.08685
4370001 4.01866
4380001 3.97425
4390001 4.14417
4400001 4.4718
4410001 3.99368
4420001 3.95154
4430001 4.14723
4440001 4.279
4450001 3.98942
4460001 3.82716
4470001 9.30986
4480001 4.01065
4490001 3.98087
4500001 4.41403
4510001 4.40298
4520001 4.00154
4530001 3.7767
4540001 4.11543
4550001 4.03939
4560001 3.99852
4570001 4.16338
4580001 5.24942
4590001 4.01723
4600001 3.97201
4610001 4.14785
4620001 4.28031
4630001 4.01315
4640001 6.2488
4650001 4.91608
4660001 4.03356
4670001 4.00311
4680001 4.30305
4690001 4.41563
4700001 4.02516
4710001 3.79886
4720001 4.12591
4730001 4.05835
4740001 4.0214
4750001 4.80991
4760001 7.4935
4770001 4.03969
4780001 3.98579
4790001 4.14717
4800001 4.23215
4810001 4.03587
4820001 4.90167
4830001 4.57346
4840001 4.0555
4850001 4.02335
4860001 4.32475
4870001 4.43246
4880001 4.04799
4890001 3.82571
4900001 4.14545
4910001 4.07728
4920001 4.04346
4930001 4.38518
4940001 4.80536
4950001 4.06119
4960001 3.89977
4970001 4.16932
4980001 4.16687
4990001 4.05741
5000001 4.45526
5010001 4.95429
5020001 4.0766
5030001 4.04334
5040001 4.33824
5050001 4.45004
5060001 4.06989
5070001 3.85419
5080001 4.16996
5090001 4.0957
5100001 4.06466
5110001 4.16769
5120001 4.73353
5130001 4.08185
5140001 3.88268
5150001 4.18882
5160001 4.13289
5170001 4.07823
5180001 5.04779
5190001 4.67023
5200001 4.09725
5210001 4.06214
5220001 4.35639
5230001 4.46543
5240001 4.09088
5250001 3.87387
5260001 4.19304
5270001 4.11438
5280001 4.08456
5290001 6.34152
5300001 10.5802
5310001 4.10194
5320001 3.89833
5330001 4.20946
5340001 4.14527
5350001 4.09811
5360001 4.31406
5370001 4.58113
5380001 4.11692
5390001 4.08015
5400001 4.32831
5410001 4.4174
5420001 4.11091
5430001 4.01443
5440001 4.25588
5450001 4.13209
5460001 4.10306
5470001 9.14801
5480001 4.5345
5490001 4.12106
5500001 3.91325
5510001 4.23056
5520001 4.16173
5530001 4.11751
5540001 4.27853
5550001 4.59469
5560001 4.13557
5570001 4.09653
5580001 4.28422
5590001 4.41643
5600001 4.1299
5610001 4.02109
5620001 9.37041
5630001 4.1499
5640001 4.12126
5650001 4.55821
5660001 4.56958
5670001 4.13979
5680001 3.93298
5690001 4.24295
5700001 4.17728
5710001 4.13593
5720001 4.29924
5730001 4.62658
5740001 4.15317
5750001 4.11141
5760001 4.28726
5770001 4.42331
5780001 4.1482
5790001 9.82282
5800001 9.96205
5810001 4.16725
5820001 4.13813
5830001 4.43172
5840001 4.54948
5850001 4.15773
5860001 3.94155
5870001 4.25426
5880001 4.19093
5890001 4.15352
5900001 4.31762
5910001 5.36707
5920001 4.17022
5930001 4.12333
5940001 4.27408
5950001 4.4145
5960001 4.16557
5970001 5.00791
5980001 4.76784
5990001 4.18393
6000001 4.15372
6010001 4.44298
6020001 4.54997
6030001 4.17525
6040001 3.95863
6050001 4.27115
6060001 4.20458
6070001 4.17027
6080001 5.06691
6090001 5.11469
6100001 4.1868
6110001 4.12015
6120001 4.29042
6130001 4.29061
6140001 4.18211
6150001 4.65521
6160001 5.05537
6170001 4.20004
6180001 4.16815
6190001 4.45779
6200001 4.564
6210001 4.19222
6220001 3.9771
6230001 4.28792
6240001 4.2179
6250001 4.18658
6260001 4.35088
6270001 4.83791
6280001 4.20248
6290001 4.01471
6300001 4.30703
6310001 4.25373
6320001 4.19807
6330001 4.63054
6340001 6.24245
6350001 4.21565
6360001 4.18272
6370001 4.46771
6380001 4.57708
6390001 4.20852
6400001 3.99669
6410001 4.30523
6420001 4.2316
6430001 4.20213
6440001 4.29129
6450001 5.07367
6460001 4.21802
6470001 4.02605
6480001 4.32142
6490001 4.2642
6500001 4.21341
6510001 5.11905
6520001 4.68072
6530001 4.23113
6540001 4.19595
6550001 4.47436
6560001 4.53968
6570001 4.22427
6580001 4.01688
6590001 4.34563
6600001 4.24524
6610001 4.21655
6620001 9.19879
6630001 4.64099
6640001 4.23286
6650001 4.03527
6660001 4.33453
6670001 4.27287
6680001 4.2285
6690001 4.38311
6700001 4.6978
6710001 4.24568
6720001 4.2086
6730001 4.43335
6740001 4.52253
6750001 4.23915
6760001 4.13189
6770001 4.35983
6780001 4.25838
6790001 4.23035
6800001 4.65564
6810001 4.66687
6820001 4.24736
6830001 4.0463
6840001 4.34932
6850001 4.28462
6860001 4.24286
6870001 4.40175
6880001 4.71089
6890001 4.25935
6900001 4.21965
6910001 4.40276
6920001 4.52629
6930001 4.25353
6940001 4.10119
6950001 9.42541
6960001 4.27177
6970001 4.24371
6980001 4.65178
6990001 4.64055
7000001 4.26141
7010001 4.05066
7020001 4.36755
7030001 4.2954
7040001 4.2568
7050001 4.41139
7060001 5.44608
7070001 4.2727
7080001 4.23011
7090001 4.39491
7100001 4.51745
7110001 4.26718
7120001 6.41448
7130001 5.12453
7140001 4.28479
7150001 4.25603
7160001 4.53861
7170001 4.6448
7180001 4.27516
7190001 4.06246
7200001 4.3692
7210001 4.30492
7220001 4.26993
7230001 5.01901
7240001 7.629
7250001 4.28561
7260001 4.23465
7270001 4.38624
7280001 4.4659
7290001 4.28035
7300001 5.10445
7310001 4.78956
7320001 4.29734
7330001 4.26693
7340001 4.55156
7350001 4.6534
7360001 4.28866
7370001 4.07964
7380001 4.37985
7390001 4.31485
7400001 4.28276
7410001 4.44481
7420001 5.00731
7430001 4.29803
7440001 4.14365
7450001 4.3996
7460001 4.39655
7470001 4.29289
7480001 4.67017
7490001 5.14795
7500001 4.30961
7510001 4.27802
7520001 4.55721
7530001 4.66318
7540001 4.30172
7550001 4.09784
7560001 4.39555
7570001 4.32475
7580001 4.29523
7590001 4.39231
7600001 4.9319
7610001 4.31009
7620001 4.12168
7630001 4.4108
7640001 4.35718
7650001 4.30516
7660001 5.2324
7670001 4.86869
7680001 4.32183
7690001 4.28844
7700001 4.5676
7710001 4.67122
7720001 4.31434
7730001 4.10878
7740001 4.41045
7750001 4.33528
7760001 4.30689
7770001 6.48661
7780001 10.6676
7790001 4.32203
7800001 4.12904
7810001 4.42352
7820001 4.36188
7830001 4.31696
7840001 4.52199
7850001 4.77772
7860001 4.33355
7870001 4.2985
7880001 4.53421
7890001 4.61878
7900001 4.32645
7910001 4.23455
7920001 4.46361
7930001 4.3453
7940001 4.31762
7950001 9.24601
7960001 4.72853
7970001 4.33344
7980001 4.13603
7990001 4.43696
8000001 4.37096
8010001 4.32871
8020001 4.4817
8030001 4.78398
8040001 4.34468
8050001 4.30737
8060001 4.48573
8070001 4.61168
8080001 4.33795
8090001 4.23439
8100001 9.46353
8110001 4.35581
8120001 4.32843
8130001 4.74594
8140001 4.75626
8150001 4.34484
8160001 4.14802
8170001 4.44258
8180001 4.37946
8190001 4.3399
8200001 4.49261
8210001 4.80893
8220001 4.35519
8230001 4.31525
8240001 4.48258
8250001 4.61238
8260001 4.34915
8270001 9.90916
8280001 10.047
8290001 4.36621
8300001 4.3383
8310001 4.61873
8320001 4.73137
8330001 4.35588
8340001 4.14979
8350001 4.44748
8360001 4.38651
8370001 4.35063
8380001 4.50713
8390001 5.52027
8400001 4.36549
8410001 4.32057
8420001 4.46418
8430001 4.59835
8440001 4.35984
8450001 5.17026
8460001 4.93772
8470001 4.37628
8480001 4.34733
8490001 4.62446
8500001 4.72651
8510001 4.36683
8520001 4.16
8530001 4.45792
8540001 4.39377
8550001 4.3609
8560001 5.22457
8570001 5.27055
8580001 4.37566
8590001 4.3118
8600001 4.47432
8610001 4.47406
8620001 4.37003
8630001 4.82449
8640001 5.21103
8650001 4.38616
8660001 4.35554
8670001 4.633
8680001 4.73495
8690001 4.37756
8700001 4.17168
8710001 4.4687
8720001 4.40105
8730001 4.37105
8740001 4.52835
8750001 4.99769
8760001 4.38527
8770001 4.20549
8780001 4.48499
8790001 4.43344
8800001 4.37996
8810001 4.79575
8820001 6.36563
8830001 4.39584
8840001 4.36417
8850001 4.63769
8860001 4.74036
8870001 4.38794
8880001 4.18493
8890001 4.48048
8900001 4.40911
8910001 4.38075
8920001 4.466
8930001 5.22187
8940001 4.39505
8950001 4.21096
8960001 4.4938
8970001 4.4385
8980001 4.38955
8990001 4.59444
9000001 4.83922
9010001 4.40567
9020001 4.37179
9030001 4.63933
9040001 4.70198
9050001 4.39807
9060001 4.19901
9070001 4.51417
9080001 4.41726
9090001 4.38955
9100001 9.27922
9110001 4.79806
9120001 4.40439
9130001 4.21466
9140001 4.50168
9150001 4.44201
9160001 4.39922
9170001 4.54768
9180001 4.8514
9190001 4.41486
9200001 4.37912
9210001 4.59518
9220001 4.67947
9230001 4.40758
9240001 4.30364
9250001 4.52319
9260001 4.4252
9270001 4.3982
9280001 4.8083
9290001 4.81871
9300001 4.41368
9310001 4.22032
9320001 4.51142
9330001 4.44871
9340001 4.40842
9350001 4.56122
9360001 4.85989
9370001 4.42346
9380001 4.38514
9390001 4.56122
9400001 4.67991
9410001 4.41692
9420001 4.27012
9430001 9.49997
9440001 4.43367
9450001 4.40656
9460001 4.80048
9470001 4.78924
9480001 4.42278
9490001 4.21989
9500001 4.52463
9510001 4.45476
9520001 4.41744
9530001 4.56635
9540001 5.57231
9550001 4.43187
9560001 4.39081
9570001 4.5494
9580001 4.66764
9590001 4.42576
9600001 6.52085
9610001 5.2568
9620001 4.44195
9630001 4.41413
9640001 4.68685
9650001 4.78949
9660001 4.4318
9670001 4.22677
9680001 4.52205
9690001 4.45975
9700001 4.42587
9710001 5.15208
9720001 7.71695
9730001 4.44026
9740001 4.39099
9750001 4.53701
9760001 4.61373
9770001 4.43433
9780001 5.23344
9790001 4.92719
9800001 4.45
9810001 4.42056
9820001 4.69549
9830001 4.79406
9840001 4.44079
9850001 4.23889
9860001 4.5285
9870001 4.46537
9880001 4.43427
9890001 4.58937
9900001 5.13699
9910001 4.4483
9920001 4.29791
9930001 4.54608
9940001 4.54281
9950001 4.44253
9960001 4.80782
9970001 5.2729
9980001 4.45798
9990001 4.42736
