1 15.8474
10001 8.43678
20001 4.91023
30001 3.24441
40001 2.3764
50001 1.77168
60001 1.40545
70001 1.20653
80001 1.0267
90001 0.89534
100001 0.839524
110001 0.763532
120001 0.705707
130001 0.69567
140001 0.660197
150001 0.624182
160001 0.629889
170001 0.611168
180001 0.585042
190001 0.601053
200001 0.592495
210001 0.569396
220001 0.577875
230001 0.582163
240001 0.554837
250001 0.571188
260001 0.581576
270001 0.556337
280001 0.552975
290001 0.57315
300001 0.561791
310001 0.547654
320001 0.567838
330001 0.553968
340001 0.544475
350001 0.581014
360001 0.556294
370001 0.540183
380001 0.600398
390001 0.557503
400001 0.543056
410001 0.591048
420001 0.556642
430001 0.542692
440001 0.574909
450001 0.558485
460001 0.548004
470001 0.561163
480001 0.573091
490001 4.98878
500001 0.788938
510001 0.568998
520001 0.543631
530001 0.553777
540001 0.566657
550001 0.615384
560001 0.550843
570001 1.2517
580001 0.555234
590001 0.548749
600001 0.625412
610001 0.568921
620001 0.545216
630001 0.571686
640001 0.554919
650001 0.54621
660001 0.578309
670001 0.560818
680001 0.552869
690001 0.572992
700001 0.557194
710001 0.545457
720001 0.569461
730001 0.561766
740001 0.544772
750001 0.566556
760001 0.56196
770001 0.545161
780001 0.569468
790001 0.568264
800001 0.55004
810001 0.562446
820001 0.570924
830001 0.546269
840001 0.564618
850001 0.577658
860001 0.553895
870001 0.551544
880001 0.573374
890001 0.562787
900001 0.549238
910001 0.570378
920001 0.557098
930001 0.547841
940001 0.584802
950001 0.560552
960001 0.544624
970001 0.604765
980001 0.562385
990001 0.548083
1000001 0.595842
1010001 0.561845
1020001 0.547986
1030001 0.579979
1040001 0.563755
1050001 0.553283
1060001 0.566321
1070001 0.578189
1080001 4.98936
1090001 0.79256
1100001 0.573976
1110001 0.548779
1120001 0.558701
1130001 0.571497
1140001 0.619784
1150001 0.555565
1160001 1.25382
1170001 0.559912
1180001 0.553291
1190001 0.629429
1200001 0.573265
1210001 0.549576
1220001 0.575847
1230001 0.55914
1240001 0.550303
1250001 0.582197
1260001 0.564746
1270001 0.556696
1280001 0.57669
1290001 0.560916
1300001 0.54914
1310001 0.572947
1320001 0.565229
1330001 0.548205
1340001 0.569826
1350001 0.565186
1360001 0.548366
1370001 0.572484
1380001 0.571219
1390001 0.552999
1400001 0.565277
1410001 0.573665
1420001 0.549056
1430001 0.567216
1440001 0.580176
1450001 0.556454
1460001 0.553986
1470001 0.575714
1480001 0.565113
1490001 0.551505
1500001 0.572548
1510001 0.559264
1520001 0.549935
1530001 0.586749
1540001 0.562525
1550001 0.54655
1560001 0.606495
1570001 0.564191
1580001 0.549858
1590001 0.597454
1600001 0.563498
1610001 0.549606
1620001 0.58149
1630001 0.565244
1640001 0.554736
1650001 0.567717
1660001 0.579512
1670001 4.98951
1680001 0.793466
1690001 0.575184
1700001 0.54999
1710001 0.559839
1720001 0.572593
1730001 0.620753
1740001 0.556581
1750001 1.25427
1760001 0.56088
1770001 0.554205
1780001 0.630228
1790001 0.57411
1800001 0.550398
1810001 0.576624
1820001 0.559907
1830001 0.551021
1840001 0.582876
1850001 0.565413
1860001 0.557323
1870001 0.577294
1880001 0.561503
1890001 0.549707
1900001 0.573478
1910001 0.565737
1920001 0.548686
1930001 0.570282
1940001 0.565616
1950001 0.548772
1960001 0.572867
1970001 0.571579
1980001 0.553338
1990001 0.565597
2000001 0.573967
2010001 0.549345
2020001 0.56747
2030001 0.580422
2040001 0.556688
2050001 0.554185
2060001 0.575906
2070001 0.56529
2080001 0.551655
2090001 0.572693
2100001 0.559396
2110001 0.55004
2120001 0.586847
2130001 0.562611
2140001 0.546609
2150001 0.606551
2160001 0.564237
2170001 0.549886
2180001 0.597477
2190001 0.563506
2200001 0.549595
2210001 0.581481
2220001 0.565214
2230001 0.554689
2240001 0.567671
2250001 0.579456
2260001 4.9895
2270001 0.793412
2280001 0.5751
2290001 0.549889
2300001 0.559727
2310001 0.572484
2320001 0.620642
2330001 0.55644
2340001 1.25421
2350001 0.560736
2360001 0.554041
2370001 0.630089
2380001 0.573948
2390001 0.550214
2400001 0.576452
2410001 0.559722
2420001 0.550817
2430001 0.582688
2440001 0.565212
2450001 0.557106
2460001 0.57709
2470001 0.561284
2480001 0.549479
2490001 0.573259
2500001 0.565508
2510001 0.548439
2520001 0.570048
2530001 0.565373
2540001 0.548511
2550001 0.572622
2560001 0.571329
2570001 0.55307
2580001 0.565338
2590001 0.57371
2600001 0.54907
2610001 0.567199
2620001 0.580162
2630001 0.556411
2640001 0.553897
2650001 0.575635
2660001 0.56501
2670001 0.55136
2680001 0.572414
2690001 0.559107
2700001 0.54974
2710001 0.586569
2720001 0.562318
2730001 0.546301
2740001 0.606278
2750001 0.563941
2760001 0.549579
2770001 0.597198
2780001 0.563206
2790001 0.549285
2800001 0.581193
2810001 0.564912
2820001 0.554377
2830001 0.56737
2840001 0.57916
2850001 4.98947
2860001 0.793196
2870001 0.574801
2880001 0.549574
2890001 0.559417
2900001 0.572184
2910001 0.620363
2920001 0.556125
2930001 1.25408
2940001 0.560428
2950001 0.553725
2960001 0.629816
2970001 0.573648
2980001 0.549898
2990001 0.576154
3000001 0.559415
3010001 0.5505
3020001 0.582394
3030001 0.564908
3040001 0.556795
3050001 0.576795
3060001 0.560979
3070001 0.549168
3080001 0.572964
3090001 0.565208
3100001 0.548127
3110001 0.569753
3120001 0.565074
3130001 0.548201
3140001 0.57233
3150001 0.571037
3160001 0.552766
3170001 0.565044
3180001 0.573422
3190001 0.548769
3200001 0.566908
3210001 0.579881
3220001 0.556117
3230001 0.5536
3240001 0.575354
3250001 0.564723
3260001 0.551065
3270001 0.572134
3280001 0.558821
3290001 0.549448
3300001 0.586299
3310001 0.562037
3320001 0.54601
3330001 0.60602
3340001 0.563664
3350001 0.549295
3360001 0.596939
3370001 0.562932
3380001 0.549005
3390001 0.580932
3400001 0.564642
3410001 0.554102
3420001 0.567105
3430001 0.578902
3440001 4.98944
3450001 0.793009
3460001 0.574545
3470001 0.549306
3480001 0.559154
3490001 0.571931
3500001 0.620129
3510001 0.555864
3520001 1.25396
3530001 0.560174
3540001 0.553467
3550001 0.629592
3560001 0.573403
3570001 0.549642
3580001 0.575914
3590001 0.559168
3600001 0.550248
3610001 0.582159
3620001 0.564667
3630001 0.556551
3640001 0.576563
3650001 0.56074
3660001 0.548926
3670001 0.572734
3680001 0.564976
3690001 0.547888
3700001 0.569525
3710001 0.564846
3720001 0.547965
3730001 0.572108
3740001 0.570815
3750001 0.552537
3760001 0.564822
3770001 0.573205
3780001 0.548543
3790001 0.56669
3800001 0.579671
3810001 0.555899
3820001 0.553381
3830001 0.575146
3840001 0.564512
3850001 0.550848
3860001 0.571928
3870001 0.558611
3880001 0.549235
3890001 0.586101
3900001 0.561833
3910001 0.545799
3920001 0.605832
3930001 0.563464
3940001 0.54909
3950001 0.596753
3960001 0.562736
3970001 0.548804
3980001 0.580745
3990001 0.56445
4000001 0.553907
4010001 0.566917
4020001 0.578718
4030001 4.98941
4040001 0.792877
4050001 0.574364
4060001 0.549117
4070001 0.558969
4080001 0.571752
4090001 0.619965
4100001 0.555682
4110001 1.25388
4120001 0.559996
4130001 0.553288
4140001 0.629436
4150001 0.573233
4160001 0.549465
4170001 0.575747
4180001 0.558997
4190001 0.550075
4200001 0.581997
4210001 0.564502
4220001 0.556383
4230001 0.576403
4240001 0.560577
4250001 0.54876
4260001 0.572577
4270001 0.564817
4280001 0.547724
4290001 0.56937
4300001 0.56469
4310001 0.547805
4320001 0.571957
4330001 0.570665
4340001 0.552382
4350001 0.564672
4360001 0.573058
4370001 0.548391
4380001 0.566543
4390001 0.579529
4400001 0.555752
4410001 0.553233
4420001 0.575005
4430001 0.56437
4440001 0.550703
4450001 0.57179
4460001 0.558471
4470001 0.549092
4480001 0.585969
4490001 0.561696
4500001 0.545659
4510001 0.605708
4520001 0.563331
4530001 0.548954
4540001 0.596629
4550001 0.562605
4560001 0.54867
4570001 0.58062
4580001 0.564323
4590001 0.553777
4600001 0.566792
4610001 0.578597
4620001 4.9894
4630001 0.79279
4640001 0.574244
4650001 0.548993
4660001 0.558848
4670001 0.571635
4680001 0.619858
4690001 0.555562
4700001 1.25383
4710001 0.559879
4720001 0.55317
4730001 0.629334
4740001 0.573122
4750001 0.549349
4760001 0.575637
4770001 0.558885
4780001 0.549961
4790001 0.581891
4800001 0.564393
4810001 0.556274
4820001 0.576298
4830001 0.56047
4840001 0.548652
4850001 0.572474
4860001 0.564714
4870001 0.547618
4880001 0.569269
4890001 0.564589
4900001 0.547701
4910001 0.571858
4920001 0.570567
4930001 0.552281
4940001 0.564575
4950001 0.572963
4960001 0.548292
4970001 0.566448
4980001 0.579437
4990001 0.555656
5000001 0.553138
5010001 0.574915
5020001 0.564278
5030001 0.550609
5040001 0.571701
5050001 0.55838
5060001 0.549
5070001 0.585884
5080001 0.561608
5090001 0.545568
5100001 0.605627
5110001 0.563245
5120001 0.548866
5130001 0.596549
5140001 0.562521
5150001 0.548585
5160001 0.58054
5170001 0.564241
5180001 0.553694
5190001 0.566712
5200001 0.578519
5210001 4.98939
5220001 0.792734
5230001 0.574167
5240001 0.548913
5250001 0.55877
5260001 0.57156
5270001 0.619789
5280001 0.555486
5290001 1.2538
5300001 0.559805
5310001 0.553094
5320001 0.629269
5330001 0.57305
5340001 0.549274
5350001 0.575567
5360001 0.558814
5370001 0.549889
5380001 0.581824
5390001 0.564324
5400001 0.556204
5410001 0.576231
5420001 0.560402
5430001 0.548583
5440001 0.572408
5450001 0.564648
5460001 0.54755
5470001 0.569205
5480001 0.564525
5490001 0.547635
5500001 0.571796
5510001 0.570505
5520001 0.552217
5530001 0.564512
5540001 0.572903
5550001 0.548229
5560001 0.566388
5570001 0.579379
5580001 0.555596
5590001 0.553077
5600001 0.574857
5610001 0.56422
5620001 0.550549
5630001 0.571644
5640001 0.558323
5650001 0.548942
5660001 0.58583
5670001 0.561552
5680001 0.545511
5690001 0.605576
5700001 0.56319
5710001 0.54881
5720001 0.596498
5730001 0.562468
5740001 0.54853
5750001 0.580489
5760001 0.564189
5770001 0.553641
5780001 0.566661
5790001 0.578469
5800001 4.98939
5810001 0.792698
5820001 0.574119
5830001 0.548862
5840001 0.558721
5850001 0.571512
5860001 0.619745
5870001 0.555437
5880001 1.25378
5890001 0.559757
5900001 0.553047
5910001 0.629227
5920001 0.573005
5930001 0.549228
5940001 0.575523
5950001 0.558769
5960001 0.549843
5970001 0.581781
5980001 0.56428
5990001 0.556159
6000001 0.576189
6010001 0.560359
6020001 0.548539
6030001 0.572367
6040001 0.564606
6050001 0.547507
6060001 0.569164
6070001 0.564484
6080001 0.547593
6090001 0.571756
6100001 0.570465
6110001 0.552177
6120001 0.564473
6130001 0.572864
6140001 0.54819
6150001 0.566349
6160001 0.579342
6170001 0.555557
6180001 0.553039
6190001 0.574821
6200001 0.564183
6210001 0.550512
6220001 0.571608
6230001 0.558286
6240001 0.548905
6250001 0.585796
6260001 0.561516
6270001 0.545475
6280001 0.605544
6290001 0.563156
6300001 0.548775
6310001 0.596466
6320001 0.562434
6330001 0.548496
6340001 0.580457
6350001 0.564156
6360001 0.553608
6370001 0.566629
6380001 0.578438
6390001 4.98938
6400001 0.792676
6410001 0.574088
6420001 0.548831
6430001 0.558689
6440001 0.571482
6450001 0.619717
6460001 0.555407
6470001 1.25376
6480001 0.559728
6490001 0.553017
6500001 0.629201
6510001 0.572977
6520001 0.549198
6530001 0.575495
6540001 0.55874
6550001 0.549814
6560001 0.581754
6570001 0.564253
6580001 0.556132
6590001 0.576163
6600001 0.560332
6610001 0.548511
6620001 0.572341
6630001 0.56458
6640001 0.54748
6650001 0.569138
6660001 0.564459
6670001 0.547567
6680001 0.571731
6690001 0.570441
6700001 0.552151
6710001 0.564449
6720001 0.57284
6730001 0.548165
6740001 0.566325
6750001 0.579319
6760001 0.555533
6770001 0.553015
6780001 0.574798
6790001 0.56416
6800001 0.550488
6810001 0.571586
6820001 0.558264
6830001 0.548882
6840001 0.585774
6850001 0.561494
6860001 0.545452
6870001 0.605523
6880001 0.563134
6890001 0.548753
6900001 0.596446
6910001 0.562413
6920001 0.548474
6930001 0.580437
6940001 0.564136
6950001 0.553587
6960001 0.566608
6970001 0.578419
6980001 4.98938
6990001 0.792662
7000001 0.574069
7010001 0.548811
7020001 0.55867
7030001 0.571463
7040001 0.6197
7050001 0.555387
7060001 1.25375
7070001 0.559709
7080001 0.552998
7090001 0.629185
7100001 0.572959
7110001 0.549179
7120001 0.575478
7130001 0.558722
7140001 0.549796
7150001 0.581737
7160001 0.564236
7170001 0.556114
7180001 0.576146
7190001 0.560315
7200001 0.548494
7210001 0.572324
7220001 0.564563
7230001 0.547463
7240001 0.569122
7250001 0.564443
7260001 0.54755
7270001 0.571715
7280001 0.570425
7290001 0.552135
7300001 0.564433
7310001 0.572825
7320001 0.548149
7330001 0.56631
7340001 0.579304
7350001 0.555518
7360001 0.553
7370001 0.574783
7380001 0.564145
7390001 0.550473
7400001 0.571572
7410001 0.558249
7420001 0.548867
7430001 0.585761
7440001 0.56148
7450001 0.545438
7460001 0.605511
7470001 0.563121
7480001 0.54874
7490001 0.596433
7500001 0.5624
7510001 0.548461
7520001 0.580425
7530001 0.564123
7540001 0.553574
7550001 0.566596
7560001 0.578407
7570001 4.98938
7580001 0.792653
7590001 0.574057
7600001 0.548798
7610001 0.558658
7620001 0.571451
7630001 0.619689
7640001 0.555375
7650001 1.25375
7660001 0.559697
7670001 0.552986
7680001 0.629174
7690001 0.572948
7700001 0.549168
7710001 0.575467
7720001 0.558711
7730001 0.549785
7740001 0.581726
7750001 0.564225
7760001 0.556103
7770001 0.576136
7780001 0.560304
7790001 0.548483
7800001 0.572314
7810001 0.564553
7820001 0.547453
7830001 0.569112
7840001 0.564432
7850001 0.54754
7860001 0.571706
7870001 0.570415
7880001 0.552125
7890001 0.564423
7900001 0.572816
7910001 0.548139
7920001 0.566301
7930001 0.579295
7940001 0.555509
7950001 0.55299
7960001 0.574774
7970001 0.564136
7980001 0.550464
7990001 0.571563
8000001 0.55824
8010001 0.548858
8020001 0.585752
8030001 0.561472
8040001 0.545429
8050001 0.605503
8060001 0.563112
8070001 0.548731
8080001 0.596425
8090001 0.562391
8100001 0.548452
8110001 0.580417
8120001 0.564115
8130001 0.553566
8140001 0.566588
8150001 0.578399
8160001 4.98938
8170001 0.792647
8180001 0.574049
8190001 0.54879
8200001 0.55865
8210001 0.571444
8220001 0.619682
8230001 0.555368
8240001 1.25374
8250001 0.55969
8260001 0.552978
8270001 0.629168
8280001 0.572941
8290001 0.54916
8300001 0.57546
8310001 0.558704
8320001 0.549778
8330001 0.58172
8340001 0.564218
8350001 0.556096
8360001 0.576129
8370001 0.560297
8380001 0.548476
8390001 0.572308
8400001 0.564547
8410001 0.547446
8420001 0.569106
8430001 0.564426
8440001 0.547533
8450001 0.571699
8460001 0.570409
8470001 0.552119
8480001 0.564417
8490001 0.57281
8500001 0.548133
8510001 0.566295
8520001 0.579289
8530001 0.555503
8540001 0.552984
8550001 0.574769
8560001 0.56413
8570001 0.550458
8580001 0.571557
8590001 0.558234
8600001 0.548853
8610001 0.585747
8620001 0.561466
8630001 0.545423
8640001 0.605497
8650001 0.563107
8660001 0.548725
8670001 0.59642
8680001 0.562386
8690001 0.548447
8700001 0.580412
8710001 0.56411
8720001 0.553561
8730001 0.566583
8740001 0.578394
8750001 4.98938
8760001 0.792644
8770001 0.574044
8780001 0.548785
8790001 0.558645
8800001 0.571439
8810001 0.619678
8820001 0.555363
8830001 1.25374
8840001 0.559685
8850001 0.552974
8860001 0.629164
8870001 0.572936
8880001 0.549156
8890001 0.575456
8900001 0.5587
8910001 0.549773
8920001 0.581715
8930001 0.564214
8940001 0.556092
8950001 0.576125
8960001 0.560293
8970001 0.548472
8980001 0.572304
8990001 0.564542
9000001 0.547442
9010001 0.569102
9020001 0.564422
9030001 0.547529
9040001 0.571695
9050001 0.570405
9060001 0.552115
9070001 0.564413
9080001 0.572806
9090001 0.548129
9100001 0.566291
9110001 0.579286
9120001 0.555499
9130001 0.55298
9140001 0.574765
9150001 0.564127
9160001 0.550454
9170001 0.571554
9180001 0.558231
9190001 0.548849
9200001 0.585744
9210001 0.561463
9220001 0.54542
9230001 0.605494
9240001 0.563103
9250001 0.548722
9260001 0.596417
9270001 0.562383
9280001 0.548444
9290001 0.580408
9300001 0.564106
9310001 0.553557
9320001 0.56658
9330001 0.578391
9340001 4.98938
9350001 0.792642
9360001 0.574041
9370001 0.548782
9380001 0.558642
9390001 0.571436
9400001 0.619675
9410001 0.55536
9420001 1.25374
9430001 0.559682
9440001 0.552971
9450001 0.629161
9460001 0.572933
9470001 0.549153
9480001 0.575453
9490001 0.558697
9500001 0.54977
9510001 0.581713
9520001 0.564211
9530001 0.556089
9540001 0.576122
9550001 0.56029
9560001 0.548469
9570001 0.572301
9580001 0.56454
9590001 0.547439
9600001 0.569099
9610001 0.56442
9620001 0.547526
9630001 0.571693
9640001 0.570403
9650001 0.552112
9660001 0.564411
9670001 0.572804
9680001 0.548127
9690001 0.566289
9700001 0.579283
9710001 0.555497
9720001 0.552978
9730001 0.574763
9740001 0.564124
9750001 0.550452
9760001 0.571551
9770001 0.558229
9780001 0.548847
9790001 0.585741
9800001 0.56146
9810001 0.545417
9820001 0.605492
9830001 0.563101
9840001 0.54872
9850001 0.596415
9860001 0.562381
9870001 0.548442
9880001 0.580406
9890001 0.564104
9900001 0.553555
9910001 0.566578
9920001 0.578389
9930001 4.98938
9940001 0.79264
9950001 0.574039
9960001 0.54878
9970001 0.55864
9980001 0.571434
9990001 0.619674
10000001 0.555358
10010001 1.25374
10020001 0.55968
10030001 0.552969
10040001 0.62916
10050001 0.572932
10060001 0.549151
10070001 0.575451
10080001 0.558695
10090001 0.549769
10100001 0.581711
10110001 0.564209
10120001 0.556087
10130001 0.57612
10140001 0.560289
10150001 0.548468
10160001 0.572299
10170001 0.564538
10180001 0.547437
10190001 0.569098
10200001 0.564418
10210001 0.547525
10220001 0.571691
10230001 0.570401
10240001 0.552111
10250001 0.564409
10260001 0.572802
10270001 0.548125
10280001 0.566287
10290001 0.579282
10300001 0.555495
10310001 0.552976
10320001 0.574761
10330001 0.564123
10340001 0.550451
10350001 0.57155
10360001 0.558227
10370001 0.548845
10380001 0.58574
10390001 0.561459
10400001 0.545416
10410001 0.605491
10420001 0.5631
10430001 0.548718
10440001 0.596414
10450001 0.562379
10460001 0.54844
10470001 0.580405
10480001 0.564103
10490001 0.553554
10500001 0.566576
10510001 0.578388
10520001 4.98938
10530001 0.792639
10540001 0.574038
10550001 0.548779
10560001 0.558639
10570001 0.571433
10580001 0.619673
10590001 0.555357
10600001 1.25374
10610001 0.559679
10620001 0.552968
10630001 0.629159
10640001 0.57293
10650001 0.54915
10660001 0.57545
10670001 0.558694
10680001 0.549768
10690001 0.58171
10700001 0.564208
10710001 0.556086
10720001 0.576119
10730001 0.560288
10740001 0.548466
10750001 0.572298
10760001 0.564537
10770001 0.547436
10780001 0.569096
10790001 0.564417
10800001 0.547524
10810001 0.57169
10820001 0.5704
10830001 0.55211
10840001 0.564408
10850001 0.572801
10860001 0.548124
10870001 0.566286
10880001 0.579281
10890001 0.555494
10900001 0.552975
10910001 0.57476
10920001 0.564122
10930001 0.55045
10940001 0.571549
10950001 0.558226
10960001 0.548844
10970001 0.585739
10980001 0.561458
10990001 0.545415
11000001 0.60549
11010001 0.563099
11020001 0.548717
11030001 0.596413
11040001 0.562379
11050001 0.548439
11060001 0.580404
11070001 0.564102
11080001 0.553553
11090001 0.566576
11100001 0.578387
11110001 4.98938
11120001 0.792639
11130001 0.574037
11140001 0.548778
11150001 0.558638
11160001 0.571432
11170001 0.619672
11180001 0.555356
11190001 1.25374
11200001 0.559679
11210001 0.552967
11220001 0.629158
11230001 0.57293
11240001 0.549149
11250001 0.575449
11260001 0.558693
11270001 0.549767
11280001 0.581709
11290001 0.564207
11300001 0.556086
11310001 0.576119
11320001 0.560287
11330001 0.548466
11340001 0.572298
11350001 0.564537
11360001 0.547436
11370001 0.569096
11380001 0.564416
11390001 0.547523
11400001 0.57169
11410001 0.5704
11420001 0.552109
11430001 0.564408
11440001 0.5728
11450001 0.548123
11460001 0.566286
11470001 0.57928
11480001 0.555494
11490001 0.552975
11500001 0.57476
11510001 0.564121
11520001 0.550449
11530001 0.571548
11540001 0.558226
11550001 0.548844
11560001 0.585739
11570001 0.561458
11580001 0.545414
11590001 0.60549
11600001 0.563098
11610001 0.548717
11620001 0.596413
11630001 0.562378
11640001 0.548439
11650001 0.580404
11660001 0.564102
11670001 0.553553
11680001 0.566575
11690001 0.578386
11700001 4.98938
11710001 0.792638
11720001 0.574037
11730001 0.548778
11740001 0.558638
11750001 0.571432
11760001 0.619671
11770001 0.555355
11780001 1.25374
11790001 0.559678
11800001 0.552966
11810001 0.629157
11820001 0.572929
11830001 0.549149
11840001 0.575449
11850001 0.558693
11860001 0.549766
11870001 0.581709
11880001 0.564207
11890001 0.556085
11900001 0.576118
11910001 0.560287
11920001 0.548465
11930001 0.572297
11940001 0.564536
11950001 0.547435
11960001 0.569095
11970001 0.564416
11980001 0.547523
11990001 0.571689
12000001 0.570399
12010001 0.552109
12020001 0.564407
12030001 0.5728
12040001 0.548123
12050001 0.566285
12060001 0.57928
12070001 0.555493
12080001 0.552974
12090001 0.574759
12100001 0.564121
12110001 0.550449
12120001 0.571548
12130001 0.558225
12140001 0.548843
12150001 0.585738
12160001 0.561457
12170001 0.545414
12180001 0.605489
12190001 0.563098
12200001 0.548716
12210001 0.596412
12220001 0.562378
12230001 0.548438
12240001 0.580404
12250001 0.564101
12260001 0.553552
12270001 0.566575
12280001 0.578386
12290001 4.98938
12300001 0.792638
12310001 0.574037
12320001 0.548777
12330001 0.558637
12340001 0.571431
12350001 0.619671
12360001 0.555355
12370001 1.25374
12380001 0.559678
12390001 0.552966
12400001 0.629157
12410001 0.572929
12420001 0.549148
12430001 0.575448
12440001 0.558692
12450001 0.549766
12460001 0.581708
12470001 0.564207
12480001 0.556085
12490001 0.576118
12500001 0.560286
12510001 0.548465
12520001 0.572297
12530001 0.564536
12540001 0.547435
12550001 0.569095
12560001 0.564416
12570001 0.547522
12580001 0.571689
12590001 0.570399
12600001 0.552108
12610001 0.564407
12620001 0.5728
12630001 0.548123
12640001 0.566285
12650001 0.57928
12660001 0.555493
12670001 0.552974
12680001 0.574759
12690001 0.564121
12700001 0.550448
12710001 0.571548
12720001 0.558225
12730001 0.548843
12740001 0.585738
12750001 0.561457
12760001 0.545414
12770001 0.605489
12780001 0.563098
12790001 0.548716
12800001 0.596412
12810001 0.562377
12820001 0.548438
12830001 0.580403
12840001 0.564101
12850001 0.553552
12860001 0.566574
12870001 0.578386
12880001 4.98938
12890001 0.792638
12900001 0.574036
12910001 0.548777
12920001 0.558637
12930001 0.571431
12940001 0.619671
12950001 0.555355
12960001 1.25374
12970001 0.559678
12980001 0.552966
12990001 0.629157
13000001 0.572929
13010001 0.549148
13020001 0.575448
13030001 0.558692
13040001 0.549766
13050001 0.581708
13060001 0.564206
13070001 0.556085
13080001 0.576118
13090001 0.560286
13100001 0.548465
13110001 0.572297
13120001 0.564536
13130001 0.547435
13140001 0.569095
13150001 0.564415
13160001 0.547522
13170001 0.571689
13180001 0.570399
13190001 0.552108
13200001 0.564407
13210001 0.5728
13220001 0.548123
13230001 0.566285
13240001 0.57928
13250001 0.555493
13260001 0.552974
13270001 0.574759
13280001 0.564121
13290001 0.550448
13300001 0.571548
13310001 0.558225
13320001 0.548843
13330001 0.585738
13340001 0.561457
13350001 0.545414
13360001 0.605489
13370001 0.563098
13380001 0.548716
13390001 0.596412
13400001 0.562377
13410001 0.548438
13420001 0.580403
13430001 0.564101
13440001 0.553552
13450001 0.566574
13460001 0.578386
13470001 4.98938
13480001 0.792638
13490001 0.574036
13500001 0.548777
13510001 0.558637
13520001 0.571431
13530001 0.619671
13540001 0.555355
13550001 1.25374
13560001 0.559677
13570001 0.552966
13580001 0.629157
13590001 0.572929
13600001 0.549148
13610001 0.575448
13620001 0.558692
13630001 0.549766
13640001 0.581708
13650001 0.564206
13660001 0.556085
13670001 0.576118
13680001 0.560286
13690001 0.548465
13700001 0.572297
13710001 0.564536
13720001 0.547435
13730001 0.569095
13740001 0.564415
13750001 0.547522
13760001 0.571689
13770001 0.570399
13780001 0.552108
13790001 0.564407
13800001 0.5728
13810001 0.548122
13820001 0.566285
13830001 0.579279
13840001 0.555493
13850001 0.552974
13860001 0.574759
13870001 0.564121
13880001 0.550448
13890001 0.571548
13900001 0.558225
13910001 0.548843
13920001 0.585738
13930001 0.561457
13940001 0.545414
13950001 0.605489
13960001 0.563098
13970001 0.548716
13980001 0.596412
13990001 0.562377
14000001 0.548438
14010001 0.580403
14020001 0.564101
14030001 0.553552
14040001 0.566574
14050001 0.578386
14060001 4.98938
14070001 0.792638
14080001 0.574036
14090001 0.548777
14100001 0.558637
14110001 0.571431
14120001 0.619671
14130001 0.555355
14140001 1.25374
14150001 0.559677
14160001 0.552966
14170001 0.629157
14180001 0.572928
14190001 0.549148
14200001 0.575448
14210001 0.558692
14220001 0.549766
14230001 0.581708
14240001 0.564206
14250001 0.556084
14260001 0.576118
14270001 0.560286
14280001 0.548465
14290001 0.572297
14300001 0.564535
14310001 0.547435
14320001 0.569095
14330001 0.564415
14340001 0.547522
14350001 0.571689
14360001 0.570399
14370001 0.552108
14380001 0.564407
14390001 0.5728
14400001 0.548122
14410001 0.566285
14420001 0.579279
14430001 0.555493
14440001 0.552974
14450001 0.574759
14460001 0.564121
14470001 0.550448
14480001 0.571547
14490001 0.558225
14500001 0.548843
14510001 0.585738
14520001 0.561457
14530001 0.545413
14540001 0.605489
14550001 0.563097
14560001 0.548716
14570001 0.596412
14580001 0.562377
14590001 0.548438
14600001 0.580403
14610001 0.564101
14620001 0.553552
14630001 0.566574
14640001 0.578386
14650001 4.98938
14660001 0.792638
14670001 0.574036
14680001 0.548777
14690001 0.558637
14700001 0.571431
14710001 0.619671
14720001 0.555355
14730001 1.25374
14740001 0.559677
14750001 0.552966
14760001 0.629157
14770001 0.572928
14780001 0.549148
14790001 0.575448
14800001 0.558692
14810001 0.549766
14820001 0.581708
14830001 0.564206
14840001 0.556084
14850001 0.576118
14860001 0.560286
14870001 0.548465
14880001 0.572297
14890001 0.564535
14900001 0.547435
14910001 0.569095
14920001 0.564415
14930001 0.547522
14940001 0.571689
14950001 0.570399
14960001 0.552108
14970001 0.564407
14980001 0.572799
14990001 0.548122
15000001 0.566285
15010001 0.579279
15020001 0.555493
15030001 0.552974
15040001 0.574759
15050001 0.56412
15060001 0.550448
15070001 0.571547
15080001 0.558225
15090001 0.548843
15100001 0.585738
15110001 0.561457
15120001 0.545413
15130001 0.605489
15140001 0.563097
15150001 0.548716
15160001 0.596412
15170001 0.562377
15180001 0.548438
15190001 0.580403
15200001 0.564101
15210001 0.553552
15220001 0.566574
15230001 0.578386
15240001 4.98938
15250001 0.792638
15260001 0.574036
15270001 0.548777
15280001 0.558637
15290001 0.571431
15300001 0.619671
15310001 0.555355
15320001 1.25374
15330001 0.559677
15340001 0.552966
15350001 0.629157
15360001 0.572928
15370001 0.549148
15380001 0.575448
15390001 0.558692
15400001 0.549766
15410001 0.581708
15420001 0.564206
15430001 0.556084
15440001 0.576118
15450001 0.560286
15460001 0.548465
15470001 0.572297
15480001 0.564535
15490001 0.547434
15500001 0.569095
15510001 0.564415
15520001 0.547522
15530001 0.571689
15540001 0.570399
15550001 0.552108
15560001 0.564407
15570001 0.572799
15580001 0.548122
15590001 0.566285
15600001 0.579279
15610001 0.555493
15620001 0.552974
15630001 0.574759
15640001 0.56412
15650001 0.550448
15660001 0.571547
15670001 0.558225
15680001 0.548843
15690001 0.585738
15700001 0.561457
15710001 0.545413
15720001 0.605489
15730001 0.563097
15740001 0.548716
15750001 0.596412
15760001 0.562377
15770001 0.548438
15780001 0.580403
15790001 0.564101
15800001 0.553552
15810001 0.566574
15820001 0.578386
15830001 4.98938
15840001 0.792638
15850001 0.574036
15860001 0.548777
15870001 0.558637
15880001 0.571431
15890001 0.619671
15900001 0.555355
15910001 1.25374
15920001 0.559677
15930001 0.552966
15940001 0.629157
15950001 0.572928
15960001 0.549148
15970001 0.575448
15980001 0.558692
15990001 0.549766
16000001 0.581708
16010001 0.564206
16020001 0.556084
16030001 0.576118
16040001 0.560286
16050001 0.548465
16060001 0.572297
16070001 0.564535
16080001 0.547434
16090001 0.569095
16100001 0.564415
16110001 0.547522
16120001 0.571689
16130001 0.570399
16140001 0.552108
16150001 0.564407
16160001 0.572799
16170001 0.548122
16180001 0.566285
16190001 0.579279
16200001 0.555493
16210001 0.552974
16220001 0.574759
16230001 0.56412
16240001 0.550448
16250001 0.571547
16260001 0.558225
16270001 0.548843
16280001 0.585738
16290001 0.561457
16300001 0.545413
16310001 0.605489
16320001 0.563097
16330001 0.548716
16340001 0.596412
16350001 0.562377
16360001 0.548438
16370001 0.580403
16380001 0.564101
16390001 0.553552
16400001 0.566574
16410001 0.578386
16420001 4.98938
16430001 0.792638
16440001 0.574036
16450001 0.548777
16460001 0.558637
16470001 0.571431
16480001 0.619671
16490001 0.555355
16500001 1.25374
16510001 0.559677
16520001 0.552966
16530001 0.629157
16540001 0.572928
16550001 0.549148
16560001 0.575448
16570001 0.558692
16580001 0.549766
16590001 0.581708
16600001 0.564206
16610001 0.556084
16620001 0.576118
16630001 0.560286
16640001 0.548465
16650001 0.572296
16660001 0.564535
16670001 0.547434
16680001 0.569095
16690001 0.564415
16700001 0.547522
16710001 0.571689
16720001 0.570399
16730001 0.552108
16740001 0.564407
16750001 0.572799
16760001 0.548122
16770001 0.566285
16780001 0.579279
16790001 0.555493
16800001 0.552974
16810001 0.574759
16820001 0.56412
16830001 0.550448
16840001 0.571547
16850001 0.558225
16860001 0.548843
16870001 0.585738
16880001 0.561457
16890001 0.545413
16900001 0.605489
16910001 0.563097
16920001 0.548716
16930001 0.596412
16940001 0.562377
16950001 0.548438
16960001 0.580403
16970001 0.564101
16980001 0.553552
16990001 0.566574
17000001 0.578386
17010001 4.98938
17020001 0.792638
17030001 0.574036
17040001 0.548777
17050001 0.558637
17060001 0.571431
17070001 0.619671
17080001 0.555355
17090001 1.25374
17100001 0.559677
17110001 0.552966
17120001 0.629157
17130001 0.572928
17140001 0.549148
17150001 0.575448
17160001 0.558692
17170001 0.549766
17180001 0.581708
17190001 0.564206
17200001 0.556084
17210001 0.576118
17220001 0.560286
17230001 0.548465
17240001 0.572296
17250001 0.564535
17260001 0.547434
17270001 0.569095
17280001 0.564415
17290001 0.547522
17300001 0.571689
17310001 0.570399
17320001 0.552108
17330001 0.564407
17340001 0.572799
17350001 0.548122
17360001 0.566285
17370001 0.579279
17380001 0.555493
17390001 0.552974
17400001 0.574759
17410001 0.56412
17420001 0.550448
17430001 0.571547
17440001 0.558225
17450001 0.548843
17460001 0.585738
17470001 0.561457
17480001 0.545413
17490001 0.605489
17500001 0.563097
17510001 0.548716
17520001 0.596412
17530001 0.562377
17540001 0.548438
17550001 0.580403
17560001 0.564101
17570001 0.553552
17580001 0.566574
17590001 0.578386
17600001 4.98938
17610001 0.792638
17620001 0.574036
17630001 0.548777
17640001 0.558637
17650001 0.571431
17660001 0.619671
17670001 0.555355
17680001 1.25374
17690001 0.559677
17700001 0.552966
17710001 0.629157
17720001 0.572928
17730001 0.549148
17740001 0.575448
17750001 0.558692
17760001 0.549765
17770001 0.581708
17780001 0.564206
17790001 0.556084
17800001 0.576118
17810001 0.560286
17820001 0.548465
17830001 0.572296
17840001 0.564535
17850001 0.547434
17860001 0.569095
17870001 0.564415
17880001 0.547522
17890001 0.571689
17900001 0.570399
17910001 0.552108
17920001 0.564407
17930001 0.572799
17940001 0.548122
17950001 0.566285
17960001 0.579279
17970001 0.555493
17980001 0.552974
17990001 0.574759
18000001 0.56412
18010001 0.550448
18020001 0.571547
18030001 0.558225
18040001 0.548843
18050001 0.585738
18060001 0.561457
18070001 0.545413
18080001 0.605489
18090001 0.563097
18100001 0.548716
18110001 0.596412
18120001 0.562377
18130001 0.548438
18140001 0.580403
18150001 0.564101
18160001 0.553552
18170001 0.566574
18180001 0.578386
18190001 4.98938
18200001 0.792638
18210001 0.574036
18220001 0.548777
18230001 0.558637
18240001 0.571431
18250001 0.619671
18260001 0.555355
18270001 1.25374
18280001 0.559677
18290001 0.552966
18300001 0.629157
18310001 0.572928
18320001 0.549148
18330001 0.575448
18340001 0.558692
18350001 0.549765
18360001 0.581708
18370001 0.564206
18380001 0.556084
18390001 0.576117
18400001 0.560286
18410001 0.548465
18420001 0.572296
18430001 0.564535
18440001 0.547434
18450001 0.569095
18460001 0.564415
18470001 0.547522
18480001 0.571689
18490001 0.570399
18500001 0.552108
18510001 0.564407
18520001 0.572799
18530001 0.548122
18540001 0.566285
18550001 0.579279
18560001 0.555493
18570001 0.552974
18580001 0.574759
18590001 0.56412
18600001 0.550448
18610001 0.571547
18620001 0.558225
18630001 0.548843
18640001 0.585738
18650001 0.561457
18660001 0.545413
18670001 0.605489
18680001 0.563097
18690001 0.548716
18700001 0.596412
18710001 0.562377
18720001 0.548438
18730001 0.580403
18740001 0.564101
18750001 0.553552
18760001 0.566574
18770001 0.578386
18780001 4.98938
18790001 0.792638
18800001 0.574036
18810001 0.548777
18820001 0.558637
18830001 0.571431
18840001 0.619671
18850001 0.555355
18860001 1.25374
18870001 0.559677
18880001 0.552966
18890001 0.629157
18900001 0.572928
18910001 0.549148
18920001 0.575448
18930001 0.558692
18940001 0.549765
18950001 0.581708
18960001 0.564206
18970001 0.556084
18980001 0.576117
18990001 0.560286
19000001 0.548465
19010001 0.572296
19020001 0.564535
19030001 0.547434
19040001 0.569095
19050001 0.564415
19060001 0.547522
19070001 0.571689
19080001 0.570399
19090001 0.552108
19100001 0.564407
19110001 0.572799
19120001 0.548122
19130001 0.566285
19140001 0.579279
19150001 0.555493
19160001 0.552974
19170001 0.574759
19180001 0.56412
19190001 0.550448
19200001 0.571547
19210001 0.558225
19220001 0.548843
19230001 0.585738
19240001 0.561456
19250001 0.545413
19260001 0.605489
19270001 0.563097
19280001 0.548716
19290001 0.596412
19300001 0.562377
19310001 0.548438
19320001 0.580403
19330001 0.564101
19340001 0.553552
19350001 0.566574
19360001 0.578386
19370001 4.98938
19380001 0.792638
19390001 0.574036
19400001 0.548777
19410001 0.558637
19420001 0.571431
19430001 0.619671
19440001 0.555355
19450001 1.25374
19460001 0.559677
19470001 0.552966
19480001 0.629157
19490001 0.572928
19500001 0.549148
19510001 0.575448
19520001 0.558692
19530001 0.549765
19540001 0.581708
19550001 0.564206
19560001 0.556084
19570001 0.576117
19580001 0.560286
19590001 0.548465
19600001 0.572296
19610001 0.564535
19620001 0.547434
19630001 0.569095
19640001 0.564415
19650001 0.547522
19660001 0.571689
19670001 0.570398
19680001 0.552108
19690001 0.564407
19700001 0.572799
19710001 0.548122
19720001 0.566285
19730001 0.579279
19740001 0.555493
19750001 0.552974
19760001 0.574759
19770001 0.56412
19780001 0.550448
19790001 0.571547
19800001 0.558225
19810001 0.548843
19820001 0.585738
19830001 0.561456
19840001 0.545413
19850001 0.605489
19860001 0.563097
19870001 0.548716
19880001 0.596412
19890001 0.562377
19900001 0.548438
19910001 0.580403
19920001 0.564101
19930001 0.553552
19940001 0.566574
19950001 0.578386
19960001 4.98938
19970001 0.792638
19980001 0.574036
19990001 0.548777
20000001 0.558637
20010001 0.571431
20020001 0.619671
20030001 0.555355
20040001 1.25374
20050001 0.559677
20060001 0.552966
20070001 0.629157
20080001 0.572928
20090001 0.549148
20100001 0.575448
20110001 0.558692
20120001 0.549765
20130001 0.581708
20140001 0.564206
20150001 0.556084
20160001 0.576117
20170001 0.560286
20180001 0.548465
20190001 0.572296
20200001 0.564535
20210001 0.547434
20220001 0.569095
20230001 0.564415
20240001 0.547522
20250001 0.571689
20260001 0.570398
20270001 0.552108
20280001 0.564407
20290001 0.572799
20300001 0.548122
20310001 0.566285
20320001 0.579279
20330001 0.555493
20340001 0.552974
20350001 0.574759
20360001 0.56412
20370001 0.550448
20380001 0.571547
20390001 0.558225
20400001 0.548843
20410001 0.585738
20420001 0.561456
20430001 0.545413
20440001 0.605489
20450001 0.563097
20460001 0.548716
20470001 0.596412
20480001 0.562377
20490001 0.548438
20500001 0.580403
20510001 0.564101
20520001 0.553552
20530001 0.566574
20540001 0.578386
20550001 4.98938
20560001 0.792638
20570001 0.574036
20580001 0.548777
20590001 0.558637
20600001 0.571431
20610001 0.619671
20620001 0.555355
20630001 1.25374
20640001 0.559677
20650001 0.552966
20660001 0.629157
20670001 0.572928
20680001 0.549148
20690001 0.575448
20700001 0.558692
20710001 0.549765
20720001 0.581708
20730001 0.564206
20740001 0.556084
20750001 0.576117
20760001 0.560286
20770001 0.548465
20780001 0.572296
20790001 0.564535
20800001 0.547434
20810001 0.569095
20820001 0.564415
20830001 0.547522
20840001 0.571689
20850001 0.570398
20860001 0.552108
20870001 0.564407
20880001 0.572799
20890001 0.548122
20900001 0.566285
20910001 0.579279
20920001 0.555493
20930001 0.552974
20940001 0.574759
20950001 0.56412
20960001 0.550448
20970001 0.571547
20980001 0.558225
20990001 0.548843
21000001 0.585738
21010001 0.561456
21020001 0.545413
21030001 0.605489
21040001 0.563097
21050001 0.548716
21060001 0.596412
21070001 0.562377
21080001 0.548438
21090001 0.580403
21100001 0.564101
21110001 0.553552
21120001 0.566574
21130001 0.578386
21140001 4.98938
21150001 0.792638
21160001 0.574036
21170001 0.548777
21180001 0.558637
21190001 0.571431
21200001 0.619671
21210001 0.555355
21220001 1.25374
21230001 0.559677
21240001 0.552966
21250001 0.629157
21260001 0.572928
21270001 0.549148
21280001 0.575448
21290001 0.558692
21300001 0.549765
21310001 0.581708
21320001 0.564206
21330001 0.556084
21340001 0.576117
21350001 0.560286
21360001 0.548465
21370001 0.572296
21380001 0.564535
21390001 0.547434
21400001 0.569095
21410001 0.564415
21420001 0.547522
21430001 0.571689
21440001 0.570398
21450001 0.552108
21460001 0.564407
21470001 0.572799
21480001 0.548122
21490001 0.566285
21500001 0.579279
21510001 0.555492
21520001 0.552974
21530001 0.574759
21540001 0.56412
21550001 0.550448
21560001 0.571547
21570001 0.558225
21580001 0.548843
21590001 0.585738
21600001 0.561456
21610001 0.545413
21620001 0.605489
21630001 0.563097
21640001 0.548716
21650001 0.596412
21660001 0.562377
21670001 0.548438
21680001 0.580403
21690001 0.564101
21700001 0.553552
21710001 0.566574
21720001 0.578386
21730001 4.98938
21740001 0.792638
21750001 0.574036
21760001 0.548777
21770001 0.558637
21780001 0.571431
21790001 0.619671
21800001 0.555355
21810001 1.25374
21820001 0.559677
21830001 0.552966
21840001 0.629157
21850001 0.572928
21860001 0.549148
21870001 0.575448
21880001 0.558692
21890001 0.549765
21900001 0.581708
21910001 0.564206
21920001 0.556084
21930001 0.576117
21940001 0.560286
21950001 0.548465
21960001 0.572296
21970001 0.564535
21980001 0.547434
21990001 0.569095
22000001 0.564415
22010001 0.547522
22020001 0.571689
22030001 0.570398
22040001 0.552108
22050001 0.564407
22060001 0.572799
22070001 0.548122
22080001 0.566285
22090001 0.579279
22100001 0.555492
22110001 0.552974
22120001 0.574759
22130001 0.56412
22140001 0.550448
22150001 0.571547
22160001 0.558225
22170001 0.548843
22180001 0.585738
22190001 0.561456
22200001 0.545413
22210001 0.605489
22220001 0.563097
22230001 0.548716
22240001 0.596412
22250001 0.562377
22260001 0.548438
22270001 0.580403
22280001 0.564101
22290001 0.553552
22300001 0.566574
22310001 0.578386
22320001 4.98938
22330001 0.792638
22340001 0.574036
22350001 0.548777
22360001 0.558637
22370001 0.571431
22380001 0.619671
22390001 0.555355
22400001 1.25374
22410001 0.559677
22420001 0.552966
22430001 0.629157
22440001 0.572928
22450001 0.549148
22460001 0.575448
22470001 0.558692
22480001 0.549765
22490001 0.581708
22500001 0.564206
22510001 0.556084
22520001 0.576117
22530001 0.560286
22540001 0.548465
22550001 0.572296
22560001 0.564535
22570001 0.547434
22580001 0.569095
22590001 0.564415
22600001 0.547522
22610001 0.571689
22620001 0.570398
22630001 0.552108
22640001 0.564407
22650001 0.572799
22660001 0.548122
22670001 0.566285
22680001 0.579279
22690001 0.555492
22700001 0.552974
22710001 0.574759
22720001 0.56412
22730001 0.550448
22740001 0.571547
22750001 0.558225
22760001 0.548843
22770001 0.585738
22780001 0.561456
22790001 0.545413
22800001 0.605489
22810001 0.563097
22820001 0.548716
22830001 0.596412
22840001 0.562377
22850001 0.548438
22860001 0.580403
22870001 0.564101
22880001 0.553552
22890001 0.566574
22900001 0.578386
22910001 4.98938
22920001 0.792638
22930001 0.574036
22940001 0.548777
22950001 0.558637
22960001 0.571431
22970001 0.619671
22980001 0.555355
22990001 1.25374
23000001 0.559677
23010001 0.552966
23020001 0.629157
23030001 0.572928
23040001 0.549148
23050001 0.575448
23060001 0.558692
23070001 0.549765
23080001 0.581708
23090001 0.564206
23100001 0.556084
23110001 0.576117
23120001 0.560286
23130001 0.548465
23140001 0.572296
23150001 0.564535
23160001 0.547434
23170001 0.569095
23180001 0.564415
23190001 0.547522
23200001 0.571689
23210001 0.570398
23220001 0.552108
23230001 0.564407
23240001 0.572799
23250001 0.548122
23260001 0.566285
23270001 0.579279
23280001 0.555492
23290001 0.552974
23300001 0.574759
23310001 0.56412
23320001 0.550448
23330001 0.571547
23340001 0.558225
23350001 0.548843
23360001 0.585738
23370001 0.561456
23380001 0.545413
23390001 0.605489
23400001 0.563097
23410001 0.548716
23420001 0.596412
23430001 0.562377
23440001 0.548438
23450001 0.580403
23460001 0.564101
23470001 0.553552
23480001 0.566574
23490001 0.578386
23500001 4.98938
23510001 0.792638
23520001 0.574036
23530001 0.548777
23540001 0.558637
23550001 0.571431
23560001 0.619671
23570001 0.555355
23580001 1.25374
23590001 0.559677
23600001 0.552966
23610001 0.629157
23620001 0.572928
23630001 0.549148
23640001 0.575448
23650001 0.558692
23660001 0.549765
23670001 0.581708
23680001 0.564206
23690001 0.556084
23700001 0.576117
23710001 0.560286
23720001 0.548465
23730001 0.572296
23740001 0.564535
23750001 0.547434
23760001 0.569095
23770001 0.564415
23780001 0.547522
23790001 0.571689
23800001 0.570398
23810001 0.552108
23820001 0.564407
23830001 0.572799
23840001 0.548122
23850001 0.566285
23860001 0.579279
23870001 0.555492
23880001 0.552974
23890001 0.574759
23900001 0.56412
23910001 0.550448
23920001 0.571547
23930001 0.558225
23940001 0.548843
23950001 0.585738
23960001 0.561456
23970001 0.545413
23980001 0.605489
23990001 0.563097
24000001 0.548716
24010001 0.596412
24020001 0.562377
24030001 0.548438
24040001 0.580403
24050001 0.564101
24060001 0.553552
24070001 0.566574
24080001 0.578386
24090001 4.98938
24100001 0.792638
24110001 0.574036
24120001 0.548777
24130001 0.558637
24140001 0.571431
24150001 0.619671
24160001 0.555355
24170001 1.25374
24180001 0.559677
24190001 0.552966
24200001 0.629157
24210001 0.572928
24220001 0.549148
24230001 0.575448
24240001 0.558692
24250001 0.549765
24260001 0.581708
24270001 0.564206
24280001 0.556084
24290001 0.576117
24300001 0.560286
24310001 0.548465
24320001 0.572296
24330001 0.564535
24340001 0.547434
24350001 0.569095
24360001 0.564415
24370001 0.547522
24380001 0.571689
24390001 0.570398
24400001 0.552108
24410001 0.564407
24420001 0.572799
24430001 0.548122
24440001 0.566285
24450001 0.579279
24460001 0.555492
24470001 0.552974
24480001 0.574759
24490001 0.56412
24500001 0.550448
24510001 0.571547
24520001 0.558225
24530001 0.548843
24540001 0.585738
24550001 0.561456
24560001 0.545413
24570001 0.605489
24580001 0.563097
24590001 0.548716
24600001 0.596412
24610001 0.562377
24620001 0.548438
24630001 0.580403
24640001 0.564101
24650001 0.553552
24660001 0.566574
24670001 0.578386
24680001 4.98938
24690001 0.792638
24700001 0.574036
24710001 0.548777
24720001 0.558637
24730001 0.571431
24740001 0.619671
24750001 0.555355
24760001 1.25374
24770001 0.559677
24780001 0.552966
24790001 0.629157
24800001 0.572928
24810001 0.549148
24820001 0.575448
24830001 0.558692
24840001 0.549765
24850001 0.581708
24860001 0.564206
24870001 0.556084
24880001 0.576117
24890001 0.560286
24900001 0.548465
24910001 0.572296
24920001 0.564535
24930001 0.547434
24940001 0.569095
24950001 0.564415
24960001 0.547522
24970001 0.571689
24980001 0.570398
24990001 0.552108
25000001 0.564407
25010001 0.572799
25020001 0.548122
25030001 0.566285
25040001 0.579279
25050001 0.555492
25060001 0.552974
25070001 0.574759
25080001 0.56412
25090001 0.550448
25100001 0.571547
25110001 0.558225
25120001 0.548843
25130001 0.585738
25140001 0.561456
25150001 0.545413
25160001 0.605489
25170001 0.563097
25180001 0.548716
25190001 0.596412
25200001 0.562377
25210001 0.548438
25220001 0.580403
25230001 0.564101
25240001 0.553552
25250001 0.566574
25260001 0.578386
25270001 4.98938
25280001 0.792638
25290001 0.574036
25300001 0.548777
25310001 0.558637
25320001 0.571431
25330001 0.619671
25340001 0.555355
25350001 1.25374
25360001 0.559677
25370001 0.552966
25380001 0.629157
25390001 0.572928
25400001 0.549148
25410001 0.575448
25420001 0.558692
25430001 0.549765
25440001 0.581708
25450001 0.564206
25460001 0.556084
25470001 0.576117
25480001 0.560286
25490001 0.548465
25500001 0.572296
25510001 0.564535
25520001 0.547434
25530001 0.569095
25540001 0.564415
25550001 0.547522
25560001 0.571689
25570001 0.570398
25580001 0.552108
25590001 0.564407
25600001 0.572799
25610001 0.548122
25620001 0.566285
25630001 0.579279
25640001 0.555492
25650001 0.552974
25660001 0.574759
25670001 0.56412
25680001 0.550448
25690001 0.571547
25700001 0.558225
25710001 0.548843
25720001 0.585738
25730001 0.561456
25740001 0.545413
25750001 0.605489
25760001 0.563097
25770001 0.548716
25780001 0.596412
25790001 0.562377
25800001 0.548438
25810001 0.580403
25820001 0.564101
25830001 0.553552
25840001 0.566574
25850001 0.578386
25860001 4.98938
25870001 0.792638
25880001 0.574036
25890001 0.548777
25900001 0.558637
25910001 0.571431
25920001 0.619671
25930001 0.555355
25940001 1.25374
25950001 0.559677
25960001 0.552966
25970001 0.629157
25980001 0.572928
25990001 0.549148
26000001 0.575448
26010001 0.558692
26020001 0.549765
26030001 0.581708
26040001 0.564206
26050001 0.556084
26060001 0.576117
26070001 0.560286
26080001 0.548465
26090001 0.572296
26100001 0.564535
26110001 0.547434
26120001 0.569095
26130001 0.564415
26140001 0.547522
26150001 0.571689
26160001 0.570398
26170001 0.552108
26180001 0.564407
26190001 0.572799
26200001 0.548122
26210001 0.566285
26220001 0.579279
26230001 0.555492
26240001 0.552974
26250001 0.574759
26260001 0.56412
26270001 0.550448
26280001 0.571547
26290001 0.558225
26300001 0.548843
26310001 0.585738
26320001 0.561456
26330001 0.545413
26340001 0.605489
26350001 0.563097
26360001 0.548716
26370001 0.596412
26380001 0.562377
26390001 0.548438
26400001 0.580403
26410001 0.564101
26420001 0.553552
26430001 0.566574
26440001 0.578386
26450001 4.98938
26460001 0.792638
26470001 0.574036
26480001 0.548777
26490001 0.558637
26500001 0.571431
26510001 0.619671
26520001 0.555355
26530001 1.25374
26540001 0.559677
26550001 0.552966
26560001 0.629157
26570001 0.572928
26580001 0.549148
26590001 0.575448
26600001 0.558692
26610001 0.549765
26620001 0.581708
26630001 0.564206
26640001 0.556084
26650001 0.576117
26660001 0.560286
26670001 0.548465
26680001 0.572296
26690001 0.564535
26700001 0.547434
26710001 0.569095
26720001 0.564415
26730001 0.547522
26740001 0.571689
26750001 0.570398
26760001 0.552108
26770001 0.564407
26780001 0.572799
26790001 0.548122
26800001 0.566285
26810001 0.579279
26820001 0.555492
26830001 0.552974
26840001 0.574759
26850001 0.56412
26860001 0.550448
26870001 0.571547
26880001 0.558225
26890001 0.548843
26900001 0.585738
26910001 0.561456
26920001 0.545413
26930001 0.605489
26940001 0.563097
26950001 0.548716
26960001 0.596412
26970001 0.562377
26980001 0.548438
26990001 0.580403
27000001 0.564101
27010001 0.553552
27020001 0.566574
27030001 0.578386
27040001 4.98938
27050001 0.792638
27060001 0.574036
27070001 0.548777
27080001 0.558637
27090001 0.571431
27100001 0.619671
27110001 0.555355
27120001 1.25374
27130001 0.559677
27140001 0.552966
27150001 0.629157
27160001 0.572928
27170001 0.549148
27180001 0.575448
27190001 0.558692
27200001 0.549765
27210001 0.581708
27220001 0.564206
27230001 0.556084
27240001 0.576117
27250001 0.560286
27260001 0.548465
27270001 0.572296
27280001 0.564535
27290001 0.547434
27300001 0.569095
27310001 0.564415
27320001 0.547522
27330001 0.571689
27340001 0.570398
27350001 0.552108
27360001 0.564407
27370001 0.572799
27380001 0.548122
27390001 0.566285
27400001 0.579279
27410001 0.555492
27420001 0.552974
27430001 0.574759
27440001 0.56412
27450001 0.550448
27460001 0.571547
27470001 0.558225
27480001 0.548843
27490001 0.585738
27500001 0.561456
27510001 0.545413
27520001 0.605489
27530001 0.563097
27540001 0.548716
27550001 0.596412
27560001 0.562377
27570001 0.548438
27580001 0.580403
27590001 0.564101
27600001 0.553552
27610001 0.566574
27620001 0.578386
27630001 4.98938
27640001 0.792638
27650001 0.574036
27660001 0.548777
27670001 0.558637
27680001 0.571431
27690001 0.619671
27700001 0.555355
27710001 1.25374
27720001 0.559677
27730001 0.552966
27740001 0.629157
27750001 0.572928
27760001 0.549148
27770001 0.575448
27780001 0.558692
27790001 0.549765
27800001 0.581708
27810001 0.564206
27820001 0.556084
27830001 0.576117
27840001 0.560286
27850001 0.548465
27860001 0.572296
27870001 0.564535
27880001 0.547434
27890001 0.569095
27900001 0.564415
27910001 0.547522
27920001 0.571689
27930001 0.570398
27940001 0.552108
27950001 0.564407
27960001 0.572799
27970001 0.548122
27980001 0.566285
27990001 0.579279
28000001 0.555492
28010001 0.552974
28020001 0.574759
28030001 0.56412
28040001 0.550448
28050001 0.571547
28060001 0.558225
28070001 0.548843
28080001 0.585738
28090001 0.561456
28100001 0.545413
28110001 0.605489
28120001 0.563097
28130001 0.548716
28140001 0.596412
28150001 0.562377
28160001 0.548438
28170001 0.580403
28180001 0.564101
28190001 0.553552
28200001 0.566574
28210001 0.578386
28220001 4.98938
28230001 0.792638
28240001 0.574036
28250001 0.548777
28260001 0.558637
28270001 0.571431
28280001 0.619671
28290001 0.555355
28300001 1.25374
28310001 0.559677
28320001 0.552966
28330001 0.629157
28340001 0.572928
28350001 0.549148
28360001 0.575448
28370001 0.558692
28380001 0.549765
28390001 0.581708
28400001 0.564206
28410001 0.556084
28420001 0.576117
28430001 0.560286
28440001 0.548465
28450001 0.572296
28460001 0.564535
28470001 0.547434
28480001 0.569095
28490001 0.564415
28500001 0.547522
28510001 0.571689
28520001 0.570398
28530001 0.552108
28540001 0.564407
28550001 0.572799
28560001 0.548122
28570001 0.566285
28580001 0.579279
28590001 0.555492
28600001 0.552974
28610001 0.574759
28620001 0.56412
28630001 0.550448
28640001 0.571547
28650001 0.558225
28660001 0.548843
28670001 0.585738
28680001 0.561456
28690001 0.545413
28700001 0.605489
28710001 0.563097
28720001 0.548716
28730001 0.596412
28740001 0.562377
28750001 0.548438
28760001 0.580403
28770001 0.564101
28780001 0.553552
28790001 0.566574
28800001 0.578386
28810001 4.98938
28820001 0.792638
28830001 0.574036
28840001 0.548777
28850001 0.558637
28860001 0.571431
28870001 0.619671
28880001 0.555355
28890001 1.25374
28900001 0.559677
28910001 0.552966
28920001 0.629157
28930001 0.572928
28940001 0.549148
28950001 0.575448
28960001 0.558692
28970001 0.549765
28980001 0.581708
28990001 0.564206
29000001 0.556084
29010001 0.576117
29020001 0.560286
29030001 0.548465
29040001 0.572296
29050001 0.564535
29060001 0.547434
29070001 0.569095
29080001 0.564415
29090001 0.547522
29100001 0.571689
29110001 0.570398
29120001 0.552108
29130001 0.564407
29140001 0.572799
29150001 0.548122
29160001 0.566285
29170001 0.579279
29180001 0.555492
29190001 0.552974
29200001 0.574759
29210001 0.56412
29220001 0.550448
29230001 0.571547
29240001 0.558225
29250001 0.548843
29260001 0.585738
29270001 0.561456
29280001 0.545413
29290001 0.605489
29300001 0.563097
29310001 0.548716
29320001 0.596412
29330001 0.562377
29340001 0.548438
29350001 0.580403
29360001 0.564101
29370001 0.553552
29380001 0.566574
29390001 0.578386
29400001 4.98938
29410001 0.792638
29420001 0.574036
29430001 0.548777
29440001 0.558637
29450001 0.571431
29460001 0.619671
29470001 0.555355
29480001 1.25374
29490001 0.559677
29500001 0.552966
29510001 0.629157
29520001 0.572928
29530001 0.549148
29540001 0.575448
29550001 0.558692
29560001 0.549765
29570001 0.581708
29580001 0.564206
29590001 0.556084
29600001 0.576117
29610001 0.560286
29620001 0.548465
29630001 0.572296
29640001 0.564535
29650001 0.547434
29660001 0.569095
29670001 0.564415
29680001 0.547522
29690001 0.571689
29700001 0.570398
29710001 0.552108
29720001 0.564407
29730001 0.572799
29740001 0.548122
29750001 0.566285
29760001 0.579279
29770001 0.555492
29780001 0.552974
29790001 0.574759
29800001 0.56412
29810001 0.550448
29820001 0.571547
29830001 0.558225
29840001 0.548843
29850001 0.585738
29860001 0.561456
29870001 0.545413
29880001 0.605489
29890001 0.563097
29900001 0.548716
29910001 0.596412
29920001 0.562377
29930001 0.548438
29940001 0.580403
29950001 0.564101
29960001 0.553552
29970001 0.566574
29980001 0.578386
29990001 4.98938
