1 960.525
10001 261.298
20001 236.377
30001 214.382
40001 197.864
50001 183.233
60001 168.058
70001 157.875
80001 151.07
90001 139.44
100001 132.252
110001 126.323
120001 118.153
130001 119.676
140001 111.474
150001 106.64
160001 104.542
170001 98.8191
180001 95.0795
190001 91.5286
200001 86.4697
210001 84.3888
220001 82.0022
230001 77.1001
240001 75.1732
250001 73.256
260001 69.8743
270001 74.6299
280001 64.8087
290001 63.0522
300001 64.5806
310001 57.9142
320001 56.093
330001 56.5758
340001 52.6352
350001 49.7252
360001 54.4062
370001 47.0533
380001 44.2771
390001 45.9522
400001 42.5354
410001 54.4289
420001 41.4882
430001 39.1448
440001 47.2989
450001 37.9456
460001 36.8488
470001 40.7069
480001 35.6082
490001 73.4589
500001 36.9017
510001 33.6989
520001 32.534
530001 34.2431
540001 31.995
550001 46.8916
560001 31.8838
570001 34.1707
580001 41.1456
590001 30.1024
600001 29.4596
610001 35.1551
620001 28.6677
630001 30.3518
640001 31.3247
650001 27.4341
660001 26.3645
670001 29.0981
680001 30.3875
690001 25.3696
700001 27.2863
710001 25.3148
720001 39.7419
730001 25.3939
740001 24.2762
750001 32.5302
760001 24.3657
770001 23.4387
780001 27.9103
790001 23.3286
800001 22.3942
810001 26.1933
820001 22.5889
830001 21.6997
840001 24.1512
850001 21.8527
860001 38.1306
870001 22.8501
880001 21.3105
890001 31.9388
900001 21.9419
910001 20.6272
920001 27.6916
930001 21.2502
940001 20.2404
950001 31.5674
960001 20.6062
970001 19.2424
980001 22.8914
990001 20.5246
1000001 40.2997
1010001 21.2473
1020001 20.093
1030001 33.7623
1040001 20.6345
1050001 19.9116
1060001 27.3716
1070001 20.0986
1080001 67.3928
1090001 23.9375
1100001 19.5554
1110001 18.51
1120001 22.1282
1130001 19.3148
1140001 39.5116
1150001 20.6744
1160001 24.1889
1170001 33.6733
1180001 19.8919
1190001 18.822
1200001 27.6313
1210001 19.2923
1220001 21.7929
1230001 23.8355
1240001 18.9845
1250001 17.6878
1260001 22.1361
1270001 24.3292
1280001 17.6564
1290001 20.6854
1300001 18.6833
1310001 36.0207
1320001 19.4839
1330001 18.3017
1340001 28.4685
1350001 19.0623
1360001 18.0786
1370001 23.9109
1380001 18.6177
1390001 17.6041
1400001 22.4182
1410001 18.3302
1420001 17.4338
1430001 20.6175
1440001 18.1149
1450001 36.1594
1460001 19.6433
1470001 18.0109
1480001 29.8745
1490001 18.9954
1500001 17.5562
1510001 25.6879
1520001 18.5912
1530001 17.5725
1540001 30.0486
1550001 18.224
1560001 16.7859
1570001 20.8782
1580001 18.3662
1590001 39.3318
1600001 19.389
1610001 18.1606
1620001 32.7157
1630001 18.9193
1640001 18.2696
1650001 26.2037
1660001 18.5591
1670001 66.9486
1680001 22.8189
1690001 18.1613
1700001 17.1281
1710001 21.0709
1720001 18.1164
1730001 38.9592
1740001 19.6865
1750001 23.3463
1760001 33.1201
1770001 19.0097
1780001 17.849
1790001 27.0557
1800001 18.5023
1810001 21.0659
1820001 23.2272
1830001 18.2647
1840001 16.8955
1850001 21.6001
1860001 23.8723
1870001 16.9642
1880001 20.1263
1890001 18.1192
1900001 35.7478
1910001 18.9827
1920001 17.8047
1930001 28.1345
1940001 18.6062
1950001 17.6162
1960001 23.5812
1970001 18.233
1980001 17.1862
1990001 22.0893
2000001 17.9703
2010001 17.0595
2020001 20.313
2030001 17.802
2040001 36.0056
2050001 19.3707
2060001 17.7343
2070001 29.7086
2080001 18.7374
2090001 17.2961
2100001 25.5416
2110001 18.3647
2120001 17.3615
2130001 29.9417
2140001 18.0177
2150001 16.5845
2160001 20.7041
2170001 18.1711
2180001 39.2614
2190001 19.2323
2200001 17.99
2210001 32.6323
2220001 18.7648
2230001 18.1423
2240001 26.1027
2250001 18.4261
2260001 66.9052
2270001 22.7289
2280001 18.0377
2290001 17.0136
2300001 20.9872
2310001 18.0144
2320001 38.9149
2330001 19.6117
2340001 23.2763
2350001 33.0773
2360001 18.9414
2370001 17.7657
2380001 27.0143
2390001 18.4429
2400001 21.0036
2410001 23.18
2420001 18.2079
2430001 16.8282
2440001 21.5662
2450001 23.8431
2460001 16.9037
2470001 20.0804
2480001 18.0765
2490001 35.7291
2500001 18.9445
2510001 17.7698
2520001 28.1054
2530001 18.5702
2540001 17.5776
2550001 23.5549
2560001 18.2086
2570001 17.1555
2580001 22.06
2590001 17.9439
2600001 17.0308
2610001 20.2877
2620001 17.7809
2630001 35.9945
2640001 19.3488
2650001 17.7152
2660001 29.6964
2670001 18.7143
2680001 17.2772
2690001 25.5365
2700001 18.3467
2710001 17.3527
2720001 29.9389
2730001 17.9994
2740001 16.5715
2750001 20.689
2760001 18.1518
2770001 39.2583
2780001 19.2202
2790001 17.9758
2800001 32.6263
2810001 18.7501
2820001 18.1357
2830001 26.0939
2840001 18.4149
2850001 66.8982
2860001 22.7229
2870001 18.0254
2880001 17.0055
2890001 20.9822
2900001 18.006
2910001 38.9115
2920001 19.6086
2930001 23.2711
2940001 33.0746
2950001 18.9376
2960001 17.7596
2970001 27.0125
2980001 18.44
2990001 20.9975
3000001 23.1777
3010001 18.2046
3020001 16.8237
3030001 21.567
3040001 23.843
3050001 16.898
3060001 20.0777
3070001 18.0752
3080001 35.7295
3090001 18.9435
3100001 17.7694
3110001 28.1035
3120001 18.5686
3130001 17.5738
3140001 23.5534
3150001 18.2097
3160001 17.1558
3170001 22.0575
3180001 17.9434
3190001 17.0302
3200001 20.2861
3210001 17.7815
3220001 35.9942
3230001 19.3476
3240001 17.7155
3250001 29.6962
3260001 18.7123
3270001 17.2773
3280001 25.5391
3290001 18.346
3300001 17.3572
3310001 29.9414
3320001 17.9975
3330001 16.5721
3340001 20.6881
3350001 18.1496
3360001 39.2592
3370001 19.22
3380001 17.9761
3390001 32.6265
3400001 18.7492
3410001 18.1371
3420001 26.0938
3430001 18.4149
3440001 66.8955
3450001 22.7233
3460001 18.0238
3470001 17.0057
3480001 20.9831
3490001 18.0058
3500001 38.9113
3510001 19.6099
3520001 23.2712
3530001 33.0748
3540001 18.9382
3550001 17.7602
3560001 27.0127
3570001 18.4403
3580001 20.9964
3590001 23.1784
3600001 18.2052
3610001 16.8246
3620001 21.5685
3630001 23.8436
3640001 16.8972
3650001 20.0784
3660001 18.0765
3670001 35.7308
3680001 18.9449
3690001 17.7703
3700001 28.1041
3710001 18.5693
3720001 17.5727
3730001 23.5538
3740001 18.2113
3750001 17.1579
3760001 22.0576
3770001 17.9442
3780001 17.0313
3790001 20.2864
3800001 17.783
3810001 35.9945
3820001 19.3479
3830001 17.7165
3840001 29.6965
3850001 18.7123
3860001 17.2784
3870001 25.5408
3880001 18.3465
3890001 17.3614
3900001 29.9433
3910001 17.9972
3920001 16.573
3930001 20.6885
3940001 18.1493
3950001 39.2598
3960001 19.2206
3970001 17.9774
3980001 32.6271
3990001 18.7498
4000001 18.1384
4010001 26.0945
4020001 18.4159
4030001 66.8937
4040001 22.7239
4050001 18.0234
4060001 17.0062
4070001 20.9841
4080001 18.0062
4090001 38.9113
4100001 19.6109
4110001 23.2717
4120001 33.0749
4130001 18.9386
4140001 17.7613
4150001 27.0126
4160001 18.4403
4170001 20.9958
4180001 23.179
4190001 18.2057
4200001 16.8258
4210001 21.5692
4220001 23.8436
4230001 16.8968
4240001 20.0791
4250001 18.0775
4260001 35.7319
4270001 18.9461
4280001 17.7709
4290001 28.1046
4300001 18.57
4310001 17.5716
4320001 23.5541
4330001 18.2123
4340001 17.1596
4350001 22.0579
4360001 17.9448
4370001 17.0322
4380001 20.2868
4390001 17.784
4400001 35.9946
4410001 19.3481
4420001 17.7171
4430001 29.6968
4440001 18.7125
4450001 17.2791
4460001 25.5418
4470001 18.3468
4480001 17.3646
4490001 29.9446
4500001 17.9969
4510001 16.5736
4520001 20.6889
4530001 18.1493
4540001 39.2601
4550001 19.2211
4560001 17.9785
4570001 32.6276
4580001 18.7505
4590001 18.1392
4600001 26.0952
4610001 18.4169
4620001 66.8921
4630001 22.7244
4640001 18.0232
4650001 17.0066
4660001 20.985
4670001 18.0065
4680001 38.9112
4690001 19.6116
4700001 23.2721
4710001 33.075
4720001 18.9388
4730001 17.7623
4740001 27.0123
4750001 18.4401
4760001 20.9951
4770001 23.1793
4780001 18.206
4790001 16.8267
4800001 21.5696
4810001 23.8434
4820001 16.8965
4830001 20.0796
4840001 18.0783
4850001 35.7327
4860001 18.947
4870001 17.7711
4880001 28.1049
4890001 18.5705
4900001 17.5706
4910001 23.5543
4920001 18.213
4930001 17.161
4940001 22.0581
4950001 17.9451
4960001 17.0328
4970001 20.287
4980001 17.7848
4990001 35.9946
5000001 19.3483
5010001 17.7176
5020001 29.6969
5030001 18.7127
5040001 17.2797
5050001 25.5425
5060001 18.3471
5070001 17.3671
5080001 29.9457
5090001 17.9966
5100001 16.574
5110001 20.6892
5120001 18.1492
5130001 39.2603
5140001 19.2214
5150001 17.9792
5160001 32.628
5170001 18.751
5180001 18.1398
5190001 26.0959
5200001 18.4176
5210001 66.8906
5220001 22.7247
5230001 18.0231
5240001 17.0068
5250001 20.9857
5260001 18.0067
5270001 38.911
5280001 19.6121
5290001 23.2725
5300001 33.0749
5310001 18.9389
5320001 17.7632
5330001 27.012
5340001 18.4398
5350001 20.9945
5360001 23.1796
5370001 18.2061
5380001 16.8275
5390001 21.5698
5400001 23.8431
5410001 16.8962
5420001 20.0801
5430001 18.0789
5440001 35.7334
5450001 18.9478
5460001 17.7713
5470001 28.105
5480001 18.5709
5490001 17.5695
5500001 23.5544
5510001 18.2135
5520001 17.1622
5530001 22.0582
5540001 17.9453
5550001 17.0332
5560001 20.2872
5570001 17.7854
5580001 35.9946
5590001 19.3484
5600001 17.7179
5610001 29.6969
5620001 18.7128
5630001 17.2801
5640001 25.5431
5650001 18.3472
5660001 17.3692
5670001 29.9466
5680001 17.9963
5690001 16.5743
5700001 20.6894
5710001 18.1492
5720001 39.2604
5730001 19.2216
5740001 17.9796
5750001 32.6284
5760001 18.7514
5770001 18.1402
5780001 26.0965
5790001 18.4183
5800001 66.8892
5810001 22.7249
5820001 18.0229
5830001 17.007
5840001 20.9863
5850001 18.0068
5860001 38.9109
5870001 19.6126
5880001 23.2729
5890001 33.0749
5900001 18.9389
5910001 17.7639
5920001 27.0117
5930001 18.4395
5940001 20.9939
5950001 23.1797
5960001 18.2062
5970001 16.8282
5980001 21.5699
5990001 23.8428
6000001 16.8959
6010001 20.0804
6020001 18.0795
6030001 35.734
6040001 18.9484
6050001 17.7713
6060001 28.105
6070001 18.5712
6080001 17.5685
6090001 23.5545
6100001 18.2139
6110001 17.1631
6120001 22.0583
6130001 17.9455
6140001 17.0335
6150001 20.2873
6160001 17.7859
6170001 35.9946
6180001 19.3484
6190001 17.7181
6200001 29.6968
6210001 18.7129
6220001 17.2804
6230001 25.5435
6240001 18.3473
6250001 17.3709
6260001 29.9475
6270001 17.996
6280001 16.5746
6290001 20.6895
6300001 18.1491
6310001 39.2605
6320001 19.2217
6330001 17.9799
6340001 32.6287
6350001 18.7518
6360001 18.1406
6370001 26.097
6380001 18.4189
6390001 66.8879
6400001 22.725
6410001 18.0228
6420001 17.0071
6430001 20.9868
6440001 18.0068
6450001 38.9107
6460001 19.613
6470001 23.2733
6480001 33.0749
6490001 18.9389
6500001 17.7646
6510001 27.0113
6520001 18.4391
6530001 20.9933
6540001 23.1799
6550001 18.2063
6560001 16.8287
6570001 21.5699
6580001 23.8425
6590001 16.8956
6600001 20.0807
6610001 18.08
6620001 35.7345
6630001 18.949
6640001 17.7714
6650001 28.1049
6660001 18.5715
6670001 17.5675
6680001 23.5546
6690001 18.2142
6700001 17.164
6710001 22.0584
6720001 17.9456
6730001 17.0337
6740001 20.2874
6750001 17.7863
6760001 35.9945
6770001 19.3484
6780001 17.7183
6790001 29.6968
6800001 18.7129
6810001 17.2807
6820001 25.5439
6830001 18.3473
6840001 17.3724
6850001 29.9482
6860001 17.9957
6870001 16.5749
6880001 20.6896
6890001 18.1491
6900001 39.2606
6910001 19.2219
6920001 17.9801
6930001 32.629
6940001 18.7521
6950001 18.1408
6960001 26.0974
6970001 18.4194
6980001 66.8867
6990001 22.7251
7000001 18.0228
7010001 17.0072
7020001 20.9874
7030001 18.0068
7040001 38.9106
7050001 19.6134
7060001 23.2738
7070001 33.0749
7080001 18.9389
7090001 17.7653
7100001 27.011
7110001 18.4388
7120001 20.9929
7130001 23.18
7140001 18.2063
7150001 16.8292
7160001 21.57
7170001 23.8423
7180001 16.8954
7190001 20.081
7200001 18.0805
7210001 35.735
7220001 18.9495
7230001 17.7714
7240001 28.1048
7250001 18.5717
7260001 17.5665
7270001 23.5546
7280001 18.2145
7290001 17.1647
7300001 22.0585
7310001 17.9457
7320001 17.0338
7330001 20.2874
7340001 17.7867
7350001 35.9944
7360001 19.3485
7370001 17.7184
7380001 29.6967
7390001 18.713
7400001 17.2809
7410001 25.5443
7420001 18.3474
7430001 17.3737
7440001 29.9489
7450001 17.9954
7460001 16.5751
7470001 20.6896
7480001 18.149
7490001 39.2606
7500001 19.2219
7510001 17.9803
7520001 32.6293
7530001 18.7523
7540001 18.141
7550001 26.0978
7560001 18.4198
7570001 66.8856
7580001 22.7253
7590001 18.0227
7600001 17.0072
7610001 20.9879
7620001 18.0067
7630001 38.9104
7640001 19.6137
7650001 23.2742
7660001 33.0749
7670001 18.9389
7680001 17.7659
7690001 27.0108
7700001 18.4385
7710001 20.9924
7720001 23.18
7730001 18.2064
7740001 16.8296
7750001 21.57
7760001 23.842
7770001 16.8952
7780001 20.0813
7790001 18.0809
7800001 35.7354
7810001 18.9499
7820001 17.7715
7830001 28.1046
7840001 18.5719
7850001 17.5656
7860001 23.5547
7870001 18.2148
7880001 17.1654
7890001 22.0586
7900001 17.9458
7910001 17.0339
7920001 20.2875
7930001 17.7871
7940001 35.9944
7950001 19.3485
7960001 17.7186
7970001 29.6966
7980001 18.713
7990001 17.2811
8000001 25.5446
8010001 18.3474
8020001 17.3748
8030001 29.9495
8040001 17.9951
8050001 16.5753
8060001 20.6897
8070001 18.149
8080001 39.2607
8090001 19.222
8100001 17.9805
8110001 32.6295
8120001 18.7526
8130001 18.1412
8140001 26.0982
8150001 18.4202
8160001 66.8845
8170001 22.7254
8180001 18.0227
8190001 17.0073
8200001 20.9883
8210001 18.0067
8220001 38.9102
8230001 19.614
8240001 23.2746
8250001 33.0749
8260001 18.9389
8270001 17.7664
8280001 27.0105
8290001 18.4383
8300001 20.9921
8310001 23.1801
8320001 18.2064
8330001 16.83
8340001 21.57
8350001 23.8418
8360001 16.895
8370001 20.0816
8380001 18.0813
8390001 35.7358
8400001 18.9503
8410001 17.7716
8420001 28.1045
8430001 18.5722
8440001 17.5648
8450001 23.5548
8460001 18.2151
8470001 17.166
8480001 22.0586
8490001 17.9459
8500001 17.034
8510001 20.2876
8520001 17.7875
8530001 35.9943
8540001 19.3485
8550001 17.7187
8560001 29.6965
8570001 18.7131
8580001 17.2814
8590001 25.5449
8600001 18.3475
8610001 17.3757
8620001 29.9502
8630001 17.9949
8640001 16.5756
8650001 20.6897
8660001 18.149
8670001 39.2607
8680001 19.2221
8690001 17.9807
8700001 32.6298
8710001 18.7528
8720001 18.1414
8730001 26.0986
8740001 18.4206
8750001 66.8834
8760001 22.7255
8770001 18.0227
8780001 17.0074
8790001 20.9888
8800001 18.0066
8810001 38.9101
8820001 19.6144
8830001 23.2751
8840001 33.0749
8850001 18.939
8860001 17.767
8870001 27.0103
8880001 18.438
8890001 20.9918
8900001 23.1802
8910001 18.2065
8920001 16.8304
8930001 21.57
8940001 23.8416
8950001 16.8948
8960001 20.0819
8970001 18.0818
8980001 35.7362
8990001 18.9507
9000001 17.7717
9010001 28.1043
9020001 18.5724
9030001 17.5639
9040001 23.5549
9050001 18.2153
9060001 17.1666
9070001 22.0587
9080001 17.9461
9090001 17.0341
9100001 20.2876
9110001 17.7878
9120001 35.9942
9130001 19.3486
9140001 17.7189
9150001 29.6965
9160001 18.7132
9170001 17.2816
9180001 25.5452
9190001 18.3476
9200001 17.3766
9210001 29.9507
9220001 17.9947
9230001 16.5758
9240001 20.6898
9250001 18.149
9260001 39.2608
9270001 19.2222
9280001 17.9809
9290001 32.63
9300001 18.753
9310001 18.1415
9320001 26.0989
9330001 18.421
9340001 66.8825
9350001 22.7256
9360001 18.0227
9370001 17.0075
9380001 20.9893
9390001 18.0065
9400001 38.91
9410001 19.6147
9420001 23.2756
9430001 33.075
9440001 18.939
9450001 17.7675
9460001 27.0102
9470001 18.4378
9480001 20.9915
9490001 23.1803
9500001 18.2066
9510001 16.8308
9520001 21.57
9530001 23.8415
9540001 16.8946
9550001 20.0821
9560001 18.0822
9570001 35.7366
9580001 18.9511
9590001 17.7718
9600001 28.1042
9610001 18.5725
9620001 17.5632
9630001 23.555
9640001 18.2156
9650001 17.1671
9660001 22.0588
9670001 17.9462
9680001 17.0342
9690001 20.2877
9700001 17.7881
9710001 35.9941
9720001 19.3487
9730001 17.719
9740001 29.6964
9750001 18.7133
9760001 17.2818
9770001 25.5455
9780001 18.3477
9790001 17.3773
9800001 29.9513
9810001 17.9946
9820001 16.5761
9830001 20.6898
9840001 18.149
9850001 39.2609
9860001 19.2223
9870001 17.9811
9880001 32.6303
9890001 18.7531
9900001 18.1417
9910001 26.0992
9920001 18.4213
9930001 66.8816
9940001 22.7257
9950001 18.0228
9960001 17.0076
9970001 20.9897
9980001 18.0064
9990001 38.9099
10000001 19.615
10010001 23.276
10020001 33.075
10030001 18.9391
10040001 17.768
10050001 27.01
10060001 18.4377
10070001 20.9913
10080001 23.1804
10090001 18.2066
10100001 16.8311
10110001 21.57
10120001 23.8413
10130001 16.8945
10140001 20.0824
10150001 18.0826
10160001 35.7369
10170001 18.9514
10180001 17.7719
10190001 28.1041
10200001 18.5727
10210001 17.5624
10220001 23.5551
10230001 18.2158
10240001 17.1676
10250001 22.0589
10260001 17.9463
10270001 17.0343
10280001 20.2878
10290001 17.7885
10300001 35.994
10310001 19.3487
10320001 17.7191
10330001 29.6963
10340001 18.7134
10350001 17.282
10360001 25.5458
10370001 18.3478
10380001 17.378
10390001 29.9518
10400001 17.9944
10410001 16.5764
10420001 20.6899
10430001 18.149
10440001 39.2609
10450001 19.2224
10460001 17.9814
10470001 32.6305
10480001 18.7533
10490001 18.1418
10500001 26.0995
10510001 18.4216
10520001 66.8807
10530001 22.7258
10540001 18.0229
10550001 17.0077
10560001 20.9901
10570001 18.0064
10580001 38.9098
10590001 19.6153
10600001 23.2765
10610001 33.0751
10620001 18.9391
10630001 17.7685
10640001 27.0099
10650001 18.4375
10660001 20.9911
10670001 23.1805
10680001 18.2067
10690001 16.8314
10700001 21.57
10710001 23.8412
10720001 16.8943
10730001 20.0827
10740001 18.0831
10750001 35.7373
10760001 18.9517
10770001 17.7721
10780001 28.104
10790001 18.5729
10800001 17.5617
10810001 23.5552
10820001 18.216
10830001 17.1681
10840001 22.059
10850001 17.9464
10860001 17.0344
10870001 20.2879
10880001 17.7888
10890001 35.9939
10900001 19.3488
10910001 17.7192
10920001 29.6962
10930001 18.7135
10940001 17.2823
10950001 25.5461
10960001 18.3479
10970001 17.3786
10980001 29.9524
10990001 17.9943
11000001 16.5766
11010001 20.69
11020001 18.1491
11030001 39.261
11040001 19.2225
11050001 17.9816
11060001 32.6307
11070001 18.7535
11080001 18.142
11090001 26.0998
11100001 18.422
11110001 66.8799
11120001 22.7259
11130001 18.023
11140001 17.0078
11150001 20.9906
11160001 18.0063
11170001 38.9097
11180001 19.6156
11190001 23.277
11200001 33.0752
11210001 18.9392
11220001 17.7689
11230001 27.0098
11240001 18.4374
11250001 20.9909
11260001 23.1806
11270001 18.2068
11280001 16.8317
11290001 21.5701
11300001 23.8412
11310001 16.8942
11320001 20.083
11330001 18.0835
11340001 35.7376
11350001 18.9521
11360001 17.7723
11370001 28.1039
11380001 18.5731
11390001 17.5611
11400001 23.5553
11410001 18.2163
11420001 17.1686
11430001 22.0591
11440001 17.9466
11450001 17.0345
11460001 20.288
11470001 17.7891
11480001 35.9938
11490001 19.3489
11500001 17.7194
11510001 29.6962
11520001 18.7136
11530001 17.2825
11540001 25.5463
11550001 18.348
11560001 17.3792
11570001 29.9529
11580001 17.9943
11590001 16.5769
11600001 20.69
11610001 18.1492
11620001 39.2611
11630001 19.2227
11640001 17.9819
11650001 32.6309
11660001 18.7536
11670001 18.1421
11680001 26.1
11690001 18.4223
11700001 66.8791
11710001 22.726
11720001 18.0231
11730001 17.008
11740001 20.991
11750001 18.0062
11760001 38.9096
11770001 19.6159
11780001 23.2776
11790001 33.0753
11800001 18.9393
11810001 17.7694
11820001 27.0097
11830001 18.4373
11840001 20.9908
11850001 23.1807
11860001 18.2069
11870001 16.832
11880001 21.5701
11890001 23.8411
11900001 16.8941
11910001 20.0833
11920001 18.0839
11930001 35.7379
11940001 18.9524
11950001 17.7725
11960001 28.1038
11970001 18.5733
11980001 17.5605
11990001 23.5555
12000001 18.2165
12010001 17.1691
12020001 22.0592
12030001 17.9467
12040001 17.0346
12050001 20.2881
12060001 17.7894
12070001 35.9937
12080001 19.349
12090001 17.7195
12100001 29.6961
12110001 18.7138
12120001 17.2827
12130001 25.5466
12140001 18.3482
12150001 17.3797
12160001 29.9533
12170001 17.9942
12180001 16.5772
12190001 20.6901
12200001 18.1492
12210001 39.2612
12220001 19.2228
12230001 17.9822
12240001 32.6311
12250001 18.7538
12260001 18.1423
12270001 26.1003
12280001 18.4226
12290001 66.8783
12300001 22.7261
12310001 18.0232
12320001 17.0082
12330001 20.9914
12340001 18.0062
12350001 38.9096
12360001 19.6161
12370001 23.2781
12380001 33.0754
12390001 18.9394
12400001 17.7699
12410001 27.0097
12420001 18.4372
12430001 20.9907
12440001 23.1808
12450001 18.2071
12460001 16.8323
12470001 21.5702
12480001 23.8411
12490001 16.894
12500001 20.0835
12510001 18.0843
12520001 35.7383
12530001 18.9526
12540001 17.7727
12550001 28.1037
12560001 18.5735
12570001 17.5599
12580001 23.5556
12590001 18.2167
12600001 17.1695
12610001 22.0593
12620001 17.9468
12630001 17.0347
12640001 20.2882
12650001 17.7897
12660001 35.9936
12670001 19.3491
12680001 17.7196
12690001 29.696
12700001 18.7139
12710001 17.2829
12720001 25.5469
12730001 18.3483
12740001 17.3802
12750001 29.9538
12760001 17.9942
12770001 16.5774
12780001 20.6902
12790001 18.1493
12800001 39.2613
12810001 19.2229
12820001 17.9826
12830001 32.6313
12840001 18.7539
12850001 18.1424
12860001 26.1005
12870001 18.4229
12880001 66.8776
12890001 22.7263
12900001 18.0233
12910001 17.0083
12920001 20.9918
12930001 18.0061
12940001 38.9095
12950001 19.6164
12960001 23.2786
12970001 33.0756
12980001 18.9395
12990001 17.7703
13000001 27.0096
13010001 18.4372
13020001 20.9906
13030001 23.181
13040001 18.2072
13050001 16.8326
13060001 21.5702
13070001 23.841
13080001 16.8939
13090001 20.0838
13100001 18.0847
13110001 35.7386
13120001 18.9529
13130001 17.7729
13140001 28.1037
13150001 18.5736
13160001 17.5593
13170001 23.5557
13180001 18.217
13190001 17.17
13200001 22.0594
13210001 17.947
13220001 17.0348
13230001 20.2883
13240001 17.79
13250001 35.9935
13260001 19.3492
13270001 17.7197
13280001 29.696
13290001 18.7141
13300001 17.2832
13310001 25.5471
13320001 18.3485
13330001 17.3806
13340001 29.9543
13350001 17.9941
13360001 16.5777
13370001 20.6903
13380001 18.1494
13390001 39.2614
13400001 19.223
13410001 17.9829
13420001 32.6315
13430001 18.7541
13440001 18.1426
13450001 26.1007
13460001 18.4232
13470001 66.8769
13480001 22.7264
13490001 18.0235
13500001 17.0085
13510001 20.9922
13520001 18.006
13530001 38.9094
13540001 19.6167
13550001 23.2791
13560001 33.0757
13570001 18.9397
13580001 17.7707
13590001 27.0096
13600001 18.4371
13610001 20.9905
13620001 23.1811
13630001 18.2073
13640001 16.8329
13650001 21.5703
13660001 23.841
13670001 16.8939
13680001 20.0841
13690001 18.0851
13700001 35.7389
13710001 18.9532
13720001 17.7731
13730001 28.1037
13740001 18.5738
13750001 17.5588
13760001 23.5559
13770001 18.2172
13780001 17.1704
13790001 22.0595
13800001 17.9471
13810001 17.0349
13820001 20.2884
13830001 17.7902
13840001 35.9934
13850001 19.3493
13860001 17.7199
13870001 29.6959
13880001 18.7142
13890001 17.2834
13900001 25.5474
13910001 18.3486
13920001 17.381
13930001 29.9547
13940001 17.9941
13950001 16.578
13960001 20.6903
13970001 18.1495
13980001 39.2615
13990001 19.2232
14000001 17.9833
14010001 32.6317
14020001 18.7542
14030001 18.1427
14040001 26.1009
14050001 18.4234
14060001 66.8762
14070001 22.7265
14080001 18.0236
14090001 17.0087
14100001 20.9926
14110001 18.006
14120001 38.9094
14130001 19.617
14140001 23.2796
14150001 33.0759
14160001 18.9398
14170001 17.7711
14180001 27.0096
14190001 18.4371
14200001 20.9905
14210001 23.1812
14220001 18.2074
14230001 16.8332
14240001 21.5703
14250001 23.841
14260001 16.8938
14270001 20.0844
14280001 18.0855
14290001 35.7392
14300001 18.9534
14310001 17.7733
14320001 28.1036
14330001 18.574
14340001 17.5583
14350001 23.556
14360001 18.2174
14370001 17.1708
14380001 22.0597
14390001 17.9473
14400001 17.035
14410001 20.2885
14420001 17.7905
14430001 35.9933
14440001 19.3494
14450001 17.72
14460001 29.6959
14470001 18.7144
14480001 17.2837
14490001 25.5476
14500001 18.3488
14510001 17.3814
14520001 29.9552
14530001 17.9941
14540001 16.5783
14550001 20.6904
14560001 18.1497
14570001 39.2616
14580001 19.2233
14590001 17.9836
14600001 32.6319
14610001 18.7543
14620001 18.1429
14630001 26.1012
14640001 18.4237
14650001 66.8756
14660001 22.7267
14670001 18.0237
14680001 17.0089
14690001 20.9929
14700001 18.0059
14710001 38.9094
14720001 19.6173
14730001 23.2801
14740001 33.076
14750001 18.9399
14760001 17.7715
14770001 27.0096
14780001 18.4371
14790001 20.9904
14800001 23.1814
14810001 18.2076
14820001 16.8334
14830001 21.5704
14840001 23.8411
14850001 16.8937
14860001 20.0847
14870001 18.0859
14880001 35.7395
14890001 18.9537
14900001 17.7736
14910001 28.1036
14920001 18.5741
14930001 17.5578
14940001 23.5562
14950001 18.2176
14960001 17.1712
14970001 22.0598
14980001 17.9474
14990001 17.0352
15000001 20.2887
15010001 17.7908
15020001 35.9932
15030001 19.3495
15040001 17.7201
15050001 29.6958
15060001 18.7145
15070001 17.2839
15080001 25.5479
15090001 18.3489
15100001 17.3818
15110001 29.9556
15120001 17.9942
15130001 16.5786
15140001 20.6905
15150001 18.1498
15160001 39.2617
15170001 19.2235
15180001 17.984
15190001 32.6321
15200001 18.7544
15210001 18.143
15220001 26.1014
15230001 18.424
15240001 66.875
15250001 22.7268
15260001 18.0239
15270001 17.0091
15280001 20.9933
15290001 18.0059
15300001 38.9093
15310001 19.6175
15320001 23.2807
15330001 33.0761
15340001 18.94
15350001 17.7719
15360001 27.0096
15370001 18.4371
15380001 20.9904
15390001 23.1815
15400001 18.2077
15410001 16.8337
15420001 21.5704
15430001 23.8411
15440001 16.8937
15450001 20.0849
15460001 18.0863
15470001 35.7398
15480001 18.9539
15490001 17.7738
15500001 28.1036
15510001 18.5743
15520001 17.5574
15530001 23.5563
15540001 18.2178
15550001 17.1716
15560001 22.0599
15570001 17.9475
15580001 17.0353
15590001 20.2888
15600001 17.7911
15610001 35.9932
15620001 19.3496
15630001 17.7202
15640001 29.6958
15650001 18.7147
15660001 17.2841
15670001 25.5481
15680001 18.3491
15690001 17.3821
15700001 29.956
15710001 17.9942
15720001 16.5788
15730001 20.6906
15740001 18.1499
15750001 39.2618
15760001 19.2236
15770001 17.9844
15780001 32.6323
15790001 18.7546
15800001 18.1432
15810001 26.1015
15820001 18.4242
15830001 66.8744
15840001 22.7269
15850001 18.0241
15860001 17.0093
15870001 20.9936
15880001 18.0058
15890001 38.9093
15900001 19.6178
15910001 23.2812
15920001 33.0763
15930001 18.9402
15940001 17.7723
15950001 27.0096
15960001 18.4371
15970001 20.9904
15980001 23.1817
15990001 18.2079
16000001 16.834
16010001 21.5705
16020001 23.8411
16030001 16.8936
16040001 20.0852
16050001 18.0867
16060001 35.74
16070001 18.9542
16080001 17.7741
16090001 28.1036
16100001 18.5744
16110001 17.557
16120001 23.5565
16130001 18.218
16140001 17.1721
16150001 22.0601
16160001 17.9477
16170001 17.0354
16180001 20.2889
16190001 17.7913
16200001 35.9931
16210001 19.3497
16220001 17.7204
16230001 29.6958
16240001 18.7148
16250001 17.2844
16260001 25.5483
16270001 18.3493
16280001 17.3824
16290001 29.9564
16300001 17.9942
16310001 16.5791
16320001 20.6907
16330001 18.15
16340001 39.2619
16350001 19.2237
16360001 17.9847
16370001 32.6325
16380001 18.7547
16390001 18.1433
16400001 26.1017
16410001 18.4245
16420001 66.8738
16430001 22.7271
16440001 18.0242
16450001 17.0095
16460001 20.994
16470001 18.0058
16480001 38.9093
16490001 19.618
16500001 23.2817
16510001 33.0765
16520001 18.9403
16530001 17.7727
16540001 27.0096
16550001 18.4371
16560001 20.9904
16570001 23.1818
16580001 18.208
16590001 16.8342
16600001 21.5706
16610001 23.8411
16620001 16.8935
16630001 20.0855
16640001 18.0871
16650001 35.7403
16660001 18.9544
16670001 17.7744
16680001 28.1036
16690001 18.5746
16700001 17.5566
16710001 23.5566
16720001 18.2182
16730001 17.1725
16740001 22.0602
16750001 17.9478
16760001 17.0355
16770001 20.289
16780001 17.7916
16790001 35.993
16800001 19.3498
16810001 17.7205
16820001 29.6957
16830001 18.715
16840001 17.2846
16850001 25.5486
16860001 18.3495
16870001 17.3827
16880001 29.9568
16890001 17.9943
16900001 16.5794
16910001 20.6908
16920001 18.1502
16930001 39.262
16940001 19.2239
16950001 17.9851
16960001 32.6326
16970001 18.7548
16980001 18.1435
16990001 26.1019
17000001 18.4247
17010001 66.8733
17020001 22.7272
17030001 18.0244
17040001 17.0097
17050001 20.9943
17060001 18.0058
17070001 38.9093
17080001 19.6183
17090001 23.2822
17100001 33.0766
17110001 18.9404
17120001 17.7731
17130001 27.0097
17140001 18.4371
17150001 20.9904
17160001 23.1819
17170001 18.2082
17180001 16.8344
17190001 21.5706
17200001 23.8412
17210001 16.8935
17220001 20.0858
17230001 18.0874
17240001 35.7406
17250001 18.9546
17260001 17.7746
17270001 28.1036
17280001 18.5747
17290001 17.5562
17300001 23.5568
17310001 18.2184
17320001 17.1729
17330001 22.0603
17340001 17.948
17350001 17.0357
17360001 20.2891
17370001 17.7918
17380001 35.9929
17390001 19.3499
17400001 17.7206
17410001 29.6957
17420001 18.7151
17430001 17.2848
17440001 25.5488
17450001 18.3496
17460001 17.383
17470001 29.9571
17480001 17.9943
17490001 16.5797
17500001 20.6909
17510001 18.1503
17520001 39.2621
17530001 19.224
17540001 17.9855
17550001 32.6328
17560001 18.7549
17570001 18.1436
17580001 26.1021
17590001 18.425
17600001 66.8728
17610001 22.7273
17620001 18.0245
17630001 17.0099
17640001 20.9947
17650001 18.0057
17660001 38.9092
17670001 19.6185
17680001 23.2827
17690001 33.0768
17700001 18.9406
17710001 17.7734
17720001 27.0097
17730001 18.4371
17740001 20.9904
17750001 23.1821
17760001 18.2083
17770001 16.8347
17780001 21.5707
17790001 23.8412
17800001 16.8934
17810001 20.086
17820001 18.0878
17830001 35.7408
17840001 18.9548
17850001 17.7749
17860001 28.1037
17870001 18.5749
17880001 17.5558
17890001 23.5569
17900001 18.2186
17910001 17.1732
17920001 22.0604
17930001 17.9481
17940001 17.0358
17950001 20.2893
17960001 17.7921
17970001 35.9928
17980001 19.3501
17990001 17.7207
18000001 29.6956
18010001 18.7153
18020001 17.285
18030001 25.549
18040001 18.3498
18050001 17.3833
18060001 29.9575
18070001 17.9944
18080001 16.5799
18090001 20.691
18100001 18.1504
18110001 39.2622
18120001 19.2242
18130001 17.9859
18140001 32.6329
18150001 18.755
18160001 18.1438
18170001 26.1022
18180001 18.4252
18190001 66.8722
18200001 22.7275
18210001 18.0247
18220001 17.0101
18230001 20.995
18240001 18.0057
18250001 38.9092
18260001 19.6188
18270001 23.2832
18280001 33.0769
18290001 18.9407
18300001 17.7738
18310001 27.0097
18320001 18.4372
18330001 20.9904
18340001 23.1822
18350001 18.2085
18360001 16.8349
18370001 21.5708
18380001 23.8413
18390001 16.8934
18400001 20.0863
18410001 18.0882
18420001 35.7411
18430001 18.955
18440001 17.7752
18450001 28.1037
18460001 18.575
18470001 17.5555
18480001 23.557
18490001 18.2188
18500001 17.1736
18510001 22.0606
18520001 17.9482
18530001 17.036
18540001 20.2894
18550001 17.7923
18560001 35.9927
18570001 19.3502
18580001 17.7208
18590001 29.6956
18600001 18.7155
18610001 17.2853
18620001 25.5493
18630001 18.35
18640001 17.3835
18650001 29.9579
18660001 17.9944
18670001 16.5802
18680001 20.6911
18690001 18.1506
18700001 39.2623
18710001 19.2243
18720001 17.9863
18730001 32.6331
18740001 18.7551
18750001 18.1439
18760001 26.1024
18770001 18.4254
18780001 66.8717
18790001 22.7276
18800001 18.0249
18810001 17.0103
18820001 20.9953
18830001 18.0056
18840001 38.9092
18850001 19.619
18860001 23.2837
18870001 33.0771
18880001 18.9408
18890001 17.7741
18900001 27.0098
18910001 18.4372
18920001 20.9905
18930001 23.1824
18940001 18.2086
18950001 16.8351
18960001 21.5708
18970001 23.8413
18980001 16.8933
18990001 20.0865
19000001 18.0885
19010001 35.7413
19020001 18.9552
19030001 17.7754
19040001 28.1037
19050001 18.5752
19060001 17.5551
19070001 23.5572
19080001 18.219
19090001 17.174
19100001 22.0607
19110001 17.9484
19120001 17.0361
19130001 20.2895
19140001 17.7925
19150001 35.9927
19160001 19.3503
19170001 17.721
19180001 29.6956
19190001 18.7156
19200001 17.2855
19210001 25.5495
19220001 18.3502
19230001 17.3837
19240001 29.9582
19250001 17.9945
19260001 16.5805
19270001 20.6912
19280001 18.1507
19290001 39.2625
19300001 19.2245
19310001 17.9866
19320001 32.6332
19330001 18.7552
19340001 18.1441
19350001 26.1025
19360001 18.4256
19370001 66.8713
19380001 22.7278
19390001 18.025
19400001 17.0105
19410001 20.9956
19420001 18.0056
19430001 38.9092
19440001 19.6192
19450001 23.2842
19460001 33.0772
19470001 18.941
19480001 17.7744
19490001 27.0098
19500001 18.4372
19510001 20.9905
19520001 23.1825
19530001 18.2088
19540001 16.8354
19550001 21.5709
19560001 23.8414
19570001 16.8933
19580001 20.0868
19590001 18.0889
19600001 35.7415
19610001 18.9554
19620001 17.7757
19630001 28.1037
19640001 18.5753
19650001 17.5548
19660001 23.5573
19670001 18.2192
19680001 17.1744
19690001 22.0608
19700001 17.9485
19710001 17.0362
19720001 20.2896
19730001 17.7928
19740001 35.9926
19750001 19.3504
19760001 17.7211
19770001 29.6956
19780001 18.7158
19790001 17.2857
19800001 25.5497
19810001 18.3503
19820001 17.384
19830001 29.9586
19840001 17.9946
19850001 16.5807
19860001 20.6913
19870001 18.1508
19880001 39.2626
19890001 19.2246
19900001 17.987
19910001 32.6334
19920001 18.7553
19930001 18.1442
19940001 26.1027
19950001 18.4259
19960001 66.8708
19970001 22.7279
19980001 18.0252
19990001 17.0108
20000001 20.9959
20010001 18.0056
20020001 38.9092
20030001 19.6195
20040001 23.2847
20050001 33.0774
20060001 18.9411
20070001 17.7747
20080001 27.0099
20090001 18.4373
20100001 20.9905
20110001 23.1827
20120001 18.2089
20130001 16.8356
20140001 21.571
20150001 23.8415
20160001 16.8932
20170001 20.087
20180001 18.0892
20190001 35.7418
20200001 18.9556
20210001 17.7759
20220001 28.1038
20230001 18.5754
20240001 17.5545
20250001 23.5575
20260001 18.2194
20270001 17.1747
20280001 22.0609
20290001 17.9486
20300001 17.0364
20310001 20.2897
20320001 17.793
20330001 35.9925
20340001 19.3505
20350001 17.7212
20360001 29.6955
20370001 18.7159
20380001 17.2859
20390001 25.5499
20400001 18.3505
20410001 17.3842
20420001 29.9589
20430001 17.9947
20440001 16.581
20450001 20.6914
20460001 18.151
20470001 39.2627
20480001 19.2247
20490001 17.9874
20500001 32.6335
20510001 18.7554
20520001 18.1444
20530001 26.1028
20540001 18.4261
20550001 66.8703
20560001 22.728
20570001 18.0253
20580001 17.011
20590001 20.9962
20600001 18.0055
20610001 38.9092
20620001 19.6197
20630001 23.2852
20640001 33.0775
20650001 18.9412
20660001 17.775
20670001 27.0099
20680001 18.4373
20690001 20.9906
20700001 23.1828
20710001 18.2091
20720001 16.8358
20730001 21.571
20740001 23.8415
20750001 16.8932
20760001 20.0872
20770001 18.0895
20780001 35.742
20790001 18.9558
20800001 17.7762
20810001 28.1038
20820001 18.5756
20830001 17.5542
20840001 23.5576
20850001 18.2196
20860001 17.1751
20870001 22.0611
20880001 17.9488
20890001 17.0365
20900001 20.2899
20910001 17.7932
20920001 35.9924
20930001 19.3506
20940001 17.7213
20950001 29.6955
20960001 18.7161
20970001 17.2862
20980001 25.5501
20990001 18.3507
21000001 17.3844
21010001 29.9592
21020001 17.9947
21030001 16.5812
21040001 20.6915
21050001 18.1511
21060001 39.2628
21070001 19.2249
21080001 17.9877
21090001 32.6336
21100001 18.7555
21110001 18.1445
21120001 26.103
21130001 18.4263
21140001 66.8699
21150001 22.7281
21160001 18.0255
21170001 17.0112
21180001 20.9964
21190001 18.0055
21200001 38.9092
21210001 19.6199
21220001 23.2856
21230001 33.0777
21240001 18.9414
21250001 17.7753
21260001 27.01
21270001 18.4374
21280001 20.9906
21290001 23.1829
21300001 18.2092
21310001 16.836
21320001 21.5711
21330001 23.8416
21340001 16.8931
21350001 20.0875
21360001 18.0899
21370001 35.7422
21380001 18.9559
21390001 17.7765
21400001 28.1039
21410001 18.5757
21420001 17.5539
21430001 23.5578
21440001 18.2198
21450001 17.1755
21460001 22.0612
21470001 17.9489
21480001 17.0367
21490001 20.29
21500001 17.7934
21510001 35.9924
21520001 19.3508
21530001 17.7214
21540001 29.6955
21550001 18.7162
21560001 17.2864
21570001 25.5503
21580001 18.3508
21590001 17.3846
21600001 29.9595
21610001 17.9948
21620001 16.5815
21630001 20.6916
21640001 18.1512
21650001 39.2629
21660001 19.225
21670001 17.9881
21680001 32.6338
21690001 18.7556
21700001 18.1447
21710001 26.1031
21720001 18.4265
21730001 66.8694
21740001 22.7283
21750001 18.0256
21760001 17.0114
21770001 20.9967
21780001 18.0055
21790001 38.9092
21800001 19.6201
21810001 23.2861
21820001 33.0778
21830001 18.9415
21840001 17.7756
21850001 27.01
21860001 18.4374
21870001 20.9907
21880001 23.1831
21890001 18.2093
21900001 16.8362
21910001 21.5712
21920001 23.8417
21930001 16.8931
21940001 20.0877
21950001 18.0902
21960001 35.7424
21970001 18.9561
21980001 17.7767
21990001 28.1039
22000001 18.5758
22010001 17.5537
22020001 23.5579
22030001 18.2199
22040001 17.1758
22050001 22.0613
22060001 17.949
22070001 17.0368
22080001 20.2901
22090001 17.7936
22100001 35.9923
22110001 19.3509
22120001 17.7216
22130001 29.6954
22140001 18.7164
22150001 17.2866
22160001 25.5505
22170001 18.351
22180001 17.3848
22190001 29.9599
22200001 17.9949
22210001 16.5817
22220001 20.6917
22230001 18.1514
22240001 39.263
22250001 19.2252
22260001 17.9885
22270001 32.6339
22280001 18.7556
22290001 18.1448
22300001 26.1032
22310001 18.4267
22320001 66.869
22330001 22.7284
22340001 18.0258
22350001 17.0116
22360001 20.997
22370001 18.0054
22380001 38.9092
22390001 19.6203
22400001 23.2866
22410001 33.078
22420001 18.9416
22430001 17.7759
22440001 27.0101
22450001 18.4375
22460001 20.9907
22470001 23.1832
22480001 18.2095
22490001 16.8364
22500001 21.5712
22510001 23.8417
22520001 16.8931
22530001 20.0879
22540001 18.0905
22550001 35.7426
22560001 18.9563
22570001 17.777
22580001 28.1039
22590001 18.5759
22600001 17.5534
22610001 23.558
22620001 18.2201
22630001 17.1762
22640001 22.0614
22650001 17.9492
22660001 17.0369
22670001 20.2902
22680001 17.7938
22690001 35.9922
22700001 19.351
22710001 17.7217
22720001 29.6954
22730001 18.7165
22740001 17.2868
22750001 25.5507
22760001 18.3512
22770001 17.3849
22780001 29.9602
22790001 17.995
22800001 16.582
22810001 20.6918
22820001 18.1515
22830001 39.2631
22840001 19.2253
22850001 17.9888
22860001 32.634
22870001 18.7557
22880001 18.1449
22890001 26.1033
22900001 18.4268
22910001 66.8686
22920001 22.7285
22930001 18.0259
22940001 17.0118
22950001 20.9972
22960001 18.0054
22970001 38.9092
22980001 19.6205
22990001 23.287
23000001 33.0781
23010001 18.9418
23020001 17.7762
23030001 27.0101
23040001 18.4376
23050001 20.9908
23060001 23.1833
23070001 18.2096
23080001 16.8366
23090001 21.5713
23100001 23.8418
23110001 16.893
23120001 20.0881
23130001 18.0908
23140001 35.7428
23150001 18.9564
23160001 17.7772
23170001 28.104
23180001 18.5761
23190001 17.5532
23200001 23.5582
23210001 18.2203
23220001 17.1765
23230001 22.0616
23240001 17.9493
23250001 17.0371
23260001 20.2903
23270001 17.794
23280001 35.9922
23290001 19.3511
23300001 17.7218
23310001 29.6954
23320001 18.7167
23330001 17.287
23340001 25.5509
23350001 18.3513
23360001 17.3851
23370001 29.9605
23380001 17.9951
23390001 16.5822
23400001 20.6919
23410001 18.1516
23420001 39.2632
23430001 19.2254
23440001 17.9891
23450001 32.6341
23460001 18.7558
23470001 18.1451
23480001 26.1034
23490001 18.427
23500001 66.8682
23510001 22.7287
23520001 18.0261
23530001 17.012
23540001 20.9975
23550001 18.0054
23560001 38.9092
23570001 19.6207
23580001 23.2875
23590001 33.0783
23600001 18.9419
23610001 17.7765
23620001 27.0102
23630001 18.4376
23640001 20.9908
23650001 23.1835
23660001 18.2098
23670001 16.8368
23680001 21.5714
23690001 23.8419
23700001 16.893
23710001 20.0883
23720001 18.0911
23730001 35.743
23740001 18.9566
23750001 17.7775
23760001 28.104
23770001 18.5762
23780001 17.5529
23790001 23.5583
23800001 18.2204
23810001 17.1768
23820001 22.0617
23830001 17.9494
23840001 17.0372
23850001 20.2904
23860001 17.7942
23870001 35.9921
23880001 19.3512
23890001 17.7219
23900001 29.6954
23910001 18.7168
23920001 17.2872
23930001 25.5511
23940001 18.3515
23950001 17.3853
23960001 29.9607
23970001 17.9952
23980001 16.5825
23990001 20.692
24000001 18.1518
24010001 39.2634
24020001 19.2255
24030001 17.9895
24040001 32.6342
24050001 18.7559
24060001 18.1452
24070001 26.1035
24080001 18.4272
24090001 66.8678
24100001 22.7288
24110001 18.0262
24120001 17.0122
24130001 20.9977
24140001 18.0053
24150001 38.9092
24160001 19.6209
24170001 23.2879
24180001 33.0784
24190001 18.942
24200001 17.7767
24210001 27.0102
24220001 18.4377
24230001 20.9909
24240001 23.1836
24250001 18.2099
24260001 16.8369
24270001 21.5714
24280001 23.8419
24290001 16.8929
24300001 20.0886
24310001 18.0914
24320001 35.7432
24330001 18.9567
24340001 17.7777
24350001 28.1041
24360001 18.5763
24370001 17.5527
24380001 23.5584
24390001 18.2206
24400001 17.1772
24410001 22.0618
24420001 17.9495
24430001 17.0374
24440001 20.2905
24450001 17.7944
24460001 35.992
24470001 19.3513
24480001 17.722
24490001 29.6953
24500001 18.717
24510001 17.2874
24520001 25.5512
24530001 18.3516
24540001 17.3854
24550001 29.961
24560001 17.9953
24570001 16.5827
24580001 20.692
24590001 18.1519
24600001 39.2635
24610001 19.2257
24620001 17.9898
24630001 32.6343
24640001 18.7559
24650001 18.1453
24660001 26.1036
24670001 18.4274
24680001 66.8674
24690001 22.7289
24700001 18.0264
24710001 17.0124
24720001 20.9979
24730001 18.0053
24740001 38.9092
24750001 19.6211
24760001 23.2884
24770001 33.0786
24780001 18.9422
24790001 17.777
24800001 27.0103
24810001 18.4378
24820001 20.991
24830001 23.1837
24840001 18.21
24850001 16.8371
24860001 21.5715
24870001 23.842
24880001 16.8929
24890001 20.0887
24900001 18.0917
24910001 35.7434
24920001 18.9568
24930001 17.778
24940001 28.1041
24950001 18.5764
24960001 17.5525
24970001 23.5585
24980001 18.2208
24990001 17.1775
25000001 22.0619
25010001 17.9496
25020001 17.0375
25030001 20.2907
25040001 17.7946
25050001 35.992
25060001 19.3514
25070001 17.7221
25080001 29.6953
25090001 18.7171
25100001 17.2876
25110001 25.5514
25120001 18.3518
25130001 17.3856
25140001 29.9613
25150001 17.9954
25160001 16.5829
25170001 20.6921
25180001 18.152
25190001 39.2636
25200001 19.2258
25210001 17.9901
25220001 32.6344
25230001 18.756
25240001 18.1455
25250001 26.1037
25260001 18.4275
25270001 66.8671
25280001 22.729
25290001 18.0265
25300001 17.0126
25310001 20.9982
25320001 18.0053
25330001 38.9092
25340001 19.6212
25350001 23.2888
25360001 33.0787
25370001 18.9423
25380001 17.7772
25390001 27.0104
25400001 18.4378
25410001 20.991
25420001 23.1838
25430001 18.2102
25440001 16.8373
25450001 21.5716
25460001 23.842
25470001 16.8928
25480001 20.0889
25490001 18.092
25500001 35.7436
25510001 18.957
25520001 17.7782
25530001 28.1042
25540001 18.5765
25550001 17.5523
25560001 23.5587
25570001 18.2209
25580001 17.1778
25590001 22.062
25600001 17.9498
25610001 17.0376
25620001 20.2908
25630001 17.7947
25640001 35.9919
25650001 19.3515
25660001 17.7222
25670001 29.6953
25680001 18.7172
25690001 17.2878
25700001 25.5516
25710001 18.3519
25720001 17.3857
25730001 29.9616
25740001 17.9954
25750001 16.5831
25760001 20.6922
25770001 18.1521
25780001 39.2637
25790001 19.2259
25800001 17.9904
25810001 32.6345
25820001 18.7561
25830001 18.1456
25840001 26.1038
25850001 18.4277
25860001 66.8667
25870001 22.7291
25880001 18.0267
25890001 17.0128
25900001 20.9984
25910001 18.0053
25920001 38.9092
25930001 19.6214
25940001 23.2892
25950001 33.0788
25960001 18.9424
25970001 17.7775
25980001 27.0104
25990001 18.4379
26000001 20.9911
26010001 23.1839
26020001 18.2103
26030001 16.8375
26040001 21.5716
26050001 23.8421
26060001 16.8928
26070001 20.0891
26080001 18.0922
26090001 35.7438
26100001 18.9571
26110001 17.7785
26120001 28.1042
26130001 18.5766
26140001 17.5521
26150001 23.5588
26160001 18.2211
26170001 17.1781
26180001 22.0621
26190001 17.9499
26200001 17.0378
26210001 20.2909
26220001 17.7949
26230001 35.9919
26240001 19.3516
26250001 17.7223
26260001 29.6953
26270001 18.7174
26280001 17.288
26290001 25.5517
26300001 18.352
26310001 17.3859
26320001 29.9618
26330001 17.9955
26340001 16.5834
26350001 20.6923
26360001 18.1522
26370001 39.2638
26380001 19.226
26390001 17.9908
26400001 32.6346
26410001 18.7562
26420001 18.1457
26430001 26.1039
26440001 18.4278
26450001 66.8663
26460001 22.7293
26470001 18.0268
26480001 17.013
26490001 20.9986
26500001 18.0052
26510001 38.9092
26520001 19.6216
26530001 23.2897
26540001 33.079
26550001 18.9425
26560001 17.7777
26570001 27.0105
26580001 18.438
26590001 20.9912
26600001 23.1841
26610001 18.2104
26620001 16.8376
26630001 21.5717
26640001 23.8422
26650001 16.8928
26660001 20.0893
26670001 18.0925
26680001 35.7439
26690001 18.9572
26700001 17.7787
26710001 28.1043
26720001 18.5767
26730001 17.5519
26740001 23.5589
26750001 18.2212
26760001 17.1785
26770001 22.0622
26780001 17.95
26790001 17.0379
26800001 20.291
26810001 17.7951
26820001 35.9918
26830001 19.3517
26840001 17.7224
26850001 29.6953
26860001 18.7175
26870001 17.2882
26880001 25.5519
26890001 18.3522
26900001 17.386
26910001 29.9621
26920001 17.9956
26930001 16.5836
26940001 20.6924
26950001 18.1524
26960001 39.2639
26970001 19.2262
26980001 17.9911
26990001 32.6347
27000001 18.7562
27010001 18.1459
27020001 26.104
27030001 18.428
27040001 66.866
27050001 22.7294
27060001 18.0269
27070001 17.0131
27080001 20.9988
27090001 18.0052
27100001 38.9092
27110001 19.6218
27120001 23.2901
27130001 33.0791
27140001 18.9427
27150001 17.7779
27160001 27.0105
27170001 18.438
27180001 20.9912
27190001 23.1842
27200001 18.2106
27210001 16.8378
27220001 21.5717
27230001 23.8422
27240001 16.8927
27250001 20.0895
27260001 18.0928
27270001 35.7441
27280001 18.9574
27290001 17.7789
27300001 28.1043
27310001 18.5768
27320001 17.5517
27330001 23.559
27340001 18.2214
27350001 17.1788
27360001 22.0623
27370001 17.9501
27380001 17.038
27390001 20.2911
27400001 17.7953
27410001 35.9918
27420001 19.3518
27430001 17.7226
27440001 29.6952
27450001 18.7176
27460001 17.2884
27470001 25.5521
27480001 18.3523
27490001 17.3861
27500001 29.9624
27510001 17.9957
27520001 16.5838
27530001 20.6925
27540001 18.1525
27550001 39.264
27560001 19.2263
27570001 17.9913
27580001 32.6348
27590001 18.7563
27600001 18.146
27610001 26.1041
27620001 18.4281
27630001 66.8657
27640001 22.7295
27650001 18.0271
27660001 17.0133
27670001 20.999
27680001 18.0052
27690001 38.9092
27700001 19.6219
27710001 23.2905
27720001 33.0792
27730001 18.9428
27740001 17.7782
27750001 27.0106
27760001 18.4381
27770001 20.9913
27780001 23.1843
27790001 18.2107
27800001 16.8379
27810001 21.5718
27820001 23.8423
27830001 16.8927
27840001 20.0897
27850001 18.093
27860001 35.7443
27870001 18.9575
27880001 17.7792
27890001 28.1044
27900001 18.5769
27910001 17.5516
27920001 23.5591
27930001 18.2215
27940001 17.1791
27950001 22.0624
27960001 17.9502
27970001 17.0382
27980001 20.2912
27990001 17.7954
28000001 35.9917
28010001 19.3519
28020001 17.7227
28030001 29.6952
28040001 18.7178
28050001 17.2885
28060001 25.5522
28070001 18.3525
28080001 17.3862
28090001 29.9626
28100001 17.9958
28110001 16.584
28120001 20.6926
28130001 18.1526
28140001 39.2641
28150001 19.2264
28160001 17.9916
28170001 32.6349
28180001 18.7563
28190001 18.1461
28200001 26.1042
28210001 18.4283
28220001 66.8653
28230001 22.7296
28240001 18.0272
28250001 17.0135
28260001 20.9992
28270001 18.0051
28280001 38.9093
28290001 19.6221
28300001 23.2909
28310001 33.0794
28320001 18.9429
28330001 17.7784
28340001 27.0107
28350001 18.4382
28360001 20.9913
28370001 23.1844
28380001 18.2108
28390001 16.8381
28400001 21.5718
28410001 23.8424
28420001 16.8926
28430001 20.0898
28440001 18.0933
28450001 35.7444
28460001 18.9576
28470001 17.7794
28480001 28.1044
28490001 18.577
28500001 17.5514
28510001 23.5592
28520001 18.2216
28530001 17.1794
28540001 22.0625
28550001 17.9503
28560001 17.0383
28570001 20.2912
28580001 17.7956
28590001 35.9916
28600001 19.352
28610001 17.7228
28620001 29.6952
28630001 18.7179
28640001 17.2887
28650001 25.5524
28660001 18.3526
28670001 17.3864
28680001 29.9629
28690001 17.9959
28700001 16.5842
28710001 20.6926
28720001 18.1527
28730001 39.2642
28740001 19.2265
28750001 17.9919
28760001 32.635
28770001 18.7564
28780001 18.1462
28790001 26.1043
28800001 18.4284
28810001 66.865
28820001 22.7297
28830001 18.0273
28840001 17.0137
28850001 20.9994
28860001 18.0051
28870001 38.9093
28880001 19.6222
28890001 23.2913
28900001 33.0795
28910001 18.943
28920001 17.7786
28930001 27.0107
28940001 18.4382
28950001 20.9914
28960001 23.1845
28970001 18.2109
28980001 16.8382
28990001 21.5719
29000001 23.8424
29010001 16.8926
29020001 20.09
29030001 18.0935
29040001 35.7446
29050001 18.9577
29060001 17.7796
29070001 28.1045
29080001 18.5771
29090001 17.5512
29100001 23.5594
29110001 18.2218
29120001 17.1797
29130001 22.0626
29140001 17.9504
29150001 17.0384
29160001 20.2913
29170001 17.7957
29180001 35.9916
29190001 19.3521
29200001 17.7229
29210001 29.6952
29220001 18.718
29230001 17.2889
29240001 25.5525
29250001 18.3527
29260001 17.3865
29270001 29.9631
29280001 17.996
29290001 16.5844
29300001 20.6927
29310001 18.1528
29320001 39.2643
29330001 19.2266
29340001 17.9922
29350001 32.635
29360001 18.7565
29370001 18.1463
29380001 26.1043
29390001 18.4285
29400001 66.8647
29410001 22.7298
29420001 18.0274
29430001 17.0139
29440001 20.9995
29450001 18.0051
29460001 38.9093
29470001 19.6224
29480001 23.2917
29490001 33.0796
29500001 18.9431
29510001 17.7788
29520001 27.0108
29530001 18.4383
29540001 20.9915
29550001 23.1846
29560001 18.211
29570001 16.8384
29580001 21.5719
29590001 23.8425
29600001 16.8926
29610001 20.0902
29620001 18.0938
29630001 35.7447
29640001 18.9578
29650001 17.7798
29660001 28.1045
29670001 18.5772
29680001 17.5511
29690001 23.5595
29700001 18.2219
29710001 17.1799
29720001 22.0627
29730001 17.9505
29740001 17.0386
29750001 20.2914
29760001 17.7959
29770001 35.9915
29780001 19.3522
29790001 17.723
29800001 29.6951
29810001 18.7181
29820001 17.2891
29830001 25.5527
29840001 18.3528
29850001 17.3866
29860001 29.9633
29870001 17.9961
29880001 16.5846
29890001 20.6928
29900001 18.1529
29910001 39.2644
29920001 19.2267
29930001 17.9925
29940001 32.6351
29950001 18.7565
29960001 18.1464
29970001 26.1044
29980001 18.4287
29990001 66.8644
