1 2195.66
10001 622.916
20001 536.858
30001 510.171
40001 453.629
50001 427.773
60001 384.7
70001 363.373
80001 331.738
90001 313.373
100001 293.462
110001 276.326
120001 260.458
130001 245.366
140001 232.57
150001 220.949
160001 210.54
170001 203.859
180001 195.131
190001 190.267
200001 182.734
210001 175.302
220001 169.742
230001 160.346
240001 156.888
250001 147.946
260001 144.3
270001 137.222
280001 132.286
290001 127.494
300001 121.306
310001 118.677
320001 112.288
330001 110.393
340001 105.652
350001 102.356
360001 99.2534
370001 94.7509
380001 92.4741
390001 87.9806
400001 85.5178
410001 82.4514
420001 79.2051
430001 77.7854
440001 73.9329
450001 72.9981
460001 69.4033
470001 68.0566
480001 65.064
490001 63.4523
500001 61.2396
510001 59.0458
520001 57.8047
530001 55.3468
540001 54.7239
550001 52.2001
560001 51.6635
570001 49.4577
580001 48.8281
590001 47.3205
600001 45.9642
610001 44.947
620001 43.572
630001 43.1867
640001 42.9736
650001 40.9398
660001 39.7996
670001 38.8046
680001 38.0933
690001 36.8521
700001 36.2404
710001 35.2923
720001 34.4406
730001 33.6757
740001 32.6069
750001 32.3553
760001 31.0551
770001 30.5783
780001 29.4866
790001 28.9559
800001 28.2756
810001 27.4647
820001 26.9802
830001 26.0719
840001 25.7142
850001 24.9272
860001 24.3896
870001 23.8607
880001 23.2128
890001 22.8155
900001 22.079
910001 21.7297
920001 21.0645
930001 20.7151
940001 20.1455
950001 19.6247
960001 19.2747
970001 18.7385
980001 18.3821
990001 17.8703
1000001 17.5999
1010001 17.0769
1020001 16.7825
1030001 16.3344
1040001 16.4246
1050001 15.6511
1060001 15.2638
1070001 14.9575
1080001 14.9145
1090001 14.668
1100001 13.9088
1110001 13.6873
1120001 13.3214
1130001 12.9717
1140001 12.7493
1150001 12.679
1160001 12.1851
1170001 11.8759
1180001 11.7509
1190001 11.6311
1200001 11.0265
1210001 10.7919
1220001 10.5745
1230001 10.3274
1240001 10.0805
1250001 9.84315
1260001 9.66777
1270001 9.41282
1280001 9.27504
1290001 8.98987
1300001 8.8496
1310001 8.63387
1320001 8.45245
1330001 8.23821
1340001 8.07075
1350001 7.92048
1360001 7.73032
1370001 7.58581
1380001 7.40745
1390001 7.27132
1400001 7.11887
1410001 6.93983
1420001 6.80477
1430001 6.7355
1440001 6.61415
1450001 6.44257
1460001 6.47858
1470001 6.19926
1480001 6.47504
1490001 6.64355
1500001 5.91699
1510001 5.84312
1520001 6.70053
1530001 10.4677
1540001 5.54664
1550001 5.37784
1560001 5.21387
1570001 5.11389
1580001 5.15584
1590001 6.02988
1600001 4.97449
1610001 4.82408
1620001 4.73822
1630001 6.15709
1640001 4.48041
1650001 4.46056
1660001 4.42049
1670001 4.30461
1680001 4.16746
1690001 4.11574
1700001 4.06688
1710001 3.95995
1720001 3.90006
1730001 3.86496
1740001 3.81508
1750001 3.73155
1760001 3.62035
1770001 3.58652
1780001 3.54826
1790001 3.51322
1800001 3.41194
1810001 3.39559
1820001 3.35664
1830001 3.32822
1840001 3.25157
1850001 3.21876
1860001 3.21392
1870001 3.24606
1880001 3.08375
1890001 3.07015
1900001 3.03947
1910001 3.17146
1920001 4.99209
1930001 4.2531
1940001 3.181
1950001 2.99255
1960001 4.27468
1970001 10.9612
1980001 3.68581
1990001 2.97564
2000001 2.76076
2010001 2.80057
2020001 2.89796
2030001 3.74259
2040001 2.78034
2050001 2.84484
2060001 2.61747
2070001 2.77889
2080001 2.69444
2090001 2.70962
2100001 3.20329
2110001 2.48103
2120001 2.62251
2130001 2.50501
2140001 2.45825
2150001 2.43204
2160001 2.41535
2170001 2.37336
2180001 2.38632
2190001 2.32046
2200001 2.34799
2210001 2.31044
2220001 2.29564
2230001 2.26642
2240001 2.31889
2250001 2.2381
2260001 2.27083
2270001 2.26655
2280001 2.2655
2290001 2.26836
2300001 2.27041
2310001 2.23971
2320001 2.23465
2330001 2.2603
2340001 2.34088
2350001 2.21142
2360001 3.10403
2370001 3.5989
2380001 2.30449
2390001 2.40678
2400001 4.24697
2410001 9.17509
2420001 3.58196
2430001 2.24711
2440001 2.21005
2450001 2.15062
2460001 2.19778
2470001 2.33898
2480001 3.3178
2490001 2.17442
2500001 2.19722
2510001 2.97176
2520001 3.37352
2530001 2.13311
2540001 2.21761
2550001 2.17779
2560001 2.13948
2570001 2.27833
2580001 2.15444
2590001 2.09116
2600001 2.05126
2610001 2.08515
2620001 2.09511
2630001 2.05068
2640001 2.00247
2650001 1.99376
2660001 1.97969
2670001 2.02867
2680001 1.98313
2690001 2.00678
2700001 2.02821
2710001 2.00307
2720001 2.02425
2730001 2.09223
2740001 2.0053
2750001 2.02891
2760001 1.99403
2770001 2.02323
2780001 2.03014
2790001 2.6103
2800001 1.99074
2810001 3.6259
2820001 2.4322
2830001 2.15397
2840001 2.20321
2850001 4.15272
2860001 3.1071
2870001 2.1787
2880001 2.09372
2890001 2.10038
2900001 2.13954
2910001 3.34091
2920001 3.89032
2930001 2.35939
2940001 1.99525
2950001 2.24681
2960001 4.5851
2970001 2.0212
2980001 2.7913
2990001 2.03759
3000001 2.10068
3010001 2.00645
3020001 1.99631
3030001 1.97973
3040001 2.00696
3050001 1.94219
3060001 1.9904
3070001 1.98034
3080001 1.93165
3090001 1.88537
3100001 1.89382
3110001 1.88413
3120001 1.93771
3130001 1.8998
3140001 1.90943
3150001 1.94869
3160001 1.93264
3170001 1.93659
3180001 1.89542
3190001 1.95014
3200001 1.93764
3210001 1.89013
3220001 1.92101
3230001 1.94918
3240001 2.08218
3250001 4.439
3260001 3.58967
3270001 2.17812
3280001 2.06615
3290001 3.70628
3300001 10.7515
3310001 2.00192
3320001 2.05766
3330001 1.94232
3340001 1.99848
3350001 2.13481
3360001 3.19454
3370001 2.05659
3380001 2.16078
3390001 1.93882
3400001 3.25056
3410001 2.03587
3420001 2.10205
3430001 1.93862
3440001 1.92208
3450001 1.96086
3460001 1.96223
3470001 1.92414
3480001 1.91407
3490001 1.88571
3500001 1.85947
3510001 1.89521
3520001 1.85459
3530001 1.84126
3540001 1.83086
3550001 1.84057
3560001 1.82928
3570001 1.87542
3580001 1.83172
3590001 1.86256
3600001 1.93486
3610001 1.88301
3620001 1.82937
3630001 1.8759
3640001 1.85455
3650001 1.88768
3660001 1.98259
3670001 1.98169
3680001 1.86039
3690001 2.89784
3700001 3.40251
3710001 1.94681
3720001 2.06798
3730001 4.09059
3740001 9.11653
3750001 3.28719
3760001 2.01231
3770001 1.95917
3780001 1.89023
3790001 1.9506
3800001 2.04454
3810001 2.25189
3820001 1.89004
3830001 1.94679
3840001 2.75768
3850001 1.93358
3860001 1.8914
3870001 2.00617
3880001 1.89531
3890001 1.92935
3900001 1.97693
3910001 1.9079
3920001 1.84372
3930001 1.83439
3940001 1.8841
3950001 1.92482
3960001 1.84816
3970001 1.78349
3980001 1.79473
3990001 1.79474
4000001 1.82563
4010001 1.77605
4020001 1.79613
4030001 1.84353
4040001 1.81213
4050001 1.80154
4060001 1.90178
4070001 1.87614
4080001 1.84042
4090001 1.80361
4100001 1.82849
4110001 1.81039
4120001 2.48334
4130001 4.39358
4140001 3.51695
4150001 2.22155
4160001 2.00718
4170001 3.66862
4180001 10.731
4190001 2.98946
4200001 2.01777
4210001 1.92416
4220001 1.92887
4230001 2.00284
4240001 3.22088
4250001 3.78586
4260001 2.10413
4270001 1.82429
4280001 2.10564
4290001 4.51529
4300001 2.0097
4310001 2.68348
4320001 1.868
4330001 1.96419
4340001 1.84921
4350001 1.84051
4360001 1.82256
4370001 1.85053
4380001 1.79326
4390001 1.81248
4400001 1.81668
4410001 1.79903
4420001 1.74962
4430001 1.75897
4440001 1.74213
4450001 1.79721
4460001 1.76617
4470001 1.78351
4480001 1.80926
4490001 1.82234
4500001 1.81534
4510001 1.78933
4520001 1.78374
4530001 1.81712
4540001 1.75848
4550001 1.9025
4560001 1.80349
4570001 1.96944
4580001 3.31315
4590001 1.97424
4600001 2.07419
4610001 1.95018
4620001 3.65136
4630001 3.29992
4640001 1.9062
4650001 1.9042
4660001 1.82393
4670001 1.83791
4680001 1.91139
4690001 3.10489
4700001 1.93026
4710001 2.03871
4720001 2.69621
4730001 3.17713
4740001 1.85059
4750001 1.91583
4760001 1.82969
4770001 1.81842
4780001 2.05661
4790001 1.86788
4800001 1.81166
4810001 1.76937
4820001 1.81317
4830001 1.83464
4840001 1.77304
4850001 1.72706
4860001 1.73106
4870001 1.7165
4880001 1.73772
4890001 1.73077
4900001 1.77331
4910001 1.74206
4920001 1.73517
4930001 1.81662
4940001 1.80316
4950001 1.74143
4960001 1.76615
4970001 1.74358
4980001 1.79777
4990001 1.83505
5000001 2.42104
5010001 1.75661
5020001 2.79189
5030001 3.32162
5040001 1.90925
5050001 1.98554
5060001 4.03631
5070001 9.08329
5080001 1.90734
5090001 1.89939
5100001 1.87597
5110001 1.78402
5120001 1.8305
5130001 3.80016
5140001 2.16791
5150001 1.7961
5160001 1.84838
5170001 4.48993
5180001 1.82911
5190001 1.82056
5200001 1.84396
5210001 1.78635
5220001 1.83268
5230001 1.80665
5240001 1.82226
5250001 1.73764
5260001 1.74861
5270001 1.82085
5280001 1.81722
5290001 1.76327
5300001 1.69381
5310001 1.70874
5320001 1.70883
5330001 1.75447
5340001 1.68797
5350001 1.71407
5360001 1.7696
5370001 1.71254
5380001 1.71349
5390001 1.72557
5400001 1.77857
5410001 1.7586
5420001 1.72208
5430001 1.72099
5440001 1.72344
5450001 1.90893
5460001 4.35724
5470001 3.45163
5480001 2.14282
5490001 1.91901
5500001 3.62532
5510001 10.7128
5520001 2.93731
5530001 1.92445
5540001 1.77319
5550001 1.83989
5560001 1.91424
5570001 3.20361
5580001 1.87555
5590001 2.03305
5600001 1.76377
5610001 2.03707
5620001 1.88229
5630001 1.94434
5640001 2.60937
5650001 1.75842
5660001 1.87251
5670001 1.77188
5680001 1.75967
5690001 1.75419
5700001 1.7773
5710001 1.70486
5720001 1.71323
5730001 1.69313
5740001 1.72156
5750001 1.69301
5760001 1.68424
5770001 1.66461
5780001 1.74994
5790001 1.66279
5800001 1.69566
5810001 1.72444
5820001 1.74273
5830001 1.74499
5840001 1.71109
5850001 1.71363
5860001 1.74074
5870001 1.7552
5880001 1.83541
5890001 1.72805
5900001 2.7604
5910001 3.29509
5920001 1.80721
5930001 2.01232
5940001 4.01067
5950001 9.07729
5960001 3.19976
5970001 1.82828
5980001 1.77821
5990001 1.74678
6000001 1.76936
6010001 1.87942
6020001 3.08995
6030001 1.76407
6040001 1.80838
6050001 2.65839
6060001 3.13484
6070001 1.74835
6080001 1.85295
6090001 1.75326
6100001 1.77644
6110001 1.92426
6120001 1.80654
6130001 1.7383
6140001 1.70915
6150001 1.7219
6160001 1.77775
6170001 1.70884
6180001 1.66012
6190001 1.65393
6200001 1.64805
6210001 1.70405
6220001 1.65125
6230001 1.68306
6240001 1.71526
6250001 1.67706
6260001 1.7117
6270001 1.76268
6280001 1.68518
6290001 1.71044
6300001 1.6679
6310001 1.69863
6320001 1.70189
6330001 2.37967
6340001 1.6899
6350001 3.42087
6360001 2.12421
6370001 1.87915
6380001 1.93106
6390001 4.00484
6400001 2.91302
6410001 1.82478
6420001 1.81403
6430001 1.82439
6440001 1.87104
6450001 3.14157
6460001 3.74142
6470001 2.12678
6480001 1.72606
6490001 1.99559
6500001 4.46286
6510001 1.7587
6520001 2.59332
6530001 1.78292
6540001 1.81539
6550001 1.74388
6560001 1.75915
6570001 1.72626
6580001 1.75837
6590001 1.68729
6600001 1.71823
6610001 1.75652
6620001 1.69157
6630001 1.63735
6640001 1.64107
6650001 1.63413
6660001 1.70633
6670001 1.65301
6680001 1.65302
6690001 1.71106
6700001 1.67252
6710001 1.71946
6720001 1.64718
6730001 1.71203
6740001 1.65728
6750001 1.66606
6760001 1.68018
6770001 1.70656
6780001 1.83055
6790001 4.34284
6800001 3.41815
6810001 1.9771
6820001 1.84889
6830001 3.59426
6840001 10.7111
6850001 1.77724
6860001 1.80398
6870001 1.71843
6880001 1.78939
6890001 1.84626
6900001 3.07764
6910001 1.82993
6920001 1.9684
6930001 1.71723
6940001 3.1159
6950001 1.79758
6960001 1.90826
6970001 1.71896
6980001 1.71607
6990001 1.75986
7000001 1.80192
7010001 1.71079
7020001 1.71463
7030001 1.6787
7040001 1.65175
7050001 1.6861
7060001 1.65046
7070001 1.63601
7080001 1.62824
7090001 1.63698
7100001 1.62803
7110001 1.6769
7120001 1.63688
7130001 1.65758
7140001 1.73565
7150001 1.67196
7160001 1.63687
7170001 1.6755
7180001 1.65351
7190001 1.69524
7200001 1.76137
7210001 1.77412
7220001 1.66841
7230001 2.73928
7240001 3.2679
7250001 1.76507
7260001 1.89472
7270001 3.99574
7280001 9.06905
7290001 3.15668
7300001 1.79662
7310001 1.78686
7320001 1.69733
7330001 1.72824
7340001 1.80337
7350001 2.11894
7360001 1.70952
7370001 1.76396
7380001 2.61763
7390001 1.75414
7400001 1.69967
7410001 1.83221
7420001 1.68346
7430001 1.75152
7440001 1.77133
7450001 1.74825
7460001 1.66583
7470001 1.65868
7480001 1.70609
7490001 1.75503
7500001 1.67745
7510001 1.6113
7520001 1.6183
7530001 1.62534
7540001 1.65736
7550001 1.60281
7560001 1.62266
7570001 1.69369
7580001 1.63259
7590001 1.6471
7600001 1.71118
7610001 1.70523
7620001 1.66032
7630001 1.63822
7640001 1.65772
7650001 1.63847
7660001 2.34105
7670001 4.34005
7680001 3.40284
7690001 2.07752
7700001 1.84917
7710001 3.58934
7720001 10.7046
7730001 2.89135
7740001 1.79446
7750001 1.77371
7760001 1.76735
7770001 1.84348
7780001 3.12623
7790001 3.70267
7800001 1.96813
7810001 1.68146
7820001 1.97031
7830001 4.44975
7840001 1.87594
7850001 2.56562
7860001 1.72881
7870001 1.78308
7880001 1.68986
7890001 1.69754
7900001 1.67783
7910001 1.70223
7920001 1.64298
7930001 1.65812
7940001 1.66021
7950001 1.65461
7960001 1.60601
7970001 1.60546
7980001 1.59085
7990001 1.65595
8000001 1.61896
8010001 1.6247
8020001 1.6664
8030001 1.66184
8040001 1.69161
8050001 1.63046
8060001 1.6432
8070001 1.64914
8080001 1.62194
8090001 1.75919
8100001 1.65185
8110001 1.82542
8120001 3.24409
8130001 1.78931
8140001 1.95498
8150001 1.80547
8160001 3.57842
8170001 3.14982
8180001 1.76629
8190001 1.75382
8200001 1.6868
8210001 1.70735
8220001 1.75462
8230001 3.03391
8240001 1.79264
8250001 1.82757
8260001 2.60212
8270001 3.09913
8280001 1.72293
8290001 1.78699
8300001 1.68543
8310001 1.6922
8320001 1.86471
8330001 1.74223
8340001 1.67357
8350001 1.64079
8360001 1.6775
8370001 1.72016
8380001 1.64164
8390001 1.59719
8400001 1.59771
8410001 1.58895
8420001 1.60973
8430001 1.60568
8440001 1.6429
8450001 1.6231
8460001 1.60108
8470001 1.69526
8480001 1.65472
8490001 1.61382
8500001 1.65022
8510001 1.61243
8520001 1.66325
8530001 1.69513
8540001 2.31884
8550001 1.64055
8560001 2.69783
8570001 3.23951
8580001 1.79358
8590001 1.87366
8600001 3.98059
8610001 9.05498
8620001 1.76446
8630001 1.78017
8640001 1.76096
8650001 1.66614
8660001 1.74485
8670001 3.71715
8680001 2.08524
8690001 1.68597
8700001 1.74372
8710001 4.43473
8720001 1.71762
8730001 1.69577
8740001 1.73431
8750001 1.66414
8760001 1.71363
8770001 1.70327
8780001 1.71042
8790001 1.62086
8800001 1.63585
8810001 1.69848
8820001 1.71233
8830001 1.65024
8840001 1.58061
8850001 1.59946
8860001 1.59698
8870001 1.6464
8880001 1.57847
8890001 1.60763
8900001 1.64533
8910001 1.5921
8920001 1.61027
8930001 1.60797
8940001 1.66192
8950001 1.63688
8960001 1.60817
8970001 1.62128
8980001 1.60514
8990001 1.7764
9000001 4.3213
9010001 3.37029
9020001 2.04972
9030001 1.80918
9040001 3.57028
9050001 10.7011
9060001 2.8729
9070001 1.75316
9080001 1.671
9090001 1.73789
9100001 1.81359
9110001 3.13335
9120001 1.77148
9130001 1.9333
9140001 1.65486
9150001 1.94447
9160001 1.75747
9170001 1.85001
9180001 2.53502
9190001 1.66931
9200001 1.73155
9210001 1.681
9220001 1.65316
9230001 1.66055
9240001 1.68106
9250001 1.60228
9260001 1.6081
9270001 1.59893
9280001 1.62552
9290001 1.59587
9300001 1.58436
9310001 1.56216
9320001 1.65366
9330001 1.56341
9340001 1.5927
9350001 1.6306
9360001 1.62857
9370001 1.65375
9380001 1.60915
9390001 1.61171
9400001 1.61663
9410001 1.66534
9420001 1.72274
9430001 1.62857
9440001 2.69939
9450001 3.2408
9460001 1.71927
9470001 1.93351
9480001 3.9707
9490001 9.05246
9500001 3.12048
9510001 1.73548
9520001 1.69057
9530001 1.65251
9540001 1.69282
9550001 1.75073
9560001 3.042
9570001 1.66409
9580001 1.72732
9590001 2.58547
9600001 3.08186
9610001 1.65925
9620001 1.76311
9630001 1.6533
9640001 1.71056
9650001 1.80068
9660001 1.72425
9670001 1.63612
9680001 1.62417
9690001 1.62735
9700001 1.69589
9710001 1.61328
9720001 1.57007
9730001 1.56304
9740001 1.56064
9750001 1.61179
9760001 1.56243
9770001 1.58548
9780001 1.63162
9790001 1.58926
9800001 1.62383
9810001 1.6583
9820001 1.59581
9830001 1.62236
9840001 1.57877
9850001 1.60879
9860001 1.61182
9870001 2.30545
9880001 1.60907
9890001 3.36608
9900001 2.04591
9910001 1.79647
9920001 1.85347
9930001 3.96717
9940001 2.85814
9950001 1.7177
9960001 1.73272
9970001 1.74332
9980001 1.79889
9990001 3.09069
