1 2697.69
10001 773.666
20001 740.474
30001 694.408
40001 673.528
50001 644.936
60001 613.539
70001 591.297
80001 567.442
90001 545.561
100001 526.386
110001 505.686
120001 486.473
130001 476.458
140001 456.607
150001 440.478
160001 434.629
170001 414.452
180001 401.462
190001 394.97
200001 380.242
210001 366.286
220001 361.546
230001 353.074
240001 338.934
250001 338.99
260001 330.696
270001 334.011
280001 318.835
290001 311.245
300001 305.582
310001 299.551
320001 300.735
330001 288.721
340001 281.118
350001 274.494
360001 271.195
370001 262.524
380001 256.868
390001 257.459
400001 244.394
410001 241.746
420001 239.07
430001 229.598
440001 228.352
450001 225.1
460001 217.279
470001 216.014
480001 212.01
490001 206.751
500001 203.564
510001 201.365
520001 196.855
530001 191.204
540001 190.325
550001 186.975
560001 179.716
570001 179.264
580001 177.371
590001 169.535
600001 167.44
610001 166.404
620001 160.832
630001 158.215
640001 156.294
650001 152.791
660001 149.384
670001 146.519
680001 144.622
690001 140.738
700001 137.104
710001 136.365
720001 133.481
730001 128.276
740001 127.935
750001 126.441
760001 121.446
770001 119.563
780001 120.446
790001 116.65
800001 112.888
810001 114.596
820001 112.246
830001 107.379
840001 108.145
850001 106.695
860001 139.146
870001 102.492
880001 101.315
890001 100.558
900001 97.4216
910001 182.967
920001 96.4181
930001 93.3317
940001 95.2829
950001 92.963
960001 90.4523
970001 91.0743
980001 98.3827
990001 87.6015
1000001 87.3968
1010001 86.3414
1020001 84.6604
1030001 83.8182
1040001 83.3649
1050001 81.9764
1060001 81.386
1070001 80.9794
1080001 80.2174
1090001 78.5488
1100001 79.8165
1110001 77.229
1120001 75.776
1130001 77.2539
1140001 74.9898
1150001 73.4497
1160001 74.6149
1170001 73.7972
1180001 71.0871
1190001 71.6168
1200001 71.0454
1210001 69.1267
1220001 72.2419
1230001 68.9177
1240001 67.046
1250001 67.6093
1260001 66.9316
1270001 65.2031
1280001 65.073
1290001 64.608
1300001 63.0642
1310001 63.0979
1320001 62.3177
1330001 60.9121
1340001 61.2457
1350001 60.4702
1360001 59.1071
1370001 59.1401
1380001 58.3306
1390001 57.1492
1400001 56.7539
1410001 57.4144
1420001 55.7567
1430001 55.044
1440001 54.543
1450001 108.482
1460001 52.8418
1470001 52.7712
1480001 55.8454
1490001 51.4904
1500001 162.773
1510001 52.1767
1520001 49.5963
1530001 54.0922
1540001 50.4504
1550001 48.6339
1560001 50.5919
1570001 50.749
1580001 46.7026
1590001 47.3153
1600001 46.9652
1610001 45.5831
1620001 45.4152
1630001 45.6431
1640001 44.0815
1650001 44.0302
1660001 44.2636
1670001 43.9197
1680001 43.0671
1690001 47.6917
1700001 41.8445
1710001 41.3851
1720001 42.4999
1730001 40.8603
1740001 40.2902
1750001 41.2058
1760001 41.7535
1770001 39.1655
1780001 39.7353
1790001 39.5623
1800001 37.9806
1810001 44.0061
1820001 38.2466
1830001 37.087
1840001 39.2297
1850001 38.0749
1860001 36.1911
1870001 37.041
1880001 36.4873
1890001 35.2235
1900001 35.9838
1910001 35.3908
1920001 34.4827
1930001 34.7305
1940001 34.6722
1950001 33.7559
1960001 33.8772
1970001 33.7647
1980001 33.0356
1990001 32.7297
2000001 33.2816
2010001 32.1221
2020001 32.1024
2030001 31.8031
2040001 53.7391
2050001 31.5822
2060001 30.9081
2070001 36.362
2080001 30.7429
2090001 157.558
2100001 32.5493
2110001 29.7415
2120001 37.2979
2130001 31.3321
2140001 29.2685
2150001 33.5694
2160001 33.9576
2170001 28.5734
2180001 30.3089
2190001 29.7126
2200001 27.7095
2210001 28.5418
2220001 29.1873
2230001 27.3857
2240001 28.0355
2250001 28.598
2260001 27.397
2270001 27.1753
2280001 34.4383
2290001 27.0966
2300001 26.4469
2310001 28.6964
2320001 45.6409
2330001 25.9575
2340001 27.1841
2350001 28.6501
2360001 25.2254
2370001 26.5209
2380001 26.4401
2390001 25.0013
2400001 33.6351
2410001 25.423
2420001 24.5458
2430001 27.5804
2440001 26.1554
2450001 24.1976
2460001 25.6547
2470001 24.5755
2480001 23.4295
2490001 24.5025
2500001 24.2578
2510001 23.3105
2520001 23.8219
2530001 23.9597
2540001 23.1881
2550001 23.2661
2560001 23.3821
2570001 23.0083
2580001 22.7395
2590001 23.4666
2600001 22.3555
2610001 22.3781
2620001 22.0831
2630001 48.8146
2640001 22.3843
2650001 21.7302
2660001 28.2265
2670001 21.9599
2680001 155.971
2690001 24.7581
2700001 21.2667
2710001 31.0657
2720001 23.8128
2730001 21.1104
2740001 27.1165
2750001 27.5493
2760001 20.8451
2770001 23.3246
2780001 22.6368
2790001 20.3328
2800001 21.7612
2810001 22.5174
2820001 20.3513
2830001 21.1429
2840001 22.1868
2850001 20.88
2860001 20.8059
2870001 29.6948
2880001 21.0061
2890001 20.2406
2900001 23.1739
2910001 42.4257
2920001 20.0314
2930001 21.6987
2940001 22.0912
2950001 19.6889
2960001 48.4118
2970001 20.6594
2980001 19.6898
2990001 28.4772
3000001 20.417
3010001 19.5363
3020001 23.3286
3030001 21.6347
3040001 19.5886
3050001 21.2262
3060001 20.037
3070001 19.0139
3080001 20.0626
3090001 19.7634
3100001 18.9153
3110001 19.6525
3120001 19.8862
3130001 19.1432
3140001 19.2857
3150001 19.5989
3160001 19.1557
3170001 19.0154
3180001 19.7776
3190001 18.6565
3200001 18.6879
3210001 18.503
3220001 47.2991
3230001 18.9533
3240001 18.3454
3250001 25.6911
3260001 18.5335
3270001 41.386
3280001 21.2767
3290001 18.2309
3300001 29.0997
3310001 21.0665
3320001 18.4975
3330001 24.9179
3340001 25.4252
3350001 18.17
3360001 20.7881
3370001 20.1674
3380001 17.7014
3390001 19.0006
3400001 20.1607
3410001 17.8134
3420001 18.8279
3430001 20.2917
3440001 18.5013
3450001 18.5187
3460001 28.1216
3470001 18.9103
3480001 18.0353
3490001 21.3502
3500001 41.4748
3510001 18.0409
3520001 19.8896
3530001 20.2827
3540001 17.7818
3550001 47.6843
3560001 18.815
3570001 17.8152
3580001 27.1693
3590001 18.5862
3600001 17.9327
3610001 21.3565
3620001 20.1415
3630001 17.7987
3640001 19.1672
3650001 18.4699
3660001 17.6159
3670001 18.6158
3680001 18.3829
3690001 17.432
3700001 18.3106
3710001 18.3784
3720001 17.8322
3730001 17.9175
3740001 18.2811
3750001 17.8737
3760001 17.6962
3770001 18.5656
3780001 17.5107
3790001 17.4756
3800001 17.3304
3810001 46.8457
3820001 17.8339
3830001 17.2045
3840001 24.9058
3850001 17.4003
3860001 40.9568
3870001 20.3425
3880001 17.2556
3890001 27.2507
3900001 20.2306
3910001 17.5514
3920001 21.9596
3930001 24.6454
3940001 17.3138
3950001 19.9756
3960001 19.4088
3970001 16.8576
3980001 18.2557
3990001 19.526
4000001 17.0343
4010001 18.0403
4020001 19.6259
4030001 17.7276
4040001 18.0024
4050001 22.1492
4060001 18.3012
4070001 17.3449
4080001 20.7758
4090001 41.159
4100001 17.3993
4110001 19.3947
4120001 19.7577
4130001 17.1056
4140001 47.4382
4150001 18.2448
4160001 17.2416
4170001 26.8148
4180001 18.0438
4190001 17.4449
4200001 20.9002
4210001 18.2915
4220001 17.2246
4230001 18.7083
4240001 18.0519
4250001 17.1255
4260001 18.2227
4270001 17.9213
4280001 17.1237
4290001 17.8601
4300001 17.8408
4310001 17.3797
4320001 17.9194
4330001 34.1799
4340001 17.2183
4350001 17.2899
4360001 17.9902
4370001 18.0785
4380001 17.1668
4390001 16.8765
4400001 46.7091
4410001 17.5011
4420001 16.851
4430001 24.7158
4440001 17.0686
4450001 40.8229
4460001 20.0684
4470001 16.7129
4480001 27.0544
4490001 19.9776
4500001 17.2699
4510001 21.7594
4520001 19.29
4530001 17.0252
4540001 19.7697
4550001 19.2104
4560001 16.6595
4570001 18.0146
4580001 19.2238
4590001 25.0973
4600001 17.8326
4610001 19.3789
4620001 17.3346
4630001 17.8403
4640001 21.8917
4650001 17.3237
4660001 17.1062
4670001 20.0921
4680001 95.908
4690001 17.2067
4700001 19.2377
4710001 19.588
4720001 16.9575
4730001 47.3885
4740001 18.0901
4750001 16.8927
4760001 26.6982
4770001 17.8937
4780001 17.2315
4790001 20.8141
4800001 18.2287
4810001 17.0895
4820001 18.5661
4830001 17.898
4840001 16.9533
4850001 18.0753
4860001 17.7963
4870001 16.9635
4880001 18.0319
4890001 17.7228
4900001 17.2557
4910001 17.8112
4920001 34.0875
4930001 17.1223
4940001 17.1597
4950001 17.2365
4960001 18.0063
4970001 17.0465
4980001 16.7081
4990001 34.1823
5000001 17.4007
5010001 16.748
5020001 23.0935
5030001 16.9455
5040001 40.7974
5050001 20.0061
5060001 16.6259
5070001 26.9957
5080001 19.9574
5090001 17.2052
5100001 21.6996
5110001 19.0789
5120001 16.5894
5130001 19.6546
5140001 19.0175
5150001 16.5788
5160001 17.9974
5170001 19.1209
5180001 25.0469
5190001 17.6992
5200001 19.3149
5210001 17.2862
5220001 17.8723
5230001 21.8491
5240001 17.2871
5250001 17.0512
5260001 20.0188
5270001 90.5495
5280001 17.1651
5290001 18.9509
5300001 19.1297
5310001 16.8853
5320001 58.2677
5330001 18.0337
5340001 16.8438
5350001 26.6991
5360001 17.8561
5370001 17.1976
5380001 20.7337
5390001 18.1643
5400001 16.8194
5410001 18.5046
5420001 17.828
5430001 16.9877
5440001 17.6257
5450001 17.7425
5460001 16.9458
5470001 17.77
5480001 17.723
5490001 17.208
5500001 17.7855
5510001 34.1363
5520001 17.0782
5530001 17.1106
5540001 17.2116
5550001 17.9652
5560001 16.9985
5570001 16.6924
5580001 34.1663
5590001 17.381
5600001 74.8113
5610001 22.9935
5620001 17.1407
5630001 40.733
5640001 20.1017
5650001 16.6349
5660001 26.9777
5670001 19.8711
5680001 17.1247
5690001 21.6609
5700001 19.1097
5710001 16.554
5720001 18.7097
5730001 19.038
5740001 16.5294
5750001 17.8678
5760001 19.0627
5770001 25.0447
5780001 17.6548
5790001 19.233
5800001 17.286
5810001 17.7772
5820001 21.8777
5830001 17.2974
5840001 17.0594
5850001 20.0327
5860001 90.5324
5870001 17.2596
5880001 18.9018
5890001 19.1201
5900001 16.788
5910001 58.2635
5920001 17.854
5930001 16.8307
5940001 21.7458
5950001 17.8622
5960001 17.0271
5970001 19.8155
5980001 18.1647
5990001 16.792
6000001 19.5029
6010001 17.8614
6020001 17.0546
6030001 17.6182
6040001 17.7643
6050001 16.9086
6060001 17.7528
6070001 17.7864
6080001 17.1869
6090001 17.7687
6100001 34.0059
6110001 17.0655
6120001 17.0569
6130001 17.1686
6140001 18.1293
6150001 16.9922
6160001 16.6539
6170001 34.1429
6180001 17.3949
6190001 74.7921
6200001 22.9964
6210001 17.1175
6220001 31.6342
6230001 20.1038
6240001 17.2219
6250001 24.5256
6260001 44.2007
6270001 17.1114
6280001 24.4633
6290001 19.1959
6300001 16.5446
6310001 18.7137
6320001 18.9931
6330001 16.5252
6340001 17.8548
6350001 19.0371
6360001 25.1258
6370001 17.6931
6380001 22.461
6390001 17.2514
6400001 17.1694
6410001 21.8458
6420001 17.2907
6430001 17.0519
6440001 20.0337
6450001 90.5494
6460001 17.269
6470001 18.9453
6480001 19.085
6490001 16.7999
6500001 58.2734
6510001 17.8327
6520001 16.9052
6530001 21.7891
6540001 18.3343
6550001 17.035
6560001 19.774
6570001 18.1956
6580001 16.7806
6590001 19.4889
6600001 17.8264
6610001 17.0032
6620001 17.6204
6630001 17.8379
6640001 16.9214
6650001 17.7597
6660001 17.7884
6670001 17.1812
6680001 17.4039
6690001 19.4965
6700001 18.5685
6710001 17.0775
6720001 17.155
6730001 16.9736
6740001 17.1523
6750001 16.6807
6760001 34.1314
6770001 16.8681
6780001 74.7907
6790001 22.9643
6800001 17.13
6810001 31.5855
6820001 20.1316
6830001 17.1609
6840001 24.4862
6850001 44.1914
6860001 17.1065
6870001 24.4507
6880001 19.3344
6890001 16.5466
6900001 18.7235
6910001 19.0131
6920001 16.6732
6930001 17.851
6940001 19.0399
6950001 19.0634
6960001 18.0353
6970001 22.4809
6980001 17.5051
6990001 17.1413
7000001 20.1932
7010001 17.3855
7020001 16.9936
7030001 19.7493
7040001 90.5657
7050001 17.2803
7060001 18.939
7070001 19.0959
7080001 16.799
7090001 58.2929
7100001 17.8329
7110001 17.0235
7120001 21.8841
7130001 18.3447
7140001 17.0307
7150001 19.7616
7160001 18.1457
7170001 16.8842
7180001 19.5364
7190001 17.7716
7200001 16.7194
7210001 17.6083
7220001 17.8308
7230001 16.9377
7240001 17.2743
7250001 17.7945
7260001 17.1499
7270001 17.3722
7280001 19.5319
7290001 18.5929
7300001 17.0701
7310001 16.8123
7320001 95.795
7330001 17.136
7340001 16.6585
7350001 25.5949
7360001 16.8664
7370001 74.7875
7380001 22.9316
7390001 17.0201
7400001 31.5458
7410001 20.1201
7420001 17.1612
7430001 24.4476
7440001 44.2115
7450001 17.1137
7460001 24.4303
7470001 19.3105
7480001 16.2666
7490001 18.7127
7500001 19.0774
7510001 16.672
7520001 17.8788
7530001 19.073
7540001 19.0749
7550001 18.0931
7560001 22.434
7570001 17.5475
7580001 17.1164
7590001 20.2965
7600001 17.3453
7610001 17.0259
7620001 19.5653
7630001 21.4521
7640001 17.153
7650001 18.8982
7660001 19.2378
7670001 16.7981
7680001 58.2006
7690001 17.8295
7700001 17.0148
7710001 21.869
7720001 18.3558
7730001 17.0129
7740001 19.7564
7750001 18.1362
7760001 16.8496
7770001 19.5395
7780001 17.9448
7790001 16.6262
7800001 17.6633
7810001 17.8322
7820001 16.9524
7830001 17.3157
7840001 17.8058
7850001 17.1744
7860001 17.4459
7870001 19.5358
7880001 18.5955
7890001 17.0691
7900001 16.7803
7910001 95.8007
7920001 17.1624
7930001 16.7178
7940001 25.5984
7950001 16.8755
7960001 166.322
7970001 20.7464
7980001 17.0054
7990001 31.5619
8000001 20.1293
8010001 17.152
8020001 24.4311
8030001 44.2881
8040001 16.692
8050001 24.4194
8060001 19.3037
8070001 16.2584
8080001 18.2659
8090001 19.1008
8100001 16.6822
8110001 17.9538
8120001 19.0461
8130001 19.0975
8140001 18.0928
8150001 22.4554
8160001 17.5409
8170001 17.1462
8180001 20.2015
8190001 17.3141
8200001 17.0304
8210001 19.5346
8220001 21.3774
8230001 17.1455
8240001 18.8679
8250001 18.8555
8260001 16.9981
8270001 28.4504
8280001 17.9073
8290001 17.0499
8300001 21.3655
8310001 18.3458
8320001 16.7142
8330001 19.1845
8340001 18.1148
8350001 16.8414
8360001 18.0555
8370001 17.9289
8380001 16.6201
8390001 17.671
8400001 17.895
8410001 16.9732
8420001 17.3457
8430001 17.8938
8440001 17.1804
8450001 17.422
8460001 19.5912
8470001 18.5906
8480001 17.0603
8490001 16.7903
8500001 95.8096
8510001 17.5263
8520001 16.7198
8530001 25.6478
8540001 17.0497
8550001 155.303
8560001 20.7522
8570001 16.9965
8580001 28.163
8590001 19.9675
8600001 16.6008
8610001 23.9975
8620001 44.1946
8630001 16.6568
8640001 19.8273
8650001 19.2374
8660001 16.2644
8670001 18.3014
8680001 19.1045
8690001 16.6714
8700001 17.9491
8710001 19.0935
8720001 19.084
8730001 18.0672
8740001 27.4483
8750001 17.5517
8760001 17.1734
8770001 20.217
8780001 17.3675
8790001 16.9875
8800001 19.6013
8810001 21.3775
8820001 17.1557
8830001 18.8192
8840001 18.8534
8850001 17.0021
8860001 28.4491
8870001 17.9316
8880001 17.1056
8890001 21.2358
8900001 19.5098
8910001 16.7957
8920001 19.1844
8930001 18.0816
8940001 16.8618
8950001 18.0479
8960001 17.9422
8970001 16.6341
8980001 17.6792
8990001 17.923
9000001 17.2567
9010001 17.3284
9020001 17.7981
9030001 17.4201
9040001 17.2872
9050001 19.6742
9060001 16.9552
9070001 17.0633
9080001 16.8437
9090001 95.7971
9100001 17.5796
9110001 16.7894
9120001 25.7074
9130001 17.0824
9140001 155.304
9150001 20.8045
9160001 16.9987
9170001 28.1563
9180001 19.9714
9190001 16.6038
9200001 23.9894
9210001 24.5333
9220001 16.6629
9230001 19.8311
9240001 19.2146
9250001 16.2861
9260001 18.3235
9270001 19.1083
9280001 16.7219
9290001 17.9279
9300001 19.0283
9310001 17.4522
9320001 17.4737
9330001 27.4765
9340001 18.0702
9350001 17.1677
9360001 20.5595
9370001 17.3899
9380001 17.0001
9390001 19.5638
9400001 21.3514
9410001 16.9891
9420001 18.7976
9430001 18.792
9440001 17.0329
9450001 28.4639
9460001 17.9504
9470001 17.0964
9480001 21.2387
9490001 19.4892
9500001 16.8797
9510001 19.1473
9520001 17.8644
9530001 16.8706
9540001 18.0488
9550001 17.9757
9560001 16.7671
9570001 17.7254
9580001 17.9261
9590001 17.2513
9600001 17.3383
9610001 17.7793
9620001 17.3861
9630001 17.2685
9640001 18.0586
9650001 16.926
9660001 17.0254
9670001 16.8026
9680001 46.613
9690001 17.4895
9700001 16.7322
9710001 25.901
9720001 17.0688
9730001 155.266
9740001 20.7859
9750001 16.8962
9760001 28.1562
9770001 19.9588
9780001 16.588
9790001 23.9647
9800001 24.42
9810001 16.6611
9820001 19.8344
9830001 19.0853
9840001 16.5178
9850001 18.3097
9860001 19.2032
9870001 16.6599
9880001 17.6967
9890001 19.0487
9900001 17.4826
9910001 17.5338
9920001 27.4984
9930001 18.0582
9940001 17.2255
9950001 20.6085
9960001 41.0542
9970001 16.9896
9980001 19.0562
9990001 19.7039
