1 31.3191
10001 17.0002
20001 12.7996
30001 10.1785
40001 8.48625
50001 7.29391
60001 6.48272
70001 5.89829
80001 5.46347
90001 5.13606
100001 4.87854
110001 4.67235
120001 4.50615
130001 4.36133
140001 4.23974
150001 4.13384
160001 4.04196
170001 3.99786
180001 3.91269
190001 3.8345
200001 3.76397
210001 3.69886
220001 3.64507
230001 3.59672
240001 3.55525
250001 3.5173
260001 3.48094
270001 3.44734
280001 3.41199
290001 3.38141
300001 3.35474
310001 3.33259
320001 3.30661
330001 3.28121
340001 3.26103
350001 3.24061
360001 3.22254
370001 3.20314
380001 3.19167
390001 3.17829
400001 3.16324
410001 3.14976
420001 3.13905
430001 3.12595
440001 3.11655
450001 3.10602
460001 3.09632
470001 3.08864
480001 3.08234
490001 3.07222
500001 3.06568
510001 3.05916
520001 3.0496
530001 3.04484
540001 3.04107
550001 3.03316
560001 3.02604
570001 3.02088
580001 3.01763
590001 3.01519
600001 3.0106
610001 3.00832
620001 3.00449
630001 3.00335
640001 2.99866
650001 2.99574
660001 2.99356
670001 2.98863
680001 2.98616
690001 2.98782
700001 2.98619
710001 2.9851
720001 2.98424
730001 2.98264
740001 2.9825
750001 2.98277
760001 2.97923
770001 2.97915
780001 2.97799
790001 2.97857
800001 2.97693
810001 2.97518
820001 2.97704
830001 2.97762
840001 2.97929
850001 2.97992
860001 2.97942
870001 2.9794
880001 2.98123
890001 2.98639
900001 2.98458
910001 2.9854
920001 2.9866
930001 2.98732
940001 2.98852
950001 2.98873
960001 2.99137
970001 2.99355
980001 2.99638
990001 2.99899
1000001 2.99857
1010001 3.00005
1020001 3.00152
1030001 3.00164
1040001 3.00379
1050001 3.00717
1060001 3.0065
1070001 3.00853
1080001 3.01184
1090001 3.0147
1100001 3.01527
1110001 3.01788
1120001 3.02232
1130001 3.02142
1140001 3.02184
1150001 3.02522
1160001 3.02814
1170001 3.04566
1180001 3.03867
1190001 3.04145
1200001 3.04388
1210001 3.04549
1220001 3.04657
1230001 3.04389
1240001 3.04447
1250001 3.04826
1260001 3.05308
1270001 3.05565
1280001 3.05656
1290001 3.05631
1300001 3.05503
1310001 3.05836
1320001 3.06008
1330001 3.06246
1340001 3.06527
1350001 3.07166
1360001 3.06953
1370001 3.07143
1380001 3.07362
1390001 3.07645
1400001 3.07728
1410001 3.07994
1420001 3.08237
1430001 3.08377
1440001 3.08679
1450001 3.08854
1460001 3.09023
1470001 3.09313
1480001 3.09444
1490001 3.09507
1500001 3.09481
1510001 3.09948
1520001 3.10148
1530001 3.10503
1540001 3.1075
1550001 3.10826
1560001 3.10873
1570001 3.11262
1580001 3.11152
1590001 3.11413
1600001 3.11514
1610001 3.12011
1620001 3.12451
1630001 3.12579
1640001 3.12841
1650001 3.13197
1660001 3.13366
1670001 3.13521
1680001 3.13618
1690001 3.13885
1700001 3.14055
1710001 3.14378
1720001 3.14465
1730001 3.14626
1740001 3.14857
1750001 3.15239
1760001 3.15314
1770001 3.15171
1780001 3.15602
1790001 3.1588
1800001 3.15987
1810001 3.16114
1820001 3.16076
1830001 3.1666
1840001 3.16826
1850001 3.17032
1860001 3.17153
1870001 3.17368
1880001 3.17475
1890001 3.17466
1900001 3.17925
1910001 3.1807
1920001 3.18312
1930001 3.18681
1940001 3.18909
1950001 3.1913
1960001 3.19261
1970001 3.1937
1980001 3.19822
1990001 3.19642
2000001 3.19919
2010001 3.20235
2020001 3.20788
2030001 3.20799
2040001 3.21151
2050001 3.21115
2060001 3.21149
2070001 3.21282
2080001 3.21301
2090001 3.21295
2100001 3.21671
2110001 3.22021
2120001 3.22396
2130001 3.22317
2140001 3.22582
2150001 3.23127
2160001 3.23272
2170001 3.234
2180001 3.23504
2190001 3.2352
2200001 3.23709
2210001 3.24101
2220001 3.24482
2230001 3.24478
2240001 3.25153
2250001 3.25467
2260001 3.25768
2270001 3.25726
2280001 3.25906
2290001 3.2609
2300001 3.26066
2310001 3.26264
2320001 3.26457
2330001 3.26437
2340001 3.26404
2350001 3.2686
2360001 3.2714
2370001 3.27212
2380001 3.2715
2390001 3.27574
2400001 3.27756
2410001 3.2746
2420001 3.28149
2430001 3.28413
2440001 3.28437
2450001 3.28692
2460001 3.28491
2470001 3.29421
2480001 3.29645
2490001 3.29466
2500001 3.2944
2510001 3.29668
2520001 3.29469
2530001 3.29701
2540001 3.29827
2550001 3.2996
2560001 3.30067
2570001 3.30163
2580001 3.30492
2590001 3.30601
2600001 3.30675
2610001 3.3093
2620001 3.31116
2630001 3.31429
2640001 3.31549
2650001 3.31861
2660001 3.3195
2670001 3.32129
2680001 3.32161
2690001 3.32639
2700001 3.32822
2710001 3.32914
2720001 3.33371
2730001 3.33369
2740001 3.33626
2750001 3.33668
2760001 3.33812
2770001 3.34097
2780001 3.3421
2790001 3.34275
2800001 3.34678
2810001 3.34696
2820001 3.34673
2830001 3.34756
2840001 3.35547
2850001 3.35313
2860001 3.35069
2870001 3.35099
2880001 3.35256
2890001 3.35374
2900001 3.3568
2910001 3.35767
2920001 3.35776
2930001 3.36209
2940001 3.36172
2950001 3.36186
2960001 3.36635
2970001 3.36699
2980001 3.36808
2990001 3.37002
3000001 3.37592
3010001 3.37732
3020001 3.37745
3030001 3.37699
3040001 3.38063
3050001 3.38198
3060001 3.3841
3070001 3.38447
3080001 3.38876
3090001 3.38955
3100001 3.38902
3110001 3.39187
3120001 3.39309
3130001 3.39281
3140001 3.39125
3150001 3.39165
3160001 3.39352
3170001 3.39351
3180001 3.39592
3190001 3.39947
3200001 3.39761
3210001 3.39961
3220001 3.4042
3230001 3.4062
3240001 3.40465
3250001 3.40779
3260001 3.40609
3270001 3.40649
3280001 3.40769
3290001 3.40971
3300001 3.40936
3310001 3.41435
3320001 3.41761
3330001 3.42096
3340001 3.42096
3350001 3.42104
3360001 3.41996
3370001 3.42106
3380001 3.42671
3390001 3.42837
3400001 3.42937
3410001 3.42728
3420001 3.42723
3430001 3.42813
3440001 3.42952
3450001 3.43044
3460001 3.43069
3470001 3.43211
3480001 3.43646
3490001 3.4368
3500001 3.43554
3510001 3.43762
3520001 3.43955
3530001 3.44146
3540001 3.44155
3550001 3.44062
3560001 3.44143
3570001 3.44493
3580001 3.44658
3590001 3.44647
3600001 3.44739
3610001 3.44954
3620001 3.45262
3630001 3.45292
3640001 3.45423
3650001 3.45272
3660001 3.45371
3670001 3.45424
3680001 3.45596
3690001 3.45726
3700001 3.45891
3710001 3.45982
3720001 3.55148
3730001 3.48026
3740001 3.47263
3750001 3.47084
3760001 3.46897
3770001 3.4679
3780001 3.46949
3790001 3.47096
3800001 3.46922
3810001 3.47117
3820001 3.47349
3830001 3.47561
3840001 3.47586
3850001 3.47606
3860001 3.47866
3870001 3.47952
3880001 3.47878
3890001 3.4802
3900001 3.48246
3910001 3.48453
3920001 3.48562
3930001 3.51582
3940001 3.50951
3950001 3.5037
3960001 3.49939
3970001 3.49636
3980001 3.49738
3990001 3.49474
4000001 3.49563
4010001 3.49448
4020001 3.49485
4030001 3.49475
4040001 3.49869
4050001 3.49838
4060001 3.49675
4070001 3.49772
4080001 3.49839
4090001 3.50084
4100001 3.5009
4110001 3.50118
4120001 3.50163
4130001 3.50237
4140001 3.5059
4150001 3.50723
4160001 3.5093
4170001 3.51018
4180001 3.50871
4190001 3.50825
4200001 3.50808
4210001 3.51165
4220001 3.51256
4230001 3.51356
4240001 3.51472
4250001 3.51337
4260001 3.51366
4270001 3.51378
4280001 3.5163
4290001 3.52222
4300001 3.52307
4310001 3.52336
4320001 3.5233
4330001 3.52415
4340001 3.52366
4350001 3.52614
4360001 3.52519
4370001 3.52708
4380001 3.52749
4390001 3.52833
4400001 3.52554
4410001 3.52822
4420001 3.52982
4430001 3.53138
4440001 3.53366
4450001 3.53247
4460001 3.5327
4470001 3.53122
4480001 3.53422
4490001 3.53198
4500001 3.5338
4510001 3.53858
4520001 3.53797
4530001 3.53866
4540001 3.53787
4550001 3.53923
4560001 3.53857
4570001 3.53778
4580001 3.54309
4590001 3.5417
4600001 3.54115
4610001 3.54113
4620001 3.54065
4630001 3.5417
4640001 3.54246
4650001 3.54585
4660001 3.54312
4670001 3.54265
4680001 3.54348
4690001 3.54557
4700001 3.54746
4710001 3.54943
4720001 3.55036
4730001 3.5508
4740001 3.5486
4750001 3.55175
4760001 3.55323
4770001 3.55272
4780001 3.55369
4790001 3.55604
4800001 3.55661
4810001 3.55551
4820001 3.5549
4830001 3.55612
4840001 3.55955
4850001 3.56082
4860001 3.57196
4870001 3.56719
4880001 3.56569
4890001 3.56395
4900001 3.56429
4910001 3.56341
4920001 3.56686
4930001 3.57048
4940001 3.5684
4950001 3.56812
4960001 3.56901
4970001 3.56852
4980001 3.56895
4990001 3.56998
5000001 3.57292
5010001 3.57168
5020001 3.57009
5030001 3.57275
5040001 3.57246
5050001 3.57215
5060001 3.57508
5070001 3.57648
5080001 3.57582
5090001 3.58032
5100001 3.58083
5110001 3.57804
5120001 3.57931
5130001 3.58065
5140001 3.58058
5150001 3.58246
5160001 3.57979
5170001 3.57958
5180001 3.57894
5190001 3.5807
5200001 3.5813
5210001 3.58207
5220001 3.58368
5230001 3.58784
5240001 3.59065
5250001 3.58814
5260001 3.59025
5270001 3.59004
5280001 3.59234
5290001 3.59305
5300001 3.59707
5310001 3.59771
5320001 3.59902
5330001 3.5995
5340001 3.59816
5350001 3.59933
5360001 3.59842
5370001 3.59676
5380001 3.59747
5390001 3.59506
5400001 3.59637
5410001 3.59636
5420001 3.59598
5430001 3.5968
5440001 3.59972
5450001 3.6012
5460001 3.60016
5470001 3.60259
5480001 3.60203
5490001 3.59989
5500001 3.60074
5510001 3.60118
5520001 3.60139
5530001 3.60146
5540001 3.60396
5550001 3.60385
5560001 3.60421
5570001 3.60377
5580001 3.60385
5590001 3.605
5600001 3.61108
5610001 3.60895
5620001 3.60976
5630001 3.60764
5640001 3.60842
5650001 3.61532
5660001 3.61827
5670001 3.61704
5680001 3.61628
5690001 3.6156
5700001 3.61534
5710001 3.6168
5720001 3.61624
5730001 3.61716
5740001 3.61709
5750001 3.61938
5760001 3.61915
5770001 3.61967
5780001 3.61998
5790001 3.61939
5800001 3.62069
5810001 3.62026
5820001 3.61979
5830001 3.62117
5840001 3.62173
5850001 3.6231
5860001 3.62528
5870001 3.62455
5880001 3.6233
5890001 3.62413
5900001 3.62531
5910001 3.62438
5920001 3.62292
5930001 3.62549
5940001 3.62443
5950001 3.62566
5960001 3.6286
5970001 3.62584
5980001 3.6229
5990001 3.62287
6000001 3.62498
6010001 3.62554
6020001 3.62891
6030001 3.62909
6040001 3.63275
6050001 3.63041
6060001 3.6341
6070001 3.63257
6080001 3.63249
6090001 3.63237
6100001 3.63161
6110001 3.63252
6120001 3.63395
6130001 3.63461
6140001 3.63375
6150001 3.63421
6160001 3.63342
6170001 3.63676
6180001 3.63821
6190001 3.63882
6200001 3.63879
6210001 3.6375
6220001 3.63911
6230001 3.63986
6240001 3.64105
6250001 3.63973
6260001 3.63646
6270001 3.63795
6280001 3.63963
6290001 3.63918
6300001 3.63953
6310001 3.64015
6320001 3.64046
6330001 3.64395
6340001 3.64372
6350001 3.6439
6360001 3.6464
6370001 3.64877
6380001 3.65224
6390001 3.65572
6400001 3.65377
6410001 3.65463
6420001 3.65507
6430001 3.65372
6440001 3.64903
6450001 3.64988
6460001 3.65043
6470001 3.64837
6480001 3.64636
6490001 3.64922
6500001 3.64766
6510001 3.64738
6520001 3.64812
6530001 3.64947
6540001 3.65179
6550001 3.6541
6560001 3.65489
6570001 3.65435
6580001 3.6562
6590001 3.65319
6600001 3.65401
6610001 3.65543
6620001 3.65796
6630001 3.66003
6640001 3.65959
6650001 3.65907
6660001 3.6587
6670001 3.65935
6680001 3.66201
6690001 3.66369
6700001 3.66446
6710001 3.66352
6720001 3.66348
6730001 3.66258
6740001 3.66389
6750001 3.66403
6760001 3.66292
6770001 3.66257
6780001 3.66378
6790001 3.66467
6800001 3.66525
6810001 3.66651
6820001 3.66305
6830001 3.66325
6840001 3.66119
6850001 3.66282
6860001 3.6636
6870001 3.66568
6880001 3.6647
6890001 3.6691
6900001 3.66851
6910001 3.67013
6920001 3.67046
6930001 3.6707
6940001 3.6713
6950001 3.67158
6960001 3.67341
6970001 3.674
6980001 3.67369
6990001 3.67652
7000001 3.6754
7010001 3.67302
7020001 3.67356
7030001 3.67555
7040001 3.67644
7050001 3.67606
7060001 3.67614
7070001 3.67891
7080001 3.67859
7090001 3.67726
7100001 3.67536
7110001 3.67666
7120001 3.67611
7130001 3.67595
7140001 3.67427
7150001 3.67562
7160001 3.67599
7170001 3.677
7180001 3.67789
7190001 3.67873
7200001 3.67901
7210001 3.68044
7220001 3.67843
7230001 3.67855
7240001 3.67956
7250001 3.67987
7260001 3.67975
7270001 3.67901
7280001 3.67979
7290001 3.68043
7300001 3.67871
7310001 3.68144
7320001 3.68131
7330001 3.68336
7340001 3.68286
7350001 3.68267
7360001 3.68213
7370001 3.68283
7380001 3.68335
7390001 3.68446
7400001 3.68331
7410001 3.68368
7420001 3.6839
7430001 3.68289
7440001 3.68522
7450001 3.68362
7460001 3.68068
7470001 3.68332
7480001 3.68347
7490001 3.684
7500001 3.68427
7510001 3.68537
7520001 3.6867
7530001 3.68671
7540001 3.68576
7550001 3.68634
7560001 3.68778
7570001 3.68697
7580001 3.68717
7590001 3.68725
7600001 3.68844
7610001 3.68914
7620001 3.6888
7630001 3.6887
7640001 3.69009
7650001 3.69116
7660001 3.6917
7670001 3.69374
7680001 3.69479
7690001 3.69473
7700001 3.69505
7710001 3.69653
7720001 3.6965
7730001 3.697
7740001 3.70187
7750001 3.70476
7760001 3.70307
7770001 3.70097
7780001 3.70172
7790001 3.70146
7800001 3.70101
7810001 3.70621
7820001 3.70256
7830001 3.7016
7840001 3.69998
7850001 3.6983
7860001 3.69822
7870001 3.69725
7880001 3.69736
7890001 3.69667
7900001 3.6978
7910001 3.69738
7920001 3.6994
7930001 3.6977
7940001 3.6982
7950001 3.69952
7960001 3.70076
7970001 3.70136
7980001 3.70157
7990001 3.7024
8000001 3.7029
8010001 3.7026
8020001 3.70344
8030001 3.70404
8040001 3.70296
8050001 3.70462
8060001 3.70215
8070001 3.70164
8080001 3.7001
8090001 3.69976
8100001 3.69888
8110001 3.69922
8120001 3.69835
8130001 3.70123
8140001 3.70092
8150001 3.70156
8160001 3.70159
8170001 3.70135
8180001 3.7047
8190001 3.70482
8200001 3.70543
8210001 3.70554
8220001 3.70555
8230001 3.70612
8240001 3.70794
8250001 3.70587
8260001 3.70421
8270001 3.70597
8280001 3.70801
8290001 3.70924
8300001 3.70859
8310001 3.70911
8320001 3.7071
8330001 3.70765
8340001 3.70835
8350001 3.70845
8360001 3.70774
8370001 3.70915
8380001 3.71181
8390001 3.70977
8400001 3.71302
8410001 3.71251
8420001 3.71085
8430001 3.71141
8440001 3.71077
8450001 3.71211
8460001 3.71154
8470001 3.71141
8480001 3.71104
8490001 3.71432
8500001 3.72065
8510001 3.7204
8520001 3.71813
8530001 3.71759
8540001 3.71972
8550001 3.71656
8560001 3.71732
8570001 3.71704
8580001 3.71623
8590001 3.71465
8600001 3.71454
8610001 3.71518
8620001 3.72091
8630001 3.72191
8640001 3.7203
8650001 3.72427
8660001 3.72401
8670001 3.72296
8680001 3.72014
8690001 3.72323
8700001 3.72202
8710001 3.72111
8720001 3.72139
8730001 3.72087
8740001 3.72342
8750001 3.72304
8760001 3.72429
8770001 3.7256
8780001 3.7247
8790001 3.72432
8800001 3.72532
8810001 3.72729
8820001 3.7257
8830001 3.72535
8840001 3.72619
8850001 3.72847
8860001 3.72847
8870001 3.72495
8880001 3.72317
8890001 3.72546
8900001 3.72407
8910001 3.72587
8920001 3.72668
8930001 3.72721
8940001 3.7263
8950001 3.72583
8960001 3.72572
8970001 3.7263
8980001 3.73277
8990001 3.73146
9000001 3.73077
9010001 3.72939
9020001 3.72948
9030001 3.72761
9040001 3.73009
9050001 3.72966
9060001 3.72932
9070001 3.73018
9080001 3.73528
9090001 3.73562
9100001 3.73587
9110001 3.73518
9120001 3.73522
9130001 3.73325
9140001 3.7354
9150001 3.73479
9160001 3.73221
9170001 3.73251
9180001 3.7349
9190001 3.73314
9200001 3.73528
9210001 3.73518
9220001 3.73912
9230001 3.73841
9240001 3.74197
9250001 3.74145
9260001 3.73832
9270001 3.7395
9280001 3.73965
9290001 3.74252
9300001 3.73791
9310001 3.73851
9320001 3.73837
9330001 3.73806
9340001 3.73922
9350001 3.73772
9360001 3.73787
9370001 3.73741
9380001 3.73743
9390001 3.73718
9400001 3.73439
9410001 3.73618
9420001 3.73724
9430001 3.73753
9440001 3.73963
9450001 3.74075
9460001 3.7399
9470001 3.74258
9480001 3.74234
9490001 3.7436
9500001 3.74279
9510001 3.74357
9520001 3.74322
9530001 3.74298
9540001 3.74221
9550001 3.74168
9560001 3.74067
9570001 3.7447
9580001 3.74289
9590001 3.74461
9600001 3.74178
9610001 3.74182
9620001 3.74135
9630001 3.74077
9640001 3.7408
9650001 3.74181
9660001 3.74171
9670001 3.74396
9680001 3.74154
9690001 3.7423
9700001 3.74284
9710001 3.73859
9720001 3.73931
9730001 3.74025
9740001 3.73916
9750001 3.74096
9760001 3.74289
9770001 3.74227
9780001 3.74358
9790001 3.74176
9800001 3.73953
9810001 3.74103
9820001 3.7442
9830001 3.74586
9840001 3.74978
9850001 3.74591
9860001 3.74652
9870001 3.7454
9880001 3.74646
9890001 3.74692
9900001 3.74811
9910001 3.74757
9920001 3.74689
9930001 3.74674
9940001 3.74768
9950001 3.74843
9960001 3.74613
9970001 3.74603
9980001 3.74818
9990001 3.74819
