1 126.416
100001 38.5211
200001 26.4183
300001 20.2133
400001 16.2942
500001 13.6927
600001 11.8616
700001 10.5261
800001 9.49624
900001 8.7377
1000001 8.15202
1100001 7.66419
1200001 7.25484
1300001 6.9135
1400001 6.62196
1500001 6.37045
1600001 6.1509
1700001 5.95355
1800001 5.78174
1900001 5.62728
2000001 5.48542
2100001 5.35628
2200001 5.23707
2300001 5.12784
2400001 5.02534
2500001 4.93225
2600001 4.84392
2700001 4.75882
2800001 4.68247
2900001 4.60901
3000001 4.53871
3100001 4.47245
3200001 4.41006
3300001 4.35104
3400001 4.29563
3500001 4.24392
3600001 4.19501
3700001 4.14796
3800001 4.10287
3900001 4.06096
4000001 4.01923
4100001 3.97956
4200001 3.94242
4300001 3.9067
4400001 3.87273
4500001 3.8394
4600001 3.80715
4700001 3.77679
4800001 3.7473
4900001 3.71945
5000001 3.69294
5100001 3.66664
5200001 3.64168
5300001 3.6182
5400001 3.59451
5500001 3.57275
5600001 3.55224
5700001 3.53141
5800001 3.51117
5900001 3.49225
6000001 3.47311
6100001 3.45568
6200001 3.43903
6300001 3.42202
6400001 3.40567
6500001 3.39024
6600001 3.37538
6700001 3.36118
6800001 3.34755
6900001 3.33378
7000001 3.32063
7100001 3.30781
7200001 3.29735
7300001 3.28504
7400001 3.27393
7500001 3.2634
7600001 3.25261
7700001 3.24202
7800001 3.23168
7900001 3.22226
8000001 3.21383
8100001 3.2044
8200001 3.19656
8300001 3.18854
8400001 3.1809
8500001 3.17413
8600001 3.16639
8700001 3.15803
8800001 3.15123
8900001 3.14433
9000001 3.13821
9100001 3.13124
9200001 3.12582
9300001 3.1196
9400001 3.11366
9500001 3.10849
9600001 3.10359
9700001 3.09888
9800001 3.09389
9900001 3.08953
10000001 3.08503
10100001 3.08134
10200001 3.0768
10300001 3.07312
10400001 3.06927
10500001 3.06611
10600001 3.06263
10700001 3.05925
10800001 3.05642
10900001 3.0529
11000001 3.05099
11100001 3.04791
11200001 3.04546
11300001 3.043
11400001 3.04004
11500001 3.0373
11600001 3.03563
11700001 3.03337
11800001 3.03067
11900001 3.02953
12000001 3.0269
12100001 3.02478
12200001 3.02418
12300001 3.02238
12400001 3.02052
12500001 3.01936
12600001 3.0183
12700001 3.01639
12800001 3.01552
12900001 3.01382
13000001 3.01285
13100001 3.01177
13200001 3.01153
13300001 3.01056
13400001 3.01017
13500001 3.00993
13600001 3.00969
13700001 3.00915
13800001 3.00838
13900001 3.00805
14000001 3.00822
14100001 3.00748
14200001 3.00753
14300001 3.00776
14400001 3.00731
14500001 3.00803
14600001 3.00696
14700001 3.00705
14800001 3.00709
14900001 3.00766
15000001 3.0077
15100001 3.00833
15200001 3.00837
15300001 3.0094
15400001 3.0104
15500001 3.01042
15600001 3.0105
15700001 3.0109
15800001 3.01146
15900001 3.01214
16000001 3.01273
16100001 3.01335
16200001 3.01461
16300001 3.01446
16400001 3.01512
16500001 3.01577
16600001 3.01674
16700001 3.01817
16800001 3.01907
16900001 3.01962
17000001 3.02095
17100001 3.02241
17200001 3.02261
17300001 3.02451
17400001 3.02568
17500001 3.02672
17600001 3.02807
17700001 3.02914
17800001 3.03027
17900001 3.03129
18000001 3.03252
18100001 3.03351
18200001 3.03491
18300001 3.03623
18400001 3.0378
18500001 3.03873
18600001 3.04057
18700001 3.04166
18800001 3.04374
18900001 3.04792
19000001 3.04811
19100001 3.04872
19200001 3.05047
19300001 3.05112
19400001 3.05429
19500001 3.05542
19600001 3.05654
19700001 3.05726
19800001 3.05903
19900001 3.05995
20000001 3.06145
20100001 3.06281
20200001 3.06466
20300001 3.06629
20400001 3.0676
20500001 3.07029
20600001 3.07101
20700001 3.07241
20800001 3.07395
20900001 3.07557
21000001 3.0777
21100001 3.07932
21200001 3.08063
21300001 3.08243
21400001 3.08391
21500001 3.08584
21600001 3.08736
21700001 3.08897
21800001 3.09075
21900001 3.09262
22000001 3.09424
22100001 3.09604
22200001 3.09774
22300001 3.09978
22400001 3.10124
22500001 3.10324
22600001 3.10491
22700001 3.10784
22800001 3.1089
22900001 3.11038
23000001 3.11278
23100001 3.11466
23200001 3.11646
23300001 3.11841
23400001 3.12002
23500001 3.12264
23600001 3.12369
23700001 3.12553
23800001 3.12941
23900001 3.13135
24000001 3.13223
24100001 3.13387
24200001 3.13626
24300001 3.13727
24400001 3.13921
24500001 3.14154
24600001 3.14325
24700001 3.14547
24800001 3.14755
24900001 3.14884
25000001 3.15081
25100001 3.15272
25200001 3.15474
25300001 3.15706
25400001 3.15909
25500001 3.16027
25600001 3.16232
25700001 3.16583
25800001 3.16777
25900001 3.16925
26000001 3.17095
26100001 3.17373
26200001 3.17555
26300001 3.17771
26400001 3.17906
26500001 3.18116
26600001 3.18281
26700001 3.18466
26800001 3.18664
26900001 3.18853
27000001 3.19048
27100001 3.1921
27200001 3.19405
27300001 3.19577
27400001 3.19807
27500001 3.19984
27600001 3.20206
27700001 3.20442
27800001 3.20618
27900001 3.20828
28000001 3.20989
28100001 3.21159
28200001 3.21354
28300001 3.21534
28400001 3.21788
28500001 3.21996
28600001 3.22197
28700001 3.22389
28800001 3.2259
28900001 3.22948
29000001 3.23072
29100001 3.23219
29200001 3.2343
29300001 3.23663
29400001 3.23864
29500001 3.24032
29600001 3.24245
29700001 3.24452
29800001 3.2464
29900001 3.24825
30000001 3.24993
30100001 3.25272
30200001 3.25456
30300001 3.25655
30400001 3.25873
30500001 3.26035
30600001 3.26317
30700001 3.26521
30800001 3.2665
30900001 3.26838
31000001 3.27121
31100001 3.27255
31200001 3.27489
31300001 3.27687
31400001 3.27926
31500001 3.28125
31600001 3.28354
31700001 3.28483
31800001 3.28693
31900001 3.28902
32000001 3.29034
32100001 3.29241
32200001 3.29466
32300001 3.2967
32400001 3.2989
32500001 3.30146
32600001 3.30284
32700001 3.30481
32800001 3.30617
32900001 3.30857
33000001 3.31006
33100001 3.31232
33200001 3.31431
33300001 3.31639
33400001 3.31848
33500001 3.32008
33600001 3.32262
33700001 3.32538
33800001 3.32669
33900001 3.32829
34000001 3.33031
34100001 3.33352
34200001 3.3351
34300001 3.33623
34400001 3.33836
34500001 3.34063
34600001 3.34201
34700001 3.34411
34800001 3.34659
34900001 3.34803
35000001 3.34963
35100001 3.35247
35200001 3.35436
35300001 3.35726
35400001 3.35894
35500001 3.36038
35600001 3.36248
35700001 3.3638
35800001 3.36639
35900001 3.36861
36000001 3.37045
36100001 3.37231
36200001 3.37387
36300001 3.3757
36400001 3.37737
36500001 3.37934
36600001 3.38143
36700001 3.38372
36800001 3.38548
36900001 3.38781
37000001 3.38947
37100001 3.39051
37200001 3.39234
37300001 3.39385
37400001 3.39623
37500001 3.39794
37600001 3.39979
37700001 3.40208
37800001 3.40439
37900001 3.40567
38000001 3.40769
38100001 3.40916
38200001 3.4113
38300001 3.41293
38400001 3.41473
38500001 3.41656
38600001 3.41827
38700001 3.42006
38800001 3.42252
38900001 3.42424
39000001 3.42636
39100001 3.42822
39200001 3.42958
39300001 3.43176
39400001 3.43371
39500001 3.4356
39600001 3.43745
39700001 3.43877
39800001 3.44102
39900001 3.4432
40000001 3.4451
40100001 3.44724
40200001 3.44907
40300001 3.45069
40400001 3.4523
40500001 3.4543
40600001 3.45617
40700001 3.45848
40800001 3.46018
40900001 3.46218
41000001 3.46393
41100001 3.46672
41200001 3.46791
41300001 3.46973
41400001 3.47093
41500001 3.47301
41600001 3.47439
41700001 3.47746
41800001 3.47889
41900001 3.48062
42000001 3.48281
42100001 3.48409
42200001 3.48579
42300001 3.4872
42400001 3.48923
42500001 3.49126
42600001 3.49287
42700001 3.49458
42800001 3.49617
42900001 3.49781
43000001 3.49989
43100001 3.50096
43200001 3.50213
43300001 3.50471
43400001 3.50664
43500001 3.50801
43600001 3.51077
43700001 3.51231
43800001 3.51354
43900001 3.51598
44000001 3.51784
44100001 3.51984
44200001 3.52121
44300001 3.52248
44400001 3.52428
44500001 3.52562
44600001 3.52745
44700001 3.52929
44800001 3.5311
44900001 3.533
45000001 3.53404
45100001 3.53624
45200001 3.5379
45300001 3.53893
45400001 3.54042
45500001 3.54209
45600001 3.54417
45700001 3.54538
45800001 3.5473
45900001 3.5488
46000001 3.55134
46100001 3.55231
46200001 3.55438
46300001 3.55604
46400001 3.55742
46500001 3.55966
46600001 3.56147
46700001 3.56319
46800001 3.56502
46900001 3.56689
47000001 3.56836
47100001 3.56992
47200001 3.57144
47300001 3.57326
47400001 3.57505
47500001 3.57776
47600001 3.57793
47700001 3.57966
47800001 3.58101
47900001 3.58315
48000001 3.58422
48100001 3.58607
48200001 3.58734
48300001 3.58988
48400001 3.59147
48500001 3.59304
48600001 3.59483
48700001 3.59598
48800001 3.59797
48900001 3.59966
49000001 3.60169
49100001 3.60302
49200001 3.60518
49300001 3.6062
49400001 3.60798
49500001 3.60974
49600001 3.6114
49700001 3.61232
49800001 3.61493
49900001 3.61607
50000001 3.61736
50100001 3.61917
50200001 3.62053
50300001 3.62254
50400001 3.62424
50500001 3.62572
50600001 3.62742
50700001 3.62923
50800001 3.63046
50900001 3.6323
51000001 3.63415
51100001 3.63551
51200001 3.6367
51300001 3.63839
51400001 3.6408
51500001 3.64263
51600001 3.64399
51700001 3.64595
51800001 3.64678
51900001 3.64825
52000001 3.64969
52100001 3.65134
52200001 3.65312
52300001 3.65457
52400001 3.65602
52500001 3.65765
52600001 3.6589
52700001 3.66004
52800001 3.6614
52900001 3.66327
53000001 3.66467
53100001 3.66687
53200001 3.66857
53300001 3.66966
53400001 3.67139
53500001 3.67334
53600001 3.67453
53700001 3.67607
53800001 3.67769
53900001 3.67906
54000001 3.68052
54100001 3.68189
54200001 3.68322
54300001 3.68551
54400001 3.68658
54500001 3.68802
54600001 3.68934
54700001 3.69125
54800001 3.69279
54900001 3.6945
55000001 3.69598
55100001 3.69731
55200001 3.69881
55300001 3.70015
55400001 3.70137
55500001 3.70317
55600001 3.7046
55700001 3.70589
55800001 3.70746
55900001 3.70937
56000001 3.71074
56100001 3.71231
56200001 3.71331
56300001 3.71534
56400001 3.71658
56500001 3.72061
56600001 3.72099
56700001 3.72141
56800001 3.72313
56900001 3.72447
57000001 3.72631
57100001 3.72731
57200001 3.72853
57300001 3.73021
57400001 3.73145
57500001 3.73322
57600001 3.73414
57700001 3.7353
57800001 3.73656
57900001 3.73844
58000001 3.73963
58100001 3.7414
58200001 3.74285
58300001 3.74425
58400001 3.74534
58500001 3.74754
58600001 3.74862
58700001 3.74927
58800001 3.75099
58900001 3.75223
59000001 3.75471
59100001 3.75634
59200001 3.75744
59300001 3.75902
59400001 3.76011
59500001 3.76162
59600001 3.76288
59700001 3.76429
59800001 3.76566
59900001 3.76711
60000001 3.76884
60100001 3.77056
60200001 3.77227
60300001 3.77389
60400001 3.77519
60500001 3.77644
60600001 3.7779
60700001 3.77895
60800001 3.77977
60900001 3.7818
61000001 3.78366
61100001 3.78459
61200001 3.78645
61300001 3.78726
61400001 3.78892
61500001 3.79003
61600001 3.7917
61700001 3.79298
61800001 3.79424
61900001 3.79647
62000001 3.79705
62100001 3.79841
62200001 3.79981
62300001 3.80141
62400001 3.80365
62500001 3.80498
62600001 3.80625
62700001 3.80725
62800001 3.80824
62900001 3.80965
63000001 3.81115
63100001 3.81286
63200001 3.81425
63300001 3.81546
63400001 3.81651
63500001 3.81864
63600001 3.81963
63700001 3.81992
63800001 3.82206
63900001 3.82361
64000001 3.82451
64100001 3.82595
64200001 3.82702
64300001 3.82793
64400001 3.82967
64500001 3.83124
64600001 3.83212
64700001 3.83344
64800001 3.83494
64900001 3.8363
65000001 3.83745
65100001 3.83864
65200001 3.83997
65300001 3.84127
65400001 3.84227
65500001 3.84304
65600001 3.84419
65700001 3.8459
65800001 3.84728
65900001 3.84904
66000001 3.85054
66100001 3.85216
66200001 3.85307
66300001 3.85426
66400001 3.85492
66500001 3.85652
66600001 3.85801
66700001 3.85916
66800001 3.86003
66900001 3.862
67000001 3.86272
67100001 3.86408
67200001 3.86528
67300001 3.86674
67400001 3.86778
67500001 3.86899
67600001 3.87005
67700001 3.8715
67800001 3.87254
67900001 3.87416
68000001 3.87478
68100001 3.87686
68200001 3.8783
68300001 3.87899
68400001 3.88072
68500001 3.88135
68600001 3.88276
68700001 3.8837
68800001 3.88547
68900001 3.88656
69000001 3.88799
69100001 3.88887
69200001 3.89039
69300001 3.8913
69400001 3.89274
69500001 3.89364
69600001 3.89526
69700001 3.89669
69800001 3.89739
69900001 3.89853
70000001 3.8999
70100001 3.90125
70200001 3.90269
70300001 3.9039
70400001 3.90527
70500001 3.90628
70600001 3.90758
70700001 3.90894
70800001 3.91045
70900001 3.91156
71000001 3.91264
71100001 3.91394
71200001 3.91512
71300001 3.91675
71400001 3.91754
71500001 3.91837
71600001 3.91984
71700001 3.92124
71800001 3.92237
71900001 3.923
72000001 3.92524
72100001 3.92557
72200001 3.92669
72300001 3.92788
72400001 3.92974
72500001 3.93017
72600001 3.9312
72700001 3.93262
72800001 3.93363
72900001 3.93476
73000001 3.9359
73100001 3.93753
73200001 3.93867
73300001 3.93975
73400001 3.94078
73500001 3.94172
73600001 3.94319
73700001 3.94444
73800001 3.9456
73900001 3.94663
74000001 3.94764
74100001 3.94932
74200001 3.95049
74300001 3.95168
74400001 3.95325
74500001 3.95466
74600001 3.95568
74700001 3.95693
74800001 3.95824
74900001 3.95947
75000001 3.96014
75100001 3.96135
75200001 3.96299
75300001 3.96357
75400001 3.96469
75500001 3.96603
75600001 3.96736
75700001 3.96805
75800001 3.96911
75900001 3.97058
76000001 3.97177
76100001 3.97283
76200001 3.97373
76300001 3.97492
76400001 3.97754
76500001 3.97739
76600001 3.9783
76700001 3.97938
76800001 3.98037
76900001 3.98135
77000001 3.98268
77100001 3.98425
77200001 3.98524
77300001 3.98648
77400001 3.98748
77500001 3.98876
77600001 3.98951
77700001 3.99081
77800001 3.99217
77900001 3.99343
78000001 3.99454
78100001 3.99594
78200001 3.99673
78300001 3.99781
78400001 3.99876
78500001 4.00011
78600001 4.00163
78700001 4.00246
78800001 4.00397
78900001 4.00528
79000001 4.00609
79100001 4.00722
79200001 4.00795
79300001 4.00945
79400001 4.01045
79500001 4.0116
79600001 4.01282
79700001 4.01382
79800001 4.01494
79900001 4.01577
80000001 4.01674
80100001 4.01796
80200001 4.01892
80300001 4.02023
80400001 4.02189
80500001 4.02291
80600001 4.02364
80700001 4.02464
80800001 4.02594
80900001 4.02759
81000001 4.02857
81100001 4.02907
81200001 4.03035
81300001 4.03164
81400001 4.03211
81500001 4.03345
81600001 4.03489
81700001 4.03593
81800001 4.03677
81900001 4.03746
82000001 4.03887
82100001 4.03996
82200001 4.04084
82300001 4.04458
82400001 4.04526
82500001 4.04583
82600001 4.04637
82700001 4.04676
82800001 4.04786
82900001 4.0485
83000001 4.04908
83100001 4.04986
83200001 4.05121
83300001 4.05233
83400001 4.05328
83500001 4.05423
83600001 4.05563
83700001 4.05624
83800001 4.05785
83900001 4.05825
84000001 4.05986
84100001 4.06099
84200001 4.06192
84300001 4.06269
84400001 4.06341
84500001 4.06427
84600001 4.06563
84700001 4.06625
84800001 4.06748
84900001 4.06864
85000001 4.07022
85100001 4.07048
85200001 4.07123
85300001 4.07314
85400001 4.07352
85500001 4.07448
85600001 4.07526
85700001 4.07629
85800001 4.07707
85900001 4.07814
86000001 4.07945
86100001 4.08065
86200001 4.08177
86300001 4.08281
86400001 4.08394
86500001 4.08504
86600001 4.08587
86700001 4.08682
86800001 4.08807
86900001 4.08921
87000001 4.09001
87100001 4.09057
87200001 4.09134
87300001 4.09241
87400001 4.0935
87500001 4.09508
87600001 4.0957
87700001 4.09699
87800001 4.09772
87900001 4.0987
88000001 4.09972
88100001 4.10058
88200001 4.1015
88300001 4.10251
88400001 4.10357
88500001 4.1045
88600001 4.1064
88700001 4.10685
88800001 4.10759
88900001 4.1084
89000001 4.10971
89100001 4.11083
89200001 4.11156
89300001 4.11316
89400001 4.11365
89500001 4.11523
89600001 4.11583
89700001 4.11652
89800001 4.11776
89900001 4.11854
90000001 4.12214
90100001 4.12189
90200001 4.12175
90300001 4.12213
90400001 4.12315
90500001 4.1244
90600001 4.12522
90700001 4.12617
90800001 4.12755
90900001 4.12853
91000001 4.13621
91100001 4.13472
91200001 4.13412
91300001 4.13237
91400001 4.13386
91500001 4.13487
91600001 4.13571
91700001 4.13664
91800001 4.13776
91900001 4.13853
92000001 4.13934
92100001 4.1412
92200001 4.14231
92300001 4.14292
92400001 4.14315
92500001 4.14422
92600001 4.14521
92700001 4.14649
92800001 4.14711
92900001 4.14817
93000001 4.14903
93100001 4.14983
93200001 4.15069
93300001 4.15125
93400001 4.15243
93500001 4.15327
93600001 4.15416
93700001 4.1551
93800001 4.15597
93900001 4.15667
94000001 4.15791
94100001 4.15883
94200001 4.16034
94300001 4.16074
94400001 4.16182
94500001 4.16268
94600001 4.16341
94700001 4.16437
94800001 4.16526
94900001 4.16591
95000001 4.16671
95100001 4.16768
95200001 4.16857
95300001 4.16979
95400001 4.17173
95500001 4.17239
95600001 4.17297
95700001 4.17386
95800001 4.17428
95900001 4.17492
96000001 4.17631
96100001 4.1766
96200001 4.17727
96300001 4.17777
96400001 4.17936
96500001 4.18068
96600001 4.18157
96700001 4.18321
96800001 4.18354
96900001 4.18456
97000001 4.18563
97100001 4.18682
97200001 4.18731
97300001 4.18826
97400001 4.1893
97500001 4.18995
97600001 4.19105
97700001 4.19203
97800001 4.1929
97900001 4.19341
98000001 4.1944
98100001 4.19525
98200001 4.19603
98300001 4.19719
98400001 4.19792
98500001 4.19843
98600001 4.19979
98700001 4.20072
98800001 4.20173
98900001 4.20241
99000001 4.2033
99100001 4.20418
99200001 4.20537
99300001 4.20634
99400001 4.20752
99500001 4.20853
99600001 4.20943
99700001 4.20994
99800001 4.21025
99900001 4.21145
100000001 4.21265
100100001 4.21301
100200001 4.21403
100300001 4.21525
100400001 4.2156
100500001 4.21686
100600001 4.21788
100700001 4.21867
100800001 4.2197
100900001 4.22082
101000001 4.22153
101100001 4.22215
101200001 4.22308
101300001 4.22407
101400001 4.22471
101500001 4.22528
101600001 4.22698
101700001 4.22723
101800001 4.22837
101900001 4.22909
102000001 4.22979
102100001 4.23096
102200001 4.23174
102300001 4.23249
102400001 4.23383
102500001 4.23447
102600001 4.23553
102700001 4.23628
102800001 4.237
102900001 4.23836
103000001 4.2389
103100001 4.23947
103200001 4.24006
103300001 4.24101
103400001 4.24161
103500001 4.24222
103600001 4.24293
103700001 4.2439
103800001 4.24482
103900001 4.24549
104000001 4.24626
104100001 4.24985
104200001 4.2497
104300001 4.25029
104400001 4.25057
104500001 4.25115
104600001 4.25206
104700001 4.25246
104800001 4.25333
104900001 4.25422
105000001 4.25452
105100001 4.25745
105200001 4.25793
105300001 4.25776
105400001 4.25817
105500001 4.25939
105600001 4.25956
105700001 4.2605
105800001 4.26125
105900001 4.26233
106000001 4.26277
106100001 4.26369
106200001 4.26491
106300001 4.2661
106400001 4.26664
106500001 4.26782
106600001 4.2685
106700001 4.26904
106800001 4.27014
106900001 4.27053
107000001 4.27096
107100001 4.27166
107200001 4.27244
107300001 4.27351
107400001 4.27469
107500001 4.27542
107600001 4.27611
107700001 4.27663
107800001 4.27777
107900001 4.27824
108000001 4.27901
108100001 4.28006
108200001 4.28091
108300001 4.28149
108400001 4.28204
108500001 4.28293
108600001 4.28355
108700001 4.28435
108800001 4.28496
108900001 4.28643
109000001 4.287
109100001 4.28755
109200001 4.28862
109300001 4.29037
109400001 4.29058
109500001 4.2907
109600001 4.29179
109700001 4.29274
109800001 4.29333
109900001 4.29423
110000001 4.29506
110100001 4.29563
110200001 4.29627
110300001 4.29724
110400001 4.298
110500001 4.29878
110600001 4.29961
110700001 4.30045
110800001 4.30167
110900001 4.30254
111000001 4.30561
111100001 4.30546
111200001 4.30562
111300001 4.30642
111400001 4.30696
111500001 4.30736
111600001 4.30798
111700001 4.30857
111800001 4.30979
111900001 4.31055
112000001 4.31142
112100001 4.31212
112200001 4.313
112300001 4.3139
112400001 4.31441
112500001 4.31519
112600001 4.31593
112700001 4.31663
112800001 4.31747
112900001 4.31834
113000001 4.31892
113100001 4.32002
113200001 4.32105
113300001 4.32216
113400001 4.32238
113500001 4.32316
113600001 4.32399
113700001 4.32461
113800001 4.3257
113900001 4.3264
114000001 4.32699
114100001 4.32767
114200001 4.32847
114300001 4.3292
114400001 4.33019
114500001 4.33047
114600001 4.33157
114700001 4.33209
114800001 4.33326
114900001 4.33388
115000001 4.33456
115100001 4.33508
115200001 4.33579
115300001 4.3368
115400001 4.33716
115500001 4.33816
115600001 4.33887
115700001 4.33973
115800001 4.34049
115900001 4.34106
116000001 4.34169
116100001 4.34321
116200001 4.3441
116300001 4.34469
116400001 4.34488
116500001 4.34544
116600001 4.34681
116700001 4.3475
116800001 4.34811
116900001 4.34866
117000001 4.34971
117100001 4.35
117200001 4.35081
117300001 4.35211
117400001 4.35249
117500001 4.35304
117600001 4.35367
117700001 4.3542
117800001 4.35539
117900001 4.35563
118000001 4.35663
118100001 4.35748
118200001 4.35786
118300001 4.35877
118400001 4.35945
118500001 4.35988
118600001 4.36122
118700001 4.36174
118800001 4.36208
118900001 4.36335
119000001 4.36405
119100001 4.36469
119200001 4.36524
119300001 4.36615
119400001 4.36733
119500001 4.36748
119600001 4.36815
119700001 4.36906
119800001 4.36986
119900001 4.37067
120000001 4.37083
120100001 4.37144
120200001 4.37248
120300001 4.3735
120400001 4.37384
120500001 4.37382
120600001 4.37478
120700001 4.37597
120800001 4.37639
120900001 4.37728
121000001 4.3785
121100001 4.37851
121200001 4.37976
121300001 4.38028
121400001 4.38067
121500001 4.38179
121600001 4.38257
121700001 4.38325
121800001 4.38399
121900001 4.38474
122000001 4.38547
122100001 4.38622
122200001 4.38703
122300001 4.38764
122400001 4.38813
122500001 4.38883
122600001 4.38951
122700001 4.3908
122800001 4.39173
122900001 4.39226
123000001 4.3929
123100001 4.39378
123200001 4.3939
123300001 4.39475
123400001 4.39524
123500001 4.39604
123600001 4.39678
123700001 4.39725
123800001 4.39807
123900001 4.39888
124000001 4.40001
124100001 4.40035
124200001 4.40075
124300001 4.40162
124400001 4.40217
124500001 4.40252
124600001 4.40357
124700001 4.40384
124800001 4.40441
124900001 4.40501
125000001 4.40591
125100001 4.40821
125200001 4.40877
125300001 4.40886
125400001 4.40913
125500001 4.40945
125600001 4.41029
125700001 4.41139
125800001 4.41169
125900001 4.41285
126000001 4.41289
126100001 4.41388
126200001 4.41662
126300001 4.41641
126400001 4.41634
126500001 4.41635
126600001 4.41714
126700001 4.4181
126800001 4.41868
126900001 4.41904
127000001 4.4197
127100001 4.42102
127200001 4.42144
127300001 4.42197
127400001 4.42248
127500001 4.42338
127600001 4.42419
127700001 4.42467
127800001 4.42488
127900001 4.42599
128000001 4.42633
128100001 4.42691
128200001 4.42735
128300001 4.42818
128400001 4.42919
128500001 4.42957
128600001 4.43024
128700001 4.43076
128800001 4.43144
128900001 4.43237
129000001 4.43288
129100001 4.43319
129200001 4.43372
129300001 4.4347
129400001 4.43539
129500001 4.43613
129600001 4.43686
129700001 4.43768
129800001 4.43894
129900001 4.43933
130000001 4.4394
130100001 4.44023
130200001 4.44072
130300001 4.44125
130400001 4.44241
130500001 4.44283
130600001 4.44368
130700001 4.44452
130800001 4.44506
130900001 4.44557
131000001 4.44634
131100001 4.44697
131200001 4.44762
131300001 4.44848
131400001 4.44924
131500001 4.44966
131600001 4.45042
131700001 4.45134
131800001 4.45173
131900001 4.45241
132000001 4.45311
132100001 4.45424
132200001 4.4543
132300001 4.45533
132400001 4.45634
132500001 4.45668
132600001 4.45711
132700001 4.45769
132800001 4.45798
132900001 4.45851
133000001 4.45948
133100001 4.45983
133200001 4.46066
133300001 4.46199
133400001 4.46179
133500001 4.46234
133600001 4.46308
133700001 4.46362
133800001 4.46429
133900001 4.46539
134000001 4.46611
134100001 4.46655
134200001 4.46736
134300001 4.468
134400001 4.46881
134500001 4.46885
134600001 4.46955
134700001 4.47029
134800001 4.47081
134900001 4.47181
135000001 4.4727
135100001 4.47315
135200001 4.47347
135300001 4.47392
135400001 4.47468
135500001 4.47515
135600001 4.47632
135700001 4.47675
135800001 4.47753
135900001 4.47846
136000001 4.4789
136100001 4.47934
136200001 4.48007
136300001 4.48058
136400001 4.48113
136500001 4.48209
136600001 4.48313
136700001 4.48388
136800001 4.48437
136900001 4.48453
137000001 4.48548
137100001 4.48575
137200001 4.48629
137300001 4.48693
137400001 4.48795
137500001 4.48838
137600001 4.48883
137700001 4.48952
137800001 4.49029
137900001 4.49118
138000001 4.49126
138100001 4.49176
138200001 4.49214
138300001 4.49269
138400001 4.49335
138500001 4.49398
138600001 4.49494
138700001 4.4957
138800001 4.49613
138900001 4.49717
139000001 4.49766
139100001 4.49842
139200001 4.49911
139300001 4.49978
139400001 4.50046
139500001 4.5013
139600001 4.50194
139700001 4.50246
139800001 4.50238
139900001 4.50319
140000001 4.50321
140100001 4.50439
140200001 4.50503
140300001 4.50509
140400001 4.50589
140500001 4.50687
140600001 4.50756
140700001 4.50782
140800001 4.50842
140900001 4.51197
141000001 4.51148
141100001 4.51169
141200001 4.51243
141300001 4.51261
141400001 4.513
141500001 4.51334
141600001 4.51381
141700001 4.51481
141800001 4.51506
141900001 4.51641
142000001 4.5165
142100001 4.51718
142200001 4.51773
142300001 4.51795
142400001 4.51851
142500001 4.51935
142600001 4.51964
142700001 4.51998
142800001 4.52057
142900001 4.52084
143000001 4.52137
143100001 4.52207
143200001 4.52251
143300001 4.52279
143400001 4.52348
143500001 4.52437
143600001 4.52469
143700001 4.52536
143800001 4.52582
143900001 4.52644
144000001 4.52775
144100001 4.5282
144200001 4.52878
144300001 4.52966
144400001 4.52971
144500001 4.53022
144600001 4.53118
144700001 4.53156
144800001 4.53243
144900001 4.53255
145000001 4.5333
145100001 4.53413
145200001 4.53409
145300001 4.53468
145400001 4.53541
145500001 4.53596
145600001 4.53683
145700001 4.53755
145800001 4.53818
145900001 4.53876
146000001 4.53937
146100001 4.5399
146200001 4.54027
146300001 4.54068
146400001 4.54115
146500001 4.54201
146600001 4.54291
146700001 4.54322
146800001 4.54333
146900001 4.54413
147000001 4.54466
147100001 4.5452
147200001 4.54603
147300001 4.54648
147400001 4.54682
147500001 4.54756
147600001 4.54765
147700001 4.54848
147800001 4.54867
147900001 4.549
148000001 4.54974
148100001 4.5504
148200001 4.55099
148300001 4.55178
148400001 4.55199
148500001 4.55273
148600001 4.5531
148700001 4.55379
148800001 4.55462
148900001 4.55557
149000001 4.55571
149100001 4.55653
149200001 4.55689
149300001 4.55773
149400001 4.55808
149500001 4.55852
149600001 4.55917
149700001 4.55971
149800001 4.56045
149900001 4.56077
150000001 4.56181
150100001 4.56206
150200001 4.56289
150300001 4.56311
150400001 4.56376
150500001 4.5644
150600001 4.56493
150700001 4.56603
150800001 4.56642
150900001 4.56639
151000001 4.56695
151100001 4.56752
151200001 4.56797
151300001 4.56876
151400001 4.56956
151500001 4.57042
151600001 4.57093
151700001 4.57091
151800001 4.57266
151900001 4.57304
152000001 4.57312
152100001 4.57332
152200001 4.57441
152300001 4.57469
152400001 4.57508
152500001 4.57517
152600001 4.57589
152700001 4.57601
152800001 4.57667
152900001 4.57762
153000001 4.57828
153100001 4.57873
153200001 4.579
153300001 4.57919
153400001 4.57997
153500001 4.5802
153600001 4.58092
153700001 4.58129
153800001 4.58214
153900001 4.58291
154000001 4.58302
154100001 4.58386
154200001 4.58454
154300001 4.58474
154400001 4.58551
154500001 4.58633
154600001 4.5868
154700001 4.58729
154800001 4.58831
154900001 4.58863
155000001 4.58902
155100001 4.58984
155200001 4.58993
155300001 4.59038
155400001 4.59102
155500001 4.59135
155600001 4.59214
155700001 4.5924
155800001 4.59306
155900001 4.59372
156000001 4.59404
156100001 4.59477
156200001 4.59638
156300001 4.59675
156400001 4.59757
156500001 4.59786
156600001 4.59807
156700001 4.59899
156800001 4.59927
156900001 4.59948
157000001 4.60017
157100001 4.60063
157200001 4.60132
157300001 4.60191
157400001 4.6026
157500001 4.60302
157600001 4.60368
157700001 4.60443
157800001 4.60471
157900001 4.60596
158000001 4.60589
158100001 4.60645
158200001 4.60647
158300001 4.60713
158400001 4.60791
158500001 4.60825
158600001 4.60891
158700001 4.60959
158800001 4.61015
158900001 4.6103
159000001 4.61068
159100001 4.61121
159200001 4.61155
159300001 4.61236
159400001 4.61292
159500001 4.61361
159600001 4.61449
159700001 4.61424
159800001 4.61471
159900001 4.61567
160000001 4.61644
160100001 4.61752
160200001 4.61812
160300001 4.6182
160400001 4.61854
160500001 4.61927
160600001 4.61931
160700001 4.62001
160800001 4.62037
160900001 4.6209
161000001 4.62149
161100001 4.62182
161200001 4.62322
161300001 4.62298
161400001 4.6233
161500001 4.62398
161600001 4.62455
161700001 4.62504
161800001 4.62523
161900001 4.62591
162000001 4.62665
162100001 4.62663
162200001 4.62772
162300001 4.6281
162400001 4.62899
162500001 4.62947
162600001 4.63017
162700001 4.63056
162800001 4.63117
162900001 4.63217
163000001 4.63273
163100001 4.63319
163200001 4.63399
163300001 4.63405
163400001 4.63453
163500001 4.63508
163600001 4.63597
163700001 4.63614
163800001 4.63668
163900001 4.63703
164000001 4.63754
164100001 4.63814
164200001 4.63863
164300001 4.63919
164400001 4.63955
164500001 4.63999
164600001 4.63993
164700001 4.64084
164800001 4.64122
164900001 4.64135
165000001 4.64198
165100001 4.64217
165200001 4.64287
165300001 4.64313
165400001 4.64382
165500001 4.64445
165600001 4.64512
165700001 4.64602
165800001 4.646
165900001 4.64622
166000001 4.64712
166100001 4.64762
166200001 4.64794
166300001 4.64903
166400001 4.64911
166500001 4.64939
166600001 4.65006
166700001 4.6505
166800001 4.65076
166900001 4.65142
167000001 4.65154
167100001 4.65195
167200001 4.65322
167300001 4.65351
167400001 4.65432
167500001 4.65462
167600001 4.65538
167700001 4.65518
167800001 4.65557
167900001 4.65663
168000001 4.65753
168100001 4.65766
168200001 4.65842
168300001 4.65867
168400001 4.65965
168500001 4.65948
168600001 4.66011
168700001 4.66059
168800001 4.66126
168900001 4.66169
169000001 4.66206
169100001 4.66304
169200001 4.66339
169300001 4.66356
169400001 4.6639
169500001 4.66387
169600001 4.66466
169700001 4.66496
169800001 4.66576
169900001 4.66729
170000001 4.66685
170100001 4.66719
170200001 4.66764
170300001 4.66789
170400001 4.66834
170500001 4.66921
170600001 4.66994
170700001 4.67014
170800001 4.67088
170900001 4.67134
171000001 4.67209
171100001 4.67228
171200001 4.67313
171300001 4.67315
171400001 4.67358
171500001 4.6741
171600001 4.67458
171700001 4.67508
171800001 4.67552
171900001 4.67614
172000001 4.67679
172100001 4.67712
172200001 4.67721
172300001 4.67796
172400001 4.67854
172500001 4.6796
172600001 4.68002
172700001 4.68026
172800001 4.68078
172900001 4.68155
173000001 4.68466
173100001 4.684
173200001 4.68385
173300001 4.68371
173400001 4.68481
173500001 4.68446
173600001 4.68462
173700001 4.68523
173800001 4.68553
173900001 4.68602
174000001 4.68697
174100001 4.68716
174200001 4.6872
174300001 4.68806
174400001 4.68837
174500001 4.68877
174600001 4.68982
174700001 4.68976
174800001 4.6922
174900001 4.69139
175000001 4.69164
175100001 4.69146
175200001 4.69195
175300001 4.69211
175400001 4.69312
175500001 4.69348
175600001 4.69363
175700001 4.69351
175800001 4.69417
175900001 4.69465
176000001 4.69519
176100001 4.69577
176200001 4.69624
176300001 4.69673
176400001 4.6978
176500001 4.69795
176600001 4.69811
176700001 4.69902
176800001 4.6987
176900001 4.6993
177000001 4.70004
177100001 4.7
177200001 4.70064
177300001 4.70116
177400001 4.70141
177500001 4.70221
177600001 4.70271
177700001 4.70275
177800001 4.70316
177900001 4.70414
178000001 4.70429
178100001 4.70471
178200001 4.7049
178300001 4.70548
178400001 4.7063
178500001 4.70663
178600001 4.70718
178700001 4.70768
178800001 4.7083
178900001 4.70854
179000001 4.70913
179100001 4.70974
179200001 4.71052
179300001 4.71033
179400001 4.71113
179500001 4.71188
179600001 4.71243
179700001 4.7131
179800001 4.71357
179900001 4.71418
180000001 4.71493
180100001 4.71529
180200001 4.71518
180300001 4.71551
180400001 4.71599
180500001 4.71676
180600001 4.71693
180700001 4.71722
180800001 4.71787
180900001 4.71757
181000001 4.71873
181100001 4.7187
181200001 4.71993
181300001 4.72015
181400001 4.72082
181500001 4.7216
181600001 4.7218
181700001 4.72203
181800001 4.72244
181900001 4.72287
182000001 4.72374
182100001 4.72396
182200001 4.72458
182300001 4.72486
182400001 4.72537
182500001 4.72569
182600001 4.72636
182700001 4.72687
182800001 4.72723
182900001 4.72765
183000001 4.72807
183100001 4.7285
183200001 4.72858
183300001 4.72912
183400001 4.72992
183500001 4.73022
183600001 4.7308
183700001 4.7313
183800001 4.7317
183900001 4.73228
184000001 4.73263
184100001 4.73313
184200001 4.73362
184300001 4.73438
184400001 4.73465
184500001 4.73506
184600001 4.73542
184700001 4.73589
184800001 4.73639
184900001 4.73678
185000001 4.73734
185100001 4.73739
185200001 4.73782
185300001 4.73799
185400001 4.73885
185500001 4.73887
185600001 4.73988
185700001 4.74041
185800001 4.74059
185900001 4.7407
186000001 4.74121
186100001 4.74106
186200001 4.74199
186300001 4.74234
186400001 4.74302
186500001 4.74346
186600001 4.74407
186700001 4.74458
186800001 4.74538
186900001 4.7457
187000001 4.74569
187100001 4.74637
187200001 4.74699
187300001 4.74673
187400001 4.74789
187500001 4.74874
187600001 4.74872
187700001 4.74877
187800001 4.74953
187900001 4.74945
188000001 4.75007
188100001 4.7506
188200001 4.7511
188300001 4.75158
188400001 4.75207
188500001 4.75244
188600001 4.753
188700001 4.75376
188800001 4.75399
188900001 4.75434
189000001 4.75503
189100001 4.75485
189200001 4.75529
189300001 4.75582
189400001 4.75598
189500001 4.75661
189600001 4.75733
189700001 4.75755
189800001 4.75809
189900001 4.75869
190000001 4.75875
190100001 4.75953
190200001 4.75975
190300001 4.76029
190400001 4.76122
190500001 4.7613
190600001 4.76172
190700001 4.76285
190800001 4.76279
190900001 4.76274
191000001 4.76312
191100001 4.7638
191200001 4.76415
191300001 4.76455
191400001 4.7652
191500001 4.76552
191600001 4.76599
191700001 4.76668
191800001 4.77201
191900001 4.77114
192000001 4.7705
192100001 4.7704
192200001 4.77023
192300001 4.76999
192400001 4.76989
192500001 4.77015
192600001 4.7707
192700001 4.77125
192800001 4.77112
192900001 4.77139
193000001 4.77216
193100001 4.7725
193200001 4.77293
193300001 4.77306
193400001 4.77313
193500001 4.77396
193600001 4.77443
193700001 4.77452
193800001 4.77497
193900001 4.77539
194000001 4.7755
194100001 4.77615
194200001 4.77704
194300001 4.77719
194400001 4.77755
194500001 4.77833
194600001 4.77859
194700001 4.77909
194800001 4.7794
194900001 4.78002
195000001 4.78008
195100001 4.78064
195200001 4.78088
195300001 4.78167
195400001 4.78209
195500001 4.78171
195600001 4.7827
195700001 4.78269
195800001 4.78307
195900001 4.78371
196000001 4.78542
196100001 4.7852
196200001 4.78559
196300001 4.78587
196400001 4.78613
196500001 4.78685
196600001 4.78721
196700001 4.78773
196800001 4.78802
196900001 4.78847
197000001 4.7895
197100001 4.78943
197200001 4.78953
197300001 4.78997
197400001 4.79061
197500001 4.79074
197600001 4.79092
197700001 4.79134
197800001 4.79192
197900001 4.79218
198000001 4.79315
198100001 4.79383
198200001 4.79428
198300001 4.79482
198400001 4.79476
198500001 4.79524
198600001 4.79582
198700001 4.79571
198800001 4.79598
198900001 4.7962
199000001 4.79673
199100001 4.79685
199200001 4.79752
199300001 4.79784
199400001 4.79824
199500001 4.7991
199600001 4.7993
199700001 4.79994
199800001 4.80054
199900001 4.80082
