1 2676.4
10001 187.717
20001 104.83
30001 66.9496
40001 46.0672
50001 33.5603
60001 25.6969
70001 20.1061
80001 16.4675
90001 13.6945
100001 11.6416
110001 10.1633
120001 8.93898
130001 8.0212
140001 7.27817
150001 6.69258
160001 6.18625
170001 5.7342
180001 5.38957
190001 5.09927
200001 4.81629
210001 4.62532
220001 4.445
230001 4.26453
240001 4.11381
250001 3.9665
260001 3.86035
270001 3.75621
280001 3.67231
290001 3.58464
300001 3.51582
310001 3.45084
320001 3.38536
330001 3.33963
340001 3.30414
350001 3.24967
360001 3.19409
370001 3.19181
380001 3.13707
390001 3.11035
400001 3.08648
410001 3.05794
420001 3.0232
430001 3.03261
440001 3.01314
450001 3.00737
460001 2.97767
470001 2.96871
480001 2.95826
490001 2.95066
500001 2.91461
510001 2.91471
520001 2.91437
530001 2.89361
540001 2.90125
550001 2.88279
560001 2.8757
570001 2.85852
580001 2.85457
590001 2.85614
600001 2.86881
610001 2.89407
620001 2.86514
630001 2.8247
640001 2.82917
650001 2.84231
660001 2.83507
670001 2.81408
680001 2.82478
690001 2.81483
700001 2.81745
710001 2.82727
720001 2.79843
730001 2.80971
740001 2.82995
750001 2.81124
760001 2.79406
770001 2.79939
780001 2.80705
790001 2.81251
800001 2.80381
810001 2.81149
820001 2.80192
830001 2.80511
840001 2.80558
850001 2.7722
860001 2.81245
870001 2.78356
880001 2.79588
890001 2.78806
900001 2.77952
910001 2.79339
920001 2.7778
930001 2.80527
940001 2.76988
950001 2.77663
960001 2.78934
970001 2.80785
980001 2.77248
990001 2.77874
1000001 2.77468
1010001 2.77709
1020001 2.78654
1030001 2.78627
1040001 2.78851
1050001 2.7789
1060001 2.77582
1070001 2.78652
1080001 2.77054
1090001 2.78175
1100001 2.77217
1110001 2.80845
1120001 2.76321
1130001 2.78075
1140001 2.78316
1150001 2.78369
1160001 2.79582
1170001 2.79048
1180001 2.77966
1190001 2.77572
1200001 2.77518
1210001 2.7806
1220001 2.78203
1230001 2.76406
1240001 2.78731
1250001 2.78621
1260001 2.78916
1270001 2.78393
1280001 2.77326
1290001 2.77988
1300001 2.78381
1310001 2.80162
1320001 2.76509
1330001 2.77207
1340001 2.77835
1350001 2.7739
1360001 2.77433
1370001 2.78204
1380001 2.77285
1390001 2.77807
1400001 2.78107
1410001 2.78201
1420001 2.7685
1430001 2.78679
1440001 2.786
1450001 2.77261
1460001 2.77891
1470001 2.76642
1480001 2.7886
1490001 2.79029
1500001 2.78037
1510001 2.77557
1520001 2.77424
1530001 2.76404
1540001 2.76732
1550001 2.79237
1560001 2.76669
1570001 2.76622
1580001 2.79976
1590001 2.79109
1600001 2.76505
1610001 2.78011
1620001 2.77962
1630001 2.77267
1640001 2.77252
1650001 2.77693
1660001 2.78074
1670001 2.76643
1680001 2.78531
1690001 2.77949
1700001 2.77352
1710001 2.75899
1720001 2.77886
1730001 2.76887
1740001 2.77325
1750001 2.76604
1760001 2.76824
1770001 2.76137
1780001 2.76545
1790001 2.76639
1800001 2.75676
1810001 2.79848
1820001 2.78395
1830001 2.77534
1840001 2.77425
1850001 2.77361
1860001 2.77576
1870001 2.76205
1880001 2.76649
1890001 2.7834
1900001 2.78628
1910001 2.7724
1920001 2.78986
1930001 2.79889
1940001 2.75986
1950001 2.76815
1960001 2.75859
1970001 2.76413
1980001 2.78056
1990001 2.7774
2000001 2.75984
2010001 2.7673
2020001 2.77945
2030001 2.77763
2040001 2.7729
2050001 2.77186
2060001 2.75719
2070001 2.76858
2080001 2.77212
2090001 2.76922
2100001 2.75324
2110001 2.76337
2120001 2.76284
2130001 2.76625
2140001 2.77264
2150001 2.7689
2160001 2.77413
2170001 2.7808
2180001 2.78381
2190001 2.76238
2200001 2.79108
2210001 2.7681
2220001 2.78729
2230001 2.78697
2240001 2.76987
2250001 2.77931
2260001 2.7664
2270001 2.7856
2280001 2.78737
2290001 2.78908
2300001 2.77264
2310001 2.74971
2320001 2.77655
2330001 2.7572
2340001 2.79797
2350001 2.77961
2360001 2.78482
2370001 2.79649
2380001 2.78467
2390001 2.7787
2400001 2.78152
2410001 2.77199
2420001 2.77366
2430001 2.78401
2440001 2.77222
2450001 2.76096
2460001 2.76934
2470001 2.77306
2480001 2.76597
2490001 2.76946
2500001 2.76208
2510001 2.78322
2520001 2.77204
2530001 2.77172
2540001 2.75414
2550001 2.78369
2560001 2.78533
2570001 2.77917
2580001 2.76364
2590001 2.75843
2600001 2.75379
2610001 2.76655
2620001 2.78348
2630001 2.77591
2640001 2.77764
2650001 2.75251
2660001 2.77352
2670001 2.75581
2680001 2.78416
2690001 2.7751
2700001 2.76242
2710001 2.75401
2720001 2.75643
2730001 2.75355
2740001 2.79385
2750001 2.78166
2760001 2.78903
2770001 2.78247
2780001 2.77215
2790001 2.7735
2800001 2.79012
2810001 2.79145
2820001 2.7735
2830001 2.78269
2840001 2.79224
2850001 2.7607
2860001 2.78235
2870001 2.77532
2880001 2.77245
2890001 2.76635
2900001 2.77343
2910001 2.82591
2920001 2.78694
2930001 2.77848
2940001 2.78746
2950001 2.78246
2960001 2.76977
2970001 2.77866
2980001 2.76686
2990001 2.76085
3000001 2.76243
3010001 2.79098
3020001 2.78959
3030001 2.77146
3040001 2.76393
3050001 2.77995
3060001 2.78739
3070001 2.76368
3080001 2.7827
3090001 2.76596
3100001 2.75747
3110001 2.77259
3120001 2.77812
3130001 2.77606
3140001 2.77016
3150001 2.75593
3160001 2.76813
3170001 2.78093
3180001 2.76807
3190001 2.7686
3200001 2.7741
3210001 2.77188
3220001 2.77328
3230001 2.77063
3240001 2.78799
3250001 2.77507
3260001 2.78126
3270001 2.77651
3280001 2.77308
3290001 2.77595
3300001 2.77067
3310001 2.76809
3320001 2.77485
3330001 2.78104
3340001 2.7846
3350001 2.78085
3360001 2.77122
3370001 2.76653
3380001 2.76896
3390001 2.77849
3400001 2.78612
3410001 2.76988
3420001 2.78479
3430001 2.75924
3440001 2.77009
3450001 2.76611
3460001 2.78737
3470001 2.7645
3480001 2.77119
3490001 2.77152
3500001 2.77878
3510001 2.77999
3520001 2.76812
3530001 2.75353
3540001 2.75407
3550001 2.75706
3560001 2.77726
3570001 2.77122
3580001 2.76409
3590001 2.76825
3600001 2.76234
3610001 2.78182
3620001 2.77182
3630001 2.76891
3640001 2.78638
3650001 2.76999
3660001 2.7682
3670001 2.77533
3680001 2.76658
3690001 2.7678
3700001 2.77857
3710001 2.78107
3720001 2.77035
3730001 2.79185
3740001 2.76402
3750001 2.77851
3760001 2.77272
3770001 2.78531
3780001 2.77491
3790001 2.7826
3800001 2.76764
3810001 2.78307
3820001 2.79189
3830001 2.77974
3840001 2.79165
3850001 2.77283
3860001 2.76844
3870001 2.77766
3880001 2.7607
3890001 2.76238
3900001 2.78209
3910001 2.75827
3920001 2.78054
3930001 2.77953
3940001 2.76095
3950001 2.76938
3960001 2.78598
3970001 2.7752
3980001 2.77635
3990001 2.76813
4000001 2.76127
4010001 2.78741
4020001 2.76739
4030001 2.77975
4040001 2.76993
4050001 2.76407
4060001 2.77954
4070001 2.77328
4080001 2.7785
4090001 2.76278
4100001 2.77187
4110001 2.77934
4120001 2.77595
4130001 2.76429
4140001 2.76795
4150001 2.76792
4160001 2.77821
4170001 2.77435
4180001 2.77347
4190001 2.76637
4200001 2.78356
4210001 2.77132
4220001 2.78147
4230001 2.76171
4240001 2.77525
4250001 2.77358
4260001 2.7621
4270001 2.76743
4280001 2.79186
4290001 2.81011
4300001 2.76916
4310001 2.78574
4320001 2.78051
4330001 2.77743
4340001 2.7566
4350001 2.78056
4360001 2.81227
4370001 2.7835
4380001 2.78315
4390001 2.76639
4400001 2.7764
4410001 2.77999
4420001 2.74542
4430001 2.77371
4440001 2.77031
4450001 2.76199
4460001 2.75211
4470001 2.76204
4480001 2.76867
4490001 2.77236
4500001 2.79113
4510001 2.77782
4520001 2.74893
4530001 2.75768
4540001 2.76236
4550001 2.78829
4560001 2.7659
4570001 2.76543
4580001 2.77383
4590001 2.77152
4600001 2.76037
4610001 2.79239
4620001 2.78954
4630001 2.77172
4640001 2.77216
4650001 2.78149
4660001 2.77465
4670001 2.78495
4680001 2.77068
4690001 2.77802
4700001 2.74717
4710001 2.77238
4720001 2.76433
4730001 2.77245
4740001 2.78339
4750001 2.78209
4760001 2.77928
4770001 2.77531
4780001 2.76925
4790001 2.78124
4800001 2.76338
4810001 2.78936
4820001 2.78309
4830001 2.78216
4840001 2.7924
4850001 2.78402
4860001 2.77211
4870001 2.77208
4880001 2.78005
4890001 2.76088
4900001 2.76173
4910001 2.75314
4920001 2.76
4930001 2.77434
4940001 2.76457
4950001 2.78285
4960001 2.78137
4970001 2.76788
4980001 2.76785
4990001 2.77056
5000001 2.78276
5010001 2.77512
5020001 2.76632
5030001 2.77195
5040001 2.77842
5050001 2.7624
5060001 2.77331
5070001 2.78156
5080001 2.76502
5090001 2.77174
5100001 2.7656
5110001 2.78213
5120001 2.77299
5130001 2.78736
5140001 2.77074
5150001 2.78094
5160001 2.7705
5170001 2.77077
5180001 2.78005
5190001 2.75678
5200001 2.77382
5210001 2.77653
5220001 2.79185
5230001 2.78048
5240001 2.77179
5250001 2.77784
5260001 2.76695
5270001 2.77072
5280001 2.77586
5290001 2.77321
5300001 2.77918
5310001 2.76258
5320001 2.78335
5330001 2.77119
5340001 2.77906
5350001 2.77896
5360001 2.77636
5370001 2.76652
5380001 2.76226
5390001 2.76196
5400001 2.77127
5410001 2.76175
5420001 2.77157
5430001 2.77189
5440001 2.77535
5450001 2.77963
5460001 2.7682
5470001 2.77033
5480001 2.76333
5490001 2.76784
5500001 2.78048
5510001 2.76743
5520001 2.76762
5530001 2.77716
5540001 2.75283
5550001 2.77894
5560001 2.76513
5570001 2.75632
5580001 2.77031
5590001 2.76864
5600001 2.77788
5610001 2.782
5620001 2.76472
5630001 2.75818
5640001 2.77145
5650001 2.7657
5660001 2.76038
5670001 2.7675
5680001 2.77841
5690001 2.77135
5700001 2.77509
5710001 2.76866
5720001 2.77724
5730001 2.78047
5740001 2.76477
5750001 2.78075
5760001 2.77524
5770001 2.78451
5780001 2.76697
5790001 2.78359
5800001 2.76234
5810001 2.78892
5820001 2.75904
5830001 2.76503
5840001 2.77523
5850001 2.77893
5860001 2.78596
5870001 2.78766
5880001 2.78316
5890001 2.76378
5900001 2.78027
5910001 2.77623
5920001 2.76429
5930001 2.78233
5940001 2.77741
5950001 2.77857
5960001 2.7455
5970001 2.76948
5980001 2.76312
5990001 2.7841
6000001 2.77622
6010001 2.75688
6020001 2.77648
6030001 2.77389
6040001 2.76975
6050001 2.79406
6060001 2.78339
6070001 2.797
6080001 2.78753
6090001 2.77144
6100001 2.7787
6110001 2.7791
6120001 2.76936
6130001 2.76788
6140001 2.7717
6150001 2.77564
6160001 2.78813
6170001 2.77004
6180001 2.77233
6190001 2.76992
6200001 2.79473
6210001 2.79816
6220001 2.77511
6230001 2.76826
6240001 2.79049
6250001 2.788
6260001 2.77027
6270001 2.76745
6280001 2.75318
6290001 2.78637
6300001 2.77172
6310001 2.77302
6320001 2.77524
6330001 2.76728
6340001 2.78379
6350001 2.77077
6360001 2.7734
6370001 2.76703
6380001 2.79326
6390001 2.77906
6400001 2.78994
6410001 2.7617
6420001 2.76504
6430001 2.78121
6440001 2.78634
6450001 2.76604
6460001 2.76677
6470001 2.77074
6480001 2.77072
6490001 2.78465
6500001 2.78055
6510001 2.76573
6520001 2.76379
6530001 2.7681
6540001 2.77342
6550001 2.75891
6560001 2.79149
6570001 2.7835
6580001 2.76975
6590001 2.77252
6600001 2.77095
6610001 2.77225
6620001 2.78162
6630001 2.76492
6640001 2.78804
6650001 2.79341
6660001 2.77843
6670001 2.78373
6680001 2.76985
6690001 2.75721
6700001 2.76819
6710001 2.77227
6720001 2.75284
6730001 2.77681
6740001 2.76207
6750001 2.77702
6760001 2.7613
6770001 2.78864
6780001 2.78894
6790001 2.75959
6800001 2.78486
6810001 2.76544
6820001 2.77675
6830001 2.77177
6840001 2.7664
6850001 2.75662
6860001 2.75598
6870001 2.77038
6880001 2.77025
6890001 2.7602
6900001 2.78167
6910001 2.78153
6920001 2.76203
6930001 2.77792
6940001 2.77821
6950001 2.77298
6960001 2.78166
6970001 2.78741
6980001 2.7808
6990001 2.76944
7000001 2.75581
7010001 2.76627
7020001 2.76717
7030001 2.76661
7040001 2.77223
7050001 2.7755
7060001 2.77532
7070001 2.78042
7080001 2.76925
7090001 2.76131
7100001 2.76359
7110001 2.76558
7120001 2.77668
7130001 2.78743
7140001 2.77183
7150001 2.75782
7160001 2.75822
7170001 2.76223
7180001 2.76727
7190001 2.76469
7200001 2.75294
7210001 2.77425
7220001 2.76262
7230001 2.76714
7240001 2.77476
7250001 2.7737
7260001 2.76514
7270001 2.76163
7280001 2.79458
7290001 2.76968
7300001 2.77879
7310001 2.7735
7320001 2.77737
7330001 2.78332
7340001 2.78171
7350001 2.77075
7360001 2.78357
7370001 2.78057
7380001 2.7767
7390001 2.78282
7400001 2.76413
7410001 2.7837
7420001 2.75497
7430001 2.76599
7440001 2.74905
7450001 2.77477
7460001 2.745
7470001 2.77312
7480001 2.76483
7490001 2.77979
7500001 2.77442
7510001 2.78758
7520001 2.77681
7530001 2.76677
7540001 2.75514
7550001 2.75813
7560001 2.77412
7570001 2.78823
7580001 2.77959
7590001 2.78069
7600001 2.77958
7610001 2.77944
7620001 2.77112
7630001 2.78701
7640001 2.78143
7650001 2.76773
7660001 2.76408
7670001 2.7672
7680001 2.77434
7690001 2.76513
7700001 2.78363
7710001 2.80673
7720001 2.77987
7730001 2.77982
7740001 2.78233
7750001 2.77756
7760001 2.76858
7770001 2.78078
7780001 2.7808
7790001 2.77756
7800001 2.77786
7810001 2.75707
7820001 2.76843
7830001 2.76588
7840001 2.77995
7850001 2.76156
7860001 2.77025
7870001 2.77071
7880001 2.74936
7890001 2.77853
7900001 2.7743
7910001 2.7701
7920001 2.77129
7930001 2.76705
7940001 2.7713
7950001 2.75327
7960001 2.76957
7970001 2.78276
7980001 2.76559
7990001 2.76648
8000001 2.75881
8010001 2.78125
8020001 2.77751
8030001 2.74716
8040001 2.7721
8050001 2.77063
8060001 2.7524
8070001 2.77975
8080001 2.76589
8090001 2.76924
8100001 2.77161
8110001 2.76784
8120001 2.77611
8130001 2.78892
8140001 2.77272
8150001 2.77529
8160001 2.77392
8170001 2.79784
8180001 2.76599
8190001 2.76856
8200001 2.78375
8210001 2.77103
8220001 2.78136
8230001 2.78495
8240001 2.76927
8250001 2.78183
8260001 2.77105
8270001 2.77271
8280001 2.78307
8290001 2.76751
8300001 2.78664
8310001 2.76681
8320001 2.7652
8330001 2.76018
8340001 2.76539
8350001 2.77137
8360001 2.7707
8370001 2.77079
8380001 2.77597
8390001 2.77752
8400001 2.78462
8410001 2.75585
8420001 2.76719
8430001 2.75571
8440001 2.77221
8450001 2.77385
8460001 2.77291
8470001 2.78239
8480001 2.76817
8490001 2.76147
8500001 2.75249
8510001 2.77118
8520001 2.79022
8530001 2.76441
8540001 2.79423
8550001 2.78922
8560001 2.78934
8570001 2.76992
8580001 2.78373
8590001 2.77646
8600001 2.77366
8610001 2.76469
8620001 2.76213
8630001 2.78337
8640001 2.78404
8650001 2.77114
8660001 2.77174
8670001 2.75496
8680001 2.772
8690001 2.76994
8700001 2.7583
8710001 2.77689
8720001 2.76465
8730001 2.773
8740001 2.77143
8750001 2.75979
8760001 2.78314
8770001 2.77949
8780001 2.77275
8790001 2.75235
8800001 2.76821
8810001 2.77912
8820001 2.7729
8830001 2.75951
8840001 2.8033
8850001 2.77393
8860001 2.77509
8870001 2.78561
8880001 2.78214
8890001 2.7892
8900001 2.7719
8910001 2.79165
8920001 2.76869
8930001 2.76102
8940001 2.77935
8950001 2.77732
8960001 2.77303
8970001 2.77126
8980001 2.77487
8990001 2.77338
9000001 2.77561
9010001 2.77885
9020001 2.76865
9030001 2.76817
9040001 2.76055
9050001 2.77432
9060001 2.76132
9070001 2.76468
9080001 2.77506
9090001 2.75935
9100001 2.76296
9110001 2.77773
9120001 2.77768
9130001 2.78576
9140001 2.77647
9150001 2.78003
9160001 2.78476
9170001 2.75768
9180001 2.767
9190001 2.77595
9200001 2.78161
9210001 2.77429
9220001 2.77834
9230001 2.7533
9240001 2.8118
9250001 2.79595
9260001 2.78408
9270001 2.78036
9280001 2.77387
9290001 2.7723
9300001 2.75798
9310001 2.76887
9320001 2.78543
9330001 2.77905
9340001 2.75213
9350001 2.7641
9360001 2.78603
9370001 2.76523
9380001 2.78044
9390001 2.76956
9400001 2.75367
9410001 2.79031
9420001 2.76317
9430001 2.78003
9440001 2.78796
9450001 2.75188
9460001 2.76409
9470001 2.78096
9480001 2.78211
9490001 2.7718
9500001 2.78177
9510001 2.79524
9520001 2.78756
9530001 2.7735
9540001 2.78266
9550001 2.7752
9560001 2.75744
9570001 2.76981
9580001 2.77647
9590001 2.77729
9600001 2.7661
9610001 2.75642
9620001 2.78194
9630001 2.76144
9640001 2.77612
9650001 2.7675
9660001 2.78267
9670001 2.77917
9680001 2.77607
9690001 2.76655
9700001 2.76297
9710001 2.77617
9720001 2.76017
9730001 2.76187
9740001 2.75705
9750001 2.76483
9760001 2.75915
9770001 2.77434
9780001 2.77319
9790001 2.78473
9800001 2.77409
9810001 2.77737
9820001 2.78055
9830001 2.76886
9840001 2.76436
9850001 2.77967
9860001 2.78192
9870001 2.75834
9880001 2.77979
9890001 2.77907
9900001 2.77252
9910001 2.77039
9920001 2.78866
9930001 2.77415
9940001 2.77056
9950001 2.76048
9960001 2.78689
9970001 2.7659
9980001 2.77524
9990001 2.76807
10000001 2.77426
10010001 2.77427
10020001 2.7655
10030001 2.77323
10040001 2.77348
10050001 2.77042
10060001 2.76267
10070001 2.76827
10080001 2.77818
10090001 2.7758
10100001 2.7767
10110001 2.77234
10120001 2.75413
10130001 2.76372
10140001 2.7836
10150001 2.75864
10160001 2.7589
10170001 2.77322
10180001 2.79458
10190001 2.77535
10200001 2.7639
10210001 2.77976
10220001 2.76946
10230001 2.77657
10240001 2.77984
10250001 2.77233
10260001 2.76556
10270001 2.76053
10280001 2.77906
10290001 2.78621
10300001 2.75812
10310001 2.78232
10320001 2.77562
10330001 2.7862
10340001 2.76647
10350001 2.77564
10360001 2.76814
10370001 2.76705
10380001 2.79731
10390001 2.76747
10400001 2.76199
10410001 2.77515
10420001 2.76361
10430001 2.76373
10440001 2.77783
10450001 2.7627
10460001 2.76915
10470001 2.78027
10480001 2.77354
10490001 2.78287
10500001 2.76003
10510001 2.7544
10520001 2.77971
10530001 2.76297
10540001 2.76794
10550001 2.76292
10560001 2.75411
10570001 2.75295
10580001 2.76756
10590001 2.76654
10600001 2.76372
10610001 2.77663
10620001 2.7624
10630001 2.78959
10640001 2.78084
10650001 2.7769
10660001 2.76977
10670001 2.75913
10680001 2.76397
10690001 2.75667
10700001 2.76258
10710001 2.77975
10720001 2.76915
10730001 2.76572
10740001 2.76679
10750001 2.76822
10760001 2.76847
10770001 2.78094
10780001 2.76662
10790001 2.78358
10800001 2.7588
10810001 2.76502
10820001 2.7655
10830001 2.77051
10840001 2.78112
10850001 2.76815
10860001 2.76069
10870001 2.77695
10880001 2.76535
10890001 2.77064
10900001 2.78459
10910001 2.77408
10920001 2.7701
10930001 2.75618
10940001 2.77173
10950001 2.7696
10960001 2.76765
10970001 2.77423
10980001 2.7728
10990001 2.77956
11000001 2.76245
11010001 2.7549
11020001 2.76432
11030001 2.78178
11040001 2.7657
11050001 2.76446
11060001 2.7668
11070001 2.7644
11080001 2.77456
11090001 2.77976
11100001 2.77784
11110001 2.75898
11120001 2.76485
11130001 2.76481
11140001 2.77754
11150001 2.80803
11160001 2.75818
11170001 2.76931
11180001 2.75413
11190001 2.76924
11200001 2.75759
11210001 2.76526
11220001 2.77386
11230001 2.76364
11240001 2.76423
11250001 2.77427
11260001 2.78255
11270001 2.76862
11280001 2.76461
11290001 2.75602
11300001 2.76522
11310001 2.74893
11320001 2.79798
11330001 2.77063
11340001 2.77233
11350001 2.76777
11360001 2.77018
11370001 2.77652
11380001 2.78576
11390001 2.75882
11400001 2.7729
11410001 2.75542
11420001 2.78945
11430001 2.76781
11440001 2.76386
11450001 2.77228
11460001 2.7699
11470001 2.77232
11480001 2.77942
11490001 2.77062
11500001 2.75946
11510001 2.7756
11520001 2.76351
11530001 2.76579
11540001 2.77318
11550001 2.77061
11560001 2.78433
11570001 2.75713
11580001 2.76889
11590001 2.77782
11600001 2.78345
11610001 2.7741
11620001 2.75809
11630001 2.75725
11640001 2.76773
11650001 2.77876
11660001 2.76384
11670001 2.76664
11680001 2.78138
11690001 2.76096
11700001 2.77274
11710001 2.76606
11720001 2.76775
11730001 2.76391
11740001 2.77082
11750001 2.75821
11760001 2.76427
11770001 2.76587
11780001 2.76284
11790001 2.7642
11800001 2.78695
11810001 2.74037
11820001 2.77583
11830001 2.77483
11840001 2.77194
11850001 2.77901
11860001 2.76113
11870001 2.77736
11880001 2.7489
11890001 2.76958
11900001 2.77946
11910001 2.75901
11920001 2.78257
11930001 2.76562
11940001 2.77093
11950001 2.77781
11960001 2.78778
11970001 2.77968
11980001 2.7743
11990001 2.79165
12000001 2.77174
12010001 2.77437
12020001 2.76767
12030001 2.78293
12040001 2.77383
12050001 2.78233
12060001 2.77375
12070001 2.75977
12080001 2.77374
12090001 2.77627
12100001 2.76256
12110001 2.76421
12120001 2.77367
12130001 2.78276
12140001 2.77361
12150001 2.78095
12160001 2.79199
12170001 2.78189
12180001 2.76036
12190001 2.75852
12200001 2.77807
12210001 2.77648
12220001 2.78558
12230001 2.75626
12240001 2.76237
12250001 2.77106
12260001 2.75064
12270001 2.78376
12280001 2.78224
12290001 2.76974
12300001 2.75145
12310001 2.76304
12320001 2.76266
12330001 2.7811
12340001 2.76818
12350001 2.77971
12360001 2.78602
12370001 2.75722
12380001 2.77882
12390001 2.76781
12400001 2.78163
12410001 2.76603
12420001 2.7622
12430001 2.79071
12440001 2.79227
12450001 2.75317
12460001 2.76698
12470001 2.7985
12480001 2.76586
12490001 2.77559
12500001 2.78763
12510001 2.76426
12520001 2.7703
12530001 2.78718
12540001 2.77327
12550001 2.78987
12560001 2.76696
12570001 2.78087
12580001 2.77361
12590001 2.76669
12600001 2.76593
12610001 2.78469
12620001 2.76887
12630001 2.76586
12640001 2.78801
12650001 2.78341
12660001 2.77166
12670001 2.76525
12680001 2.76573
12690001 2.76963
12700001 2.77906
12710001 2.75882
12720001 2.78226
12730001 2.7809
12740001 2.78687
12750001 2.7757
12760001 2.77173
12770001 2.76816
12780001 2.77424
12790001 2.7682
12800001 2.76714
12810001 2.77934
12820001 2.78189
12830001 2.77069
12840001 2.77655
12850001 2.76614
12860001 2.76824
12870001 2.78381
12880001 2.76369
12890001 2.78173
12900001 2.76411
12910001 2.76949
12920001 2.785
12930001 2.78197
12940001 2.79022
12950001 2.76551
12960001 2.77806
12970001 2.76828
12980001 2.76995
12990001 2.74945
13000001 2.7799
13010001 2.75097
13020001 2.77267
13030001 2.76786
13040001 2.76467
13050001 2.76561
13060001 2.76719
13070001 2.78825
13080001 2.7678
13090001 2.76586
13100001 2.76763
13110001 2.76638
13120001 2.75099
13130001 2.76627
13140001 2.76671
13150001 2.76872
13160001 2.76454
13170001 2.77885
13180001 2.75936
13190001 2.77167
13200001 2.77515
13210001 2.76387
13220001 2.77222
13230001 2.79019
13240001 2.76725
13250001 2.77951
13260001 2.78235
13270001 2.76439
13280001 2.7792
13290001 2.78538
13300001 2.78494
13310001 2.77217
13320001 2.76753
13330001 2.77362
13340001 2.76169
13350001 2.76419
13360001 2.76345
13370001 2.774
13380001 2.77872
13390001 2.77548
13400001 2.78073
13410001 2.78028
13420001 2.79188
13430001 2.78248
13440001 2.76896
13450001 2.77367
13460001 2.7765
13470001 2.78208
13480001 2.76539
13490001 2.78453
13500001 2.77403
13510001 2.77411
13520001 2.78586
13530001 2.78857
13540001 2.77046
13550001 2.76862
13560001 2.77626
13570001 2.79677
13580001 2.74893
13590001 2.77966
13600001 2.76179
13610001 2.79189
13620001 2.77861
13630001 2.7782
13640001 2.75967
13650001 2.77717
13660001 2.77303
13670001 2.78233
13680001 2.77528
13690001 2.76916
13700001 2.77209
13710001 2.78519
13720001 2.77482
13730001 2.77862
13740001 2.775
13750001 2.78047
13760001 2.77038
13770001 2.76779
13780001 2.76837
13790001 2.75906
13800001 2.77137
13810001 2.78653
13820001 2.79834
13830001 2.77293
13840001 2.78101
13850001 2.7722
13860001 2.78205
13870001 2.78689
13880001 2.78187
13890001 2.75522
13900001 2.75197
13910001 2.76578
13920001 2.77921
13930001 2.78962
13940001 2.76804
13950001 2.77449
13960001 2.77858
13970001 2.76663
13980001 2.79139
13990001 2.78243
14000001 2.78564
14010001 2.773
14020001 2.77639
14030001 2.7712
14040001 2.76642
14050001 2.76741
14060001 2.77679
14070001 2.76046
14080001 2.75529
14090001 2.75196
14100001 2.75287
14110001 2.76444
14120001 2.76489
14130001 2.78007
14140001 2.76981
14150001 2.79099
14160001 2.75648
14170001 2.77095
14180001 2.79071
14190001 2.78241
14200001 2.76639
14210001 2.79266
14220001 2.76013
14230001 2.7682
14240001 2.76649
14250001 2.78534
14260001 2.76498
14270001 2.77589
14280001 2.75491
14290001 2.77965
14300001 2.77838
14310001 2.75923
14320001 2.76262
14330001 2.76114
14340001 2.7891
14350001 2.774
14360001 2.77996
14370001 2.77508
14380001 2.76539
14390001 2.77437
14400001 2.7788
14410001 2.76188
14420001 2.78439
14430001 2.777
14440001 2.76072
14450001 2.75361
14460001 2.78345
14470001 2.76146
14480001 2.77301
14490001 2.75843
14500001 2.7793
14510001 2.79072
14520001 2.77076
14530001 2.77042
14540001 2.77794
14550001 2.77259
14560001 2.78063
14570001 2.78028
14580001 2.78363
14590001 2.82117
14600001 2.77322
14610001 2.77547
14620001 2.76517
14630001 2.753
14640001 2.76261
14650001 2.76924
14660001 2.78203
14670001 2.78859
14680001 2.76933
14690001 2.76922
14700001 2.77011
14710001 2.76963
14720001 2.75757
14730001 2.76104
14740001 2.78352
14750001 2.77322
14760001 2.77864
14770001 2.77358
14780001 2.77016
14790001 2.7641
14800001 2.77961
14810001 2.77
14820001 2.79143
14830001 2.75592
14840001 2.77024
14850001 2.78254
14860001 2.7637
14870001 2.76539
14880001 2.77623
14890001 2.77621
14900001 2.76991
14910001 2.77283
14920001 2.77593
14930001 2.76196
14940001 2.75567
14950001 2.77216
14960001 2.78693
14970001 2.78655
14980001 2.78206
14990001 2.77151
15000001 2.7617
15010001 2.76908
15020001 2.76675
15030001 2.77672
15040001 2.76802
15050001 2.77258
15060001 2.77641
15070001 2.75932
15080001 2.77346
15090001 2.77373
15100001 2.7843
15110001 2.76781
15120001 2.78046
15130001 2.77524
15140001 2.79618
15150001 2.76246
15160001 2.78209
15170001 2.76857
15180001 2.77286
15190001 2.7762
15200001 2.7764
15210001 2.76741
15220001 2.77516
15230001 2.77857
15240001 2.75615
15250001 2.77989
15260001 2.78666
15270001 2.76415
15280001 2.76373
15290001 2.77054
15300001 2.77975
15310001 2.77129
15320001 2.75645
15330001 2.78942
15340001 2.77884
15350001 2.76308
15360001 2.76001
15370001 2.7639
15380001 2.77436
15390001 2.77655
15400001 2.76094
15410001 2.76378
15420001 2.75535
15430001 2.79496
15440001 2.75381
15450001 2.77243
15460001 2.77361
15470001 2.77584
15480001 2.78013
15490001 2.7828
15500001 2.77456
15510001 2.77535
15520001 2.7624
15530001 2.78103
15540001 2.7778
15550001 2.77406
15560001 2.76608
15570001 2.77958
15580001 2.76885
15590001 2.75737
15600001 2.78681
15610001 2.78062
15620001 2.7631
15630001 2.75612
15640001 2.79356
15650001 2.77298
15660001 2.77675
15670001 2.77851
15680001 2.75957
15690001 2.76305
15700001 2.76678
15710001 2.77276
15720001 2.7892
15730001 2.7763
15740001 2.77613
15750001 2.76474
15760001 2.82986
15770001 2.78817
15780001 2.78022
15790001 2.79031
15800001 2.78601
15810001 2.78433
15820001 2.78565
15830001 2.76828
15840001 2.77465
15850001 2.76441
15860001 2.77744
15870001 2.76532
15880001 2.7793
15890001 2.75589
15900001 2.77227
15910001 2.76084
15920001 2.77178
15930001 2.77903
15940001 2.78871
15950001 2.77242
15960001 2.76405
15970001 2.77751
15980001 2.77528
15990001 2.79049
16000001 2.76284
16010001 2.7751
16020001 2.77222
16030001 2.76666
16040001 2.78553
16050001 2.76299
16060001 2.76518
16070001 2.78154
16080001 2.75634
16090001 2.77408
16100001 2.77556
16110001 2.77017
16120001 2.75849
16130001 2.77675
16140001 2.77006
16150001 2.78001
16160001 2.7805
16170001 2.78331
16180001 2.76585
16190001 2.76695
16200001 2.77107
16210001 2.77297
16220001 2.76617
16230001 2.76586
16240001 2.78797
16250001 2.76676
16260001 2.78058
16270001 2.76838
16280001 2.76559
16290001 2.77751
16300001 2.75503
16310001 2.76166
16320001 2.75264
16330001 2.8089
16340001 2.76834
16350001 2.76382
16360001 2.78579
16370001 2.78103
16380001 2.77197
16390001 2.7736
16400001 2.78159
16410001 2.77002
16420001 2.75288
16430001 2.76772
16440001 2.76256
16450001 2.76767
16460001 2.76938
16470001 2.75723
16480001 2.7647
16490001 2.78254
16500001 2.76063
16510001 2.77324
16520001 2.76989
16530001 2.77852
16540001 2.7502
16550001 2.77929
16560001 2.76583
16570001 2.77557
16580001 2.76371
16590001 2.77853
16600001 2.77203
16610001 2.76896
16620001 2.76734
16630001 2.75485
16640001 2.78294
16650001 2.78645
16660001 2.78261
16670001 2.78122
16680001 2.76881
16690001 2.76898
16700001 2.77757
16710001 2.77297
16720001 2.77948
16730001 2.77856
16740001 2.79047
16750001 2.75715
16760001 2.77653
16770001 2.76978
16780001 2.76295
16790001 2.76361
16800001 2.78917
16810001 2.77211
16820001 2.7698
16830001 2.74648
16840001 2.79129
16850001 2.77999
16860001 2.77763
16870001 2.77826
16880001 2.77916
16890001 2.77435
16900001 2.77729
16910001 2.77917
16920001 2.76458
16930001 2.77575
16940001 2.76565
16950001 2.77357
16960001 2.76401
16970001 2.78335
16980001 2.75823
16990001 2.78364
17000001 2.7676
17010001 2.77028
17020001 2.75942
17030001 2.78204
17040001 2.78566
17050001 2.76666
17060001 2.7695
17070001 2.78444
17080001 2.79646
17090001 2.76956
17100001 2.7717
17110001 2.78345
17120001 2.77211
17130001 2.78489
17140001 2.75882
17150001 2.76843
17160001 2.77493
17170001 2.77232
17180001 2.78171
17190001 2.75797
17200001 2.77735
17210001 2.77242
17220001 2.76057
17230001 2.78181
17240001 2.76714
17250001 2.76394
17260001 2.76914
17270001 2.76022
17280001 2.75083
17290001 2.77527
17300001 2.78366
17310001 2.78083
17320001 2.78733
17330001 2.76833
17340001 2.77625
17350001 2.76944
17360001 2.78328
17370001 2.78868
17380001 2.7594
17390001 2.78304
17400001 2.75716
17410001 2.77381
17420001 2.77061
17430001 2.78266
17440001 2.77484
17450001 2.76408
17460001 2.76711
17470001 2.77132
17480001 2.77661
17490001 2.77866
17500001 2.76594
17510001 2.77582
17520001 2.79684
17530001 2.78169
17540001 2.79061
17550001 2.78091
17560001 2.76839
17570001 2.76659
17580001 2.77369
17590001 2.75856
17600001 2.76668
17610001 2.75678
17620001 2.7721
17630001 2.75141
17640001 2.79101
17650001 2.77734
17660001 2.78068
17670001 2.76698
17680001 2.78422
17690001 2.76983
17700001 2.77513
17710001 2.78869
17720001 2.79674
17730001 2.76999
17740001 2.78135
17750001 2.77017
17760001 2.7787
17770001 2.77231
17780001 2.81346
17790001 2.78643
17800001 2.76461
17810001 2.78851
17820001 2.75597
17830001 2.77261
17840001 2.77523
17850001 2.7595
17860001 2.78291
17870001 2.77496
17880001 2.7713
17890001 2.78595
17900001 2.76884
17910001 2.78336
17920001 2.78322
17930001 2.77018
17940001 2.76455
17950001 2.76508
17960001 2.77343
17970001 2.77587
17980001 2.77011
17990001 2.78098
18000001 2.77768
18010001 2.78863
18020001 2.77588
18030001 2.78684
18040001 2.77618
18050001 2.77929
18060001 2.78842
18070001 2.77044
18080001 2.77313
18090001 2.81941
18100001 2.79083
18110001 2.79187
18120001 2.76464
18130001 2.76916
18140001 2.7826
18150001 2.79082
18160001 2.76544
18170001 2.7674
18180001 2.76276
18190001 2.7713
18200001 2.78533
18210001 2.76664
18220001 2.76542
18230001 2.78009
18240001 2.76284
18250001 2.78363
18260001 2.78336
18270001 2.76868
18280001 2.77728
18290001 2.76519
18300001 2.78011
18310001 2.79577
18320001 2.7672
18330001 2.74987
18340001 2.78074
18350001 2.772
18360001 2.77113
18370001 2.77803
18380001 2.76045
18390001 2.77915
18400001 2.7594
18410001 2.77554
18420001 2.78082
18430001 2.77768
18440001 2.76884
18450001 2.76506
18460001 2.76881
18470001 2.75992
18480001 2.76985
18490001 2.78109
18500001 2.76449
18510001 2.76619
18520001 2.76391
18530001 2.78128
18540001 2.79367
18550001 2.77128
18560001 2.76842
18570001 2.77025
18580001 2.76719
18590001 2.76291
18600001 2.76258
18610001 2.77309
18620001 2.77472
18630001 2.78718
18640001 2.76977
18650001 2.77959
18660001 2.76356
18670001 2.77829
18680001 2.7714
18690001 2.77036
18700001 2.76973
18710001 2.77082
18720001 2.77699
18730001 2.7759
18740001 2.76516
18750001 2.76651
18760001 2.77702
18770001 2.75868
18780001 2.77008
18790001 2.78099
18800001 2.78086
18810001 2.77547
18820001 2.76876
18830001 2.79169
18840001 2.77742
18850001 2.76847
18860001 2.78094
18870001 2.78004
18880001 2.77876
18890001 2.82649
18900001 2.77164
18910001 2.77313
18920001 2.77624
18930001 2.76838
18940001 2.76431
18950001 2.78689
18960001 2.78521
18970001 2.77751
18980001 2.78646
18990001 2.7731
19000001 2.77515
19010001 2.78958
19020001 2.77414
19030001 2.77144
19040001 2.75836
19050001 2.78939
19060001 2.7743
19070001 2.75921
19080001 2.76838
19090001 2.78389
19100001 2.76718
19110001 2.77634
19120001 2.76655
19130001 2.78787
19140001 2.77439
19150001 2.76591
19160001 2.76291
19170001 2.75487
19180001 2.76341
19190001 2.76991
19200001 2.76308
19210001 2.76666
19220001 2.78018
19230001 2.76668
19240001 2.77144
19250001 2.76815
19260001 2.77514
19270001 2.76598
19280001 2.76561
19290001 2.76496
19300001 2.79365
19310001 2.78869
19320001 2.76649
19330001 2.78334
19340001 2.77198
19350001 2.7767
19360001 2.8081
19370001 2.78898
19380001 2.78163
19390001 2.77148
19400001 2.77486
19410001 2.76961
19420001 2.77707
19430001 2.77751
19440001 2.77732
19450001 2.78503
19460001 2.77886
19470001 2.76206
19480001 2.77598
19490001 2.75612
19500001 2.76774
19510001 2.75572
19520001 2.76607
19530001 2.76194
19540001 2.77435
19550001 2.75825
19560001 2.76862
19570001 2.77359
19580001 2.76822
19590001 2.78677
19600001 2.77727
19610001 2.75314
19620001 2.77369
19630001 2.75832
19640001 2.78524
19650001 2.7768
19660001 2.77664
19670001 2.76518
19680001 2.77645
19690001 2.7684
19700001 2.77852
19710001 2.78247
19720001 2.78363
19730001 2.78191
19740001 2.77138
19750001 2.79526
19760001 2.7823
19770001 2.7702
19780001 2.77056
19790001 2.79213
19800001 2.79199
19810001 2.78609
19820001 2.76761
19830001 2.78391
19840001 2.75548
19850001 2.77185
19860001 2.7695
19870001 2.77372
19880001 2.78254
19890001 2.76731
19900001 2.77451
19910001 2.75345
19920001 2.77264
19930001 2.77251
19940001 2.77649
19950001 2.78872
19960001 2.76916
19970001 2.76151
19980001 2.78357
19990001 2.7738
20000001 2.78254
20010001 2.80381
20020001 2.77247
20030001 2.7778
20040001 2.79121
20050001 2.77777
20060001 2.78627
20070001 2.77196
20080001 2.75856
20090001 2.77753
20100001 2.7618
20110001 2.77674
20120001 2.75051
20130001 2.78249
20140001 2.78318
20150001 2.77689
20160001 2.77826
20170001 2.77227
20180001 2.79235
20190001 2.76859
20200001 2.7591
20210001 2.77915
20220001 2.77368
20230001 2.7712
20240001 2.78634
20250001 2.78902
20260001 2.77861
20270001 2.7701
20280001 2.78611
20290001 2.76586
20300001 2.75904
20310001 2.76303
20320001 2.76587
20330001 2.78046
20340001 2.76937
20350001 2.75493
20360001 2.75969
20370001 2.75859
20380001 2.7754
20390001 2.77857
20400001 2.77886
20410001 2.77099
20420001 2.76479
20430001 2.77057
20440001 2.76767
20450001 2.77739
20460001 2.76328
20470001 2.77621
20480001 2.76871
20490001 2.75485
20500001 2.74692
20510001 2.79012
20520001 2.7659
20530001 2.79122
20540001 2.78088
20550001 2.77517
20560001 2.78031
20570001 2.77496
20580001 2.76681
20590001 2.79622
20600001 2.77923
20610001 2.77494
20620001 2.76558
20630001 2.77367
20640001 2.78171
20650001 2.76565
20660001 2.77445
20670001 2.7705
20680001 2.77317
20690001 2.77458
20700001 2.77959
20710001 2.77533
20720001 2.78139
20730001 2.77968
20740001 2.77859
20750001 2.76051
20760001 2.77798
20770001 2.77666
20780001 2.77204
20790001 2.77545
20800001 2.78
20810001 2.77408
20820001 2.7706
20830001 2.78273
20840001 2.77827
20850001 2.76127
20860001 2.76344
20870001 2.76319
20880001 2.76763
20890001 2.76135
20900001 2.77296
20910001 2.7701
20920001 2.77449
20930001 2.77703
20940001 2.76495
20950001 2.7776
20960001 2.76348
20970001 2.77584
20980001 2.77061
20990001 2.7689
21000001 2.76322
21010001 2.77112
21020001 2.76749
21030001 2.7734
21040001 2.77493
21050001 2.76607
21060001 2.76813
21070001 2.78927
21080001 2.76174
21090001 2.77954
21100001 2.76287
21110001 2.76076
21120001 2.75857
21130001 2.77774
21140001 2.77066
21150001 2.76179
21160001 2.77721
21170001 2.76645
21180001 2.7776
21190001 2.77007
21200001 2.76436
21210001 2.78595
21220001 2.77367
21230001 2.75807
21240001 2.77614
21250001 2.76184
21260001 2.76795
21270001 2.76276
21280001 2.79043
21290001 2.79219
21300001 2.78063
21310001 2.79764
21320001 2.7765
21330001 2.76979
21340001 2.77024
21350001 2.78321
21360001 2.77356
21370001 2.77561
21380001 2.77426
21390001 2.76643
21400001 2.77412
21410001 2.76801
21420001 2.74875
21430001 2.76478
21440001 2.76839
21450001 2.747
21460001 2.77504
21470001 2.7525
21480001 2.78046
21490001 2.76459
21500001 2.76914
21510001 2.7697
21520001 2.76666
21530001 2.77247
21540001 2.77966
21550001 2.77415
21560001 2.77908
21570001 2.78865
21580001 2.78583
21590001 2.78141
21600001 2.77563
21610001 2.75596
21620001 2.76885
21630001 2.76397
21640001 2.77913
21650001 2.7753
21660001 2.77846
21670001 2.78641
21680001 2.77879
21690001 2.76809
21700001 2.78032
21710001 2.77318
21720001 2.77186
21730001 2.75125
21740001 2.78333
21750001 2.76942
21760001 2.77528
21770001 2.78557
21780001 2.76262
21790001 2.77121
21800001 2.7832
21810001 2.77935
21820001 2.79384
21830001 2.77705
21840001 2.77427
21850001 2.76143
21860001 2.75143
21870001 2.76743
21880001 2.77457
21890001 2.7696
21900001 2.78372
21910001 2.77456
21920001 2.78145
21930001 2.77125
21940001 2.79652
21950001 2.78237
21960001 2.74787
21970001 2.77323
21980001 2.77489
21990001 2.77556
22000001 2.79494
22010001 2.78157
22020001 2.77678
22030001 2.76899
22040001 2.76812
22050001 2.77086
22060001 2.78438
22070001 2.76529
22080001 2.75783
22090001 2.7797
22100001 2.76857
22110001 2.78303
22120001 2.778
22130001 2.77988
22140001 2.76336
22150001 2.76936
22160001 2.7567
22170001 2.78088
22180001 2.76994
22190001 2.77599
22200001 2.77176
22210001 2.79839
22220001 2.76847
22230001 2.77366
22240001 2.7684
22250001 2.7742
22260001 2.75921
22270001 2.77884
22280001 2.76138
22290001 2.75931
22300001 2.79065
22310001 2.77316
22320001 2.77973
22330001 2.79606
22340001 2.75425
22350001 2.78232
22360001 2.80404
22370001 2.79649
22380001 2.76433
22390001 2.7896
22400001 2.76201
22410001 2.77503
22420001 2.76326
22430001 2.76447
22440001 2.76945
22450001 2.76764
22460001 2.77523
22470001 2.76378
22480001 2.77882
22490001 2.75768
22500001 2.75954
22510001 2.77912
22520001 2.781
22530001 2.77943
22540001 2.77579
22550001 2.7734
22560001 2.76238
22570001 2.76962
22580001 2.78463
22590001 2.76591
22600001 2.77201
22610001 2.76779
22620001 2.75136
22630001 2.77511
22640001 2.77747
22650001 2.76406
22660001 2.77754
22670001 2.77175
22680001 2.77809
22690001 2.77458
22700001 2.76739
22710001 2.77334
22720001 2.75828
22730001 2.75508
22740001 2.75872
22750001 2.76419
22760001 2.7615
22770001 2.78213
22780001 2.757
22790001 2.78205
22800001 2.78161
22810001 2.75954
22820001 2.76211
22830001 2.7777
22840001 2.77077
22850001 2.78408
22860001 2.75619
22870001 2.76708
22880001 2.79026
22890001 2.76533
22900001 2.78271
22910001 2.77397
22920001 2.78209
22930001 2.78035
22940001 2.76527
22950001 2.7645
22960001 2.78023
22970001 2.77953
22980001 2.77477
22990001 2.78669
23000001 2.80069
23010001 2.76949
23020001 2.76893
23030001 2.78011
23040001 2.76724
23050001 2.77745
23060001 2.77078
23070001 2.77815
23080001 2.7819
23090001 2.76579
23100001 2.7862
23110001 2.7842
23120001 2.76066
23130001 2.76045
23140001 2.75918
23150001 2.77337
23160001 2.77503
23170001 2.78232
23180001 2.7852
23190001 2.77445
23200001 2.77134
23210001 2.77254
23220001 2.7734
23230001 2.77817
23240001 2.7632
23250001 2.77599
23260001 2.78571
23270001 2.77837
23280001 2.77011
23290001 2.75495
23300001 2.76925
23310001 2.78606
23320001 2.78968
23330001 2.77995
23340001 2.77951
23350001 2.78027
23360001 2.76899
23370001 2.7732
23380001 2.76047
23390001 2.76317
23400001 2.77415
23410001 2.765
23420001 2.76698
23430001 2.77163
23440001 2.77662
23450001 2.77478
23460001 2.7633
23470001 2.76943
23480001 2.78208
23490001 2.78922
23500001 2.77998
23510001 2.76273
23520001 2.78191
23530001 2.7651
23540001 2.76174
23550001 2.7653
23560001 2.75906
23570001 2.76533
23580001 2.78845
23590001 2.79793
23600001 2.75904
23610001 2.77707
23620001 2.78123
23630001 2.76788
23640001 2.78018
23650001 2.77699
23660001 2.78325
23670001 2.76677
23680001 2.76237
23690001 2.78575
23700001 2.78581
23710001 2.77965
23720001 2.75933
23730001 2.78013
23740001 2.7842
23750001 2.77491
23760001 2.79316
23770001 2.77847
23780001 2.79686
23790001 2.76981
23800001 2.75533
23810001 2.74854
23820001 2.76485
23830001 2.77508
23840001 2.75678
23850001 2.77725
23860001 2.78034
23870001 2.77661
23880001 2.76155
23890001 2.7756
23900001 2.76779
23910001 2.76158
23920001 2.78345
23930001 2.77786
23940001 2.78405
23950001 2.78909
23960001 2.79278
23970001 2.78135
23980001 2.7732
23990001 2.77143
24000001 2.77575
24010001 2.77245
24020001 2.77318
24030001 2.76339
24040001 2.76802
24050001 2.76793
24060001 2.78117
24070001 2.78895
24080001 2.79681
24090001 2.76268
24100001 2.77368
24110001 2.77064
24120001 2.78193
24130001 2.76826
24140001 2.78433
24150001 2.77933
24160001 2.76488
24170001 2.76141
24180001 2.7821
24190001 2.77421
24200001 2.78418
24210001 2.77483
24220001 2.77586
24230001 2.75641
24240001 2.78099
24250001 2.76366
24260001 2.78436
24270001 2.77083
24280001 2.77582
24290001 2.77165
24300001 2.76887
24310001 2.76464
24320001 2.76839
24330001 2.77278
24340001 2.80522
24350001 2.75984
24360001 2.75999
24370001 2.7762
24380001 2.77947
24390001 2.76887
24400001 2.76402
24410001 2.77462
24420001 2.77128
24430001 2.77501
24440001 2.77499
24450001 2.76836
24460001 2.77137
24470001 2.77833
24480001 2.79043
24490001 2.78241
24500001 2.76921
24510001 2.78978
24520001 2.77311
24530001 2.77135
24540001 2.7796
24550001 2.78435
24560001 2.7716
24570001 2.76444
24580001 2.76231
24590001 2.77952
24600001 2.75705
24610001 2.77309
24620001 2.76485
24630001 2.77768
24640001 2.76826
24650001 2.78451
24660001 2.76662
24670001 2.76384
24680001 2.78807
24690001 2.8357
24700001 2.79056
24710001 2.76993
24720001 2.76609
24730001 2.77329
24740001 2.79022
24750001 2.78064
24760001 2.76671
24770001 2.76459
24780001 2.76595
24790001 2.75758
24800001 2.77685
24810001 2.78324
24820001 2.76725
24830001 2.77808
24840001 2.76629
24850001 2.7866
24860001 2.7636
24870001 2.77589
24880001 2.7638
24890001 2.77274
24900001 2.78413
24910001 2.79991
24920001 2.77419
24930001 2.79046
24940001 2.76431
24950001 2.77982
24960001 2.77596
24970001 2.76442
24980001 2.76516
24990001 2.77129
25000001 2.78422
25010001 2.77927
25020001 2.76315
25030001 2.76493
25040001 2.74961
25050001 2.76514
25060001 2.76606
25070001 2.78408
25080001 2.77994
25090001 2.77737
25100001 2.76876
25110001 2.77925
25120001 2.77069
25130001 2.75078
25140001 2.77363
25150001 2.76847
25160001 2.7595
25170001 2.76317
25180001 2.77185
25190001 2.77365
25200001 2.75741
25210001 2.77668
25220001 2.76534
25230001 2.78816
25240001 2.77861
25250001 2.76756
25260001 2.77401
25270001 2.75388
25280001 2.78692
25290001 2.77155
25300001 2.77309
25310001 2.77657
25320001 2.75712
25330001 2.78795
25340001 2.76714
25350001 2.78215
25360001 2.75328
25370001 2.77927
25380001 2.77154
25390001 2.74553
25400001 2.76691
25410001 2.77795
25420001 2.77487
25430001 2.80782
25440001 2.78786
25450001 2.77652
25460001 2.76549
25470001 2.7763
25480001 2.76948
25490001 2.76712
25500001 2.76188
25510001 2.77386
25520001 2.75859
25530001 2.78148
25540001 2.77531
25550001 2.77571
25560001 2.7796
25570001 2.77331
25580001 2.77516
25590001 2.78533
25600001 2.77368
25610001 2.7749
25620001 2.77179
25630001 2.78094
25640001 2.75823
25650001 2.76456
25660001 2.77281
25670001 2.75271
25680001 2.76636
25690001 2.78167
25700001 2.79271
25710001 2.75729
25720001 2.78498
25730001 2.78077
25740001 2.77796
25750001 2.76732
25760001 2.78131
25770001 2.76585
25780001 2.77645
25790001 2.77019
25800001 2.7621
25810001 2.76959
25820001 2.75863
25830001 2.7729
25840001 2.77115
25850001 2.78244
25860001 2.77237
25870001 2.76247
25880001 2.77862
25890001 2.77054
25900001 2.77012
25910001 2.77603
25920001 2.7659
25930001 2.7709
25940001 2.78219
25950001 2.82188
25960001 2.78115
25970001 2.7825
25980001 2.76354
25990001 2.7762
26000001 2.76654
26010001 2.75248
26020001 2.76119
26030001 2.76964
26040001 2.77293
26050001 2.76872
26060001 2.7687
26070001 2.78073
26080001 2.75948
26090001 2.77325
26100001 2.75178
26110001 2.75589
26120001 2.7603
26130001 2.78151
26140001 2.77451
26150001 2.81224
26160001 2.7792
26170001 2.77286
26180001 2.78473
26190001 2.76907
26200001 2.77303
26210001 2.78694
26220001 2.77071
26230001 2.78168
26240001 2.77591
26250001 2.7656
26260001 2.76414
26270001 2.76915
26280001 2.76447
26290001 2.77411
26300001 2.77283
26310001 2.77319
26320001 2.77673
26330001 2.79225
26340001 2.76035
26350001 2.75646
26360001 2.76188
26370001 2.77896
26380001 2.78103
26390001 2.76671
26400001 2.77285
26410001 2.75508
26420001 2.75397
26430001 2.77329
26440001 2.78358
26450001 2.77928
26460001 2.76796
26470001 2.77266
26480001 2.76877
26490001 2.77952
26500001 2.76331
26510001 2.76854
26520001 2.75897
26530001 2.78546
26540001 2.77137
26550001 2.77115
26560001 2.77107
26570001 2.77203
26580001 2.77451
26590001 2.78151
26600001 2.76509
26610001 2.76888
26620001 2.78855
26630001 2.76968
26640001 2.76935
26650001 2.75904
26660001 2.7683
26670001 2.77797
26680001 2.77542
26690001 2.77523
26700001 2.76432
26710001 2.78747
26720001 2.7816
26730001 2.78221
26740001 2.77664
26750001 2.7682
26760001 2.76783
26770001 2.7672
26780001 2.76207
26790001 2.7733
26800001 2.77473
26810001 2.77519
26820001 2.76712
26830001 2.77308
26840001 2.78318
26850001 2.77285
26860001 2.78802
26870001 2.76649
26880001 2.76966
26890001 2.77425
26900001 2.76026
26910001 2.7809
26920001 2.7789
26930001 2.79213
26940001 2.76909
26950001 2.77618
26960001 2.76969
26970001 2.76072
26980001 2.7904
26990001 2.78359
27000001 2.76208
27010001 2.76985
27020001 2.766
27030001 2.7613
27040001 2.78389
27050001 2.75846
27060001 2.76949
27070001 2.76514
27080001 2.78889
27090001 2.77545
27100001 2.77332
27110001 2.76296
27120001 2.75452
27130001 2.75741
27140001 2.78013
27150001 2.76982
27160001 2.76779
27170001 2.79502
27180001 2.79461
27190001 2.78331
27200001 2.78231
27210001 2.75688
27220001 2.75715
27230001 2.7565
27240001 2.77022
27250001 2.76154
27260001 2.77379
27270001 2.78515
27280001 2.76727
27290001 2.77365
27300001 2.77112
27310001 2.7743
27320001 2.76148
27330001 2.77737
27340001 2.78508
27350001 2.78645
27360001 2.77957
27370001 2.78084
27380001 2.77237
27390001 2.78868
27400001 2.79181
27410001 2.77669
27420001 2.8387
27430001 2.79722
27440001 2.78993
27450001 2.74713
27460001 2.77794
27470001 2.77555
27480001 2.76647
27490001 2.77746
27500001 2.78947
27510001 2.78025
27520001 2.75533
27530001 2.78961
27540001 2.77373
27550001 2.76399
27560001 2.78156
27570001 2.77508
27580001 2.75655
27590001 2.75786
27600001 2.77457
27610001 2.77603
27620001 2.76833
27630001 2.7749
27640001 2.78238
27650001 2.77444
27660001 2.77753
27670001 2.77095
27680001 2.78102
27690001 2.78144
27700001 2.75952
27710001 2.75415
27720001 2.75332
27730001 2.77634
27740001 2.77832
27750001 2.77375
27760001 2.77356
27770001 2.78531
27780001 2.76371
27790001 2.78515
27800001 2.79859
27810001 2.76176
27820001 2.76547
27830001 2.77506
27840001 2.77288
27850001 2.75963
27860001 2.77949
27870001 2.75838
27880001 2.7739
27890001 2.7747
27900001 2.76777
27910001 2.7645
27920001 2.75795
27930001 2.77771
27940001 2.7788
27950001 2.78218
27960001 2.79504
27970001 2.77672
27980001 2.77143
27990001 2.78521
28000001 2.77576
28010001 2.77874
28020001 2.77986
28030001 2.76914
28040001 2.76114
28050001 2.76347
28060001 2.78385
28070001 2.76872
28080001 2.77711
28090001 2.77407
28100001 2.78311
28110001 2.76873
28120001 2.76155
28130001 2.75381
28140001 2.77285
28150001 2.78175
28160001 2.76116
28170001 2.77616
28180001 2.77806
28190001 2.77816
28200001 2.77321
28210001 2.76312
28220001 2.7657
28230001 2.77205
28240001 2.78443
28250001 2.78535
28260001 2.7858
28270001 2.76446
28280001 2.7589
28290001 2.77554
28300001 2.76474
28310001 2.77079
28320001 2.77239
28330001 2.77172
28340001 2.75071
28350001 2.78807
28360001 2.7803
28370001 2.77321
28380001 2.76903
28390001 2.77932
28400001 2.76814
28410001 2.79502
28420001 2.76425
28430001 2.76888
28440001 2.77611
28450001 2.78666
28460001 2.7797
28470001 2.77792
28480001 2.7764
28490001 2.76944
28500001 2.7614
28510001 2.76846
28520001 2.75903
28530001 2.76868
28540001 2.76108
28550001 2.76479
28560001 2.77595
28570001 2.76552
28580001 2.78358
28590001 2.78486
28600001 2.7694
28610001 2.7668
28620001 2.78159
28630001 2.77387
28640001 2.80109
28650001 2.78854
28660001 2.77532
28670001 2.77039
28680001 2.76224
28690001 2.7719
28700001 2.77116
28710001 2.77434
28720001 2.77886
28730001 2.76688
28740001 2.79256
28750001 2.77061
28760001 2.79015
28770001 2.7602
28780001 2.77789
28790001 2.77809
28800001 2.7763
28810001 2.7649
28820001 2.77071
28830001 2.7617
28840001 2.78437
28850001 2.78891
28860001 2.77719
28870001 2.77528
28880001 2.78576
28890001 2.75377
28900001 2.78093
28910001 2.77348
28920001 2.77407
28930001 2.80352
28940001 2.76824
28950001 2.79023
28960001 2.78532
28970001 2.7986
28980001 2.78068
28990001 2.76946
29000001 2.7721
29010001 2.76938
29020001 2.76609
29030001 2.76927
29040001 2.78876
29050001 2.78419
29060001 2.78082
29070001 2.76747
29080001 2.78555
29090001 2.77364
29100001 2.77975
29110001 2.76159
29120001 2.77649
29130001 2.78806
29140001 2.76878
29150001 2.78187
29160001 2.77344
29170001 2.77565
29180001 2.79807
29190001 2.77414
29200001 2.78243
29210001 2.76573
29220001 2.79101
29230001 2.80319
29240001 2.78087
29250001 2.752
29260001 2.79034
29270001 2.769
29280001 2.78922
29290001 2.77778
29300001 2.76807
29310001 2.76772
29320001 2.76053
29330001 2.75577
29340001 2.76316
29350001 2.7684
29360001 2.75889
29370001 2.77868
29380001 2.77149
29390001 2.74666
29400001 2.75553
29410001 2.76188
29420001 2.76988
29430001 2.77247
29440001 2.78062
29450001 2.78448
29460001 2.77469
29470001 2.7674
29480001 2.78354
29490001 2.77661
29500001 2.77602
29510001 2.79296
29520001 2.77629
29530001 2.78688
29540001 2.75747
29550001 2.76411
29560001 2.76439
29570001 2.77507
29580001 2.77699
29590001 2.76833
29600001 2.77775
29610001 2.7771
29620001 2.77029
29630001 2.77425
29640001 2.75601
29650001 2.77604
29660001 2.76846
29670001 2.76368
29680001 2.79876
29690001 2.7714
29700001 2.77283
29710001 2.75494
29720001 2.78081
29730001 2.77753
29740001 2.76861
29750001 2.74884
29760001 2.77306
29770001 2.77521
29780001 2.7672
29790001 2.78094
29800001 2.77364
29810001 2.78859
29820001 2.75088
29830001 2.76896
29840001 2.77279
29850001 2.76565
29860001 2.7666
29870001 2.77534
29880001 2.75574
29890001 2.77719
29900001 2.76614
29910001 2.76175
29920001 2.7798
29930001 2.77859
29940001 2.76495
29950001 2.75063
29960001 2.76838
29970001 2.77215
29980001 2.78992
29990001 2.77258
