1 2177.55
10001 192.067
20001 124.273
30001 86.9302
40001 64.2943
50001 48.9675
60001 39.4559
70001 32.7448
80001 28.2968
90001 24.9824
100001 22.8638
110001 22.137
120001 20.5882
130001 19.5331
140001 18.8316
150001 18.265
160001 17.8409
170001 17.5055
180001 17.1605
190001 16.8717
200001 16.6706
210001 16.5169
220001 16.3335
230001 16.0849
240001 16.1021
250001 15.8243
260001 15.8297
270001 15.6207
280001 15.4529
290001 15.4289
300001 15.3944
310001 15.2139
320001 15.1507
330001 15.0455
340001 14.9253
350001 14.8903
360001 14.8359
370001 14.8093
380001 14.7018
390001 14.6785
400001 14.6077
410001 14.5178
420001 14.4389
430001 14.4616
440001 14.4398
450001 14.3487
460001 14.2656
470001 14.2542
480001 14.3149
490001 14.2093
500001 14.1614
510001 14.127
520001 14.1214
530001 14.1006
540001 13.997
550001 14.0523
560001 13.981
570001 14.078
580001 14.282
590001 14.1429
600001 14.1774
610001 14.0182
620001 13.8517
630001 13.8445
640001 13.8115
650001 13.7549
660001 13.7331
670001 13.6785
680001 13.7668
690001 13.6537
700001 13.6393
710001 13.5345
720001 13.5538
730001 13.5171
740001 13.4578
750001 13.4466
760001 13.4541
770001 13.3372
780001 13.3783
790001 13.4219
800001 13.4099
810001 13.4318
820001 13.3395
830001 13.2863
840001 13.244
850001 13.3153
860001 13.2199
870001 13.3229
880001 13.2452
890001 13.3251
900001 13.1713
910001 13.1663
920001 13.1899
930001 13.3128
940001 13.1721
950001 13.1885
960001 13.1159
970001 13.1492
980001 13.1489
990001 13.0997
1000001 13.1331
1010001 13.1172
1020001 13.0886
1030001 13.0399
1040001 13.0224
1050001 13.0483
1060001 13.0197
1070001 13.0755
1080001 13.1354
1090001 13.0055
1100001 13.039
1110001 12.9811
1120001 12.9615
1130001 13.0059
1140001 12.9397
1150001 12.9002
1160001 12.9552
1170001 12.8297
1180001 12.912
1190001 12.9696
1200001 12.8875
1210001 12.8309
1220001 12.8323
1230001 12.8795
1240001 12.9442
1250001 12.8485
1260001 12.8702
1270001 12.917
1280001 12.8968
1290001 12.8293
1300001 12.8191
1310001 12.7867
1320001 12.7921
1330001 12.7305
1340001 12.7443
1350001 12.7447
1360001 12.827
1370001 12.751
1380001 12.7395
1390001 12.7896
1400001 12.7438
1410001 12.7595
1420001 12.7242
1430001 12.7365
1440001 12.8144
1450001 12.6963
1460001 12.5937
1470001 12.6881
1480001 12.8844
1490001 12.7292
1500001 12.7034
1510001 12.751
1520001 12.723
1530001 12.7453
1540001 12.7005
1550001 12.66
1560001 12.6883
1570001 12.6405
1580001 12.6541
1590001 12.7368
1600001 12.69
1610001 12.6456
1620001 12.6237
1630001 12.6271
1640001 12.5658
1650001 12.9146
1660001 12.7921
1670001 12.6852
1680001 12.6568
1690001 12.6918
1700001 12.5637
1710001 12.5649
1720001 12.6074
1730001 12.5992
1740001 12.5776
1750001 12.5727
1760001 12.6237
1770001 12.5601
1780001 12.4971
1790001 12.5618
1800001 12.5727
1810001 12.5373
1820001 12.5235
1830001 12.53
1840001 12.5631
1850001 12.5192
1860001 12.5238
1870001 12.5164
1880001 12.4977
1890001 12.5046
1900001 12.58
1910001 12.6277
1920001 12.5803
1930001 12.5887
1940001 12.5711
1950001 12.5201
1960001 12.4239
1970001 12.4167
1980001 12.5203
1990001 12.5115
2000001 12.3919
2010001 12.3521
2020001 12.4696
2030001 12.4451
2040001 12.5586
2050001 12.4701
2060001 12.478
2070001 12.4598
2080001 12.4088
2090001 12.4288
2100001 12.4707
2110001 12.3886
2120001 12.4394
2130001 12.4343
2140001 12.4049
2150001 12.4569
2160001 12.4659
2170001 12.3751
2180001 12.3561
2190001 12.3505
2200001 12.3243
2210001 12.43
2220001 12.4778
2230001 12.3923
2240001 12.4483
2250001 12.4141
2260001 12.4195
2270001 12.2641
2280001 12.424
2290001 12.4013
2300001 12.3757
2310001 12.355
2320001 12.3225
2330001 12.3362
2340001 12.3647
2350001 12.3732
2360001 12.3463
2370001 12.3079
2380001 12.3924
2390001 12.334
2400001 12.2788
2410001 12.2992
2420001 12.3773
2430001 12.2956
2440001 12.3207
2450001 12.3437
2460001 12.2952
2470001 12.298
2480001 12.3209
2490001 12.2632
2500001 12.267
2510001 12.2328
2520001 12.3239
2530001 12.406
2540001 12.2709
2550001 12.3458
2560001 12.3374
2570001 12.2496
2580001 12.3227
2590001 12.3437
2600001 12.274
2610001 12.1742
2620001 12.1387
2630001 12.2436
2640001 12.2631
2650001 12.2414
2660001 12.233
2670001 12.2519
2680001 12.2833
2690001 12.2788
2700001 12.3534
2710001 12.3414
2720001 12.289
2730001 12.2649
2740001 12.3022
2750001 12.2919
2760001 12.2448
2770001 12.2436
2780001 12.2299
2790001 12.1679
2800001 12.2061
2810001 12.1717
2820001 12.1985
2830001 12.1921
2840001 12.2005
2850001 12.1998
2860001 12.1418
2870001 12.2165
2880001 12.2829
2890001 12.2206
2900001 12.2774
2910001 12.1884
2920001 12.1285
2930001 12.1465
2940001 12.2492
2950001 12.1283
2960001 12.2435
2970001 12.2568
2980001 12.1632
2990001 12.1517
3000001 12.1473
3010001 12.1262
3020001 12.1475
3030001 12.1504
3040001 12.1419
3050001 12.185
3060001 12.1568
3070001 12.2556
3080001 12.207
3090001 12.1621
3100001 12.1712
3110001 12.1815
3120001 12.23
3130001 12.2183
3140001 12.1677
3150001 12.2542
3160001 12.1117
3170001 12.1431
3180001 12.137
3190001 12.1463
3200001 12.1962
3210001 12.1941
3220001 12.2562
3230001 12.2558
3240001 12.2258
3250001 12.207
3260001 12.1586
3270001 12.1346
3280001 12.1211
3290001 12.1998
3300001 12.1249
3310001 12.1553
3320001 12.1946
3330001 12.1473
3340001 12.2053
3350001 12.1524
3360001 12.2356
3370001 12.2159
3380001 12.2661
3390001 12.2106
3400001 12.0378
3410001 12.0346
3420001 12.0352
3430001 12.1562
3440001 12.0577
3450001 12.1654
3460001 12.1196
3470001 12.1459
3480001 12.1777
3490001 12.0487
3500001 12.0594
3510001 12.1635
3520001 12.1208
3530001 12.2179
3540001 12.0843
3550001 12.1324
3560001 12.1494
3570001 12.1537
3580001 12.114
3590001 12.1839
3600001 12.1568
3610001 12.1199
3620001 12.117
3630001 12.1232
3640001 12.0279
3650001 12.025
3660001 12.1066
3670001 12.1201
3680001 12.0709
3690001 12.0846
3700001 12.1296
3710001 12.0153
3720001 12.0203
3730001 12.0583
3740001 12.1044
3750001 12.0907
3760001 12.5378
3770001 12.3836
3780001 12.3069
3790001 12.2888
3800001 12.2646
3810001 12.2472
3820001 12.2072
3830001 12.1915
3840001 12.1313
3850001 12.1488
3860001 12.0603
3870001 12.0365
3880001 12.111
3890001 12.1251
3900001 12.0977
3910001 11.9707
3920001 12.1153
3930001 12.1121
3940001 12.1889
3950001 12.1869
3960001 12.0826
3970001 12.0034
3980001 12.0928
3990001 12.0972
4000001 12.1216
4010001 11.9855
4020001 11.9734
4030001 12.0352
4040001 12.0232
4050001 12.0554
4060001 11.9957
4070001 11.9369
4080001 12.0186
4090001 12.0224
4100001 12.1238
4110001 12.1094
4120001 12.0286
4130001 12.0022
4140001 12.0377
4150001 11.9623
4160001 11.8975
4170001 12.0628
4180001 12.0561
4190001 12.062
4200001 12.0267
4210001 12.0265
4220001 12.034
4230001 12.0204
4240001 12.0157
4250001 12.0194
4260001 11.9676
4270001 12.0175
4280001 11.8976
4290001 11.8857
4300001 11.8739
4310001 12.0953
4320001 12.0506
4330001 11.9569
4340001 12.0411
4350001 12.0596
4360001 11.9726
4370001 12.0117
4380001 11.9052
4390001 12.0126
4400001 11.962
4410001 11.9495
4420001 11.991
4430001 12.0931
4440001 11.9983
4450001 11.948
4460001 11.9626
4470001 11.9767
4480001 11.95
4490001 11.9625
4500001 11.9333
4510001 12.0004
4520001 11.9406
4530001 11.9969
4540001 11.9384
4550001 11.9184
4560001 11.9441
4570001 11.9983
4580001 12.0559
4590001 12.033
4600001 12.0133
4610001 11.982
4620001 12.0367
4630001 12.0889
4640001 12.0054
4650001 12.0303
4660001 11.9562
4670001 12.0221
4680001 11.963
4690001 12.0511
4700001 12.0395
4710001 11.9816
4720001 12.0662
4730001 12.0715
4740001 12.0185
4750001 11.9909
4760001 11.9692
4770001 12.0206
4780001 12.03
4790001 12.0304
4800001 12.1131
4810001 12.0574
4820001 12.0118
4830001 12.0039
4840001 11.9643
4850001 12.0998
4860001 11.9169
4870001 11.97
4880001 11.9883
4890001 11.9697
4900001 11.9376
4910001 11.9171
4920001 11.9833
4930001 12.0157
4940001 11.9018
4950001 11.9638
4960001 11.9401
4970001 11.9281
4980001 12.0413
4990001 11.9899
5000001 11.8948
5010001 11.9111
5020001 11.8444
5030001 11.9297
5040001 12.0139
5050001 11.9789
5060001 11.9477
5070001 11.9782
5080001 11.9196
5090001 12.0283
5100001 11.9227
5110001 11.9053
5120001 12.0066
5130001 11.8892
5140001 11.8463
5150001 12.0053
5160001 11.9721
5170001 11.8955
5180001 12.0389
5190001 11.9129
5200001 11.9359
5210001 11.8748
5220001 11.9333
5230001 11.8435
5240001 11.8534
5250001 11.9083
5260001 11.8807
5270001 11.8458
5280001 11.96
5290001 11.989
5300001 11.8771
5310001 11.9018
5320001 11.9018
5330001 11.8392
5340001 11.9467
5350001 11.9069
5360001 11.8838
5370001 11.9288
5380001 11.9458
5390001 11.8488
5400001 11.9099
5410001 12.0188
5420001 11.9248
5430001 11.9091
5440001 11.9778
5450001 11.94
5460001 11.9812
5470001 11.9605
5480001 11.8531
5490001 11.895
5500001 11.9537
5510001 12.0465
5520001 11.9424
5530001 11.9344
5540001 12.0113
5550001 11.9088
5560001 11.9684
5570001 11.9688
5580001 11.8919
5590001 11.9435
5600001 11.839
5610001 11.8751
5620001 11.9454
5630001 11.8379
5640001 11.9004
5650001 11.8881
5660001 11.8617
5670001 11.8931
5680001 11.97
5690001 11.8499
5700001 11.9976
5710001 11.9016
5720001 11.8898
5730001 11.8157
5740001 11.8875
5750001 11.9148
5760001 11.8958
5770001 11.8399
5780001 11.8764
5790001 11.9095
5800001 11.9895
5810001 11.8778
5820001 11.8616
5830001 11.8087
5840001 11.8839
5850001 11.8826
5860001 11.9019
5870001 12.0069
5880001 11.9241
5890001 11.9135
5900001 11.9389
5910001 11.8694
5920001 11.86
5930001 11.9689
5940001 11.8776
5950001 11.8598
5960001 11.9496
5970001 11.9424
5980001 11.9014
5990001 11.9515
6000001 11.8669
6010001 11.83
6020001 11.8362
6030001 12.0421
6040001 11.9251
6050001 11.8778
6060001 11.7973
6070001 11.8891
6080001 11.8595
6090001 11.8677
6100001 11.9562
6110001 11.8206
6120001 11.8078
6130001 11.882
6140001 11.9105
6150001 11.9409
6160001 11.9411
6170001 11.8454
6180001 11.8267
6190001 11.8996
6200001 11.9207
6210001 12.0288
6220001 11.9222
6230001 11.8962
6240001 11.9437
6250001 11.835
6260001 11.9469
6270001 11.8166
6280001 11.8319
6290001 11.8598
6300001 11.8403
6310001 11.9352
6320001 11.8742
6330001 11.7879
6340001 11.8123
6350001 11.8748
6360001 11.8656
6370001 11.9163
6380001 11.9067
6390001 11.9072
6400001 11.9277
6410001 11.8204
6420001 11.9117
6430001 11.8722
6440001 11.8515
6450001 11.8732
6460001 11.897
6470001 11.8676
6480001 11.8949
6490001 11.8494
6500001 11.9144
6510001 11.8428
6520001 11.9595
6530001 11.8465
6540001 11.8244
6550001 11.8916
6560001 11.8465
6570001 11.9119
6580001 11.9513
6590001 12.23
6600001 11.994
6610001 11.9362
6620001 11.918
6630001 11.8863
6640001 11.9
6650001 11.9221
6660001 11.9658
6670001 11.8471
6680001 12.0058
6690001 11.8526
6700001 11.8129
6710001 11.8332
6720001 11.8696
6730001 11.8644
6740001 11.8655
6750001 11.817
6760001 11.8304
6770001 11.8574
6780001 11.8298
6790001 11.8479
6800001 11.8747
6810001 11.8378
6820001 11.807
6830001 11.8372
6840001 11.8092
6850001 11.8273
6860001 11.846
6870001 11.8068
6880001 11.7787
6890001 11.8566
6900001 11.982
6910001 11.8319
6920001 11.9415
6930001 11.8699
6940001 11.8511
6950001 11.8609
6960001 11.8891
6970001 11.7967
6980001 11.8033
6990001 11.7845
7000001 11.8171
7010001 11.8707
7020001 11.781
7030001 11.9064
7040001 11.8065
7050001 11.889
7060001 11.9849
7070001 11.8947
7080001 11.8562
7090001 11.8282
7100001 11.9014
7110001 11.8898
7120001 11.8334
7130001 11.8675
7140001 11.8697
7150001 11.9399
7160001 11.8963
7170001 11.8516
7180001 11.8414
7190001 11.8017
7200001 11.7134
7210001 11.8415
7220001 11.7818
7230001 11.853
7240001 11.8954
7250001 11.8865
7260001 11.8486
7270001 11.8347
7280001 11.8555
7290001 11.9291
7300001 11.8611
7310001 11.7936
7320001 11.7751
7330001 11.814
7340001 11.824
7350001 11.8041
7360001 11.8458
7370001 11.9268
7380001 11.8029
7390001 11.8468
7400001 11.7757
7410001 11.9389
7420001 11.9109
7430001 11.9757
7440001 11.9639
7450001 11.8223
7460001 11.8781
7470001 11.8458
7480001 11.8431
7490001 11.8653
7500001 11.8671
7510001 11.8515
7520001 11.7858
7530001 11.7592
7540001 11.7179
7550001 11.7402
7560001 11.8004
7570001 11.8281
7580001 11.8315
7590001 11.8228
7600001 11.8396
7610001 11.896
7620001 11.9057
7630001 11.8812
7640001 11.8605
7650001 11.7833
7660001 11.8691
7670001 11.8536
7680001 11.8841
7690001 11.8342
7700001 11.88
7710001 11.8486
7720001 11.8133
7730001 11.7368
7740001 11.742
7750001 11.7106
7760001 11.811
7770001 11.8454
7780001 11.8963
7790001 11.7748
7800001 11.7595
7810001 11.7969
7820001 11.7891
7830001 11.7628
7840001 11.8647
7850001 11.8304
7860001 11.835
7870001 11.8231
7880001 11.8021
7890001 11.8263
7900001 11.7808
7910001 11.7506
7920001 11.7789
7930001 11.8751
7940001 11.8116
7950001 11.9139
7960001 11.8455
7970001 11.8108
7980001 11.8184
7990001 11.8343
8000001 11.774
8010001 11.8068
8020001 11.8207
8030001 11.7955
8040001 11.7918
8050001 11.7777
8060001 11.7806
8070001 11.698
8080001 11.8344
8090001 11.7895
8100001 11.7427
8110001 11.8113
8120001 11.7179
8130001 11.7041
8140001 11.8401
8150001 11.9199
8160001 11.864
8170001 11.7381
8180001 11.8002
8190001 11.7559
8200001 11.7086
8210001 11.6807
8220001 11.6906
8230001 11.7166
8240001 11.7141
8250001 11.7313
8260001 11.747
8270001 11.7954
8280001 11.7334
8290001 11.6964
8300001 11.7395
8310001 11.7298
8320001 11.7875
8330001 11.8612
8340001 11.823
8350001 11.7824
8360001 11.8553
8370001 11.7987
8380001 11.8206
8390001 11.8996
8400001 11.8106
8410001 11.7654
8420001 11.8383
8430001 11.8138
8440001 11.8329
8450001 11.7861
8460001 11.7343
8470001 11.7328
8480001 11.7002
8490001 11.7621
8500001 11.7405
8510001 11.7337
8520001 11.8351
8530001 11.6656
8540001 11.623
8550001 11.709
8560001 11.7524
8570001 11.7146
8580001 11.719
8590001 11.7677
8600001 11.7585
8610001 11.7494
8620001 11.7161
8630001 11.7959
8640001 11.7861
8650001 11.7786
8660001 11.7391
8670001 11.8754
8680001 11.817
8690001 11.8197
8700001 11.8242
8710001 11.9536
8720001 11.8087
8730001 11.769
8740001 11.8741
8750001 11.7772
8760001 11.8936
8770001 11.8461
8780001 11.8021
8790001 11.8687
8800001 11.7974
8810001 11.7475
8820001 11.8546
8830001 12.2268
8840001 11.9813
8850001 11.9834
8860001 11.7947
8870001 11.8556
8880001 11.8758
8890001 11.847
8900001 11.7244
8910001 11.8429
8920001 11.8576
8930001 11.8379
8940001 11.8139
8950001 11.785
8960001 11.7834
8970001 11.82
8980001 11.7228
8990001 11.7136
9000001 11.8769
9010001 11.8329
9020001 11.7675
9030001 11.82
9040001 11.7643
9050001 11.7784
9060001 11.7292
9070001 11.7748
9080001 11.7633
9090001 11.7578
9100001 11.7457
9110001 11.743
9120001 11.7396
9130001 11.7505
9140001 11.7477
9150001 11.8325
9160001 11.8542
9170001 11.7876
9180001 11.8717
9190001 11.8173
9200001 11.7889
9210001 11.8146
9220001 11.7906
9230001 11.8074
9240001 11.7655
9250001 11.7896
9260001 11.6781
9270001 11.8113
9280001 11.6802
9290001 11.8036
9300001 11.6873
9310001 11.7315
9320001 11.8484
9330001 11.7388
9340001 11.7307
9350001 11.7621
9360001 11.7424
9370001 11.7708
9380001 11.7538
9390001 11.6833
9400001 11.6868
9410001 11.6191
9420001 11.7016
9430001 11.7754
9440001 11.7197
9450001 11.6869
9460001 11.6688
9470001 11.8256
9480001 11.7637
9490001 11.7954
9500001 11.7278
9510001 11.7086
9520001 11.7284
9530001 11.7464
9540001 11.7273
9550001 11.8389
9560001 11.7643
9570001 11.7348
9580001 11.7767
9590001 11.8248
9600001 11.765
9610001 11.7991
9620001 11.713
9630001 11.7333
9640001 11.6758
9650001 11.712
9660001 11.779
9670001 11.7785
9680001 11.811
9690001 11.7671
9700001 11.687
9710001 11.7421
9720001 11.7388
9730001 11.7324
9740001 11.8352
9750001 11.8192
9760001 11.8059
9770001 11.6897
9780001 11.7141
9790001 11.7699
9800001 11.7881
9810001 11.7603
9820001 11.7453
9830001 11.7679
9840001 11.8005
9850001 11.8397
9860001 11.728
9870001 11.7845
9880001 11.842
9890001 11.7549
9900001 11.8252
9910001 11.7627
9920001 11.8285
9930001 11.7323
9940001 11.7978
9950001 11.7039
9960001 11.7194
9970001 11.7394
9980001 11.7826
9990001 11.7494
