1 15.7967
10001 3.21953
20001 1.61804
30001 1.06627
40001 0.792369
50001 0.624307
60001 0.511615
70001 0.429374
80001 0.368302
90001 0.321641
100001 0.285202
110001 0.257297
120001 0.234972
130001 0.217411
140001 0.202378
150001 0.191766
160001 0.183185
170001 0.175832
180001 0.16957
190001 0.164561
200001 0.160346
210001 0.156951
220001 0.154125
230001 0.151794
240001 0.150081
250001 0.148991
260001 0.147009
270001 0.145894
280001 0.144673
290001 0.143647
300001 0.142592
310001 0.141981
320001 0.141005
330001 0.139753
340001 0.140051
350001 0.139278
360001 0.138502
370001 0.137838
380001 0.13805
390001 0.136903
400001 0.136434
410001 0.136147
420001 0.136181
430001 0.135642
440001 0.135645
450001 0.135207
460001 0.135493
470001 0.133954
480001 0.133863
490001 0.133525
500001 0.133094
510001 0.133046
520001 0.133151
530001 0.132215
540001 0.131492
550001 0.132234
560001 0.1313
570001 0.13157
580001 0.131563
590001 0.131096
600001 0.130969
610001 0.130206
620001 0.129955
630001 0.130029
640001 0.130483
650001 0.129701
660001 0.129334
670001 0.129974
680001 0.128593
690001 0.128515
700001 0.128262
710001 0.128461
720001 0.128384
730001 0.128291
740001 0.128762
750001 0.127966
760001 0.127474
770001 0.1271
780001 0.126582
790001 0.126684
800001 0.131235
810001 0.126273
820001 0.126384
830001 0.125756
840001 0.125661
850001 0.125591
860001 0.125644
870001 0.125337
880001 0.125311
890001 0.125561
900001 0.124815
910001 0.12525
920001 0.125639
930001 0.124935
940001 0.12455
950001 0.125062
960001 0.12379
970001 0.125174
980001 0.12426
990001 0.123606
1000001 0.123205
1010001 0.123816
1020001 0.12321
1030001 0.123227
1040001 0.122646
1050001 0.123192
1060001 0.122659
1070001 0.122449
1080001 0.122523
1090001 0.123234
1100001 0.122605
1110001 0.122933
1120001 0.122659
1130001 0.122765
1140001 0.122048
1150001 0.123296
1160001 0.123023
1170001 0.122995
1180001 0.121707
1190001 0.122115
1200001 0.122467
1210001 0.121799
1220001 0.12205
1230001 0.122162
1240001 0.122155
1250001 0.122572
1260001 0.121269
1270001 0.121689
1280001 0.121403
1290001 0.12126
1300001 0.120948
1310001 0.120511
1320001 0.12218
1330001 0.120969
1340001 0.121594
1350001 0.121564
1360001 0.121143
1370001 0.120585
1380001 0.121185
1390001 0.121272
1400001 0.120184
1410001 0.120668
1420001 0.120267
1430001 0.119907
1440001 0.120519
1450001 0.120139
1460001 0.11979
1470001 0.119925
1480001 0.119332
1490001 0.119114
1500001 0.119633
1510001 0.119176
1520001 0.119755
1530001 0.119468
1540001 0.119722
1550001 0.120101
1560001 0.119491
1570001 0.119984
1580001 0.119665
1590001 0.119256
1600001 0.119917
1610001 0.119339
1620001 0.119861
1630001 0.119108
1640001 0.120254
1650001 0.11894
1660001 0.118637
1670001 0.119786
1680001 0.12013
1690001 0.119403
1700001 0.119267
1710001 0.119585
1720001 0.119059
1730001 0.119676
1740001 0.118624
1750001 0.119714
1760001 0.118878
1770001 0.118577
1780001 0.118207
1790001 0.11884
1800001 0.119138
1810001 0.121516
1820001 0.119489
1830001 0.119047
1840001 0.118825
1850001 0.119076
1860001 0.117788
1870001 0.119831
1880001 0.119092
1890001 0.118467
1900001 0.119116
1910001 0.118863
1920001 0.118539
1930001 0.118547
1940001 0.118445
1950001 0.118996
1960001 0.118466
1970001 0.117888
1980001 0.118124
1990001 0.11932
2000001 0.124963
2010001 0.119358
2020001 0.120859
2030001 0.118457
2040001 0.118417
2050001 0.11794
2060001 0.118408
2070001 0.118267
2080001 0.118086
2090001 0.118095
2100001 0.118345
2110001 0.1183
2120001 0.117931
2130001 0.117967
2140001 0.118112
2150001 0.118254
2160001 0.117552
2170001 0.118252
2180001 0.11854
2190001 0.117586
2200001 0.117662
2210001 0.118038
2220001 0.119066
2230001 0.118269
2240001 0.117958
2250001 0.118003
2260001 0.117292
2270001 0.117767
2280001 0.117595
2290001 0.116696
2300001 0.117898
2310001 0.116987
2320001 0.117388
2330001 0.117452
2340001 0.118352
2350001 0.118064
2360001 0.118129
2370001 0.11811
2380001 0.117184
2390001 0.117336
2400001 0.118402
2410001 0.117622
2420001 0.118453
2430001 0.117468
2440001 0.117553
2450001 0.116913
2460001 0.119175
2470001 0.118487
2480001 0.118226
2490001 0.117735
2500001 0.117752
2510001 0.117696
2520001 0.117462
2530001 0.118185
2540001 0.117542
2550001 0.117643
2560001 0.118118
2570001 0.11776
2580001 0.11751
2590001 0.11697
2600001 0.117525
2610001 0.117143
2620001 0.117267
2630001 0.118673
2640001 0.118567
2650001 0.117984
2660001 0.118476
2670001 0.118286
2680001 0.117851
2690001 0.117557
2700001 0.118743
2710001 0.117549
2720001 0.117767
2730001 0.11766
2740001 0.117138
2750001 0.117845
2760001 0.117735
2770001 0.118208
2780001 0.118385
2790001 0.118292
2800001 0.118751
2810001 0.118186
2820001 0.118733
2830001 0.11907
2840001 0.118577
2850001 0.11815
2860001 0.11767
2870001 0.118117
2880001 0.117038
2890001 0.117762
2900001 0.117978
2910001 0.117273
2920001 0.117731
2930001 0.117689
2940001 0.121047
2950001 0.117955
2960001 0.117538
2970001 0.117184
2980001 0.117494
2990001 0.117226
3000001 0.117393
3010001 0.116751
3020001 0.117055
3030001 0.117434
3040001 0.117503
3050001 0.11862
3060001 0.117194
3070001 0.117503
3080001 0.117181
3090001 0.117466
3100001 0.117237
3110001 0.117178
3120001 0.116516
3130001 0.11762
3140001 0.118039
3150001 0.116738
3160001 0.116416
3170001 0.116863
3180001 0.117336
3190001 0.117709
3200001 0.118879
3210001 0.117228
3220001 0.117227
3230001 0.122143
3240001 0.117815
3250001 0.11751
3260001 0.117057
3270001 0.11746
3280001 0.117409
3290001 0.117557
3300001 0.117459
3310001 0.117607
3320001 0.117307
3330001 0.11745
3340001 0.117685
3350001 0.118538
3360001 0.118284
3370001 0.116649
3380001 0.116661
3390001 0.117066
3400001 0.116952
3410001 0.117289
3420001 0.118785
3430001 0.118312
3440001 0.117234
3450001 0.117444
3460001 0.11754
3470001 0.116873
3480001 0.118134
3490001 0.117347
3500001 0.11689
3510001 0.117261
3520001 0.117557
3530001 0.117242
3540001 0.116313
3550001 0.117108
3560001 0.117715
3570001 0.117766
3580001 0.117033
3590001 0.11732
3600001 0.117365
3610001 0.116751
3620001 0.11729
3630001 0.118018
3640001 0.119066
3650001 0.118084
3660001 0.117861
3670001 0.117609
3680001 0.117756
3690001 0.118795
3700001 0.119302
3710001 0.118072
3720001 0.117879
3730001 0.117374
3740001 0.118095
3750001 0.11729
3760001 0.118124
3770001 0.11865
3780001 0.118113
3790001 0.118512
3800001 0.118027
3810001 0.117932
3820001 0.118186
3830001 0.118252
3840001 0.118441
3850001 0.117522
3860001 0.11835
3870001 0.118058
3880001 0.118097
3890001 0.118426
3900001 0.117599
3910001 0.117615
3920001 0.118517
3930001 0.118708
3940001 0.118783
3950001 0.118535
3960001 0.121333
3970001 0.118507
3980001 0.120843
3990001 0.117877
4000001 0.117019
4010001 0.118088
4020001 0.117897
4030001 0.117301
4040001 0.117898
4050001 0.117745
4060001 0.117791
4070001 0.117063
4080001 0.117625
4090001 0.117947
4100001 0.117929
4110001 0.118433
4120001 0.117812
4130001 0.117589
4140001 0.117928
4150001 0.117779
4160001 0.117804
4170001 0.118648
4180001 0.118002
4190001 0.118027
4200001 0.117997
4210001 0.118033
4220001 0.118315
4230001 0.117678
4240001 0.118155
4250001 0.117846
4260001 0.118041
4270001 0.117538
4280001 0.118014
4290001 0.117494
4300001 0.118021
4310001 0.117446
4320001 0.118015
4330001 0.117343
4340001 0.117342
4350001 0.117112
4360001 0.117349
4370001 0.116686
4380001 0.116535
4390001 0.116716
4400001 0.117096
4410001 0.117611
4420001 0.117937
4430001 0.117016
4440001 0.117868
4450001 0.117775
4460001 0.117946
4470001 0.11913
4480001 0.117341
4490001 0.117423
4500001 0.117183
4510001 0.117021
4520001 0.116183
4530001 0.116766
4540001 0.116372
4550001 0.116864
4560001 0.117397
4570001 0.11956
4580001 0.116807
4590001 0.117617
4600001 0.117327
4610001 0.116945
4620001 0.117405
4630001 0.117588
4640001 0.117475
4650001 0.117008
4660001 0.116928
4670001 0.117886
4680001 0.117927
4690001 0.116474
4700001 0.117051
4710001 0.117139
4720001 0.116625
4730001 0.117005
4740001 0.116882
4750001 0.117883
4760001 0.117776
4770001 0.118257
4780001 0.117013
4790001 0.117183
4800001 0.11771
4810001 0.117634
4820001 0.1172
4830001 0.117832
4840001 0.117254
4850001 0.117601
4860001 0.116882
4870001 0.116863
4880001 0.116668
4890001 0.117395
4900001 0.117537
4910001 0.117254
4920001 0.116824
4930001 0.117383
4940001 0.117679
4950001 0.117079
4960001 0.117669
4970001 0.117138
4980001 0.117305
4990001 0.11624
5000001 0.116384
5010001 0.116235
5020001 0.116761
5030001 0.116042
5040001 0.116817
5050001 0.116387
5060001 0.117854
5070001 0.117407
5080001 0.117023
5090001 0.117122
5100001 0.116677
5110001 0.116894
5120001 0.117543
5130001 0.11688
5140001 0.117099
5150001 0.118306
5160001 0.117036
5170001 0.117399
5180001 0.116812
5190001 0.117077
5200001 0.117262
5210001 0.117217
5220001 0.116742
5230001 0.116976
5240001 0.116982
5250001 0.117083
5260001 0.116901
5270001 0.117098
5280001 0.116472
5290001 0.117096
5300001 0.11785
5310001 0.116999
5320001 0.117156
5330001 0.117117
5340001 0.117155
5350001 0.11677
5360001 0.117916
5370001 0.116917
5380001 0.118355
5390001 0.117626
5400001 0.117491
5410001 0.116581
5420001 0.11782
5430001 0.117087
5440001 0.117005
5450001 0.117168
5460001 0.117244
5470001 0.117258
5480001 0.117651
5490001 0.116885
5500001 0.118731
5510001 0.116723
5520001 0.11693
5530001 0.116918
5540001 0.117323
5550001 0.117654
5560001 0.116695
5570001 0.116927
5580001 0.116806
5590001 0.117378
5600001 0.116818
5610001 0.117456
5620001 0.117526
5630001 0.11731
5640001 0.117291
5650001 0.117136
5660001 0.117947
5670001 0.116613
5680001 0.117184
5690001 0.117602
5700001 0.116808
5710001 0.116441
5720001 0.116624
5730001 0.117009
5740001 0.116834
5750001 0.116591
5760001 0.116767
5770001 0.116994
5780001 0.11649
5790001 0.117272
5800001 0.116579
5810001 0.117371
5820001 0.116737
5830001 0.117425
5840001 0.117553
5850001 0.117307
5860001 0.117777
5870001 0.118482
5880001 0.117773
5890001 0.118182
5900001 0.117623
5910001 0.117955
5920001 0.117613
5930001 0.117303
5940001 0.117374
5950001 0.117328
5960001 0.116924
5970001 0.116881
5980001 0.117134
5990001 0.117488
6000001 0.11722
6010001 0.117032
6020001 0.116887
6030001 0.11684
6040001 0.116484
6050001 0.117332
6060001 0.117208
6070001 0.117383
6080001 0.118329
6090001 0.117501
6100001 0.116979
6110001 0.117581
6120001 0.117424
6130001 0.116466
6140001 0.117701
6150001 0.117702
6160001 0.117371
6170001 0.117158
6180001 0.117575
6190001 0.117793
6200001 0.117967
6210001 0.118883
6220001 0.117722
6230001 0.117823
6240001 0.116964
6250001 0.11697
6260001 0.116652
6270001 0.118118
6280001 0.116635
6290001 0.117533
6300001 0.117859
6310001 0.117352
6320001 0.11713
6330001 0.117886
6340001 0.117751
6350001 0.117215
6360001 0.117299
6370001 0.117171
6380001 0.118267
6390001 0.117056
6400001 0.119638
6410001 0.118369
6420001 0.118376
6430001 0.117355
6440001 0.117682
6450001 0.117511
6460001 0.118212
6470001 0.117614
6480001 0.117451
6490001 0.117256
6500001 0.117258
6510001 0.117456
6520001 0.118003
6530001 0.117727
6540001 0.117288
6550001 0.117525
6560001 0.116847
6570001 0.117071
6580001 0.117415
6590001 0.116781
6600001 0.116934
6610001 0.116727
6620001 0.117616
6630001 0.117562
6640001 0.116829
6650001 0.117558
6660001 0.116871
6670001 0.116421
6680001 0.11708
6690001 0.116863
6700001 0.117331
6710001 0.116706
6720001 0.117132
6730001 0.117721
6740001 0.116868
6750001 0.117346
6760001 0.116946
6770001 0.117929
6780001 0.119039
6790001 0.117388
6800001 0.117894
6810001 0.117815
6820001 0.117945
6830001 0.118492
6840001 0.117613
6850001 0.118254
6860001 0.117358
6870001 0.117538
6880001 0.118507
6890001 0.117154
6900001 0.11789
6910001 0.117367
6920001 0.117226
6930001 0.118221
6940001 0.117443
6950001 0.117536
6960001 0.116747
6970001 0.116611
6980001 0.11781
6990001 0.117824
7000001 0.125319
7010001 0.117814
7020001 0.117769
7030001 0.117694
7040001 0.118116
7050001 0.118074
7060001 0.117583
7070001 0.118513
7080001 0.117423
7090001 0.117268
7100001 0.116463
7110001 0.117223
7120001 0.117069
7130001 0.116656
7140001 0.117033
7150001 0.11719
7160001 0.117109
7170001 0.11857
7180001 0.117575
7190001 0.117387
7200001 0.117833
7210001 0.1181
7220001 0.116928
7230001 0.11818
7240001 0.117776
7250001 0.1182
7260001 0.117115
7270001 0.116901
7280001 0.117921
7290001 0.117061
7300001 0.117249
7310001 0.117783
7320001 0.117416
7330001 0.117133
7340001 0.116769
7350001 0.116644
7360001 0.117932
7370001 0.116674
7380001 0.116979
7390001 0.118818
7400001 0.116765
7410001 0.117663
7420001 0.116871
7430001 0.116586
7440001 0.11675
7450001 0.116941
7460001 0.11718
7470001 0.117363
7480001 0.117447
7490001 0.117331
7500001 0.11726
7510001 0.117852
7520001 0.117215
7530001 0.117351
7540001 0.117343
7550001 0.116912
7560001 0.117508
7570001 0.117404
7580001 0.117299
7590001 0.118149
7600001 0.117643
7610001 0.117015
7620001 0.117712
7630001 0.117574
7640001 0.117677
7650001 0.117662
7660001 0.117599
7670001 0.117179
7680001 0.117194
7690001 0.117867
7700001 0.116846
7710001 0.117013
7720001 0.117446
7730001 0.117693
7740001 0.117809
7750001 0.117244
7760001 0.117475
7770001 0.117735
7780001 0.117645
7790001 0.117117
7800001 0.117627
7810001 0.117705
7820001 0.117914
7830001 0.117727
7840001 0.118158
7850001 0.118017
7860001 0.117886
7870001 0.117324
7880001 0.117302
7890001 0.118071
7900001 0.117282
7910001 0.118063
7920001 0.117845
7930001 0.117437
7940001 0.117705
7950001 0.117247
7960001 0.117828
7970001 0.117567
7980001 0.118053
7990001 0.117438
8000001 0.117706
8010001 0.117713
8020001 0.117915
8030001 0.118215
8040001 0.117734
8050001 0.11805
8060001 0.11842
8070001 0.117578
8080001 0.118098
8090001 0.11778
8100001 0.117654
8110001 0.117318
8120001 0.117402
8130001 0.117188
8140001 0.117105
8150001 0.116923
8160001 0.117557
8170001 0.117664
8180001 0.116889
8190001 0.118284
8200001 0.118013
8210001 0.117552
8220001 0.11758
8230001 0.116955
8240001 0.119119
8250001 0.118391
8260001 0.117676
8270001 0.11691
8280001 0.117154
8290001 0.117916
8300001 0.117181
8310001 0.118172
8320001 0.117888
8330001 0.117978
8340001 0.117456
8350001 0.11826
8360001 0.118129
8370001 0.118322
8380001 0.118111
8390001 0.117717
8400001 0.117957
8410001 0.117323
8420001 0.117524
8430001 0.11767
8440001 0.11753
8450001 0.117656
8460001 0.116875
8470001 0.116893
8480001 0.11746
8490001 0.117315
8500001 0.117486
8510001 0.117371
8520001 0.117275
8530001 0.118104
8540001 0.117166
8550001 0.117091
8560001 0.116994
8570001 0.118063
8580001 0.117888
8590001 0.117487
8600001 0.117057
8610001 0.117564
8620001 0.117373
8630001 0.117487
8640001 0.117773
8650001 0.117961
8660001 0.117582
8670001 0.11811
8680001 0.117699
8690001 0.117127
8700001 0.117485
8710001 0.117506
8720001 0.117135
8730001 0.116996
8740001 0.117487
8750001 0.11767
8760001 0.117201
8770001 0.11802
8780001 0.117734
8790001 0.117874
8800001 0.117596
8810001 0.117597
8820001 0.117781
8830001 0.117774
8840001 0.11781
8850001 0.118774
8860001 0.117145
8870001 0.117274
8880001 0.117361
8890001 0.117215
8900001 0.117717
8910001 0.118619
8920001 0.117388
8930001 0.117397
8940001 0.117963
8950001 0.117593
8960001 0.117197
8970001 0.116963
8980001 0.117996
8990001 0.117464
9000001 0.117188
9010001 0.117821
9020001 0.117735
9030001 0.117351
9040001 0.117182
9050001 0.116937
9060001 0.118098
9070001 0.117833
9080001 0.117388
9090001 0.117098
9100001 0.118024
9110001 0.117826
9120001 0.118377
9130001 0.117843
9140001 0.119174
9150001 0.117404
9160001 0.117874
9170001 0.117522
9180001 0.117473
9190001 0.117768
9200001 0.11736
9210001 0.117476
9220001 0.117781
9230001 0.11818
9240001 0.117094
9250001 0.118968
9260001 0.117965
9270001 0.11811
9280001 0.117266
9290001 0.116898
9300001 0.117221
9310001 0.117391
9320001 0.118081
9330001 0.117332
9340001 0.117236
9350001 0.117631
9360001 0.11757
9370001 0.118353
9380001 0.117702
9390001 0.117674
9400001 0.117501
9410001 0.117709
9420001 0.117303
9430001 0.116947
9440001 0.117616
9450001 0.117035
9460001 0.11998
9470001 0.118076
9480001 0.117296
9490001 0.117031
9500001 0.117396
9510001 0.117325
9520001 0.117576
9530001 0.11732
9540001 0.117858
9550001 0.118457
9560001 0.117147
9570001 0.117087
9580001 0.116613
9590001 0.117224
9600001 0.117514
9610001 0.117963
9620001 0.117509
9630001 0.117753
9640001 0.117392
9650001 0.116944
9660001 0.116971
9670001 0.117432
9680001 0.117159
9690001 0.117015
9700001 0.117028
9710001 0.117112
9720001 0.117162
9730001 0.116901
9740001 0.117106
9750001 0.116671
9760001 0.116904
9770001 0.118682
9780001 0.117673
9790001 0.117435
9800001 0.117299
9810001 0.117864
9820001 0.117211
9830001 0.117101
9840001 0.117295
9850001 0.117362
9860001 0.11806
9870001 0.117232
9880001 0.117347
9890001 0.118032
9900001 0.117425
9910001 0.11721
9920001 0.118325
9930001 0.117839
9940001 0.117164
9950001 0.116933
9960001 0.117574
9970001 0.117748
9980001 0.11721
9990001 0.117349
