1 2676.37
10001 187.785
20001 104.942
30001 67.108
40001 46.3082
50001 33.8938
60001 26.1218
70001 20.6852
80001 17.125
90001 14.5162
100001 12.5867
110001 11.2154
120001 10.1199
130001 9.34765
140001 8.69416
150001 8.2388
160001 7.83068
170001 7.46463
180001 7.21762
190001 6.98062
200001 6.76154
210001 6.62985
220001 6.52024
230001 6.38787
240001 6.31951
250001 6.20671
260001 6.15582
270001 6.09772
280001 5.99429
290001 5.98799
300001 5.90099
310001 5.89117
320001 5.84655
330001 5.80117
340001 5.81179
350001 5.7308
360001 5.75326
370001 5.76038
380001 5.70986
390001 5.7281
400001 5.68369
410001 5.68662
420001 5.68072
430001 5.63632
440001 5.59992
450001 5.63904
460001 5.65188
470001 5.58998
480001 5.61956
490001 5.6197
500001 5.57387
510001 5.58867
520001 5.60982
530001 5.5901
540001 5.61775
550001 5.59563
560001 5.58288
570001 5.61608
580001 5.59159
590001 5.5351
600001 5.60598
610001 5.53584
620001 5.59185
630001 5.57275
640001 5.5139
650001 5.58169
660001 5.54244
670001 5.51078
680001 5.53356
690001 5.53175
700001 5.53914
710001 5.58005
720001 5.52386
730001 5.58022
740001 5.56502
750001 5.53468
760001 5.53139
770001 5.5508
780001 5.57288
790001 5.54345
800001 5.52075
810001 5.5629
820001 5.52219
830001 5.54604
840001 5.56094
850001 5.54818
860001 5.54915
870001 5.51324
880001 5.55457
890001 5.58504
900001 5.52227
910001 5.51713
920001 5.51052
930001 5.56085
940001 5.54758
950001 5.54563
960001 5.53137
970001 5.51652
980001 5.52495
990001 5.55282
1000001 5.51805
1010001 5.5334
1020001 5.53858
1030001 5.56538
1040001 5.52028
1050001 5.53857
1060001 5.54478
1070001 5.51119
1080001 5.50771
1090001 5.56251
1100001 5.53931
1110001 5.51861
1120001 5.52391
1130001 5.51808
1140001 5.52543
1150001 5.56866
1160001 5.55192
1170001 5.51517
1180001 5.55807
1190001 5.56984
1200001 5.53947
1210001 5.53943
1220001 5.49283
1230001 5.55301
1240001 5.57972
1250001 5.56575
1260001 5.55304
1270001 5.55106
1280001 5.52576
1290001 5.51195
1300001 5.55479
1310001 5.56241
1320001 5.53162
1330001 5.56439
1340001 5.52364
1350001 5.53944
1360001 5.52276
1370001 5.50455
1380001 5.51568
1390001 5.56557
1400001 5.56604
1410001 5.53706
1420001 5.5535
1430001 5.52149
1440001 5.52904
1450001 5.51063
1460001 5.50651
1470001 5.49789
1480001 5.52424
1490001 5.53675
1500001 5.50448
1510001 5.5462
1520001 5.51241
1530001 5.53509
1540001 5.51759
1550001 5.53366
1560001 5.5129
1570001 5.53638
1580001 5.52298
1590001 5.51412
1600001 5.53158
1610001 5.52439
1620001 5.52287
1630001 5.48892
1640001 5.54323
1650001 5.52169
1660001 5.52429
1670001 5.49647
1680001 5.52727
1690001 5.52647
1700001 5.50801
1710001 5.54541
1720001 5.56283
1730001 5.52077
1740001 5.56096
1750001 5.51903
1760001 5.50678
1770001 5.53975
1780001 5.5151
1790001 5.55104
1800001 5.57589
1810001 5.54373
1820001 5.52948
1830001 5.53509
1840001 5.544
1850001 5.53342
1860001 5.50826
1870001 5.5435
1880001 5.54221
1890001 5.50816
1900001 5.54203
1910001 5.53344
1920001 5.54738
1930001 5.53902
1940001 5.51475
1950001 5.55415
1960001 5.4994
1970001 5.50056
1980001 5.53175
1990001 5.52035
2000001 5.5101
2010001 5.56036
2020001 5.54874
2030001 5.53243
2040001 5.52914
2050001 5.53287
2060001 5.51438
2070001 5.4986
2080001 5.52866
2090001 5.55291
2100001 5.52274
2110001 5.53747
2120001 5.5448
2130001 5.53197
2140001 5.53031
2150001 5.54839
2160001 5.53312
2170001 5.54652
2180001 5.49502
2190001 5.53579
2200001 5.52402
2210001 5.56885
2220001 5.53967
2230001 5.59116
2240001 5.52122
2250001 5.51122
2260001 5.5034
2270001 5.53538
2280001 5.5357
2290001 5.55156
2300001 5.52723
2310001 5.51109
2320001 5.52812
2330001 5.56363
2340001 5.53613
2350001 5.53697
2360001 5.5259
2370001 5.55894
2380001 5.52213
2390001 5.50686
2400001 5.55234
2410001 5.51113
2420001 5.55259
2430001 5.53445
2440001 5.51574
2450001 5.52032
2460001 5.54492
2470001 5.51728
2480001 5.54556
2490001 5.51607
2500001 5.5157
2510001 5.52785
2520001 5.50659
2530001 5.55322
2540001 5.53296
2550001 5.48218
2560001 5.51794
2570001 5.54133
2580001 5.52627
2590001 5.57365
2600001 5.51061
2610001 5.53768
2620001 5.56389
2630001 5.52351
2640001 5.53322
2650001 5.51931
2660001 5.52628
2670001 5.52885
2680001 5.52137
2690001 5.51539
2700001 5.55294
2710001 5.52214
2720001 5.50022
2730001 5.5607
2740001 5.54389
2750001 5.4967
2760001 5.52043
2770001 5.54083
2780001 5.52137
2790001 5.514
2800001 5.50993
2810001 5.4936
2820001 5.56027
2830001 5.55682
2840001 5.5531
2850001 5.55436
2860001 5.51136
2870001 5.52592
2880001 5.49785
2890001 5.51747
2900001 5.53373
2910001 5.52128
2920001 5.54044
2930001 5.58264
2940001 5.55649
2950001 5.50947
2960001 5.55901
2970001 5.55139
2980001 5.5326
2990001 5.49951
3000001 5.53843
3010001 5.54665
3020001 5.57757
3030001 5.53129
3040001 5.50328
3050001 5.53577
3060001 5.50098
3070001 5.53434
3080001 5.53899
3090001 5.52753
3100001 5.50962
3110001 5.51501
3120001 5.52406
3130001 5.52611
3140001 5.52937
3150001 5.52817
3160001 5.55412
3170001 5.52566
3180001 5.55605
3190001 5.47785
3200001 5.51187
3210001 5.55308
3220001 5.54039
3230001 5.52246
3240001 5.55253
3250001 5.52488
3260001 5.50544
3270001 5.51851
3280001 5.55574
3290001 5.53907
3300001 5.53644
3310001 5.49789
3320001 5.52715
3330001 5.54372
3340001 5.51962
3350001 5.50624
3360001 5.54364
3370001 5.54129
3380001 5.5243
3390001 5.51724
3400001 5.5274
3410001 5.56695
3420001 5.5513
3430001 5.5015
3440001 5.56635
3450001 5.49087
3460001 5.53463
3470001 5.52514
3480001 5.57007
3490001 5.50326
3500001 5.5268
3510001 5.52836
3520001 5.54304
3530001 5.53004
3540001 5.56146
3550001 5.4993
3560001 5.54372
3570001 5.54406
3580001 5.51072
3590001 5.52782
3600001 5.50959
3610001 5.53934
3620001 5.54908
3630001 5.55777
3640001 5.53925
3650001 5.5124
3660001 5.53646
3670001 5.55934
3680001 5.55307
3690001 5.52498
3700001 5.51456
3710001 5.54147
3720001 5.53372
3730001 5.51924
3740001 5.5405
3750001 5.55951
3760001 5.52038
3770001 5.53118
3780001 5.51812
3790001 5.50751
3800001 5.50643
3810001 5.53784
3820001 5.53544
3830001 5.52176
3840001 5.51757
3850001 5.49302
3860001 5.5404
3870001 5.52971
3880001 5.5368
3890001 5.56186
3900001 5.55391
3910001 5.50021
3920001 5.52619
3930001 5.50731
3940001 5.51303
3950001 5.55219
3960001 5.4945
3970001 5.55338
3980001 5.56883
3990001 5.55562
4000001 5.52165
4010001 5.52786
4020001 5.52879
4030001 5.53502
4040001 5.53478
4050001 5.50934
4060001 5.54531
4070001 5.53688
4080001 5.53917
4090001 5.51742
4100001 5.52394
4110001 5.5531
4120001 5.49211
4130001 5.51864
4140001 5.51828
4150001 5.55339
4160001 5.57397
4170001 5.52772
4180001 5.53604
4190001 5.54989
4200001 5.55931
4210001 5.55012
4220001 5.49977
4230001 5.52148
4240001 5.53081
4250001 5.53322
4260001 5.55461
4270001 5.52473
4280001 5.49442
4290001 5.52959
4300001 5.53663
4310001 5.53396
4320001 5.54494
4330001 5.51803
4340001 5.52609
4350001 5.51984
4360001 5.48678
4370001 5.5447
4380001 5.51261
4390001 5.53576
4400001 5.53704
4410001 5.53142
4420001 5.5543
4430001 5.56071
4440001 5.50369
4450001 5.51691
4460001 5.50449
4470001 5.53602
4480001 5.55332
4490001 5.52123
4500001 5.53919
4510001 5.56038
4520001 5.51956
4530001 5.50818
4540001 5.54204
4550001 5.51845
4560001 5.50583
4570001 5.51092
4580001 5.55381
4590001 5.54327
4600001 5.52356
4610001 5.52969
4620001 5.56156
4630001 5.53012
4640001 5.50991
4650001 5.53593
4660001 5.48542
4670001 5.54025
4680001 5.50255
4690001 5.52415
4700001 5.51155
4710001 5.52997
4720001 5.50661
4730001 5.51913
4740001 5.54997
4750001 5.53494
4760001 5.57656
4770001 5.54325
4780001 5.50914
4790001 5.5097
4800001 5.5288
4810001 5.51957
4820001 5.52801
4830001 5.54587
4840001 5.52557
4850001 5.53122
4860001 5.52133
4870001 5.54798
4880001 5.51748
4890001 5.49227
4900001 5.52493
4910001 5.54624
4920001 5.53925
4930001 5.5208
4940001 5.5502
4950001 5.56149
4960001 5.56092
4970001 5.55994
4980001 5.5121
4990001 5.53983
5000001 5.52518
5010001 5.52587
5020001 5.53951
5030001 5.51407
5040001 5.51026
5050001 5.51199
5060001 5.48703
5070001 5.554
5080001 5.52932
5090001 5.52536
5100001 5.52699
5110001 5.5347
5120001 5.5402
5130001 5.55265
5140001 5.53299
5150001 5.51885
5160001 5.57562
5170001 5.5331
5180001 5.52009
5190001 5.51479
5200001 5.54669
5210001 5.50178
5220001 5.52261
5230001 5.55261
5240001 5.56641
5250001 5.53924
5260001 5.53325
5270001 5.5498
5280001 5.53668
5290001 5.5544
5300001 5.54285
5310001 5.53189
5320001 5.54965
5330001 5.51956
5340001 5.5411
5350001 5.52401
5360001 5.55532
5370001 5.51249
5380001 5.53444
5390001 5.5167
5400001 5.51374
5410001 5.54205
5420001 5.50466
5430001 5.54382
5440001 5.56975
5450001 5.54548
5460001 5.51999
5470001 5.54469
5480001 5.54631
5490001 5.51033
5500001 5.55738
5510001 5.52559
5520001 5.52616
5530001 5.49165
5540001 5.54162
5550001 5.52683
5560001 5.52986
5570001 5.51981
5580001 5.50017
5590001 5.5375
5600001 5.55251
5610001 5.52583
5620001 5.53979
5630001 5.50706
5640001 5.51039
5650001 5.52273
5660001 5.51836
5670001 5.49689
5680001 5.51951
5690001 5.54698
5700001 5.55784
5710001 5.5514
5720001 5.53876
5730001 5.558
5740001 5.52744
5750001 5.50806
5760001 5.51522
5770001 5.53385
5780001 5.52057
5790001 5.54736
5800001 5.53087
5810001 5.56875
5820001 5.51462
5830001 5.5666
5840001 5.55182
5850001 5.55917
5860001 5.52068
5870001 5.55327
5880001 5.50873
5890001 5.57903
5900001 5.53838
5910001 5.54232
5920001 5.52788
5930001 5.56174
5940001 5.54066
5950001 5.55965
5960001 5.52538
5970001 5.52061
5980001 5.62919
5990001 5.59934
6000001 5.53029
6010001 5.53803
6020001 5.55022
6030001 5.51854
6040001 5.51604
6050001 5.53369
6060001 5.56549
6070001 5.55056
6080001 5.51613
6090001 5.54267
6100001 5.53779
6110001 5.52064
6120001 5.52734
6130001 5.52458
6140001 5.53268
6150001 5.53423
6160001 5.54262
6170001 5.52223
6180001 5.52896
6190001 5.51318
6200001 5.52196
6210001 5.54475
6220001 5.52648
6230001 5.51138
6240001 5.52774
6250001 5.55969
6260001 5.51245
6270001 5.55064
6280001 5.49361
6290001 5.549
6300001 5.55283
6310001 5.50044
6320001 5.52535
6330001 5.53365
6340001 5.52098
6350001 5.57849
6360001 5.53341
6370001 5.5393
6380001 5.5031
6390001 5.53431
6400001 5.54378
6410001 5.54439
6420001 5.5407
6430001 5.53763
6440001 5.51698
6450001 5.52425
6460001 5.55682
6470001 5.52129
6480001 5.5356
6490001 5.57908
6500001 5.53275
6510001 5.54143
6520001 5.48863
6530001 5.53902
6540001 5.52706
6550001 5.50604
6560001 5.60594
6570001 5.5204
6580001 5.51646
6590001 5.55245
6600001 5.55436
6610001 5.52821
6620001 5.53362
6630001 5.53018
6640001 5.52852
6650001 5.54744
6660001 5.5643
6670001 5.52231
6680001 5.51776
6690001 5.52925
6700001 5.51593
6710001 5.53562
6720001 5.50185
6730001 5.50103
6740001 5.54107
6750001 5.51315
6760001 5.53775
6770001 5.51156
6780001 5.4995
6790001 5.54409
6800001 5.54866
6810001 5.55265
6820001 5.52856
6830001 5.51701
6840001 5.51253
6850001 5.5043
6860001 5.49971
6870001 5.51681
6880001 5.53199
6890001 5.52771
6900001 5.55502
6910001 5.52792
6920001 5.52826
6930001 5.5644
6940001 5.54823
6950001 5.5272
6960001 5.51441
6970001 5.53868
6980001 5.55292
6990001 5.49815
7000001 5.49826
7010001 5.5198
7020001 5.49745
7030001 5.51365
7040001 5.51046
7050001 5.5302
7060001 5.53903
7070001 5.54722
7080001 5.52125
7090001 5.52456
7100001 5.54673
7110001 5.50031
7120001 5.52026
7130001 5.53104
7140001 5.55802
7150001 5.52575
7160001 5.53264
7170001 5.52515
7180001 5.5125
7190001 5.51109
7200001 5.51996
7210001 5.54446
7220001 5.52187
7230001 5.53625
7240001 5.51572
7250001 5.54745
7260001 5.5598
7270001 5.55229
7280001 5.52063
7290001 5.55792
7300001 5.51639
7310001 5.50832
7320001 5.52294
7330001 5.52956
7340001 5.5848
7350001 5.54652
7360001 5.54423
7370001 5.53258
7380001 5.52798
7390001 5.52392
7400001 5.51261
7410001 5.52548
7420001 5.5197
7430001 5.49273
7440001 5.52284
7450001 5.54572
7460001 5.51994
7470001 5.54372
7480001 5.54735
7490001 5.55979
7500001 5.52548
7510001 5.52328
7520001 5.54714
7530001 5.52913
7540001 5.50697
7550001 5.48953
7560001 5.54035
7570001 5.54366
7580001 5.51904
7590001 5.50646
7600001 5.56618
7610001 5.52917
7620001 5.53705
7630001 5.51728
7640001 5.52554
7650001 5.5738
7660001 5.50884
7670001 5.51765
7680001 5.53205
7690001 5.56606
7700001 5.50749
7710001 5.54786
7720001 5.50922
7730001 5.50131
7740001 5.55817
7750001 5.52577
7760001 5.51369
7770001 5.5285
7780001 5.49739
7790001 5.52141
7800001 5.54632
7810001 5.52861
7820001 5.53747
7830001 5.52533
7840001 5.56825
7850001 5.55448
7860001 5.56047
7870001 5.53415
7880001 5.54697
7890001 5.54369
7900001 5.51311
7910001 5.54504
7920001 5.50759
7930001 5.52678
7940001 5.53491
7950001 5.52855
7960001 5.53556
7970001 5.54763
7980001 5.49286
7990001 5.5403
8000001 5.52893
8010001 5.50673
8020001 5.53591
8030001 5.51307
8040001 5.4916
8050001 5.53499
8060001 5.5358
8070001 5.55894
8080001 5.58646
8090001 5.53694
8100001 5.53147
8110001 5.49578
8120001 5.53531
8130001 5.54584
8140001 5.51499
8150001 5.53795
8160001 5.52971
8170001 5.58391
8180001 5.53339
8190001 5.51631
8200001 5.50638
8210001 5.52796
8220001 5.54233
8230001 5.53297
8240001 5.5275
8250001 5.54765
8260001 5.57204
8270001 5.53831
8280001 5.52836
8290001 5.52829
8300001 5.52057
8310001 5.49629
8320001 5.50674
8330001 5.5137
8340001 5.52507
8350001 5.49968
8360001 5.52325
8370001 5.53985
8380001 5.53324
8390001 5.51904
8400001 5.52042
8410001 5.51036
8420001 5.56313
8430001 5.56891
8440001 5.49814
8450001 5.54281
8460001 5.52858
8470001 5.53177
8480001 5.54319
8490001 5.51928
8500001 5.52191
8510001 5.51351
8520001 5.55202
8530001 5.54158
8540001 5.51841
8550001 5.5018
8560001 5.52914
8570001 5.54748
8580001 5.49988
8590001 5.53086
8600001 5.55757
8610001 5.49703
8620001 5.53253
8630001 5.51976
8640001 5.51118
8650001 5.52407
8660001 5.54817
8670001 5.51144
8680001 5.55713
8690001 5.52751
8700001 5.57879
8710001 5.53094
8720001 5.50421
8730001 5.50903
8740001 5.53483
8750001 5.53527
8760001 5.54479
8770001 5.56545
8780001 5.52226
8790001 5.53817
8800001 5.52185
8810001 5.51323
8820001 5.53082
8830001 5.5415
8840001 5.55442
8850001 5.52471
8860001 5.5132
8870001 5.54063
8880001 5.5205
8890001 5.5296
8900001 5.50429
8910001 5.53739
8920001 5.52935
8930001 5.54099
8940001 5.53524
8950001 5.54106
8960001 5.50388
8970001 5.52881
8980001 5.54911
8990001 5.52061
9000001 5.52161
9010001 5.5562
9020001 5.53792
9030001 5.54315
9040001 5.54263
9050001 5.54066
9060001 5.55734
9070001 5.53717
9080001 5.54506
9090001 5.52964
9100001 5.50673
9110001 5.52792
9120001 5.52241
9130001 5.51803
9140001 5.54366
9150001 5.53355
9160001 5.53165
9170001 5.49421
9180001 5.50064
9190001 5.52531
9200001 5.51517
9210001 5.54232
9220001 5.5523
9230001 5.51223
9240001 5.52217
9250001 5.54206
9260001 5.54244
9270001 5.54033
9280001 5.51791
9290001 5.53759
9300001 5.54265
9310001 5.54223
9320001 5.53415
9330001 5.51655
9340001 5.48203
9350001 5.53893
9360001 5.53588
9370001 5.52837
9380001 5.56323
9390001 5.53533
9400001 5.52481
9410001 5.53608
9420001 5.50089
9430001 5.54086
9440001 5.56569
9450001 5.51765
9460001 5.52124
9470001 5.59352
9480001 5.52122
9490001 5.51014
9500001 5.56707
9510001 5.5365
9520001 5.53665
9530001 5.51768
9540001 5.52588
9550001 5.49582
9560001 5.55604
9570001 5.52895
9580001 5.54595
9590001 5.55199
9600001 5.49542
9610001 5.52664
9620001 5.52323
9630001 5.54917
9640001 5.51408
9650001 5.52677
9660001 5.5516
9670001 5.53143
9680001 5.51201
9690001 5.52444
9700001 5.51285
9710001 5.49622
9720001 5.51786
9730001 5.49882
9740001 5.56675
9750001 5.54595
9760001 5.51326
9770001 5.50596
9780001 5.53198
9790001 5.55208
9800001 5.56951
9810001 5.52023
9820001 5.53912
9830001 5.51976
9840001 5.49919
9850001 5.54609
9860001 5.5279
9870001 5.51785
9880001 5.51688
9890001 5.52532
9900001 5.53463
9910001 5.54021
9920001 5.52144
9930001 5.54203
9940001 5.56027
9950001 5.53577
9960001 5.54387
9970001 5.54893
9980001 5.55894
9990001 5.52097
