1 945.383
10001 33.2248
20001 13.0669
30001 7.11478
40001 4.87687
50001 3.82239
60001 3.25825
70001 2.86071
80001 2.64223
90001 2.49653
100001 2.38568
110001 2.33596
120001 2.28104
130001 2.24484
140001 2.21627
150001 2.20097
160001 2.17661
170001 2.15972
180001 2.17008
190001 2.16923
200001 2.15349
210001 2.15614
220001 2.1658
230001 2.16982
240001 2.14363
250001 2.16574
260001 2.15317
270001 2.15866
280001 2.14178
290001 2.14948
300001 2.13528
310001 2.13853
320001 2.15566
330001 2.14391
340001 2.14762
350001 2.15213
360001 2.14495
370001 2.15444
380001 2.14722
390001 2.15143
400001 2.14709
410001 2.14257
420001 2.16288
430001 2.14208
440001 2.15816
450001 2.13938
460001 2.16547
470001 2.14626
480001 2.15261
490001 2.15043
500001 2.12742
510001 2.13957
520001 2.1618
530001 2.13531
540001 2.13417
550001 2.13143
560001 2.14846
570001 2.15756
580001 2.14879
590001 2.14086
600001 2.14752
610001 2.14191
620001 2.14133
630001 2.1432
640001 2.13349
650001 2.14415
660001 2.15294
670001 2.15313
680001 2.12885
690001 2.13521
700001 2.11836
710001 2.1427
720001 2.15257
730001 2.14873
740001 2.17457
750001 2.15912
760001 2.15377
770001 2.13941
780001 2.13226
790001 2.13684
800001 2.19656
810001 2.13913
820001 2.15566
830001 2.14537
840001 2.13162
850001 2.14444
860001 2.14152
870001 2.15214
880001 2.14818
890001 2.15864
900001 2.12716
910001 2.14312
920001 2.14799
930001 2.133
940001 2.13897
950001 2.14162
960001 2.13924
970001 2.16706
980001 2.13923
990001 2.13686
1000001 2.13294
1010001 2.13522
1020001 2.14027
1030001 2.1425
1040001 2.13018
1050001 2.14126
1060001 2.13847
1070001 2.14597
1080001 2.14647
1090001 2.14732
1100001 2.12812
1110001 2.13508
1120001 2.13207
1130001 2.14069
1140001 2.14738
1150001 2.14636
1160001 2.15699
1170001 2.14543
1180001 2.11786
1190001 2.1441
1200001 2.15538
1210001 2.1237
1220001 2.14358
1230001 2.14878
1240001 2.13206
1250001 2.17388
1260001 2.14877
1270001 2.17332
1280001 2.13942
1290001 2.14713
1300001 2.12784
1310001 2.12366
1320001 2.15932
1330001 2.12884
1340001 2.14379
1350001 2.13811
1360001 2.13036
1370001 2.1302
1380001 2.1325
1390001 2.15786
1400001 2.14
1410001 2.14512
1420001 2.14465
1430001 2.13249
1440001 2.15556
1450001 2.16207
1460001 2.15034
1470001 2.15104
1480001 2.13284
1490001 2.12782
1500001 2.14734
1510001 2.13573
1520001 2.14196
1530001 2.16227
1540001 2.15026
1550001 2.15511
1560001 2.13609
1570001 2.15026
1580001 2.14126
1590001 2.1425
1600001 2.15346
1610001 2.14413
1620001 2.1421
1630001 2.1243
1640001 2.15353
1650001 2.13812
1660001 2.13926
1670001 2.15017
1680001 2.143
1690001 2.14868
1700001 2.14347
1710001 2.14743
1720001 2.12992
1730001 2.13362
1740001 2.12758
1750001 2.16606
1760001 2.13434
1770001 2.15134
1780001 2.13608
1790001 2.1303
1800001 2.1573
1810001 2.17397
1820001 2.14559
1830001 2.14547
1840001 2.1426
1850001 2.15095
1860001 2.14021
1870001 2.15187
1880001 2.14436
1890001 2.13821
1900001 2.16278
1910001 2.14472
1920001 2.15807
1930001 2.1415
1940001 2.12727
1950001 2.1268
1960001 2.13675
1970001 2.12245
1980001 2.12244
1990001 2.15874
2000001 2.22051
2010001 2.13384
2020001 2.16578
2030001 2.14952
2040001 2.14253
2050001 2.13978
2060001 2.13342
2070001 2.15036
2080001 2.14493
2090001 2.14321
2100001 2.15705
2110001 2.1395
2120001 2.14232
2130001 2.15889
2140001 2.14488
2150001 2.15371
2160001 2.13001
2170001 2.13483
2180001 2.15185
2190001 2.13427
2200001 2.13674
2210001 2.13576
2220001 2.15918
2230001 2.14908
2240001 2.13469
2250001 2.13772
2260001 2.1241
2270001 2.15544
2280001 2.15337
2290001 2.13203
2300001 2.15809
2310001 2.12367
2320001 2.13435
2330001 2.13689
2340001 2.16148
2350001 2.15296
2360001 2.14055
2370001 2.1469
2380001 2.14876
2390001 2.12533
2400001 2.1395
2410001 2.13958
2420001 2.1444
2430001 2.14377
2440001 2.14185
2450001 2.14559
2460001 2.16068
2470001 2.16105
2480001 2.15511
2490001 2.15211
2500001 2.15399
2510001 2.15704
2520001 2.15224
2530001 2.14995
2540001 2.12476
2550001 2.14245
2560001 2.16138
2570001 2.13408
2580001 2.13332
2590001 2.13943
2600001 2.12308
2610001 2.10308
2620001 2.14607
2630001 2.14925
2640001 2.14102
2650001 2.14406
2660001 2.1463
2670001 2.15822
2680001 2.13052
2690001 2.13423
2700001 2.1517
2710001 2.15658
2720001 2.14691
2730001 2.1342
2740001 2.15371
2750001 2.13772
2760001 2.15698
2770001 2.14896
2780001 2.13556
2790001 2.15062
2800001 2.14071
2810001 2.13888
2820001 2.14035
2830001 2.14899
2840001 2.15028
2850001 2.13682
2860001 2.13866
2870001 2.16633
2880001 2.13548
2890001 2.15413
2900001 2.1513
2910001 2.13107
2920001 2.15279
2930001 2.14781
2940001 2.18123
2950001 2.15772
2960001 2.15065
2970001 2.13065
2980001 2.14709
2990001 2.14495
3000001 2.12743
3010001 2.12798
3020001 2.14482
3030001 2.15153
3040001 2.14397
3050001 2.1569
3060001 2.13313
3070001 2.14805
3080001 2.12884
3090001 2.13521
3100001 2.12773
3110001 2.14279
3120001 2.13793
3130001 2.14299
3140001 2.17142
3150001 2.1265
3160001 2.14421
3170001 2.14096
3180001 2.14958
3190001 2.14782
3200001 2.1607
3210001 2.14005
3220001 2.14385
3230001 2.20557
3240001 2.14743
3250001 2.13152
3260001 2.13912
3270001 2.1318
3280001 2.14476
3290001 2.15769
3300001 2.14459
3310001 2.15383
3320001 2.14763
3330001 2.14625
3340001 2.14581
3350001 2.1701
3360001 2.14714
3370001 2.14285
3380001 2.12224
3390001 2.12741
3400001 2.12949
3410001 2.13695
3420001 2.15079
3430001 2.15641
3440001 2.14362
3450001 2.14433
3460001 2.14351
3470001 2.13693
3480001 2.15159
3490001 2.14694
3500001 2.12524
3510001 2.13427
3520001 2.1594
3530001 2.14554
3540001 2.12912
3550001 2.13713
3560001 2.12714
3570001 2.15456
3580001 2.13211
3590001 2.14482
3600001 2.14857
3610001 2.13841
3620001 2.14243
3630001 2.16065
3640001 2.17497
3650001 2.14249
3660001 2.13938
3670001 2.15009
3680001 2.14315
3690001 2.16263
3700001 2.16993
3710001 2.15116
3720001 2.16573
3730001 2.15049
3740001 2.14532
3750001 2.1462
3760001 2.12779
3770001 2.13381
3780001 2.13777
3790001 2.15209
3800001 2.14479
3810001 2.14175
3820001 2.14896
3830001 2.1365
3840001 2.15073
3850001 2.13909
3860001 2.17457
3870001 2.13597
3880001 2.13705
3890001 2.1543
3900001 2.13847
3910001 2.13967
3920001 2.15139
3930001 2.14656
3940001 2.17888
3950001 2.14635
3960001 2.1737
3970001 2.13303
3980001 2.18363
3990001 2.15914
4000001 2.13234
4010001 2.15279
4020001 2.15638
4030001 2.14914
4040001 2.15992
4050001 2.13913
4060001 2.13719
4070001 2.11734
4080001 2.14052
4090001 2.15805
4100001 2.14999
4110001 2.16151
4120001 2.15342
4130001 2.14496
4140001 2.1294
4150001 2.13318
4160001 2.1426
4170001 2.15241
4180001 2.13639
4190001 2.14457
4200001 2.14266
4210001 2.15084
4220001 2.14564
4230001 2.1316
4240001 2.15831
4250001 2.15162
4260001 2.14779
4270001 2.13792
4280001 2.14539
4290001 2.13656
4300001 2.14213
4310001 2.12903
4320001 2.16475
4330001 2.14149
4340001 2.133
4350001 2.13455
4360001 2.14329
4370001 2.13256
4380001 2.14099
4390001 2.11949
4400001 2.14491
4410001 2.14394
4420001 2.15117
4430001 2.13654
4440001 2.15823
4450001 2.14757
4460001 2.14407
4470001 2.15468
4480001 2.14822
4490001 2.14998
4500001 2.14835
4510001 2.14391
4520001 2.13413
4530001 2.14278
4540001 2.13723
4550001 2.13876
4560001 2.14611
4570001 2.16424
4580001 2.13324
4590001 2.13923
4600001 2.13519
4610001 2.15168
4620001 2.13044
4630001 2.12881
4640001 2.14499
4650001 2.14529
4660001 2.13526
4670001 2.15629
4680001 2.15011
4690001 2.12258
4700001 2.11998
4710001 2.14655
4720001 2.12805
4730001 2.1636
4740001 2.14629
4750001 2.16002
4760001 2.16598
4770001 2.18019
4780001 2.13208
4790001 2.13395
4800001 2.13621
4810001 2.13523
4820001 2.14123
4830001 2.15431
4840001 2.14092
4850001 2.16944
4860001 2.133
4870001 2.13998
4880001 2.13816
4890001 2.13773
4900001 2.14388
4910001 2.13407
4920001 2.13542
4930001 2.14568
4940001 2.14508
4950001 2.16014
4960001 2.14357
4970001 2.14542
4980001 2.14317
4990001 2.13959
5000001 2.14375
5010001 2.12523
5020001 2.15657
5030001 2.12273
5040001 2.13968
5050001 2.12551
5060001 2.14431
5070001 2.16576
5080001 2.15254
5090001 2.16014
5100001 2.13069
5110001 2.15655
5120001 2.15897
5130001 2.15178
5140001 2.13337
5150001 2.15864
5160001 2.12767
5170001 2.14791
5180001 2.13775
5190001 2.14658
5200001 2.15598
5210001 2.14093
5220001 2.14653
5230001 2.18105
5240001 2.1385
5250001 2.16299
5260001 2.13272
5270001 2.15048
5280001 2.13059
5290001 2.15054
5300001 2.14975
5310001 2.14756
5320001 2.15308
5330001 2.13713
5340001 2.13692
5350001 2.12682
5360001 2.15713
5370001 2.15659
5380001 2.16287
5390001 2.12797
5400001 2.15549
5410001 2.1272
5420001 2.16863
5430001 2.12752
5440001 2.14306
5450001 2.14362
5460001 2.15157
5470001 2.14
5480001 2.15731
5490001 2.13308
5500001 2.15724
5510001 2.13706
5520001 2.13626
5530001 2.1505
5540001 2.14397
5550001 2.1433
5560001 2.13532
5570001 2.14741
5580001 2.14592
5590001 2.15432
5600001 2.15006
5610001 2.15942
5620001 2.14316
5630001 2.14928
5640001 2.13358
5650001 2.13743
5660001 2.15188
5670001 2.14765
5680001 2.15952
5690001 2.17177
5700001 2.1329
5710001 2.12034
5720001 2.1144
5730001 2.13642
5740001 2.14646
5750001 2.13208
5760001 2.13812
5770001 2.15423
5780001 2.12543
5790001 2.16077
5800001 2.15237
5810001 2.15515
5820001 2.12748
5830001 2.15349
5840001 2.15504
5850001 2.15056
5860001 2.1625
5870001 2.15111
5880001 2.14687
5890001 2.15905
5900001 2.15454
5910001 2.15736
5920001 2.14026
5930001 2.13307
5940001 2.14004
5950001 2.13351
5960001 2.14485
5970001 2.14526
5980001 2.15382
5990001 2.16706
6000001 2.14615
6010001 2.12852
6020001 2.14596
6030001 2.12943
6040001 2.13413
6050001 2.16171
6060001 2.15184
6070001 2.1557
6080001 2.14124
6090001 2.15856
6100001 2.13584
6110001 2.1435
6120001 2.15104
6130001 2.12092
6140001 2.14456
6150001 2.1456
6160001 2.14355
6170001 2.16058
6180001 2.16439
6190001 2.1418
6200001 2.15824
6210001 2.16749
6220001 2.13899
6230001 2.15438
6240001 2.14017
6250001 2.1384
6260001 2.1385
6270001 2.15398
6280001 2.13166
6290001 2.14797
6300001 2.14705
6310001 2.17567
6320001 2.1315
6330001 2.14258
6340001 2.1436
6350001 2.13561
6360001 2.15494
6370001 2.12577
6380001 2.14551
6390001 2.1365
6400001 2.15073
6410001 2.15715
6420001 2.14357
6430001 2.13803
6440001 2.14226
6450001 2.12739
6460001 2.15847
6470001 2.13555
6480001 2.15642
6490001 2.14692
6500001 2.14778
6510001 2.15118
6520001 2.15959
6530001 2.14355
6540001 2.144
6550001 2.14143
6560001 2.1453
6570001 2.14349
6580001 2.14752
6590001 2.14367
6600001 2.16074
6610001 2.13146
6620001 2.1571
6630001 2.16147
6640001 2.13817
6650001 2.15815
6660001 2.14639
6670001 2.13747
6680001 2.17037
6690001 2.13932
6700001 2.16626
6710001 2.14273
6720001 2.12774
6730001 2.15229
6740001 2.13492
6750001 2.154
6760001 2.13657
6770001 2.15428
6780001 2.16758
6790001 2.13598
6800001 2.14783
6810001 2.15531
6820001 2.13624
6830001 2.15424
6840001 2.14659
6850001 2.15152
6860001 2.13208
6870001 2.12274
6880001 2.15694
6890001 2.13423
6900001 2.16468
6910001 2.14514
6920001 2.11553
6930001 2.16796
6940001 2.13638
6950001 2.13627
6960001 2.13887
6970001 2.12087
6980001 2.16002
6990001 2.14594
7000001 2.22457
7010001 2.13926
7020001 2.13282
7030001 2.15281
7040001 2.15121
7050001 2.13735
7060001 2.12528
7070001 2.16993
7080001 2.14307
7090001 2.14484
7100001 2.13194
7110001 2.1427
7120001 2.14783
7130001 2.13447
7140001 2.14352
7150001 2.14262
7160001 2.14486
7170001 2.15542
7180001 2.15154
7190001 2.15324
7200001 2.15224
7210001 2.13543
7220001 2.12499
7230001 2.15069
7240001 2.14823
7250001 2.15802
7260001 2.11468
7270001 2.14297
7280001 2.15583
7290001 2.14204
7300001 2.13598
7310001 2.14991
7320001 2.16784
7330001 2.14806
7340001 2.15115
7350001 2.13887
7360001 2.14928
7370001 2.14685
7380001 2.14724
7390001 2.15711
7400001 2.12823
7410001 2.16548
7420001 2.13325
7430001 2.13407
7440001 2.13606
7450001 2.14517
7460001 2.13123
7470001 2.14437
7480001 2.15485
7490001 2.14517
7500001 2.1401
7510001 2.14365
7520001 2.13512
7530001 2.13783
7540001 2.13013
7550001 2.12249
7560001 2.151
7570001 2.15011
7580001 2.13947
7590001 2.14455
7600001 2.14376
7610001 2.12798
7620001 2.14953
7630001 2.1443
7640001 2.14922
7650001 2.14158
7660001 2.13456
7670001 2.13382
7680001 2.14803
7690001 2.16237
7700001 2.14527
7710001 2.13892
7720001 2.14009
7730001 2.14627
7740001 2.15365
7750001 2.13965
7760001 2.13933
7770001 2.16165
7780001 2.15177
7790001 2.13897
7800001 2.14871
7810001 2.14654
7820001 2.13766
7830001 2.14471
7840001 2.16336
7850001 2.15548
7860001 2.14284
7870001 2.14196
7880001 2.11907
7890001 2.151
7900001 2.1408
7910001 2.14601
7920001 2.14001
7930001 2.14204
7940001 2.14042
7950001 2.1496
7960001 2.14705
7970001 2.14024
7980001 2.15233
7990001 2.15294
8000001 2.13232
8010001 2.16294
8020001 2.13282
8030001 2.14908
8040001 2.13241
8050001 2.13958
8060001 2.16457
8070001 2.13982
8080001 2.15009
8090001 2.15093
8100001 2.14671
8110001 2.15623
8120001 2.14858
8130001 2.13383
8140001 2.1254
8150001 2.13774
8160001 2.14856
8170001 2.13188
8180001 2.13471
8190001 2.15947
8200001 2.14928
8210001 2.13529
8220001 2.14723
8230001 2.1354
8240001 2.17146
8250001 2.13682
8260001 2.13476
8270001 2.13639
8280001 2.13761
8290001 2.16399
8300001 2.12645
8310001 2.14525
8320001 2.14735
8330001 2.14252
8340001 2.1452
8350001 2.1377
8360001 2.14789
8370001 2.15301
8380001 2.15066
8390001 2.13402
8400001 2.15366
8410001 2.11944
8420001 2.12616
8430001 2.16403
8440001 2.1373
8450001 2.13691
8460001 2.13777
8470001 2.13862
8480001 2.14422
8490001 2.14333
8500001 2.14204
8510001 2.15118
8520001 2.13965
8530001 2.15697
8540001 2.14379
8550001 2.13514
8560001 2.14698
8570001 2.15027
8580001 2.14614
8590001 2.15118
8600001 2.1356
8610001 2.124
8620001 2.13503
8630001 2.14594
8640001 2.1474
8650001 2.1525
8660001 2.12993
8670001 2.15189
8680001 2.15271
8690001 2.14345
8700001 2.14548
8710001 2.13651
8720001 2.13501
8730001 2.13119
8740001 2.13732
8750001 2.14353
8760001 2.13853
8770001 2.15317
8780001 2.13743
8790001 2.14266
8800001 2.13078
8810001 2.14708
8820001 2.13962
8830001 2.13733
8840001 2.13729
8850001 2.15498
8860001 2.11968
8870001 2.14591
8880001 2.14675
8890001 2.14146
8900001 2.14166
8910001 2.1473
8920001 2.12404
8930001 2.12873
8940001 2.12929
8950001 2.14605
8960001 2.14705
8970001 2.13945
8980001 2.13956
8990001 2.14205
9000001 2.14587
9010001 2.16128
9020001 2.14598
9030001 2.16765
9040001 2.14143
9050001 2.14581
9060001 2.16645
9070001 2.13985
9080001 2.13953
9090001 2.15152
9100001 2.13739
9110001 2.13524
9120001 2.14289
9130001 2.14903
9140001 2.15135
9150001 2.14191
9160001 2.1544
9170001 2.1407
9180001 2.13013
9190001 2.1345
9200001 2.13664
9210001 2.1399
9220001 2.14389
9230001 2.16262
9240001 2.13143
9250001 2.13689
9260001 2.14697
9270001 2.14623
9280001 2.13695
9290001 2.12613
9300001 2.14664
9310001 2.13973
9320001 2.16127
9330001 2.14718
9340001 2.1433
9350001 2.13755
9360001 2.13877
9370001 2.14201
9380001 2.15093
9390001 2.15752
9400001 2.1416
9410001 2.15081
9420001 2.13215
9430001 2.13874
9440001 2.15276
9450001 2.1398
9460001 2.16706
9470001 2.14909
9480001 2.13415
9490001 2.13429
9500001 2.16154
9510001 2.13958
9520001 2.14119
9530001 2.12324
9540001 2.14739
9550001 2.14161
9560001 2.14389
9570001 2.13449
9580001 2.12995
9590001 2.15134
9600001 2.12464
9610001 2.15671
9620001 2.16132
9630001 2.13822
9640001 2.13713
9650001 2.15046
9660001 2.14585
9670001 2.14522
9680001 2.14632
9690001 2.14837
9700001 2.13775
9710001 2.14629
9720001 2.12452
9730001 2.12304
9740001 2.14873
9750001 2.16147
9760001 2.16185
9770001 2.16538
9780001 2.14242
9790001 2.14089
9800001 2.1365
9810001 2.14803
9820001 2.13628
9830001 2.1371
9840001 2.12244
9850001 2.15887
9860001 2.14728
9870001 2.13216
9880001 2.13456
9890001 2.15616
9900001 2.15658
9910001 2.14037
9920001 2.15339
9930001 2.15741
9940001 2.14283
9950001 2.1179
9960001 2.15013
9970001 2.14479
9980001 2.15647
9990001 2.14188
