1 31.31
10001 16.7346
20001 12.3855
30001 9.86191
40001 8.37451
50001 7.41832
60001 6.78949
70001 6.41691
80001 6.13738
90001 5.94139
100001 5.79941
110001 5.69009
120001 5.59956
130001 5.52778
140001 5.46455
150001 5.41296
160001 5.36742
170001 5.32546
180001 5.29
190001 5.25516
200001 5.22574
210001 5.19932
220001 5.17183
230001 5.15765
240001 5.1343
250001 5.11288
260001 5.09259
270001 5.07713
280001 5.05917
290001 5.04336
300001 5.02697
310001 5.01262
320001 5.00082
330001 4.98876
340001 4.97512
350001 4.96339
360001 4.95327
370001 4.94522
380001 4.93555
390001 4.92703
400001 4.92107
410001 4.91504
420001 4.90873
430001 4.90303
440001 4.89664
450001 4.8912
460001 4.88706
470001 4.88095
480001 4.87557
490001 4.8716
500001 4.86753
510001 4.86382
520001 4.86131
530001 4.86119
540001 4.86028
550001 4.85628
560001 4.85512
570001 4.85476
580001 4.85206
590001 4.85073
600001 4.85055
610001 4.85014
620001 4.84927
630001 4.84793
640001 4.84776
650001 4.84667
660001 4.84736
670001 4.84833
680001 4.84848
690001 4.84915
700001 4.85006
710001 4.85142
720001 4.85231
730001 4.85259
740001 4.85272
750001 4.85259
760001 4.85343
770001 4.85668
780001 4.85797
790001 4.85943
800001 4.86096
810001 4.86309
820001 4.86901
830001 4.87043
840001 4.87133
850001 4.87117
860001 4.87558
870001 4.87676
880001 4.87823
890001 4.87886
900001 4.88179
910001 4.88433
920001 4.88874
930001 4.89197
940001 4.89411
950001 4.89599
960001 4.89989
970001 4.90193
980001 4.90286
990001 4.90738
1000001 4.90897
1010001 4.91317
1020001 4.91701
1030001 4.91922
1040001 4.92295
1050001 4.92811
1060001 4.93027
1070001 4.93405
1080001 4.93753
1090001 4.94104
1100001 4.94523
1110001 4.94873
1120001 4.95238
1130001 4.95747
1140001 4.96174
1150001 4.96445
1160001 4.96726
1170001 4.97024
1180001 4.97463
1190001 4.97909
1200001 4.98329
1210001 4.98628
1220001 4.99042
1230001 4.99467
1240001 4.99919
1250001 5.00373
1260001 5.00881
1270001 5.01421
1280001 5.01761
1290001 5.02402
1300001 5.02695
1310001 5.0315
1320001 5.03541
1330001 5.04006
1340001 5.04541
1350001 5.04896
1360001 5.04985
1370001 5.05431
1380001 5.0601
1390001 5.06383
1400001 5.06937
1410001 5.07304
1420001 5.07751
1430001 5.08242
1440001 5.08509
1450001 5.09076
1460001 5.09491
1470001 5.10023
1480001 5.10427
1490001 5.10949
1500001 5.11146
1510001 5.11679
1520001 5.12201
1530001 5.12768
1540001 5.13328
1550001 5.13803
1560001 5.14298
1570001 5.14794
1580001 5.15234
1590001 5.15742
1600001 5.16237
1610001 5.16561
1620001 5.16949
1630001 5.17506
1640001 5.17972
1650001 5.18432
1660001 5.18851
1670001 5.19242
1680001 5.19755
1690001 5.20226
1700001 5.20656
1710001 5.21329
1720001 5.22089
1730001 5.22553
1740001 5.2284
1750001 5.23146
1760001 5.23661
1770001 5.24158
1780001 5.24526
1790001 5.24918
1800001 5.25403
1810001 5.2592
1820001 5.2637
1830001 5.26903
1840001 5.27441
1850001 5.27854
1860001 5.28591
1870001 5.28926
1880001 5.29499
1890001 5.30059
1900001 5.30546
1910001 5.31096
1920001 5.31615
1930001 5.31943
1940001 5.32302
1950001 5.32871
1960001 5.33539
1970001 5.34044
1980001 5.34504
1990001 5.3502
2000001 5.35517
2010001 5.35989
2020001 5.36364
2030001 5.36834
2040001 5.37277
2050001 5.37823
2060001 5.38377
2070001 5.3895
2080001 5.39369
2090001 5.3979
2100001 5.40232
2110001 5.40566
2120001 5.40949
2130001 5.41472
2140001 5.41933
2150001 5.42569
2160001 5.43026
2170001 5.43381
2180001 5.43812
2190001 5.44359
2200001 5.44878
2210001 5.45356
2220001 5.45899
2230001 5.46433
2240001 5.4699
2250001 5.47542
2260001 5.47996
2270001 5.48354
2280001 5.48964
2290001 5.49407
2300001 5.49923
2310001 5.50412
2320001 5.50856
2330001 5.5131
2340001 5.51803
2350001 5.52224
2360001 5.52783
2370001 5.53234
2380001 5.53879
2390001 5.54503
2400001 5.54883
2410001 5.55424
2420001 5.55997
2430001 5.56429
2440001 5.56982
2450001 5.57411
2460001 5.57923
2470001 5.5851
2480001 5.59038
2490001 5.59551
2500001 5.59936
2510001 5.60344
2520001 5.60711
2530001 5.61124
2540001 5.61713
2550001 5.62101
2560001 5.62593
2570001 5.6305
2580001 5.63523
2590001 5.63937
2600001 5.64231
2610001 5.64617
2620001 5.65066
2630001 5.65673
2640001 5.66082
2650001 5.6754
2660001 5.67092
2670001 5.67596
2680001 5.6799
2690001 5.68516
2700001 5.69018
2710001 5.69436
2720001 5.69927
2730001 5.70443
2740001 5.70909
2750001 5.71342
2760001 5.71789
2770001 5.72277
2780001 5.72566
2790001 5.73109
2800001 5.73622
2810001 5.74078
2820001 5.74702
2830001 5.75187
2840001 5.75696
2850001 5.76086
2860001 5.76475
2870001 5.76854
2880001 5.77236
2890001 5.77897
2900001 5.78458
2910001 5.78935
2920001 5.79543
2930001 5.79791
2940001 5.80189
2950001 5.80797
2960001 5.81239
2970001 5.81785
2980001 5.82202
2990001 5.82706
3000001 5.83046
3010001 5.83506
3020001 5.83983
3030001 5.84325
3040001 5.84889
3050001 5.85291
3060001 5.85638
3070001 5.85973
3080001 5.86408
3090001 5.86829
3100001 5.87523
3110001 5.88056
3120001 5.8863
3130001 5.89189
3140001 5.89606
3150001 5.89985
3160001 5.90259
3170001 5.90836
3180001 5.91249
3190001 5.91798
3200001 5.92233
3210001 5.92562
3220001 5.92932
3230001 5.93286
3240001 5.93804
3250001 5.94288
3260001 5.94713
3270001 5.951
3280001 5.95571
3290001 5.96022
3300001 5.96484
3310001 5.96975
3320001 5.97433
3330001 5.97836
3340001 5.98268
3350001 5.98683
3360001 5.99311
3370001 5.99579
3380001 6.00113
3390001 6.00604
3400001 6.01107
3410001 6.01532
3420001 6.02132
3430001 6.02507
3440001 6.02975
3450001 6.03372
3460001 6.03665
3470001 6.04176
3480001 6.04647
3490001 6.05133
3500001 6.0569
3510001 6.06052
3520001 6.06427
3530001 6.06837
3540001 6.07337
3550001 6.07815
3560001 6.08343
3570001 6.08731
3580001 6.09165
3590001 6.09546
3600001 6.10066
3610001 6.1048
3620001 6.10973
3630001 6.11466
3640001 6.11839
3650001 6.12227
3660001 6.12571
3670001 6.13064
3680001 6.13515
3690001 6.14063
3700001 6.14496
3710001 6.14965
3720001 6.15375
3730001 6.15852
3740001 6.16229
3750001 6.16783
3760001 6.17169
3770001 6.17591
3780001 6.18016
3790001 6.18471
3800001 6.18853
3810001 6.19206
3820001 6.19688
3830001 6.20025
3840001 6.20611
3850001 6.21123
3860001 6.21505
3870001 6.21878
3880001 6.22311
3890001 6.22839
3900001 6.23227
3910001 6.2366
3920001 6.24117
3930001 6.24602
3940001 6.25081
3950001 6.25494
3960001 6.25799
3970001 6.26208
3980001 6.26573
3990001 6.27182
4000001 6.27559
4010001 6.28022
4020001 6.28496
4030001 6.28848
4040001 6.29342
4050001 6.29711
4060001 6.30095
4070001 6.30401
4080001 6.308
4090001 6.31298
4100001 6.31781
4110001 6.32159
4120001 6.32467
4130001 6.32935
4140001 6.33329
4150001 6.33781
4160001 6.34284
4170001 6.34733
4180001 6.35112
4190001 6.356
4200001 6.35958
4210001 6.36373
4220001 6.36791
4230001 6.37128
4240001 6.37652
4250001 6.38115
4260001 6.38554
4270001 6.39
4280001 6.39335
4290001 6.39798
4300001 6.40216
4310001 6.40533
4320001 6.40968
4330001 6.41445
4340001 6.41858
4350001 6.42324
4360001 6.42819
4370001 6.43162
4380001 6.43436
4390001 6.4386
4400001 6.44272
4410001 6.44672
4420001 6.4508
4430001 6.45476
4440001 6.46125
4450001 6.46429
4460001 6.46713
4470001 6.47175
4480001 6.47502
4490001 6.47863
4500001 6.48302
4510001 6.48684
4520001 6.49168
4530001 6.49584
4540001 6.49884
4550001 6.50208
4560001 6.50485
4570001 6.50868
4580001 6.51242
4590001 6.5167
4600001 6.52204
4610001 6.52628
4620001 6.53836
4630001 6.54033
4640001 6.54275
4650001 6.54476
4660001 6.54851
4670001 6.55136
4680001 6.55488
4690001 6.55898
4700001 6.56181
4710001 6.56459
4720001 6.56855
4730001 6.57139
4740001 6.57604
4750001 6.58034
4760001 6.58445
4770001 6.58811
4780001 6.59252
4790001 6.59615
4800001 6.60059
4810001 6.60414
4820001 6.60918
4830001 6.61267
4840001 6.61715
4850001 6.62111
4860001 6.62514
4870001 6.62943
4880001 6.63192
4890001 6.63668
4900001 6.64015
4910001 6.64422
4920001 6.64725
4930001 6.65259
4940001 6.65672
4950001 6.66066
4960001 6.66472
4970001 6.66873
4980001 6.67251
4990001 6.67618
5000001 6.68
5010001 6.68366
5020001 6.68715
5030001 6.6918
5040001 6.69486
5050001 6.6996
5060001 6.70335
5070001 6.70774
5080001 6.71212
5090001 6.7154
5100001 6.72048
5110001 6.72331
5120001 6.72731
5130001 6.73105
5140001 6.73563
5150001 6.73905
5160001 6.74404
5170001 6.74746
5180001 6.75148
5190001 6.75507
5200001 6.75852
5210001 6.76289
5220001 6.76618
5230001 6.77105
5240001 6.77495
5250001 6.77814
5260001 6.78052
5270001 6.78497
5280001 6.78889
5290001 6.79334
5300001 6.79815
5310001 6.80097
5320001 6.80528
5330001 6.80878
5340001 6.81264
5350001 6.81652
5360001 6.82006
5370001 6.82386
5380001 6.82754
5390001 6.83132
5400001 6.83456
5410001 6.83793
5420001 6.84258
5430001 6.84535
5440001 6.84942
5450001 6.85292
5460001 6.85712
5470001 6.86082
5480001 6.86461
5490001 6.86794
5500001 6.87168
5510001 6.87601
5520001 6.87895
5530001 6.88315
5540001 6.88708
5550001 6.89072
5560001 6.89536
5570001 6.90019
5580001 6.9034
5590001 6.90709
5600001 6.91052
5610001 6.91312
5620001 6.91729
5630001 6.92182
5640001 6.92543
5650001 6.92936
5660001 6.93373
5670001 6.93591
5680001 6.94014
5690001 6.94264
5700001 6.94686
5710001 6.95136
5720001 6.9542
5730001 6.95887
5740001 6.96215
5750001 6.96584
5760001 6.97007
5770001 6.9723
5780001 6.97574
5790001 6.98057
5800001 6.98413
5810001 6.98724
5820001 6.99214
5830001 6.995
5840001 6.99786
5850001 7.00199
5860001 7.00453
5870001 7.0081
5880001 7.01152
5890001 7.01567
5900001 7.01961
5910001 7.02309
5920001 7.02661
5930001 7.02943
5940001 7.0331
5950001 7.03667
5960001 7.03994
5970001 7.04411
5980001 7.04845
5990001 7.0516
6000001 7.05464
6010001 7.05753
6020001 7.05979
6030001 7.0648
6040001 7.06922
6050001 7.07257
6060001 7.07677
6070001 7.07991
6080001 7.08337
6090001 7.08724
6100001 7.09015
6110001 7.09336
6120001 7.10551
6130001 7.10704
6140001 7.10928
6150001 7.10947
6160001 7.11361
6170001 7.11821
6180001 7.12089
6190001 7.12431
6200001 7.12838
6210001 7.13254
6220001 7.13662
6230001 7.13997
6240001 7.1434
6250001 7.14525
6260001 7.14941
6270001 7.15276
6280001 7.1564
6290001 7.16006
6300001 7.16304
6310001 7.16848
6320001 7.17257
6330001 7.17455
6340001 7.17805
6350001 7.18183
6360001 7.18581
6370001 7.18941
6380001 7.19246
6390001 7.19705
6400001 7.19936
6410001 7.20292
6420001 7.20531
6430001 7.21034
6440001 7.21277
6450001 7.2153
6460001 7.21954
6470001 7.22261
6480001 7.22545
6490001 7.22918
6500001 7.23271
6510001 7.23601
6520001 7.2402
6530001 7.24224
6540001 7.24668
6550001 7.24942
6560001 7.25331
6570001 7.25809
6580001 7.26141
6590001 7.26447
6600001 7.2683
6610001 7.27089
6620001 7.27405
6630001 7.27624
6640001 7.27963
6650001 7.28238
6660001 7.28672
6670001 7.29066
6680001 7.29441
6690001 7.29795
6700001 7.30111
6710001 7.3047
6720001 7.30821
6730001 7.31187
6740001 7.31455
6750001 7.31819
6760001 7.32108
6770001 7.3245
6780001 7.32853
6790001 7.3324
6800001 7.33522
6810001 7.33851
6820001 7.3424
6830001 7.34611
6840001 7.34906
6850001 7.35278
6860001 7.35583
6870001 7.35887
6880001 7.36308
6890001 7.36619
6900001 7.36914
6910001 7.37142
6920001 7.37376
6930001 7.37729
6940001 7.38055
6950001 7.38495
6960001 7.38924
6970001 7.39266
6980001 7.39577
6990001 7.39921
7000001 7.40214
7010001 7.40551
7020001 7.40797
7030001 7.4115
7040001 7.41462
7050001 7.41743
7060001 7.42109
7070001 7.42478
7080001 7.42762
7090001 7.4299
7100001 7.43338
7110001 7.43736
7120001 7.44068
7130001 7.44394
7140001 7.44747
7150001 7.45164
7160001 7.45492
7170001 7.45746
7180001 7.46061
7190001 7.46448
7200001 7.46752
7210001 7.47004
7220001 7.47409
7230001 7.47792
7240001 7.48058
7250001 7.48323
7260001 7.48669
7270001 7.49029
7280001 7.49256
7290001 7.49481
7300001 7.49904
7310001 7.50279
7320001 7.50661
7330001 7.50963
7340001 7.51274
7350001 7.51613
7360001 7.51968
7370001 7.52207
7380001 7.52542
7390001 7.53006
7400001 7.53239
7410001 7.53515
7420001 7.53841
7430001 7.5418
7440001 7.54536
7450001 7.54886
7460001 7.5523
7470001 7.55507
7480001 7.55867
7490001 7.56168
7500001 7.56391
7510001 7.56823
7520001 7.57105
7530001 7.5746
7540001 7.57758
7550001 7.58151
7560001 7.58456
7570001 7.58816
7580001 7.59078
7590001 7.59382
7600001 7.59602
7610001 7.59986
7620001 7.60288
7630001 7.60646
7640001 7.6103
7650001 7.61379
7660001 7.61591
7670001 7.61841
7680001 7.62134
7690001 7.62657
7700001 7.63082
7710001 7.63354
7720001 7.63669
7730001 7.63906
7740001 7.6411
7750001 7.64481
7760001 7.64749
7770001 7.65222
7780001 7.65464
7790001 7.65883
7800001 7.66022
7810001 7.66368
7820001 7.66716
7830001 7.67058
7840001 7.67495
7850001 7.67642
7860001 7.67899
7870001 7.68192
7880001 7.68572
7890001 7.689
7900001 7.69196
7910001 7.6955
7920001 7.69714
7930001 7.7008
7940001 7.70527
7950001 7.7073
7960001 7.71153
7970001 7.71426
7980001 7.71685
7990001 7.72072
8000001 7.72375
8010001 7.72617
8020001 7.72907
8030001 7.73217
8040001 7.73545
8050001 7.73781
8060001 7.74196
8070001 7.74554
8080001 7.74811
8090001 7.7515
8100001 7.75418
8110001 7.75847
8120001 7.7614
8130001 7.7655
8140001 7.76821
8150001 7.77125
8160001 7.77333
8170001 7.77569
8180001 7.77843
8190001 7.78147
8200001 7.78434
8210001 7.78825
8220001 7.79172
8230001 7.79469
8240001 7.79923
8250001 7.80246
8260001 7.80565
8270001 7.80804
8280001 7.81012
8290001 7.81274
8300001 7.81631
8310001 7.81877
8320001 7.82123
8330001 7.8259
8340001 7.82847
8350001 7.8313
8360001 7.83562
8370001 7.8383
8380001 7.84266
8390001 7.84406
8400001 7.84684
8410001 7.84948
8420001 7.85338
8430001 7.85656
8440001 7.86031
8450001 7.8631
8460001 7.86684
8470001 7.86915
8480001 7.87259
8490001 7.87441
8500001 7.87731
8510001 7.8817
8520001 7.88494
8530001 7.88734
8540001 7.89247
8550001 7.89502
8560001 7.8968
8570001 7.90049
8580001 7.9027
8590001 7.90598
8600001 7.90902
8610001 7.91181
8620001 7.91468
8630001 7.9179
8640001 7.92073
8650001 7.92332
8660001 7.92657
8670001 7.92936
8680001 7.93203
8690001 7.93557
8700001 7.93885
8710001 8.10654
8720001 8.03891
8730001 8.00885
8740001 7.98066
8750001 7.97313
8760001 7.97289
8770001 7.97346
8780001 7.9728
8790001 7.97462
8800001 7.9735
8810001 7.97408
8820001 7.97651
8830001 7.97865
8840001 7.98086
8850001 7.98343
8860001 7.98631
8870001 7.98895
8880001 7.99217
8890001 7.99546
8900001 7.99885
8910001 8.00136
8920001 8.00394
8930001 8.00583
8940001 8.00928
8950001 8.01204
8960001 8.01414
8970001 8.01775
8980001 8.01994
8990001 8.0223
9000001 8.02539
9010001 8.029
9020001 8.03255
9030001 8.03529
9040001 8.03725
9050001 8.03899
9060001 8.04214
9070001 8.0455
9080001 8.04843
9090001 8.05148
9100001 8.05399
9110001 8.05786
9120001 8.06003
9130001 8.06349
9140001 8.06588
9150001 8.06833
9160001 8.07182
9170001 8.07527
9180001 8.07807
9190001 8.08144
9200001 8.08361
9210001 8.08685
9220001 8.08919
9230001 8.09222
9240001 8.09568
9250001 8.09855
9260001 8.10051
9270001 8.10335
9280001 8.10519
9290001 8.10855
9300001 8.11142
9310001 8.11558
9320001 8.11858
9330001 8.12122
9340001 8.12451
9350001 8.12707
9360001 8.12903
9370001 8.13198
9380001 8.1347
9390001 8.13741
9400001 8.14029
9410001 8.14411
9420001 8.14698
9430001 8.1503
9440001 8.15275
9450001 8.15528
9460001 8.15855
9470001 8.16168
9480001 8.16384
9490001 8.16794
9500001 8.16983
9510001 8.17379
9520001 8.17594
9530001 8.17846
9540001 8.18134
9550001 8.184
9560001 8.18653
9570001 8.18946
9580001 8.1926
9590001 8.19554
9600001 8.19795
9610001 8.20183
9620001 8.20427
9630001 8.20724
9640001 8.20997
9650001 8.2129
9660001 8.21504
9670001 8.21898
9680001 8.22194
9690001 8.2251
9700001 8.228
9710001 8.22941
9720001 8.23236
9730001 8.23542
9740001 8.23783
9750001 8.24094
9760001 8.24467
9770001 8.24839
9780001 8.25028
9790001 8.25298
9800001 8.25666
9810001 8.25902
9820001 8.26141
9830001 8.2654
9840001 8.26786
9850001 8.26959
9860001 8.27273
9870001 8.27551
9880001 8.27894
9890001 8.2816
9900001 8.28548
9910001 8.2886
9920001 8.29101
9930001 8.29311
9940001 8.298
9950001 8.30039
9960001 8.3023
9970001 8.30556
9980001 8.30825
9990001 8.31049
