1 7.8557
1001 3.99221
2001 2.58804
3001 1.94216
4001 1.49273
5001 1.20146
6001 1.0118
7001 0.878465
8001 0.767228
9001 0.67422
10001 0.599286
11001 0.538776
12001 0.487726
13001 0.445204
14001 0.409924
15001 0.374793
16001 0.347692
17001 0.316907
18001 0.293467
19001 0.271287
20001 0.251246
21001 0.231817
22001 0.216295
23001 0.2039
24001 0.191089
25001 0.179109
26001 0.167832
27001 0.156664
28001 0.148008
29001 0.139438
30001 0.132767
31001 0.125623
32001 0.118926
33001 0.113169
34001 0.108336
35001 0.104064
36001 0.0999202
37001 0.0958381
38001 0.0917045
39001 0.0878086
40001 0.0841829
41001 0.08083
42001 0.0780143
43001 0.0750172
44001 0.0723403
45001 0.070524
46001 0.0686442
47001 0.0666237
48001 0.0643376
49001 0.0626872
50001 0.0617326
51001 0.0597417
52001 0.0582614
53001 0.0573509
54001 0.0561582
55001 0.0548379
56001 0.0538601
57001 0.0528218
58001 0.0520046
59001 0.0511528
60001 0.0503997
61001 0.0496311
62001 0.0486005
63001 0.0480631
64001 0.0470381
65001 0.04664
66001 0.0463947
67001 0.0455564
68001 0.0447967
69001 0.0441064
70001 0.0435956
71001 0.0432178
72001 0.0424645
73001 0.0421583
74001 0.0419876
75001 0.0404351
76001 0.0400984
77001 0.0400888
78001 0.0395278
79001 0.0394584
80001 0.038602
81001 0.0381481
82001 0.0381504
83001 0.037398
84001 0.0371828
85001 0.0370075
86001 0.0363222
87001 0.0358755
88001 0.0358241
89001 0.035535
90001 0.0351623
91001 0.0352263
92001 0.0345326
93001 0.0346043
94001 0.0341948
95001 0.0340059
96001 0.0331552
97001 0.0330373
98001 0.0325156
99001 0.0325947
100001 0.032254
101001 0.0321542
102001 0.0317102
103001 0.0316182
104001 0.0317757
105001 0.0318346
106001 0.0321359
107001 0.0316152
108001 0.0308816
109001 0.0306505
110001 0.0303955
111001 0.0300501
112001 0.0302205
113001 0.0302448
114001 0.0297019
115001 0.0294631
116001 0.0295365
117001 0.0289129
118001 0.0289712
119001 0.028631
120001 0.028045
121001 0.0280252
122001 0.0274838
123001 0.0274004
124001 0.0270536
125001 0.026783
126001 0.0266187
127001 0.0260434
128001 0.0265166
129001 0.0264351
130001 0.0254347
131001 0.0250924
132001 0.0256223
133001 0.0250198
134001 0.0253273
135001 0.025832
136001 0.0253367
137001 0.0249884
138001 0.0256263
139001 0.0255219
140001 0.0250657
141001 0.0252371
142001 0.0250887
143001 0.0254024
144001 0.0252441
145001 0.0257105
146001 0.0257004
147001 0.0246305
148001 0.0243237
149001 0.0255313
150001 0.0242089
151001 0.0240563
152001 0.0234873
153001 0.0232214
154001 0.0230322
155001 0.0233836
156001 0.0228799
157001 0.0228138
158001 0.0232162
159001 0.0232578
160001 0.0227619
161001 0.0221392
162001 0.0229227
163001 0.0227165
164001 0.0224858
165001 0.0225051
166001 0.0224409
167001 0.0221316
168001 0.0222674
169001 0.0217505
170001 0.022548
171001 0.0226598
172001 0.0218455
173001 0.0227175
174001 0.022108
175001 0.0222145
176001 0.0216316
177001 0.0220324
178001 0.0214858
179001 0.0213142
180001 0.0211544
181001 0.0210157
182001 0.0216743
183001 0.02171
184001 0.0212405
185001 0.0215418
186001 0.0219343
187001 0.0215889
188001 0.0215228
189001 0.0209967
190001 0.021981
191001 0.0211562
192001 0.0214505
193001 0.0215101
194001 0.0223637
195001 0.0209291
196001 0.0212733
197001 0.0212669
198001 0.021467
199001 0.0212537
200001 0.021252
201001 0.0214745
202001 0.0211888
203001 0.021562
204001 0.0210336
205001 0.021302
206001 0.0217186
207001 0.0220233
208001 0.0220749
209001 0.0215166
210001 0.0212738
211001 0.0211371
212001 0.0212817
213001 0.0214687
214001 0.0214834
215001 0.0213192
216001 0.0211934
217001 0.0213475
218001 0.020674
219001 0.0211278
220001 0.0214695
221001 0.0210977
222001 0.0212266
223001 0.0206795
224001 0.0204997
225001 0.0205002
226001 0.0206029
227001 0.0206129
228001 0.0204817
229001 0.0200357
230001 0.0213358
231001 0.0205553
232001 0.0198735
233001 0.0205367
234001 0.0211316
235001 0.0210125
236001 0.02136
237001 0.0199913
238001 0.0205625
239001 0.0204964
240001 0.0205707
241001 0.0200222
242001 0.0202478
243001 0.0201725
244001 0.0207986
245001 0.0201819
246001 0.021069
247001 0.0202643
248001 0.0200908
249001 0.0199605
250001 0.0199319
251001 0.0199838
252001 0.0192104
253001 0.0196364
254001 0.0198863
255001 0.0199753
256001 0.0204662
257001 0.0200489
258001 0.0204027
259001 0.0195305
260001 0.0194494
261001 0.0194627
262001 0.020377
263001 0.0210325
264001 0.0211577
265001 0.0203801
266001 0.0202781
267001 0.0205137
268001 0.0206914
269001 0.0198497
270001 0.0203301
271001 0.0200383
272001 0.0202677
273001 0.0195163
274001 0.0202314
275001 0.0209731
276001 0.0209926
277001 0.0202528
278001 0.0204606
279001 0.020848
280001 0.0207833
281001 0.0200289
282001 0.0198848
283001 0.0196065
284001 0.0194754
285001 0.0201324
286001 0.0198578
287001 0.0195133
288001 0.0187787
289001 0.0195036
290001 0.0194231
291001 0.0197754
292001 0.0195752
293001 0.0197141
294001 0.0203108
295001 0.0199187
296001 0.0199396
297001 0.0199351
298001 0.0207919
299001 0.0193272
300001 0.01987
301001 0.0202274
302001 0.0197294
303001 0.0198958
304001 0.0202348
305001 0.0199267
306001 0.0199433
307001 0.019589
308001 0.0197631
309001 0.0194102
310001 0.0197039
311001 0.0203525
312001 0.0191131
313001 0.0193498
314001 0.0192795
315001 0.0201446
316001 0.0192393
317001 0.0191594
318001 0.0191818
319001 0.0195335
320001 0.0189704
321001 0.0187044
322001 0.0189304
323001 0.0190143
324001 0.0190657
325001 0.0191504
326001 0.0196191
327001 0.0193161
328001 0.0198897
329001 0.0192169
330001 0.019563
331001 0.024607
332001 0.020721
333001 0.0196782
334001 0.0198741
335001 0.0191699
336001 0.0201584
337001 0.0192115
338001 0.0205486
339001 0.0198262
340001 0.0201394
341001 0.0193192
342001 0.0184775
343001 0.0186465
344001 0.020126
345001 0.0189241
346001 0.0189596
347001 0.0200457
348001 0.0198877
349001 0.0199585
350001 0.019015
351001 0.0188677
352001 0.0194151
353001 0.019661
354001 0.019122
355001 0.018405
356001 0.0187964
357001 0.020007
358001 0.0193167
359001 0.0192623
360001 0.019361
361001 0.0198791
362001 0.0195607
363001 0.0191609
364001 0.019966
365001 0.0197089
366001 0.019671
367001 0.0196937
368001 0.0204642
369001 0.0191146
370001 0.0202568
371001 0.0198933
372001 0.0198649
373001 0.0200544
374001 0.0201128
375001 0.0195686
376001 0.0204261
377001 0.0193783
378001 0.0199516
379001 0.0198134
380001 0.0201477
381001 0.0195331
382001 0.0196558
383001 0.020364
384001 0.0200708
385001 0.0194602
386001 0.0210572
387001 0.0207128
388001 0.0202704
389001 0.0199431
390001 0.0214658
391001 0.0201754
392001 0.0206608
393001 0.020506
394001 0.0203
395001 0.0198249
396001 0.0199775
397001 0.0193662
398001 0.0201182
399001 0.0192231
400001 0.0198683
401001 0.0195182
402001 0.0194991
403001 0.0195624
404001 0.0196377
405001 0.0206914
406001 0.0203366
407001 0.0196058
408001 0.0197732
409001 0.0195912
410001 0.0197639
411001 0.0187463
412001 0.0186699
413001 0.0196526
414001 0.0199142
415001 0.0193354
416001 0.0190463
417001 0.0192305
418001 0.0186487
419001 0.0183902
420001 0.0179892
421001 0.019068
422001 0.0192779
423001 0.0186714
424001 0.0192641
425001 0.0186336
426001 0.0189751
427001 0.0190299
428001 0.0185181
429001 0.0193426
430001 0.0190183
431001 0.0191832
432001 0.0191607
433001 0.018821
434001 0.0190122
435001 0.0188292
436001 0.0193501
437001 0.0195652
438001 0.0191336
439001 0.019415
440001 0.0202162
441001 0.0194951
442001 0.0196981
443001 0.0191865
444001 0.0200475
445001 0.0193687
446001 0.0191884
447001 0.0197653
448001 0.0194905
449001 0.0198548
450001 0.0193279
451001 0.0190739
452001 0.0191823
453001 0.0195346
454001 0.0195623
455001 0.0196344
456001 0.0192501
457001 0.0192942
458001 0.0190052
459001 0.0186593
460001 0.0189572
461001 0.0184716
462001 0.0190742
463001 0.0193323
464001 0.0189254
465001 0.0191251
466001 0.0191075
467001 0.0186977
468001 0.0187536
469001 0.0192166
470001 0.0186623
471001 0.0195827
472001 0.0185981
473001 0.0191852
474001 0.0196615
475001 0.0189868
476001 0.0187277
477001 0.0194047
478001 0.0191747
479001 0.0197864
480001 0.0195166
481001 0.0190383
482001 0.0185167
483001 0.0194233
484001 0.0195659
485001 0.0193501
486001 0.0187464
487001 0.0185424
488001 0.0186624
489001 0.0180587
490001 0.0178132
491001 0.0180699
492001 0.0190861
493001 0.0187733
494001 0.0178692
495001 0.0178419
496001 0.0182379
497001 0.019241
498001 0.0180433
499001 0.0195977
500001 0.0193751
501001 0.0193198
502001 0.0189227
503001 0.0200053
504001 0.0185738
505001 0.0194926
506001 0.0194175
507001 0.019469
508001 0.0197795
509001 0.0196637
510001 0.0196524
511001 0.0188444
512001 0.0188844
513001 0.0192892
514001 0.0195994
515001 0.0178906
516001 0.0185173
517001 0.0193493
518001 0.0185586
519001 0.0183593
520001 0.0190566
521001 0.0186867
522001 0.0188778
523001 0.0195517
524001 0.0193062
525001 0.0187834
526001 0.0186489
527001 0.0190523
528001 0.0191482
529001 0.0192341
530001 0.0196598
531001 0.0200404
532001 0.0206907
533001 0.0192044
534001 0.0193031
535001 0.0201204
536001 0.0197272
537001 0.0190208
538001 0.0190163
539001 0.0187954
540001 0.0189646
541001 0.018519
542001 0.018905
543001 0.0191455
544001 0.0191549
545001 0.0182798
546001 0.0181475
547001 0.0181414
548001 0.0188395
549001 0.0194333
550001 0.0188323
551001 0.0187862
552001 0.0183506
553001 0.018438
554001 0.0183235
555001 0.0188554
556001 0.0185716
557001 0.0182267
558001 0.0187298
559001 0.0193615
560001 0.0189535
561001 0.0194457
562001 0.0189675
563001 0.019337
564001 0.0192758
565001 0.0191137
566001 0.0193859
567001 0.0195944
568001 0.0197853
569001 0.0189009
570001 0.0191449
571001 0.0197625
572001 0.018125
573001 0.0186621
574001 0.0196795
575001 0.0188478
576001 0.0192469
577001 0.0186472
578001 0.0184286
579001 0.0184255
580001 0.0193586
581001 0.0191062
582001 0.0189587
583001 0.0196738
584001 0.0191925
585001 0.0191374
586001 0.0197129
587001 0.0191345
588001 0.0192431
589001 0.0198526
590001 0.0192993
591001 0.0190449
592001 0.0192191
593001 0.0185231
594001 0.019044
595001 0.0198818
596001 0.0194042
597001 0.0194563
598001 0.0197428
599001 0.0195713
600001 0.0192733
601001 0.0192457
602001 0.0191512
603001 0.0192993
604001 0.0186056
605001 0.0194003
606001 0.0187409
607001 0.0193074
608001 0.019689
609001 0.0185317
610001 0.0188729
611001 0.0196281
612001 0.0192687
613001 0.0190588
614001 0.0191144
615001 0.0189983
616001 0.0183668
617001 0.0194972
618001 0.0198273
619001 0.0194899
620001 0.0198751
621001 0.0192026
622001 0.0201843
623001 0.019141
624001 0.0196309
625001 0.0188452
626001 0.0193674
627001 0.0190214
628001 0.0185198
629001 0.0190312
630001 0.0194502
631001 0.0195581
632001 0.0191002
633001 0.0184398
634001 0.0183654
635001 0.0187387
636001 0.0188095
637001 0.0182481
638001 0.0192712
639001 0.0189637
640001 0.0190057
641001 0.0240743
642001 0.0204031
643001 0.019695
644001 0.0197915
645001 0.019697
646001 0.0190866
647001 0.0196165
648001 0.0195304
649001 0.0193875
650001 0.0201604
651001 0.019983
652001 0.0189101
653001 0.019635
654001 0.0192573
655001 0.0191772
656001 0.019066
657001 0.0193942
658001 0.0190407
659001 0.019113
660001 0.0183447
661001 0.0178284
662001 0.0190778
663001 0.0183406
664001 0.0188819
665001 0.0187391
666001 0.0193631
667001 0.0196554
668001 0.0192642
669001 0.0194473
670001 0.0185612
671001 0.018866
672001 0.0187067
673001 0.019532
674001 0.0190903
675001 0.018818
676001 0.0190448
677001 0.0184988
678001 0.0194839
679001 0.018985
680001 0.0188921
681001 0.0189596
682001 0.0187274
683001 0.0187951
684001 0.0184579
685001 0.0181675
686001 0.0190863
687001 0.0186008
688001 0.0183317
689001 0.0186032
690001 0.0178194
691001 0.0188592
692001 0.0195812
693001 0.0195869
694001 0.0190599
695001 0.0195725
696001 0.0190752
697001 0.0192317
698001 0.0180591
699001 0.0186753
700001 0.0185965
701001 0.0191889
702001 0.0183479
703001 0.0185425
704001 0.0183291
705001 0.018463
706001 0.0189814
707001 0.0183625
708001 0.0186435
709001 0.0186361
710001 0.0188337
711001 0.0190579
712001 0.0187694
713001 0.0184611
714001 0.0189751
715001 0.0190868
716001 0.0191639
717001 0.0193045
718001 0.0182877
719001 0.0190172
720001 0.0189326
721001 0.0186619
722001 0.0187501
723001 0.0186368
724001 0.0180796
725001 0.0175257
726001 0.0186465
727001 0.0189466
728001 0.018268
729001 0.0192036
730001 0.0202325
731001 0.0186708
732001 0.0185927
733001 0.0190252
734001 0.0186933
735001 0.0183891
736001 0.0187912
737001 0.0196609
738001 0.0184859
739001 0.0181288
740001 0.0190814
741001 0.0188783
742001 0.0194486
743001 0.0195762
744001 0.018977
745001 0.0196754
746001 0.0205411
747001 0.0191932
748001 0.0184504
749001 0.0188396
750001 0.0187642
751001 0.0193756
752001 0.0185071
753001 0.0191765
754001 0.0195644
755001 0.0192497
756001 0.0194029
757001 0.0200063
758001 0.02021
759001 0.0192885
760001 0.0195465
761001 0.01971
762001 0.0192584
763001 0.0192783
764001 0.0191634
765001 0.0186173
766001 0.0191005
767001 0.0189198
768001 0.0185594
769001 0.019403
770001 0.0198317
771001 0.020081
772001 0.0194495
773001 0.0185945
774001 0.0188673
775001 0.0190628
776001 0.0192245
777001 0.0193694
778001 0.0185952
779001 0.018688
780001 0.0188215
781001 0.0189312
782001 0.0191599
783001 0.0198784
784001 0.0193479
785001 0.0192801
786001 0.0191647
787001 0.0188776
788001 0.0202027
789001 0.0197499
790001 0.0200336
791001 0.0193429
792001 0.0188412
793001 0.018608
794001 0.0185945
795001 0.0202599
796001 0.0200797
797001 0.0187375
798001 0.0193875
799001 0.0198281
800001 0.0187342
801001 0.0189596
802001 0.0190815
803001 0.0195152
804001 0.0198132
805001 0.0195427
806001 0.0194401
807001 0.0194098
808001 0.0196393
809001 0.0192898
810001 0.0194791
811001 0.020358
812001 0.0199655
813001 0.0198542
814001 0.0199731
815001 0.0198421
816001 0.0196641
817001 0.0185617
818001 0.0189774
819001 0.0191615
820001 0.0185622
821001 0.0195382
822001 0.0192795
823001 0.0192037
824001 0.0190668
825001 0.0190453
826001 0.0196731
827001 0.0190291
828001 0.018816
829001 0.0195552
830001 0.0190435
831001 0.0197873
832001 0.018954
833001 0.0191036
834001 0.0196656
835001 0.01937
836001 0.0190641
837001 0.0190138
838001 0.0186008
839001 0.0187581
840001 0.0184821
841001 0.0200073
842001 0.0198793
843001 0.0203665
844001 0.0192441
845001 0.0196993
846001 0.0193622
847001 0.0188622
848001 0.0192413
849001 0.0191541
850001 0.0188222
851001 0.0188983
852001 0.0190099
853001 0.0193104
854001 0.0187711
855001 0.0187556
856001 0.0187078
857001 0.0190366
858001 0.0194046
859001 0.0190466
860001 0.0185309
861001 0.0186007
862001 0.0192522
863001 0.0191394
864001 0.0195121
865001 0.0193676
866001 0.0193452
867001 0.018414
868001 0.0181548
869001 0.0200253
870001 0.0192868
871001 0.0192856
872001 0.0193166
873001 0.018929
874001 0.0192567
875001 0.0191767
876001 0.0198136
877001 0.0197767
878001 0.0193619
879001 0.0195831
880001 0.0188147
881001 0.0195059
882001 0.0184786
883001 0.0204242
884001 0.0198057
885001 0.0192922
886001 0.0197365
887001 0.0197764
888001 0.0196163
889001 0.0192674
890001 0.0199755
891001 0.0192866
892001 0.0190557
893001 0.0194157
894001 0.0189952
895001 0.0194107
896001 0.0197917
897001 0.0200241
898001 0.0190631
899001 0.0188761
900001 0.0199305
901001 0.0194143
902001 0.0198305
903001 0.0191497
904001 0.0192718
905001 0.0191303
906001 0.0184672
907001 0.0186147
908001 0.01852
909001 0.019334
910001 0.019493
911001 0.0198678
912001 0.0190093
913001 0.0190033
914001 0.0190524
915001 0.0195123
916001 0.0192997
917001 0.0194099
918001 0.0202252
919001 0.0202275
920001 0.0199186
921001 0.0199067
922001 0.0200213
923001 0.0194794
924001 0.019184
925001 0.0190924
926001 0.0192509
927001 0.0198378
928001 0.0188489
929001 0.019596
930001 0.0191628
931001 0.0188428
932001 0.0184351
933001 0.0188535
934001 0.0190981
935001 0.0185777
936001 0.019216
937001 0.019769
938001 0.0183319
939001 0.0190063
940001 0.0190792
941001 0.0192523
942001 0.0202172
943001 0.0195425
944001 0.0203086
945001 0.0194511
946001 0.0193145
947001 0.0189093
948001 0.0185383
949001 0.019119
950001 0.0193145
951001 0.0201267
952001 0.0196028
953001 0.0195619
954001 0.0192759
955001 0.0195706
956001 0.0197035
957001 0.0203975
958001 0.019361
959001 0.0200436
960001 0.0195717
961001 0.0191256
962001 0.0191943
963001 0.0195439
964001 0.0196328
965001 0.0200613
966001 0.0198316
967001 0.0197565
968001 0.0198325
969001 0.0200898
970001 0.018946
971001 0.0201577
972001 0.0199113
973001 0.0192842
974001 0.0199019
975001 0.0188044
976001 0.0189997
977001 0.0192896
978001 0.018589
979001 0.0185932
980001 0.0185609
981001 0.0183898
982001 0.0193313
983001 0.0190253
984001 0.0196032
985001 0.0187597
986001 0.0193425
987001 0.0184574
988001 0.0190396
989001 0.0187895
990001 0.018918
991001 0.0190104
992001 0.0185436
993001 0.0190068
994001 0.0192509
995001 0.0193213
996001 0.0188557
997001 0.018709
998001 0.019131
999001 0.0191728
