1 31.3186
10001 16.9434
20001 12.6407
30001 10.0278
40001 8.27515
50001 7.08874
60001 6.27074
70001 5.6595
80001 5.20374
90001 4.85982
100001 4.58105
110001 4.35376
120001 4.16278
130001 4.00005
140001 3.85536
150001 3.72868
160001 3.61586
170001 3.51235
180001 3.41761
190001 3.33088
200001 3.25046
210001 3.17481
220001 3.10551
230001 3.04002
240001 2.97745
250001 2.91883
260001 2.86388
270001 2.81193
280001 2.76246
290001 2.71602
300001 2.67124
310001 2.62924
320001 2.58847
330001 2.5487
340001 2.51166
350001 2.47561
360001 2.44121
370001 2.40702
380001 2.37561
390001 2.34521
400001 2.3158
410001 2.28826
420001 2.26099
430001 2.23426
440001 2.21058
450001 2.18457
460001 2.16
470001 2.13612
480001 2.11291
490001 2.09017
500001 2.06885
510001 2.04853
520001 2.02796
530001 2.00847
540001 1.98926
550001 1.97073
560001 1.95272
570001 1.93455
580001 1.9173
590001 1.90034
600001 1.88379
610001 1.86777
620001 1.85224
630001 1.83654
640001 1.82196
650001 1.80732
660001 1.79295
670001 1.77882
680001 1.76491
690001 1.75132
700001 1.73793
710001 1.72524
720001 1.71241
730001 1.70012
740001 1.68809
750001 1.67649
760001 1.66468
770001 1.65377
780001 1.6424
790001 1.63161
800001 1.62075
810001 1.61005
820001 1.59968
830001 1.58951
840001 1.57965
850001 1.5699
860001 1.56112
870001 1.5518
880001 1.54176
890001 1.53295
900001 1.52406
910001 1.51541
920001 1.50681
930001 1.49862
940001 1.49049
950001 1.48199
960001 1.47387
970001 1.46643
980001 1.45832
990001 1.45083
1000001 1.44378
1010001 1.43635
1020001 1.42872
1030001 1.42137
1040001 1.42141
1050001 1.40926
1060001 1.40217
1070001 1.3955
1080001 1.38867
1090001 1.38235
1100001 1.37597
1110001 1.37004
1120001 1.36365
1130001 1.35824
1140001 1.35209
1150001 1.34596
1160001 1.34042
1170001 1.33481
1180001 1.32894
1190001 1.32296
1200001 1.31715
1210001 1.31193
1220001 1.30673
1230001 1.30129
1240001 1.29598
1250001 1.29059
1260001 1.28572
1270001 1.28106
1280001 1.27603
1290001 1.2711
1300001 1.26659
1310001 1.26243
1320001 1.25771
1330001 1.25353
1340001 1.24868
1350001 1.24435
1360001 1.24044
1370001 1.23605
1380001 1.2319
1390001 1.22752
1400001 1.22322
1410001 1.21982
1420001 1.2158
1430001 1.21198
1440001 1.20777
1450001 1.20482
1460001 1.20155
1470001 1.19891
1480001 1.19467
1490001 1.19152
1500001 1.18808
1510001 1.18377
1520001 1.18062
1530001 1.17695
1540001 1.17379
1550001 1.1708
1560001 1.16766
1570001 1.1661
1580001 1.16245
1590001 1.15905
1600001 1.1552
1610001 1.15198
1620001 1.14916
1630001 1.14683
1640001 1.14354
1650001 1.14002
1660001 1.13709
1670001 1.13444
1680001 1.13288
1690001 1.12996
1700001 1.12693
1710001 1.12414
1720001 1.12137
1730001 1.11905
1740001 1.11775
1750001 1.11472
1760001 1.1121
1770001 1.10909
1780001 1.10598
1790001 1.1032
1800001 1.10126
1810001 1.09854
1820001 1.0962
1830001 1.09364
1840001 1.09174
1850001 1.09003
1860001 1.08759
1870001 1.08555
1880001 1.08326
1890001 1.081
1900001 1.07872
1910001 1.07651
1920001 1.07459
1930001 1.07272
1940001 1.07154
1950001 1.0693
1960001 1.06774
1970001 1.06595
1980001 1.06399
1990001 1.06261
2000001 1.06075
2010001 1.05893
2020001 1.05729
2030001 1.05527
2040001 1.0537
2050001 1.05176
2060001 1.0508
2070001 1.04924
2080001 1.04754
2090001 1.04597
2100001 1.04395
2110001 1.04253
2120001 1.04071
2130001 1.03881
2140001 1.03778
2150001 1.03625
2160001 1.03494
2170001 1.03374
2180001 1.03202
2190001 1.03046
2200001 1.02891
2210001 1.02804
2220001 1.02713
2230001 1.02534
2240001 1.02398
2250001 1.02215
2260001 1.0209
2270001 1.02013
2280001 1.01889
2290001 1.0172
2300001 1.01615
2310001 1.01432
2320001 1.01313
2330001 1.01257
2340001 1.01122
2350001 1.0103
2360001 1.00892
2370001 1.00802
2380001 1.00729
2390001 1.00584
2400001 1.00505
2410001 1.00382
2420001 1.00308
2430001 1.00224
2440001 1.00143
2450001 0.999603
2460001 0.9996
2470001 0.998425
2480001 0.997213
2490001 0.996748
2500001 0.996597
2510001 0.995151
2520001 0.994034
2530001 0.993464
2540001 0.992128
2550001 0.991476
2560001 0.990332
2570001 0.990072
2580001 0.989068
2590001 0.987625
2600001 0.986847
2610001 0.986122
2620001 0.985572
2630001 0.984348
2640001 0.983756
2650001 0.983107
2660001 0.982582
2670001 0.981297
2680001 0.980892
2690001 0.979957
2700001 0.978635
2710001 0.978009
2720001 0.977468
2730001 0.976462
2740001 0.976302
2750001 0.974983
2760001 0.974013
2770001 0.973501
2780001 0.972464
2790001 0.970879
2800001 0.970205
2810001 0.969659
2820001 0.969595
2830001 0.968324
2840001 0.967745
2850001 0.967521
2860001 0.967807
2870001 0.966468
2880001 0.966425
2890001 0.965537
2900001 0.964724
2910001 0.963978
2920001 0.963555
2930001 0.963
2940001 0.962529
2950001 0.962242
2960001 0.961989
2970001 0.961047
2980001 0.960377
2990001 0.95997
3000001 0.95938
3010001 0.959307
3020001 0.958734
3030001 0.95795
3040001 0.95768
3050001 0.957049
3060001 0.95618
3070001 0.955165
3080001 0.954615
3090001 0.954224
3100001 0.953133
3110001 0.952733
3120001 0.952282
3130001 0.951764
3140001 0.951194
3150001 0.950549
3160001 0.950513
3170001 0.949692
3180001 0.949963
3190001 0.949739
3200001 0.949309
3210001 0.948741
3220001 0.949544
3230001 0.948247
3240001 0.946968
3250001 0.946856
3260001 0.945603
3270001 0.945532
3280001 0.945004
3290001 0.94422
3300001 0.944529
3310001 0.943971
3320001 0.943434
3330001 0.943521
3340001 0.943091
3350001 0.94308
3360001 0.942871
3370001 0.942411
3380001 0.941829
3390001 0.942031
3400001 0.941482
3410001 0.941588
3420001 0.94076
3430001 0.940463
3440001 0.940524
3450001 0.939979
3460001 0.939113
3470001 0.939264
3480001 0.939032
3490001 0.938315
3500001 0.937998
3510001 0.93802
3520001 0.937334
3530001 0.937221
3540001 0.936958
3550001 0.937123
3560001 0.936788
3570001 0.936358
3580001 0.936574
3590001 0.936098
3600001 0.935884
3610001 0.935521
3620001 0.93487
3630001 0.934682
3640001 0.934872
3650001 0.93474
3660001 0.934523
3670001 0.934228
3680001 0.933297
3690001 0.933155
3700001 0.933125
3710001 0.93251
3720001 0.932991
3730001 0.933108
3740001 0.932937
3750001 0.933175
3760001 0.933114
3770001 0.933135
3780001 0.933306
3790001 0.932095
3800001 0.932164
3810001 0.932098
3820001 0.93173
3830001 0.931456
3840001 0.931315
3850001 0.932159
3860001 0.932125
3870001 0.932403
3880001 0.931528
3890001 0.931366
3900001 0.931037
3910001 0.93065
3920001 0.930537
3930001 0.930233
3940001 0.929438
3950001 0.929416
3960001 0.929078
3970001 0.929111
3980001 0.929049
3990001 0.928867
4000001 0.928878
4010001 0.929068
4020001 0.929001
4030001 0.928293
4040001 0.928156
4050001 0.927506
4060001 0.927748
4070001 0.92736
4080001 0.92772
4090001 0.927056
4100001 0.926949
4110001 0.92737
4120001 0.927574
4130001 0.927176
4140001 0.927409
4150001 0.927524
4160001 0.926793
4170001 0.926585
4180001 0.926232
4190001 0.925996
4200001 0.925595
4210001 0.925764
4220001 0.925688
4230001 0.925586
4240001 0.925609
4250001 0.925444
4260001 0.925606
4270001 0.925461
4280001 0.925156
4290001 0.925451
4300001 0.925173
4310001 0.925393
4320001 0.925618
4330001 0.92515
4340001 0.92548
4350001 0.925602
4360001 0.924786
4370001 0.924656
4380001 0.924361
4390001 0.923895
4400001 0.92443
4410001 0.924657
4420001 0.924021
4430001 0.924158
4440001 0.923953
4450001 0.924119
4460001 0.923696
4470001 0.923874
4480001 0.923436
4490001 0.923725
4500001 0.923872
4510001 0.924034
4520001 0.924091
4530001 0.923782
4540001 0.923555
4550001 0.923641
4560001 0.923311
4570001 0.923225
4580001 0.923099
4590001 0.923258
4600001 0.923462
4610001 0.923112
4620001 0.923226
4630001 0.922889
4640001 0.923092
4650001 0.923025
4660001 0.923352
4670001 0.923065
4680001 0.92314
4690001 0.92337
4700001 0.923177
4710001 0.923502
4720001 0.923393
4730001 0.923515
4740001 0.922896
4750001 0.922587
4760001 0.922722
4770001 0.922833
4780001 0.92237
4790001 0.922915
4800001 0.922583
4810001 0.922915
4820001 0.923244
4830001 0.923031
4840001 0.922696
4850001 0.922256
4860001 0.922531
4870001 0.922217
4880001 0.921739
4890001 0.921781
4900001 0.922042
4910001 0.921808
4920001 0.922423
4930001 0.922181
4940001 0.921817
4950001 0.922116
4960001 0.922111
4970001 0.922361
4980001 0.92265
4990001 0.923151
5000001 0.923284
5010001 0.922782
5020001 0.922602
5030001 0.921971
5040001 0.92252
5050001 0.92295
5060001 0.922292
5070001 0.922009
5080001 0.921948
5090001 0.921947
5100001 0.922097
5110001 0.922516
5120001 0.922677
5130001 0.922617
5140001 0.922356
5150001 0.922088
5160001 0.922333
5170001 0.921776
5180001 0.922394
5190001 0.922319
5200001 0.92213
5210001 0.922579
5220001 0.922581
5230001 0.92279
5240001 0.922203
5250001 0.9233
5260001 0.922912
5270001 0.922716
5280001 0.922438
5290001 0.922076
5300001 0.922315
5310001 0.922133
5320001 0.922024
5330001 0.921624
5340001 0.921938
5350001 0.921916
5360001 0.921572
5370001 0.921647
5380001 0.921982
5390001 0.922125
5400001 0.92132
5410001 0.921732
5420001 0.92182
5430001 0.921756
5440001 0.921564
5450001 0.921324
5460001 0.92112
5470001 0.921447
5480001 0.921252
5490001 0.921323
5500001 0.920958
5510001 0.920745
5520001 0.921326
5530001 0.920703
5540001 0.92112
5550001 0.920666
5560001 0.920573
5570001 0.923055
5580001 0.922654
5590001 0.923728
5600001 0.922352
5610001 0.921426
5620001 0.921664
5630001 0.921737
5640001 0.921583
5650001 0.921124
5660001 0.921087
5670001 0.922626
5680001 0.921796
5690001 0.921317
5700001 0.921588
5710001 0.921093
5720001 0.921797
5730001 0.921262
5740001 0.922081
5750001 0.921372
5760001 0.922243
5770001 0.921964
5780001 0.92171
5790001 0.921425
5800001 0.922562
5810001 0.922433
5820001 0.921849
5830001 0.92156
5840001 0.921951
5850001 0.920756
5860001 0.921055
5870001 0.921202
5880001 0.921277
5890001 0.921747
5900001 0.921425
5910001 0.921559
5920001 0.922102
5930001 0.921404
5940001 0.921289
5950001 0.921545
5960001 0.921518
5970001 0.921772
5980001 0.921517
5990001 0.921048
6000001 0.920831
6010001 0.921225
6020001 0.920985
6030001 0.921095
6040001 0.921652
6050001 0.921745
6060001 0.921713
6070001 0.922014
6080001 0.921679
6090001 0.921427
6100001 0.921426
6110001 0.921543
6120001 0.921736
6130001 0.922392
6140001 0.922549
6150001 0.922293
6160001 0.922723
6170001 0.923245
6180001 0.922781
6190001 0.922645
6200001 0.923014
6210001 0.922603
6220001 0.923542
6230001 0.924167
6240001 0.923344
6250001 0.923173
6260001 0.923137
6270001 0.92261
6280001 0.92225
6290001 0.922378
6300001 0.922378
6310001 0.922472
6320001 0.922326
6330001 0.922667
6340001 0.92255
6350001 0.922451
6360001 0.922702
6370001 0.922145
6380001 0.922724
6390001 0.922416
6400001 0.923199
6410001 0.923416
6420001 0.92365
6430001 0.923661
6440001 0.923487
6450001 0.923064
6460001 0.922334
6470001 0.922568
6480001 0.923077
6490001 0.923288
6500001 0.923037
6510001 0.922975
6520001 0.923134
6530001 0.923337
6540001 0.923539
6550001 0.923954
6560001 0.92309
6570001 0.923732
6580001 0.923114
6590001 0.923418
6600001 0.923209
6610001 0.923277
6620001 0.923891
6630001 0.923882
6640001 0.923659
6650001 0.923835
6660001 0.924208
6670001 0.924007
6680001 0.923515
6690001 0.923109
6700001 0.923369
6710001 0.923246
6720001 0.923802
6730001 0.92356
6740001 0.923549
6750001 0.92332
6760001 0.92406
6770001 0.923646
6780001 0.923848
6790001 0.924128
6800001 0.923148
6810001 0.922802
6820001 0.923279
6830001 0.923267
6840001 0.92325
6850001 0.923429
6860001 0.923991
6870001 0.923899
6880001 0.923671
6890001 0.924172
6900001 0.923748
6910001 0.923569
6920001 0.923699
6930001 0.923522
6940001 0.92392
6950001 0.924081
6960001 0.923478
6970001 0.923278
6980001 0.924019
6990001 0.924042
7000001 0.923927
7010001 0.923633
7020001 0.92367
7030001 0.923647
7040001 0.924006
7050001 0.924509
7060001 0.924794
7070001 0.924591
7080001 0.924135
7090001 0.925223
7100001 0.925283
7110001 0.925204
7120001 0.925505
7130001 0.925797
7140001 0.925282
7150001 0.925479
7160001 0.925439
7170001 0.925626
7180001 0.925333
7190001 0.926044
7200001 0.925946
7210001 0.92534
7220001 0.925474
7230001 0.92551
7240001 0.925933
7250001 0.925642
7260001 0.925416
7270001 0.925511
7280001 0.925463
7290001 0.926125
7300001 0.925993
7310001 0.926389
7320001 0.926601
7330001 0.926413
7340001 0.926066
7350001 0.926184
7360001 0.926416
7370001 0.92621
7380001 0.926428
7390001 0.925813
7400001 0.926516
7410001 0.926908
7420001 0.926761
7430001 0.92703
7440001 0.926602
7450001 0.926815
7460001 0.926658
7470001 0.926979
7480001 0.927214
7490001 0.927288
7500001 0.926832
7510001 0.926928
7520001 0.926823
7530001 0.926908
7540001 0.927385
7550001 0.92738
7560001 0.92754
7570001 0.92759
7580001 0.927538
7590001 0.927979
7600001 0.927607
7610001 0.928038
7620001 0.927964
7630001 0.927299
7640001 0.926783
7650001 0.926336
7660001 0.926997
7670001 0.927106
7680001 0.926739
7690001 0.926239
7700001 0.926293
7710001 0.926461
7720001 0.926339
7730001 0.926647
7740001 0.926589
7750001 0.926431
7760001 0.926574
7770001 0.9269
7780001 0.927337
7790001 0.927259
7800001 0.927631
7810001 0.92822
7820001 0.928167
7830001 0.9279
7840001 0.927926
7850001 0.928732
7860001 0.928944
7870001 0.929148
7880001 0.928561
7890001 0.928688
7900001 0.929984
7910001 0.929156
7920001 0.928439
7930001 0.928073
7940001 0.927804
7950001 0.928046
7960001 0.928676
7970001 0.9289
7980001 0.929255
7990001 0.928964
8000001 0.929142
8010001 0.929308
8020001 0.929635
8030001 0.929163
8040001 0.928945
8050001 0.928398
8060001 0.928901
8070001 0.929174
8080001 0.929125
8090001 0.929254
8100001 0.929336
8110001 0.928965
8120001 0.929344
8130001 0.929476
8140001 0.929356
8150001 0.929152
8160001 0.928973
8170001 0.928666
8180001 0.928629
8190001 0.929129
8200001 0.929462
8210001 0.929284
8220001 0.929559
8230001 0.929821
8240001 0.929707
8250001 0.929718
8260001 0.93056
8270001 0.930176
8280001 0.929763
8290001 0.929834
8300001 0.929582
8310001 0.929991
8320001 0.930727
8330001 0.930536
8340001 0.931106
8350001 0.930521
8360001 0.930968
8370001 0.930633
8380001 0.930918
8390001 0.930912
8400001 0.931024
8410001 0.931145
8420001 0.930577
8430001 0.93039
8440001 0.930836
8450001 0.930612
8460001 0.931095
8470001 0.931193
8480001 0.931306
8490001 0.93126
8500001 0.931537
8510001 0.931435
8520001 0.931315
8530001 0.931569
8540001 0.931839
8550001 0.931593
8560001 0.931034
8570001 0.931994
8580001 0.931644
8590001 0.931656
8600001 0.931639
8610001 0.931948
8620001 0.93146
8630001 0.931562
8640001 0.932174
8650001 0.932403
8660001 0.932523
8670001 0.932456
8680001 0.932087
8690001 0.932432
8700001 0.932157
8710001 0.932571
8720001 0.932701
8730001 0.932483
8740001 0.932696
8750001 0.93311
8760001 0.931975
8770001 0.932348
8780001 0.932817
8790001 0.932974
8800001 0.933738
8810001 0.934123
8820001 0.936544
8830001 0.935575
8840001 0.934746
8850001 0.934184
8860001 0.93367
8870001 0.933123
8880001 0.932608
8890001 0.93253
8900001 0.932814
8910001 0.933116
8920001 0.933178
8930001 0.933282
8940001 0.933526
8950001 0.933567
8960001 0.933892
8970001 0.93375
8980001 0.933929
8990001 0.933665
9000001 0.933908
9010001 0.933895
9020001 0.93349
9030001 0.933452
9040001 0.933395
9050001 0.933208
9060001 0.933431
9070001 0.933233
9080001 0.933791
9090001 0.93358
9100001 0.933465
9110001 0.933793
9120001 0.933952
9130001 0.933921
9140001 0.933228
9150001 0.933739
9160001 0.933403
9170001 0.933521
9180001 0.933053
9190001 0.933095
9200001 0.933837
9210001 0.934185
9220001 0.933638
9230001 0.933998
9240001 0.933658
9250001 0.933505
9260001 0.933255
9270001 0.93312
9280001 0.933164
9290001 0.933456
9300001 0.933509
9310001 0.93343
9320001 0.932995
9330001 0.933659
9340001 0.933576
9350001 0.934221
9360001 0.933805
9370001 0.93343
9380001 0.933625
9390001 0.934337
9400001 0.934976
9410001 0.934872
9420001 0.935058
9430001 0.934814
9440001 0.934646
9450001 0.934414
9460001 0.933957
9470001 0.933847
9480001 0.934189
9490001 0.934219
9500001 0.934381
9510001 0.934141
9520001 0.934019
9530001 0.934032
9540001 0.93431
9550001 0.934474
9560001 0.9346
9570001 0.934683
9580001 0.934517
9590001 0.934031
9600001 0.933771
9610001 0.934463
9620001 0.934213
9630001 0.933935
9640001 0.933863
9650001 0.934347
9660001 0.934441
9670001 0.934425
9680001 0.934542
9690001 0.935014
9700001 0.935072
9710001 0.934555
9720001 0.934779
9730001 0.934764
9740001 0.935078
9750001 0.935536
9760001 0.935392
9770001 0.936046
9780001 0.936398
9790001 0.93632
9800001 0.936026
9810001 0.935742
9820001 0.935902
9830001 0.936067
9840001 0.935944
9850001 0.936489
9860001 0.936019
9870001 0.935676
9880001 0.935878
9890001 0.93664
9900001 0.936096
9910001 0.936332
9920001 0.936673
9930001 0.936959
9940001 0.93653
9950001 0.936462
9960001 0.936222
9970001 0.935838
9980001 0.936264
9990001 0.936557
10000001 0.936853
10010001 0.936358
10020001 0.936114
10030001 0.936812
10040001 0.936859
10050001 0.936799
10060001 0.937057
10070001 0.936958
10080001 0.936478
10090001 0.93683
10100001 0.936754
10110001 0.936486
10120001 0.936575
10130001 0.936623
10140001 0.936678
10150001 0.93673
10160001 0.936657
10170001 0.937323
10180001 0.937416
10190001 0.937905
10200001 0.937415
10210001 0.937262
10220001 0.937661
10230001 0.937575
10240001 0.937918
10250001 0.937603
10260001 0.93729
10270001 0.937288
10280001 0.937539
10290001 0.937919
10300001 0.938285
10310001 0.93805
10320001 0.938727
10330001 0.938345
10340001 0.93878
10350001 0.939537
10360001 0.939572
10370001 0.938652
10380001 0.938784
10390001 0.938286
10400001 0.938636
10410001 0.940522
10420001 0.939791
10430001 0.941532
10440001 0.939289
10450001 0.939496
10460001 0.939066
10470001 0.938501
10480001 0.938624
10490001 0.93856
10500001 0.9394
10510001 0.939252
10520001 0.939541
10530001 0.939378
10540001 0.939167
10550001 0.938958
10560001 0.938795
10570001 0.938784
10580001 0.93899
10590001 0.939079
10600001 0.939338
10610001 0.939649
10620001 0.939752
10630001 0.939479
10640001 0.93951
10650001 0.939703
10660001 0.939666
10670001 0.939268
10680001 0.939814
10690001 0.939623
10700001 0.939356
10710001 0.940598
10720001 0.941002
10730001 0.940017
10740001 0.939845
10750001 0.94039
10760001 0.940388
10770001 0.939922
10780001 0.94049
10790001 0.940423
10800001 0.940459
10810001 0.940599
10820001 0.940598
10830001 0.940531
10840001 0.940008
10850001 0.940556
10860001 0.941491
10870001 0.940328
10880001 0.940685
10890001 0.94122
10900001 0.941199
10910001 0.941354
10920001 0.941144
10930001 0.941082
10940001 0.94174
10950001 0.941074
10960001 0.941244
10970001 0.941298
10980001 0.94143
10990001 0.941672
11000001 0.942112
11010001 0.942532
11020001 0.942452
11030001 0.942192
11040001 0.941867
11050001 0.942748
11060001 0.943094
11070001 0.942653
11080001 0.942509
11090001 0.946164
11100001 0.945194
11110001 0.944959
11120001 0.94236
11130001 0.942404
11140001 0.942056
11150001 0.942581
11160001 0.94245
11170001 0.942694
11180001 0.942002
11190001 0.942143
11200001 0.942583
11210001 0.942671
11220001 0.942729
11230001 0.943755
11240001 0.943412
11250001 0.943286
11260001 0.943146
11270001 0.943103
11280001 0.943384
11290001 0.943668
11300001 0.943541
11310001 0.943479
11320001 0.944032
11330001 0.943452
11340001 0.943212
11350001 0.943328
11360001 0.942984
11370001 0.942654
11380001 0.94364
11390001 0.944415
11400001 0.944434
11410001 0.944231
11420001 0.943754
11430001 0.948758
11440001 0.946855
11450001 0.946401
11460001 0.948215
11470001 0.947003
11480001 0.946504
11490001 0.945071
11500001 0.944599
11510001 0.944943
11520001 0.944168
11530001 0.943464
11540001 0.943894
11550001 0.944019
11560001 0.94413
11570001 0.944045
11580001 0.943374
11590001 0.943142
11600001 0.942624
11610001 0.942851
11620001 0.942753
11630001 0.942602
11640001 0.942984
11650001 0.942754
11660001 0.943075
11670001 0.943116
11680001 0.943097
11690001 0.943487
11700001 0.943364
11710001 0.943154
11720001 0.942956
11730001 0.948923
11740001 0.945131
11750001 0.943509
11760001 0.943936
11770001 0.94359
11780001 0.943406
11790001 0.943156
11800001 0.943339
11810001 0.943026
11820001 0.943111
11830001 0.943233
11840001 0.943751
11850001 0.943287
11860001 0.943182
11870001 0.944034
11880001 0.944175
11890001 0.944068
11900001 0.943526
11910001 0.943452
11920001 0.943383
11930001 0.943755
11940001 0.944834
11950001 0.944344
11960001 0.944005
11970001 0.943866
11980001 0.943937
11990001 0.944311
12000001 0.943583
12010001 0.943345
12020001 0.943717
12030001 0.943699
12040001 0.944034
12050001 0.943014
12060001 0.943096
12070001 0.942836
12080001 0.942346
12090001 0.942507
12100001 0.942615
12110001 0.943007
12120001 0.943467
12130001 0.943285
12140001 0.943559
12150001 0.943606
12160001 0.943464
12170001 0.943923
12180001 0.943958
12190001 0.943846
12200001 0.944381
12210001 0.944453
12220001 0.944158
12230001 0.944467
12240001 0.943822
12250001 0.943426
12260001 0.943949
12270001 0.943787
12280001 0.943596
12290001 0.943598
12300001 0.944075
12310001 0.944019
12320001 0.943498
12330001 0.943637
12340001 0.943635
12350001 0.943669
12360001 0.943653
12370001 0.943804
12380001 0.94352
12390001 0.943271
12400001 0.943494
12410001 0.943567
12420001 0.943354
12430001 0.94327
12440001 0.944538
12450001 0.943326
12460001 0.943269
12470001 0.94314
12480001 0.943091
12490001 0.943317
12500001 0.942981
12510001 0.943526
12520001 0.943382
12530001 0.943492
12540001 0.94328
12550001 0.943432
12560001 0.9437
12570001 0.94353
12580001 0.943691
12590001 0.943678
12600001 0.943403
12610001 0.943937
12620001 0.943894
12630001 0.943799
12640001 0.943281
12650001 0.943961
12660001 0.943607
12670001 0.94333
12680001 0.943378
12690001 0.943862
12700001 0.943864
12710001 0.945159
12720001 0.944392
12730001 0.944049
12740001 0.944033
12750001 0.943922
12760001 0.943932
12770001 0.944235
12780001 0.944289
12790001 0.943904
12800001 0.943768
12810001 0.943819
12820001 0.943842
12830001 0.944133
12840001 0.944284
12850001 0.944191
12860001 0.943446
12870001 0.944003
12880001 0.944581
12890001 0.944404
12900001 0.944666
12910001 0.944231
12920001 0.944338
12930001 0.945002
12940001 0.944839
12950001 0.944823
12960001 0.944778
12970001 0.944822
12980001 0.944854
12990001 0.945088
13000001 0.944803
13010001 0.945045
13020001 0.944969
13030001 0.944438
13040001 0.94478
13050001 0.944911
13060001 0.945405
13070001 0.945438
13080001 0.944907
13090001 0.945116
13100001 0.945681
13110001 0.945453
13120001 0.945865
13130001 0.946454
13140001 0.946338
13150001 0.946018
13160001 0.945873
13170001 0.945732
13180001 0.945282
13190001 0.945688
13200001 0.945613
13210001 0.945718
13220001 0.945791
13230001 0.946703
13240001 0.946852
13250001 0.946357
13260001 0.946273
13270001 0.94574
13280001 0.945761
13290001 0.946524
13300001 0.946539
13310001 0.946139
13320001 0.946174
13330001 0.946394
13340001 0.94703
13350001 0.946828
13360001 0.946534
13370001 0.946543
13380001 0.946808
13390001 0.94711
13400001 0.947745
13410001 0.948257
13420001 0.947544
13430001 0.946723
13440001 0.946778
13450001 0.946914
13460001 0.947028
13470001 0.946753
13480001 0.946231
13490001 0.946564
13500001 0.9468
13510001 0.946722
13520001 0.94688
13530001 0.947377
13540001 0.947053
13550001 0.947219
13560001 0.947306
13570001 0.947741
13580001 0.947661
13590001 0.948127
13600001 0.947781
13610001 0.947179
13620001 0.948138
13630001 0.947706
13640001 0.947248
13650001 0.948262
13660001 0.94756
13670001 0.948065
13680001 0.947291
13690001 0.947173
13700001 0.947341
13710001 0.947735
13720001 0.946945
13730001 0.946681
13740001 0.946909
13750001 0.947033
13760001 0.946889
13770001 0.947101
13780001 0.946612
13790001 0.946685
13800001 0.946305
13810001 0.946878
13820001 0.946252
13830001 0.946357
13840001 0.946644
13850001 0.9467
13860001 0.946769
13870001 0.946702
13880001 0.947098
13890001 0.947094
13900001 0.946789
13910001 0.946705
13920001 0.946848
13930001 0.948239
13940001 0.947778
13950001 0.947715
13960001 0.94794
13970001 0.948153
13980001 0.947786
13990001 0.948393
14000001 0.947819
14010001 0.947183
14020001 0.94743
14030001 0.947169
14040001 0.946873
14050001 0.946599
14060001 0.947227
14070001 0.947657
14080001 0.947556
14090001 0.947906
14100001 0.948211
14110001 0.947816
14120001 0.947852
14130001 0.947438
14140001 0.947421
14150001 0.947456
14160001 0.947976
14170001 0.948281
14180001 0.948337
14190001 0.948026
14200001 0.947416
14210001 0.947877
14220001 0.947593
14230001 0.948094
14240001 0.949572
14250001 0.948634
14260001 0.948027
14270001 0.94751
14280001 0.948049
14290001 0.948021
14300001 0.948233
14310001 0.948995
14320001 0.948831
14330001 0.949332
14340001 0.948706
14350001 0.948722
14360001 0.949401
14370001 0.949129
14380001 0.949235
14390001 0.948583
14400001 0.94883
14410001 0.949462
14420001 0.949406
14430001 0.948962
14440001 0.948861
14450001 0.948625
14460001 0.948282
14470001 0.949026
14480001 0.948918
14490001 0.94943
14500001 0.949282
14510001 0.949244
14520001 0.949218
14530001 0.949935
14540001 0.949698
14550001 0.94911
14560001 0.950116
14570001 0.949615
14580001 0.949612
14590001 0.949655
14600001 0.949833
14610001 0.949868
14620001 0.950441
14630001 0.950464
14640001 0.950507
14650001 0.949935
14660001 0.950119
14670001 0.950341
14680001 0.950158
14690001 0.950215
14700001 0.950443
14710001 0.950114
14720001 0.949922
14730001 0.949448
14740001 0.949206
14750001 0.949483
14760001 0.950083
14770001 0.94908
14780001 0.94874
14790001 0.949299
14800001 0.949487
14810001 0.949719
14820001 0.94925
14830001 0.949563
14840001 0.949596
14850001 0.949793
14860001 0.949263
14870001 0.949623
14880001 0.950987
14890001 0.949948
14900001 0.949547
14910001 0.949882
14920001 0.949949
14930001 0.951515
14940001 0.951066
14950001 0.950828
14960001 0.950716
14970001 0.950261
14980001 0.949884
14990001 0.950139
15000001 0.950465
15010001 0.950307
15020001 0.950533
15030001 0.950388
15040001 0.950667
15050001 0.950785
15060001 0.951017
15070001 0.951046
15080001 0.951209
15090001 0.951734
15100001 0.951679
15110001 0.951523
15120001 0.95127
15130001 0.951005
15140001 0.951403
15150001 0.951407
15160001 0.952996
15170001 0.952685
15180001 0.953054
15190001 0.952611
15200001 0.953054
15210001 0.953046
15220001 0.952646
15230001 0.952333
15240001 0.952207
15250001 0.952554
15260001 0.952596
15270001 0.951944
15280001 0.952685
15290001 0.952474
15300001 0.952696
15310001 0.953022
15320001 0.952558
15330001 0.952324
15340001 0.952557
15350001 0.952817
15360001 0.952746
15370001 0.953154
15380001 0.952802
15390001 0.952349
15400001 0.951662
15410001 0.951635
15420001 0.951633
15430001 0.951652
15440001 0.95206
15450001 0.952217
15460001 0.952516
15470001 0.951912
15480001 0.951995
15490001 0.95206
15500001 0.952361
15510001 0.95227
15520001 0.952334
15530001 0.952417
15540001 0.952498
15550001 0.952795
15560001 0.952748
15570001 0.95298
15580001 0.953267
15590001 0.952711
15600001 0.952159
15610001 0.952509
15620001 0.953041
15630001 0.952908
15640001 0.952859
15650001 0.952432
15660001 0.952492
15670001 0.952574
15680001 0.953077
15690001 0.952616
15700001 0.953073
15710001 0.953611
15720001 0.953634
15730001 0.953256
15740001 0.953049
15750001 0.952895
15760001 0.953324
15770001 0.953872
15780001 0.953594
15790001 0.953758
15800001 0.953782
15810001 0.953558
15820001 0.953209
15830001 0.9533
15840001 0.953613
15850001 0.952952
15860001 0.95288
15870001 0.952899
15880001 0.953173
15890001 0.953352
15900001 0.953436
15910001 0.953783
15920001 0.953932
15930001 0.953236
15940001 0.953293
15950001 0.953627
15960001 0.95293
15970001 0.952798
15980001 0.953
15990001 0.952645
16000001 0.9526
16010001 0.952599
16020001 0.952421
16030001 0.952894
16040001 0.953103
16050001 0.953048
16060001 0.953125
16070001 0.953518
16080001 0.95407
16090001 0.953622
16100001 0.95333
16110001 0.953538
16120001 0.953305
16130001 0.953121
16140001 0.953377
16150001 0.953602
16160001 0.954072
16170001 0.954077
16180001 0.954056
16190001 0.953759
16200001 0.95357
16210001 0.953379
16220001 0.954151
16230001 0.954004
16240001 0.953931
16250001 0.954239
16260001 0.95395
16270001 0.953894
16280001 0.954128
16290001 0.954585
16300001 0.954124
16310001 0.953745
16320001 0.954694
16330001 0.953989
16340001 0.953947
16350001 0.95415
16360001 0.955047
16370001 0.954334
16380001 0.95355
16390001 0.953858
16400001 0.953955
16410001 0.953773
16420001 0.954014
16430001 0.954061
16440001 0.953966
16450001 0.953842
16460001 0.953952
16470001 0.953793
16480001 0.953537
16490001 0.953193
16500001 0.95344
16510001 0.953949
16520001 0.953496
16530001 0.954439
16540001 0.954257
16550001 0.954017
16560001 0.954361
16570001 0.954391
16580001 0.954726
16590001 0.954997
16600001 0.955411
16610001 0.95552
16620001 0.954892
16630001 0.954467
16640001 0.954821
16650001 0.954697
16660001 0.955082
16670001 0.954838
16680001 0.954111
16690001 0.954832
16700001 0.954829
16710001 0.954746
16720001 0.954534
16730001 0.954854
16740001 0.955177
16750001 0.955164
16760001 0.955267
16770001 0.95547
16780001 0.954633
16790001 0.954926
16800001 0.954933
16810001 0.954935
16820001 0.955116
16830001 0.954756
16840001 0.954544
16850001 0.955047
16860001 0.95494
16870001 0.954374
16880001 0.9552
16890001 0.955117
16900001 0.955014
16910001 0.95762
16920001 0.955995
16930001 0.955607
16940001 0.955316
16950001 0.955238
16960001 0.954773
16970001 0.954815
16980001 0.955218
16990001 0.955029
17000001 0.954995
17010001 0.955248
17020001 0.954924
17030001 0.954668
17040001 0.954953
17050001 0.955183
17060001 0.955459
17070001 0.955016
17080001 0.955645
17090001 0.955784
17100001 0.955367
17110001 0.954933
17120001 0.955411
17130001 0.955135
17140001 0.955416
17150001 0.955841
17160001 0.955112
17170001 0.955033
17180001 0.954827
17190001 0.954954
17200001 0.955263
17210001 0.955421
17220001 0.955782
17230001 0.956398
17240001 0.956262
17250001 0.955733
17260001 0.955617
17270001 0.956308
17280001 0.956134
17290001 0.956573
17300001 0.956504
17310001 0.956778
17320001 0.956717
17330001 0.956448
17340001 0.956006
17350001 0.956339
17360001 0.956053
17370001 0.95599
17380001 0.956065
17390001 0.955915
17400001 0.956359
17410001 0.95634
17420001 0.955991
17430001 0.955662
17440001 0.955383
17450001 0.955253
17460001 0.956434
17470001 0.956202
17480001 0.955933
17490001 0.955651
17500001 0.955951
17510001 0.956206
17520001 0.956124
17530001 0.9559
17540001 0.956119
17550001 0.956645
17560001 0.956775
17570001 0.95769
17580001 0.957144
17590001 0.957459
17600001 0.957081
17610001 0.956746
17620001 0.956932
17630001 0.956753
17640001 0.956842
17650001 0.956608
17660001 0.956336
17670001 0.957002
17680001 0.956614
17690001 0.956642
17700001 0.956661
17710001 0.956587
17720001 0.9566
17730001 0.956974
17740001 0.957144
17750001 0.957367
17760001 0.957277
17770001 0.957359
17780001 0.957476
17790001 0.957607
17800001 0.957274
17810001 0.957676
17820001 0.957535
17830001 0.957606
17840001 0.95782
17850001 0.957841
17860001 0.957721
17870001 0.957683
17880001 0.957844
17890001 0.957837
17900001 0.957236
17910001 0.957858
17920001 0.957601
17930001 0.958346
17940001 0.958049
17950001 0.958059
17960001 0.957924
17970001 0.9582
17980001 0.958315
17990001 0.958497
18000001 0.958826
18010001 0.958162
18020001 0.958143
18030001 0.958203
18040001 0.95829
18050001 0.958769
18060001 0.958134
18070001 0.95795
18080001 0.957452
18090001 0.957801
18100001 0.957842
18110001 0.958507
18120001 0.958706
18130001 0.958624
18140001 0.958461
18150001 0.958603
18160001 0.959208
18170001 0.958422
18180001 0.958785
18190001 0.958791
18200001 0.958564
18210001 0.958624
18220001 0.959114
18230001 0.958804
18240001 0.959207
18250001 0.959361
18260001 0.959344
18270001 0.959308
18280001 0.959586
18290001 0.959031
18300001 0.95881
18310001 0.95904
18320001 0.959166
18330001 0.958893
18340001 0.958662
18350001 0.959098
18360001 0.958886
18370001 0.958436
18380001 0.958425
18390001 0.959961
18400001 0.959679
18410001 0.958987
18420001 0.959097
18430001 0.95874
18440001 0.959145
18450001 0.958856
18460001 0.959094
18470001 0.959162
18480001 0.959492
18490001 0.959749
18500001 0.959332
18510001 0.959638
18520001 0.960129
18530001 0.960291
18540001 0.959718
18550001 0.95974
18560001 0.959895
18570001 0.95999
18580001 0.959779
18590001 0.959707
18600001 0.959774
18610001 0.959294
18620001 0.959518
18630001 0.959211
18640001 0.959293
18650001 0.959037
18660001 0.959304
18670001 0.958824
18680001 0.958826
18690001 0.95835
18700001 0.960061
18710001 0.959223
18720001 0.959395
18730001 0.959561
18740001 0.959569
18750001 0.959912
18760001 0.960279
18770001 0.960463
18780001 0.959957
18790001 0.959939
18800001 0.959231
18810001 0.959641
18820001 0.959631
18830001 0.960053
18840001 0.959782
18850001 0.959581
18860001 0.959697
18870001 0.959501
18880001 0.959969
18890001 0.959665
18900001 0.959228
18910001 0.959569
18920001 0.959643
18930001 0.959465
18940001 0.959379
18950001 0.959606
18960001 0.95964
18970001 0.959592
18980001 0.960332
18990001 0.960534
19000001 0.960558
19010001 0.960834
19020001 0.960204
19030001 0.959817
19040001 0.959828
19050001 0.959164
19060001 0.959248
19070001 0.959734
19080001 0.959971
19090001 0.959762
19100001 0.959219
19110001 0.959317
19120001 0.960268
19130001 0.959829
19140001 0.960655
19150001 0.960972
19160001 0.960222
19170001 0.960938
19180001 0.960573
19190001 0.960568
19200001 0.960649
19210001 0.96211
19220001 0.961651
19230001 0.961324
19240001 0.961069
19250001 0.960824
19260001 0.961025
19270001 0.960429
19280001 0.962467
19290001 0.960947
19300001 0.961299
19310001 0.961663
19320001 0.961013
19330001 0.961319
19340001 0.96138
19350001 0.962089
19360001 0.961814
19370001 0.961805
19380001 0.961434
19390001 0.960266
19400001 0.960062
19410001 0.959794
19420001 0.959548
19430001 0.959479
19440001 0.95988
19450001 0.959456
19460001 0.959529
19470001 0.959229
19480001 0.959054
19490001 0.958938
19500001 0.958955
19510001 0.959296
19520001 0.95927
19530001 0.95977
19540001 0.960258
19550001 0.960864
19560001 0.96066
19570001 0.960717
19580001 0.961027
19590001 0.960919
19600001 0.960402
19610001 0.960615
19620001 0.960811
19630001 0.961458
19640001 0.961332
19650001 0.961349
19660001 0.961294
19670001 0.96144
19680001 0.96131
19690001 0.961468
19700001 0.961101
19710001 0.960724
19720001 0.960532
19730001 0.960617
19740001 0.960776
19750001 0.961417
19760001 0.961852
19770001 0.961517
19780001 0.961863
19790001 0.961972
19800001 0.962329
19810001 0.962719
19820001 0.962266
19830001 0.962649
19840001 0.962351
19850001 0.962184
19860001 0.961728
19870001 0.96187
19880001 0.961785
19890001 0.96188
19900001 0.96182
19910001 0.963921
19920001 0.96403
19930001 0.962527
19940001 0.962166
19950001 0.962327
19960001 0.962643
19970001 0.962113
19980001 0.962463
19990001 0.962678
20000001 0.963022
20010001 0.96245
20020001 0.962274
20030001 0.962147
20040001 0.962345
20050001 0.962633
20060001 0.962374
20070001 0.962551
20080001 0.962669
20090001 0.962383
20100001 0.96307
20110001 0.962538
20120001 0.962395
20130001 0.962124
20140001 0.961689
20150001 0.961493
20160001 0.964438
20170001 0.963497
20180001 0.962757
20190001 0.962054
20200001 0.961912
20210001 0.961776
20220001 0.961415
20230001 0.961276
20240001 0.96141
20250001 0.962151
20260001 0.962303
20270001 0.962025
20280001 0.962489
20290001 0.96228
20300001 0.962058
20310001 0.96209
20320001 0.96241
20330001 0.962438
20340001 0.961942
20350001 0.961263
20360001 0.961463
20370001 0.960989
20380001 0.961015
20390001 0.961517
20400001 0.962339
20410001 0.961684
20420001 0.961201
20430001 0.961108
20440001 0.962541
20450001 0.962259
20460001 0.962385
20470001 0.962043
20480001 0.961669
20490001 0.962074
20500001 0.961917
20510001 0.961687
20520001 0.96118
20530001 0.961007
20540001 0.961188
20550001 0.961357
20560001 0.961374
20570001 0.961407
20580001 0.961858
20590001 0.962563
20600001 0.96248
20610001 0.961776
20620001 0.962205
20630001 0.961205
20640001 0.961051
20650001 0.961091
20660001 0.960972
20670001 0.961229
20680001 0.961539
20690001 0.961574
20700001 0.961627
20710001 0.962176
20720001 0.961854
20730001 0.963405
20740001 0.962941
20750001 0.962855
20760001 0.962917
20770001 0.963321
20780001 0.965438
20790001 0.965081
20800001 0.964374
20810001 0.963538
20820001 0.963124
20830001 0.963065
20840001 0.963143
20850001 0.963156
20860001 0.963314
20870001 0.962676
20880001 0.962713
20890001 0.962761
20900001 0.962066
20910001 0.961818
20920001 0.96218
20930001 0.962034
20940001 0.962322
20950001 0.962421
20960001 0.962656
20970001 0.962169
20980001 0.96205
20990001 0.962219
21000001 0.962371
21010001 0.961952
21020001 0.962442
21030001 0.96251
21040001 0.963293
21050001 0.96379
21060001 0.963287
21070001 0.96335
21080001 0.962806
21090001 0.962801
21100001 0.9631
21110001 0.963176
21120001 0.963606
21130001 0.963418
21140001 0.963186
21150001 0.963381
21160001 0.963676
21170001 0.963411
21180001 0.963302
21190001 0.963437
21200001 0.963281
21210001 0.963503
21220001 0.963076
21230001 0.963084
21240001 0.962627
21250001 0.962482
21260001 0.962856
21270001 0.962618
21280001 0.962992
21290001 0.963378
21300001 0.963449
21310001 0.963135
21320001 0.963237
21330001 0.963479
21340001 0.963423
21350001 0.963901
21360001 0.963997
21370001 0.963367
21380001 0.963321
21390001 0.963571
21400001 0.963522
21410001 0.964516
21420001 0.964076
21430001 0.963814
21440001 0.963276
21450001 0.963602
21460001 0.962681
21470001 0.962402
21480001 0.962767
21490001 0.962009
21500001 0.96263
21510001 0.962255
21520001 0.962371
21530001 0.962081
21540001 0.96231
21550001 0.962042
21560001 0.962045
21570001 0.961979
21580001 0.962176
21590001 0.961876
21600001 0.962162
21610001 0.962369
21620001 0.9621
21630001 0.961652
21640001 0.961351
21650001 0.961046
21660001 0.961348
21670001 0.962244
21680001 0.961513
21690001 0.961689
21700001 0.961666
21710001 0.961581
21720001 0.961857
21730001 0.962038
21740001 0.962092
21750001 0.962132
21760001 0.962266
21770001 0.962298
21780001 0.962143
21790001 0.962153
21800001 0.962746
21810001 0.962606
21820001 0.963076
21830001 0.962855
21840001 0.962555
21850001 0.962762
21860001 0.962554
21870001 0.962127
21880001 0.962109
21890001 0.961755
21900001 0.961773
21910001 0.962204
21920001 0.962264
21930001 0.961622
21940001 0.962018
21950001 0.961933
21960001 0.96218
21970001 0.961929
21980001 0.962037
21990001 0.961525
22000001 0.962307
22010001 0.962353
22020001 0.962625
22030001 0.962302
22040001 0.962578
22050001 0.962414
22060001 0.962647
22070001 0.962213
22080001 0.961972
22090001 0.964892
22100001 0.962874
22110001 0.962542
22120001 0.963065
22130001 0.962463
22140001 0.962809
22150001 0.962582
22160001 0.962456
22170001 0.961869
22180001 0.961975
22190001 0.962079
22200001 0.961849
22210001 0.962151
22220001 0.961197
22230001 0.961784
22240001 0.962233
22250001 0.961863
22260001 0.961418
22270001 0.96196
22280001 0.962706
22290001 0.962324
22300001 0.962427
22310001 0.962068
22320001 0.961869
22330001 0.961709
22340001 0.962099
22350001 0.961854
22360001 0.9619
22370001 0.962343
22380001 0.962423
22390001 0.962628
22400001 0.962055
22410001 0.962508
22420001 0.961718
22430001 0.961616
22440001 0.961517
22450001 0.961692
22460001 0.961653
22470001 0.962567
22480001 0.962865
22490001 0.961822
22500001 0.961319
22510001 0.961836
22520001 0.961735
22530001 0.962225
22540001 0.961885
22550001 0.962431
22560001 0.962059
22570001 0.961875
22580001 0.962246
22590001 0.962175
22600001 0.962158
22610001 0.962127
22620001 0.961992
22630001 0.961505
22640001 0.962129
22650001 0.962068
22660001 0.961956
22670001 0.961939
22680001 0.961403
22690001 0.961843
22700001 0.961592
22710001 0.961507
22720001 0.961547
22730001 0.961621
22740001 0.962298
22750001 0.962289
22760001 0.962973
22770001 0.96301
22780001 0.962953
22790001 0.963122
22800001 0.962943
22810001 0.962766
22820001 0.962977
22830001 0.962649
22840001 0.962764
22850001 0.962708
22860001 0.962982
22870001 0.96304
22880001 0.962787
22890001 0.962225
22900001 0.962245
22910001 0.963164
22920001 0.962961
22930001 0.963014
22940001 0.963138
22950001 0.96291
22960001 0.963354
22970001 0.96323
22980001 0.962833
22990001 0.963189
23000001 0.962933
23010001 0.963335
23020001 0.963063
23030001 0.964517
23040001 0.964146
23050001 0.963562
23060001 0.96363
23070001 0.963661
23080001 0.964306
23090001 0.964687
23100001 0.964273
23110001 0.963756
23120001 0.963671
23130001 0.963665
23140001 0.963725
23150001 0.964154
23160001 0.963743
23170001 0.963936
23180001 0.964149
23190001 0.964914
23200001 0.96426
23210001 0.964245
23220001 0.963951
23230001 0.963794
23240001 0.964275
23250001 0.964548
23260001 0.964413
23270001 0.963817
23280001 0.963673
23290001 0.964212
23300001 0.963506
23310001 0.963246
23320001 0.963441
23330001 0.963458
23340001 0.963375
23350001 0.963204
23360001 0.963019
23370001 0.963546
23380001 0.963588
23390001 0.963855
23400001 0.964327
23410001 0.964489
23420001 0.964491
23430001 0.964489
23440001 0.964651
23450001 0.96425
23460001 0.964525
23470001 0.965644
23480001 0.965429
23490001 0.965246
23500001 0.964889
23510001 0.96466
23520001 0.964455
23530001 0.964169
23540001 0.964264
23550001 0.964533
23560001 0.963939
23570001 0.964386
23580001 0.964483
23590001 0.964299
23600001 0.964681
23610001 0.96459
23620001 0.964866
23630001 0.964642
23640001 0.963762
23650001 0.963877
23660001 0.963815
23670001 0.964393
23680001 0.964362
23690001 0.964487
23700001 0.964329
23710001 0.964449
23720001 0.965121
23730001 0.965077
23740001 0.964458
23750001 0.964259
23760001 0.964242
23770001 0.964205
23780001 0.964671
23790001 0.964353
23800001 0.964162
23810001 0.963973
23820001 0.963937
23830001 0.963769
23840001 0.963449
23850001 0.963563
23860001 0.963558
23870001 0.963602
23880001 0.963481
23890001 0.963604
23900001 0.963184
23910001 0.963121
23920001 0.963165
23930001 0.963453
23940001 0.963548
23950001 0.96404
23960001 0.963955
23970001 0.964906
23980001 0.964302
23990001 0.964615
24000001 0.964028
24010001 0.964067
24020001 0.963667
24030001 0.964182
24040001 0.9647
24050001 0.964377
24060001 0.964569
24070001 0.964157
24080001 0.964295
24090001 0.964426
24100001 0.964237
24110001 0.964245
24120001 0.964479
24130001 0.964087
24140001 0.963752
24150001 0.963924
24160001 0.963629
24170001 0.963733
24180001 0.96327
24190001 0.963873
24200001 0.963751
24210001 0.964258
24220001 0.963896
24230001 0.963914
24240001 0.963853
24250001 0.964233
24260001 0.964167
24270001 0.963656
24280001 0.963852
24290001 0.963798
24300001 0.964107
24310001 0.963984
24320001 0.963641
24330001 0.963271
24340001 0.963108
24350001 0.963502
24360001 0.963784
24370001 0.963554
24380001 0.963051
24390001 0.963506
24400001 0.963705
24410001 0.963622
24420001 0.96395
24430001 0.963747
24440001 0.963539
24450001 0.963428
24460001 0.963231
24470001 0.963945
24480001 0.963718
24490001 0.964013
24500001 0.964696
24510001 0.964714
24520001 0.963826
24530001 0.963832
24540001 0.963972
24550001 0.96425
24560001 0.964454
24570001 0.96414
24580001 0.964486
24590001 0.964324
24600001 0.964299
24610001 0.964804
24620001 0.964892
24630001 0.964728
24640001 0.964926
24650001 0.964406
24660001 0.964493
24670001 0.964581
24680001 0.964367
24690001 0.964392
24700001 0.964412
24710001 0.964727
24720001 0.964838
24730001 0.964279
24740001 0.964329
24750001 0.96477
24760001 0.9644
24770001 0.964385
24780001 0.964519
24790001 0.964274
24800001 0.964378
24810001 0.964117
24820001 0.964012
24830001 0.964076
24840001 0.96467
24850001 0.965166
24860001 0.96469
24870001 0.965136
24880001 0.965262
24890001 0.965034
24900001 0.964637
24910001 0.964593
24920001 0.965123
24930001 0.964958
24940001 0.964866
24950001 0.96502
24960001 0.964543
24970001 0.964393
24980001 0.964595
24990001 0.964571
25000001 0.964721
25010001 0.964667
25020001 0.965061
25030001 0.965269
25040001 0.965779
25050001 0.965997
25060001 0.966469
25070001 0.96631
25080001 0.966094
25090001 0.965607
25100001 0.965481
25110001 0.965701
25120001 0.96511
25130001 0.968744
25140001 0.967541
25150001 0.966341
25160001 0.965832
25170001 0.965783
25180001 0.965225
25190001 0.965245
25200001 0.96588
25210001 0.965836
25220001 0.965892
25230001 0.966106
25240001 0.966288
25250001 0.965906
25260001 0.965976
25270001 0.966152
25280001 0.966415
25290001 0.967045
25300001 0.966894
25310001 0.96666
25320001 0.966443
25330001 0.966715
25340001 0.967077
25350001 0.967104
25360001 0.96732
25370001 0.9672
25380001 0.967077
25390001 0.966768
25400001 0.966194
25410001 0.966699
25420001 0.966678
25430001 0.966569
25440001 0.968726
25450001 0.967856
25460001 0.967553
25470001 0.967425
25480001 0.967802
25490001 0.967389
25500001 0.967294
25510001 0.967952
25520001 0.967517
25530001 0.967503
25540001 0.967249
25550001 0.967451
25560001 0.967301
25570001 0.967129
25580001 0.966379
25590001 0.966249
25600001 0.965756
25610001 0.96573
25620001 0.966195
25630001 0.966365
25640001 0.966383
25650001 0.967126
25660001 0.966196
25670001 0.966182
25680001 0.965985
25690001 0.965586
25700001 0.966388
25710001 0.968332
25720001 0.967402
25730001 0.965709
25740001 0.966402
25750001 0.966102
25760001 0.96567
25770001 0.966231
25780001 0.966524
25790001 0.966156
25800001 0.966477
25810001 0.966715
25820001 0.9668
25830001 0.966776
25840001 0.966425
25850001 0.977441
25860001 0.974251
25870001 0.972523
25880001 0.969652
25890001 0.96972
25900001 0.96892
25910001 0.968334
25920001 0.967485
25930001 0.967266
25940001 0.966771
25950001 0.966399
25960001 0.966555
25970001 0.966228
25980001 0.966774
25990001 0.96644
26000001 0.96559
26010001 0.965957
26020001 0.966281
26030001 0.966463
26040001 0.966766
26050001 0.966828
26060001 0.967306
26070001 0.967263
26080001 0.96706
26090001 0.966942
26100001 0.966994
26110001 0.9668
26120001 0.966509
26130001 0.967947
26140001 0.967492
26150001 0.966964
26160001 0.966841
26170001 0.967101
26180001 0.967162
26190001 0.966862
26200001 0.967385
26210001 0.966227
26220001 0.96611
26230001 0.966352
26240001 0.966478
26250001 0.967054
26260001 0.966926
26270001 0.966803
26280001 0.966912
26290001 0.966727
26300001 0.966511
26310001 0.966755
26320001 0.966694
26330001 0.966302
26340001 0.966932
26350001 0.966782
26360001 0.966888
26370001 0.966838
26380001 0.967462
26390001 0.966993
26400001 0.966579
26410001 0.966521
26420001 0.966591
26430001 0.966122
26440001 0.966452
26450001 0.966783
26460001 0.96732
26470001 0.967489
26480001 0.966916
26490001 0.966911
26500001 0.966193
26510001 0.966154
26520001 0.966688
26530001 0.966523
26540001 0.966908
26550001 0.967438
26560001 0.96687
26570001 0.966562
26580001 0.966571
26590001 0.966409
26600001 0.966316
26610001 0.966566
26620001 0.966067
26630001 0.966053
26640001 0.965789
26650001 0.966432
26660001 0.966374
26670001 0.966758
26680001 0.966869
26690001 0.966748
26700001 0.966912
26710001 0.966827
26720001 0.96677
26730001 0.967675
26740001 0.967183
26750001 0.968032
26760001 0.968103
26770001 0.9681
26780001 0.967694
26790001 0.96728
26800001 0.96719
26810001 0.967047
26820001 0.966952
26830001 0.967088
26840001 0.967293
26850001 0.967179
26860001 0.966979
26870001 0.96716
26880001 0.966972
26890001 0.967715
26900001 0.967949
26910001 0.967359
26920001 0.968011
26930001 0.967683
26940001 0.967068
26950001 0.967406
26960001 0.967973
26970001 0.968187
26980001 0.967699
26990001 0.967975
27000001 0.967325
27010001 0.967649
27020001 0.968067
27030001 0.967446
27040001 0.967185
27050001 0.967532
27060001 0.967466
27070001 0.967309
27080001 0.967556
27090001 0.967561
27100001 0.967516
27110001 0.967886
27120001 0.967767
27130001 0.967701
27140001 0.96809
27150001 0.968106
27160001 0.968372
27170001 0.968017
27180001 0.969969
27190001 0.968914
27200001 0.968712
27210001 0.968414
27220001 0.968173
27230001 0.968371
27240001 0.968553
27250001 0.968187
27260001 0.967585
27270001 0.967381
27280001 0.967413
27290001 0.967594
27300001 0.967249
27310001 0.967581
27320001 0.967622
27330001 0.967322
27340001 0.967289
27350001 0.967108
27360001 0.966894
27370001 0.966811
27380001 0.966823
27390001 0.966564
27400001 0.966828
27410001 0.966538
27420001 0.967384
27430001 0.966793
27440001 0.966585
27450001 0.966753
27460001 0.96704
27470001 0.966735
27480001 0.966559
27490001 0.967254
27500001 0.966857
27510001 0.967539
27520001 0.967678
27530001 0.969318
27540001 0.969157
27550001 0.968717
27560001 0.968738
27570001 0.970044
27580001 0.969798
27590001 0.969663
27600001 0.968866
27610001 0.968514
27620001 0.968092
27630001 0.968174
27640001 0.967833
27650001 0.968254
27660001 0.968322
27670001 0.968574
27680001 0.968833
27690001 0.969183
27700001 0.969102
27710001 0.96898
27720001 0.968509
27730001 0.969232
27740001 0.969432
27750001 0.969376
27760001 0.968743
27770001 0.968472
27780001 0.968624
27790001 0.968871
27800001 0.968416
27810001 0.968436
27820001 0.968171
27830001 0.967778
27840001 0.967657
27850001 0.967241
27860001 0.967655
27870001 0.967389
27880001 0.968438
27890001 0.968284
27900001 0.967864
27910001 0.967282
27920001 0.967465
27930001 0.967602
27940001 0.968074
27950001 0.967684
27960001 0.967521
27970001 0.967425
27980001 0.967427
27990001 0.967711
28000001 0.967473
28010001 0.967422
28020001 0.967727
28030001 0.968192
28040001 0.967692
28050001 0.967988
28060001 0.967627
28070001 0.967617
28080001 0.967549
28090001 0.967712
28100001 0.967893
28110001 0.968945
28120001 0.968621
28130001 0.968895
28140001 0.969023
28150001 0.968889
28160001 0.968725
28170001 0.969173
28180001 0.968989
28190001 0.968562
28200001 0.969048
28210001 0.969137
28220001 0.969366
28230001 0.968901
28240001 0.969126
28250001 0.968967
28260001 0.968575
28270001 0.968588
28280001 0.9686
28290001 0.968821
28300001 0.968922
28310001 0.969349
28320001 0.969385
28330001 0.969791
28340001 0.969243
28350001 0.969427
28360001 0.969165
28370001 0.969336
28380001 0.969549
28390001 0.96927
28400001 0.969325
28410001 0.969835
28420001 0.969799
28430001 0.969939
28440001 0.969784
28450001 0.96978
28460001 0.969815
28470001 0.9699
28480001 0.97053
28490001 0.970731
28500001 0.970304
28510001 0.970059
28520001 0.97071
28530001 0.969965
28540001 0.970335
28550001 0.970009
28560001 0.970003
28570001 0.971583
28580001 0.970911
28590001 0.970816
28600001 0.97034
28610001 0.970717
28620001 0.970401
28630001 0.97046
28640001 0.970168
28650001 0.969885
28660001 0.971407
28670001 0.970714
28680001 0.971322
28690001 0.970665
28700001 0.970742
28710001 0.970735
28720001 0.97096
28730001 0.971274
28740001 0.97114
28750001 0.970437
28760001 0.970741
28770001 0.970021
28780001 0.969957
28790001 0.969665
28800001 0.969516
28810001 0.969443
28820001 0.969723
28830001 0.969447
28840001 0.969568
28850001 0.969784
28860001 0.969293
28870001 0.969955
28880001 0.969748
28890001 0.97005
28900001 0.969557
28910001 0.970351
28920001 0.970097
28930001 0.970444
28940001 0.970196
28950001 0.969994
28960001 0.969979
28970001 0.969446
28980001 0.969417
28990001 0.970161
29000001 0.970277
29010001 0.971472
29020001 0.971081
29030001 0.970558
29040001 0.970614
29050001 0.970691
29060001 0.970163
29070001 0.969952
29080001 0.970016
29090001 0.970288
29100001 0.96981
29110001 0.969944
29120001 0.970033
29130001 0.969444
29140001 0.970294
29150001 0.970223
29160001 0.969929
29170001 0.969738
29180001 0.969498
29190001 0.969494
29200001 0.969884
29210001 0.97007
29220001 0.970611
29230001 0.970409
29240001 0.96962
29250001 0.969846
29260001 0.969822
29270001 0.96987
29280001 0.970174
29290001 0.96995
29300001 0.969899
29310001 0.969889
29320001 0.969819
29330001 0.969746
29340001 0.96942
29350001 0.969245
29360001 0.96869
29370001 0.968646
29380001 0.968448
29390001 0.968334
29400001 0.968369
29410001 0.968324
29420001 0.968456
29430001 0.968375
29440001 0.96888
29450001 0.969367
29460001 0.969468
29470001 0.969554
29480001 0.969512
29490001 0.969331
29500001 0.969059
29510001 0.969552
29520001 0.969346
29530001 0.969528
29540001 0.969422
29550001 0.97152
29560001 0.971083
29570001 0.970208
29580001 0.969845
29590001 0.969411
29600001 0.969512
29610001 0.969677
29620001 0.969447
29630001 0.969047
29640001 0.96936
29650001 0.969346
29660001 0.968993
29670001 0.969228
29680001 0.969808
29690001 0.970105
29700001 0.97024
29710001 0.970252
29720001 0.96973
29730001 0.9701
29740001 0.970039
29750001 0.970008
29760001 0.970243
29770001 0.970023
29780001 0.970212
29790001 0.969582
29800001 0.969573
29810001 0.969472
29820001 0.969664
29830001 0.969557
29840001 0.969409
29850001 0.969242
29860001 0.969027
29870001 0.968894
29880001 0.969519
29890001 0.969144
29900001 0.969691
29910001 0.969428
29920001 0.969374
29930001 0.969831
29940001 0.970225
29950001 0.969945
29960001 0.971353
29970001 0.970835
29980001 0.970844
29990001 0.97063
