1 946.344
10001 47.9792
20001 21.695
30001 13.206
40001 9.51457
50001 7.55997
60001 6.22218
70001 5.32243
80001 4.69496
90001 4.20133
100001 3.84807
110001 3.67538
120001 3.33037
130001 3.14061
140001 3.03385
150001 2.89154
160001 2.77593
170001 2.71607
180001 2.65074
190001 2.61834
200001 2.55819
210001 2.4952
220001 2.46622
230001 2.43925
240001 2.44763
250001 2.39664
260001 2.38086
270001 2.35935
280001 2.35609
290001 2.31808
300001 2.32362
310001 2.30072
320001 2.29051
330001 2.2907
340001 2.31225
350001 2.27873
360001 2.27058
370001 2.26094
380001 2.27214
390001 2.26171
400001 2.24141
410001 2.25465
420001 2.27445
430001 2.24846
440001 2.24068
450001 2.24328
460001 2.24416
470001 2.23292
480001 2.22093
490001 2.22989
500001 2.21909
510001 2.23265
520001 2.22753
530001 2.21647
540001 2.24073
550001 2.22929
560001 2.20388
570001 2.22026
580001 2.22521
590001 2.2143
600001 2.20597
610001 2.21901
620001 2.2201
630001 2.21918
640001 2.21154
650001 2.22517
660001 2.21356
670001 2.19641
680001 2.24314
690001 2.20385
700001 2.2093
710001 2.21621
720001 2.21515
730001 2.22666
740001 2.21292
750001 2.19366
760001 2.20706
770001 2.21561
780001 2.20479
790001 2.21042
800001 2.19388
810001 2.19392
820001 2.20705
830001 2.20837
840001 2.2023
850001 2.22003
860001 2.21575
870001 2.20938
880001 2.20718
890001 2.20377
900001 2.21308
910001 2.19303
920001 2.20486
930001 2.20064
940001 2.20148
950001 2.20744
960001 2.19569
970001 2.20261
980001 2.20466
990001 2.19556
1000001 2.19067
1010001 2.194
1020001 2.22122
1030001 2.19949
1040001 2.20184
1050001 2.20326
1060001 2.20488
1070001 2.21907
1080001 2.2064
1090001 2.19633
1100001 2.20435
1110001 2.20315
1120001 2.21233
1130001 2.20644
1140001 2.18097
1150001 2.21796
1160001 2.22291
1170001 2.21104
1180001 2.20863
1190001 2.21368
1200001 2.20805
1210001 2.20636
1220001 2.18572
1230001 2.20362
1240001 2.20391
1250001 2.19803
1260001 2.18299
1270001 2.21778
1280001 2.20603
1290001 2.20074
1300001 2.18526
1310001 2.20433
1320001 2.20669
1330001 2.19921
1340001 2.21426
1350001 2.19678
1360001 2.18886
1370001 2.20465
1380001 2.19975
1390001 2.19514
1400001 2.19669
1410001 2.19247
1420001 2.20156
1430001 2.21733
1440001 2.2076
1450001 2.20179
1460001 2.2035
1470001 2.21605
1480001 2.20096
1490001 2.18708
1500001 2.21466
1510001 2.19989
1520001 2.18706
1530001 2.20151
1540001 2.19616
1550001 2.19716
1560001 2.20929
1570001 2.21259
1580001 2.21109
1590001 2.18451
1600001 2.21236
1610001 2.22154
1620001 2.19049
1630001 2.19103
1640001 2.19747
1650001 2.20214
1660001 2.21033
1670001 2.19708
1680001 2.20964
1690001 2.19857
1700001 2.1962
1710001 2.18821
1720001 2.19607
1730001 2.20824
1740001 2.1839
1750001 2.19375
1760001 2.20227
1770001 2.19978
1780001 2.22694
1790001 2.21972
1800001 2.23318
1810001 2.20829
1820001 2.18931
1830001 2.1972
1840001 2.19121
1850001 2.20519
1860001 2.19361
1870001 2.20979
1880001 2.20909
1890001 2.2072
1900001 2.22861
1910001 2.21231
1920001 2.19798
1930001 2.18581
1940001 2.22319
1950001 2.22559
1960001 2.19941
1970001 2.20649
1980001 2.20426
1990001 2.19303
2000001 2.20763
2010001 2.20842
2020001 2.19198
2030001 2.20324
2040001 2.21123
2050001 2.18421
2060001 2.20712
2070001 2.18771
2080001 2.19315
2090001 2.20941
2100001 2.20084
2110001 2.18751
2120001 2.19984
2130001 2.19274
2140001 2.18514
2150001 2.21141
2160001 2.20195
2170001 2.19876
2180001 2.20539
2190001 2.18977
2200001 2.20802
2210001 2.19664
2220001 2.18615
2230001 2.1986
2240001 2.21862
2250001 2.21845
2260001 2.19404
2270001 2.2271
2280001 2.20168
2290001 2.19843
2300001 2.1869
2310001 2.19206
2320001 2.19314
2330001 2.1917
2340001 2.20087
2350001 2.18945
2360001 2.18201
2370001 2.19331
2380001 2.20389
2390001 2.20342
2400001 2.19402
2410001 2.20884
2420001 2.19267
2430001 2.20798
2440001 2.20983
2450001 2.19538
2460001 2.18992
2470001 2.18033
2480001 2.19904
2490001 2.19955
2500001 2.19716
2510001 2.18993
2520001 2.22694
2530001 2.18223
2540001 2.19288
2550001 2.19616
2560001 2.20186
2570001 2.1964
2580001 2.18974
2590001 2.20059
2600001 2.19403
2610001 2.19832
2620001 2.22281
2630001 2.19577
2640001 2.19358
2650001 2.19812
2660001 2.22194
2670001 2.18838
2680001 2.18857
2690001 2.19066
2700001 2.19344
2710001 2.23085
2720001 2.20063
2730001 2.19894
2740001 2.17653
2750001 2.19525
2760001 2.2005
2770001 2.20649
2780001 2.19034
2790001 2.18384
2800001 2.21083
2810001 2.19336
2820001 2.19882
2830001 2.19678
2840001 2.19464
2850001 2.19241
2860001 2.19889
2870001 2.20607
2880001 2.19384
2890001 2.19655
2900001 2.18562
2910001 2.19371
2920001 2.2062
2930001 2.19516
2940001 2.17927
2950001 2.18555
2960001 2.20826
2970001 2.21099
2980001 2.20853
2990001 2.20331
3000001 2.19454
3010001 2.19743
3020001 2.20638
3030001 2.21922
3040001 2.21291
3050001 2.19375
3060001 2.20342
3070001 2.21088
3080001 2.20926
3090001 2.20807
3100001 2.18354
3110001 2.20225
3120001 2.19018
3130001 2.21483
3140001 2.20483
3150001 2.19846
3160001 2.21129
3170001 2.20736
3180001 2.20889
3190001 2.21136
3200001 2.19674
3210001 2.20014
3220001 2.21492
3230001 2.1988
3240001 2.18161
3250001 2.20696
3260001 2.19761
3270001 2.19027
3280001 2.22632
3290001 2.18663
3300001 2.19931
3310001 2.20372
3320001 2.20768
3330001 2.19422
3340001 2.20933
3350001 2.21514
3360001 2.18515
3370001 2.20111
3380001 2.18473
3390001 2.19891
3400001 2.20108
3410001 2.19752
3420001 2.20229
3430001 2.18307
3440001 2.20554
3450001 2.20456
3460001 2.21069
3470001 2.20373
3480001 2.19803
3490001 2.21002
3500001 2.19852
3510001 2.20111
3520001 2.19456
3530001 2.19161
3540001 2.18741
3550001 2.19999
3560001 2.21349
3570001 2.20207
3580001 2.18958
3590001 2.20543
3600001 2.21917
3610001 2.21997
3620001 2.2026
3630001 2.21812
3640001 2.18053
3650001 2.19718
3660001 2.18119
3670001 2.19075
3680001 2.19585
3690001 2.21412
3700001 2.19139
3710001 2.19397
3720001 2.19426
3730001 2.19111
3740001 2.20396
3750001 2.21569
3760001 2.19466
3770001 2.19055
3780001 2.22337
3790001 2.22052
3800001 2.18845
3810001 2.20485
3820001 2.17811
3830001 2.1809
3840001 2.18248
3850001 2.17923
3860001 2.20991
3870001 2.21171
3880001 2.20182
3890001 2.19299
3900001 2.20857
3910001 2.20321
3920001 2.18609
3930001 2.19546
3940001 2.19969
3950001 2.21086
3960001 2.20483
3970001 2.20668
3980001 2.21053
3990001 2.19374
4000001 2.2017
4010001 2.21335
4020001 2.20628
4030001 2.18933
4040001 2.1881
4050001 2.19096
4060001 2.18064
4070001 2.20045
4080001 2.21726
4090001 2.18346
4100001 2.21146
4110001 2.20592
4120001 2.20839
4130001 2.19821
4140001 2.20865
4150001 2.21246
4160001 2.21026
4170001 2.20384
4180001 2.18643
4190001 2.19644
4200001 2.20421
4210001 2.20238
4220001 2.2178
4230001 2.20129
4240001 2.20646
4250001 2.20977
4260001 2.21412
4270001 2.20556
4280001 2.18641
4290001 2.20862
4300001 2.19284
4310001 2.20404
4320001 2.20415
4330001 2.20311
4340001 2.1847
4350001 2.21763
4360001 2.18009
4370001 2.19353
4380001 2.19832
4390001 2.19643
4400001 2.20174
4410001 2.19767
4420001 2.20173
4430001 2.19397
4440001 2.20708
4450001 2.20279
4460001 2.18502
4470001 2.21316
4480001 2.19476
4490001 2.19935
4500001 2.19398
4510001 2.19536
4520001 2.19241
4530001 2.20444
4540001 2.19778
4550001 2.19901
4560001 2.19062
4570001 2.2162
4580001 2.20437
4590001 2.20898
4600001 2.26866
4610001 2.20755
4620001 2.2003
4630001 2.20411
4640001 2.20514
4650001 2.21535
4660001 2.20743
4670001 2.19987
4680001 2.24546
4690001 2.19285
4700001 2.18717
4710001 2.19461
4720001 2.20836
4730001 2.19979
4740001 2.22174
4750001 2.21095
4760001 2.20249
4770001 2.20651
4780001 2.20886
4790001 2.20641
4800001 2.23308
4810001 2.21265
4820001 2.21406
4830001 2.18689
4840001 2.18867
4850001 2.19919
4860001 2.19558
4870001 2.20729
4880001 2.20424
4890001 2.18967
4900001 2.19764
4910001 2.18514
4920001 2.18637
4930001 2.20681
4940001 2.1946
4950001 2.19892
4960001 2.20727
4970001 2.19444
4980001 2.20572
4990001 2.19032
5000001 2.20931
5010001 2.19366
5020001 2.19724
5030001 2.22381
5040001 2.20561
5050001 2.17434
5060001 2.18056
5070001 2.19325
5080001 2.18831
5090001 2.21164
5100001 2.21336
5110001 2.20467
5120001 2.21627
5130001 2.18875
5140001 2.19736
5150001 2.20309
5160001 2.19775
5170001 2.17824
5180001 2.18629
5190001 2.20025
5200001 2.19679
5210001 2.1899
5220001 2.20646
5230001 2.1829
5240001 2.19626
5250001 2.21097
5260001 2.20001
5270001 2.21079
5280001 2.20854
5290001 2.21627
5300001 2.19441
5310001 2.19901
5320001 2.2031
5330001 2.19529
5340001 2.18172
5350001 2.19643
5360001 2.17683
5370001 2.19393
5380001 2.19529
5390001 2.18776
5400001 2.19146
5410001 2.18658
5420001 2.21425
5430001 2.18783
5440001 2.18431
5450001 2.21034
5460001 2.20788
5470001 2.19775
5480001 2.21422
5490001 2.19396
5500001 2.21286
5510001 2.2101
5520001 2.21357
5530001 2.18765
5540001 2.21744
5550001 2.20012
5560001 2.19437
5570001 2.21279
5580001 2.20455
5590001 2.19079
5600001 2.21625
5610001 2.19817
5620001 2.20653
5630001 2.21064
5640001 2.21279
5650001 2.18912
5660001 2.2018
5670001 2.2113
5680001 2.19876
5690001 2.20224
5700001 2.19747
5710001 2.20421
5720001 2.19073
5730001 2.19456
5740001 2.19394
5750001 2.19837
5760001 2.20937
5770001 2.21457
5780001 2.20177
5790001 2.18927
5800001 2.20485
5810001 2.1854
5820001 2.21361
5830001 2.19224
5840001 2.19966
5850001 2.20112
5860001 2.20252
5870001 2.20895
5880001 2.18736
5890001 2.20821
5900001 2.20265
5910001 2.19087
5920001 2.17944
5930001 2.22656
5940001 2.23388
5950001 2.19715
5960001 2.17866
5970001 2.18759
5980001 2.19674
5990001 2.18981
6000001 2.20098
6010001 2.21892
6020001 2.20781
6030001 2.20495
6040001 2.22109
6050001 2.21987
6060001 2.19561
6070001 2.20869
6080001 2.19929
6090001 2.21488
6100001 2.19652
6110001 2.19983
6120001 2.19383
6130001 2.19709
6140001 2.2094
6150001 2.20136
6160001 2.21152
6170001 2.19792
6180001 2.1918
6190001 2.18317
6200001 2.19258
6210001 2.2891
6220001 2.19786
6230001 2.19109
6240001 2.19162
6250001 2.19413
6260001 2.19008
6270001 2.20095
6280001 2.21411
6290001 2.20725
6300001 2.19331
6310001 2.18139
6320001 2.19955
6330001 2.21625
6340001 2.20543
6350001 2.19744
6360001 2.20053
6370001 2.19873
6380001 2.21478
6390001 2.19585
6400001 2.1924
6410001 2.19512
6420001 2.19596
6430001 2.19932
6440001 2.1965
6450001 2.19484
6460001 2.18351
6470001 2.21043
6480001 2.19258
6490001 2.18598
6500001 2.20425
6510001 2.19774
6520001 2.20062
6530001 2.20743
6540001 2.20735
6550001 2.2084
6560001 2.18497
6570001 2.21961
6580001 2.21177
6590001 2.20365
6600001 2.20232
6610001 2.21227
6620001 2.20001
6630001 2.19425
6640001 2.20425
6650001 2.19887
6660001 2.19053
6670001 2.19768
6680001 2.21007
6690001 2.19767
6700001 2.20209
6710001 2.20172
6720001 2.19781
6730001 2.19287
6740001 2.20212
6750001 2.21404
6760001 2.18129
6770001 2.20318
6780001 2.18801
6790001 2.19062
6800001 2.1965
6810001 2.19868
6820001 2.20142
6830001 2.19635
6840001 2.20654
6850001 2.20098
6860001 2.19351
6870001 2.19904
6880001 2.20482
6890001 2.1802
6900001 2.18489
6910001 2.20145
6920001 2.19902
6930001 2.18803
6940001 2.20908
6950001 2.20534
6960001 2.20287
6970001 2.19016
6980001 2.2006
6990001 2.20792
7000001 2.18132
7010001 2.18781
7020001 2.21583
7030001 2.19961
7040001 2.21906
7050001 2.1845
7060001 2.19262
7070001 2.19472
7080001 2.19517
7090001 2.2002
7100001 2.17697
7110001 2.19333
7120001 2.19848
7130001 2.21619
7140001 2.20406
7150001 2.19506
7160001 2.19111
7170001 2.22274
7180001 2.20576
7190001 2.20385
7200001 2.18615
7210001 2.19167
7220001 2.20316
7230001 2.19682
7240001 2.19173
7250001 2.19636
7260001 2.20164
7270001 2.20203
7280001 2.23225
7290001 2.20866
7300001 2.19798
7310001 2.19996
7320001 2.20046
7330001 2.18762
7340001 2.20711
7350001 2.19526
7360001 2.20059
7370001 2.19601
7380001 2.20339
7390001 2.18307
7400001 2.18945
7410001 2.20771
7420001 2.18803
7430001 2.21032
7440001 2.19644
7450001 2.21217
7460001 2.17236
7470001 2.21134
7480001 2.18454
7490001 2.2062
7500001 2.20731
7510001 2.20105
7520001 2.19608
7530001 2.1943
7540001 2.20022
7550001 2.21011
7560001 2.19879
7570001 2.22674
7580001 2.20089
7590001 2.22068
7600001 2.20818
7610001 2.19866
7620001 2.19323
7630001 2.2002
7640001 2.20867
7650001 2.19916
7660001 2.20205
7670001 2.19707
7680001 2.18161
7690001 2.20826
7700001 2.18594
7710001 2.19347
7720001 2.19488
7730001 2.20305
7740001 2.20826
7750001 2.20306
7760001 2.20372
7770001 2.20214
7780001 2.19492
7790001 2.1966
7800001 2.19151
7810001 2.19962
7820001 2.20153
7830001 2.18814
7840001 2.1806
7850001 2.20277
7860001 2.20866
7870001 2.18563
7880001 2.20717
7890001 2.20373
7900001 2.19586
7910001 2.20039
7920001 2.20032
7930001 2.18649
7940001 2.18522
7950001 2.19001
7960001 2.19915
7970001 2.19596
7980001 2.21114
7990001 2.21122
8000001 2.21043
8010001 2.20622
8020001 2.18838
8030001 2.20944
8040001 2.19328
8050001 2.19272
8060001 2.19073
8070001 2.21646
8080001 2.18239
8090001 2.19411
8100001 2.17951
8110001 2.19494
8120001 2.19778
8130001 2.20289
8140001 2.20929
8150001 2.19445
8160001 2.20283
8170001 2.21373
8180001 2.20491
8190001 2.19431
8200001 2.19261
8210001 2.18938
8220001 2.21098
8230001 2.20057
8240001 2.18195
8250001 2.20572
8260001 2.22044
8270001 2.1926
8280001 2.20033
8290001 2.20034
8300001 2.18526
8310001 2.19852
8320001 2.1895
8330001 2.19019
8340001 2.2082
8350001 2.18465
8360001 2.19213
8370001 2.19511
8380001 2.20197
8390001 2.21401
8400001 2.20296
8410001 2.19181
8420001 2.19046
8430001 2.20979
8440001 2.19521
8450001 2.20211
8460001 2.20611
8470001 2.19884
8480001 2.2009
8490001 2.18302
8500001 2.19506
8510001 2.21354
8520001 2.19228
8530001 2.19723
8540001 2.2079
8550001 2.21566
8560001 2.20213
8570001 2.1815
8580001 2.18196
8590001 2.19942
8600001 2.18553
8610001 2.22126
8620001 2.18611
8630001 2.20786
8640001 2.19624
8650001 2.19916
8660001 2.19547
8670001 2.19717
8680001 2.19621
8690001 2.19764
8700001 2.19524
8710001 2.20666
8720001 2.19606
8730001 2.20643
8740001 2.19363
8750001 2.19338
8760001 2.17364
8770001 2.19974
8780001 2.21916
8790001 2.19776
8800001 2.1891
8810001 2.18231
8820001 2.20195
8830001 2.20339
8840001 2.20545
8850001 2.18501
8860001 2.20064
8870001 2.19881
8880001 2.20211
8890001 2.1988
8900001 2.20209
8910001 2.19442
8920001 2.21111
8930001 2.20032
8940001 2.21989
8950001 2.17956
8960001 2.18843
8970001 2.20331
8980001 2.20035
8990001 2.19208
9000001 2.19596
9010001 2.19976
9020001 2.21835
9030001 2.19225
9040001 2.20791
9050001 2.20063
9060001 2.18982
9070001 2.18546
9080001 2.29651
9090001 2.19895
9100001 2.19961
9110001 2.19162
9120001 2.19385
9130001 2.19855
9140001 2.21423
9150001 2.19908
9160001 2.20176
9170001 2.20188
9180001 2.20382
9190001 2.19706
9200001 2.19971
9210001 2.19937
9220001 2.20414
9230001 2.19435
9240001 2.21244
9250001 2.20181
9260001 2.20148
9270001 2.19337
9280001 2.19786
9290001 2.19075
9300001 2.17842
9310001 2.2091
9320001 2.2061
9330001 2.21457
9340001 2.20202
9350001 2.2014
9360001 2.18481
9370001 2.18272
9380001 2.19286
9390001 2.20084
9400001 2.20311
9410001 2.19198
9420001 2.18806
9430001 2.20653
9440001 2.18691
9450001 2.19736
9460001 2.20081
9470001 2.18834
9480001 2.2225
9490001 2.20147
9500001 2.20859
9510001 2.19289
9520001 2.19611
9530001 2.19589
9540001 2.20688
9550001 2.20962
9560001 2.18855
9570001 2.20131
9580001 2.19867
9590001 2.19343
9600001 2.1898
9610001 2.1986
9620001 2.21219
9630001 2.19708
9640001 2.21001
9650001 2.2133
9660001 2.20097
9670001 2.19806
9680001 2.20115
9690001 2.21694
9700001 2.20598
9710001 2.20182
9720001 2.18971
9730001 2.20111
9740001 2.19244
9750001 2.19885
9760001 2.20411
9770001 2.19438
9780001 2.19791
9790001 2.24715
9800001 2.22038
9810001 2.19784
9820001 2.19716
9830001 2.18495
9840001 2.18619
9850001 2.20194
9860001 2.18663
9870001 2.20568
9880001 2.20687
9890001 2.22753
9900001 2.2041
9910001 2.19246
9920001 2.19346
9930001 2.1925
9940001 2.18747
9950001 2.19162
9960001 2.19263
9970001 2.23393
9980001 2.2191
9990001 2.19191
10000001 2.19107
10010001 2.19815
10020001 2.18626
10030001 2.204
10040001 2.19661
10050001 2.21276
10060001 2.18869
10070001 2.20445
10080001 2.202
10090001 2.19082
10100001 2.19897
10110001 2.21722
10120001 2.20411
10130001 2.18458
10140001 2.20386
10150001 2.1898
10160001 2.21015
10170001 2.19635
10180001 2.19718
10190001 2.20019
10200001 2.20408
10210001 2.19149
10220001 2.19572
10230001 2.19252
10240001 2.19699
10250001 2.18375
10260001 2.17476
10270001 2.19813
10280001 2.20334
10290001 2.20397
10300001 2.19264
10310001 2.22137
10320001 2.21603
10330001 2.19009
10340001 2.1906
10350001 2.18205
10360001 2.2599
10370001 2.19492
10380001 2.19301
10390001 2.20721
10400001 2.18893
10410001 2.20771
10420001 2.29752
10430001 2.20895
10440001 2.20204
10450001 2.19268
10460001 2.19575
10470001 2.20179
10480001 2.20402
10490001 2.20483
10500001 2.19481
10510001 2.21146
10520001 2.20903
10530001 2.20487
10540001 2.23369
10550001 2.19298
10560001 2.18356
10570001 2.19162
10580001 2.19629
10590001 2.20069
10600001 2.19266
10610001 2.19615
10620001 2.18814
10630001 2.19542
10640001 2.23176
10650001 2.20124
10660001 2.19777
10670001 2.20857
10680001 2.21215
10690001 2.18567
10700001 2.19729
10710001 2.20334
10720001 2.23853
10730001 2.19055
10740001 2.19218
10750001 2.21436
10760001 2.17769
10770001 2.19301
10780001 2.18765
10790001 2.21377
10800001 2.19978
10810001 2.19507
10820001 2.19504
10830001 2.21407
10840001 2.20232
10850001 2.22696
10860001 2.20459
10870001 2.20245
10880001 2.18953
10890001 2.19127
10900001 2.22199
10910001 2.20193
10920001 2.19734
10930001 2.1987
10940001 2.19104
10950001 2.19879
10960001 2.20365
10970001 2.22367
10980001 2.19473
10990001 2.20403
11000001 2.19546
11010001 2.20006
11020001 2.21469
11030001 2.19951
11040001 2.19449
11050001 2.19626
11060001 2.22004
11070001 2.20766
11080001 2.20645
11090001 2.18149
11100001 2.2008
11110001 2.19689
11120001 2.19828
11130001 2.17805
11140001 2.20155
11150001 2.19905
11160001 2.20083
11170001 2.19954
11180001 2.19079
11190001 2.18976
11200001 2.19644
11210001 2.19352
11220001 2.19684
11230001 2.21445
11240001 2.19681
11250001 2.20388
11260001 2.209
11270001 2.20388
11280001 2.18015
11290001 2.19006
11300001 2.17714
11310001 2.20261
11320001 2.18494
11330001 2.18787
11340001 2.19382
11350001 2.20909
11360001 2.22838
11370001 2.20322
11380001 2.19247
11390001 2.19602
11400001 2.19742
11410001 2.19699
11420001 2.20847
11430001 2.20722
11440001 2.20126
11450001 2.19875
11460001 2.18879
11470001 2.20185
11480001 2.21086
11490001 2.19388
11500001 2.18324
11510001 2.20694
11520001 2.20393
11530001 2.21029
11540001 2.21666
11550001 2.20315
11560001 2.20725
11570001 2.19561
11580001 2.20872
11590001 2.19453
11600001 2.18527
11610001 2.18553
11620001 2.1975
11630001 2.19636
11640001 2.18112
11650001 2.18038
11660001 2.19084
11670001 2.20364
11680001 2.18546
11690001 2.24487
11700001 2.20923
11710001 2.30539
11720001 2.1889
11730001 2.20391
11740001 2.19138
11750001 2.17363
11760001 2.17789
11770001 2.20368
11780001 2.22693
11790001 2.19073
11800001 2.19972
11810001 2.2008
11820001 2.19154
11830001 2.17992
11840001 2.17455
11850001 2.19192
11860001 2.19971
11870001 2.20455
11880001 2.18797
11890001 2.20485
11900001 2.19116
11910001 2.20796
11920001 2.19622
11930001 2.21393
11940001 2.21092
11950001 2.19604
11960001 2.19943
11970001 2.17702
11980001 2.19205
11990001 2.27637
12000001 2.20784
12010001 2.20626
12020001 2.18721
12030001 2.18908
12040001 2.19476
12050001 2.20008
12060001 2.19814
12070001 2.18669
12080001 2.19782
12090001 2.19954
12100001 2.19751
12110001 2.18182
12120001 2.21108
12130001 2.19669
12140001 2.18251
12150001 2.17982
12160001 2.1971
12170001 2.19684
12180001 2.20086
12190001 2.20787
12200001 2.19266
12210001 2.20294
12220001 2.20821
12230001 2.18923
12240001 2.20234
12250001 2.18891
12260001 2.21141
12270001 2.19804
12280001 2.18027
12290001 2.18277
12300001 2.17709
12310001 2.20508
12320001 2.20317
12330001 2.22356
12340001 2.19887
12350001 2.19128
12360001 2.19055
12370001 2.20224
12380001 2.19699
12390001 2.1895
12400001 2.19798
12410001 2.18246
12420001 2.19298
12430001 2.18205
12440001 2.18687
12450001 2.18524
12460001 2.20124
12470001 2.1853
12480001 2.17838
12490001 2.19995
12500001 2.19096
12510001 2.19739
12520001 2.19733
12530001 2.18823
12540001 2.19297
12550001 2.19567
12560001 2.18053
12570001 2.18391
12580001 2.20381
12590001 2.20054
12600001 2.21383
12610001 2.196
12620001 2.1977
12630001 2.20302
12640001 2.19182
12650001 2.21691
12660001 2.20394
12670001 2.18344
12680001 2.18478
12690001 2.19374
12700001 2.21282
12710001 2.20865
12720001 2.20473
12730001 2.20881
12740001 2.18437
12750001 2.19923
12760001 2.18996
12770001 2.20482
12780001 2.18893
12790001 2.20584
12800001 2.18838
12810001 2.20053
12820001 2.18809
12830001 2.19932
12840001 2.18421
12850001 2.2053
12860001 2.18864
12870001 2.20481
12880001 2.19533
12890001 2.19749
12900001 2.1911
12910001 2.19411
12920001 2.1912
12930001 2.20382
12940001 2.20422
12950001 2.20316
12960001 2.20286
12970001 2.20721
12980001 2.2069
12990001 2.18709
13000001 2.18779
13010001 2.2027
13020001 2.21589
13030001 2.19743
13040001 2.21036
13050001 2.21076
13060001 2.22096
13070001 2.1896
13080001 2.19227
13090001 2.19291
13100001 2.18884
13110001 2.20078
13120001 2.2076
13130001 2.2098
13140001 2.17783
13150001 2.19085
13160001 2.19619
13170001 2.19091
13180001 2.1975
13190001 2.19631
13200001 2.19282
13210001 2.19473
13220001 2.22269
13230001 2.21195
13240001 2.20823
13250001 2.20672
13260001 2.18203
13270001 2.20848
13280001 2.20235
13290001 2.1952
13300001 2.1943
13310001 2.19135
13320001 2.21427
13330001 2.19024
13340001 2.19857
13350001 2.21751
13360001 2.19199
13370001 2.20448
13380001 2.20698
13390001 2.19778
13400001 2.19566
13410001 2.21254
13420001 2.2002
13430001 2.19741
13440001 2.19359
13450001 2.19391
13460001 2.20862
13470001 2.20662
13480001 2.20448
13490001 2.20922
13500001 2.18967
13510001 2.19331
13520001 2.20611
13530001 2.18772
13540001 2.19655
13550001 2.19561
13560001 2.18856
13570001 2.18833
13580001 2.20219
13590001 2.19481
13600001 2.19428
13610001 2.19251
13620001 2.20729
13630001 2.2017
13640001 2.17849
13650001 2.19873
13660001 2.20969
13670001 2.19421
13680001 2.19924
13690001 2.19312
13700001 2.19897
13710001 2.21106
13720001 2.20292
13730001 2.2001
13740001 2.31589
13750001 2.19541
13760001 2.21875
13770001 2.1938
13780001 2.21655
13790001 2.18814
13800001 2.19976
13810001 2.20851
13820001 2.19692
13830001 2.18217
13840001 2.21468
13850001 2.18767
13860001 2.19181
13870001 2.2081
13880001 2.20314
13890001 2.1969
13900001 2.187
13910001 2.20687
13920001 2.20303
13930001 2.20622
13940001 2.21973
13950001 2.19775
13960001 2.1982
13970001 2.19998
13980001 2.20297
13990001 2.19402
14000001 2.19101
14010001 2.2175
14020001 2.20647
14030001 2.18649
14040001 2.20009
14050001 2.20486
14060001 2.17947
14070001 2.19767
14080001 2.2011
14090001 2.19869
14100001 2.19859
14110001 2.20345
14120001 2.21212
14130001 2.20322
14140001 2.21699
14150001 2.20462
14160001 2.18242
14170001 2.18812
14180001 2.19129
14190001 2.19028
14200001 2.21203
14210001 2.18887
14220001 2.19787
14230001 2.20083
14240001 2.19014
14250001 2.19222
14260001 2.18883
14270001 2.20531
14280001 2.20082
14290001 2.20617
14300001 2.21983
14310001 2.21209
14320001 2.21466
14330001 2.18684
14340001 2.20296
14350001 2.19931
14360001 2.1963
14370001 2.20192
14380001 2.20164
14390001 2.197
14400001 2.20845
14410001 2.2198
14420001 2.20057
14430001 2.2029
14440001 2.20698
14450001 2.19852
14460001 2.20806
14470001 2.19016
14480001 2.19437
14490001 2.19466
14500001 2.20283
14510001 2.21176
14520001 2.18721
14530001 2.20333
14540001 2.20133
14550001 2.19366
14560001 2.19912
14570001 2.19764
14580001 2.18269
14590001 2.2134
14600001 2.21462
14610001 2.2012
14620001 2.25013
14630001 2.20821
14640001 2.18367
14650001 2.18682
14660001 2.20094
14670001 2.20575
14680001 2.19585
14690001 2.18884
14700001 2.20185
14710001 2.19469
14720001 2.19459
14730001 2.19367
14740001 2.2015
14750001 2.20034
14760001 2.20048
14770001 2.19231
14780001 2.20194
14790001 2.19739
14800001 2.20097
14810001 2.21155
14820001 2.18385
14830001 2.18781
14840001 2.20296
14850001 2.21447
14860001 2.18717
14870001 2.18699
14880001 2.18672
14890001 2.18942
14900001 2.19042
14910001 2.21349
14920001 2.18248
14930001 2.17622
14940001 2.18425
14950001 2.18068
14960001 2.21149
14970001 2.20485
14980001 2.1839
14990001 2.19578
15000001 2.19359
15010001 2.19752
15020001 2.19656
15030001 2.19402
15040001 2.1872
15050001 2.20857
15060001 2.19704
15070001 2.19102
15080001 2.20081
15090001 2.22025
15100001 2.1947
15110001 2.18165
15120001 2.2034
15130001 2.28799
15140001 2.21942
15150001 2.20136
15160001 2.18745
15170001 2.20283
15180001 2.21119
15190001 2.18806
15200001 2.19193
15210001 2.19793
15220001 2.20705
15230001 2.19432
15240001 2.19556
15250001 2.17489
15260001 2.18837
15270001 2.20144
15280001 2.19765
15290001 2.20203
15300001 2.1909
15310001 2.22686
15320001 2.20104
15330001 2.20529
15340001 2.19514
15350001 2.19348
15360001 2.19142
15370001 2.19884
15380001 2.19703
15390001 2.19114
15400001 2.19095
15410001 2.1956
15420001 2.19584
15430001 2.20358
15440001 2.19315
15450001 2.19939
15460001 2.19532
15470001 2.21461
15480001 2.20875
15490001 2.20619
15500001 2.19269
15510001 2.19461
15520001 2.20631
15530001 2.20262
15540001 2.20551
15550001 2.18095
15560001 2.20723
15570001 2.1984
15580001 2.19402
15590001 2.19869
15600001 2.19641
15610001 2.19835
15620001 2.20914
15630001 2.19491
15640001 2.20019
15650001 2.18836
15660001 2.21046
15670001 2.20435
15680001 2.20625
15690001 2.21616
15700001 2.21718
15710001 2.20132
15720001 2.19089
15730001 2.19691
15740001 2.18857
15750001 2.18365
15760001 2.19359
15770001 2.20717
15780001 2.20751
15790001 2.19742
15800001 2.20202
15810001 2.19989
15820001 2.19653
15830001 2.1871
15840001 2.20704
15850001 2.19295
15860001 2.21085
15870001 2.19246
15880001 2.18157
15890001 2.19831
15900001 2.18921
15910001 2.19796
15920001 2.19879
15930001 2.20698
15940001 2.20934
15950001 2.17479
15960001 2.21604
15970001 2.20747
15980001 2.19408
15990001 2.1819
16000001 2.20394
16010001 2.19649
16020001 2.18106
16030001 2.2046
16040001 2.18729
16050001 2.21072
16060001 2.18646
16070001 2.20139
16080001 2.20514
16090001 2.19804
16100001 2.2039
16110001 2.19437
16120001 2.20606
16130001 2.18671
16140001 2.18778
16150001 2.17594
16160001 2.18709
16170001 2.19575
16180001 2.19749
16190001 2.2156
16200001 2.21321
16210001 2.20309
16220001 2.19169
16230001 2.19165
16240001 2.21444
16250001 2.19952
16260001 2.20339
16270001 2.19375
16280001 2.19709
16290001 2.19938
16300001 2.19812
16310001 2.19468
16320001 2.1791
16330001 2.19691
16340001 2.18276
16350001 2.20624
16360001 2.19466
16370001 2.17446
16380001 2.18411
16390001 2.1949
16400001 2.18818
16410001 2.2008
16420001 2.18185
16430001 2.2069
16440001 2.18209
16450001 2.20481
16460001 2.19504
16470001 2.21237
16480001 2.20571
16490001 2.19547
16500001 2.20231
16510001 2.18838
16520001 2.20163
16530001 2.21078
16540001 2.19271
16550001 2.19381
16560001 2.19476
16570001 2.20883
16580001 2.20358
16590001 2.18748
16600001 2.19819
16610001 2.20792
16620001 2.20531
16630001 2.2051
16640001 2.21007
16650001 2.19143
16660001 2.19862
16670001 2.19226
16680001 2.18632
16690001 2.19375
16700001 2.1832
16710001 2.20226
16720001 2.19145
16730001 2.21619
16740001 2.20469
16750001 2.21332
16760001 2.2045
16770001 2.19906
16780001 2.18444
16790001 2.22225
16800001 2.18976
16810001 2.22226
16820001 2.21384
16830001 2.18143
16840001 2.19429
16850001 2.19328
16860001 2.20006
16870001 2.20914
16880001 2.20707
16890001 2.20116
16900001 2.18386
16910001 2.19655
16920001 2.20892
16930001 2.19428
16940001 2.29946
16950001 2.21545
16960001 2.19677
16970001 2.19345
16980001 2.19985
16990001 2.19309
17000001 2.21525
17010001 2.22692
17020001 2.20294
17030001 2.21524
17040001 2.20031
17050001 2.20657
17060001 2.20014
17070001 2.18969
17080001 2.21627
17090001 2.20138
17100001 2.19406
17110001 2.18746
17120001 2.20199
17130001 2.20014
17140001 2.21773
17150001 2.19689
17160001 2.20518
17170001 2.18342
17180001 2.19425
17190001 2.19361
17200001 2.18417
17210001 2.20196
17220001 2.19806
17230001 2.1948
17240001 2.205
17250001 2.19702
17260001 2.192
17270001 2.20313
17280001 2.20734
17290001 2.20726
17300001 2.19283
17310001 2.20654
17320001 2.19398
17330001 2.17254
17340001 2.19503
17350001 2.20258
17360001 2.19677
17370001 2.19613
17380001 2.19309
17390001 2.19985
17400001 2.2041
17410001 2.20375
17420001 2.20842
17430001 2.19391
17440001 2.19625
17450001 2.19731
17460001 2.18887
17470001 2.20914
17480001 2.20197
17490001 2.21738
17500001 2.215
17510001 2.21368
17520001 2.20556
17530001 2.1877
17540001 2.19051
17550001 2.18096
17560001 2.20067
17570001 2.22966
17580001 2.21311
17590001 2.19967
17600001 2.1955
17610001 2.21627
17620001 2.2069
17630001 2.20973
17640001 2.19209
17650001 2.22588
17660001 2.19168
17670001 2.19943
17680001 2.19016
17690001 2.20243
17700001 2.20169
17710001 2.2041
17720001 2.19279
17730001 2.20749
17740001 2.23321
17750001 2.19631
17760001 2.19675
17770001 2.1894
17780001 2.19626
17790001 2.2026
17800001 2.20205
17810001 2.1979
17820001 2.19487
17830001 2.19651
17840001 2.19272
17850001 2.18845
17860001 2.20471
17870001 2.19904
17880001 2.21243
17890001 2.19718
17900001 2.19687
17910001 2.20448
17920001 2.21083
17930001 2.21367
17940001 2.20063
17950001 2.20896
17960001 2.20501
17970001 2.19027
17980001 2.25229
17990001 2.21033
18000001 2.19952
18010001 2.22399
18020001 2.19675
18030001 2.20603
18040001 2.20001
18050001 2.18213
18060001 2.21611
18070001 2.2024
18080001 2.18616
18090001 2.18589
18100001 2.22152
18110001 2.20834
18120001 2.18194
18130001 2.2114
18140001 2.19154
18150001 2.19985
18160001 2.18648
18170001 2.19851
18180001 2.19009
18190001 2.19675
18200001 2.19078
18210001 2.20494
18220001 2.19299
18230001 2.20627
18240001 2.21797
18250001 2.21268
18260001 2.21358
18270001 2.1987
18280001 2.19069
18290001 2.19398
18300001 2.18149
18310001 2.2124
18320001 2.21512
18330001 2.17942
18340001 2.19602
18350001 2.21173
18360001 2.17991
18370001 2.18874
18380001 2.18273
18390001 2.18814
18400001 2.18995
18410001 2.27326
18420001 2.22883
18430001 2.20831
18440001 2.2133
18450001 2.19181
18460001 2.1972
18470001 2.19931
18480001 2.19093
18490001 2.19316
18500001 2.19128
18510001 2.19602
18520001 2.2046
18530001 2.17527
18540001 2.18666
18550001 2.19124
18560001 2.21915
18570001 2.20779
18580001 2.19677
18590001 2.20333
18600001 2.20465
18610001 2.20187
18620001 2.18508
18630001 2.18191
18640001 2.18616
18650001 2.20173
18660001 2.20519
18670001 2.24639
18680001 2.20949
18690001 2.21347
18700001 2.18015
18710001 2.19974
18720001 2.20757
18730001 2.18895
18740001 2.19705
18750001 2.20072
18760001 2.18449
18770001 2.19667
18780001 2.20201
18790001 2.19146
18800001 2.20386
18810001 2.21959
18820001 2.18534
18830001 2.19621
18840001 2.20887
18850001 2.18674
18860001 2.18619
18870001 2.20479
18880001 2.18208
18890001 2.19688
18900001 2.1978
18910001 2.20869
18920001 2.18324
18930001 2.18994
18940001 2.1907
18950001 2.19098
18960001 2.20467
18970001 2.18567
18980001 2.18104
18990001 2.18953
19000001 2.1944
19010001 2.20793
19020001 2.18121
19030001 2.20144
19040001 2.20642
19050001 2.20672
19060001 2.20711
19070001 2.20899
19080001 2.20058
19090001 2.18953
19100001 2.19132
19110001 2.18093
19120001 2.19271
19130001 2.19381
19140001 2.2048
19150001 2.2018
19160001 2.19125
19170001 2.19975
19180001 2.20003
19190001 2.19172
19200001 2.19469
19210001 2.20377
19220001 2.20105
19230001 2.20141
19240001 2.17902
19250001 2.19878
19260001 2.19211
19270001 2.20622
19280001 2.18887
19290001 2.18638
19300001 2.19906
19310001 2.19108
19320001 2.19386
19330001 2.181
19340001 2.2066
19350001 2.19627
19360001 2.1967
19370001 2.2193
19380001 2.19421
19390001 2.20471
19400001 2.19045
19410001 2.20484
19420001 2.20233
19430001 2.20336
19440001 2.2003
19450001 2.18803
19460001 2.20755
19470001 2.20314
19480001 2.18885
19490001 2.20987
19500001 2.19032
19510001 2.19903
19520001 2.1989
19530001 2.19781
19540001 2.18762
19550001 2.20772
19560001 2.20581
19570001 2.18232
19580001 2.19414
19590001 2.19925
19600001 2.1879
19610001 2.19141
19620001 2.206
19630001 2.2092
19640001 2.20618
19650001 2.20907
19660001 2.1816
19670001 2.19538
19680001 2.18567
19690001 2.20515
19700001 2.19962
19710001 2.18569
19720001 2.1941
19730001 2.20037
19740001 2.19298
19750001 2.1938
19760001 2.19763
19770001 2.20374
19780001 2.20642
19790001 2.19355
19800001 2.17789
19810001 2.1939
19820001 2.19405
19830001 2.19452
19840001 2.19063
19850001 2.18946
19860001 2.19811
19870001 2.19499
19880001 2.19331
19890001 2.18115
19900001 2.19652
19910001 2.20604
19920001 2.19734
19930001 2.23662
19940001 2.21593
19950001 2.19965
19960001 2.19233
19970001 2.19235
19980001 2.19324
19990001 2.20707
20000001 2.20389
20010001 2.19711
20020001 2.20441
20030001 2.19084
20040001 2.18309
20050001 2.18925
20060001 2.18737
20070001 2.18994
20080001 2.18199
20090001 2.19285
20100001 2.19744
20110001 2.18863
20120001 2.23256
20130001 2.20624
20140001 2.20797
20150001 2.20166
20160001 2.19572
20170001 2.20187
20180001 2.19254
20190001 2.19704
20200001 2.19254
20210001 2.20078
20220001 2.19638
20230001 2.19666
20240001 2.192
20250001 2.2057
20260001 2.21055
20270001 2.21476
20280001 2.20562
20290001 2.22454
20300001 2.19997
20310001 2.18713
20320001 2.19879
20330001 2.19288
20340001 2.19264
20350001 2.1978
20360001 2.20282
20370001 2.19031
20380001 2.2067
20390001 2.1973
20400001 2.19106
20410001 2.20538
20420001 2.22026
20430001 2.19494
20440001 2.18924
20450001 2.19408
20460001 2.19027
20470001 2.20951
20480001 2.19673
20490001 2.19133
20500001 2.19656
20510001 2.20169
20520001 2.20672
20530001 2.20524
20540001 2.19086
20550001 2.20622
20560001 2.19286
20570001 2.18795
20580001 2.19703
20590001 2.18814
20600001 2.19198
20610001 2.19175
20620001 2.20265
20630001 2.20397
20640001 2.20865
20650001 2.20154
20660001 2.21194
20670001 2.19368
20680001 2.20799
20690001 2.2008
20700001 2.20254
20710001 2.20646
20720001 2.19588
20730001 2.21117
20740001 2.19549
20750001 2.20178
20760001 2.19381
20770001 2.19242
20780001 2.20486
20790001 2.19161
20800001 2.21214
20810001 2.2431
20820001 2.18862
20830001 2.20044
20840001 2.19149
20850001 2.18885
20860001 2.204
20870001 2.18322
20880001 2.20215
20890001 2.20891
20900001 2.20113
20910001 2.19528
20920001 2.18945
20930001 2.20497
20940001 2.19835
20950001 2.19456
20960001 2.20788
20970001 2.20567
20980001 2.19958
20990001 2.20852
21000001 2.20332
21010001 2.20647
21020001 2.21281
21030001 2.19878
21040001 2.20033
21050001 2.18758
21060001 2.20609
21070001 2.18395
21080001 2.19984
21090001 2.20153
21100001 2.18907
21110001 2.19425
21120001 2.19527
21130001 2.19658
21140001 2.19787
21150001 2.19567
21160001 2.19019
21170001 2.22191
21180001 2.19418
21190001 2.21422
21200001 2.21137
21210001 2.20172
21220001 2.18335
21230001 2.21104
21240001 2.20297
21250001 2.17695
21260001 2.21305
21270001 2.21896
21280001 2.19289
21290001 2.19784
21300001 2.18914
21310001 2.19686
21320001 2.19322
21330001 2.19394
21340001 2.20924
21350001 2.22369
21360001 2.20617
21370001 2.19223
21380001 2.18816
21390001 2.21317
21400001 2.20483
21410001 2.20475
21420001 2.18917
21430001 2.20537
21440001 2.19039
21450001 2.20113
21460001 2.1808
21470001 2.2013
21480001 2.19177
21490001 2.1868
21500001 2.20985
21510001 2.18569
21520001 2.20117
21530001 2.19413
21540001 2.19032
21550001 2.20444
21560001 2.20715
21570001 2.21512
21580001 2.19541
21590001 2.19309
21600001 2.18878
21610001 2.20975
21620001 2.19891
21630001 2.19975
21640001 2.18299
21650001 2.20268
21660001 2.20005
21670001 2.19342
21680001 2.20069
21690001 2.19443
21700001 2.19728
21710001 2.20546
21720001 2.20093
21730001 2.20388
21740001 2.19746
21750001 2.18621
21760001 2.19511
21770001 2.19979
21780001 2.20009
21790001 2.1886
21800001 2.19829
21810001 2.19114
21820001 2.18881
21830001 2.19725
21840001 2.28707
21850001 2.2141
21860001 2.19233
21870001 2.18079
21880001 2.20223
21890001 2.20254
21900001 2.21378
21910001 2.19983
21920001 2.18198
21930001 2.20108
21940001 2.18603
21950001 2.20464
21960001 2.20139
21970001 2.1941
21980001 2.21278
21990001 2.19855
22000001 2.20541
22010001 2.20758
22020001 2.19243
22030001 2.20237
22040001 2.19206
22050001 2.21563
22060001 2.20588
22070001 2.1842
22080001 2.18652
22090001 2.20084
22100001 2.19257
22110001 2.18635
22120001 2.2102
22130001 2.20183
22140001 2.21167
22150001 2.19719
22160001 2.21206
22170001 2.2222
22180001 2.18547
22190001 2.18763
22200001 2.19783
22210001 2.21157
22220001 2.19265
22230001 2.19677
22240001 2.1932
22250001 2.20113
22260001 2.19337
22270001 2.22238
22280001 2.1933
22290001 2.21296
22300001 2.19756
22310001 2.20732
22320001 2.19811
22330001 2.1879
22340001 2.17914
22350001 2.19716
22360001 2.18895
22370001 2.19048
22380001 2.19089
22390001 2.1971
22400001 2.21082
22410001 2.18928
22420001 2.18961
22430001 2.19177
22440001 2.22318
22450001 2.19924
22460001 2.18759
22470001 2.2008
22480001 2.19879
22490001 2.21122
22500001 2.19639
22510001 2.21055
22520001 2.19066
22530001 2.19342
22540001 2.19947
22550001 2.18976
22560001 2.19979
22570001 2.20411
22580001 2.18661
22590001 2.19043
22600001 2.18673
22610001 2.21959
22620001 2.18998
22630001 2.18922
22640001 2.19162
22650001 2.17685
22660001 2.19066
22670001 2.20177
22680001 2.20003
22690001 2.19408
22700001 2.18253
22710001 2.21076
22720001 2.19377
22730001 2.19979
22740001 2.19485
22750001 2.21821
22760001 2.22011
22770001 2.19278
22780001 2.2177
22790001 2.19903
22800001 2.22129
22810001 2.19131
22820001 2.19668
22830001 2.18531
22840001 2.19215
22850001 2.21059
22860001 2.20265
22870001 2.20034
22880001 2.18791
22890001 2.19595
22900001 2.19032
22910001 2.18351
22920001 2.19493
22930001 2.21216
22940001 2.20509
22950001 2.2022
22960001 2.19946
22970001 2.20256
22980001 2.18835
22990001 2.21079
23000001 2.22292
23010001 2.21052
23020001 2.20614
23030001 2.19119
23040001 2.20718
23050001 2.19628
23060001 2.20059
23070001 2.21953
23080001 2.18651
23090001 2.19272
23100001 2.19864
23110001 2.20644
23120001 2.2115
23130001 2.19859
23140001 2.22478
23150001 2.20632
23160001 2.20286
23170001 2.19325
23180001 2.18559
23190001 2.19724
23200001 2.19834
23210001 2.18543
23220001 2.19679
23230001 2.22268
23240001 2.19289
23250001 2.20176
23260001 2.19495
23270001 2.20493
23280001 2.20333
23290001 2.19617
23300001 2.20561
23310001 2.17878
23320001 2.21105
23330001 2.19896
23340001 2.19531
23350001 2.20306
23360001 2.19131
23370001 2.20595
23380001 2.20996
23390001 2.20073
23400001 2.20828
23410001 2.20976
23420001 2.17787
23430001 2.19284
23440001 2.19691
23450001 2.19683
23460001 2.17936
23470001 2.21333
23480001 2.18791
23490001 2.19353
23500001 2.19192
23510001 2.20451
23520001 2.18876
23530001 2.18985
23540001 2.19368
23550001 2.19158
23560001 2.20128
23570001 2.20181
23580001 2.1843
23590001 2.20346
23600001 2.19432
23610001 2.1915
23620001 2.19506
23630001 2.21283
23640001 2.20964
23650001 2.19523
23660001 2.21188
23670001 2.20605
23680001 2.21126
23690001 2.18819
23700001 2.18851
23710001 2.20238
23720001 2.2074
23730001 2.19271
23740001 2.20759
23750001 2.20477
23760001 2.20539
23770001 2.21004
23780001 2.28305
23790001 2.1932
23800001 2.19024
23810001 2.21722
23820001 2.20396
23830001 2.19774
23840001 2.17999
23850001 2.18831
23860001 2.19751
23870001 2.20275
23880001 2.20174
23890001 2.1929
23900001 2.18882
23910001 2.20245
23920001 2.19909
23930001 2.19149
23940001 2.21009
23950001 2.2252
23960001 2.20127
23970001 2.46117
23980001 2.23823
23990001 2.21357
24000001 2.19128
24010001 2.19554
24020001 2.16956
24030001 2.20153
24040001 2.18925
24050001 2.20575
24060001 2.19977
24070001 2.19869
24080001 2.18511
24090001 2.19
24100001 2.19676
24110001 2.18532
24120001 2.21716
24130001 2.20354
24140001 2.20662
24150001 2.17966
24160001 2.18324
24170001 2.18613
24180001 2.19804
24190001 2.18438
24200001 2.20141
24210001 2.20513
24220001 2.20333
24230001 2.20951
24240001 2.22139
24250001 2.18356
24260001 2.21057
24270001 2.18392
24280001 2.18968
24290001 2.19152
24300001 2.19191
24310001 2.19799
24320001 2.19509
24330001 2.19446
24340001 2.19843
24350001 2.18764
24360001 2.19512
24370001 2.20136
24380001 2.19315
24390001 2.19334
24400001 2.19916
24410001 2.20162
24420001 2.21
24430001 2.18656
24440001 2.19697
24450001 2.2007
24460001 2.20442
24470001 2.19205
24480001 2.18034
24490001 2.18396
24500001 2.20756
24510001 2.28238
24520001 2.20477
24530001 2.19573
24540001 2.19326
24550001 2.20395
24560001 2.21269
24570001 2.20661
24580001 2.20801
24590001 2.20389
24600001 2.19545
24610001 2.20628
24620001 2.19321
24630001 2.1895
24640001 2.19469
24650001 2.19854
24660001 2.19213
24670001 2.19992
24680001 2.19271
24690001 2.19847
24700001 2.20433
24710001 2.18732
24720001 2.19745
24730001 2.18633
24740001 2.1944
24750001 2.20204
24760001 2.18816
24770001 2.20372
24780001 2.19938
24790001 2.20294
24800001 2.19265
24810001 2.19238
24820001 2.18635
24830001 2.19635
24840001 2.2116
24850001 2.20372
24860001 2.1954
24870001 2.24753
24880001 2.20249
24890001 2.19502
24900001 2.18989
24910001 2.19393
24920001 2.2078
24930001 2.18481
24940001 2.19881
24950001 2.19355
24960001 2.19841
24970001 2.20254
24980001 2.1713
24990001 2.18113
25000001 2.19956
25010001 2.18715
25020001 2.19694
25030001 2.19793
25040001 2.20218
25050001 2.19019
25060001 2.20683
25070001 2.20653
25080001 2.21283
25090001 2.20551
25100001 2.19624
25110001 2.19761
25120001 2.2162
25130001 2.20493
25140001 2.19711
25150001 2.1951
25160001 2.19343
25170001 2.19684
25180001 2.20243
25190001 2.18112
25200001 2.21566
25210001 2.19257
25220001 2.21278
25230001 2.20337
25240001 2.19033
25250001 2.19956
25260001 2.20157
25270001 2.20003
25280001 2.19634
25290001 2.20852
25300001 2.21872
25310001 2.19956
25320001 2.16852
25330001 2.19335
25340001 2.18671
25350001 2.1918
25360001 2.20105
25370001 2.18526
25380001 2.19932
25390001 2.19546
25400001 2.19568
25410001 2.20737
25420001 2.1961
25430001 2.21002
25440001 2.19945
25450001 2.195
25460001 2.19697
25470001 2.2027
25480001 2.21542
25490001 2.1998
25500001 2.1896
25510001 2.20176
25520001 2.202
25530001 2.20893
25540001 2.1889
25550001 2.18481
25560001 2.19983
25570001 2.20303
25580001 2.21951
25590001 2.19734
25600001 2.20286
25610001 2.20658
25620001 2.179
25630001 2.19739
25640001 2.18181
25650001 2.19509
25660001 2.2043
25670001 2.19852
25680001 2.2351
25690001 2.19812
25700001 2.19854
25710001 2.18687
25720001 2.18938
25730001 2.18236
25740001 2.18813
25750001 2.20421
25760001 2.19028
25770001 2.21425
25780001 2.20694
25790001 2.20104
25800001 2.19242
25810001 2.19482
25820001 2.21073
25830001 2.20508
25840001 2.19956
25850001 2.20945
25860001 2.19944
25870001 2.20467
25880001 2.18318
25890001 2.18774
25900001 2.19408
25910001 2.22015
25920001 2.19975
25930001 2.17722
25940001 2.18444
25950001 2.19332
25960001 2.1987
25970001 2.18144
25980001 2.19556
25990001 2.19825
26000001 2.17875
26010001 2.19164
26020001 2.20168
26030001 2.18516
26040001 2.20185
26050001 2.18886
26060001 2.19196
26070001 2.19385
26080001 2.19905
26090001 2.1894
26100001 2.18832
26110001 2.19759
26120001 2.20222
26130001 2.19982
26140001 2.1885
26150001 2.21573
26160001 2.18625
26170001 2.19212
26180001 2.18843
26190001 2.19016
26200001 2.19707
26210001 2.19874
26220001 2.19812
26230001 2.205
26240001 2.18783
26250001 2.20389
26260001 2.19565
26270001 2.18906
26280001 2.2059
26290001 2.20739
26300001 2.19864
26310001 2.20331
26320001 2.21678
26330001 2.20933
26340001 2.18828
26350001 2.2056
26360001 2.20404
26370001 2.18964
26380001 2.21906
26390001 2.21136
26400001 2.20968
26410001 2.20353
26420001 2.20737
26430001 2.18725
26440001 2.19247
26450001 2.19262
26460001 2.18704
26470001 2.2009
26480001 2.2163
26490001 2.19912
26500001 2.21465
26510001 2.20979
26520001 2.19933
26530001 2.2096
26540001 2.20086
26550001 2.20875
26560001 2.2064
26570001 2.18774
26580001 2.19326
26590001 2.19489
26600001 2.20715
26610001 2.17781
26620001 2.2092
26630001 2.20437
26640001 2.19008
26650001 2.176
26660001 2.19491
26670001 2.19258
26680001 2.21273
26690001 2.18376
26700001 2.19401
26710001 2.18934
26720001 2.20319
26730001 2.19471
26740001 2.18808
26750001 2.20421
26760001 2.20837
26770001 2.19878
26780001 2.20665
26790001 2.1941
26800001 2.19837
26810001 2.18901
26820001 2.19902
26830001 2.2041
26840001 2.20484
26850001 2.19387
26860001 2.20569
26870001 2.18874
26880001 2.19522
26890001 2.1972
26900001 2.19601
26910001 2.19296
26920001 2.19253
26930001 2.19902
26940001 2.19505
26950001 2.19051
26960001 2.20324
26970001 2.17636
26980001 2.19592
26990001 2.19177
27000001 2.19228
27010001 2.19202
27020001 2.19183
27030001 2.20295
27040001 2.18731
27050001 2.18873
27060001 2.19788
27070001 2.20124
27080001 2.18096
27090001 2.19279
27100001 2.18581
27110001 2.19237
27120001 2.19531
27130001 2.19727
27140001 2.19223
27150001 2.2079
27160001 2.1998
27170001 2.18716
27180001 2.18547
27190001 2.18155
27200001 2.23638
27210001 2.21241
27220001 2.18
27230001 2.20906
27240001 2.18786
27250001 2.19946
27260001 2.18383
27270001 2.19902
27280001 2.19768
27290001 2.20324
27300001 2.19184
27310001 2.20356
27320001 2.20963
27330001 2.19628
27340001 2.19002
27350001 2.20702
27360001 2.20346
27370001 2.19898
27380001 2.2017
27390001 2.19337
27400001 2.2009
27410001 2.21033
27420001 2.20383
27430001 2.18701
27440001 2.1866
27450001 2.1987
27460001 2.19927
27470001 2.20341
27480001 2.19978
27490001 2.18372
27500001 2.19047
27510001 2.22399
27520001 2.20172
27530001 2.20119
27540001 2.21196
27550001 2.19226
27560001 2.19995
27570001 2.20789
27580001 2.20251
27590001 2.18899
27600001 2.19916
27610001 2.18613
27620001 2.20015
27630001 2.21703
27640001 2.21118
27650001 2.19604
27660001 2.19723
27670001 2.19117
27680001 2.18555
27690001 2.19515
27700001 2.20467
27710001 2.18477
27720001 2.18561
27730001 2.19126
27740001 2.19889
27750001 2.20077
27760001 2.20746
27770001 2.20323
27780001 2.20237
27790001 2.19896
27800001 2.18372
27810001 2.19591
27820001 2.18548
27830001 2.20347
27840001 2.20449
27850001 2.21201
27860001 2.17898
27870001 2.20031
27880001 2.19996
27890001 2.20047
27900001 2.19112
27910001 2.18893
27920001 2.17635
27930001 2.19954
27940001 2.19652
27950001 2.20026
27960001 2.22446
27970001 2.20012
27980001 2.19914
27990001 2.1942
28000001 2.2063
28010001 2.19243
28020001 2.2032
28030001 2.21256
28040001 2.19782
28050001 2.20316
28060001 2.20302
28070001 2.19836
28080001 2.19577
28090001 2.20056
28100001 2.18625
28110001 2.20434
28120001 2.20212
28130001 2.18818
28140001 2.1948
28150001 2.1897
28160001 2.22224
28170001 2.19743
28180001 2.19572
28190001 2.19112
28200001 2.20812
28210001 2.19465
28220001 2.20403
28230001 2.19718
28240001 2.20862
28250001 2.18596
28260001 2.19568
28270001 2.18861
28280001 2.21545
28290001 2.1954
28300001 2.19542
28310001 2.21026
28320001 2.17493
28330001 2.17762
28340001 2.19755
28350001 2.19737
28360001 2.21338
28370001 2.1907
28380001 2.24485
28390001 2.21063
28400001 2.21002
28410001 2.18456
28420001 2.20144
28430001 2.19939
28440001 2.19911
28450001 2.20274
28460001 2.19146
28470001 2.19513
28480001 2.20994
28490001 2.20396
28500001 2.21399
28510001 2.20785
28520001 2.21049
28530001 2.20533
28540001 2.20434
28550001 2.20063
28560001 2.21558
28570001 2.1949
28580001 2.21069
28590001 2.20953
28600001 2.18943
28610001 2.2013
28620001 2.18948
28630001 2.20012
28640001 2.19388
28650001 2.20999
28660001 2.20519
28670001 2.20332
28680001 2.20888
28690001 2.20007
28700001 2.20327
28710001 2.21075
28720001 2.19522
28730001 2.19482
28740001 2.19594
28750001 2.22598
28760001 2.19583
28770001 2.17658
28780001 2.19341
28790001 2.20271
28800001 2.19545
28810001 2.1854
28820001 2.19865
28830001 2.39406
28840001 2.21911
28850001 2.21401
28860001 2.21963
28870001 2.20333
28880001 2.20692
28890001 2.19218
28900001 2.20541
28910001 2.21449
28920001 2.20462
28930001 2.18351
28940001 2.19449
28950001 2.18444
28960001 2.18977
28970001 2.19908
28980001 2.2063
28990001 2.18208
29000001 2.18229
29010001 2.19632
29020001 2.17971
29030001 2.19078
29040001 2.21741
29050001 2.19678
29060001 2.19627
29070001 2.20336
29080001 2.20696
29090001 2.20845
29100001 2.19038
29110001 2.18627
29120001 2.19718
29130001 2.19283
29140001 2.18792
29150001 2.19375
29160001 2.20044
29170001 2.19193
29180001 2.21673
29190001 2.1983
29200001 2.19882
29210001 2.21591
29220001 2.18484
29230001 2.19542
29240001 2.19268
29250001 2.21113
29260001 2.19051
29270001 2.2053
29280001 2.21003
29290001 2.20742
29300001 2.19437
29310001 2.1999
29320001 2.18949
29330001 2.19057
29340001 2.2075
29350001 2.1981
29360001 2.19623
29370001 2.2058
29380001 2.18288
29390001 2.19181
29400001 2.19047
29410001 2.19805
29420001 2.19101
29430001 2.19756
29440001 2.18491
29450001 2.2194
29460001 2.2063
29470001 2.1828
29480001 2.19924
29490001 2.19355
29500001 2.21742
29510001 2.20269
29520001 2.19373
29530001 2.18678
29540001 2.19025
29550001 2.22594
29560001 2.20094
29570001 2.19497
29580001 2.17966
29590001 2.18692
29600001 2.18753
29610001 2.20031
29620001 2.1864
29630001 2.20928
29640001 2.1977
29650001 2.2035
29660001 2.18779
29670001 2.19116
29680001 2.21247
29690001 2.20086
29700001 2.19487
29710001 2.20352
29720001 2.19314
29730001 2.19653
29740001 2.19828
29750001 2.18196
29760001 2.21591
29770001 2.19378
29780001 2.19608
29790001 2.20044
29800001 2.20651
29810001 2.19108
29820001 2.1945
29830001 2.19034
29840001 2.18782
29850001 2.20827
29860001 2.21617
29870001 2.20253
29880001 2.3459
29890001 2.22204
29900001 2.20739
29910001 2.20695
29920001 2.20471
29930001 2.21174
29940001 2.20603
29950001 2.19553
29960001 2.19054
29970001 2.18382
29980001 2.1924
29990001 2.18873
