1 2178.08
10001 153.939
20001 84.3431
30001 55.5715
40001 41.4769
50001 32.7735
60001 27.5935
70001 24.5919
80001 22.5088
90001 21.1848
100001 20.3143
110001 19.6614
120001 19.1813
130001 18.7172
140001 18.633
150001 18.2379
160001 18.0002
170001 17.8552
180001 17.6949
190001 17.5754
200001 17.4751
210001 17.3824
220001 17.3297
230001 17.3189
240001 17.3169
250001 17.018
260001 17.1936
270001 17.0513
280001 17.0565
290001 17.0068
300001 17.0007
310001 17.0037
320001 16.898
330001 16.85
340001 16.9976
350001 16.7141
360001 16.8402
370001 16.8658
380001 16.6855
390001 16.8256
400001 16.8909
410001 16.8469
420001 16.7643
430001 16.6975
440001 16.8161
450001 16.6813
460001 16.6808
470001 16.5655
480001 16.8189
490001 16.7149
500001 16.655
510001 16.6678
520001 16.7433
530001 16.6834
540001 16.6741
550001 16.5171
560001 16.5771
570001 16.4775
580001 16.5469
590001 16.5934
600001 16.568
610001 16.5234
620001 16.557
630001 16.591
640001 16.555
650001 16.4497
660001 16.6135
670001 16.406
680001 16.6169
690001 16.4816
700001 16.4343
710001 16.5085
720001 16.5035
730001 16.5807
740001 16.402
750001 16.4288
760001 16.4724
770001 16.61
780001 16.4495
790001 16.545
800001 16.4661
810001 16.5064
820001 16.5047
830001 16.538
840001 16.4288
850001 16.5706
860001 16.5222
870001 16.422
880001 16.3978
890001 16.4426
900001 16.5741
910001 16.484
920001 16.4083
930001 16.3997
940001 16.4824
950001 16.4293
960001 16.6012
970001 16.4715
980001 16.482
990001 16.5053
1000001 16.3822
1010001 16.3762
1020001 16.3758
1030001 16.4647
1040001 16.3328
1050001 16.3751
1060001 16.3914
1070001 16.4836
1080001 16.4423
1090001 16.5755
1100001 16.4416
1110001 16.4463
1120001 16.34
1130001 16.5262
1140001 16.4609
1150001 16.5728
1160001 16.4258
1170001 16.3355
1180001 16.5171
1190001 16.4665
1200001 16.3374
1210001 16.4294
1220001 16.2983
1230001 16.3979
1240001 16.4426
1250001 16.3631
1260001 16.4936
1270001 16.3884
1280001 16.49
1290001 16.4392
1300001 16.3411
1310001 16.3927
1320001 16.522
1330001 16.3866
1340001 16.4647
1350001 16.4436
1360001 16.4142
1370001 16.3774
1380001 16.354
1390001 16.4379
1400001 16.3245
1410001 16.3804
1420001 16.3025
1430001 16.4384
1440001 16.3726
1450001 16.3575
1460001 16.3922
1470001 16.3885
1480001 16.3955
1490001 16.384
1500001 16.4322
1510001 16.3936
1520001 16.4299
1530001 16.4952
1540001 16.39
1550001 16.4341
1560001 16.5463
1570001 16.3567
1580001 16.4173
1590001 16.39
1600001 16.5205
1610001 16.4146
1620001 16.2874
1630001 16.4822
1640001 16.5034
1650001 16.4273
1660001 16.2579
1670001 16.2626
1680001 16.4333
1690001 16.3697
1700001 16.2955
1710001 16.5115
1720001 16.4404
1730001 16.4606
1740001 16.432
1750001 16.2446
1760001 16.4132
1770001 16.4201
1780001 16.3459
1790001 16.4004
1800001 16.3295
1810001 16.4738
1820001 16.3275
1830001 16.3593
1840001 16.4398
1850001 16.3595
1860001 16.3888
1870001 16.3801
1880001 16.3264
1890001 16.436
1900001 16.4069
1910001 16.3861
1920001 16.4933
1930001 16.3786
1940001 16.3678
1950001 16.3468
1960001 16.5262
1970001 16.436
1980001 16.3545
1990001 16.3925
2000001 16.4295
2010001 16.4153
2020001 16.2957
2030001 16.4519
2040001 16.3787
2050001 16.364
2060001 16.3925
2070001 16.5687
2080001 16.3421
2090001 16.4362
2100001 16.3612
2110001 16.464
2120001 16.4432
2130001 16.4088
2140001 16.5299
2150001 16.4474
2160001 16.3831
2170001 16.3959
2180001 16.3279
2190001 16.41
2200001 16.4223
2210001 16.3368
2220001 16.4005
2230001 16.4695
2240001 16.4547
2250001 16.415
2260001 16.4364
2270001 16.2799
2280001 16.4303
2290001 16.3208
2300001 16.4286
2310001 16.3213
2320001 16.3562
2330001 16.3449
2340001 16.4752
2350001 16.4275
2360001 16.4175
2370001 16.2303
2380001 16.3846
2390001 16.4208
2400001 16.4197
2410001 16.4128
2420001 16.4486
2430001 16.3005
2440001 16.3538
2450001 16.404
2460001 16.3657
2470001 16.4538
2480001 16.3888
2490001 16.3585
2500001 16.4383
2510001 16.3481
2520001 16.2599
2530001 16.3762
2540001 16.3554
2550001 16.3402
2560001 16.3829
2570001 16.4351
2580001 16.3745
2590001 16.3355
2600001 16.3332
2610001 16.2789
2620001 16.4386
2630001 16.4133
2640001 16.4346
2650001 16.4213
2660001 16.4075
2670001 16.3617
2680001 16.3839
2690001 16.4471
2700001 16.2456
2710001 16.4496
2720001 16.378
2730001 16.4004
2740001 16.4591
2750001 16.4009
2760001 16.3947
2770001 16.4357
2780001 16.2454
2790001 16.4152
2800001 16.3156
2810001 16.4027
2820001 16.3147
2830001 16.5023
2840001 16.4058
2850001 16.3385
2860001 16.415
2870001 16.3302
2880001 16.4215
2890001 16.3915
2900001 16.3703
2910001 16.3281
2920001 16.4311
2930001 16.3094
2940001 16.3321
2950001 16.3111
2960001 16.4792
2970001 16.3761
2980001 16.294
2990001 16.4142
3000001 16.3796
3010001 16.3973
3020001 16.3676
3030001 16.3719
3040001 16.3544
3050001 16.3546
3060001 16.3697
3070001 16.2507
3080001 16.4211
3090001 16.3871
3100001 16.467
3110001 16.4893
3120001 16.4477
3130001 16.3756
3140001 16.3178
3150001 16.3718
3160001 16.3752
3170001 16.4302
3180001 16.4026
3190001 16.432
3200001 16.4526
3210001 16.3783
3220001 16.3052
3230001 16.3188
3240001 16.3307
3250001 16.4201
3260001 16.2462
3270001 16.4081
3280001 16.2875
3290001 16.2768
3300001 16.3114
3310001 16.2977
3320001 16.3647
3330001 16.399
3340001 16.3881
3350001 16.2633
3360001 16.5648
3370001 16.2962
3380001 16.3789
3390001 16.3548
3400001 16.4347
3410001 16.3743
3420001 16.3548
3430001 16.3992
3440001 16.3396
3450001 16.3343
3460001 16.3469
3470001 16.3817
3480001 16.4385
3490001 16.3728
3500001 16.374
3510001 16.2624
3520001 16.2443
3530001 16.4598
3540001 16.4582
3550001 16.3844
3560001 16.2303
3570001 16.3161
3580001 16.4525
3590001 16.287
3600001 16.3852
3610001 16.4036
3620001 16.3158
3630001 16.3583
3640001 16.2364
3650001 16.3296
3660001 16.362
3670001 16.3981
3680001 16.3296
3690001 16.4429
3700001 16.2614
3710001 16.4066
3720001 16.5128
3730001 16.389
3740001 16.3959
3750001 16.3972
3760001 16.5188
3770001 16.3437
3780001 16.3292
3790001 16.4123
3800001 16.3611
3810001 16.3572
3820001 16.399
3830001 16.2658
3840001 16.4761
3850001 16.3592
3860001 16.3775
3870001 16.3786
3880001 16.3053
3890001 16.4366
3900001 16.3973
3910001 16.4294
3920001 16.3532
3930001 16.3145
3940001 16.3425
3950001 16.3638
3960001 16.3498
3970001 16.396
3980001 16.3914
3990001 16.3661
4000001 16.4283
4010001 16.4473
4020001 16.3199
4030001 16.3297
4040001 16.4492
4050001 16.4182
4060001 16.3924
4070001 16.2742
4080001 16.4721
4090001 16.3823
4100001 16.3953
4110001 16.3784
4120001 16.3781
4130001 16.345
4140001 16.3061
4150001 16.3262
4160001 16.2968
4170001 16.3625
4180001 16.3196
4190001 16.4355
4200001 16.2907
4210001 16.3813
4220001 16.2768
4230001 16.3457
4240001 16.3872
4250001 16.465
4260001 16.3281
4270001 16.3532
4280001 16.3542
4290001 16.3683
4300001 16.4148
4310001 16.4769
4320001 16.4429
4330001 16.4092
4340001 16.3965
4350001 16.4266
4360001 16.6013
4370001 16.3491
4380001 16.2457
4390001 16.4058
4400001 16.3383
4410001 16.3961
4420001 16.3646
4430001 16.3434
4440001 16.4179
4450001 16.3631
4460001 16.3108
4470001 16.3632
4480001 16.2329
4490001 16.3496
4500001 16.4266
4510001 16.4086
4520001 16.3118
4530001 16.3285
4540001 16.385
4550001 16.3258
4560001 16.2846
4570001 16.3599
4580001 16.244
4590001 16.4288
4600001 16.4416
4610001 16.3768
4620001 16.3691
4630001 16.4147
4640001 16.4079
4650001 16.3757
4660001 16.3578
4670001 16.4284
4680001 16.4517
4690001 16.3792
4700001 16.3527
4710001 16.369
4720001 16.3586
4730001 16.3875
4740001 16.4239
4750001 16.287
4760001 16.3263
4770001 16.2082
4780001 16.361
4790001 16.352
4800001 16.3473
4810001 16.456
4820001 16.4307
4830001 16.3586
4840001 16.2114
4850001 16.4127
4860001 16.4202
4870001 16.4623
4880001 16.2925
4890001 16.3769
4900001 16.461
4910001 16.4753
4920001 16.3321
4930001 16.5193
4940001 16.4278
4950001 16.3816
4960001 16.2734
4970001 16.4795
4980001 16.4031
4990001 16.4321
5000001 16.4779
5010001 16.2784
5020001 16.3158
5030001 16.3803
5040001 16.3117
5050001 16.3625
5060001 16.4118
5070001 16.4389
5080001 16.4595
5090001 16.3133
5100001 16.3042
5110001 16.3606
5120001 16.4191
5130001 16.4208
5140001 16.3595
5150001 16.3215
5160001 16.2981
5170001 16.3364
5180001 16.343
5190001 16.2154
5200001 16.3709
5210001 16.3176
5220001 16.2585
5230001 16.275
5240001 16.5012
5250001 16.2935
5260001 16.3208
5270001 16.4952
5280001 16.2731
5290001 16.2529
5300001 16.3616
5310001 16.3886
5320001 16.5313
5330001 16.295
5340001 16.3257
5350001 16.2569
5360001 16.3589
5370001 16.3771
5380001 16.3447
5390001 16.3532
5400001 16.4989
5410001 16.3105
5420001 16.3795
5430001 16.3428
5440001 16.3096
5450001 16.4363
5460001 16.3513
5470001 16.4238
5480001 16.2784
5490001 16.4535
5500001 16.3214
5510001 16.3558
5520001 16.3269
5530001 16.3929
5540001 16.2501
5550001 16.3958
5560001 16.471
5570001 16.4696
5580001 16.4951
5590001 16.3868
5600001 16.3591
5610001 16.265
5620001 16.459
5630001 16.2365
5640001 16.271
5650001 16.3707
5660001 16.2758
5670001 16.2646
5680001 16.3813
5690001 16.3279
5700001 16.2791
5710001 16.4587
5720001 16.3067
5730001 16.3829
5740001 16.3245
5750001 16.3702
5760001 16.3803
5770001 16.3077
5780001 16.3413
5790001 16.3775
5800001 16.3488
5810001 16.4326
5820001 16.3501
5830001 16.4019
5840001 16.3988
5850001 16.4207
5860001 16.2666
5870001 16.3877
5880001 16.3642
5890001 16.3436
5900001 16.3943
5910001 16.3735
5920001 16.4078
5930001 16.4169
5940001 16.3663
5950001 16.4479
5960001 16.3896
5970001 16.4332
5980001 16.3616
5990001 16.3901
6000001 16.3296
6010001 16.3722
6020001 16.3094
6030001 16.4369
6040001 16.4521
6050001 16.3473
6060001 16.317
6070001 16.3696
6080001 16.3613
6090001 16.3322
6100001 16.338
6110001 16.3269
6120001 16.376
6130001 16.3801
6140001 16.5168
6150001 16.2749
6160001 16.3431
6170001 16.3754
6180001 16.5028
6190001 16.3846
6200001 16.4893
6210001 16.4088
6220001 16.4507
6230001 16.2475
6240001 16.3484
6250001 16.5033
6260001 16.3563
6270001 16.3542
6280001 16.3752
6290001 16.3835
6300001 16.3316
6310001 16.4238
6320001 16.4603
6330001 16.4447
6340001 16.3154
6350001 16.3818
6360001 16.3926
6370001 16.3911
6380001 16.4389
6390001 16.4546
6400001 16.3665
6410001 16.3054
6420001 16.2501
6430001 16.3695
6440001 16.3352
6450001 16.3136
6460001 16.4233
6470001 16.37
6480001 16.372
6490001 16.386
6500001 16.411
6510001 16.3446
6520001 16.3177
6530001 16.3914
6540001 16.343
6550001 16.5044
6560001 16.3218
6570001 16.4411
6580001 16.4292
6590001 16.2613
6600001 16.3857
6610001 16.3444
6620001 16.3974
6630001 16.4064
6640001 16.4355
6650001 16.3429
6660001 16.285
6670001 16.3769
6680001 16.3264
6690001 16.3687
6700001 16.3208
6710001 16.3857
6720001 16.3261
6730001 16.4543
6740001 16.3399
6750001 16.4622
6760001 16.2941
6770001 16.3285
6780001 16.3872
6790001 16.303
6800001 16.3124
6810001 16.2971
6820001 16.2578
6830001 16.3732
6840001 16.2789
6850001 16.2678
6860001 16.4733
6870001 16.3043
6880001 16.3293
6890001 16.3617
6900001 16.2571
6910001 16.3481
6920001 16.3069
6930001 16.42
6940001 16.2864
6950001 16.3512
6960001 16.4454
6970001 16.3482
6980001 16.3726
6990001 16.3658
7000001 16.4183
7010001 16.4296
7020001 16.2642
7030001 16.4099
7040001 16.3303
7050001 16.3877
7060001 16.3518
7070001 16.3126
7080001 16.3423
7090001 16.2987
7100001 16.2737
7110001 16.4534
7120001 16.4201
7130001 16.3687
7140001 16.3868
7150001 16.4129
7160001 16.3814
7170001 16.3055
7180001 16.3645
7190001 16.2531
7200001 16.3687
7210001 16.4045
7220001 16.4122
7230001 16.4311
7240001 16.3195
7250001 16.3132
7260001 16.2881
7270001 16.2978
7280001 16.3988
7290001 16.3567
7300001 16.2918
7310001 16.4904
7320001 16.4629
7330001 16.2443
7340001 16.3828
7350001 16.3501
7360001 16.4304
7370001 16.3291
7380001 16.2705
7390001 16.2601
7400001 16.4158
7410001 16.4014
7420001 16.3565
7430001 16.2817
7440001 16.4032
7450001 16.351
7460001 16.3959
7470001 16.366
7480001 16.4268
7490001 16.4329
7500001 16.3839
7510001 16.4152
7520001 16.2968
7530001 16.359
7540001 16.3639
7550001 16.3276
7560001 16.5325
7570001 16.3866
7580001 16.4541
7590001 16.4249
7600001 16.4161
7610001 16.4011
7620001 16.3495
7630001 16.3389
7640001 16.3031
7650001 16.4255
7660001 16.4221
7670001 16.2925
7680001 16.3134
7690001 16.361
7700001 16.433
7710001 16.4087
7720001 16.4866
7730001 16.316
7740001 16.359
7750001 16.2367
7760001 16.3756
7770001 16.3373
7780001 16.4565
7790001 16.297
7800001 16.37
7810001 16.3757
7820001 16.3411
7830001 16.3441
7840001 16.5479
7850001 16.354
7860001 16.4686
7870001 16.3475
7880001 16.3152
7890001 16.4501
7900001 16.4521
7910001 16.4096
7920001 16.3331
7930001 16.3139
7940001 16.3551
7950001 16.4058
7960001 16.4151
7970001 16.4122
7980001 16.3939
7990001 16.393
8000001 16.3144
8010001 16.2688
8020001 16.4409
8030001 16.4471
8040001 16.3424
8050001 16.3437
8060001 16.4699
8070001 16.335
8080001 16.377
8090001 16.3167
8100001 16.3845
8110001 16.4224
8120001 16.4414
8130001 16.2527
8140001 16.3712
8150001 16.3403
8160001 16.4589
8170001 16.3742
8180001 16.3776
8190001 16.2917
8200001 16.3075
8210001 16.3972
8220001 16.3685
8230001 16.2863
8240001 16.4346
8250001 16.3833
8260001 16.348
8270001 16.3395
8280001 16.3459
8290001 16.34
8300001 16.4636
8310001 16.3116
8320001 16.4228
8330001 16.4487
8340001 16.364
8350001 16.2829
8360001 16.298
8370001 16.3523
8380001 16.3949
8390001 16.215
8400001 16.3613
8410001 16.295
8420001 16.3852
8430001 16.4451
8440001 16.3722
8450001 16.2928
8460001 16.3598
8470001 16.2388
8480001 16.3233
8490001 16.3952
8500001 16.3109
8510001 16.3679
8520001 16.4397
8530001 16.2001
8540001 16.3898
8550001 16.3768
8560001 16.3719
8570001 16.4073
8580001 16.2178
8590001 16.3624
8600001 16.3008
8610001 16.3869
8620001 16.3624
8630001 16.252
8640001 16.3226
8650001 16.2927
8660001 16.4119
8670001 16.331
8680001 16.2641
8690001 16.262
8700001 16.3804
8710001 20.7188
8720001 18.0481
8730001 16.665
8740001 16.3931
8750001 16.381
8760001 16.2996
8770001 16.3844
8780001 16.3845
8790001 16.3828
8800001 16.4335
8810001 16.3865
8820001 16.3531
8830001 16.2755
8840001 16.3081
8850001 16.3972
8860001 16.4341
8870001 16.3431
8880001 16.3657
8890001 16.361
8900001 16.4615
8910001 16.4224
8920001 16.5327
8930001 16.3358
8940001 16.3139
8950001 16.3573
8960001 16.4127
8970001 16.4289
8980001 16.3057
8990001 16.3104
9000001 16.403
9010001 16.3166
9020001 16.3555
9030001 16.2704
9040001 16.3331
9050001 16.2509
9060001 16.4444
9070001 16.3587
9080001 16.3618
9090001 16.3941
9100001 16.3313
9110001 16.3916
9120001 16.3045
9130001 16.397
9140001 16.3091
9150001 16.304
9160001 16.3252
9170001 16.36
9180001 16.3753
9190001 16.3038
9200001 16.2446
9210001 16.3524
9220001 16.3622
9230001 16.3277
9240001 16.4021
9250001 16.3441
9260001 16.3036
9270001 16.3455
9280001 16.2184
9290001 16.3606
9300001 16.2736
9310001 16.3771
9320001 16.3188
9330001 16.3824
9340001 16.418
9350001 16.331
9360001 16.3589
9370001 16.26
9380001 16.2957
9390001 16.3677
9400001 16.2383
9410001 16.3901
9420001 16.2813
9430001 16.3662
9440001 16.2288
9450001 16.2886
9460001 16.2935
9470001 16.3558
9480001 16.2936
9490001 16.4377
9500001 16.2923
9510001 16.4332
9520001 16.3239
9530001 16.3532
9540001 16.3768
9550001 16.3045
9560001 16.2967
9570001 16.3557
9580001 16.3306
9590001 16.3155
9600001 16.2921
9610001 16.4177
9620001 16.2875
9630001 16.3283
9640001 16.3914
9650001 16.3165
9660001 16.2291
9670001 16.2437
9680001 16.3549
9690001 16.5167
9700001 16.4555
9710001 16.3212
9720001 16.3583
9730001 16.352
9740001 16.3369
9750001 16.4543
9760001 16.3836
9770001 16.5774
9780001 16.3327
9790001 16.3606
9800001 16.3759
9810001 16.3809
9820001 16.3294
9830001 16.5105
9840001 16.3361
9850001 16.3406
9860001 16.3348
9870001 16.3529
9880001 16.4855
9890001 16.2707
9900001 16.4029
9910001 16.5059
9920001 16.2766
9930001 16.3174
9940001 16.4151
9950001 16.2898
9960001 16.2784
9970001 16.2843
9980001 16.3627
9990001 16.2992
10000001 16.2707
10010001 16.3587
10020001 16.4378
10030001 16.2944
10040001 16.29
10050001 16.2551
10060001 16.5425
10070001 16.4349
10080001 16.2813
10090001 16.3433
10100001 16.3243
10110001 16.3935
10120001 16.3733
10130001 16.3516
10140001 16.308
10150001 16.3805
10160001 16.4713
10170001 16.3571
10180001 16.3888
10190001 16.3397
10200001 16.4139
10210001 16.3673
10220001 16.3206
10230001 16.3641
10240001 16.3075
10250001 16.4361
10260001 16.2445
10270001 16.3524
10280001 16.4402
10290001 16.4974
10300001 16.3168
10310001 16.45
10320001 16.3401
10330001 16.4516
10340001 16.4234
10350001 16.5301
10360001 16.6088
10370001 16.2502
10380001 16.5487
10390001 16.2868
10400001 16.267
10410001 16.3793
10420001 16.3149
10430001 16.4906
10440001 16.3877
10450001 16.4013
10460001 16.4212
10470001 16.295
10480001 16.4704
10490001 16.389
10500001 16.2866
10510001 16.339
10520001 16.3323
10530001 16.3188
10540001 16.4021
10550001 16.3972
10560001 16.2915
10570001 16.2792
10580001 16.1983
10590001 16.4123
10600001 16.2631
10610001 16.2615
10620001 16.1676
10630001 16.4017
10640001 16.3516
10650001 16.2461
10660001 16.3741
10670001 16.3895
10680001 16.3452
10690001 16.2747
10700001 16.3027
10710001 16.3865
10720001 16.1875
10730001 16.3951
10740001 16.446
10750001 16.34
10760001 16.298
10770001 16.3943
10780001 16.3405
10790001 16.3517
10800001 16.3724
10810001 16.4019
10820001 16.2982
10830001 16.2784
10840001 16.2942
10850001 16.2864
10860001 16.3492
10870001 16.2617
10880001 16.2701
10890001 16.296
10900001 16.3885
10910001 16.3697
10920001 16.3598
10930001 16.3927
10940001 16.2658
10950001 16.3833
10960001 16.4152
10970001 16.2597
10980001 16.3508
10990001 16.3594
11000001 16.3436
11010001 16.4054
11020001 16.3949
11030001 16.4835
11040001 16.3092
11050001 16.2732
11060001 16.4627
11070001 16.2833
11080001 16.3483
11090001 16.3449
11100001 16.3147
11110001 16.2691
11120001 16.345
11130001 16.2847
11140001 16.3666
11150001 16.4683
11160001 16.3638
11170001 16.3417
11180001 16.3632
11190001 16.3178
11200001 16.4047
11210001 16.2943
11220001 16.2775
11230001 16.3504
11240001 16.3744
11250001 16.2984
11260001 16.3661
11270001 16.2694
11280001 16.3743
11290001 16.3793
11300001 16.3511
11310001 16.4271
11320001 16.3794
11330001 16.3687
11340001 16.4486
11350001 16.3288
11360001 16.3065
11370001 16.3241
11380001 16.5748
11390001 16.4041
11400001 16.2075
11410001 16.2421
11420001 16.3334
11430001 16.3838
11440001 16.3564
11450001 16.29
11460001 16.2296
11470001 16.2706
11480001 16.3761
11490001 16.4357
11500001 16.3797
11510001 16.3975
11520001 16.4253
11530001 16.3299
11540001 16.3533
11550001 16.3518
11560001 16.3873
11570001 16.345
11580001 16.3738
11590001 16.2214
11600001 16.4517
11610001 16.4493
11620001 16.4373
11630001 16.3534
11640001 16.3463
11650001 16.401
11660001 16.3567
11670001 16.3761
11680001 16.3702
11690001 16.2955
11700001 16.2949
11710001 16.3081
11720001 16.3874
11730001 16.2522
11740001 16.4058
11750001 16.4645
11760001 16.4642
11770001 16.3876
11780001 16.4148
11790001 16.3009
11800001 16.2993
11810001 16.3632
11820001 16.4285
11830001 16.3867
11840001 16.2721
11850001 16.3493
11860001 16.4277
11870001 16.3669
11880001 16.2752
11890001 16.376
11900001 16.3478
11910001 16.2729
11920001 16.337
11930001 16.4094
11940001 16.3329
11950001 16.3221
11960001 16.2825
11970001 16.2262
11980001 16.337
11990001 16.3644
12000001 16.3295
12010001 16.4563
12020001 16.3685
12030001 16.3917
12040001 16.5409
12050001 16.4297
12060001 16.3279
12070001 16.3549
12080001 16.1753
12090001 16.2659
12100001 16.3968
12110001 16.3318
12120001 16.3482
12130001 16.3171
12140001 16.2913
12150001 16.2967
12160001 16.3061
12170001 16.3461
12180001 16.3429
12190001 16.3256
12200001 16.3165
12210001 16.4456
12220001 16.3089
12230001 16.3845
12240001 16.4318
12250001 16.3733
12260001 16.3708
12270001 16.3397
12280001 16.364
12290001 16.3608
12300001 16.3559
12310001 16.2456
12320001 16.3614
12330001 16.3122
12340001 16.4286
12350001 16.3038
12360001 16.3524
12370001 16.4188
12380001 16.3251
12390001 16.4337
12400001 16.2958
12410001 16.4006
12420001 16.3084
12430001 16.4633
12440001 16.3533
12450001 16.3622
12460001 16.3536
12470001 16.3314
12480001 16.4244
12490001 16.2231
12500001 16.3041
12510001 16.4169
12520001 16.2887
12530001 16.3399
12540001 16.509
12550001 16.3962
12560001 16.3328
12570001 16.251
12580001 16.3913
12590001 16.4464
12600001 16.3094
12610001 16.4602
12620001 16.4328
12630001 16.3807
12640001 16.4057
12650001 16.3653
12660001 16.2689
12670001 16.3541
12680001 16.3715
12690001 16.325
12700001 16.3625
12710001 16.3425
12720001 16.4972
12730001 16.3004
12740001 16.3771
12750001 16.3598
12760001 16.2921
12770001 16.446
12780001 16.5076
12790001 16.3232
12800001 16.3868
12810001 19.497
12820001 16.6735
12830001 16.5539
12840001 16.3509
12850001 16.4995
12860001 16.3582
12870001 16.3104
12880001 16.2877
12890001 16.3823
12900001 16.3886
12910001 16.3732
12920001 16.3589
12930001 16.4118
12940001 16.3944
12950001 16.3762
12960001 16.4147
12970001 16.2121
12980001 16.3704
12990001 16.3974
13000001 16.4111
13010001 16.3339
13020001 16.3118
13030001 16.2534
13040001 16.3431
13050001 16.2741
13060001 16.4651
13070001 16.3237
13080001 16.3325
13090001 16.2693
13100001 16.3431
13110001 16.368
13120001 16.236
13130001 16.4195
13140001 16.3919
13150001 16.3387
13160001 16.3017
13170001 16.3225
13180001 16.3901
13190001 16.3078
13200001 16.392
13210001 16.5317
13220001 16.305
13230001 16.4215
13240001 16.2908
13250001 16.2878
13260001 16.2831
13270001 16.316
13280001 16.4656
13290001 16.3789
13300001 16.365
13310001 16.4548
13320001 16.402
13330001 16.3187
13340001 16.3563
13350001 16.4678
13360001 16.29
13370001 16.3699
13380001 16.3733
13390001 16.3768
13400001 16.3419
13410001 16.3559
13420001 16.3682
13430001 16.3616
13440001 16.3285
13450001 16.2323
13460001 16.2706
13470001 16.3176
13480001 16.3875
13490001 16.3439
13500001 16.378
13510001 16.3689
13520001 16.4512
13530001 16.4261
13540001 16.4131
13550001 16.3526
13560001 16.3612
13570001 16.3352
13580001 16.3344
13590001 16.4515
13600001 16.4122
13610001 16.3687
13620001 16.3933
13630001 16.4238
13640001 16.3103
13650001 16.3347
13660001 16.3979
13670001 16.3968
13680001 16.351
13690001 16.3693
13700001 16.2094
13710001 16.4359
13720001 16.3621
13730001 16.3871
13740001 16.3007
13750001 16.3529
13760001 16.349
13770001 16.266
13780001 16.3583
13790001 16.272
13800001 16.4433
13810001 16.2889
13820001 16.2823
13830001 16.3698
13840001 16.4118
13850001 16.4042
13860001 16.2626
13870001 16.3442
13880001 16.378
13890001 16.3411
13900001 16.3234
13910001 16.398
13920001 16.3728
13930001 16.2924
13940001 16.448
13950001 16.442
13960001 16.3011
13970001 16.4159
13980001 16.2617
13990001 16.3745
14000001 16.3657
14010001 16.2482
14020001 16.3167
14030001 16.397
14040001 16.3454
14050001 16.415
14060001 16.3323
14070001 16.3181
14080001 16.2619
14090001 16.4433
14100001 16.3936
14110001 16.3219
14120001 16.2141
14130001 16.3336
14140001 16.3777
14150001 16.3228
14160001 16.4392
14170001 16.2967
14180001 16.401
14190001 16.3769
14200001 16.3945
14210001 16.4763
14220001 16.4565
14230001 16.4128
14240001 16.3012
14250001 16.3166
14260001 16.2552
14270001 16.3614
14280001 16.2971
14290001 16.3751
14300001 16.4825
14310001 16.3057
14320001 16.3265
14330001 16.4558
14340001 16.4704
14350001 16.2727
14360001 16.4141
14370001 16.3895
14380001 16.3541
14390001 16.3118
14400001 16.4329
14410001 16.4616
14420001 16.321
14430001 16.428
14440001 16.3352
14450001 16.3652
14460001 16.4057
14470001 16.5366
14480001 16.3639
14490001 16.2638
14500001 16.35
14510001 16.3178
14520001 16.3696
14530001 16.3797
14540001 16.4403
14550001 16.3822
14560001 16.3538
14570001 16.3044
14580001 16.4081
14590001 16.3446
14600001 16.3493
14610001 16.3447
14620001 16.3033
14630001 16.3723
14640001 16.3367
14650001 16.4573
14660001 16.2637
14670001 16.334
14680001 16.3608
14690001 16.2727
14700001 16.3018
14710001 16.3506
14720001 16.3576
14730001 16.3282
14740001 16.3874
14750001 16.3897
14760001 16.4409
14770001 16.3198
14780001 16.3224
14790001 16.3097
14800001 16.3882
14810001 16.3035
14820001 16.4178
14830001 16.3039
14840001 16.2633
14850001 16.3613
14860001 16.3808
14870001 16.3059
14880001 16.3217
14890001 16.3844
14900001 16.4657
14910001 16.3628
14920001 16.2773
14930001 16.3144
14940001 16.4636
14950001 16.2911
14960001 16.2625
14970001 16.2366
14980001 16.327
14990001 16.509
15000001 16.393
15010001 16.3984
15020001 16.3095
15030001 16.2326
15040001 16.2806
15050001 16.5251
15060001 16.4205
15070001 16.3468
15080001 16.3158
15090001 16.3593
15100001 16.3362
15110001 16.3076
15120001 16.4446
15130001 16.3923
15140001 16.2745
15150001 16.3178
15160001 16.3393
15170001 16.3186
15180001 16.3724
15190001 16.3789
15200001 16.369
15210001 16.433
15220001 16.3334
15230001 16.3524
15240001 16.4637
15250001 16.3092
15260001 16.4044
15270001 16.3861
15280001 16.4223
15290001 16.3922
15300001 16.4141
15310001 16.1968
15320001 16.3213
15330001 16.4478
15340001 16.3018
15350001 16.3354
15360001 16.3795
15370001 16.3674
15380001 16.261
15390001 16.3376
15400001 16.4028
15410001 16.3857
15420001 16.2887
15430001 16.4413
15440001 16.3723
15450001 16.3968
15460001 16.301
15470001 16.4264
15480001 16.345
15490001 16.2384
15500001 16.3803
15510001 16.3394
15520001 16.2944
15530001 16.5589
15540001 16.6431
15550001 16.4768
15560001 16.2913
15570001 16.3496
15580001 16.3136
15590001 16.3369
15600001 16.2902
15610001 16.3263
15620001 16.3767
15630001 16.3319
15640001 16.333
15650001 16.3983
15660001 16.4138
15670001 16.4139
15680001 16.2776
15690001 16.4395
15700001 16.3537
15710001 16.3826
15720001 16.3309
15730001 16.3612
15740001 16.3166
15750001 16.3791
15760001 16.4462
15770001 16.3437
15780001 16.4043
15790001 16.3601
15800001 16.3053
15810001 16.4131
15820001 16.389
15830001 16.331
15840001 16.3558
15850001 16.4733
15860001 16.3382
15870001 16.3542
15880001 16.3648
15890001 16.3771
15900001 16.3029
15910001 16.3094
15920001 16.3726
15930001 16.4067
15940001 16.4818
15950001 16.3996
15960001 16.3839
15970001 16.3991
15980001 16.3115
15990001 16.3751
16000001 16.4231
16010001 16.3061
16020001 16.3682
16030001 16.2957
16040001 16.4988
16050001 16.3534
16060001 16.475
16070001 16.3611
16080001 16.3891
16090001 16.3062
16100001 16.2474
16110001 16.3972
16120001 16.3988
16130001 16.3186
16140001 16.3304
16150001 16.3218
16160001 16.3295
16170001 16.3476
16180001 16.3033
16190001 16.3915
16200001 16.3934
16210001 16.2884
16220001 16.3303
16230001 16.326
16240001 16.3347
16250001 16.2909
16260001 16.2967
16270001 16.4977
16280001 16.4584
16290001 16.5015
16300001 16.3921
16310001 16.29
16320001 16.3716
16330001 16.4322
16340001 16.3664
16350001 16.3793
16360001 16.3172
16370001 16.4416
16380001 16.3899
16390001 16.3428
16400001 16.4205
16410001 16.2635
16420001 16.4158
16430001 16.3591
16440001 16.3715
16450001 16.3704
16460001 16.3361
16470001 16.369
16480001 16.3709
16490001 16.39
16500001 16.3918
16510001 16.2799
16520001 16.4032
16530001 16.383
16540001 16.3033
16550001 16.4109
16560001 16.3607
16570001 16.3181
16580001 16.2917
16590001 16.3173
16600001 16.3828
16610001 16.3374
16620001 16.3103
16630001 16.3362
16640001 16.4623
16650001 16.4088
16660001 16.4695
16670001 16.3098
16680001 16.3677
16690001 16.4197
16700001 16.3089
16710001 16.3422
16720001 16.2927
16730001 16.2961
16740001 16.3701
16750001 16.2927
16760001 16.3455
16770001 16.3611
16780001 16.313
16790001 16.2759
16800001 16.3494
16810001 16.2506
16820001 16.4889
16830001 16.2741
16840001 16.4967
16850001 16.4774
16860001 16.2948
16870001 16.3575
16880001 16.4237
16890001 16.2688
16900001 16.3929
16910001 16.275
16920001 16.3184
16930001 16.3914
16940001 16.2739
16950001 16.3263
16960001 16.2756
16970001 16.2588
16980001 16.2396
16990001 16.3266
17000001 16.3667
17010001 16.2703
17020001 16.282
17030001 16.2004
17040001 16.3294
17050001 16.3252
17060001 16.3712
17070001 16.3463
17080001 16.3189
17090001 16.5436
17100001 16.3741
17110001 16.4311
17120001 16.3302
17130001 16.3914
17140001 16.4697
17150001 16.3887
17160001 16.3007
17170001 16.3562
17180001 16.3762
17190001 16.2703
17200001 16.2744
17210001 16.4519
17220001 16.5265
17230001 16.4434
17240001 16.4119
17250001 16.3902
17260001 16.3428
17270001 16.5091
17280001 16.3665
17290001 16.3596
17300001 16.3135
17310001 16.3695
17320001 16.4374
17330001 16.3924
17340001 16.2658
17350001 16.4665
17360001 16.513
17370001 16.3029
17380001 16.3401
17390001 16.4002
17400001 16.441
17410001 16.356
17420001 16.4759
17430001 16.368
17440001 16.2824
17450001 16.4102
17460001 16.3219
17470001 16.3616
17480001 16.4322
17490001 16.3836
17500001 16.3619
17510001 16.2974
17520001 16.2723
17530001 16.3564
17540001 16.2769
17550001 16.3957
17560001 16.4451
17570001 16.3204
17580001 16.339
17590001 16.4519
17600001 16.2969
17610001 16.3651
17620001 16.3591
17630001 16.3244
17640001 16.3257
17650001 16.443
17660001 16.3081
17670001 16.3934
17680001 16.4367
17690001 16.4628
17700001 16.3144
17710001 16.3666
17720001 16.4907
17730001 16.4062
17740001 16.4707
17750001 16.3342
17760001 16.3505
17770001 16.4214
17780001 16.3573
17790001 16.3661
17800001 16.3392
17810001 16.3226
17820001 16.3587
17830001 16.4016
17840001 16.2699
17850001 16.2712
17860001 16.3632
17870001 16.3362
17880001 16.3666
17890001 16.4119
17900001 16.3678
17910001 16.4141
17920001 16.2899
17930001 16.2823
17940001 16.25
17950001 16.4188
17960001 16.306
17970001 16.3457
17980001 16.2613
17990001 16.5137
18000001 16.4107
18010001 16.4199
18020001 16.3797
18030001 16.4848
18040001 16.4873
18050001 16.343
18060001 16.416
18070001 16.3279
18080001 16.2889
18090001 16.3217
18100001 16.2686
18110001 16.4208
18120001 16.2779
18130001 16.396
18140001 16.4763
18150001 16.37
18160001 16.3383
18170001 16.4751
18180001 16.1921
18190001 16.3067
18200001 16.342
18210001 16.3564
18220001 16.3677
18230001 16.2324
18240001 16.3853
18250001 16.3956
18260001 16.4114
18270001 16.2827
18280001 16.3422
18290001 16.3391
18300001 16.3473
18310001 16.3964
18320001 16.3197
18330001 16.2784
18340001 16.3583
18350001 16.3076
18360001 16.4079
18370001 16.3075
18380001 16.3724
18390001 16.365
18400001 16.2764
18410001 16.3262
18420001 16.2835
18430001 16.2309
18440001 16.2539
18450001 16.2935
18460001 16.4053
18470001 16.4094
18480001 16.3325
18490001 16.4155
18500001 16.431
18510001 16.3795
18520001 16.3473
18530001 16.3069
18540001 16.3534
18550001 16.3132
18560001 16.3685
18570001 16.3803
18580001 16.3599
18590001 16.4266
18600001 16.374
18610001 16.2927
18620001 16.3328
18630001 16.2835
18640001 16.3057
18650001 16.4623
18660001 16.3628
18670001 16.3677
18680001 16.4401
18690001 16.345
18700001 16.2748
18710001 16.2259
18720001 16.3891
18730001 16.3649
18740001 16.4912
18750001 16.4235
18760001 16.3957
18770001 16.4442
18780001 16.42
18790001 16.2835
18800001 16.4315
18810001 16.2475
18820001 16.3501
18830001 16.4067
18840001 16.2709
18850001 16.3355
18860001 16.4169
18870001 16.3361
18880001 16.3999
18890001 16.3313
18900001 16.3707
18910001 16.3272
18920001 16.413
18930001 16.3366
18940001 16.3603
18950001 16.3568
18960001 16.4038
18970001 16.2552
18980001 16.5647
18990001 16.3683
19000001 16.4045
19010001 16.4448
19020001 16.2658
19030001 16.4011
19040001 16.4085
19050001 16.2687
19060001 16.2401
19070001 16.3605
19080001 16.3351
19090001 16.366
19100001 16.4049
19110001 16.364
19120001 16.3668
19130001 16.3694
19140001 16.3491
19150001 16.3453
19160001 16.4141
19170001 16.4476
19180001 16.3846
19190001 16.3234
19200001 16.4401
19210001 16.4629
19220001 16.3801
19230001 16.3819
19240001 16.4048
19250001 16.4397
19260001 16.4391
19270001 16.3263
19280001 16.2902
19290001 16.434
19300001 16.3619
19310001 16.4124
19320001 16.2742
19330001 16.3948
19340001 16.3361
19350001 16.337
19360001 16.4032
19370001 16.3299
19380001 16.3785
19390001 16.3689
19400001 16.4549
19410001 16.4042
19420001 16.3761
19430001 16.4373
19440001 16.4607
19450001 16.3163
19460001 16.3095
19470001 16.3483
19480001 16.3362
19490001 16.3663
19500001 16.3006
19510001 16.2024
19520001 16.398
19530001 16.3183
19540001 16.2996
19550001 16.3693
19560001 16.3352
19570001 16.294
19580001 16.2849
19590001 16.3809
19600001 16.3599
19610001 16.4888
19620001 16.3604
19630001 16.348
19640001 16.3331
19650001 16.3833
19660001 16.3268
19670001 16.3624
19680001 16.4303
19690001 16.3632
19700001 16.4413
19710001 16.2895
19720001 16.3778
19730001 16.4426
19740001 16.3862
19750001 16.4439
19760001 16.4391
19770001 16.2587
19780001 16.3782
19790001 16.5134
19800001 16.2721
19810001 16.2353
19820001 16.3262
19830001 16.3382
19840001 16.4274
19850001 16.2902
19860001 16.3076
19870001 16.2841
19880001 16.5228
19890001 16.3497
19900001 16.3122
19910001 16.3473
19920001 16.4167
19930001 16.3687
19940001 16.4665
19950001 16.3896
19960001 16.2712
19970001 16.3141
19980001 16.1912
19990001 16.3972
20000001 16.2417
20010001 16.3942
20020001 16.4173
20030001 16.4022
20040001 16.4056
20050001 16.3835
20060001 16.2382
20070001 16.4017
20080001 16.261
20090001 16.2622
20100001 16.3249
20110001 16.3244
20120001 16.4883
20130001 16.3931
20140001 16.4371
20150001 16.3605
20160001 16.2358
20170001 16.3974
20180001 16.2841
20190001 16.3327
20200001 16.3172
20210001 16.3541
20220001 16.2366
20230001 16.3314
20240001 16.3561
20250001 16.3957
20260001 16.3581
20270001 16.3561
20280001 16.3723
20290001 16.3373
20300001 16.4159
20310001 16.4804
20320001 16.4039
20330001 16.2658
20340001 16.4274
20350001 16.2314
20360001 16.2482
20370001 16.351
20380001 16.3702
20390001 16.3476
20400001 16.4179
20410001 16.3832
20420001 16.5041
20430001 16.2395
20440001 16.5285
20450001 16.3256
20460001 16.3572
20470001 16.3553
20480001 16.4324
20490001 16.286
20500001 16.3212
20510001 16.4036
20520001 16.386
20530001 16.3615
20540001 16.3521
20550001 16.4261
20560001 16.4535
20570001 16.3132
20580001 16.3849
20590001 16.3793
20600001 16.3949
20610001 16.3366
20620001 16.3821
20630001 16.31
20640001 16.383
20650001 16.4142
20660001 16.4056
20670001 16.3716
20680001 16.3173
20690001 16.3963
20700001 16.4165
20710001 16.3065
20720001 16.4147
20730001 16.479
20740001 16.4028
20750001 16.4106
20760001 16.418
20770001 16.3548
20780001 16.3545
20790001 16.4033
20800001 16.3126
20810001 16.3899
20820001 16.3496
20830001 16.4147
20840001 16.2552
20850001 16.5142
20860001 16.4296
20870001 16.3864
20880001 16.3023
20890001 16.318
20900001 16.2828
20910001 16.269
20920001 16.2814
20930001 16.4167
20940001 16.3547
20950001 16.3596
20960001 16.3526
20970001 16.4292
20980001 16.3766
20990001 16.2618
21000001 16.289
21010001 16.3688
21020001 16.3168
21030001 16.2931
21040001 16.3883
21050001 16.2939
21060001 16.5054
21070001 16.2527
21080001 16.3233
21090001 16.3381
21100001 16.2736
21110001 16.4796
21120001 16.3276
21130001 16.3946
21140001 16.4066
21150001 16.4185
21160001 16.5898
21170001 16.5948
21180001 16.4842
21190001 16.3799
21200001 16.3383
21210001 16.3184
21220001 16.4129
21230001 16.3326
21240001 16.2978
21250001 16.5015
21260001 16.4135
21270001 16.3758
21280001 16.4158
21290001 16.3333
21300001 16.3251
21310001 16.414
21320001 16.3656
21330001 16.4602
21340001 16.3898
21350001 16.3789
21360001 16.3546
21370001 16.3235
21380001 16.3989
21390001 16.3612
21400001 16.3272
21410001 16.4153
21420001 16.3714
21430001 16.4556
21440001 16.3564
21450001 16.43
21460001 16.4443
21470001 16.3799
21480001 16.2498
21490001 16.4471
21500001 16.3147
21510001 16.3808
21520001 16.3214
21530001 16.3197
21540001 16.3737
21550001 16.3994
21560001 16.3007
21570001 16.4922
21580001 16.417
21590001 16.4063
21600001 16.2978
21610001 16.2773
21620001 16.3645
21630001 16.325
21640001 16.3929
21650001 16.3202
21660001 16.3509
21670001 16.3654
21680001 16.3454
21690001 16.4635
21700001 16.287
21710001 16.3616
21720001 16.3021
21730001 16.3888
21740001 16.3635
21750001 16.3579
21760001 16.4743
21770001 16.3945
21780001 16.4126
21790001 16.3662
21800001 16.4037
21810001 16.3405
21820001 16.305
21830001 16.4476
21840001 16.2724
21850001 16.3812
21860001 16.3731
21870001 16.3641
21880001 16.3712
21890001 16.3948
21900001 16.4276
21910001 16.2698
21920001 16.2352
21930001 16.356
21940001 16.4145
21950001 16.2696
21960001 16.2833
21970001 16.3419
21980001 16.2978
21990001 16.2837
22000001 16.3689
22010001 16.296
22020001 16.2861
22030001 16.3236
22040001 16.2481
22050001 16.3822
22060001 16.2523
22070001 16.4895
22080001 16.4406
22090001 16.3821
22100001 16.3044
22110001 16.2745
22120001 16.2211
22130001 16.2996
22140001 16.3794
22150001 16.3699
22160001 16.2973
22170001 16.4162
22180001 16.3566
22190001 16.4108
22200001 16.3233
22210001 16.2526
22220001 16.3662
22230001 16.3726
22240001 16.3152
22250001 16.3136
22260001 16.3362
22270001 16.4224
22280001 16.4335
22290001 16.347
22300001 16.3701
22310001 16.4013
22320001 16.4212
22330001 16.2681
22340001 16.3016
22350001 16.2966
22360001 16.2965
22370001 16.2513
22380001 16.3921
22390001 16.3736
22400001 16.2717
22410001 16.3022
22420001 16.2326
22430001 16.4101
22440001 16.4022
22450001 16.3788
22460001 16.4112
22470001 16.3676
22480001 16.3812
22490001 16.3604
22500001 16.2767
22510001 16.2897
22520001 16.2315
22530001 16.3223
22540001 16.3569
22550001 16.3877
22560001 16.3774
22570001 16.4564
22580001 16.3431
22590001 16.2759
22600001 16.3106
22610001 16.3667
22620001 16.3582
22630001 16.4056
22640001 16.3688
22650001 16.2887
22660001 16.2254
22670001 16.4096
22680001 16.3007
22690001 16.4137
22700001 16.3259
22710001 16.3778
22720001 16.2838
22730001 16.3343
22740001 16.363
22750001 16.4435
22760001 16.4113
22770001 16.2312
22780001 16.3493
22790001 16.2603
22800001 16.2649
22810001 16.4117
22820001 16.326
22830001 16.2418
22840001 16.3177
22850001 16.4069
22860001 16.4867
22870001 16.3745
22880001 16.3662
22890001 16.3307
22900001 16.3371
22910001 16.3786
22920001 16.4088
22930001 16.4201
22940001 16.4116
22950001 16.3824
22960001 16.2262
22970001 16.365
22980001 16.3352
22990001 16.4258
23000001 16.3741
23010001 16.3435
23020001 16.5052
23030001 16.3081
23040001 16.3935
23050001 16.3183
23060001 16.2668
23070001 16.445
23080001 16.3584
23090001 16.3755
23100001 16.351
23110001 16.4826
23120001 16.3975
23130001 16.3667
23140001 16.3296
23150001 16.3459
23160001 16.3187
23170001 16.3205
23180001 16.3727
23190001 16.3327
23200001 16.3707
23210001 16.3833
23220001 16.335
23230001 16.504
23240001 16.3416
23250001 16.2843
23260001 16.3315
23270001 16.3141
23280001 16.4495
23290001 16.3878
23300001 16.3645
23310001 16.4335
23320001 16.3943
23330001 16.3157
23340001 16.4979
23350001 16.2877
23360001 16.2595
23370001 16.334
23380001 16.381
23390001 16.3872
23400001 16.3567
23410001 16.3503
23420001 16.294
23430001 16.2783
23440001 16.3382
23450001 16.2997
23460001 16.4662
23470001 16.4407
23480001 16.3632
23490001 16.4518
23500001 16.4307
23510001 16.4201
23520001 16.3564
23530001 16.4516
23540001 16.2127
23550001 16.4675
23560001 16.3058
23570001 16.3992
23580001 16.3951
23590001 16.2951
23600001 16.3839
23610001 16.261
23620001 16.3416
23630001 16.296
23640001 16.3363
23650001 16.4432
23660001 16.4168
23670001 16.3742
23680001 16.3938
23690001 16.2773
23700001 16.3141
23710001 16.3532
23720001 16.2626
23730001 16.268
23740001 16.2556
23750001 16.355
23760001 16.3532
23770001 16.3142
23780001 16.4327
23790001 16.3895
23800001 16.2261
23810001 16.2544
23820001 16.3113
23830001 16.3394
23840001 16.5347
23850001 16.3638
23860001 16.3068
23870001 16.2626
23880001 16.2795
23890001 16.3256
23900001 16.3984
23910001 16.3715
23920001 16.2442
23930001 16.3858
23940001 16.3697
23950001 16.2713
23960001 16.331
23970001 16.3731
23980001 16.2897
23990001 16.3771
24000001 16.3074
24010001 16.3801
24020001 16.3524
24030001 16.3427
24040001 16.2403
24050001 16.299
24060001 16.2416
24070001 16.3855
24080001 16.3972
24090001 16.3854
24100001 16.4637
24110001 16.3211
24120001 16.365
24130001 16.5078
24140001 16.4006
24150001 16.2769
24160001 16.3124
24170001 16.2976
24180001 16.3118
24190001 16.3294
24200001 16.2507
24210001 16.3802
24220001 16.3614
24230001 16.3897
24240001 16.3403
24250001 16.448
24260001 16.3663
24270001 16.343
24280001 16.5196
24290001 16.2125
24300001 16.3441
24310001 16.3941
24320001 16.4058
24330001 16.3447
24340001 16.4114
24350001 16.3275
24360001 16.4331
24370001 16.3626
24380001 16.3613
24390001 16.1758
24400001 16.375
24410001 16.2917
24420001 16.426
24430001 16.3377
24440001 16.3638
24450001 16.3273
24460001 16.4865
24470001 16.4375
24480001 16.4219
24490001 16.292
24500001 16.2353
24510001 16.3747
24520001 16.3391
24530001 16.3355
24540001 16.3169
24550001 16.3362
24560001 16.3845
24570001 16.3076
24580001 16.4362
24590001 16.2909
24600001 16.3567
24610001 16.3064
24620001 16.4017
24630001 16.3591
24640001 16.4206
24650001 16.2701
24660001 16.3439
24670001 16.3483
24680001 16.4011
24690001 16.3356
24700001 16.3593
24710001 16.4286
24720001 16.3353
24730001 16.3264
24740001 16.2825
24750001 16.4301
24760001 16.3798
24770001 16.4484
24780001 16.3636
24790001 16.4456
24800001 16.3635
24810001 16.3447
24820001 16.3862
24830001 16.3805
24840001 16.3816
24850001 16.4085
24860001 16.2702
24870001 16.3652
24880001 16.4167
24890001 16.3514
24900001 16.4219
24910001 16.3888
24920001 16.3298
24930001 16.3015
24940001 16.4251
24950001 16.3644
24960001 16.2802
24970001 16.4016
24980001 16.3192
24990001 16.4274
25000001 16.3193
25010001 16.2242
25020001 16.3299
25030001 16.2347
25040001 16.304
25050001 16.2514
25060001 16.3259
25070001 16.3202
25080001 16.2948
25090001 16.3657
25100001 16.379
25110001 16.3702
25120001 16.3181
25130001 16.4101
25140001 16.4039
25150001 16.3158
25160001 16.3666
25170001 16.2746
25180001 16.4103
25190001 16.3022
25200001 16.3967
25210001 16.269
25220001 16.45
25230001 16.3644
25240001 16.4911
25250001 16.3382
25260001 16.4505
25270001 16.4387
25280001 16.4207
25290001 16.4241
25300001 16.3722
25310001 16.325
25320001 16.3954
25330001 16.4546
25340001 16.2639
25350001 16.3177
25360001 16.3992
25370001 16.398
25380001 16.3485
25390001 16.3719
25400001 16.3608
25410001 16.4099
25420001 16.3549
25430001 16.3101
25440001 16.2224
25450001 16.3671
25460001 16.354
25470001 16.406
25480001 16.3291
25490001 16.2499
25500001 16.3096
25510001 16.2991
25520001 16.4181
25530001 16.3011
25540001 16.3079
25550001 16.4301
25560001 16.2494
25570001 16.3029
25580001 16.3624
25590001 16.3846
25600001 16.3539
25610001 16.3793
25620001 16.355
25630001 16.3972
25640001 16.3251
25650001 16.3437
25660001 16.3441
25670001 16.2783
25680001 16.3996
25690001 16.3179
25700001 16.1837
25710001 16.3384
25720001 16.2681
25730001 16.3907
25740001 16.4204
25750001 16.3589
25760001 16.355
25770001 16.3589
25780001 16.2546
25790001 16.3476
25800001 16.5368
25810001 16.5008
25820001 16.5041
25830001 16.4082
25840001 16.2985
25850001 16.293
25860001 16.3833
25870001 16.3156
25880001 16.2606
25890001 16.3234
25900001 16.4003
25910001 16.416
25920001 16.4491
25930001 16.4268
25940001 16.3216
25950001 16.3333
25960001 16.3683
25970001 16.2344
25980001 16.4411
25990001 16.2679
26000001 16.4749
26010001 16.2956
26020001 16.3942
26030001 16.3423
26040001 16.4323
26050001 16.3183
26060001 16.4186
26070001 16.3963
26080001 16.4862
26090001 16.2774
26100001 16.3034
26110001 16.3241
26120001 16.2795
26130001 16.3109
26140001 16.5108
26150001 16.2469
26160001 16.3981
26170001 16.4267
26180001 16.4021
26190001 16.3345
26200001 16.2611
26210001 16.4456
26220001 16.3357
26230001 16.2952
26240001 16.2916
26250001 16.3292
26260001 16.3789
26270001 16.3376
26280001 16.3989
26290001 16.432
26300001 16.2792
26310001 16.491
26320001 16.3918
26330001 16.4266
26340001 16.3611
26350001 16.3664
26360001 16.3719
26370001 16.2774
26380001 16.3343
26390001 16.3733
26400001 16.4027
26410001 16.2463
26420001 16.3916
26430001 16.3554
26440001 16.4037
26450001 16.3985
26460001 16.3112
26470001 16.3674
26480001 16.3297
26490001 16.3471
26500001 16.4725
26510001 16.4174
26520001 16.4062
26530001 16.2528
26540001 16.3463
26550001 16.3255
26560001 16.3258
26570001 16.4673
26580001 16.4035
26590001 16.4113
26600001 16.3834
26610001 16.3596
26620001 16.3488
26630001 16.356
26640001 16.2592
26650001 16.3551
26660001 16.3158
26670001 16.3903
26680001 16.4445
26690001 16.2928
26700001 16.2359
26710001 16.3352
26720001 16.4052
26730001 16.4216
26740001 16.3637
26750001 16.4129
26760001 16.2164
26770001 16.3321
26780001 16.3941
26790001 16.3535
26800001 16.3128
26810001 16.4376
26820001 16.3833
26830001 16.3116
26840001 16.395
26850001 16.3712
26860001 16.3954
26870001 16.3181
26880001 16.2662
26890001 16.3945
26900001 16.3644
26910001 16.301
26920001 16.2832
26930001 16.2987
26940001 16.4154
26950001 16.2925
26960001 16.3244
26970001 16.2514
26980001 16.3593
26990001 16.3655
27000001 16.4313
27010001 16.5087
27020001 16.3547
27030001 16.3046
27040001 16.3013
27050001 16.2824
27060001 16.3595
27070001 16.3532
27080001 16.3031
27090001 16.3945
27100001 16.1754
27110001 16.3714
27120001 16.2338
27130001 16.2998
27140001 16.3711
27150001 16.2896
27160001 16.3258
27170001 16.3982
27180001 16.301
27190001 16.4455
27200001 16.2871
27210001 16.2264
27220001 16.2943
27230001 16.3834
27240001 16.3264
27250001 16.271
27260001 16.2539
27270001 16.3895
27280001 16.1814
27290001 16.3821
27300001 16.2997
27310001 16.2974
27320001 16.278
27330001 16.356
27340001 16.3239
27350001 16.2856
27360001 16.2232
27370001 16.2263
27380001 16.3293
27390001 16.2937
27400001 16.3917
27410001 16.3992
27420001 16.2799
27430001 16.3852
27440001 16.382
27450001 16.3668
27460001 16.3747
27470001 16.3757
27480001 16.3613
27490001 16.2924
27500001 16.3951
27510001 16.3375
27520001 16.2947
27530001 16.4877
27540001 16.4319
27550001 16.3565
27560001 16.3739
27570001 16.2458
27580001 16.3467
27590001 16.3613
27600001 16.3638
27610001 16.4112
27620001 16.3355
27630001 16.3573
27640001 16.4814
27650001 16.3288
27660001 16.3547
27670001 16.3368
27680001 16.3068
27690001 16.317
27700001 16.3306
27710001 16.2933
27720001 16.2874
27730001 16.4097
27740001 16.382
27750001 16.4282
27760001 16.2563
27770001 16.3102
27780001 16.4342
27790001 16.3668
27800001 16.3536
27810001 16.322
27820001 16.3213
27830001 16.4127
27840001 16.3077
27850001 16.3411
27860001 16.4075
27870001 16.3036
27880001 16.2304
27890001 16.4036
27900001 16.2676
27910001 16.4347
27920001 16.3793
27930001 16.4407
27940001 16.4057
27950001 16.3588
27960001 16.3081
27970001 16.1863
27980001 16.4225
27990001 16.4505
28000001 16.3726
28010001 16.2808
28020001 16.3746
28030001 16.3799
28040001 16.3749
28050001 16.3389
28060001 16.3792
28070001 16.4022
28080001 16.4669
28090001 16.3145
28100001 16.3226
28110001 16.418
28120001 16.3503
28130001 16.461
28140001 16.4027
28150001 16.3257
28160001 16.2619
28170001 16.3806
28180001 16.2649
28190001 16.3486
28200001 16.3409
28210001 16.3914
28220001 16.2727
28230001 16.2837
28240001 16.3071
28250001 16.3745
28260001 16.3486
28270001 16.3012
28280001 16.3505
28290001 16.2659
28300001 16.4021
28310001 16.2597
28320001 16.302
28330001 16.3909
28340001 16.3672
28350001 16.4234
28360001 16.302
28370001 16.3623
28380001 16.2731
28390001 16.3062
28400001 16.4436
28410001 16.3193
28420001 16.3307
28430001 16.3766
28440001 16.3386
28450001 16.3185
28460001 16.3947
28470001 16.4192
28480001 16.2312
28490001 16.3024
28500001 16.3046
28510001 16.3343
28520001 16.3625
28530001 16.388
28540001 16.3233
28550001 16.421
28560001 16.3803
28570001 16.3377
28580001 16.2893
28590001 16.4005
28600001 16.3179
28610001 16.3814
28620001 16.3462
28630001 16.2759
28640001 16.3997
28650001 16.3344
28660001 16.2183
28670001 16.2635
28680001 16.3069
28690001 16.2802
28700001 16.4575
28710001 16.4801
28720001 16.2903
28730001 16.3907
28740001 16.3713
28750001 16.5035
28760001 16.3254
28770001 16.4091
28780001 16.432
28790001 16.4105
28800001 16.3777
28810001 16.3244
28820001 16.3619
28830001 16.3748
28840001 16.3321
28850001 16.4869
28860001 16.29
28870001 16.3299
28880001 16.3928
28890001 16.3547
28900001 16.3475
28910001 16.2667
28920001 16.3154
28930001 16.362
28940001 16.3256
28950001 16.3994
28960001 16.3051
28970001 16.4276
28980001 16.4437
28990001 16.3555
29000001 16.3808
29010001 16.4298
29020001 16.2859
29030001 16.458
29040001 16.305
29050001 16.3823
29060001 16.278
29070001 16.3697
29080001 16.4096
29090001 16.3333
29100001 16.3132
29110001 16.2932
29120001 16.3979
29130001 16.3245
29140001 16.314
29150001 16.4118
29160001 16.3474
29170001 16.3643
29180001 16.3975
29190001 16.2923
29200001 16.383
29210001 16.305
29220001 16.2314
29230001 16.3433
29240001 16.4496
29250001 16.4394
29260001 16.4511
29270001 16.3718
29280001 16.3944
29290001 16.3397
29300001 16.3424
29310001 16.3692
29320001 16.4006
29330001 16.2921
29340001 16.3078
29350001 16.3202
29360001 16.4119
29370001 16.3627
29380001 16.448
29390001 16.2591
29400001 16.2913
29410001 16.2154
29420001 16.4049
29430001 16.2348
29440001 16.3437
29450001 16.3153
29460001 16.4074
29470001 16.4445
29480001 16.4613
29490001 16.31
29500001 16.387
29510001 16.4085
29520001 16.3562
29530001 16.3473
29540001 16.4038
29550001 16.4112
29560001 16.46
29570001 16.3788
29580001 16.3937
29590001 16.4375
29600001 16.315
29610001 16.3522
29620001 16.3419
29630001 16.3808
29640001 16.2936
29650001 16.2829
29660001 16.3974
29670001 16.1985
29680001 16.3059
29690001 16.233
29700001 16.3025
29710001 16.3121
29720001 16.4098
29730001 16.349
29740001 16.2997
29750001 16.3529
29760001 16.4182
29770001 16.3646
29780001 16.4333
29790001 16.2723
29800001 16.4362
29810001 16.29
29820001 16.3408
29830001 16.332
29840001 16.4393
29850001 16.4062
29860001 16.3962
29870001 16.4396
29880001 16.3775
29890001 16.4394
29900001 16.4144
29910001 16.3088
29920001 16.2761
29930001 16.4693
29940001 16.4575
29950001 16.3301
29960001 16.3621
29970001 16.3493
29980001 16.2975
29990001 16.3909
