1 265.198
10001 4.67203
20001 2.07742
30001 1.30152
40001 0.922959
50001 0.726362
60001 0.606542
70001 0.514675
80001 0.457244
90001 0.419932
100001 0.399003
110001 0.375337
120001 0.363934
130001 0.358738
140001 0.353426
150001 0.339622
160001 0.340753
170001 0.346239
180001 0.336046
190001 0.343765
200001 0.33583
210001 0.334525
220001 0.329829
230001 0.332647
240001 0.329751
250001 0.328189
260001 0.330642
270001 0.330338
280001 0.331223
290001 0.33135
300001 0.325801
310001 0.326874
320001 0.330048
330001 0.33161
340001 0.330891
350001 0.32812
360001 0.331916
370001 0.327882
380001 0.334937
390001 0.328837
400001 0.327543
410001 0.330523
420001 0.327545
430001 0.327552
440001 0.327383
450001 0.329677
460001 0.330149
470001 0.327802
480001 0.325152
490001 0.326822
500001 0.322687
510001 0.329533
520001 0.327005
530001 0.330312
540001 0.325631
550001 0.320902
560001 0.322957
570001 0.33035
580001 0.327459
590001 0.323915
600001 0.321391
610001 0.328871
620001 0.324009
630001 0.324493
640001 0.326707
650001 0.32698
660001 0.326721
670001 0.323934
680001 0.323801
690001 0.325013
700001 0.327558
710001 0.327
720001 0.32904
730001 0.3235
740001 0.326532
750001 0.3257
760001 0.320859
770001 0.326861
780001 0.32233
790001 0.324657
800001 0.324347
810001 0.32724
820001 0.331831
830001 0.326682
840001 0.324499
850001 0.322948
860001 0.330157
870001 0.324237
880001 0.324219
890001 0.327477
900001 0.324011
910001 0.324022
920001 0.324433
930001 0.327133
940001 0.327966
950001 0.323703
960001 0.325685
970001 0.322431
980001 0.332549
990001 0.324355
1000001 0.323727
1010001 0.321886
1020001 0.323503
1030001 0.326013
1040001 0.327575
1050001 0.325665
1060001 0.325008
1070001 0.32436
1080001 0.328007
1090001 0.323918
1100001 0.32525
1110001 0.328418
1120001 0.328308
1130001 0.326187
1140001 0.322656
1150001 0.32085
1160001 0.323247
1170001 0.325471
1180001 0.323242
1190001 0.322339
1200001 0.323263
1210001 0.326172
1220001 0.327159
1230001 0.323214
1240001 0.322892
1250001 0.330923
1260001 0.324927
1270001 0.323297
1280001 0.322902
1290001 0.324764
1300001 0.323058
1310001 0.326025
1320001 0.327823
1330001 0.324677
1340001 0.323699
1350001 0.324714
1360001 0.322226
1370001 0.323818
1380001 0.322326
1390001 0.328263
1400001 0.327367
1410001 0.326828
1420001 0.326378
1430001 0.324705
1440001 0.323159
1450001 0.328798
1460001 0.329958
1470001 0.324202
1480001 0.322855
1490001 0.325642
1500001 0.324329
1510001 0.323645
1520001 0.326012
1530001 0.325547
1540001 0.323813
1550001 0.328504
1560001 0.326694
1570001 0.330148
1580001 0.325704
1590001 0.322864
1600001 0.333115
1610001 0.321482
1620001 0.326983
1630001 0.328118
1640001 0.318387
1650001 0.323683
1660001 0.327185
1670001 0.322608
1680001 0.327411
1690001 0.323009
1700001 0.326222
1710001 0.32576
1720001 0.324779
1730001 0.326298
1740001 0.32499
1750001 0.325155
1760001 0.325632
1770001 0.324947
1780001 0.317224
1790001 0.328361
1800001 0.326439
1810001 0.323768
1820001 0.321791
1830001 0.324325
1840001 0.325772
1850001 0.327137
1860001 0.328188
1870001 0.327101
1880001 0.326353
1890001 0.325218
1900001 0.324963
1910001 0.323436
1920001 0.32767
1930001 0.323446
1940001 0.325145
1950001 0.326491
1960001 0.329675
1970001 0.323567
1980001 0.327007
1990001 0.322795
2000001 0.322373
2010001 0.327397
2020001 0.329412
2030001 0.324656
2040001 0.326541
2050001 0.322967
2060001 0.326561
2070001 0.328371
2080001 0.325879
2090001 0.325622
2100001 0.3258
2110001 0.322257
2120001 0.32708
2130001 0.325254
2140001 0.320663
2150001 0.326324
2160001 0.324007
2170001 0.323518
2180001 0.32589
2190001 0.325723
2200001 0.32799
2210001 0.327824
2220001 0.325319
2230001 0.324581
2240001 0.32557
2250001 0.326515
2260001 0.325747
2270001 0.323609
2280001 0.327984
2290001 0.322107
2300001 0.323802
2310001 0.32398
2320001 0.320322
2330001 0.320887
2340001 0.327421
2350001 0.323726
2360001 0.322516
2370001 0.32246
2380001 0.320466
2390001 0.320518
2400001 0.327556
2410001 0.322226
2420001 0.322774
2430001 0.321894
2440001 0.324023
2450001 0.327573
2460001 0.324723
2470001 0.323738
2480001 0.322277
2490001 0.320696
2500001 0.321037
2510001 0.323388
2520001 0.325794
2530001 0.325021
2540001 0.32516
2550001 0.32641
2560001 0.322886
2570001 0.319501
2580001 0.320858
2590001 0.327241
2600001 0.325279
2610001 0.328341
2620001 0.32484
2630001 0.322045
2640001 0.324335
2650001 0.325573
2660001 0.323711
2670001 0.322164
2680001 0.328683
2690001 0.323849
2700001 0.322773
2710001 0.325908
2720001 0.319024
2730001 0.32276
2740001 0.322748
2750001 0.320896
2760001 0.326552
2770001 0.32284
2780001 0.324532
2790001 0.324357
2800001 0.327551
2810001 0.323704
2820001 0.321499
2830001 0.31924
2840001 0.321273
2850001 0.326151
2860001 0.325734
2870001 0.32232
2880001 0.328996
2890001 0.322862
2900001 0.323015
2910001 0.325825
2920001 0.324354
2930001 0.322979
2940001 0.326132
2950001 0.321933
2960001 0.320773
2970001 0.324866
2980001 0.325971
2990001 0.326292
3000001 0.326498
3010001 0.332982
3020001 0.325633
3030001 0.326739
3040001 0.327847
3050001 0.324494
3060001 0.324272
3070001 0.32197
3080001 0.325495
3090001 0.320336
3100001 0.326078
3110001 0.322485
3120001 0.327497
3130001 0.320283
3140001 0.325117
3150001 0.325049
3160001 0.324207
3170001 0.321872
3180001 0.323891
3190001 0.321448
3200001 0.327502
3210001 0.324736
3220001 0.321328
3230001 0.326349
3240001 0.323658
3250001 0.323674
3260001 0.324178
3270001 0.323427
3280001 0.319869
3290001 0.322563
3300001 0.328123
3310001 0.321695
3320001 0.326973
3330001 0.32537
3340001 0.326438
3350001 0.322466
3360001 0.325137
3370001 0.321121
3380001 0.326082
3390001 0.330482
3400001 0.322286
3410001 0.322702
3420001 0.323733
3430001 0.320807
3440001 0.321706
3450001 0.323516
3460001 0.322864
3470001 0.324521
3480001 0.322481
3490001 0.32429
3500001 0.322029
3510001 0.326074
3520001 0.328211
3530001 0.325441
3540001 0.324138
3550001 0.324061
3560001 0.322719
3570001 0.327939
3580001 0.325658
3590001 0.32338
3600001 0.332033
3610001 0.323599
3620001 0.320492
3630001 0.325114
3640001 0.325645
3650001 0.322932
3660001 0.322332
3670001 0.325187
3680001 0.321492
3690001 0.3242
3700001 0.325928
3710001 0.328608
3720001 0.325367
3730001 0.322487
3740001 0.323725
3750001 0.321756
3760001 0.326258
3770001 0.324962
3780001 0.323772
3790001 0.322028
3800001 0.320723
3810001 0.323589
3820001 0.326579
3830001 0.321712
3840001 0.324054
3850001 0.322074
3860001 0.327247
3870001 0.323183
3880001 0.326208
3890001 0.324603
3900001 0.324522
3910001 0.325314
3920001 0.322132
3930001 0.326565
3940001 0.325832
3950001 0.32339
3960001 0.325598
3970001 0.325374
3980001 0.324567
3990001 0.324946
4000001 0.321575
4010001 0.321972
4020001 0.320288
4030001 0.325477
4040001 0.321475
4050001 0.329296
4060001 0.322823
4070001 0.3236
4080001 0.323035
4090001 0.322097
4100001 0.326208
4110001 0.318436
4120001 0.326611
4130001 0.325391
4140001 0.323933
4150001 0.322738
4160001 0.327418
4170001 0.323097
4180001 0.323606
4190001 0.325551
4200001 0.328142
4210001 0.319667
4220001 0.324021
4230001 0.326473
4240001 0.326959
4250001 0.326951
4260001 0.323015
4270001 0.325177
4280001 0.327461
4290001 0.32185
4300001 0.326656
4310001 0.322303
4320001 0.32385
4330001 0.326081
4340001 0.322435
4350001 0.324591
4360001 0.325559
4370001 0.322186
4380001 0.323341
4390001 0.326598
4400001 0.326094
4410001 0.326187
4420001 0.321812
4430001 0.325529
4440001 0.321899
4450001 0.325012
4460001 0.322486
4470001 0.324379
4480001 0.317802
4490001 0.322223
4500001 0.324643
4510001 0.327462
4520001 0.321339
4530001 0.322615
4540001 0.3237
4550001 0.324164
4560001 0.326538
4570001 0.321517
4580001 0.324298
4590001 0.325373
4600001 0.324429
4610001 0.326373
4620001 0.325051
4630001 0.325244
4640001 0.324768
4650001 0.324579
4660001 0.32174
4670001 0.323112
4680001 0.322557
4690001 0.321438
4700001 0.321374
4710001 0.324715
4720001 0.325908
4730001 0.327518
4740001 0.325056
4750001 0.327626
4760001 0.325285
4770001 0.327226
4780001 0.324275
4790001 0.318622
4800001 0.325668
4810001 0.327197
4820001 0.329495
4830001 0.329857
4840001 0.32105
4850001 0.322
4860001 0.325379
4870001 0.324962
4880001 0.322515
4890001 0.322239
4900001 0.324107
4910001 0.321963
4920001 0.321604
4930001 0.326251
4940001 0.323904
4950001 0.325086
4960001 0.326622
4970001 0.330419
4980001 0.32555
4990001 0.324026
5000001 0.322609
5010001 0.329691
5020001 0.326191
5030001 0.323171
5040001 0.323341
5050001 0.324036
5060001 0.32877
5070001 0.322699
5080001 0.323246
5090001 0.323056
5100001 0.32297
5110001 0.328161
5120001 0.320988
5130001 0.32415
5140001 0.321857
5150001 0.326382
5160001 0.325419
5170001 0.326099
5180001 0.326388
5190001 0.320906
5200001 0.327451
5210001 0.324968
5220001 0.326285
5230001 0.320036
5240001 0.325575
5250001 0.3228
5260001 0.325612
5270001 0.323845
5280001 0.321927
5290001 0.326361
5300001 0.32236
5310001 0.327868
5320001 0.324879
5330001 0.324564
5340001 0.328117
5350001 0.320048
5360001 0.325843
5370001 0.323456
5380001 0.325957
5390001 0.326747
5400001 0.326389
5410001 0.321854
5420001 0.325548
5430001 0.323689
5440001 0.321806
5450001 0.317964
5460001 0.321906
5470001 0.321861
5480001 0.321772
5490001 0.323434
5500001 0.327337
5510001 0.32133
5520001 0.320631
5530001 0.326286
5540001 0.322574
5550001 0.321511
5560001 0.319898
5570001 0.325625
5580001 0.325812
5590001 0.326764
5600001 0.321488
5610001 0.32488
5620001 0.321384
5630001 0.323113
5640001 0.326824
5650001 0.326051
5660001 0.32834
5670001 0.323343
5680001 0.324145
5690001 0.319683
5700001 0.323777
5710001 0.321742
5720001 0.328028
5730001 0.327603
5740001 0.319849
5750001 0.32314
5760001 0.324449
5770001 0.32098
5780001 0.32626
5790001 0.326005
5800001 0.32373
5810001 0.324615
5820001 0.329186
5830001 0.323959
5840001 0.323541
5850001 0.322906
5860001 0.326788
5870001 0.320902
5880001 0.334494
5890001 0.327159
5900001 0.323738
5910001 0.331231
5920001 0.322987
5930001 0.320379
5940001 0.322761
5950001 0.319687
5960001 0.328503
5970001 0.323154
5980001 0.323057
5990001 0.322306
6000001 0.326153
6010001 0.328625
6020001 0.323474
6030001 0.324748
6040001 0.325341
6050001 0.325667
6060001 0.321311
6070001 0.32545
6080001 0.327069
6090001 0.329788
6100001 0.329296
6110001 0.326194
6120001 0.323912
6130001 0.330347
6140001 0.323911
6150001 0.323541
6160001 0.324333
6170001 0.320412
6180001 0.318988
6190001 0.32841
6200001 0.323568
6210001 0.329088
6220001 0.323308
6230001 0.323284
6240001 0.324893
6250001 0.325244
6260001 0.325237
6270001 0.320053
6280001 0.324272
6290001 0.328433
6300001 0.325931
6310001 0.325763
6320001 0.320626
6330001 0.321579
6340001 0.318509
6350001 0.322895
6360001 0.328616
6370001 0.325982
6380001 0.328189
6390001 0.328312
6400001 0.323131
6410001 0.325577
6420001 0.324493
6430001 0.32249
6440001 0.321893
6450001 0.318269
6460001 0.324002
6470001 0.325106
6480001 0.323353
6490001 0.327447
6500001 0.324047
6510001 0.324391
6520001 0.329033
6530001 0.322961
6540001 0.325716
6550001 0.329308
6560001 0.32033
6570001 0.321554
6580001 0.323218
6590001 0.324584
6600001 0.326965
6610001 0.33003
6620001 0.321833
6630001 0.320589
6640001 0.325246
6650001 0.322431
6660001 0.324197
6670001 0.330517
6680001 0.326103
6690001 0.324011
6700001 0.321279
6710001 0.328765
6720001 0.32382
6730001 0.328242
6740001 0.325571
6750001 0.32715
6760001 0.324136
6770001 0.324612
6780001 0.325135
6790001 0.322682
6800001 0.321729
6810001 0.32331
6820001 0.326148
6830001 0.326552
6840001 0.326647
6850001 0.324977
6860001 0.325042
6870001 0.322313
6880001 0.324584
6890001 0.328137
6900001 0.322382
6910001 0.323052
6920001 0.326585
6930001 0.328297
6940001 0.326777
6950001 0.325453
6960001 0.324482
6970001 0.32266
6980001 0.322492
6990001 0.326422
7000001 0.325345
7010001 0.320657
7020001 0.326649
7030001 0.321431
7040001 0.32244
7050001 0.322853
7060001 0.325243
7070001 0.324387
7080001 0.328203
7090001 0.322692
7100001 0.328988
7110001 0.321468
7120001 0.321548
7130001 0.326037
7140001 0.323669
7150001 0.322778
7160001 0.321491
7170001 0.323321
7180001 0.322762
7190001 0.322303
7200001 0.324265
7210001 0.32573
7220001 0.323481
7230001 0.320667
7240001 0.324761
7250001 0.321458
7260001 0.319795
7270001 0.324258
7280001 0.322824
7290001 0.324251
7300001 0.327341
7310001 0.322709
7320001 0.319717
7330001 0.319975
7340001 0.325592
7350001 0.325206
7360001 0.32519
7370001 0.323272
7380001 0.327925
7390001 0.32428
7400001 0.322108
7410001 0.323259
7420001 0.323398
7430001 0.323621
7440001 0.32513
7450001 0.326775
7460001 0.324621
7470001 0.322498
7480001 0.323604
7490001 0.324913
7500001 0.328171
7510001 0.323273
7520001 0.32122
7530001 0.320189
7540001 0.324071
7550001 0.322976
7560001 0.323372
7570001 0.32378
7580001 0.327074
7590001 0.323089
7600001 0.326009
7610001 0.320957
7620001 0.321992
7630001 0.327558
7640001 0.324718
7650001 0.323409
7660001 0.32278
7670001 0.326331
7680001 0.324704
7690001 0.325634
7700001 0.325442
7710001 0.325872
7720001 0.323401
7730001 0.325702
7740001 0.319945
7750001 0.325604
7760001 0.326185
7770001 0.32385
7780001 0.327112
7790001 0.319355
7800001 0.321097
7810001 0.320771
7820001 0.32571
7830001 0.320184
7840001 0.322746
7850001 0.332173
7860001 0.322199
7870001 0.32513
7880001 0.324167
7890001 0.32901
7900001 0.325015
7910001 0.327064
7920001 0.325233
7930001 0.323708
7940001 0.324873
7950001 0.319085
7960001 0.326185
7970001 0.325118
7980001 0.322544
7990001 0.329643
8000001 0.31978
8010001 0.323574
8020001 0.322661
8030001 0.31924
8040001 0.322329
8050001 0.322197
8060001 0.322055
8070001 0.319692
8080001 0.32618
8090001 0.321128
8100001 0.321642
8110001 0.321823
8120001 0.325991
8130001 0.319791
8140001 0.32208
8150001 0.320512
8160001 0.322738
8170001 0.325654
8180001 0.324608
8190001 0.330028
8200001 0.326407
8210001 0.324264
8220001 0.325083
8230001 0.323846
8240001 0.327413
8250001 0.325325
8260001 0.323611
8270001 0.322955
8280001 0.321971
8290001 0.32097
8300001 0.324768
8310001 0.324583
8320001 0.32293
8330001 0.320543
8340001 0.323648
8350001 0.324692
8360001 0.325598
8370001 0.327718
8380001 0.322653
8390001 0.328266
8400001 0.323196
8410001 0.324625
8420001 0.322119
8430001 0.324791
8440001 0.327232
8450001 0.322384
8460001 0.327093
8470001 0.327787
8480001 0.327833
8490001 0.325034
8500001 0.324953
8510001 0.321886
8520001 0.325929
8530001 0.323013
8540001 0.326803
8550001 0.322188
8560001 0.323551
8570001 0.325168
8580001 0.32502
8590001 0.328687
8600001 0.327792
8610001 0.316821
8620001 0.324016
8630001 0.325961
8640001 0.330969
8650001 0.32273
8660001 0.321859
8670001 0.325729
8680001 0.321046
8690001 0.322427
8700001 0.325347
8710001 0.328049
8720001 0.326288
8730001 0.325515
8740001 0.330438
8750001 0.323072
8760001 0.323262
8770001 0.321574
8780001 0.32279
8790001 0.329485
8800001 0.326288
8810001 0.323859
8820001 0.322318
8830001 0.324891
8840001 0.319052
8850001 0.323971
8860001 0.322622
8870001 0.324607
8880001 0.324641
8890001 0.323919
8900001 0.325325
8910001 0.325203
8920001 0.322148
8930001 0.3268
8940001 0.32405
8950001 0.333461
8960001 0.326286
8970001 0.325944
8980001 0.326188
8990001 0.32023
9000001 0.3259
9010001 0.327326
9020001 0.326271
9030001 0.320972
9040001 0.319746
9050001 0.326913
9060001 0.324269
9070001 0.320091
9080001 0.320121
9090001 0.325434
9100001 0.325575
9110001 0.32232
9120001 0.32653
9130001 0.325906
9140001 0.32289
9150001 0.32494
9160001 0.321465
9170001 0.322374
9180001 0.322928
9190001 0.327944
9200001 0.327557
9210001 0.328257
9220001 0.324179
9230001 0.322773
9240001 0.328269
9250001 0.325653
9260001 0.327366
9270001 0.326427
9280001 0.322408
9290001 0.323139
9300001 0.322774
9310001 0.327707
9320001 0.325034
9330001 0.327363
9340001 0.323999
9350001 0.320142
9360001 0.325201
9370001 0.321084
9380001 0.326105
9390001 0.331502
9400001 0.325633
9410001 0.321446
9420001 0.323239
9430001 0.322698
9440001 0.322386
9450001 0.320424
9460001 0.326688
9470001 0.32738
9480001 0.323698
9490001 0.324903
9500001 0.321798
9510001 0.324379
9520001 0.322424
9530001 0.32618
9540001 0.32785
9550001 0.321156
9560001 0.321076
9570001 0.325105
9580001 0.325376
9590001 0.322098
9600001 0.324713
9610001 0.323934
9620001 0.32325
9630001 0.325587
9640001 0.319125
9650001 0.321658
9660001 0.328962
9670001 0.327689
9680001 0.320463
9690001 0.326563
9700001 0.326297
9710001 0.323046
9720001 0.325648
9730001 0.327612
9740001 0.325207
9750001 0.326369
9760001 0.326796
9770001 0.32608
9780001 0.322687
9790001 0.324324
9800001 0.323138
9810001 0.324902
9820001 0.326608
9830001 0.321856
9840001 0.325276
9850001 0.323488
9860001 0.322715
9870001 0.327324
9880001 0.324166
9890001 0.328045
9900001 0.325692
9910001 0.32224
9920001 0.329431
9930001 0.326681
9940001 0.324287
9950001 0.328013
9960001 0.322319
9970001 0.320777
9980001 0.32583
9990001 0.321595
