1 15.7967
10001 3.25635
20001 1.66904
30001 1.11298
40001 0.835124
50001 0.665901
60001 0.552392
70001 0.469674
80001 0.407633
90001 0.359497
100001 0.321182
110001 0.291087
120001 0.266202
130001 0.246492
140001 0.229132
150001 0.216132
160001 0.2053
170001 0.195868
180001 0.187866
190001 0.181113
200001 0.17536
210001 0.170654
220001 0.166665
230001 0.163338
240001 0.160621
250001 0.158655
260001 0.155809
270001 0.154033
280001 0.152255
290001 0.150769
300001 0.149248
310001 0.148126
320001 0.146724
330001 0.145052
340001 0.144944
350001 0.143968
360001 0.143117
370001 0.142132
380001 0.142077
390001 0.140784
400001 0.140202
410001 0.139708
420001 0.139488
430001 0.138918
440001 0.138865
450001 0.138347
460001 0.138532
470001 0.136905
480001 0.136586
490001 0.136222
500001 0.135694
510001 0.135638
520001 0.135643
530001 0.134924
540001 0.134038
550001 0.134549
560001 0.133599
570001 0.133747
580001 0.133759
590001 0.133317
600001 0.133184
610001 0.132302
620001 0.132088
630001 0.13206
640001 0.132469
650001 0.131671
660001 0.131257
670001 0.131894
680001 0.130489
690001 0.130462
700001 0.130142
710001 0.13023
720001 0.130228
730001 0.130283
740001 0.130694
750001 0.129876
760001 0.129419
770001 0.128993
780001 0.128227
790001 0.128469
800001 0.133151
810001 0.128127
820001 0.128317
830001 0.127543
840001 0.127531
850001 0.127352
860001 0.12733
870001 0.127001
880001 0.127152
890001 0.127362
900001 0.12652
910001 0.126899
920001 0.127383
930001 0.126722
940001 0.126509
950001 0.126859
960001 0.125558
970001 0.126858
980001 0.126013
990001 0.125288
1000001 0.125051
1010001 0.125521
1020001 0.124971
1030001 0.125027
1040001 0.124227
1050001 0.124836
1060001 0.124367
1070001 0.12408
1080001 0.124151
1090001 0.124854
1100001 0.124417
1110001 0.12466
1120001 0.12438
1130001 0.124507
1140001 0.123752
1150001 0.124968
1160001 0.124541
1170001 0.124508
1180001 0.123306
1190001 0.123812
1200001 0.124024
1210001 0.123419
1220001 0.123735
1230001 0.123843
1240001 0.123863
1250001 0.124224
1260001 0.122965
1270001 0.123445
1280001 0.122992
1290001 0.122868
1300001 0.122538
1310001 0.12234
1320001 0.123785
1330001 0.122619
1340001 0.123329
1350001 0.123285
1360001 0.122785
1370001 0.122335
1380001 0.122866
1390001 0.122882
1400001 0.122017
1410001 0.122358
1420001 0.121947
1430001 0.121687
1440001 0.122298
1450001 0.122062
1460001 0.121707
1470001 0.121734
1480001 0.121114
1490001 0.121051
1500001 0.121463
1510001 0.121097
1520001 0.121549
1530001 0.121485
1540001 0.121573
1550001 0.121874
1560001 0.121221
1570001 0.12186
1580001 0.121589
1590001 0.121087
1600001 0.121892
1610001 0.121232
1620001 0.121544
1630001 0.120759
1640001 0.121863
1650001 0.120719
1660001 0.120428
1670001 0.121626
1680001 0.121994
1690001 0.121189
1700001 0.121116
1710001 0.121392
1720001 0.12084
1730001 0.121425
1740001 0.120467
1750001 0.121554
1760001 0.120813
1770001 0.120331
1780001 0.119862
1790001 0.120564
1800001 0.120761
1810001 0.123205
1820001 0.121267
1830001 0.120844
1840001 0.120734
1850001 0.120982
1860001 0.119775
1870001 0.121706
1880001 0.121075
1890001 0.120409
1900001 0.120942
1910001 0.120622
1920001 0.120351
1930001 0.120387
1940001 0.12033
1950001 0.120908
1960001 0.120359
1970001 0.119789
1980001 0.120122
1990001 0.121262
2000001 0.126798
2010001 0.121137
2020001 0.122716
2030001 0.120463
2040001 0.120348
2050001 0.119891
2060001 0.120375
2070001 0.120226
2080001 0.120053
2090001 0.119977
2100001 0.120221
2110001 0.120305
2120001 0.119826
2130001 0.119897
2140001 0.12011
2150001 0.120123
2160001 0.119451
2170001 0.120103
2180001 0.120421
2190001 0.119414
2200001 0.119482
2210001 0.119999
2220001 0.121049
2230001 0.120257
2240001 0.119921
2250001 0.119937
2260001 0.119348
2270001 0.119841
2280001 0.119594
2290001 0.118695
2300001 0.119931
2310001 0.119101
2320001 0.119474
2330001 0.119554
2340001 0.12035
2350001 0.119899
2360001 0.119967
2370001 0.119852
2380001 0.11895
2390001 0.119066
2400001 0.120219
2410001 0.119444
2420001 0.120297
2430001 0.119311
2440001 0.119354
2450001 0.118861
2460001 0.120967
2470001 0.120282
2480001 0.120098
2490001 0.119608
2500001 0.119605
2510001 0.119521
2520001 0.119311
2530001 0.119987
2540001 0.119214
2550001 0.119526
2560001 0.119889
2570001 0.119478
2580001 0.119277
2590001 0.118726
2600001 0.11927
2610001 0.118954
2620001 0.119109
2630001 0.120387
2640001 0.120378
2650001 0.119859
2660001 0.120428
2670001 0.120279
2680001 0.119855
2690001 0.119497
2700001 0.120626
2710001 0.119407
2720001 0.119607
2730001 0.119528
2740001 0.118915
2750001 0.119688
2760001 0.119491
2770001 0.120026
2780001 0.120282
2790001 0.120364
2800001 0.120767
2810001 0.120158
2820001 0.120527
2830001 0.120965
2840001 0.120452
2850001 0.119967
2860001 0.119468
2870001 0.119986
2880001 0.118892
2890001 0.119643
2900001 0.119731
2910001 0.119047
2920001 0.119553
2930001 0.119474
2940001 0.122867
2950001 0.119707
2960001 0.119302
2970001 0.119027
2980001 0.119384
2990001 0.118953
3000001 0.119104
3010001 0.118572
3020001 0.118892
3030001 0.119267
3040001 0.119342
3050001 0.120471
3060001 0.119109
3070001 0.119345
3080001 0.11904
3090001 0.119312
3100001 0.118989
3110001 0.118906
3120001 0.118284
3130001 0.119217
3140001 0.119727
3150001 0.118396
3160001 0.118183
3170001 0.118581
3180001 0.11906
3190001 0.119533
3200001 0.12068
3210001 0.118985
3220001 0.119031
3230001 0.123859
3240001 0.119584
3250001 0.119397
3260001 0.118972
3270001 0.119385
3280001 0.119251
3290001 0.119413
3300001 0.11932
3310001 0.11949
3320001 0.119177
3330001 0.119255
3340001 0.119348
3350001 0.120283
3360001 0.119953
3370001 0.118435
3380001 0.118435
3390001 0.11887
3400001 0.1187
3410001 0.11909
3420001 0.120492
3430001 0.120199
3440001 0.119064
3450001 0.119259
3460001 0.119239
3470001 0.118801
3480001 0.120081
3490001 0.119164
3500001 0.118663
3510001 0.119057
3520001 0.119388
3530001 0.119002
3540001 0.118217
3550001 0.118959
3560001 0.119588
3570001 0.119713
3580001 0.119007
3590001 0.119317
3600001 0.119074
3610001 0.118562
3620001 0.119191
3630001 0.119734
3640001 0.120804
3650001 0.119731
3660001 0.119458
3670001 0.119349
3680001 0.119494
3690001 0.120546
3700001 0.121099
3710001 0.119869
3720001 0.119596
3730001 0.11922
3740001 0.119858
3750001 0.119057
3760001 0.119919
3770001 0.1204
3780001 0.119694
3790001 0.120203
3800001 0.119774
3810001 0.119644
3820001 0.119859
3830001 0.119996
3840001 0.120283
3850001 0.119345
3860001 0.120055
3870001 0.119901
3880001 0.119866
3890001 0.120238
3900001 0.119361
3910001 0.11951
3920001 0.120376
3930001 0.120501
3940001 0.120475
3950001 0.120313
3960001 0.123178
3970001 0.120314
3980001 0.122472
3990001 0.119558
4000001 0.118728
4010001 0.119855
4020001 0.119601
4030001 0.119025
4040001 0.119479
4050001 0.119547
4060001 0.11957
4070001 0.118922
4080001 0.11943
4090001 0.119792
4100001 0.119678
4110001 0.120098
4120001 0.119567
4130001 0.119487
4140001 0.11973
4150001 0.119522
4160001 0.119657
4170001 0.120278
4180001 0.11982
4190001 0.119892
4200001 0.119776
4210001 0.119865
4220001 0.120116
4230001 0.119425
4240001 0.119835
4250001 0.119445
4260001 0.119878
4270001 0.11928
4280001 0.119721
4290001 0.11942
4300001 0.119857
4310001 0.119201
4320001 0.11981
4330001 0.119212
4340001 0.119043
4350001 0.118815
4360001 0.11908
4370001 0.118245
4380001 0.118187
4390001 0.118352
4400001 0.118769
4410001 0.119352
4420001 0.119499
4430001 0.118697
4440001 0.1198
4450001 0.119655
4460001 0.120011
4470001 0.121211
4480001 0.119299
4490001 0.119267
4500001 0.119034
4510001 0.118818
4520001 0.117886
4530001 0.118489
4540001 0.11831
4550001 0.118883
4560001 0.119325
4570001 0.121587
4580001 0.118666
4590001 0.119523
4600001 0.119178
4610001 0.118896
4620001 0.119275
4630001 0.119615
4640001 0.119443
4650001 0.119125
4660001 0.11897
4670001 0.119869
4680001 0.119762
4690001 0.118496
4700001 0.119101
4710001 0.119048
4720001 0.118569
4730001 0.11888
4740001 0.11867
4750001 0.119725
4760001 0.119443
4770001 0.119854
4780001 0.118694
4790001 0.118905
4800001 0.119345
4810001 0.119215
4820001 0.118909
4830001 0.119596
4840001 0.119029
4850001 0.11926
4860001 0.118656
4870001 0.118576
4880001 0.118462
4890001 0.119093
4900001 0.119313
4910001 0.119038
4920001 0.118575
4930001 0.119156
4940001 0.119575
4950001 0.118951
4960001 0.119406
4970001 0.118961
4980001 0.119145
4990001 0.117873
5000001 0.118143
5010001 0.118023
5020001 0.11845
5030001 0.117876
5040001 0.118692
5050001 0.11835
5060001 0.119547
5070001 0.119152
5080001 0.118765
5090001 0.118805
5100001 0.118595
5110001 0.118742
5120001 0.119332
5130001 0.118766
5140001 0.118989
5150001 0.120047
5160001 0.11884
5170001 0.119188
5180001 0.118622
5190001 0.118781
5200001 0.118911
5210001 0.118882
5220001 0.118362
5230001 0.118702
5240001 0.118805
5250001 0.118886
5260001 0.118865
5270001 0.118917
5280001 0.118382
5290001 0.118966
5300001 0.119489
5310001 0.11876
5320001 0.118848
5330001 0.118778
5340001 0.118889
5350001 0.118541
5360001 0.119688
5370001 0.118665
5380001 0.119945
5390001 0.119321
5400001 0.119241
5410001 0.118288
5420001 0.119536
5430001 0.118988
5440001 0.118954
5450001 0.118897
5460001 0.119029
5470001 0.11906
5480001 0.119409
5490001 0.1188
5500001 0.120561
5510001 0.118613
5520001 0.118529
5530001 0.118648
5540001 0.119005
5550001 0.119311
5560001 0.118535
5570001 0.118832
5580001 0.118753
5590001 0.119228
5600001 0.11859
5610001 0.11942
5620001 0.119432
5630001 0.11939
5640001 0.119241
5650001 0.118932
5660001 0.119736
5670001 0.118405
5680001 0.119109
5690001 0.11952
5700001 0.118652
5710001 0.118339
5720001 0.118444
5730001 0.118763
5740001 0.118753
5750001 0.118492
5760001 0.118599
5770001 0.11886
5780001 0.118491
5790001 0.119127
5800001 0.118262
5810001 0.119124
5820001 0.118625
5830001 0.119108
5840001 0.119301
5850001 0.11905
5860001 0.11956
5870001 0.120178
5880001 0.11945
5890001 0.119966
5900001 0.119394
5910001 0.119763
5920001 0.119412
5930001 0.119152
5940001 0.119112
5950001 0.119118
5960001 0.118946
5970001 0.118723
5980001 0.118851
5990001 0.119337
6000001 0.119108
6010001 0.118886
6020001 0.118723
6030001 0.118738
6040001 0.118469
6050001 0.119041
6060001 0.119051
6070001 0.119196
6080001 0.120142
6090001 0.11936
6100001 0.118847
6110001 0.119514
6120001 0.119145
6130001 0.118322
6140001 0.119475
6150001 0.11951
6160001 0.11909
6170001 0.119022
6180001 0.119478
6190001 0.119486
6200001 0.119819
6210001 0.120764
6220001 0.119483
6230001 0.119679
6240001 0.118811
6250001 0.118638
6260001 0.118491
6270001 0.119932
6280001 0.118485
6290001 0.119346
6300001 0.119603
6310001 0.119029
6320001 0.118792
6330001 0.119629
6340001 0.119615
6350001 0.119078
6360001 0.119256
6370001 0.11902
6380001 0.120165
6390001 0.11891
6400001 0.121353
6410001 0.120092
6420001 0.120094
6430001 0.119005
6440001 0.11943
6450001 0.119273
6460001 0.120094
6470001 0.119353
6480001 0.119332
6490001 0.118964
6500001 0.119069
6510001 0.119255
6520001 0.119858
6530001 0.119477
6540001 0.119173
6550001 0.119239
6560001 0.118626
6570001 0.118926
6580001 0.119237
6590001 0.118511
6600001 0.118772
6610001 0.118664
6620001 0.119617
6630001 0.119276
6640001 0.118593
6650001 0.119226
6660001 0.118657
6670001 0.118249
6680001 0.118733
6690001 0.118578
6700001 0.119092
6710001 0.118347
6720001 0.118845
6730001 0.119361
6740001 0.118467
6750001 0.118955
6760001 0.11848
6770001 0.119615
6780001 0.120824
6790001 0.119102
6800001 0.119644
6810001 0.119435
6820001 0.119657
6830001 0.120289
6840001 0.119473
6850001 0.120041
6860001 0.119089
6870001 0.11933
6880001 0.120257
6890001 0.119077
6900001 0.119627
6910001 0.119171
6920001 0.118984
6930001 0.120002
6940001 0.119244
6950001 0.119305
6960001 0.118604
6970001 0.11839
6980001 0.119495
6990001 0.119585
7000001 0.127035
7010001 0.119706
7020001 0.119645
7030001 0.119362
7040001 0.119889
7050001 0.119854
7060001 0.119298
7070001 0.120212
7080001 0.119206
7090001 0.118982
7100001 0.118249
7110001 0.118918
7120001 0.118804
7130001 0.118553
7140001 0.118733
7150001 0.119004
7160001 0.118923
7170001 0.120308
7180001 0.119265
7190001 0.119137
7200001 0.119515
7210001 0.119686
7220001 0.118506
7230001 0.119818
7240001 0.119626
7250001 0.119896
7260001 0.118763
7270001 0.11859
7280001 0.119632
7290001 0.118919
7300001 0.118997
7310001 0.119601
7320001 0.119125
7330001 0.118897
7340001 0.118404
7350001 0.11824
7360001 0.119788
7370001 0.118466
7380001 0.118763
7390001 0.120656
7400001 0.118635
7410001 0.119551
7420001 0.118683
7430001 0.118431
7440001 0.118323
7450001 0.118606
7460001 0.118977
7470001 0.119154
7480001 0.119285
7490001 0.118973
7500001 0.118943
7510001 0.119606
7520001 0.118964
7530001 0.119108
7540001 0.119034
7550001 0.118732
7560001 0.119125
7570001 0.119097
7580001 0.118997
7590001 0.119853
7600001 0.119544
7610001 0.118817
7620001 0.119598
7630001 0.11943
7640001 0.119482
7650001 0.11949
7660001 0.119328
7670001 0.118759
7680001 0.118811
7690001 0.119416
7700001 0.118668
7710001 0.118707
7720001 0.119222
7730001 0.11946
7740001 0.119596
7750001 0.118944
7760001 0.119195
7770001 0.11958
7780001 0.119417
7790001 0.118775
7800001 0.119471
7810001 0.119623
7820001 0.119755
7830001 0.119634
7840001 0.119982
7850001 0.119904
7860001 0.119723
7870001 0.119049
7880001 0.118988
7890001 0.119884
7900001 0.119078
7910001 0.119897
7920001 0.119623
7930001 0.119302
7940001 0.119519
7950001 0.119084
7960001 0.119614
7970001 0.119236
7980001 0.119797
7990001 0.119174
8000001 0.11951
8010001 0.119641
8020001 0.119825
8030001 0.120044
8040001 0.119579
8050001 0.120036
8060001 0.120413
8070001 0.11951
8080001 0.120146
8090001 0.119801
8100001 0.119582
8110001 0.119204
8120001 0.119237
8130001 0.118993
8140001 0.119063
8150001 0.118882
8160001 0.119556
8170001 0.119496
8180001 0.118682
8190001 0.120115
8200001 0.119791
8210001 0.119329
8220001 0.119385
8230001 0.118656
8240001 0.12098
8250001 0.120207
8260001 0.119366
8270001 0.118563
8280001 0.118847
8290001 0.119785
8300001 0.119062
8310001 0.120003
8320001 0.119737
8330001 0.119826
8340001 0.119282
8350001 0.120063
8360001 0.119969
8370001 0.120204
8380001 0.119921
8390001 0.119324
8400001 0.119642
8410001 0.118949
8420001 0.119136
8430001 0.119353
8440001 0.119281
8450001 0.119233
8460001 0.118496
8470001 0.118501
8480001 0.119108
8490001 0.119164
8500001 0.119345
8510001 0.119201
8520001 0.119164
8530001 0.12001
8540001 0.118962
8550001 0.118972
8560001 0.118879
8570001 0.119943
8580001 0.119704
8590001 0.119381
8600001 0.118882
8610001 0.119391
8620001 0.119268
8630001 0.119149
8640001 0.119351
8650001 0.119709
8660001 0.119265
8670001 0.119778
8680001 0.119421
8690001 0.118939
8700001 0.119281
8710001 0.119181
8720001 0.118894
8730001 0.118696
8740001 0.11916
8750001 0.119388
8760001 0.118928
8770001 0.119689
8780001 0.119478
8790001 0.119429
8800001 0.119344
8810001 0.119225
8820001 0.119446
8830001 0.119493
8840001 0.119481
8850001 0.120477
8860001 0.119073
8870001 0.119081
8880001 0.119139
8890001 0.118903
8900001 0.119492
8910001 0.120307
8920001 0.119165
8930001 0.119135
8940001 0.119691
8950001 0.119326
8960001 0.11897
8970001 0.118666
8980001 0.119765
8990001 0.119251
9000001 0.119086
9010001 0.119738
9020001 0.119567
9030001 0.119239
9040001 0.119018
9050001 0.118787
9060001 0.119876
9070001 0.119609
9080001 0.119113
9090001 0.118677
9100001 0.119736
9110001 0.119598
9120001 0.120138
9130001 0.119536
9140001 0.120786
9150001 0.119175
9160001 0.119666
9170001 0.11927
9180001 0.119216
9190001 0.11948
9200001 0.119105
9210001 0.119071
9220001 0.11947
9230001 0.119835
9240001 0.118945
9250001 0.120637
9260001 0.119538
9270001 0.119786
9280001 0.11896
9290001 0.118608
9300001 0.118981
9310001 0.119094
9320001 0.119762
9330001 0.119062
9340001 0.119022
9350001 0.119466
9360001 0.119295
9370001 0.120096
9380001 0.119517
9390001 0.119481
9400001 0.119519
9410001 0.119617
9420001 0.119199
9430001 0.118752
9440001 0.119206
9450001 0.1187
9460001 0.121461
9470001 0.119645
9480001 0.118855
9490001 0.118651
9500001 0.119166
9510001 0.119134
9520001 0.119297
9530001 0.11903
9540001 0.119742
9550001 0.120323
9560001 0.119012
9570001 0.118998
9580001 0.118461
9590001 0.119065
9600001 0.119349
9610001 0.119889
9620001 0.119476
9630001 0.119567
9640001 0.119384
9650001 0.118877
9660001 0.118825
9670001 0.119101
9680001 0.118843
9690001 0.118747
9700001 0.118823
9710001 0.118806
9720001 0.118839
9730001 0.118718
9740001 0.118907
9750001 0.118517
9760001 0.118781
9770001 0.120357
9780001 0.119414
9790001 0.119207
9800001 0.119091
9810001 0.119796
9820001 0.119139
9830001 0.119021
9840001 0.118967
9850001 0.119268
9860001 0.11982
9870001 0.119063
9880001 0.119154
9890001 0.119863
9900001 0.119308
9910001 0.119108
9920001 0.120104
9930001 0.119692
9940001 0.118861
9950001 0.118564
9960001 0.119279
9970001 0.119488
9980001 0.119061
9990001 0.119143
10000001 0.119824
10010001 0.119916
10020001 0.118563
10030001 0.119292
10040001 0.118749
10050001 0.118747
10060001 0.118609
10070001 0.119071
10080001 0.118789
10090001 0.119314
10100001 0.120496
10110001 0.119616
10120001 0.118927
10130001 0.118669
10140001 0.11875
10150001 0.119072
10160001 0.119933
10170001 0.11916
10180001 0.118817
10190001 0.119421
10200001 0.119356
10210001 0.119012
10220001 0.119215
10230001 0.119069
10240001 0.118427
10250001 0.120313
10260001 0.11975
10270001 0.119425
10280001 0.119568
10290001 0.118651
10300001 0.119719
10310001 0.11971
10320001 0.119892
10330001 0.119182
10340001 0.119021
10350001 0.119591
10360001 0.11859
10370001 0.118854
10380001 0.119672
10390001 0.119013
10400001 0.120322
10410001 0.119623
10420001 0.120144
10430001 0.120735
10440001 0.119268
10450001 0.119748
10460001 0.119256
10470001 0.119272
10480001 0.119551
10490001 0.119094
10500001 0.11924
10510001 0.119795
10520001 0.11978
10530001 0.118987
10540001 0.118971
10550001 0.118803
10560001 0.119312
10570001 0.11951
10580001 0.1192
10590001 0.11913
10600001 0.119693
10610001 0.119634
10620001 0.118716
10630001 0.119175
10640001 0.119274
10650001 0.119368
10660001 0.119408
10670001 0.119394
10680001 0.119575
10690001 0.119097
10700001 0.11907
10710001 0.119292
10720001 0.118916
10730001 0.118922
10740001 0.119398
10750001 0.119271
10760001 0.119945
10770001 0.119314
10780001 0.118949
10790001 0.119609
10800001 0.119714
10810001 0.120051
10820001 0.119028
10830001 0.118436
10840001 0.119024
10850001 0.118851
10860001 0.119179
10870001 0.11967
10880001 0.11918
10890001 0.119876
10900001 0.119459
10910001 0.119028
10920001 0.119471
10930001 0.119729
10940001 0.119675
10950001 0.118977
10960001 0.120515
10970001 0.11999
10980001 0.120469
10990001 0.119825
11000001 0.120179
11010001 0.119651
11020001 0.119845
11030001 0.11917
11040001 0.118858
11050001 0.119791
11060001 0.119587
11070001 0.118742
11080001 0.119633
11090001 0.118998
11100001 0.119612
11110001 0.119512
11120001 0.119149
11130001 0.119194
11140001 0.119557
11150001 0.119126
11160001 0.118678
11170001 0.119101
11180001 0.119329
11190001 0.118881
11200001 0.119947
11210001 0.120015
11220001 0.119172
11230001 0.118433
11240001 0.1195
11250001 0.11963
11260001 0.118588
11270001 0.118944
11280001 0.118996
11290001 0.118845
11300001 0.118741
11310001 0.118526
11320001 0.118485
11330001 0.119009
11340001 0.119376
11350001 0.119985
11360001 0.119265
11370001 0.119657
11380001 0.120473
11390001 0.119059
11400001 0.119465
11410001 0.118947
11420001 0.119739
11430001 0.119833
11440001 0.119648
11450001 0.118739
11460001 0.118744
11470001 0.118846
11480001 0.118711
11490001 0.120133
11500001 0.118958
11510001 0.119288
11520001 0.118857
11530001 0.118469
11540001 0.118656
11550001 0.118972
11560001 0.118891
11570001 0.119008
11580001 0.119105
11590001 0.118283
11600001 0.119008
11610001 0.119143
11620001 0.119091
11630001 0.118608
11640001 0.119029
11650001 0.118299
11660001 0.118839
11670001 0.118363
11680001 0.118455
11690001 0.117987
11700001 0.119119
11710001 0.118371
11720001 0.118718
11730001 0.117968
11740001 0.118899
11750001 0.118678
11760001 0.120048
11770001 0.119484
11780001 0.118643
11790001 0.122189
11800001 0.120017
11810001 0.119285
11820001 0.11907
11830001 0.119434
11840001 0.119328
11850001 0.118807
11860001 0.118349
11870001 0.120986
11880001 0.11901
11890001 0.11882
11900001 0.119382
11910001 0.119111
11920001 0.123621
11930001 0.120007
11940001 0.119115
11950001 0.119445
11960001 0.11993
11970001 0.119608
11980001 0.120294
11990001 0.119753
12000001 0.120226
12010001 0.120014
12020001 0.118476
12030001 0.118906
12040001 0.118931
12050001 0.118911
12060001 0.11937
12070001 0.11886
12080001 0.118798
12090001 0.118731
12100001 0.118597
12110001 0.119207
12120001 0.119122
12130001 0.118861
12140001 0.119765
12150001 0.119121
12160001 0.120428
12170001 0.120025
12180001 0.119443
12190001 0.119565
12200001 0.11853
12210001 0.119426
12220001 0.122432
12230001 0.119567
12240001 0.119197
12250001 0.119163
12260001 0.118769
12270001 0.119275
12280001 0.118985
12290001 0.119098
12300001 0.119764
12310001 0.11923
12320001 0.120227
12330001 0.119722
12340001 0.119754
12350001 0.119759
12360001 0.119728
12370001 0.118621
12380001 0.119436
12390001 0.119035
12400001 0.119331
12410001 0.118877
12420001 0.118613
12430001 0.118822
12440001 0.119194
12450001 0.119027
12460001 0.11912
12470001 0.119184
12480001 0.118908
12490001 0.118773
12500001 0.118468
12510001 0.119637
12520001 0.119083
12530001 0.119088
12540001 0.118881
12550001 0.119065
12560001 0.119131
12570001 0.119202
12580001 0.118962
12590001 0.118783
12600001 0.118887
12610001 0.11908
12620001 0.119074
12630001 0.119428
12640001 0.118689
12650001 0.119312
12660001 0.119471
12670001 0.120135
12680001 0.119633
12690001 0.119177
12700001 0.119478
12710001 0.118228
12720001 0.119251
12730001 0.119109
12740001 0.119215
12750001 0.118987
12760001 0.118638
12770001 0.118393
12780001 0.119487
12790001 0.118848
12800001 0.119353
12810001 0.118784
12820001 0.118952
12830001 0.120086
12840001 0.118608
12850001 0.118943
12860001 0.119313
12870001 0.11882
12880001 0.118897
12890001 0.119177
12900001 0.118927
12910001 0.119254
12920001 0.118976
12930001 0.119779
12940001 0.118389
12950001 0.119546
12960001 0.119187
12970001 0.119804
12980001 0.118735
12990001 0.118966
13000001 0.118392
13010001 0.119387
13020001 0.119629
13030001 0.119376
13040001 0.118739
13050001 0.119412
13060001 0.118639
13070001 0.119291
13080001 0.118457
13090001 0.120517
13100001 0.118838
13110001 0.118234
13120001 0.118559
13130001 0.118665
13140001 0.119233
13150001 0.119655
13160001 0.119985
13170001 0.119058
13180001 0.119268
13190001 0.119391
13200001 0.11871
13210001 0.11915
13220001 0.119116
13230001 0.118725
13240001 0.119546
13250001 0.119115
13260001 0.119337
13270001 0.118874
13280001 0.119003
13290001 0.119192
13300001 0.119345
13310001 0.119803
13320001 0.119091
13330001 0.119691
13340001 0.119917
13350001 0.12039
13360001 0.119647
13370001 0.119628
13380001 0.119324
13390001 0.119718
13400001 0.118951
13410001 0.119154
13420001 0.119074
13430001 0.119293
13440001 0.118766
13450001 0.119431
13460001 0.119756
13470001 0.11928
13480001 0.119412
13490001 0.120021
13500001 0.118921
13510001 0.118693
13520001 0.118899
13530001 0.119269
13540001 0.118741
13550001 0.11826
13560001 0.118535
13570001 0.119953
13580001 0.118971
13590001 0.118862
13600001 0.118595
13610001 0.118995
13620001 0.118415
13630001 0.118849
13640001 0.119205
13650001 0.118632
13660001 0.118214
13670001 0.119033
13680001 0.118779
13690001 0.118982
13700001 0.119242
13710001 0.119128
13720001 0.119764
13730001 0.119246
13740001 0.119556
13750001 0.118642
13760001 0.11843
13770001 0.1186
13780001 0.118777
13790001 0.119604
13800001 0.119368
13810001 0.119736
13820001 0.118794
13830001 0.117785
13840001 0.119041
13850001 0.11842
13860001 0.118382
13870001 0.119073
13880001 0.120995
13890001 0.118609
13900001 0.119189
13910001 0.119372
13920001 0.118228
13930001 0.117955
13940001 0.119266
13950001 0.119755
13960001 0.119229
13970001 0.118564
13980001 0.118555
13990001 0.118764
14000001 0.118775
14010001 0.118599
14020001 0.118217
14030001 0.119738
14040001 0.118921
14050001 0.11983
14060001 0.118911
14070001 0.119396
14080001 0.118455
14090001 0.11926
14100001 0.119477
14110001 0.119215
14120001 0.119545
14130001 0.118115
14140001 0.118632
14150001 0.118827
14160001 0.119195
14170001 0.118823
14180001 0.119297
14190001 0.11863
14200001 0.120052
14210001 0.119819
14220001 0.120158
14230001 0.119466
14240001 0.12009
14250001 0.11969
14260001 0.118397
14270001 0.119558
14280001 0.118547
14290001 0.118433
14300001 0.118217
14310001 0.118481
14320001 0.118324
14330001 0.118115
14340001 0.120686
14350001 0.119339
14360001 0.119363
14370001 0.11901
14380001 0.118584
14390001 0.119176
14400001 0.119116
14410001 0.118516
14420001 0.11945
14430001 0.118122
14440001 0.119143
14450001 0.118296
14460001 0.119514
14470001 0.119325
14480001 0.119164
14490001 0.119103
14500001 0.119664
14510001 0.120454
14520001 0.119442
14530001 0.118823
14540001 0.119325
14550001 0.119049
14560001 0.120193
14570001 0.119409
14580001 0.118405
14590001 0.11899
14600001 0.118353
14610001 0.118282
14620001 0.118425
14630001 0.118247
14640001 0.117986
14650001 0.119176
14660001 0.118465
14670001 0.118703
14680001 0.118605
14690001 0.118922
14700001 0.118613
14710001 0.118542
14720001 0.118901
14730001 0.118771
14740001 0.119019
14750001 0.119141
14760001 0.119508
14770001 0.119486
14780001 0.119217
14790001 0.119147
14800001 0.118814
14810001 0.118345
14820001 0.118835
14830001 0.11892
14840001 0.117849
14850001 0.11836
14860001 0.118526
14870001 0.118643
14880001 0.119155
14890001 0.119115
14900001 0.119788
14910001 0.118103
14920001 0.11913
14930001 0.120976
14940001 0.11848
14950001 0.118701
14960001 0.118859
14970001 0.118904
14980001 0.118949
14990001 0.12009
15000001 0.118681
15010001 0.118735
15020001 0.117995
15030001 0.118741
15040001 0.12008
15050001 0.118964
15060001 0.119302
15070001 0.118963
15080001 0.119558
15090001 0.118763
15100001 0.125516
15110001 0.11946
15120001 0.1191
15130001 0.119298
15140001 0.118576
15150001 0.118351
15160001 0.118827
15170001 0.119435
15180001 0.118855
15190001 0.118913
15200001 0.118879
15210001 0.119207
15220001 0.118886
15230001 0.119174
15240001 0.118802
15250001 0.119486
15260001 0.119282
15270001 0.118666
15280001 0.119289
15290001 0.119268
15300001 0.119666
15310001 0.119241
15320001 0.119042
15330001 0.119298
15340001 0.119112
15350001 0.118217
15360001 0.118916
15370001 0.119138
15380001 0.118685
15390001 0.118361
15400001 0.118933
15410001 0.118996
15420001 0.118513
15430001 0.118614
15440001 0.119052
15450001 0.120057
15460001 0.11982
15470001 0.11985
15480001 0.11885
15490001 0.120932
15500001 0.119087
15510001 0.119863
15520001 0.119688
15530001 0.120025
15540001 0.120182
15550001 0.11885
15560001 0.11968
15570001 0.119372
15580001 0.119434
15590001 0.119434
15600001 0.119769
15610001 0.118845
15620001 0.119857
15630001 0.119015
15640001 0.118969
15650001 0.119073
15660001 0.118708
15670001 0.118928
15680001 0.11878
15690001 0.119119
15700001 0.118972
15710001 0.118802
15720001 0.119428
15730001 0.119365
15740001 0.119696
15750001 0.118828
15760001 0.119305
15770001 0.118798
15780001 0.118767
15790001 0.118532
15800001 0.118496
15810001 0.120013
15820001 0.119487
15830001 0.119142
15840001 0.118394
15850001 0.118734
15860001 0.118919
15870001 0.119044
15880001 0.119414
15890001 0.119973
15900001 0.119042
15910001 0.119865
15920001 0.119137
15930001 0.119265
15940001 0.119132
15950001 0.119152
15960001 0.119224
15970001 0.119016
15980001 0.118783
15990001 0.118777
16000001 0.119059
16010001 0.119211
16020001 0.118016
16030001 0.119095
16040001 0.118822
16050001 0.11941
16060001 0.120133
16070001 0.120002
16080001 0.118905
16090001 0.118695
16100001 0.119615
16110001 0.119189
16120001 0.119608
16130001 0.1191
16140001 0.118617
16150001 0.11821
16160001 0.118881
16170001 0.119295
16180001 0.118828
16190001 0.118417
16200001 0.119751
16210001 0.118807
16220001 0.119723
16230001 0.118699
16240001 0.119221
16250001 0.120804
16260001 0.119555
16270001 0.119126
16280001 0.119101
16290001 0.119003
16300001 0.118801
16310001 0.120345
16320001 0.118976
16330001 0.119985
16340001 0.119731
16350001 0.119062
16360001 0.118403
16370001 0.118237
16380001 0.119448
16390001 0.119053
16400001 0.118856
16410001 0.11833
16420001 0.11959
16430001 0.119262
16440001 0.119718
16450001 0.118486
16460001 0.118973
16470001 0.119551
16480001 0.119251
16490001 0.11879
16500001 0.118565
16510001 0.119091
16520001 0.119912
16530001 0.118938
16540001 0.119024
16550001 0.119863
16560001 0.118723
16570001 0.119584
16580001 0.118679
16590001 0.11883
16600001 0.118332
16610001 0.118942
16620001 0.118071
16630001 0.118413
16640001 0.118521
16650001 0.119094
16660001 0.119351
16670001 0.11901
16680001 0.118995
16690001 0.119082
16700001 0.118615
16710001 0.118879
16720001 0.118685
16730001 0.118678
16740001 0.118714
16750001 0.118524
16760001 0.118929
16770001 0.118882
16780001 0.119145
16790001 0.118938
16800001 0.119775
16810001 0.118852
16820001 0.119365
16830001 0.119332
16840001 0.119426
16850001 0.119127
16860001 0.119141
16870001 0.119652
16880001 0.119553
16890001 0.119183
16900001 0.119535
16910001 0.119496
16920001 0.119802
16930001 0.118803
16940001 0.118776
16950001 0.11916
16960001 0.118987
16970001 0.119217
16980001 0.118697
16990001 0.11939
17000001 0.118963
17010001 0.119325
17020001 0.118589
17030001 0.120305
17040001 0.11976
17050001 0.120078
17060001 0.119243
17070001 0.11938
17080001 0.118344
17090001 0.118546
17100001 0.11926
17110001 0.119014
17120001 0.119224
17130001 0.118903
17140001 0.117953
17150001 0.118403
17160001 0.117774
17170001 0.1189
17180001 0.118148
17190001 0.119569
17200001 0.119107
17210001 0.11873
17220001 0.118915
17230001 0.119474
17240001 0.118974
17250001 0.118241
17260001 0.118813
17270001 0.120103
17280001 0.118448
17290001 0.119165
17300001 0.119229
17310001 0.119502
17320001 0.118687
17330001 0.118766
17340001 0.118925
17350001 0.118712
17360001 0.118844
17370001 0.118974
17380001 0.119304
17390001 0.119402
17400001 0.119202
17410001 0.119674
17420001 0.119554
17430001 0.119132
17440001 0.119659
17450001 0.118286
17460001 0.118536
17470001 0.118714
17480001 0.119275
17490001 0.118675
17500001 0.11858
17510001 0.118289
17520001 0.118713
17530001 0.118717
17540001 0.118331
17550001 0.118758
17560001 0.118372
17570001 0.117885
17580001 0.1186
17590001 0.118652
17600001 0.118921
17610001 0.119347
17620001 0.11881
17630001 0.117897
17640001 0.118696
17650001 0.118248
17660001 0.118432
17670001 0.118013
17680001 0.119139
17690001 0.119353
17700001 0.119558
17710001 0.118976
17720001 0.119177
17730001 0.119245
17740001 0.119936
17750001 0.119375
17760001 0.119068
17770001 0.119186
17780001 0.118709
17790001 0.118698
17800001 0.118407
17810001 0.11944
17820001 0.119438
17830001 0.119169
17840001 0.120027
17850001 0.118171
17860001 0.119128
17870001 0.118629
17880001 0.122071
17890001 0.119627
17900001 0.119022
17910001 0.119392
17920001 0.119155
17930001 0.119144
17940001 0.119267
17950001 0.118709
17960001 0.120199
17970001 0.118919
17980001 0.119013
17990001 0.119416
18000001 0.119728
18010001 0.120241
18020001 0.119458
18030001 0.118416
18040001 0.119191
18050001 0.119992
18060001 0.120536
18070001 0.119202
18080001 0.119553
18090001 0.119446
18100001 0.120016
18110001 0.119445
18120001 0.119091
18130001 0.11902
18140001 0.119119
18150001 0.119148
18160001 0.119192
18170001 0.118938
18180001 0.119091
18190001 0.119692
18200001 0.120147
18210001 0.120139
18220001 0.119826
18230001 0.120149
18240001 0.120456
18250001 0.119712
18260001 0.119638
18270001 0.119399
18280001 0.118944
18290001 0.119316
18300001 0.118604
18310001 0.119209
18320001 0.119491
18330001 0.119116
18340001 0.118396
18350001 0.119394
18360001 0.120367
18370001 0.119146
18380001 0.11886
18390001 0.118446
18400001 0.118869
18410001 0.118539
18420001 0.11863
18430001 0.119639
18440001 0.118684
18450001 0.11832
18460001 0.119535
18470001 0.118584
18480001 0.11903
18490001 0.119559
18500001 0.118615
18510001 0.11846
18520001 0.118143
18530001 0.118843
18540001 0.118601
18550001 0.119029
18560001 0.118923
18570001 0.119393
18580001 0.119105
18590001 0.118623
18600001 0.118498
18610001 0.118936
18620001 0.118943
18630001 0.118408
18640001 0.118938
18650001 0.119067
18660001 0.118908
18670001 0.119104
18680001 0.118294
18690001 0.118692
18700001 0.119366
18710001 0.11883
18720001 0.119319
18730001 0.118677
18740001 0.118727
18750001 0.11855
18760001 0.120427
18770001 0.119031
18780001 0.11836
18790001 0.120189
18800001 0.11968
18810001 0.119112
18820001 0.119189
18830001 0.119305
18840001 0.119734
18850001 0.118519
18860001 0.119681
18870001 0.119734
18880001 0.12019
18890001 0.121067
18900001 0.1188
18910001 0.119043
18920001 0.119705
18930001 0.119371
18940001 0.119751
18950001 0.119306
18960001 0.119029
18970001 0.119422
18980001 0.11871
18990001 0.119651
19000001 0.118919
19010001 0.118621
19020001 0.119324
19030001 0.119089
19040001 0.119464
19050001 0.120361
19060001 0.118744
19070001 0.120072
19080001 0.120676
19090001 0.11934
19100001 0.119238
19110001 0.119041
19120001 0.119602
19130001 0.119391
19140001 0.118552
19150001 0.119873
19160001 0.118011
19170001 0.119449
19180001 0.119973
19190001 0.119517
19200001 0.119477
19210001 0.119513
19220001 0.119051
19230001 0.11944
19240001 0.119662
19250001 0.119568
19260001 0.118988
19270001 0.119193
19280001 0.118994
19290001 0.119071
19300001 0.120242
19310001 0.119192
19320001 0.11927
19330001 0.119337
19340001 0.118415
19350001 0.119286
19360001 0.118901
19370001 0.119248
19380001 0.119022
19390001 0.119343
19400001 0.119328
19410001 0.119206
19420001 0.11929
19430001 0.119748
19440001 0.118693
19450001 0.119441
19460001 0.118704
19470001 0.118993
19480001 0.119995
19490001 0.118784
19500001 0.118987
19510001 0.118888
19520001 0.119284
19530001 0.119859
19540001 0.119383
19550001 0.118762
19560001 0.120378
19570001 0.1191
19580001 0.119952
19590001 0.11908
19600001 0.119306
19610001 0.118608
19620001 0.119035
19630001 0.118641
19640001 0.119136
19650001 0.118737
19660001 0.118575
19670001 0.119054
19680001 0.119468
19690001 0.119404
19700001 0.119343
19710001 0.119314
19720001 0.119503
19730001 0.119088
19740001 0.118791
19750001 0.119405
19760001 0.119008
19770001 0.119553
19780001 0.120117
19790001 0.119274
19800001 0.119267
19810001 0.119421
19820001 0.119254
19830001 0.119554
19840001 0.11895
19850001 0.120138
19860001 0.118843
19870001 0.118682
19880001 0.118981
19890001 0.118856
19900001 0.120047
19910001 0.118683
19920001 0.119163
19930001 0.119705
19940001 0.119686
19950001 0.12
19960001 0.119206
19970001 0.119235
19980001 0.121141
19990001 0.11922
20000001 0.119377
20010001 0.119303
20020001 0.120372
20030001 0.119164
20040001 0.119282
20050001 0.118564
20060001 0.119195
20070001 0.119778
20080001 0.11858
20090001 0.118278
20100001 0.119105
20110001 0.119248
20120001 0.118929
20130001 0.1186
20140001 0.118889
20150001 0.119087
20160001 0.118966
20170001 0.117492
20180001 0.118275
20190001 0.118974
20200001 0.119155
20210001 0.119178
20220001 0.118837
20230001 0.118907
20240001 0.119807
20250001 0.119333
20260001 0.117932
20270001 0.118929
20280001 0.118937
20290001 0.118255
20300001 0.119438
20310001 0.119064
20320001 0.118889
20330001 0.118852
20340001 0.119152
20350001 0.119263
20360001 0.118656
20370001 0.118536
20380001 0.118872
20390001 0.119093
20400001 0.119262
20410001 0.119569
20420001 0.119331
20430001 0.118377
20440001 0.118657
20450001 0.118585
20460001 0.117967
20470001 0.118638
20480001 0.119312
20490001 0.119692
20500001 0.118729
20510001 0.11905
20520001 0.119018
20530001 0.119176
20540001 0.119426
20550001 0.119204
20560001 0.119403
20570001 0.118459
20580001 0.117851
20590001 0.118649
20600001 0.118503
20610001 0.118981
20620001 0.119226
20630001 0.118509
20640001 0.118292
20650001 0.118608
20660001 0.118597
20670001 0.119566
20680001 0.119058
20690001 0.119021
20700001 0.118736
20710001 0.119071
20720001 0.118478
20730001 0.118929
20740001 0.11859
20750001 0.119361
20760001 0.119583
20770001 0.118479
20780001 0.118656
20790001 0.118973
20800001 0.118555
20810001 0.118314
20820001 0.118363
20830001 0.118564
20840001 0.118948
20850001 0.118755
20860001 0.118312
20870001 0.118362
20880001 0.119318
20890001 0.119136
20900001 0.119045
20910001 0.119698
20920001 0.118947
20930001 0.119042
20940001 0.118748
20950001 0.124614
20960001 0.119472
20970001 0.118316
20980001 0.118715
20990001 0.118659
21000001 0.118896
21010001 0.119257
21020001 0.118888
21030001 0.118386
21040001 0.118527
21050001 0.117774
21060001 0.119019
21070001 0.118693
21080001 0.118059
21090001 0.118678
21100001 0.118987
21110001 0.11919
21120001 0.118594
21130001 0.119801
21140001 0.118981
21150001 0.118839
21160001 0.119144
21170001 0.118658
21180001 0.119184
21190001 0.12062
21200001 0.119136
21210001 0.119849
21220001 0.118821
21230001 0.118715
21240001 0.118771
21250001 0.119087
21260001 0.12008
21270001 0.119558
21280001 0.119621
21290001 0.119767
21300001 0.119043
21310001 0.122397
21320001 0.118601
21330001 0.118616
21340001 0.119569
21350001 0.118583
21360001 0.118303
21370001 0.119471
21380001 0.118033
21390001 0.118106
21400001 0.11886
21410001 0.11885
21420001 0.119232
21430001 0.11908
21440001 0.119099
21450001 0.119042
21460001 0.118635
21470001 0.118855
21480001 0.118672
21490001 0.11943
21500001 0.119516
21510001 0.11891
21520001 0.118849
21530001 0.118548
21540001 0.11937
21550001 0.118618
21560001 0.118745
21570001 0.119855
21580001 0.118968
21590001 0.119502
21600001 0.119393
21610001 0.120138
21620001 0.11847
21630001 0.118308
21640001 0.118701
21650001 0.119209
21660001 0.118474
21670001 0.118634
21680001 0.118946
21690001 0.119553
21700001 0.120103
21710001 0.119333
21720001 0.120376
21730001 0.120257
21740001 0.118855
21750001 0.118246
21760001 0.119864
21770001 0.11958
21780001 0.119651
21790001 0.118708
21800001 0.118167
21810001 0.118435
21820001 0.119561
21830001 0.119558
21840001 0.118902
21850001 0.119645
21860001 0.118496
21870001 0.119424
21880001 0.118646
21890001 0.118373
21900001 0.117753
21910001 0.119199
21920001 0.119014
21930001 0.119174
21940001 0.119012
21950001 0.118766
21960001 0.118555
21970001 0.118369
21980001 0.118963
21990001 0.118715
22000001 0.119607
22010001 0.119442
22020001 0.118876
22030001 0.119027
22040001 0.11883
22050001 0.120136
22060001 0.119432
22070001 0.119133
22080001 0.119494
22090001 0.118714
22100001 0.118425
22110001 0.118912
22120001 0.119095
22130001 0.11889
22140001 0.118671
22150001 0.118649
22160001 0.118628
22170001 0.119484
22180001 0.118382
22190001 0.119111
22200001 0.119111
22210001 0.119005
22220001 0.118928
22230001 0.118761
22240001 0.1195
22250001 0.118853
22260001 0.120302
22270001 0.119286
22280001 0.119657
22290001 0.119131
22300001 0.119289
22310001 0.119665
22320001 0.119191
22330001 0.119246
22340001 0.119171
22350001 0.119073
22360001 0.119827
22370001 0.11879
22380001 0.118722
22390001 0.119071
22400001 0.119669
22410001 0.119638
22420001 0.119311
22430001 0.118829
22440001 0.119522
22450001 0.11923
22460001 0.118994
22470001 0.118672
22480001 0.119266
22490001 0.119249
22500001 0.119367
22510001 0.118378
22520001 0.118764
22530001 0.119357
22540001 0.118342
22550001 0.118513
22560001 0.119291
22570001 0.118474
22580001 0.118533
22590001 0.119246
22600001 0.119461
22610001 0.118997
22620001 0.119485
22630001 0.118602
22640001 0.119076
22650001 0.118267
22660001 0.118627
22670001 0.119644
22680001 0.119534
22690001 0.119329
22700001 0.118982
22710001 0.119332
22720001 0.120869
22730001 0.119986
22740001 0.11963
22750001 0.118732
22760001 0.118841
22770001 0.119027
22780001 0.118813
22790001 0.118863
22800001 0.118916
22810001 0.119697
22820001 0.119034
22830001 0.118149
22840001 0.117316
22850001 0.117853
22860001 0.117814
22870001 0.11886
22880001 0.118371
22890001 0.11855
22900001 0.118271
22910001 0.118974
22920001 0.119203
22930001 0.11885
22940001 0.118527
22950001 0.118864
22960001 0.118521
22970001 0.119544
22980001 0.119448
22990001 0.120046
23000001 0.119117
23010001 0.119367
23020001 0.118681
23030001 0.120238
23040001 0.118177
23050001 0.119764
23060001 0.119183
23070001 0.118891
23080001 0.118242
23090001 0.118945
23100001 0.120015
23110001 0.118544
23120001 0.118978
23130001 0.119632
23140001 0.119129
23150001 0.120117
23160001 0.120092
23170001 0.119194
23180001 0.119898
23190001 0.119114
23200001 0.119422
23210001 0.118233
23220001 0.11896
23230001 0.119202
23240001 0.122851
23250001 0.119501
23260001 0.118877
23270001 0.119088
23280001 0.119924
23290001 0.119378
23300001 0.120525
23310001 0.119543
23320001 0.119926
23330001 0.118797
23340001 0.119373
23350001 0.119421
23360001 0.118858
23370001 0.119628
23380001 0.119097
23390001 0.118841
23400001 0.118927
23410001 0.119719
23420001 0.119262
23430001 0.119234
23440001 0.119525
23450001 0.11919
23460001 0.119289
23470001 0.118839
23480001 0.118892
23490001 0.119301
23500001 0.118869
23510001 0.118469
23520001 0.118767
23530001 0.118519
23540001 0.119636
23550001 0.119784
23560001 0.11904
23570001 0.119263
23580001 0.119427
23590001 0.11858
23600001 0.118657
23610001 0.118806
23620001 0.118599
23630001 0.118745
23640001 0.119255
23650001 0.119163
23660001 0.119155
23670001 0.119506
23680001 0.11843
23690001 0.11984
23700001 0.120467
23710001 0.11892
23720001 0.118923
23730001 0.119168
23740001 0.119348
23750001 0.119596
23760001 0.119618
23770001 0.119674
23780001 0.119484
23790001 0.119656
23800001 0.119207
23810001 0.119267
23820001 0.119272
23830001 0.119317
23840001 0.119155
23850001 0.118801
23860001 0.119026
23870001 0.119439
23880001 0.119175
23890001 0.118503
23900001 0.118698
23910001 0.118694
23920001 0.118965
23930001 0.11832
23940001 0.119199
23950001 0.119766
23960001 0.119256
23970001 0.118835
23980001 0.118566
23990001 0.120103
24000001 0.119178
24010001 0.118871
24020001 0.118687
24030001 0.119678
24040001 0.119583
24050001 0.120232
24060001 0.11956
24070001 0.120471
24080001 0.119711
24090001 0.118404
24100001 0.119499
24110001 0.119853
24120001 0.119193
24130001 0.118963
24140001 0.119497
24150001 0.119226
24160001 0.119347
24170001 0.120068
24180001 0.12026
24190001 0.119092
24200001 0.118973
24210001 0.118897
24220001 0.119087
24230001 0.119606
24240001 0.119537
24250001 0.118492
24260001 0.119184
24270001 0.119105
24280001 0.118668
24290001 0.118604
24300001 0.118425
24310001 0.121589
24320001 0.119301
24330001 0.118618
24340001 0.119686
24350001 0.120191
24360001 0.11932
24370001 0.119425
24380001 0.119289
24390001 0.118846
24400001 0.119228
24410001 0.119299
24420001 0.119048
24430001 0.119891
24440001 0.118512
24450001 0.11952
24460001 0.119678
24470001 0.119618
24480001 0.119798
24490001 0.118585
24500001 0.119221
24510001 0.119211
24520001 0.119286
24530001 0.118875
24540001 0.119476
24550001 0.119237
24560001 0.119203
24570001 0.118782
24580001 0.119025
24590001 0.118561
24600001 0.11951
24610001 0.119566
24620001 0.118929
24630001 0.119068
24640001 0.119168
24650001 0.119244
24660001 0.11889
24670001 0.118941
24680001 0.119015
24690001 0.119327
24700001 0.118862
24710001 0.118359
24720001 0.11886
24730001 0.119304
24740001 0.119316
24750001 0.11892
24760001 0.119491
24770001 0.119228
24780001 0.118215
24790001 0.119086
24800001 0.118913
24810001 0.118863
24820001 0.118906
24830001 0.119254
24840001 0.119065
24850001 0.119703
24860001 0.119511
24870001 0.119598
24880001 0.119624
24890001 0.119675
24900001 0.118673
24910001 0.118882
24920001 0.119284
24930001 0.119668
24940001 0.119369
24950001 0.119975
24960001 0.120563
24970001 0.120589
24980001 0.119937
24990001 0.119431
25000001 0.119699
25010001 0.120048
25020001 0.119581
25030001 0.120743
25040001 0.119366
25050001 0.119515
25060001 0.120174
25070001 0.119595
25080001 0.119783
25090001 0.11912
25100001 0.11912
25110001 0.119127
25120001 0.120302
25130001 0.119273
25140001 0.118731
25150001 0.118721
25160001 0.118481
25170001 0.119114
25180001 0.119649
25190001 0.119222
25200001 0.118967
25210001 0.119069
25220001 0.119725
25230001 0.119314
25240001 0.120416
25250001 0.119254
25260001 0.118817
25270001 0.11893
25280001 0.119
25290001 0.11858
25300001 0.119222
25310001 0.119839
25320001 0.120492
25330001 0.118721
25340001 0.119759
25350001 0.119551
25360001 0.118723
25370001 0.119066
25380001 0.119471
25390001 0.118385
25400001 0.120044
25410001 0.119125
25420001 0.119466
25430001 0.119218
25440001 0.119174
25450001 0.119213
25460001 0.118698
25470001 0.118982
25480001 0.119134
25490001 0.11988
25500001 0.119352
25510001 0.119081
25520001 0.119182
25530001 0.119306
25540001 0.118857
25550001 0.119375
25560001 0.120369
25570001 0.119668
25580001 0.119246
25590001 0.120416
25600001 0.119374
25610001 0.119079
25620001 0.119702
25630001 0.119189
25640001 0.120184
25650001 0.119585
25660001 0.119488
25670001 0.119066
25680001 0.119209
25690001 0.119495
25700001 0.118942
25710001 0.118968
25720001 0.119197
25730001 0.118434
25740001 0.118468
25750001 0.119067
25760001 0.119003
25770001 0.118622
25780001 0.11864
25790001 0.117744
25800001 0.118046
25810001 0.119325
25820001 0.11865
25830001 0.118798
25840001 0.118836
25850001 0.119903
25860001 0.11921
25870001 0.11895
25880001 0.118877
25890001 0.119987
25900001 0.119182
25910001 0.119344
25920001 0.119099
25930001 0.118234
25940001 0.119159
25950001 0.119132
25960001 0.119522
25970001 0.119517
25980001 0.119752
25990001 0.12008
26000001 0.119065
26010001 0.119115
26020001 0.120427
26030001 0.120745
26040001 0.119643
26050001 0.118719
26060001 0.118839
26070001 0.119854
26080001 0.119773
26090001 0.119198
26100001 0.119417
26110001 0.119339
26120001 0.118263
26130001 0.120342
26140001 0.119529
26150001 0.119487
26160001 0.11868
26170001 0.118465
26180001 0.118988
26190001 0.119707
26200001 0.124337
26210001 0.119547
26220001 0.119625
26230001 0.119186
26240001 0.118814
26250001 0.118898
26260001 0.11843
26270001 0.119017
26280001 0.118532
26290001 0.118963
26300001 0.118792
26310001 0.119098
26320001 0.119192
26330001 0.118645
26340001 0.118977
26350001 0.118803
26360001 0.119473
26370001 0.118729
26380001 0.118248
26390001 0.118626
26400001 0.118776
26410001 0.118162
26420001 0.119062
26430001 0.119394
26440001 0.119532
26450001 0.119382
26460001 0.119222
26470001 0.119097
26480001 0.121841
26490001 0.120025
26500001 0.119033
26510001 0.118395
26520001 0.119186
26530001 0.118849
26540001 0.118884
26550001 0.118639
26560001 0.118392
26570001 0.119371
26580001 0.119057
26590001 0.119561
26600001 0.119641
26610001 0.119736
26620001 0.119521
26630001 0.119609
26640001 0.118954
26650001 0.118252
26660001 0.118205
26670001 0.119042
26680001 0.119368
26690001 0.119077
26700001 0.119076
26710001 0.119449
26720001 0.119174
26730001 0.120716
26740001 0.120032
26750001 0.119293
26760001 0.120427
26770001 0.119219
26780001 0.119375
26790001 0.119486
26800001 0.120045
26810001 0.119628
26820001 0.119921
26830001 0.119115
26840001 0.119689
26850001 0.120499
26860001 0.119434
26870001 0.118131
26880001 0.1185
26890001 0.119821
26900001 0.119404
26910001 0.119239
26920001 0.120046
26930001 0.119596
26940001 0.118561
26950001 0.118898
26960001 0.119614
26970001 0.121338
26980001 0.119622
26990001 0.119995
27000001 0.119024
27010001 0.118822
27020001 0.118975
27030001 0.119854
27040001 0.119103
27050001 0.119414
27060001 0.119152
27070001 0.119524
27080001 0.118929
27090001 0.118959
27100001 0.118793
27110001 0.119496
27120001 0.119034
27130001 0.118736
27140001 0.118398
27150001 0.119438
27160001 0.119591
27170001 0.118867
27180001 0.119897
27190001 0.11899
27200001 0.120045
27210001 0.11884
27220001 0.11893
27230001 0.118796
27240001 0.119178
27250001 0.119017
27260001 0.118572
27270001 0.118495
27280001 0.118869
27290001 0.120225
27300001 0.119429
27310001 0.119376
27320001 0.119019
27330001 0.118985
27340001 0.11997
27350001 0.119767
27360001 0.118786
27370001 0.118779
27380001 0.118978
27390001 0.119182
27400001 0.119635
27410001 0.118497
27420001 0.119021
27430001 0.119554
27440001 0.121339
27450001 0.11926
27460001 0.119678
27470001 0.119507
27480001 0.118897
27490001 0.119101
27500001 0.118604
27510001 0.11853
27520001 0.119062
27530001 0.119432
27540001 0.119426
27550001 0.119383
27560001 0.118871
27570001 0.11965
27580001 0.119544
27590001 0.119406
27600001 0.119066
27610001 0.119762
27620001 0.120064
27630001 0.119145
27640001 0.119192
27650001 0.11888
27660001 0.118479
27670001 0.11815
27680001 0.118403
27690001 0.118833
27700001 0.118231
27710001 0.118791
27720001 0.119181
27730001 0.118556
27740001 0.119361
27750001 0.118324
27760001 0.11874
27770001 0.11909
27780001 0.119254
27790001 0.118727
27800001 0.119417
27810001 0.119336
27820001 0.118944
27830001 0.118916
27840001 0.118758
27850001 0.118873
27860001 0.118474
27870001 0.118347
27880001 0.119535
27890001 0.118898
27900001 0.118603
27910001 0.119187
27920001 0.118133
27930001 0.118678
27940001 0.119046
27950001 0.118868
27960001 0.11902
27970001 0.119094
27980001 0.119312
27990001 0.118587
28000001 0.119177
28010001 0.119497
28020001 0.119604
28030001 0.119104
28040001 0.119489
28050001 0.119556
28060001 0.11972
28070001 0.119049
28080001 0.119243
28090001 0.119178
28100001 0.119551
28110001 0.120002
28120001 0.119081
28130001 0.119282
28140001 0.119901
28150001 0.119088
28160001 0.118867
28170001 0.119575
28180001 0.119104
28190001 0.118664
28200001 0.11881
28210001 0.119154
28220001 0.118696
28230001 0.118841
28240001 0.119386
28250001 0.119792
28260001 0.119549
28270001 0.119751
28280001 0.119703
28290001 0.119981
28300001 0.119571
28310001 0.118578
28320001 0.119504
28330001 0.118903
28340001 0.119115
28350001 0.119737
28360001 0.11972
28370001 0.11941
28380001 0.119126
28390001 0.119262
28400001 0.119179
28410001 0.119555
28420001 0.119209
28430001 0.119954
28440001 0.119411
28450001 0.119837
28460001 0.119182
28470001 0.119125
28480001 0.119854
28490001 0.119684
28500001 0.119066
28510001 0.119016
28520001 0.118674
28530001 0.11892
28540001 0.119844
28550001 0.120411
28560001 0.119889
28570001 0.120691
28580001 0.120928
28590001 0.119528
28600001 0.119025
28610001 0.119518
28620001 0.120333
28630001 0.119708
28640001 0.119655
28650001 0.11917
28660001 0.119824
28670001 0.120372
28680001 0.119536
28690001 0.11928
28700001 0.118713
28710001 0.120362
28720001 0.119534
28730001 0.11986
28740001 0.119654
28750001 0.119044
28760001 0.119192
28770001 0.119696
28780001 0.119675
28790001 0.119576
28800001 0.119903
28810001 0.119701
28820001 0.119605
28830001 0.119446
28840001 0.119448
28850001 0.120063
28860001 0.119399
28870001 0.119639
28880001 0.119224
28890001 0.118749
28900001 0.118602
28910001 0.118838
28920001 0.119459
28930001 0.119502
28940001 0.118852
28950001 0.118881
28960001 0.119707
28970001 0.119442
28980001 0.119221
28990001 0.118695
29000001 0.11867
29010001 0.119346
29020001 0.118803
29030001 0.118658
29040001 0.119657
29050001 0.119336
29060001 0.119364
29070001 0.119858
29080001 0.119845
29090001 0.119242
29100001 0.119306
29110001 0.118993
29120001 0.118079
29130001 0.118637
29140001 0.119693
29150001 0.119066
29160001 0.118132
29170001 0.11933
29180001 0.118634
29190001 0.119333
29200001 0.119289
29210001 0.119462
29220001 0.119417
29230001 0.11877
29240001 0.119094
29250001 0.118643
29260001 0.119059
29270001 0.119933
29280001 0.119387
29290001 0.119109
29300001 0.119122
29310001 0.119272
29320001 0.118989
29330001 0.119259
29340001 0.118937
29350001 0.119394
29360001 0.119239
29370001 0.119614
29380001 0.118797
29390001 0.118344
29400001 0.11948
29410001 0.120032
29420001 0.118984
29430001 0.118785
29440001 0.118263
29450001 0.119137
29460001 0.118914
29470001 0.118999
29480001 0.119371
29490001 0.119781
29500001 0.119092
29510001 0.119053
29520001 0.119525
29530001 0.119103
29540001 0.117859
29550001 0.118904
29560001 0.118721
29570001 0.118704
29580001 0.119366
29590001 0.119016
29600001 0.11948
29610001 0.119579
29620001 0.118988
29630001 0.119026
29640001 0.118793
29650001 0.118649
29660001 0.118856
29670001 0.119068
29680001 0.118824
29690001 0.119677
29700001 0.11947
29710001 0.119315
29720001 0.119
29730001 0.119524
29740001 0.119261
29750001 0.118153
29760001 0.1195
29770001 0.119407
29780001 0.118703
29790001 0.119938
29800001 0.11939
29810001 0.118268
29820001 0.11936
29830001 0.118552
29840001 0.119325
29850001 0.118555
29860001 0.119492
29870001 0.118977
29880001 0.119749
29890001 0.119133
29900001 0.119051
29910001 0.119607
29920001 0.11992
29930001 0.120421
29940001 0.118142
29950001 0.119133
29960001 0.118865
29970001 0.119713
29980001 0.119679
29990001 0.118568
