1 7.85662
1001 3.73551
2001 2.44289
3001 1.81026
4001 1.41799
5001 1.15908
6001 0.984181
7001 0.852177
8001 0.74358
9001 0.657228
10001 0.588048
11001 0.532411
12001 0.486532
13001 0.445757
14001 0.411921
15001 0.380298
16001 0.353201
17001 0.326044
18001 0.303143
19001 0.282632
20001 0.26423
21001 0.24768
22001 0.231666
23001 0.217523
24001 0.204682
25001 0.192342
26001 0.181444
27001 0.17105
28001 0.162141
29001 0.153813
30001 0.145952
31001 0.139063
32001 0.132704
33001 0.126629
34001 0.121043
35001 0.115765
36001 0.111036
37001 0.106582
38001 0.102227
39001 0.0981717
40001 0.0944291
41001 0.090977
42001 0.0878977
43001 0.0848125
44001 0.0818731
45001 0.0794574
46001 0.0770442
47001 0.0745441
48001 0.0723438
49001 0.0703371
50001 0.068525
51001 0.0666377
52001 0.0647898
53001 0.0633412
54001 0.0617049
55001 0.060258
56001 0.0588961
57001 0.0574288
58001 0.0562646
59001 0.0550859
60001 0.0538621
61001 0.0527556
62001 0.0517277
63001 0.0507168
64001 0.0497975
65001 0.0489697
66001 0.048092
67001 0.0470714
68001 0.0461136
69001 0.045324
70001 0.0447367
71001 0.0439388
72001 0.0431308
73001 0.0425312
74001 0.0420137
75001 0.0410951
76001 0.040377
77001 0.0397839
78001 0.0390745
79001 0.0387833
80001 0.0380189
81001 0.0374333
82001 0.0370596
83001 0.0363274
84001 0.0362583
85001 0.03572
86001 0.0352396
87001 0.0348228
88001 0.0343516
89001 0.0339754
90001 0.0337058
91001 0.0332868
92001 0.0327795
93001 0.0324652
94001 0.0322517
95001 0.0318736
96001 0.0315858
97001 0.031301
98001 0.0307385
99001 0.0306593
100001 0.0302562
101001 0.0299194
102001 0.0299248
103001 0.0296147
104001 0.0294648
105001 0.0293312
106001 0.0292888
107001 0.0287658
108001 0.0286795
109001 0.0282631
110001 0.0284247
111001 0.0277984
112001 0.0276879
113001 0.0273734
114001 0.027212
115001 0.0269668
116001 0.0268094
117001 0.0266534
118001 0.0266918
119001 0.026254
120001 0.026203
121001 0.0259888
122001 0.0256878
123001 0.0255815
124001 0.0253839
125001 0.0253372
126001 0.0250559
127001 0.0249364
128001 0.0248635
129001 0.0248076
130001 0.0245172
131001 0.0246536
132001 0.0243674
133001 0.0241853
134001 0.024101
135001 0.0240152
136001 0.0237942
137001 0.0239666
138001 0.0235296
139001 0.0236184
140001 0.0234761
141001 0.0236057
142001 0.0236702
143001 0.0231043
144001 0.0233125
145001 0.0234398
146001 0.0231015
147001 0.0225272
148001 0.0231448
149001 0.0229589
150001 0.0226219
151001 0.0226719
152001 0.0225728
153001 0.0225675
154001 0.0222667
155001 0.0224813
156001 0.0219413
157001 0.0219729
158001 0.0220362
159001 0.0220594
160001 0.0219717
161001 0.0218125
162001 0.0220359
163001 0.021782
164001 0.0217837
165001 0.0219397
166001 0.0217973
167001 0.0213999
168001 0.0216682
169001 0.0214932
170001 0.0215395
171001 0.0214783
172001 0.021611
173001 0.0217029
174001 0.0215219
175001 0.0215266
176001 0.021381
177001 0.0212841
178001 0.0210707
179001 0.0209113
180001 0.0209179
181001 0.0212191
182001 0.0210378
183001 0.0208558
184001 0.0206334
185001 0.0207676
186001 0.0211727
187001 0.0213637
188001 0.02113
189001 0.0209141
190001 0.0207769
191001 0.0209651
192001 0.0209144
193001 0.0209619
194001 0.0214872
195001 0.0212275
196001 0.0209974
197001 0.0207595
198001 0.0210821
199001 0.0209821
200001 0.0209294
201001 0.0208551
202001 0.0206713
203001 0.0206672
204001 0.0206419
205001 0.020795
206001 0.0207062
207001 0.0208068
208001 0.0206187
209001 0.0209416
210001 0.0203922
211001 0.0204386
212001 0.0200897
213001 0.0201885
214001 0.0203042
215001 0.0204918
216001 0.0205724
217001 0.0204303
218001 0.0202849
219001 0.0202276
220001 0.0201614
221001 0.0202636
222001 0.0198395
223001 0.0195579
224001 0.0196607
225001 0.0199873
226001 0.0203036
227001 0.0200159
228001 0.0200025
229001 0.0200995
230001 0.0202876
231001 0.0200938
232001 0.0201916
233001 0.0201002
234001 0.0202237
235001 0.0198657
236001 0.0205396
237001 0.019962
238001 0.0198082
239001 0.019978
240001 0.020025
241001 0.0198104
242001 0.019757
243001 0.0197216
244001 0.0195604
245001 0.0196123
246001 0.0197737
247001 0.0196531
248001 0.0196179
249001 0.0194241
250001 0.0199657
251001 0.0196678
252001 0.0195309
253001 0.0200075
254001 0.020082
255001 0.0197581
256001 0.0197138
257001 0.0199132
258001 0.0198369
259001 0.0194987
260001 0.0195486
261001 0.0198271
262001 0.0199041
263001 0.0198134
264001 0.0198331
265001 0.0196258
266001 0.0194571
267001 0.0194648
268001 0.0200332
269001 0.0199141
270001 0.0199803
271001 0.0194969
272001 0.0198997
273001 0.0196836
274001 0.0196993
275001 0.019886
276001 0.0196549
277001 0.0197489
278001 0.0196878
279001 0.0199195
280001 0.0201401
281001 0.0196865
282001 0.0198319
283001 0.019908
284001 0.019641
285001 0.0197208
286001 0.019693
287001 0.019561
288001 0.0195939
289001 0.0199096
290001 0.019641
291001 0.0196756
292001 0.0196288
293001 0.0194911
294001 0.0197054
295001 0.0196188
296001 0.0196624
297001 0.0196558
298001 0.0202563
299001 0.0191259
300001 0.0196212
301001 0.0200057
302001 0.0197732
303001 0.0194581
304001 0.0194845
305001 0.0198511
306001 0.0198032
307001 0.0194876
308001 0.0195333
309001 0.019266
310001 0.0192898
311001 0.0196213
312001 0.0196184
313001 0.0199777
314001 0.0193706
315001 0.0197544
316001 0.0192217
317001 0.019167
318001 0.0196563
319001 0.0193783
320001 0.0192907
321001 0.0190641
322001 0.0196364
323001 0.0194698
324001 0.0193893
325001 0.0194124
326001 0.0193337
327001 0.019621
328001 0.0200115
329001 0.0197169
330001 0.0197084
331001 0.0204893
332001 0.0195827
333001 0.0192655
334001 0.0197704
335001 0.0192508
336001 0.0194993
337001 0.0190093
338001 0.0192874
339001 0.0194598
340001 0.019229
341001 0.0192347
342001 0.0190254
343001 0.0191573
344001 0.0194763
345001 0.0187653
346001 0.0189303
347001 0.0194574
348001 0.0192354
349001 0.0195987
350001 0.0193043
351001 0.0193087
352001 0.0196058
353001 0.0197009
354001 0.0195622
355001 0.0193987
356001 0.0194811
357001 0.0194083
358001 0.0197205
359001 0.0194351
360001 0.0191722
361001 0.0193608
362001 0.0194948
363001 0.0194335
364001 0.0194159
365001 0.0190186
366001 0.0195407
367001 0.0193073
368001 0.0194264
369001 0.0192416
370001 0.0197117
371001 0.0195589
372001 0.0196811
373001 0.0196874
374001 0.0190662
375001 0.0193368
376001 0.0193239
377001 0.018936
378001 0.0194385
379001 0.0191918
380001 0.0191476
381001 0.0192742
382001 0.0196394
383001 0.0194168
384001 0.0193253
385001 0.0190726
386001 0.0193865
387001 0.0194938
388001 0.0191841
389001 0.0194504
390001 0.0192881
391001 0.0196751
392001 0.01958
393001 0.0195049
394001 0.019666
395001 0.0194102
396001 0.0191534
397001 0.0190096
398001 0.0192569
399001 0.0191769
400001 0.0192684
401001 0.0192489
402001 0.0193251
403001 0.0191917
404001 0.019175
405001 0.0195036
406001 0.0195295
407001 0.0193004
408001 0.0191608
409001 0.0192383
410001 0.0190777
411001 0.0191463
412001 0.0194756
413001 0.0190092
414001 0.0193152
415001 0.0192372
416001 0.0192049
417001 0.0192258
418001 0.0193401
419001 0.0189876
420001 0.0190236
421001 0.0192619
422001 0.0192775
423001 0.0193595
424001 0.0193743
425001 0.0188314
426001 0.0188072
427001 0.0191089
428001 0.018919
429001 0.0190916
430001 0.0190135
431001 0.0189062
432001 0.0188489
433001 0.0190521
434001 0.019132
435001 0.0194814
436001 0.0191444
437001 0.0194955
438001 0.0191903
439001 0.0190236
440001 0.019611
441001 0.0191286
442001 0.0193747
443001 0.0192596
444001 0.0195411
445001 0.0193012
446001 0.0192954
447001 0.0196755
448001 0.0193754
449001 0.0195895
450001 0.0194029
451001 0.0195521
452001 0.0195653
453001 0.0197709
454001 0.0196455
455001 0.0193635
456001 0.0194898
457001 0.0194118
458001 0.0195984
459001 0.0196427
460001 0.019053
461001 0.01918
462001 0.0193775
463001 0.0191788
464001 0.0191488
465001 0.0191584
466001 0.0190023
467001 0.0192464
468001 0.0192856
469001 0.0191975
470001 0.0193599
471001 0.0197774
472001 0.0191352
473001 0.0191848
474001 0.0191481
475001 0.0189484
476001 0.0189714
477001 0.0193146
478001 0.0194079
479001 0.0192324
480001 0.019254
481001 0.0191712
482001 0.0191038
483001 0.0190813
484001 0.0194902
485001 0.0190561
486001 0.0191265
487001 0.0191818
488001 0.0195583
489001 0.0194343
490001 0.0191522
491001 0.0190221
492001 0.0187643
493001 0.0191223
494001 0.0188847
495001 0.0187515
496001 0.0187897
497001 0.0185952
498001 0.0184674
499001 0.0188135
