1 946.379
10001 48.8275
20001 23.4556
30001 15.7809
40001 12.8979
50001 11.4564
60001 10.6044
70001 10.1226
80001 9.72658
90001 9.58632
100001 9.35841
110001 14.24
120001 10.2305
130001 9.34319
140001 9.30132
150001 9.07057
160001 9.01809
170001 9.01939
180001 9.03253
190001 8.90998
200001 8.93203
210001 8.8933
220001 8.88691
230001 8.87678
240001 9.03828
250001 8.87984
260001 8.82701
270001 8.85655
280001 8.84013
290001 8.86713
300001 8.88338
310001 8.86959
320001 8.90162
330001 8.83476
340001 8.81759
350001 8.75576
360001 8.80535
370001 8.82633
380001 8.9297
390001 8.86745
400001 8.84308
410001 8.80004
420001 8.87197
430001 8.79276
440001 8.88689
450001 8.85441
460001 8.84788
470001 8.78086
480001 8.77696
490001 8.84587
500001 8.85347
510001 8.85786
520001 8.84339
530001 8.80425
540001 8.82963
550001 8.75492
560001 8.79042
570001 8.90219
580001 8.8238
590001 8.82128
600001 8.79294
610001 8.78505
620001 8.83836
630001 8.82279
640001 8.83214
650001 8.8836
660001 8.85588
670001 8.78158
680001 8.83542
690001 8.87499
700001 8.7692
710001 8.81904
720001 8.85835
730001 8.82536
740001 8.8146
750001 8.87589
760001 8.77278
770001 8.85568
780001 8.83363
790001 8.85093
800001 8.87233
810001 8.85386
820001 8.83066
830001 8.83255
840001 8.7404
850001 8.81938
860001 8.8474
870001 8.82251
880001 8.84456
890001 8.82842
900001 8.86585
910001 8.83871
920001 8.86598
930001 8.87036
940001 8.84015
950001 8.77013
960001 8.87537
970001 8.82141
980001 8.82359
990001 8.77552
1000001 8.8112
1010001 8.81266
1020001 8.85706
1030001 8.93451
1040001 8.82767
1050001 8.86973
1060001 8.82721
1070001 8.8025
1080001 8.81443
1090001 8.82991
1100001 8.86494
1110001 8.8945
1120001 8.82054
1130001 8.88002
1140001 8.82638
1150001 8.82887
1160001 8.8821
1170001 8.90198
1180001 8.85502
1190001 8.90259
1200001 8.83627
1210001 8.85244
1220001 8.78919
1230001 8.83235
1240001 8.88056
1250001 8.79558
1260001 8.81811
1270001 8.84665
1280001 8.86319
1290001 8.8172
1300001 8.81085
1310001 8.86111
1320001 8.8255
1330001 8.8433
1340001 8.82256
1350001 8.77154
1360001 8.86221
1370001 8.79143
1380001 8.71261
1390001 8.79074
1400001 8.82295
1410001 8.75955
1420001 8.80947
1430001 8.86622
1440001 8.77813
1450001 8.84678
1460001 8.73863
1470001 8.84381
1480001 8.79978
1490001 8.8637
1500001 8.84088
1510001 8.79067
1520001 8.76451
1530001 9.0066
1540001 9.16828
1550001 8.9048
1560001 8.82865
1570001 8.83366
1580001 8.85905
1590001 8.76121
1600001 8.86792
1610001 8.86925
1620001 8.81929
1630001 8.88257
1640001 8.79999
1650001 8.76878
1660001 8.81316
1670001 8.81851
1680001 8.83522
1690001 8.76478
1700001 8.81919
1710001 8.81651
1720001 8.78104
1730001 8.82456
1740001 8.85438
1750001 8.82911
1760001 8.8077
1770001 8.83432
1780001 8.89451
1790001 8.81625
1800001 8.86107
1810001 8.83993
1820001 8.8207
1830001 8.7907
1840001 8.81156
1850001 8.81667
1860001 8.77122
1870001 8.80101
1880001 8.81691
1890001 8.81065
1900001 8.88837
1910001 8.81847
1920001 8.83467
1930001 8.85923
1940001 8.80905
1950001 8.85377
1960001 8.8008
1970001 8.79809
1980001 8.8179
1990001 8.76585
2000001 8.81921
2010001 8.90198
2020001 8.88766
2030001 8.80361
2040001 8.85199
2050001 8.8571
2060001 8.84335
2070001 8.87167
2080001 8.86899
2090001 8.85043
2100001 8.85406
2110001 8.83871
2120001 8.813
2130001 8.85109
2140001 8.85158
2150001 8.8925
2160001 8.83514
2170001 8.78198
2180001 8.78208
2190001 8.82796
2200001 8.81124
2210001 8.83671
2220001 8.8028
2230001 8.8553
2240001 8.79715
2250001 8.85204
2260001 8.89479
2270001 8.85729
2280001 8.84864
2290001 8.86803
2300001 8.82205
2310001 8.81827
2320001 8.84092
2330001 8.83035
2340001 8.83777
2350001 8.85474
2360001 8.82288
2370001 8.78602
2380001 8.83672
2390001 8.79549
2400001 8.83797
2410001 8.90872
2420001 8.84977
2430001 8.91521
2440001 8.80274
2450001 8.7425
2460001 8.84143
2470001 8.80796
2480001 8.86971
2490001 8.79029
2500001 8.85138
2510001 8.793
2520001 8.86091
2530001 8.79939
2540001 8.88141
2550001 8.86716
2560001 8.84737
2570001 8.86897
2580001 8.79206
2590001 8.78029
2600001 8.85289
2610001 8.78581
2620001 8.83119
2630001 8.84454
2640001 8.79865
2650001 8.87526
2660001 8.82092
2670001 8.80375
2680001 8.81969
2690001 8.87297
2700001 8.81396
2710001 8.9662
2720001 8.85135
2730001 8.84279
2740001 8.75622
2750001 8.79055
2760001 8.7993
2770001 8.82057
2780001 8.82184
2790001 8.76792
2800001 8.76759
2810001 8.84165
2820001 8.87958
2830001 8.83783
2840001 8.84366
2850001 8.79924
2860001 8.77604
2870001 8.80757
2880001 8.80394
2890001 8.77779
2900001 8.80705
2910001 8.83624
2920001 8.83773
2930001 8.85421
2940001 8.82912
2950001 8.80456
2960001 8.79502
2970001 8.83881
2980001 8.81621
2990001 8.80421
3000001 8.7953
3010001 8.83431
3020001 8.86733
3030001 8.81803
3040001 8.82286
3050001 8.83551
3060001 8.8523
3070001 8.83858
3080001 8.79902
3090001 8.79788
3100001 8.72858
3110001 8.80819
3120001 8.89621
3130001 8.76231
3140001 8.8674
3150001 8.85646
3160001 8.88667
3170001 8.81975
3180001 8.81351
3190001 8.80112
3200001 8.81668
3210001 8.81842
3220001 8.75676
3230001 8.7859
3240001 8.76876
3250001 8.85668
3260001 8.82764
3270001 8.76289
3280001 8.7917
3290001 8.82217
3300001 8.89007
3310001 8.7795
3320001 8.87351
3330001 8.8238
3340001 8.81841
3350001 8.86025
3360001 8.74895
3370001 8.82802
3380001 8.77889
3390001 8.7876
3400001 8.83576
3410001 8.85331
3420001 8.83835
3430001 8.80067
3440001 8.81764
3450001 8.84313
3460001 8.78212
3470001 8.8235
3480001 8.82073
3490001 8.78993
3500001 8.81434
3510001 8.8248
3520001 8.81832
3530001 8.85714
3540001 8.8101
3550001 8.88988
3560001 8.85343
3570001 8.81615
3580001 8.78665
3590001 8.81425
3600001 8.83599
3610001 8.83594
3620001 8.76358
3630001 8.82687
3640001 8.82221
3650001 8.79389
3660001 8.85056
3670001 8.85922
3680001 8.78663
3690001 8.81859
3700001 8.85121
3710001 8.79629
3720001 8.78411
3730001 8.81557
3740001 8.87922
3750001 8.79154
3760001 8.80964
3770001 8.74768
3780001 8.80368
3790001 8.91573
3800001 8.84004
3810001 8.78544
3820001 8.80645
3830001 8.87844
3840001 8.81402
3850001 8.80952
3860001 8.73437
3870001 8.82263
3880001 8.82388
3890001 8.82074
3900001 8.85973
3910001 8.85425
3920001 8.83997
3930001 8.777
3940001 8.80788
3950001 8.87992
3960001 8.80756
3970001 8.77817
3980001 8.81152
3990001 8.86583
4000001 8.89214
4010001 8.81525
4020001 8.87914
4030001 8.82215
4040001 8.83098
4050001 8.77409
4060001 8.78758
4070001 8.86807
4080001 8.78555
4090001 8.81733
4100001 8.88373
4110001 8.85301
4120001 8.81915
4130001 8.82365
4140001 8.86393
4150001 8.86217
4160001 8.8313
4170001 8.79598
4180001 8.82825
4190001 8.80598
4200001 8.86683
4210001 8.87533
4220001 8.86082
4230001 8.85914
4240001 8.87265
4250001 8.81376
4260001 8.81629
4270001 8.8008
4280001 8.82364
4290001 8.78571
4300001 8.8513
4310001 8.83408
4320001 8.82733
4330001 8.90767
4340001 8.81271
4350001 8.80995
4360001 8.81382
4370001 8.82799
4380001 8.85081
4390001 8.83649
4400001 8.77934
4410001 8.84861
4420001 8.8527
4430001 8.8024
4440001 8.92163
4450001 8.83475
4460001 8.8421
4470001 8.81512
4480001 8.79065
4490001 8.85105
4500001 8.83491
4510001 8.80916
4520001 8.82299
4530001 8.85573
4540001 8.77162
4550001 8.81725
4560001 8.84872
4570001 8.85914
4580001 8.81374
4590001 8.8627
4600001 8.92988
4610001 8.89789
4620001 8.80503
4630001 8.81231
4640001 8.85901
4650001 8.90015
4660001 8.82403
4670001 8.8681
4680001 8.85204
4690001 8.8478
4700001 8.85868
4710001 8.81423
4720001 8.91081
4730001 8.90873
4740001 8.76407
4750001 8.8062
4760001 8.83319
4770001 8.82785
4780001 8.78732
4790001 8.85012
4800001 8.89977
4810001 8.85866
4820001 8.84162
4830001 8.86354
4840001 8.81353
4850001 8.86279
4860001 8.79364
4870001 8.74667
4880001 8.73603
4890001 8.83657
4900001 8.7466
4910001 8.76134
4920001 8.80033
4930001 8.82604
4940001 8.82919
4950001 8.8264
4960001 8.867
4970001 8.76586
4980001 8.89218
4990001 8.81264
5000001 8.86552
5010001 8.87185
5020001 8.78099
5030001 8.83911
5040001 8.79781
5050001 8.83015
5060001 8.783
5070001 8.77103
5080001 8.84066
5090001 8.75909
5100001 8.84095
5110001 8.8403
5120001 8.83941
5130001 8.8217
5140001 8.7658
5150001 8.83048
5160001 8.94708
5170001 8.8127
5180001 8.82916
5190001 8.855
5200001 8.78682
5210001 8.81764
5220001 8.74962
5230001 8.8133
5240001 8.81383
5250001 8.8507
5260001 8.82069
5270001 8.83775
5280001 8.88136
5290001 8.82125
5300001 8.7767
5310001 8.74438
5320001 8.77147
5330001 8.87564
5340001 8.85968
5350001 8.79496
5360001 8.83271
5370001 8.86648
5380001 8.82247
5390001 8.8064
5400001 8.80333
5410001 8.80038
5420001 8.85574
5430001 8.84765
5440001 8.84627
5450001 8.85624
5460001 8.83027
5470001 8.86945
5480001 8.84099
5490001 8.79652
5500001 8.84705
5510001 8.84667
5520001 8.84401
5530001 8.76777
5540001 8.80341
5550001 8.8137
5560001 8.844
5570001 8.8971
5580001 8.80375
5590001 8.82051
5600001 8.83605
5610001 8.78235
5620001 8.85085
5630001 8.86137
5640001 8.80184
5650001 8.78779
5660001 8.85241
5670001 8.84902
5680001 8.82282
5690001 8.85534
5700001 8.81937
5710001 8.86878
5720001 8.84202
5730001 8.84374
5740001 8.8913
5750001 8.85434
5760001 8.80929
5770001 8.80886
5780001 8.83139
5790001 8.74452
5800001 8.83861
5810001 8.76214
5820001 8.8262
5830001 8.82986
5840001 8.85506
5850001 8.8581
5860001 8.83638
5870001 8.76868
5880001 8.81766
5890001 8.85602
5900001 8.8482
5910001 8.86497
5920001 8.84735
5930001 8.82948
5940001 8.85483
5950001 8.86774
5960001 8.80916
5970001 8.86068
5980001 8.78021
5990001 8.78908
6000001 8.78848
6010001 8.82909
6020001 8.85296
6030001 8.82206
6040001 8.82254
6050001 8.79313
6060001 8.88816
6070001 8.80561
6080001 8.83811
6090001 8.83676
6100001 8.84727
6110001 8.8522
6120001 8.80799
6130001 8.78918
6140001 8.85383
6150001 8.83945
6160001 8.81015
6170001 8.80009
6180001 8.81894
6190001 8.79267
6200001 8.76784
6210001 9.03747
6220001 8.79138
6230001 8.79364
6240001 8.82584
6250001 8.84824
6260001 8.77916
6270001 8.89359
6280001 8.88031
6290001 8.879
6300001 8.83363
6310001 8.81288
6320001 8.74686
6330001 8.86056
6340001 8.81948
6350001 8.85164
6360001 8.80606
6370001 8.84062
6380001 8.86168
6390001 8.84939
6400001 8.76454
6410001 8.84561
6420001 8.82781
6430001 8.7649
6440001 8.8013
6450001 8.83409
6460001 8.73234
6470001 8.86437
6480001 8.84692
6490001 8.76392
6500001 8.81313
6510001 8.85102
6520001 8.81603
6530001 8.84711
6540001 8.86205
6550001 8.83889
6560001 8.82505
6570001 8.82739
6580001 8.78157
6590001 8.77733
6600001 8.79109
6610001 8.80863
6620001 8.79583
6630001 8.83336
6640001 8.82284
6650001 8.85579
6660001 8.84619
6670001 8.78098
6680001 8.9168
6690001 8.77096
6700001 8.73691
6710001 8.89678
6720001 8.82852
6730001 8.89923
6740001 8.819
6750001 8.87049
6760001 8.77999
6770001 8.80655
6780001 8.83019
6790001 8.81102
6800001 8.8678
6810001 8.84661
6820001 8.77954
6830001 8.87406
6840001 8.86367
6850001 8.84813
6860001 8.78846
6870001 8.84659
6880001 8.83914
6890001 8.79193
6900001 8.77853
6910001 8.81141
6920001 8.77049
6930001 8.84282
6940001 8.78229
6950001 8.82258
6960001 8.79143
6970001 8.77893
6980001 8.91546
6990001 8.78625
7000001 8.82354
7010001 8.84837
7020001 8.88343
7030001 8.81855
7040001 8.76444
7050001 8.85119
7060001 8.81429
7070001 8.85803
7080001 8.88193
7090001 8.79293
7100001 8.81549
7110001 8.85763
7120001 8.88621
7130001 8.83164
7140001 8.77698
7150001 8.78349
7160001 8.76941
7170001 8.83523
7180001 8.83049
7190001 8.80371
7200001 8.82474
7210001 8.75442
7220001 8.88016
7230001 8.85083
7240001 8.87993
7250001 8.80641
7260001 8.80686
7270001 8.84067
7280001 8.9129
7290001 8.83287
7300001 8.79704
7310001 8.80002
7320001 8.84728
7330001 8.81389
7340001 8.81665
7350001 8.86327
7360001 8.8661
7370001 8.84599
7380001 8.78335
7390001 8.79326
7400001 8.8658
7410001 8.81724
7420001 8.86658
7430001 8.8336
7440001 8.832
7450001 8.8189
7460001 8.85569
7470001 8.87294
7480001 8.81519
7490001 8.78305
7500001 8.91121
7510001 8.83512
7520001 8.79046
7530001 8.85704
7540001 8.85418
7550001 8.85655
7560001 8.85375
7570001 8.90191
7580001 8.84294
7590001 8.89505
7600001 8.8058
7610001 8.90515
7620001 8.79897
7630001 8.79937
7640001 8.78537
7650001 8.86119
7660001 8.84176
7670001 8.85781
7680001 8.76132
7690001 8.87179
7700001 8.8258
7710001 8.81263
7720001 8.83131
7730001 8.83206
7740001 8.81554
7750001 8.84063
7760001 8.76502
7770001 8.75703
7780001 8.8179
7790001 8.82417
7800001 8.85612
7810001 8.81004
7820001 8.82862
7830001 8.76651
7840001 8.8222
7850001 8.75847
7860001 8.82746
7870001 8.81857
7880001 8.90907
7890001 8.83941
7900001 8.86058
7910001 8.74071
7920001 8.82186
7930001 8.80746
7940001 8.8324
7950001 8.8428
7960001 8.82506
7970001 8.79184
7980001 8.82187
7990001 8.79478
8000001 8.89228
8010001 8.8618
8020001 8.73791
8030001 8.88063
8040001 8.80015
8050001 8.82689
8060001 8.86401
8070001 8.87095
8080001 8.86684
8090001 9.0073
8100001 8.85183
8110001 8.81815
8120001 8.86169
8130001 8.86151
8140001 8.7705
8150001 8.80242
8160001 8.84788
8170001 8.86422
8180001 8.78662
8190001 8.80681
8200001 8.76674
8210001 8.77337
8220001 8.81651
8230001 8.82253
8240001 8.84932
8250001 8.79401
8260001 8.89445
8270001 8.78925
8280001 8.83529
8290001 8.8281
8300001 8.83137
8310001 8.85166
8320001 8.82183
8330001 8.78858
8340001 8.80328
8350001 8.79621
8360001 8.84422
8370001 8.86577
8380001 8.78036
8390001 8.85955
8400001 8.87095
8410001 8.79153
8420001 8.81121
8430001 8.77391
8440001 8.83615
8450001 8.90784
8460001 8.86682
8470001 8.833
8480001 8.8515
8490001 8.79194
8500001 9.11636
8510001 8.92676
8520001 8.89232
8530001 8.81045
8540001 8.82357
8550001 8.82046
8560001 8.7945
8570001 8.82028
8580001 8.84691
8590001 8.75321
8600001 8.80662
8610001 8.87071
8620001 8.78314
8630001 8.85353
8640001 8.88466
8650001 8.81484
8660001 8.81984
8670001 8.81956
8680001 8.79147
8690001 8.92529
8700001 8.75431
8710001 8.8975
8720001 8.79193
8730001 8.84978
8740001 8.79437
8750001 8.79531
8760001 8.8447
8770001 8.84731
8780001 8.79352
8790001 8.80266
8800001 8.77238
8810001 8.82779
8820001 8.93399
8830001 8.87909
8840001 8.80313
8850001 8.82933
8860001 8.84569
8870001 8.82309
8880001 8.80382
8890001 8.75598
8900001 8.87806
8910001 8.78586
8920001 8.80684
8930001 8.81856
8940001 8.86129
8950001 8.82525
8960001 8.79767
8970001 8.8548
8980001 8.8171
8990001 8.76668
9000001 8.86749
9010001 8.82126
9020001 8.81184
9030001 8.80375
9040001 8.8636
9050001 8.77289
9060001 8.74929
9070001 8.82411
9080001 9.09959
9090001 8.83873
9100001 8.79227
9110001 8.84761
9120001 8.82606
9130001 8.81784
9140001 8.86104
9150001 8.82027
9160001 8.83269
9170001 8.78412
9180001 8.76419
9190001 8.83471
9200001 8.82469
9210001 8.81284
9220001 8.89373
9230001 8.80247
9240001 8.8244
9250001 8.8698
9260001 8.87113
9270001 8.80462
9280001 8.73884
9290001 8.87242
9300001 8.79074
9310001 8.79599
9320001 8.80853
9330001 8.88913
9340001 8.8426
9350001 8.87123
9360001 8.80839
9370001 8.77772
9380001 8.80566
9390001 8.86789
9400001 8.88736
9410001 8.79962
9420001 8.82427
9430001 8.81713
9440001 8.83578
9450001 8.8953
9460001 8.77953
9470001 8.8033
9480001 8.83042
9490001 8.78035
9500001 8.81566
9510001 8.86539
9520001 8.89246
9530001 8.77009
9540001 8.85658
9550001 8.82472
9560001 8.83744
9570001 8.78522
9580001 8.84342
9590001 8.86117
9600001 8.7532
9610001 8.87348
9620001 8.9867
9630001 8.82493
9640001 8.91431
9650001 8.86344
9660001 8.80301
9670001 8.78794
9680001 8.83075
9690001 8.81232
9700001 8.80621
9710001 8.81486
9720001 8.87701
9730001 8.86821
9740001 8.8333
9750001 8.88299
9760001 8.80807
9770001 8.83316
9780001 8.83474
9790001 8.81617
9800001 8.86487
9810001 8.79452
9820001 8.81891
9830001 8.78121
9840001 8.87353
9850001 8.80287
9860001 8.83348
9870001 8.87114
9880001 8.81325
9890001 8.92766
9900001 8.78102
9910001 8.78233
9920001 8.82129
9930001 8.80594
9940001 8.7679
9950001 8.80146
9960001 8.84975
9970001 8.85097
9980001 8.82519
9990001 8.84413
