1 31.314
10001 12.3364
20001 8.13708
30001 5.93675
40001 4.58125
50001 3.71662
60001 3.12298
70001 2.69419
80001 2.37663
90001 2.13148
100001 1.93554
110001 1.78202
120001 1.65639
130001 1.55104
140001 1.46147
150001 1.38532
160001 1.31917
170001 1.26133
180001 1.21077
190001 1.16625
200001 1.12741
210001 1.09201
220001 1.06196
230001 1.03352
240001 1.00696
250001 0.984111
260001 0.971824
270001 0.946339
280001 0.929048
290001 0.913425
300001 0.900698
310001 0.888054
320001 0.878367
330001 0.868042
340001 0.85938
350001 0.850949
360001 0.842307
370001 0.835998
380001 0.827767
390001 0.823428
400001 0.816864
410001 0.812451
420001 0.808296
430001 0.804368
440001 0.799195
450001 0.794978
460001 0.791924
470001 0.78975
480001 0.787334
490001 0.786926
500001 0.784499
510001 0.782438
520001 0.78165
530001 0.77985
540001 0.780186
550001 0.777078
560001 0.776922
570001 0.774563
580001 0.773516
590001 0.771416
600001 0.771756
610001 0.770436
620001 0.770949
630001 0.768986
640001 0.768934
650001 0.768676
660001 0.767598
670001 0.7659
680001 0.769528
690001 0.767851
700001 0.768057
710001 0.768081
720001 0.766993
730001 0.76818
740001 0.767934
750001 0.766427
760001 0.767176
770001 0.767214
780001 0.766197
790001 0.768381
800001 0.765369
810001 0.766672
820001 0.767582
830001 0.77316
840001 0.769731
850001 0.769237
860001 0.768433
870001 0.768201
880001 0.769082
890001 0.769302
900001 0.767781
910001 0.767737
920001 0.768428
930001 0.771402
940001 0.769489
950001 0.769704
960001 0.770682
970001 0.770089
980001 0.770701
990001 0.770638
1000001 0.771633
1010001 0.771086
1020001 0.772764
1030001 0.772393
1040001 0.773555
1050001 0.775842
1060001 0.772958
1070001 0.775452
1080001 0.775954
1090001 0.774757
1100001 0.774628
1110001 0.775053
1120001 0.775389
1130001 0.776122
1140001 0.777464
1150001 0.77761
1160001 0.778907
1170001 0.77688
1180001 0.778746
1190001 0.778202
1200001 0.781039
1210001 0.780641
1220001 0.780012
1230001 0.78222
1240001 0.781932
1250001 0.781729
1260001 0.78047
1270001 0.780933
1280001 0.780215
1290001 0.780877
1300001 0.787005
1310001 0.784151
1320001 0.784202
1330001 0.7829
1340001 0.78249
1350001 0.780731
1360001 0.781005
1370001 0.783418
1380001 0.783034
1390001 0.785348
1400001 0.78438
1410001 0.783421
1420001 0.78543
1430001 0.785893
1440001 0.784841
1450001 0.78372
1460001 0.784394
1470001 0.7864
1480001 0.786543
1490001 0.787008
1500001 0.787559
1510001 0.787128
1520001 0.785687
1530001 0.78843
1540001 0.786879
1550001 0.786519
1560001 0.787391
1570001 0.787768
1580001 0.788078
1590001 0.788102
1600001 0.788815
1610001 0.787495
1620001 0.788751
1630001 0.790381
1640001 0.790482
1650001 0.788832
1660001 0.789573
1670001 0.791128
1680001 0.79011
1690001 0.790507
1700001 0.79167
1710001 0.790987
1720001 0.792608
1730001 0.792157
1740001 0.792668
1750001 0.791795
1760001 0.793112
1770001 0.791822
1780001 0.791547
1790001 0.792793
1800001 0.793371
1810001 0.794258
1820001 0.794006
1830001 0.794078
1840001 0.795125
1850001 0.793932
1860001 0.792825
1870001 0.794036
1880001 0.792704
1890001 0.793905
1900001 0.793873
1910001 0.795251
1920001 0.793672
1930001 0.79336
1940001 0.793978
1950001 0.794564
1960001 0.79502
1970001 0.794474
1980001 0.795877
1990001 0.796663
2000001 0.796462
2010001 0.797027
2020001 0.797314
2030001 0.797073
2040001 0.796104
2050001 0.796879
2060001 0.795963
2070001 0.797299
2080001 0.796394
2090001 0.797296
2100001 0.797921
2110001 0.798603
2120001 0.797188
2130001 0.79803
2140001 0.799004
2150001 0.798427
2160001 0.799229
2170001 0.798446
2180001 0.798559
2190001 0.798319
2200001 0.798902
2210001 0.798947
2220001 0.797369
2230001 0.798134
2240001 0.79947
2250001 0.79878
2260001 0.797752
2270001 0.799482
2280001 0.799707
2290001 0.798735
2300001 0.798248
2310001 0.798297
2320001 0.80003
2330001 0.799916
2340001 0.799734
2350001 0.802093
2360001 0.801545
2370001 0.803561
2380001 0.803144
2390001 0.801357
2400001 0.800939
2410001 0.800568
2420001 0.799822
2430001 0.800565
2440001 0.800284
2450001 0.80052
2460001 0.802711
2470001 0.802214
2480001 0.801243
2490001 0.802186
2500001 0.801633
2510001 0.802263
2520001 0.801655
2530001 0.802246
2540001 0.802372
2550001 0.802185
2560001 0.803747
2570001 0.803917
2580001 0.804577
2590001 0.803696
2600001 0.804561
2610001 0.80263
2620001 0.804682
2630001 0.804083
2640001 0.80359
2650001 0.803125
2660001 0.805324
2670001 0.804614
2680001 0.804579
2690001 0.804936
2700001 0.805003
2710001 0.806185
2720001 0.805142
2730001 0.805709
2740001 0.804823
2750001 0.806635
2760001 0.806291
2770001 0.805921
2780001 0.808296
2790001 0.807788
2800001 0.80659
2810001 0.805792
2820001 0.80532
2830001 0.805318
2840001 0.805899
2850001 0.806496
2860001 0.807916
2870001 0.806442
2880001 0.806616
2890001 0.807009
2900001 0.807815
2910001 0.809452
2920001 0.815869
2930001 0.810481
2940001 0.816048
2950001 0.810168
2960001 0.808948
2970001 0.80671
2980001 0.806766
2990001 0.808714
3000001 0.808003
3010001 0.808927
3020001 0.808927
3030001 0.809749
3040001 0.808086
3050001 0.807397
3060001 0.807498
3070001 0.807478
3080001 0.807705
3090001 0.807326
3100001 0.80697
3110001 0.806956
3120001 0.807423
3130001 0.807175
3140001 0.808343
3150001 0.816206
3160001 0.809695
3170001 0.810571
3180001 0.809668
3190001 0.809454
3200001 0.809571
3210001 0.809218
3220001 0.809936
3230001 0.809193
3240001 0.809739
3250001 0.808964
3260001 0.808483
3270001 0.809652
3280001 0.808799
3290001 0.808834
3300001 0.80953
3310001 0.810102
3320001 0.809423
3330001 0.809958
3340001 0.809517
3350001 0.809264
3360001 0.809437
3370001 0.810709
3380001 0.809121
3390001 0.810939
3400001 0.810892
3410001 0.810329
3420001 0.809858
3430001 0.811339
3440001 0.810879
3450001 0.810236
3460001 0.810008
3470001 0.810391
3480001 0.810653
3490001 0.811068
3500001 0.812638
3510001 0.810909
3520001 0.811299
3530001 0.810758
3540001 0.812056
3550001 0.812209
3560001 0.810745
3570001 0.811507
3580001 0.817918
3590001 0.815756
3600001 0.813039
3610001 0.812514
3620001 0.812656
3630001 0.8117
3640001 0.811018
3650001 0.81272
3660001 0.811619
3670001 0.812864
3680001 0.81488
3690001 0.814661
3700001 0.814834
3710001 0.81489
3720001 0.816145
3730001 0.816946
3740001 0.815169
3750001 0.815342
3760001 0.816257
3770001 0.815823
3780001 0.816481
3790001 0.816455
3800001 0.815961
3810001 0.816476
3820001 0.818241
3830001 0.816749
3840001 0.8165
3850001 0.81913
3860001 0.819621
3870001 0.819557
3880001 0.819896
3890001 0.81896
3900001 0.819163
3910001 0.817872
3920001 0.818633
3930001 0.817825
3940001 0.818803
3950001 0.818216
3960001 0.81787
3970001 0.826814
3980001 0.822168
3990001 0.818441
4000001 0.818017
4010001 0.818743
4020001 0.818688
4030001 0.819812
4040001 0.819418
4050001 0.818688
4060001 0.819582
4070001 0.819652
4080001 0.820791
4090001 0.820332
4100001 0.819458
4110001 0.82083
4120001 0.819073
4130001 0.821001
4140001 0.819891
4150001 0.819166
4160001 0.820102
4170001 0.820186
4180001 0.818865
4190001 0.820305
4200001 0.818752
4210001 0.820554
4220001 0.818725
4230001 0.818609
4240001 0.819133
4250001 0.819296
4260001 0.820817
4270001 0.82088
4280001 0.820102
4290001 0.818576
4300001 0.818474
4310001 0.819293
4320001 0.819203
4330001 0.820575
4340001 0.820351
4350001 0.820198
4360001 0.82107
4370001 0.819918
4380001 0.81937
4390001 0.819628
4400001 0.819188
4410001 0.818199
4420001 0.818578
4430001 0.820523
4440001 0.819539
4450001 0.819797
4460001 0.819402
4470001 0.818001
4480001 0.820121
4490001 0.820511
4500001 0.820845
4510001 0.823292
4520001 0.821343
4530001 0.82131
4540001 0.821904
4550001 0.821533
4560001 0.82179
4570001 0.82166
4580001 0.823023
4590001 0.822601
4600001 0.822216
4610001 0.825067
4620001 0.823101
4630001 0.822831
4640001 0.824343
4650001 0.824005
4660001 0.82418
4670001 0.825381
4680001 0.824376
4690001 0.824211
4700001 0.821331
4710001 0.823078
4720001 0.82141
4730001 0.822512
4740001 0.822504
4750001 0.823845
4760001 0.825215
4770001 0.823274
4780001 0.824301
4790001 0.82395
4800001 0.824171
4810001 0.823772
4820001 0.823288
4830001 0.823749
4840001 0.82418
4850001 0.825061
4860001 0.823661
4870001 0.823942
4880001 0.823876
4890001 0.823203
4900001 0.824932
4910001 0.824271
4920001 0.824263
4930001 0.825268
4940001 0.825283
4950001 0.82428
4960001 0.824791
4970001 0.823849
4980001 0.823749
4990001 0.823764
5000001 0.821607
5010001 0.821468
5020001 0.823256
5030001 0.82967
5040001 0.827275
5050001 0.823292
5060001 0.823621
5070001 0.823102
5080001 0.824247
5090001 0.825394
5100001 0.823534
5110001 0.825314
5120001 0.82386
5130001 0.823316
5140001 0.824565
5150001 0.824382
5160001 0.824826
5170001 0.823134
5180001 0.82377
5190001 0.82362
5200001 0.825554
5210001 0.826319
5220001 0.82577
5230001 0.826196
5240001 0.824936
5250001 0.825213
5260001 0.825581
5270001 0.825394
5280001 0.824463
5290001 0.824896
5300001 0.82477
5310001 0.823714
5320001 0.82359
5330001 0.823841
5340001 0.824165
5350001 0.823523
5360001 0.824781
5370001 0.82349
5380001 0.825722
5390001 0.825004
5400001 0.825981
5410001 0.826021
5420001 0.827488
5430001 0.826546
5440001 0.825875
5450001 0.826892
5460001 0.825184
5470001 0.824777
5480001 0.825727
5490001 0.826842
5500001 0.826626
5510001 0.827647
5520001 0.825405
5530001 0.825321
5540001 0.826074
5550001 0.826209
5560001 0.825782
5570001 0.826631
5580001 0.82598
5590001 0.824459
5600001 0.825042
5610001 0.824986
5620001 0.825268
5630001 0.824571
5640001 0.823971
5650001 0.824807
5660001 0.824691
5670001 0.825717
5680001 0.824749
5690001 0.827389
5700001 0.825742
5710001 0.826135
5720001 0.82547
5730001 0.826047
5740001 0.826314
5750001 0.825821
5760001 0.825648
5770001 0.826896
5780001 0.827411
5790001 0.82739
5800001 0.827781
5810001 0.827484
5820001 0.827696
5830001 0.827922
5840001 0.827253
5850001 0.828159
5860001 0.828542
5870001 0.82967
5880001 0.827572
5890001 0.828289
5900001 0.828769
5910001 0.828009
5920001 0.827514
5930001 0.827953
5940001 0.828622
5950001 0.828311
5960001 0.828095
5970001 0.829395
5980001 0.831941
5990001 0.828489
6000001 0.829388
6010001 0.827988
6020001 0.828566
6030001 0.828336
6040001 0.828379
6050001 0.831705
6060001 0.829413
6070001 0.82857
6080001 0.82946
6090001 0.828501
6100001 0.829239
6110001 0.828313
6120001 0.827688
6130001 0.827719
6140001 0.828224
6150001 0.828631
6160001 0.829691
6170001 0.828019
6180001 0.826898
6190001 0.827579
6200001 0.828565
6210001 0.829927
6220001 0.829733
6230001 0.829844
6240001 0.829965
6250001 0.831178
6260001 0.828804
6270001 0.828969
6280001 0.828084
6290001 0.829876
6300001 0.829671
6310001 0.829216
6320001 0.828898
6330001 0.830074
6340001 0.829575
6350001 0.830688
6360001 0.829489
6370001 0.829498
6380001 0.829413
6390001 0.828347
6400001 0.830885
6410001 0.831595
6420001 0.83168
6430001 0.832277
6440001 0.83087
6450001 0.830482
6460001 0.829339
6470001 0.829756
6480001 0.830512
6490001 0.830921
6500001 0.830642
6510001 0.830727
6520001 0.829701
6530001 0.831348
6540001 0.830241
6550001 0.831328
6560001 0.847434
6570001 0.836617
6580001 0.833786
6590001 0.833075
6600001 0.831393
6610001 0.831443
6620001 0.832367
6630001 0.831925
6640001 0.831247
6650001 0.831225
6660001 0.831068
6670001 0.830799
6680001 0.830761
6690001 0.829417
6700001 0.830035
6710001 0.829996
6720001 0.831666
6730001 0.830841
6740001 0.832314
6750001 0.831183
6760001 0.831586
6770001 0.831518
6780001 0.831214
6790001 0.831294
6800001 0.832316
6810001 0.832469
6820001 0.831842
6830001 0.832618
6840001 0.833167
6850001 0.831804
6860001 0.831648
6870001 0.832162
6880001 0.833207
6890001 0.831968
6900001 0.83275
6910001 0.832527
6920001 0.833581
6930001 0.832773
6940001 0.832393
6950001 0.832639
6960001 0.831988
6970001 0.83238
6980001 0.831007
6990001 0.832073
7000001 0.832183
7010001 0.834747
7020001 0.832746
7030001 0.833213
7040001 0.834877
7050001 0.832766
7060001 0.833096
7070001 0.833746
7080001 0.831776
7090001 0.831977
7100001 0.832673
7110001 0.833924
7120001 0.83359
7130001 0.832828
7140001 0.833986
7150001 0.832754
7160001 0.833556
7170001 0.833763
7180001 0.832458
7190001 0.833177
7200001 0.83442
7210001 0.834161
7220001 0.833945
7230001 0.834516
7240001 0.834362
7250001 0.834431
7260001 0.835482
7270001 0.834815
7280001 0.834522
7290001 0.83408
7300001 0.833648
7310001 0.833665
7320001 0.835112
7330001 0.834788
7340001 0.834462
7350001 0.834052
7360001 0.842778
7370001 0.838206
7380001 0.834665
7390001 0.834612
7400001 0.833189
7410001 0.833789
7420001 0.831369
7430001 0.833339
7440001 0.832623
7450001 0.832887
7460001 0.833364
7470001 0.833195
7480001 0.83315
7490001 0.834344
7500001 0.833012
7510001 0.833101
7520001 0.835173
7530001 0.834055
7540001 0.834519
7550001 0.833188
7560001 0.833756
7570001 0.834375
7580001 0.834724
7590001 0.832628
7600001 0.832377
7610001 0.834792
7620001 0.833264
7630001 0.833522
7640001 0.833731
7650001 0.833729
7660001 0.832974
7670001 0.834425
7680001 0.835081
7690001 0.833771
7700001 0.835449
7710001 0.838906
7720001 0.835288
7730001 0.834507
7740001 0.834741
7750001 0.83447
7760001 0.83334
7770001 0.835116
7780001 0.834229
7790001 0.833667
7800001 0.834397
7810001 0.833483
7820001 0.833229
7830001 0.833303
7840001 0.835224
7850001 0.834391
7860001 0.834622
7870001 0.835667
7880001 0.835338
7890001 0.835483
7900001 0.835406
7910001 0.835455
7920001 0.836008
7930001 0.83624
7940001 0.836552
7950001 0.835442
7960001 0.834909
7970001 0.835535
7980001 0.835991
7990001 0.850821
8000001 0.840701
8010001 0.838057
8020001 0.835761
8030001 0.83518
8040001 0.836392
8050001 0.836517
8060001 0.83606
8070001 0.837047
8080001 0.836142
8090001 0.837217
8100001 0.836126
8110001 0.835769
8120001 0.834724
8130001 0.835408
8140001 0.835523
8150001 0.83526
8160001 0.833296
8170001 0.834077
8180001 0.835192
8190001 0.835208
8200001 0.834893
8210001 0.835681
8220001 0.83631
8230001 0.835581
8240001 0.835069
8250001 0.835217
8260001 0.835207
8270001 0.83665
8280001 0.835277
8290001 0.834032
8300001 0.834204
8310001 0.83507
8320001 0.836139
8330001 0.836699
8340001 0.841522
8350001 0.837652
8360001 0.836012
8370001 0.837108
8380001 0.835277
8390001 0.836699
8400001 0.836731
8410001 0.835603
8420001 0.836039
8430001 0.835418
8440001 0.835877
8450001 0.836579
8460001 0.834919
8470001 0.835222
8480001 0.834293
8490001 0.835999
8500001 0.83589
8510001 0.836261
8520001 0.836596
8530001 0.836567
8540001 0.836432
8550001 0.835373
8560001 0.836493
8570001 0.835221
8580001 0.838608
8590001 0.83688
8600001 0.837594
8610001 0.837052
8620001 0.836645
8630001 0.837853
8640001 0.836178
8650001 0.8375
8660001 0.837603
8670001 0.837913
8680001 0.840065
8690001 0.839846
8700001 0.843528
8710001 0.838388
8720001 0.837062
8730001 0.838211
8740001 0.838705
8750001 0.83736
8760001 0.836595
8770001 0.838089
8780001 0.837447
8790001 0.838728
8800001 0.835989
8810001 0.835965
8820001 0.835549
8830001 0.83544
8840001 0.842191
8850001 0.837341
8860001 0.835445
8870001 0.837399
8880001 0.837649
8890001 0.837371
8900001 0.836027
8910001 0.836816
8920001 0.836231
8930001 0.836089
8940001 0.835299
8950001 0.836162
8960001 0.834758
8970001 0.835179
8980001 0.835546
8990001 0.836171
9000001 0.834354
9010001 0.837341
9020001 0.836944
9030001 0.836679
9040001 0.84026
9050001 0.839082
9060001 0.837709
9070001 0.837121
9080001 0.838267
9090001 0.837442
9100001 0.836082
9110001 0.836548
9120001 0.836218
9130001 0.835746
9140001 0.838111
9150001 0.837757
9160001 0.836414
9170001 0.835751
9180001 0.835301
9190001 0.835157
9200001 0.836071
9210001 0.83518
9220001 0.835857
9230001 0.834347
9240001 0.836928
9250001 0.834959
9260001 0.837575
9270001 0.836328
9280001 0.837299
9290001 0.835578
9300001 0.835687
9310001 0.836353
9320001 0.835668
9330001 0.835919
9340001 0.834791
9350001 0.83635
9360001 0.837478
9370001 0.836919
9380001 0.837102
9390001 0.836712
9400001 0.836274
9410001 0.835945
9420001 0.835968
9430001 0.837088
9440001 0.836607
9450001 0.836688
9460001 0.835843
9470001 0.836018
9480001 0.83638
9490001 0.835823
9500001 0.836079
9510001 0.836174
9520001 0.837075
9530001 0.836746
9540001 0.835532
9550001 0.83548
9560001 0.836532
9570001 0.835058
9580001 0.835265
9590001 0.836736
9600001 0.836914
9610001 0.837716
9620001 0.837479
9630001 0.837119
9640001 0.837285
9650001 0.837504
9660001 0.837308
9670001 0.838178
9680001 0.838093
9690001 0.837901
9700001 0.837597
9710001 0.83705
9720001 0.837181
9730001 0.839867
9740001 0.836721
9750001 0.837936
9760001 0.837035
9770001 0.837303
9780001 0.837798
9790001 0.837235
9800001 0.83805
9810001 0.838192
9820001 0.836831
9830001 0.83749
9840001 0.837598
9850001 0.837638
9860001 0.837934
9870001 0.837661
9880001 0.837723
9890001 0.838368
9900001 0.838
9910001 0.837542
9920001 0.837034
9930001 0.83868
9940001 0.837171
9950001 0.8381
9960001 0.83657
9970001 0.836965
9980001 0.836851
9990001 0.834842
