1 2180.94
10001 193.308
20001 123.157
30001 86.035
40001 63.3531
50001 48.2446
60001 38.1997
70001 31.957
80001 27.6232
90001 24.6074
100001 22.7419
110001 21.1139
120001 20.0809
130001 19.2152
140001 18.5682
150001 18.0594
160001 17.6998
170001 17.2756
180001 17.0861
190001 16.8198
200001 16.5336
210001 16.3579
220001 16.1133
230001 16.0026
240001 15.9147
250001 15.7631
260001 15.493
270001 15.4838
280001 15.4187
290001 15.3095
300001 15.2963
310001 15.1743
320001 15.0647
330001 14.9155
340001 14.9139
350001 14.876
360001 14.7668
370001 14.7448
380001 14.6608
390001 14.6274
400001 14.487
410001 14.4353
420001 14.4251
430001 14.3842
440001 14.3284
450001 14.2698
460001 14.2904
470001 14.1879
480001 14.1348
490001 14.1582
500001 14.1572
510001 14.1073
520001 14.0992
530001 13.9858
540001 14.0319
550001 13.9851
560001 13.8614
570001 13.9281
580001 13.9618
590001 13.8427
600001 13.8083
610001 13.7583
620001 13.7313
630001 13.8004
640001 13.6597
650001 13.6377
660001 13.663
670001 13.5833
680001 13.5851
690001 13.6298
700001 13.534
710001 13.6338
720001 13.5065
730001 13.3959
740001 13.4547
750001 13.4754
760001 13.4893
770001 13.4294
780001 13.5031
790001 13.5179
800001 13.402
810001 13.3327
820001 13.3686
830001 13.2587
840001 13.3031
850001 13.2816
860001 13.315
870001 13.2469
880001 13.2418
890001 13.3006
900001 13.4341
910001 13.2799
920001 13.2003
930001 13.1522
940001 13.1749
950001 13.1996
960001 13.1293
970001 13.0896
980001 13.1422
990001 13.163
1000001 13.1841
1010001 13.1394
1020001 13.085
1030001 13.0805
1040001 12.9761
1050001 12.9858
1060001 12.9559
1070001 13.0192
1080001 13.052
1090001 12.9783
1100001 12.9893
1110001 13.0347
1120001 13.1532
1130001 12.9473
1140001 12.9448
1150001 12.8873
1160001 13.0384
1170001 12.8905
1180001 12.9141
1190001 12.951
1200001 12.8853
1210001 12.8679
1220001 12.8117
1230001 12.894
1240001 12.8929
1250001 12.8684
1260001 12.8599
1270001 12.9112
1280001 12.8134
1290001 12.8128
1300001 12.8523
1310001 12.8685
1320001 12.861
1330001 12.7475
1340001 12.6944
1350001 12.7646
1360001 12.8403
1370001 12.8075
1380001 12.7931
1390001 12.718
1400001 12.6933
1410001 12.733
1420001 12.696
1430001 12.6844
1440001 12.7825
1450001 12.7352
1460001 12.6932
1470001 12.6942
1480001 12.7303
1490001 12.6659
1500001 12.747
1510001 12.6644
1520001 12.6904
1530001 12.6132
1540001 12.6758
1550001 12.6327
1560001 12.6054
1570001 12.6451
1580001 12.6741
1590001 12.6283
1600001 12.7193
1610001 12.7228
1620001 12.5476
1630001 12.6048
1640001 12.5638
1650001 12.4971
1660001 12.5471
1670001 12.51
1680001 12.5503
1690001 12.5277
1700001 12.5844
1710001 12.5457
1720001 12.4786
1730001 12.4545
1740001 12.4763
1750001 12.5104
1760001 12.6373
1770001 12.4844
1780001 12.4616
1790001 12.4745
1800001 12.5041
1810001 12.4322
1820001 12.5129
1830001 12.4634
1840001 12.3841
1850001 12.4754
1860001 12.4916
1870001 12.4372
1880001 12.4384
1890001 12.5657
1900001 12.4956
1910001 12.5472
1920001 12.5519
1930001 12.8142
1940001 12.641
1950001 12.456
1960001 12.414
1970001 12.402
1980001 12.4084
1990001 12.5409
2000001 12.556
2010001 12.4927
2020001 12.414
2030001 12.4693
2040001 12.3911
2050001 12.4363
2060001 12.325
2070001 12.4294
2080001 12.4291
2090001 12.4433
2100001 12.4591
2110001 12.3898
2120001 12.4353
2130001 12.2852
2140001 12.3737
2150001 12.3906
2160001 12.4439
2170001 12.4223
2180001 12.3988
2190001 12.3977
2200001 12.3628
2210001 12.3551
2220001 12.3851
2230001 12.4122
2240001 12.3774
2250001 12.35
2260001 12.341
2270001 12.3964
2280001 12.4114
2290001 12.3606
2300001 12.2754
2310001 12.3126
2320001 12.373
2330001 12.2394
2340001 12.324
2350001 12.31
2360001 12.5251
2370001 12.3839
2380001 12.3117
2390001 12.2604
2400001 12.2651
2410001 12.3041
2420001 12.3423
2430001 12.2981
2440001 12.3242
2450001 12.3996
2460001 12.3544
2470001 12.3006
2480001 12.3018
2490001 12.2171
2500001 12.3279
2510001 12.3538
2520001 12.291
2530001 12.2496
2540001 12.1861
2550001 12.275
2560001 12.2646
2570001 12.2804
2580001 12.2786
2590001 12.1955
2600001 12.2674
2610001 12.1844
2620001 12.1771
2630001 12.2729
2640001 12.1513
2650001 12.1557
2660001 12.4801
2670001 12.3714
2680001 12.3809
2690001 12.31
2700001 12.26
2710001 12.3029
2720001 12.2103
2730001 12.2782
2740001 12.228
2750001 12.3649
2760001 12.228
2770001 12.2526
2780001 12.2649
2790001 12.1738
2800001 12.114
2810001 12.2088
2820001 12.135
2830001 12.2178
2840001 12.2177
2850001 12.2656
2860001 12.225
2870001 12.202
2880001 12.2026
2890001 12.1153
2900001 12.1706
2910001 12.175
2920001 12.1614
2930001 12.1575
2940001 12.1576
2950001 12.2415
2960001 12.1087
2970001 12.264
2980001 12.1673
2990001 12.2805
3000001 12.214
3010001 12.1715
3020001 12.0743
3030001 12.1926
3040001 12.0816
3050001 12.1058
3060001 12.1778
3070001 12.1293
3080001 12.0769
3090001 12.1717
3100001 12.2909
3110001 12.1704
3120001 12.191
3130001 12.1082
3140001 12.1916
3150001 12.1324
3160001 12.1153
3170001 12.0963
3180001 12.0949
3190001 12.0649
3200001 12.1831
3210001 12.0993
3220001 12.1558
3230001 12.0502
3240001 12.0684
3250001 12.1058
3260001 12.14
3270001 12.1021
3280001 12.1551
3290001 12.1118
3300001 12.1019
3310001 12.0485
3320001 12.053
3330001 12.2374
3340001 12.1677
3350001 12.1972
3360001 12.1104
3370001 12.1616
3380001 12.0666
3390001 12.1039
3400001 12.2622
3410001 12.068
3420001 12.0867
3430001 12.1197
3440001 12.131
3450001 12.1603
3460001 12.4013
3470001 12.2025
3480001 12.2358
3490001 12.2722
3500001 12.1237
3510001 12.2104
3520001 12.2031
3530001 12.0505
3540001 12.091
3550001 12.0759
3560001 12.1124
3570001 12.1747
3580001 12.1567
3590001 12.0935
3600001 12.1256
3610001 12.0559
3620001 12.0573
3630001 12.0734
3640001 12.0983
3650001 12.0744
3660001 12.1069
3670001 12.0437
3680001 12.0812
3690001 12.0618
3700001 12.121
3710001 12.0353
3720001 12.0499
3730001 12.0009
3740001 11.9823
3750001 11.8968
3760001 12.0128
3770001 12.0059
3780001 11.9466
3790001 11.9599
3800001 11.97
3810001 11.9339
3820001 12.006
3830001 12.1517
3840001 12.0342
3850001 12.029
3860001 11.9829
3870001 12.0187
3880001 11.9963
3890001 12.0499
3900001 11.9496
3910001 11.9828
3920001 12.001
3930001 12.1188
3940001 12.144
3950001 12.1271
3960001 12.0769
3970001 11.9827
3980001 12.0753
3990001 11.9691
4000001 11.9072
4010001 11.9675
4020001 11.9977
4030001 11.9981
4040001 11.9534
4050001 11.9871
4060001 11.9309
4070001 11.9492
4080001 11.9492
4090001 11.9345
4100001 12.0098
4110001 11.9271
4120001 11.9445
4130001 12.1398
4140001 12.0301
4150001 12.1075
4160001 12.0191
4170001 12.0413
4180001 12.0213
4190001 12.0569
4200001 12.0213
4210001 12.0413
4220001 11.9813
4230001 12.0344
4240001 12.1314
4250001 12.0568
4260001 11.9646
4270001 11.9395
4280001 12.3923
4290001 12.1669
4300001 12.1376
4310001 12.0804
4320001 12.118
4330001 11.9556
4340001 11.9981
4350001 12.03
4360001 11.9952
4370001 11.9545
4380001 12.0126
4390001 12.1047
4400001 11.9929
4410001 12.021
4420001 11.9511
4430001 12.0056
4440001 11.9526
4450001 12.0199
4460001 11.9389
4470001 11.9741
4480001 12.005
4490001 12.034
4500001 11.9363
4510001 11.8445
4520001 11.9283
4530001 11.9085
4540001 12.4252
4550001 12.17
4560001 12.1877
4570001 12.1578
4580001 12.0292
4590001 12.0367
4600001 11.9443
4610001 11.9124
4620001 11.9218
4630001 11.9835
4640001 11.9511
4650001 11.9105
4660001 11.9162
4670001 11.9523
4680001 11.913
4690001 11.967
4700001 11.9735
4710001 11.9387
4720001 11.967
4730001 12.14
4740001 12.0235
4750001 11.9722
4760001 12.0542
4770001 11.9532
4780001 11.9722
4790001 11.9633
4800001 12.0011
4810001 11.9229
4820001 11.8741
4830001 11.8654
4840001 11.9375
4850001 11.9466
4860001 11.96
4870001 11.9119
4880001 11.8513
4890001 11.976
4900001 11.9337
4910001 11.9268
4920001 11.9498
4930001 11.8788
4940001 11.8968
4950001 11.8255
4960001 11.9447
4970001 11.9003
4980001 11.9004
4990001 11.9539
5000001 11.9419
5010001 11.9388
5020001 11.9309
5030001 12.0889
5040001 12.0372
5050001 11.9487
5060001 11.9536
5070001 11.9048
5080001 11.8689
5090001 12.0235
5100001 11.8895
5110001 11.9365
5120001 11.9379
5130001 11.9528
5140001 11.9305
5150001 11.8833
5160001 11.936
5170001 11.924
5180001 11.9293
5190001 11.946
5200001 11.8972
5210001 11.9018
5220001 11.8331
5230001 11.8451
5240001 11.9184
5250001 11.9137
5260001 12.0042
5270001 11.9202
5280001 11.9244
5290001 11.9497
5300001 11.8981
5310001 11.8971
5320001 11.8298
5330001 11.7929
5340001 11.826
5350001 11.8447
5360001 11.8236
5370001 11.8631
5380001 11.9235
5390001 11.8477
5400001 11.9258
5410001 11.9065
5420001 11.9784
5430001 11.8897
5440001 11.8352
5450001 11.8287
5460001 11.9591
5470001 11.941
5480001 11.8738
5490001 11.869
5500001 11.8979
5510001 11.8805
5520001 11.8879
5530001 11.8475
5540001 11.8421
5550001 11.8182
5560001 11.8572
5570001 11.8018
5580001 11.8082
5590001 11.8793
5600001 11.8548
5610001 11.8359
5620001 11.874
5630001 11.8328
5640001 11.8374
5650001 11.8401
5660001 11.8602
5670001 11.7681
5680001 11.8114
5690001 11.9394
5700001 11.8852
5710001 11.8777
5720001 11.975
5730001 11.9451
5740001 11.8606
5750001 11.9231
5760001 11.8302
5770001 11.9414
5780001 11.8294
5790001 11.8406
5800001 11.8098
5810001 11.8044
5820001 11.8071
5830001 11.9262
5840001 11.8963
5850001 11.8383
5860001 11.7571
5870001 11.7445
5880001 11.8039
5890001 11.8475
5900001 11.8221
5910001 11.8192
5920001 11.9086
5930001 11.8232
5940001 11.8023
5950001 11.8557
5960001 11.8338
5970001 11.837
5980001 11.832
5990001 11.8322
6000001 11.9252
6010001 11.9789
6020001 11.826
6030001 11.9811
6040001 11.9066
6050001 11.7986
6060001 11.784
6070001 11.8092
6080001 11.7784
6090001 11.7984
6100001 11.7288
6110001 11.6808
6120001 11.7765
6130001 11.8895
6140001 11.8443
6150001 11.7949
6160001 11.8747
6170001 11.8157
6180001 11.8175
6190001 11.8255
6200001 11.8066
6210001 11.8759
6220001 11.796
6230001 11.9462
6240001 11.8268
6250001 11.8237
6260001 11.8321
6270001 11.8083
6280001 11.7749
6290001 11.9244
6300001 11.8319
6310001 11.8067
6320001 11.8733
6330001 11.8583
6340001 11.8839
6350001 11.8194
6360001 11.7758
6370001 11.8326
6380001 11.8888
6390001 11.8793
6400001 11.7696
6410001 11.8178
6420001 11.8291
6430001 11.7559
6440001 11.7525
6450001 11.7825
6460001 11.7555
6470001 11.7531
6480001 11.7787
6490001 11.7073
6500001 11.733
6510001 11.8092
6520001 11.7741
6530001 11.7803
6540001 11.8762
6550001 11.8126
6560001 11.7327
6570001 11.8022
6580001 11.7366
6590001 11.7492
6600001 11.7739
6610001 11.8374
6620001 11.7915
6630001 11.8555
6640001 11.8382
6650001 11.8595
6660001 11.7719
6670001 11.8326
6680001 11.9354
6690001 11.8406
6700001 11.7658
6710001 11.8261
6720001 11.8853
6730001 11.8198
6740001 11.8561
6750001 11.8376
6760001 11.8721
6770001 11.9054
6780001 11.7423
6790001 11.808
6800001 11.7732
6810001 11.7869
6820001 11.8084
6830001 11.8104
6840001 11.7927
6850001 11.8928
6860001 11.8423
6870001 11.8315
6880001 11.8056
6890001 11.7769
6900001 11.8348
6910001 11.7143
6920001 11.8821
6930001 11.8752
6940001 11.7358
6950001 11.7317
6960001 11.7936
6970001 11.776
6980001 11.8029
6990001 11.6673
7000001 11.7349
7010001 11.7891
7020001 11.7213
7030001 11.701
7040001 11.8208
7050001 11.743
7060001 11.8892
7070001 11.8143
7080001 11.8324
7090001 11.834
7100001 11.7682
7110001 11.768
7120001 11.8072
7130001 11.8977
7140001 11.7826
7150001 11.724
7160001 11.6993
7170001 11.7789
7180001 11.7585
7190001 11.7538
7200001 11.8317
7210001 11.6749
7220001 11.7392
7230001 11.6762
7240001 11.723
7250001 11.8184
7260001 11.8059
7270001 11.7332
7280001 11.6625
7290001 11.6274
7300001 11.6796
7310001 11.7968
7320001 11.7713
7330001 11.772
7340001 11.71
7350001 11.7652
7360001 11.7892
7370001 11.7627
7380001 11.7792
7390001 11.7486
7400001 11.7194
7410001 11.7469
7420001 11.7521
7430001 11.6658
7440001 11.7537
7450001 11.7613
7460001 11.7799
7470001 11.7867
7480001 11.7235
7490001 11.7588
7500001 11.8195
7510001 11.6948
7520001 11.6915
7530001 11.7573
7540001 11.6881
7550001 11.6866
7560001 11.6902
7570001 11.7263
7580001 11.8141
7590001 11.7067
7600001 11.7185
7610001 11.7128
7620001 11.7244
7630001 11.7297
7640001 11.675
7650001 11.68
7660001 11.6961
7670001 11.7491
7680001 11.7043
7690001 11.77
7700001 11.6928
7710001 11.7206
7720001 11.6725
7730001 11.6907
7740001 11.714
7750001 11.7286
7760001 11.6787
7770001 11.6611
7780001 11.7537
7790001 11.8246
7800001 11.7916
7810001 11.737
7820001 11.7444
7830001 11.7769
7840001 11.7858
7850001 11.8205
7860001 11.7501
7870001 11.6888
7880001 11.785
7890001 11.7698
7900001 11.862
7910001 11.7896
7920001 11.8507
7930001 11.8308
7940001 11.9072
7950001 11.7504
7960001 11.8413
7970001 11.8889
7980001 11.7968
7990001 11.8854
8000001 11.7605
8010001 11.746
8020001 11.7451
8030001 11.8091
8040001 11.8294
8050001 11.7358
8060001 11.7432
8070001 11.752
8080001 11.7684
8090001 11.742
8100001 11.7796
8110001 11.8329
8120001 11.769
8130001 11.7086
8140001 11.7558
8150001 11.7134
8160001 11.7645
8170001 11.8551
8180001 11.7794
8190001 11.7922
8200001 11.7073
8210001 11.6869
8220001 11.7075
8230001 11.7643
8240001 11.733
8250001 11.7642
8260001 11.7246
8270001 11.7513
8280001 11.7218
8290001 11.7664
8300001 11.7144
8310001 11.7533
8320001 11.7148
8330001 11.6615
8340001 11.7883
8350001 11.7143
8360001 11.6551
8370001 11.7236
8380001 11.7269
8390001 11.783
8400001 11.7602
8410001 11.6785
8420001 11.793
8430001 11.7192
8440001 11.7413
8450001 11.7043
8460001 11.7193
8470001 11.647
8480001 11.7898
8490001 11.7801
8500001 11.7272
8510001 11.8731
8520001 11.7757
8530001 11.7753
8540001 11.7233
8550001 11.6583
8560001 11.7305
8570001 11.708
8580001 11.7107
8590001 11.7632
8600001 11.6433
8610001 11.8081
8620001 11.689
8630001 11.6269
8640001 11.6556
8650001 11.6268
8660001 11.6812
8670001 11.7072
8680001 11.7148
8690001 11.7229
8700001 11.7283
8710001 11.6064
8720001 11.6604
8730001 11.8489
8740001 11.8816
8750001 11.7585
8760001 11.7977
8770001 11.7903
8780001 11.842
8790001 11.7915
8800001 11.739
8810001 11.7224
8820001 11.7791
8830001 11.671
8840001 11.6755
8850001 11.7573
8860001 11.6998
8870001 11.5664
8880001 11.7085
8890001 11.6715
8900001 11.7864
8910001 11.7146
8920001 11.7543
8930001 11.6935
8940001 11.6684
8950001 11.7304
8960001 11.6718
8970001 11.7519
8980001 11.7213
8990001 11.8592
9000001 11.7146
9010001 11.7804
9020001 11.7212
9030001 11.6491
9040001 11.7154
9050001 11.6516
9060001 11.6886
9070001 11.6926
9080001 11.6559
9090001 11.6847
9100001 11.7247
9110001 11.7412
9120001 11.6331
9130001 11.687
9140001 11.7456
9150001 11.7689
9160001 11.6777
9170001 11.7045
9180001 11.6782
9190001 11.6646
9200001 11.7604
9210001 11.7397
9220001 11.7529
9230001 11.7696
9240001 11.6728
9250001 11.685
9260001 11.6992
9270001 11.7066
9280001 11.7847
9290001 11.7321
9300001 11.7968
9310001 11.7673
9320001 11.7732
9330001 11.6849
9340001 11.7307
9350001 11.7335
9360001 11.6518
9370001 11.8141
9380001 11.782
9390001 11.7798
9400001 11.7391
9410001 11.7246
9420001 11.7154
9430001 11.6832
9440001 11.6749
9450001 11.7073
9460001 11.6641
9470001 11.7177
9480001 11.6161
9490001 11.6514
9500001 11.6719
9510001 11.6479
9520001 11.742
9530001 11.7028
9540001 11.6565
9550001 11.8137
9560001 11.7121
9570001 11.7007
9580001 11.6886
9590001 11.8532
9600001 11.8243
9610001 11.7619
9620001 11.7149
9630001 11.6426
9640001 11.6277
9650001 11.6735
9660001 11.6032
9670001 11.7567
9680001 11.7582
9690001 11.7869
9700001 11.7422
9710001 11.6709
9720001 11.6826
9730001 11.7113
9740001 11.6735
9750001 11.6901
9760001 11.8065
9770001 11.7305
9780001 11.7093
9790001 11.7084
9800001 11.7106
9810001 11.8118
9820001 11.6899
9830001 11.6944
9840001 11.7277
9850001 11.6745
9860001 11.6748
9870001 11.7541
9880001 11.8137
9890001 11.7582
9900001 11.7121
9910001 11.8056
9920001 11.7756
9930001 11.6847
9940001 11.7567
9950001 11.7375
9960001 11.6167
9970001 11.5608
9980001 11.7024
9990001 11.6741
10000001 11.807
10010001 11.7249
10020001 11.7571
10030001 11.6939
10040001 11.6659
10050001 11.7048
10060001 11.6842
10070001 11.6947
10080001 11.679
10090001 11.6226
10100001 11.7251
10110001 11.7964
10120001 11.7652
10130001 11.744
10140001 11.6726
10150001 11.6904
10160001 11.8585
10170001 11.7118
10180001 11.6627
10190001 11.7435
10200001 11.6849
10210001 11.6223
10220001 11.6358
10230001 11.6135
10240001 11.6312
10250001 11.7666
10260001 11.7316
10270001 11.7569
10280001 11.641
10290001 11.7123
10300001 11.7423
10310001 11.7119
10320001 11.717
10330001 11.6827
10340001 11.7347
10350001 11.7193
10360001 11.7308
10370001 11.695
10380001 11.7298
10390001 11.7023
10400001 11.6533
10410001 11.6166
10420001 11.7097
10430001 11.7904
10440001 11.8925
10450001 11.7833
10460001 11.8199
10470001 11.7949
10480001 11.7131
10490001 11.6611
10500001 11.6862
10510001 11.5727
10520001 11.67
10530001 11.5755
10540001 11.6347
10550001 11.6967
10560001 11.6678
10570001 11.683
10580001 11.7352
10590001 11.7692
10600001 11.7442
10610001 11.7773
10620001 11.733
10630001 11.9733
10640001 11.9318
10650001 11.7515
10660001 11.7666
10670001 11.7718
10680001 11.7167
10690001 11.7059
10700001 11.695
10710001 11.8769
10720001 11.7221
10730001 11.6863
10740001 11.6114
10750001 11.7437
10760001 11.7485
10770001 11.6899
10780001 11.6102
10790001 11.6253
10800001 11.7306
10810001 11.6773
10820001 11.6221
10830001 11.6856
10840001 11.6857
10850001 11.695
10860001 11.7455
10870001 11.6691
10880001 11.7016
10890001 11.6622
10900001 11.7799
10910001 11.6977
10920001 11.728
10930001 11.6982
10940001 11.7304
10950001 11.7578
10960001 11.6881
10970001 11.804
10980001 11.6474
10990001 11.7673
11000001 11.805
11010001 11.7764
11020001 11.6448
11030001 11.6606
11040001 11.6791
11050001 11.6444
11060001 11.7166
11070001 11.7643
11080001 11.6912
11090001 11.656
11100001 11.7229
11110001 11.6374
11120001 11.6813
11130001 11.7278
11140001 11.7204
11150001 11.8463
11160001 11.7143
11170001 11.726
11180001 11.7317
11190001 11.6616
11200001 11.5839
11210001 11.6532
11220001 11.6442
11230001 11.6676
11240001 11.6438
11250001 11.6818
11260001 11.7236
11270001 11.6996
11280001 11.7417
11290001 11.6546
11300001 11.6555
11310001 11.6878
11320001 11.7155
11330001 11.6744
11340001 11.7609
11350001 11.6997
11360001 11.6841
11370001 11.7406
11380001 11.7041
11390001 11.7866
11400001 11.7407
11410001 11.6368
11420001 11.679
11430001 11.705
11440001 11.6582
11450001 11.7106
11460001 11.718
11470001 11.8046
11480001 11.7144
11490001 11.7409
11500001 11.7503
11510001 11.7337
11520001 11.7411
11530001 11.7183
11540001 11.6221
11550001 11.6113
11560001 11.6974
11570001 11.6817
11580001 11.6036
11590001 11.6802
11600001 11.7207
11610001 11.7374
11620001 11.7212
11630001 11.606
11640001 11.7116
11650001 11.7354
11660001 11.7231
11670001 11.6825
11680001 11.659
11690001 11.6294
11700001 11.6774
11710001 11.6838
11720001 11.7171
11730001 11.7369
11740001 11.6895
11750001 11.6145
11760001 11.5996
11770001 11.6248
11780001 11.6503
11790001 11.6949
11800001 11.6811
11810001 11.6986
11820001 11.6667
11830001 11.7495
11840001 11.7161
11850001 11.649
11860001 11.5551
11870001 11.6306
11880001 11.6435
11890001 11.7047
11900001 11.763
11910001 11.7427
11920001 11.6032
11930001 11.5804
11940001 11.6094
11950001 11.6689
11960001 11.6333
11970001 11.6022
11980001 11.5889
11990001 11.7209
12000001 11.7026
12010001 11.6545
12020001 11.6947
12030001 11.6326
12040001 11.6379
12050001 11.6856
12060001 11.7106
12070001 11.6359
12080001 11.6751
12090001 11.8249
12100001 11.6167
12110001 11.6572
12120001 11.6174
12130001 11.6461
12140001 11.7006
12150001 11.6925
12160001 11.6593
12170001 11.6245
12180001 11.6815
12190001 11.6772
12200001 11.6616
12210001 11.6004
12220001 11.6699
12230001 11.6199
12240001 11.6707
12250001 11.5726
12260001 11.6387
12270001 11.606
12280001 11.7411
12290001 11.6231
12300001 11.6369
12310001 11.7414
12320001 11.6368
12330001 11.7438
12340001 11.6364
12350001 11.6736
12360001 11.6422
12370001 11.6796
12380001 11.6065
12390001 11.6658
12400001 11.6784
12410001 11.8081
12420001 11.6477
12430001 11.668
12440001 11.7182
12450001 11.6892
12460001 12.0051
12470001 11.6934
12480001 11.6743
12490001 11.5908
12500001 11.7097
12510001 11.7019
12520001 11.5528
12530001 11.6038
12540001 11.5421
12550001 11.644
12560001 11.6153
12570001 11.6368
12580001 11.682
12590001 11.6307
12600001 11.6137
12610001 11.6484
12620001 11.644
12630001 11.6028
12640001 11.6964
12650001 11.621
12660001 11.7819
12670001 11.7276
12680001 11.7219
12690001 11.7093
12700001 11.6966
12710001 11.6444
12720001 11.7175
12730001 11.7897
12740001 11.6639
12750001 11.6896
12760001 11.7482
12770001 11.7016
12780001 11.6132
12790001 11.6689
12800001 11.668
12810001 11.6728
12820001 11.6592
12830001 11.648
12840001 11.6147
12850001 11.6993
12860001 11.5901
12870001 11.6117
12880001 11.6375
12890001 11.7245
12900001 11.7391
12910001 11.6214
12920001 11.6209
12930001 11.6736
12940001 11.639
12950001 11.6406
12960001 11.6608
12970001 11.642
12980001 11.6549
12990001 11.702
13000001 11.5793
13010001 11.6992
13020001 11.676
13030001 11.5871
13040001 11.568
13050001 11.5588
13060001 11.697
13070001 11.6506
13080001 11.7135
13090001 11.6544
13100001 11.5835
13110001 11.6192
13120001 11.6915
13130001 11.5603
13140001 11.5945
13150001 11.6225
13160001 11.5839
13170001 11.6336
13180001 11.6822
13190001 11.7586
13200001 11.6847
13210001 11.6518
13220001 11.6144
13230001 11.6058
13240001 11.5014
13250001 11.6587
13260001 11.6252
13270001 11.6804
13280001 11.6566
13290001 11.5957
13300001 11.6156
13310001 11.6121
13320001 11.5809
13330001 11.5925
13340001 11.6625
13350001 11.5634
13360001 11.6358
13370001 11.6492
13380001 11.6429
13390001 11.5933
13400001 11.5701
13410001 11.7317
13420001 11.7123
13430001 11.6513
13440001 11.721
13450001 11.5795
13460001 11.7241
13470001 11.7313
13480001 11.7176
13490001 11.6291
13500001 11.7541
13510001 11.6956
13520001 11.5671
13530001 11.6999
13540001 11.6699
13550001 11.6156
13560001 11.6524
13570001 11.6536
13580001 11.6223
13590001 11.6451
13600001 11.7158
13610001 11.6319
13620001 11.7263
13630001 11.669
13640001 11.5946
13650001 11.6081
13660001 11.7404
13670001 11.5938
13680001 11.5627
13690001 11.6334
13700001 11.5015
13710001 11.6245
13720001 11.7399
13730001 11.6607
13740001 11.7231
13750001 11.7162
13760001 11.6678
13770001 11.7269
13780001 11.5982
13790001 11.7334
13800001 11.6606
13810001 11.6325
13820001 11.6652
13830001 11.6803
13840001 11.7053
13850001 11.6506
13860001 11.6686
13870001 11.6035
13880001 11.6325
13890001 11.7119
13900001 11.66
13910001 11.7237
13920001 11.6947
13930001 11.6926
13940001 11.6454
13950001 11.5169
13960001 11.6564
13970001 11.6134
13980001 11.7154
13990001 11.605
14000001 11.6693
14010001 11.6786
14020001 11.6267
14030001 11.6987
14040001 11.6295
14050001 11.6686
14060001 11.622
14070001 11.6403
14080001 11.6794
14090001 11.6666
14100001 11.6436
14110001 11.5663
14120001 11.6491
14130001 11.515
14140001 11.618
14150001 11.6053
14160001 11.665
14170001 11.6203
14180001 11.6183
14190001 11.6308
14200001 11.6827
14210001 11.6589
14220001 11.6786
14230001 11.7017
14240001 11.5606
14250001 11.7838
14260001 11.7231
14270001 11.5646
14280001 11.7122
14290001 11.5894
14300001 11.6601
14310001 11.6216
14320001 11.6426
14330001 11.6106
14340001 11.7611
14350001 11.7925
14360001 11.6975
14370001 11.7212
14380001 11.6883
14390001 11.707
14400001 11.7197
14410001 11.672
14420001 11.5603
14430001 11.5577
14440001 11.6256
14450001 11.6621
14460001 11.6161
14470001 11.6861
14480001 11.6588
14490001 11.6981
14500001 11.6066
14510001 11.6442
14520001 11.5753
14530001 11.6707
14540001 11.6223
14550001 11.6648
14560001 11.646
14570001 11.548
14580001 11.7082
14590001 11.7427
14600001 11.7183
14610001 11.6506
14620001 11.7188
14630001 11.7431
14640001 11.6587
14650001 11.7069
14660001 11.6362
14670001 11.6431
14680001 11.6403
14690001 11.6477
14700001 11.6468
14710001 11.6256
14720001 11.6563
14730001 11.6162
14740001 11.6371
14750001 11.6775
14760001 11.6313
14770001 11.6612
14780001 11.7422
14790001 11.5781
14800001 11.6583
14810001 11.6707
14820001 11.6832
14830001 11.6091
14840001 11.6035
14850001 11.5123
14860001 11.6973
14870001 11.6617
14880001 11.623
14890001 11.6375
14900001 11.6668
14910001 11.6548
14920001 11.7217
14930001 11.6863
14940001 11.7375
14950001 11.6534
14960001 11.6376
14970001 11.5487
14980001 11.6272
14990001 11.6145
15000001 11.6041
15010001 11.5895
15020001 11.608
15030001 11.603
15040001 11.6441
15050001 11.7433
15060001 11.6795
15070001 11.7087
15080001 11.6391
15090001 11.6536
15100001 11.6951
15110001 11.5979
15120001 11.671
15130001 11.6371
15140001 11.6125
15150001 11.677
15160001 11.6492
15170001 11.7034
15180001 11.6336
15190001 11.6959
15200001 11.6345
15210001 11.6334
15220001 11.6018
15230001 11.7613
15240001 11.6178
15250001 11.5799
15260001 11.7143
15270001 11.59
15280001 11.6125
15290001 11.5521
15300001 11.6346
15310001 11.6261
15320001 11.6066
15330001 11.5412
15340001 11.5522
15350001 11.6543
15360001 11.631
15370001 11.6205
15380001 11.5705
15390001 11.6161
15400001 11.715
15410001 11.6388
15420001 11.5516
15430001 11.6071
15440001 11.5683
15450001 11.4919
15460001 11.5713
15470001 11.5252
15480001 11.5439
15490001 11.559
15500001 11.5303
15510001 11.5537
15520001 11.6534
15530001 11.6618
15540001 11.5442
15550001 11.5433
15560001 11.5532
15570001 11.5357
15580001 11.5331
15590001 11.5339
15600001 11.5362
15610001 11.5917
15620001 11.6023
15630001 11.6145
15640001 11.5414
15650001 11.5764
15660001 11.751
15670001 11.6978
15680001 11.6531
15690001 11.6683
15700001 11.6948
15710001 11.5692
15720001 11.6653
15730001 11.5381
15740001 11.5642
15750001 11.5709
15760001 11.5839
15770001 11.5546
15780001 11.6134
15790001 11.5912
15800001 11.5979
15810001 11.6682
15820001 11.6182
15830001 11.6271
15840001 11.6017
15850001 11.6589
15860001 11.5624
15870001 11.5733
15880001 11.59
15890001 11.6385
15900001 11.5424
15910001 11.6636
15920001 11.6459
15930001 11.6456
15940001 11.7092
15950001 11.6954
15960001 11.695
15970001 11.6096
15980001 11.6853
15990001 11.6627
16000001 11.6129
16010001 11.5788
16020001 11.6494
16030001 11.6693
16040001 11.6319
16050001 11.6939
16060001 11.5385
16070001 11.6803
16080001 11.6843
16090001 11.6098
16100001 11.6286
16110001 11.608
16120001 11.5693
16130001 11.6971
16140001 11.7063
16150001 11.7347
16160001 11.6394
16170001 11.5872
16180001 11.5923
16190001 11.5998
16200001 11.683
16210001 11.6426
16220001 11.6121
16230001 11.6751
16240001 11.569
16250001 11.5904
16260001 11.5268
16270001 11.5675
16280001 11.5901
16290001 11.5047
16300001 11.5689
16310001 11.6059
16320001 11.5958
16330001 11.606
16340001 11.6205
16350001 11.5668
16360001 11.5827
16370001 11.8615
16380001 11.6666
16390001 11.7248
16400001 11.6406
16410001 11.646
16420001 11.6593
16430001 11.5983
16440001 11.6023
16450001 11.6288
16460001 11.587
16470001 11.6516
16480001 11.636
16490001 11.5762
16500001 11.5351
16510001 11.5762
16520001 11.5718
16530001 11.6
16540001 11.5997
16550001 11.552
16560001 11.6582
16570001 11.5928
16580001 11.5997
16590001 11.5439
16600001 11.6313
16610001 11.6014
16620001 11.5543
16630001 11.5852
16640001 11.6012
16650001 11.6956
16660001 11.657
16670001 11.5994
16680001 11.6018
16690001 11.6278
16700001 11.6249
16710001 11.6657
16720001 11.5454
16730001 11.6074
16740001 11.6791
16750001 11.5691
16760001 11.6617
16770001 11.5701
16780001 11.5382
16790001 11.4793
16800001 11.5913
16810001 11.5462
16820001 11.6059
16830001 11.6091
16840001 11.5706
16850001 11.6898
16860001 11.6179
16870001 11.5744
16880001 11.5396
16890001 11.5831
16900001 11.5496
16910001 11.6448
16920001 11.599
16930001 11.6645
16940001 11.6511
16950001 11.672
16960001 11.7022
16970001 11.6839
16980001 11.769
16990001 11.6926
17000001 11.7457
17010001 11.7563
17020001 11.8135
17030001 11.7324
17040001 11.7551
17050001 11.6728
17060001 11.5454
17070001 11.6131
17080001 11.5882
17090001 11.551
17100001 11.5617
17110001 11.6428
17120001 11.4888
17130001 11.6013
17140001 11.5945
17150001 11.6207
17160001 11.6494
17170001 11.7304
17180001 11.6965
17190001 11.73
17200001 11.6372
17210001 11.5661
17220001 11.5792
17230001 11.515
17240001 11.5605
17250001 11.6192
17260001 11.5099
17270001 11.4836
17280001 11.5222
17290001 11.5065
17300001 11.5196
17310001 11.5242
17320001 11.6128
17330001 11.5997
17340001 11.6385
17350001 11.748
17360001 11.6918
17370001 11.6265
17380001 11.5687
17390001 11.6098
17400001 11.6622
17410001 11.6213
17420001 11.6258
17430001 11.6923
17440001 11.6648
17450001 11.6558
17460001 11.5781
17470001 11.572
17480001 11.5606
17490001 11.5313
17500001 11.5153
17510001 11.6482
17520001 11.6095
17530001 11.5841
17540001 11.5885
17550001 11.6012
17560001 11.5794
17570001 11.6646
17580001 11.5976
17590001 11.5731
17600001 11.5818
17610001 11.7165
17620001 11.6344
17630001 11.6101
17640001 11.6368
17650001 11.594
17660001 11.6455
17670001 11.6673
17680001 11.5466
17690001 11.5783
17700001 11.632
17710001 11.592
17720001 11.5957
17730001 11.5788
17740001 11.5408
17750001 11.6184
17760001 11.5203
17770001 11.5872
17780001 11.5035
17790001 11.5492
17800001 11.6179
17810001 11.6353
17820001 11.6205
17830001 11.5795
17840001 11.64
17850001 11.7024
17860001 11.7002
17870001 11.5833
17880001 11.6568
17890001 11.5318
17900001 11.5957
17910001 11.6322
17920001 11.5872
17930001 11.5402
17940001 11.5224
17950001 11.6074
17960001 11.7149
17970001 11.7044
17980001 11.6725
17990001 11.7268
18000001 11.6699
18010001 11.5251
18020001 11.6281
18030001 11.5997
18040001 11.6477
18050001 11.658
18060001 11.5847
18070001 11.5369
18080001 11.5044
18090001 11.6228
18100001 11.7394
18110001 11.6863
18120001 11.5781
18130001 11.7685
18140001 11.6124
18150001 11.7106
18160001 11.6688
18170001 11.6484
18180001 11.5717
18190001 11.6006
18200001 11.5885
18210001 11.7257
18220001 11.702
18230001 11.6308
18240001 11.693
18250001 11.6637
18260001 11.5687
18270001 11.5555
18280001 11.5335
18290001 11.6283
18300001 11.6437
18310001 11.6094
18320001 11.5744
18330001 11.6033
18340001 11.6104
18350001 11.6424
18360001 11.6117
18370001 11.5761
18380001 11.6581
18390001 11.5697
18400001 11.5569
18410001 11.5943
18420001 11.5985
18430001 11.6405
18440001 11.6886
18450001 11.7154
18460001 11.6032
18470001 11.6947
18480001 11.6811
18490001 11.704
18500001 11.5792
18510001 11.5846
18520001 11.471
18530001 11.4814
18540001 11.5715
18550001 11.6442
18560001 11.5348
18570001 11.5585
18580001 11.58
18590001 11.5404
18600001 11.5881
18610001 11.6399
18620001 11.5855
18630001 11.5788
18640001 11.7332
18650001 11.6948
18660001 11.5789
18670001 11.6537
18680001 11.6172
18690001 11.5925
18700001 11.6526
18710001 11.5825
18720001 11.5314
18730001 11.5372
18740001 11.4962
18750001 11.6373
18760001 11.5606
18770001 11.6541
18780001 11.5925
18790001 11.6992
18800001 11.6052
18810001 11.6618
18820001 11.5674
18830001 11.5991
18840001 11.6083
18850001 11.5588
18860001 11.6061
18870001 11.5578
18880001 11.727
18890001 11.6166
18900001 11.7403
18910001 11.6399
18920001 11.6149
18930001 11.6802
18940001 11.61
18950001 11.6331
18960001 11.6559
18970001 11.6985
18980001 11.6597
18990001 11.5748
19000001 11.6117
19010001 11.6666
19020001 11.6382
19030001 11.6185
19040001 11.5377
19050001 11.5792
19060001 11.6131
19070001 11.567
19080001 11.6452
19090001 11.6644
19100001 11.6343
19110001 11.6843
19120001 11.6668
19130001 11.6443
19140001 11.5653
19150001 11.558
19160001 11.5247
19170001 11.5752
19180001 11.5155
19190001 11.5275
19200001 11.5159
19210001 11.5681
19220001 11.4731
19230001 11.5544
19240001 11.6368
19250001 11.5883
19260001 11.602
19270001 11.5613
19280001 11.5069
19290001 11.4974
19300001 11.5477
19310001 11.6909
19320001 11.6183
19330001 11.6174
19340001 11.5038
19350001 11.6105
19360001 11.5612
19370001 11.6224
19380001 11.6184
19390001 11.6109
19400001 11.7111
19410001 11.5971
19420001 11.6274
19430001 11.5846
19440001 11.5429
19450001 11.6538
19460001 11.5057
19470001 11.5779
19480001 11.6205
19490001 11.638
19500001 11.5967
19510001 11.6707
19520001 11.673
19530001 11.618
19540001 11.6522
19550001 11.6069
19560001 11.5435
19570001 11.5036
19580001 11.557
19590001 11.5174
19600001 11.5233
19610001 11.5454
19620001 11.5222
19630001 11.5335
19640001 11.5858
19650001 11.7066
19660001 11.7144
19670001 11.6184
19680001 11.6321
19690001 11.5841
19700001 11.5785
19710001 11.641
19720001 11.6313
19730001 11.6531
19740001 11.6993
19750001 11.6553
19760001 11.5995
19770001 11.5808
19780001 11.5908
19790001 11.5454
19800001 11.5239
19810001 11.5884
19820001 11.5755
19830001 11.5133
19840001 11.6126
19850001 11.5461
19860001 11.4805
19870001 11.4903
19880001 11.7073
19890001 11.6067
19900001 11.6233
19910001 11.6619
19920001 11.6509
19930001 11.633
19940001 11.5831
19950001 11.7091
19960001 11.6113
19970001 11.5412
19980001 11.6448
19990001 11.7316
20000001 11.6321
20010001 11.5694
20020001 11.5706
20030001 11.6058
20040001 11.542
20050001 11.5946
20060001 11.5951
20070001 11.5634
20080001 11.5804
20090001 11.5902
20100001 11.6793
20110001 11.7096
20120001 11.6657
20130001 11.618
20140001 11.573
20150001 11.5682
20160001 11.5701
20170001 11.6103
20180001 11.5828
20190001 11.5563
20200001 11.5882
20210001 11.609
20220001 11.5366
20230001 11.5291
20240001 11.5495
20250001 11.5605
20260001 11.6311
20270001 11.5933
20280001 11.5642
20290001 11.5433
20300001 11.6039
20310001 11.6184
20320001 11.5683
20330001 11.5496
20340001 11.634
20350001 11.52
20360001 11.5507
20370001 11.5776
20380001 11.6143
20390001 11.6429
20400001 11.6472
20410001 11.9702
20420001 11.6708
20430001 11.6029
20440001 11.5481
20450001 11.6011
20460001 11.7675
20470001 11.7134
20480001 11.6403
20490001 11.666
20500001 11.6613
20510001 11.6041
20520001 11.5714
20530001 11.5373
20540001 11.6156
20550001 11.5293
20560001 11.5445
20570001 11.5674
20580001 11.5926
20590001 11.5375
20600001 11.6128
20610001 11.5163
20620001 11.5461
20630001 11.562
20640001 11.499
20650001 11.4811
20660001 11.6261
20670001 11.5515
20680001 11.5804
20690001 11.5055
20700001 11.6387
20710001 11.6726
20720001 11.6722
20730001 11.7204
20740001 11.672
20750001 11.649
20760001 11.5684
20770001 11.5737
20780001 11.7061
20790001 11.771
20800001 11.6078
20810001 11.6359
20820001 11.6642
20830001 11.7003
20840001 11.6312
20850001 11.6277
20860001 11.6505
20870001 11.6967
20880001 11.5275
20890001 11.6705
20900001 11.6547
20910001 11.6274
20920001 11.6667
20930001 11.6565
20940001 11.5992
20950001 11.5605
20960001 11.6016
20970001 11.6341
20980001 11.5656
20990001 11.6571
21000001 11.5963
21010001 11.5999
21020001 11.6621
21030001 11.6079
21040001 11.5598
21050001 11.5601
21060001 11.6125
21070001 11.6395
21080001 11.6608
21090001 11.6793
21100001 11.6047
21110001 11.7604
21120001 11.5654
21130001 11.607
21140001 11.6027
21150001 11.6429
21160001 11.55
21170001 11.5841
21180001 11.5161
21190001 11.5171
21200001 11.5477
21210001 11.5232
21220001 11.5249
21230001 11.5583
21240001 11.5654
21250001 11.5524
21260001 11.6088
21270001 11.6151
21280001 11.5566
21290001 11.51
21300001 11.5729
21310001 11.5338
21320001 11.6271
21330001 11.6089
21340001 11.6366
21350001 11.5856
21360001 11.5917
21370001 11.6646
21380001 11.6187
21390001 11.5502
21400001 11.5475
21410001 11.5247
21420001 11.5632
21430001 11.6645
21440001 11.5957
21450001 11.6092
21460001 11.5989
21470001 11.6275
21480001 11.5816
21490001 11.5004
21500001 11.5835
21510001 11.5487
21520001 11.5874
21530001 11.4965
21540001 11.5851
21550001 11.5996
21560001 11.6113
21570001 11.6954
21580001 11.6265
21590001 11.5988
21600001 11.6357
21610001 11.6814
21620001 11.6117
21630001 11.7057
21640001 11.7063
21650001 11.7199
21660001 11.5757
21670001 11.6441
21680001 11.5329
21690001 11.5941
21700001 11.6315
21710001 11.5901
21720001 11.5457
21730001 11.5344
21740001 11.5888
21750001 11.4887
21760001 11.5741
21770001 11.5822
21780001 11.5983
21790001 11.5553
21800001 11.5597
21810001 11.5773
21820001 11.547
21830001 11.5647
21840001 11.5603
21850001 11.5058
21860001 11.5819
21870001 11.5787
21880001 11.5911
21890001 11.5823
21900001 11.6312
21910001 11.6379
21920001 11.6846
21930001 11.608
21940001 11.6492
21950001 11.5819
21960001 11.6167
21970001 11.5907
21980001 11.5433
21990001 11.5351
22000001 11.5198
22010001 11.5826
22020001 11.5492
22030001 11.6213
22040001 11.6246
22050001 11.5806
22060001 11.5794
22070001 11.616
22080001 11.6399
22090001 11.5537
22100001 11.6157
22110001 11.5539
22120001 11.6053
22130001 11.5869
22140001 11.5381
22150001 11.6029
22160001 11.5616
22170001 11.5926
22180001 11.6006
22190001 11.5341
22200001 11.6336
22210001 11.5309
22220001 11.6267
22230001 11.591
22240001 11.5633
22250001 11.5544
22260001 11.5518
22270001 11.5574
22280001 11.5541
22290001 11.5707
22300001 11.6748
22310001 11.6284
22320001 11.5926
22330001 11.5065
22340001 11.6442
22350001 11.7062
22360001 11.6507
22370001 11.6086
22380001 11.6114
22390001 11.5809
22400001 11.6056
22410001 11.6174
22420001 11.5297
22430001 11.5263
22440001 11.6209
22450001 11.6145
22460001 11.7089
22470001 11.6678
22480001 11.6023
22490001 11.6046
22500001 11.6168
22510001 11.6048
22520001 11.557
22530001 11.5595
22540001 11.4861
22550001 11.5842
22560001 11.5354
22570001 11.595
22580001 11.5011
22590001 11.5829
22600001 11.6221
22610001 11.5754
22620001 11.5895
22630001 11.5502
22640001 11.5337
22650001 11.5169
22660001 11.5553
22670001 11.5171
22680001 11.5563
22690001 11.5407
22700001 11.5864
22710001 11.5567
22720001 11.4492
22730001 11.4846
22740001 11.5558
22750001 11.5593
22760001 11.6248
22770001 11.5862
22780001 11.6766
22790001 11.6388
22800001 11.6875
22810001 11.6326
22820001 11.6374
22830001 11.5953
22840001 11.5329
22850001 11.504
22860001 11.4991
22870001 11.5456
22880001 11.5321
22890001 11.4964
22900001 11.5621
22910001 11.659
22920001 11.4946
22930001 11.6304
22940001 11.6645
22950001 11.5508
22960001 11.4781
22970001 11.5782
22980001 11.5353
22990001 11.6289
23000001 11.5738
23010001 11.5295
23020001 11.624
23030001 11.5683
23040001 11.6286
23050001 11.7128
23060001 11.6181
23070001 12.0658
23080001 11.8039
23090001 11.815
23100001 11.7256
23110001 11.6244
23120001 11.6253
23130001 11.6275
23140001 11.504
23150001 11.6123
23160001 11.6365
23170001 11.6668
23180001 11.5234
23190001 11.5159
23200001 11.6007
23210001 11.4981
23220001 11.6968
23230001 11.7158
23240001 11.6591
23250001 11.6759
23260001 11.6671
23270001 11.6639
23280001 11.6329
23290001 11.5438
23300001 11.6417
23310001 11.5997
23320001 11.5718
23330001 11.5832
23340001 11.6096
23350001 11.6324
23360001 11.535
23370001 11.6512
23380001 11.5652
23390001 11.5034
23400001 11.5686
23410001 11.5982
23420001 11.5285
23430001 11.6055
23440001 11.6079
23450001 11.6801
23460001 11.7167
23470001 11.5933
23480001 11.5775
23490001 11.5916
23500001 11.6127
23510001 11.5677
23520001 11.615
23530001 11.6524
23540001 11.6117
23550001 11.552
23560001 11.4778
23570001 11.5656
23580001 11.6014
23590001 11.4808
23600001 11.6013
23610001 11.5889
23620001 11.5573
23630001 11.5229
23640001 11.8688
23650001 11.7013
23660001 11.6819
23670001 11.6967
23680001 11.6473
23690001 11.5925
23700001 11.62
23710001 11.5911
23720001 11.6344
23730001 11.6657
23740001 11.6416
23750001 11.5689
23760001 11.6129
23770001 11.6085
23780001 11.6249
23790001 11.6541
23800001 11.6742
23810001 11.5994
23820001 11.6609
23830001 11.5976
23840001 11.7688
23850001 11.6312
23860001 11.622
23870001 11.6732
23880001 11.5592
23890001 11.6179
23900001 11.6552
23910001 11.5732
23920001 11.589
23930001 11.5879
23940001 11.5562
23950001 11.5092
23960001 11.4872
23970001 11.6071
23980001 11.6065
23990001 11.6165
24000001 11.6092
24010001 11.4963
24020001 11.6012
24030001 11.6103
24040001 11.6098
24050001 11.4916
24060001 11.6561
24070001 11.5323
24080001 11.5546
24090001 11.5599
24100001 11.5447
24110001 11.5806
24120001 11.5205
24130001 11.5983
24140001 11.6585
24150001 11.5665
24160001 11.581
24170001 11.6074
24180001 11.5099
24190001 11.5264
24200001 11.5051
24210001 11.5267
24220001 11.4307
24230001 11.4674
24240001 11.5251
24250001 11.5991
24260001 11.4706
24270001 11.522
24280001 11.513
24290001 11.6012
24300001 11.5336
24310001 11.4498
24320001 11.7278
24330001 11.599
24340001 11.5861
24350001 11.652
24360001 11.5991
24370001 11.4928
24380001 11.619
24390001 11.6637
24400001 11.5493
24410001 11.5887
24420001 11.5552
24430001 11.5682
24440001 12.0417
24450001 11.9734
24460001 11.7324
24470001 11.7388
24480001 11.7388
24490001 11.6174
24500001 11.6663
24510001 11.5122
24520001 11.6332
24530001 11.5744
24540001 11.5843
24550001 11.487
24560001 11.6161
24570001 11.5964
24580001 11.6259
24590001 11.5954
24600001 11.6047
24610001 11.6239
24620001 11.575
24630001 11.5922
24640001 11.6127
24650001 11.5849
24660001 11.4912
24670001 11.5493
24680001 11.6628
24690001 11.5337
24700001 11.5986
24710001 11.5915
24720001 11.6362
24730001 11.5487
24740001 11.6081
24750001 11.5523
24760001 11.6156
24770001 11.5481
24780001 11.5032
24790001 11.5517
24800001 11.553
24810001 11.4701
24820001 11.5187
24830001 11.4901
24840001 11.6299
24850001 11.6056
24860001 11.9046
24870001 11.8106
24880001 11.7199
24890001 11.6725
24900001 11.709
24910001 11.6309
24920001 11.6086
24930001 11.5826
24940001 11.5945
24950001 11.535
24960001 11.6179
24970001 11.595
24980001 11.4759
24990001 11.5192
25000001 11.542
25010001 11.5654
25020001 11.5518
25030001 11.5722
25040001 11.597
25050001 12.0002
25060001 11.722
25070001 11.5633
25080001 11.5734
25090001 11.5921
25100001 11.5669
25110001 11.583
25120001 11.4312
25130001 11.568
25140001 11.5969
25150001 11.6018
25160001 11.5518
25170001 11.5518
25180001 11.5129
25190001 11.5854
25200001 11.6094
25210001 11.6299
25220001 11.6302
25230001 11.5532
25240001 11.4825
25250001 11.5345
25260001 11.4875
25270001 11.581
25280001 11.5822
25290001 11.5614
25300001 11.6503
25310001 11.5566
25320001 11.627
25330001 11.5018
25340001 11.5206
25350001 11.7179
25360001 11.6705
25370001 11.5358
25380001 11.5175
25390001 11.541
25400001 11.6467
25410001 11.626
25420001 11.712
25430001 11.5583
25440001 11.5731
25450001 11.526
25460001 11.5309
25470001 11.5559
25480001 11.4935
25490001 11.5769
25500001 11.5138
25510001 11.4963
25520001 11.5336
25530001 11.4993
25540001 11.5449
25550001 11.5268
25560001 11.4984
25570001 11.4403
25580001 11.5467
25590001 11.5967
25600001 11.5964
25610001 11.565
25620001 11.6241
25630001 11.6145
25640001 11.5631
25650001 11.5632
25660001 11.5991
25670001 11.6385
25680001 11.5282
25690001 11.6034
25700001 11.6004
25710001 11.5798
25720001 11.6545
25730001 11.5819
25740001 11.565
25750001 11.6165
25760001 11.55
25770001 11.5451
25780001 11.5951
25790001 11.6028
25800001 11.4538
25810001 11.5466
25820001 11.4904
25830001 11.5711
25840001 11.498
25850001 11.5623
25860001 11.5844
25870001 11.5596
25880001 11.4852
25890001 11.5332
25900001 11.4922
25910001 11.5217
25920001 11.5492
25930001 11.5746
25940001 18.4083
25950001 16.7619
25960001 13.7122
25970001 12.7711
25980001 12.385
25990001 11.9045
26000001 11.8857
26010001 11.7427
26020001 11.5774
26030001 11.6124
26040001 11.6865
26050001 11.6212
26060001 11.5825
26070001 11.5961
26080001 11.5785
26090001 11.5971
26100001 11.5507
26110001 11.5962
26120001 11.5198
26130001 11.5838
26140001 11.5528
26150001 11.6081
26160001 11.6187
26170001 11.4742
26180001 11.5651
26190001 11.5456
26200001 11.6282
26210001 11.6299
26220001 11.6707
26230001 11.7077
26240001 11.6522
26250001 11.6795
26260001 11.5813
26270001 11.7227
26280001 11.6497
26290001 11.6084
26300001 11.5841
26310001 11.6398
26320001 11.5742
26330001 11.5617
26340001 11.5408
26350001 11.6201
26360001 11.5345
26370001 11.5063
26380001 11.4705
26390001 11.6158
26400001 11.5248
26410001 11.5849
26420001 11.6015
26430001 11.5588
26440001 11.4874
26450001 11.5795
26460001 11.5537
26470001 11.5666
26480001 11.5276
26490001 11.5842
26500001 11.5413
26510001 11.5226
26520001 11.5355
26530001 11.5731
26540001 11.5704
26550001 11.4246
26560001 11.5215
26570001 11.5404
26580001 11.6833
26590001 11.5548
26600001 11.478
26610001 11.494
26620001 11.4624
26630001 11.5257
26640001 11.5721
26650001 11.5794
26660001 11.574
26670001 11.6352
26680001 11.5127
26690001 11.4686
26700001 11.6231
26710001 11.6002
26720001 11.6669
26730001 11.5519
26740001 11.6104
26750001 11.5367
26760001 11.5538
26770001 11.5529
26780001 11.5655
26790001 11.5533
26800001 11.5798
26810001 11.673
26820001 11.5609
26830001 11.5147
26840001 11.5931
26850001 11.4871
26860001 11.4722
26870001 11.6046
26880001 11.6465
26890001 11.6238
26900001 11.5971
26910001 11.5757
26920001 11.6045
26930001 11.4938
26940001 11.4658
26950001 11.5599
26960001 11.5989
26970001 11.5835
26980001 11.6294
26990001 11.5869
27000001 11.5254
27010001 11.5119
27020001 11.5352
27030001 11.5567
27040001 11.6307
27050001 11.5941
27060001 11.6716
27070001 11.6184
27080001 11.5353
27090001 11.5822
27100001 11.5608
27110001 11.5518
27120001 11.612
27130001 11.6444
27140001 11.5664
27150001 11.5476
27160001 11.6832
27170001 11.5781
27180001 11.6006
27190001 11.6172
27200001 11.5968
27210001 11.6802
27220001 11.5957
27230001 11.7064
27240001 11.5525
27250001 11.5734
27260001 11.7101
27270001 11.5537
27280001 11.5265
27290001 11.5775
27300001 11.5487
27310001 11.5969
27320001 11.5487
27330001 11.4655
27340001 11.5957
27350001 11.5444
27360001 11.5687
27370001 11.5163
27380001 11.463
27390001 11.5847
27400001 11.6334
27410001 11.5817
27420001 11.6093
27430001 11.5996
27440001 11.6242
27450001 11.4558
27460001 11.4814
27470001 11.6413
27480001 11.4746
27490001 11.4177
27500001 11.516
27510001 11.556
27520001 11.496
27530001 11.5557
27540001 11.5244
27550001 11.6645
27560001 11.568
27570001 11.5488
27580001 11.6178
27590001 11.5449
27600001 11.5241
27610001 11.5835
27620001 11.506
27630001 11.5945
27640001 11.6531
27650001 11.5661
27660001 11.5809
27670001 11.6594
27680001 11.6599
27690001 11.5499
27700001 11.6285
27710001 11.5696
27720001 11.6695
27730001 11.5138
27740001 11.5376
27750001 11.599
27760001 11.5523
27770001 11.6066
27780001 11.5485
27790001 11.6308
27800001 11.6034
27810001 11.6142
27820001 11.5841
27830001 11.5735
27840001 11.6847
27850001 11.5743
27860001 11.4698
27870001 11.5259
27880001 11.542
27890001 11.7009
27900001 11.623
27910001 11.6306
27920001 11.6059
27930001 11.5147
27940001 11.6043
27950001 11.6412
27960001 11.664
27970001 11.7038
27980001 11.5688
27990001 11.5988
28000001 11.5113
28010001 11.5934
28020001 11.611
28030001 11.5271
28040001 11.632
28050001 11.5839
28060001 11.5226
28070001 11.5162
28080001 11.6345
28090001 11.5114
28100001 11.4677
28110001 11.4576
28120001 11.5266
28130001 11.6871
28140001 11.671
28150001 11.6548
28160001 11.5883
28170001 11.5927
28180001 11.634
28190001 11.5255
28200001 11.5336
28210001 11.6339
28220001 11.6349
28230001 11.6088
28240001 11.6712
28250001 11.5975
28260001 11.5498
28270001 11.6108
28280001 11.5181
28290001 11.5689
28300001 11.641
28310001 11.6292
28320001 11.6623
28330001 11.7076
28340001 11.6116
28350001 11.6803
28360001 11.6328
28370001 11.55
28380001 11.5474
28390001 11.6269
28400001 11.5973
28410001 11.6761
28420001 11.5502
28430001 11.5419
28440001 11.5806
28450001 11.6197
28460001 11.5513
28470001 11.6496
28480001 11.598
28490001 11.7219
28500001 11.6166
28510001 11.5437
28520001 11.6522
28530001 11.5406
28540001 11.5159
28550001 11.6117
28560001 11.505
28570001 11.5489
28580001 11.5944
28590001 11.509
28600001 11.5127
28610001 11.5688
28620001 11.5581
28630001 11.562
28640001 11.5133
28650001 11.5248
28660001 11.589
28670001 11.4901
28680001 11.5187
28690001 11.4842
28700001 11.5041
28710001 11.5291
28720001 11.4769
28730001 11.5403
28740001 11.5573
28750001 11.4704
28760001 11.5204
28770001 11.5782
28780001 11.4112
28790001 11.4346
28800001 11.4885
28810001 11.505
28820001 11.6041
28830001 11.6115
28840001 11.7066
28850001 11.5617
28860001 11.547
28870001 11.5433
28880001 11.603
28890001 11.5634
28900001 11.6158
28910001 11.6333
28920001 11.5815
28930001 11.6733
28940001 11.5806
28950001 11.5818
28960001 11.6206
28970001 11.5672
28980001 11.6529
28990001 11.6209
29000001 11.5368
29010001 11.5036
29020001 11.516
29030001 11.5098
29040001 11.5319
29050001 11.4912
29060001 11.5295
29070001 11.4818
29080001 11.4985
29090001 11.5507
29100001 11.6105
29110001 11.4711
29120001 11.4495
29130001 11.4966
29140001 11.5343
29150001 11.5444
29160001 11.5625
29170001 11.6331
29180001 11.4966
29190001 11.5583
29200001 11.5379
29210001 11.5719
29220001 11.5931
29230001 11.5998
29240001 11.5628
29250001 11.5603
29260001 11.6114
29270001 11.5884
29280001 11.5657
29290001 11.4942
29300001 11.5357
29310001 11.5346
29320001 11.5371
29330001 11.6453
29340001 11.5786
29350001 11.4753
29360001 11.5975
29370001 11.5515
29380001 11.5445
29390001 11.4979
29400001 11.5622
29410001 11.5924
29420001 11.5766
29430001 11.4776
29440001 11.6024
29450001 11.4817
29460001 11.5869
29470001 11.5374
29480001 11.564
29490001 11.5662
29500001 11.5891
29510001 11.5902
29520001 11.6228
29530001 11.6386
29540001 11.6492
29550001 11.5776
29560001 11.5264
29570001 11.5905
29580001 11.591
29590001 11.539
29600001 11.5195
29610001 11.512
29620001 11.5182
29630001 11.5107
29640001 11.5864
29650001 11.5875
29660001 11.6014
29670001 11.5171
29680001 11.4811
29690001 11.6051
29700001 11.5925
29710001 11.641
29720001 11.5925
29730001 11.6631
29740001 11.6119
29750001 11.6406
29760001 11.5449
29770001 11.504
29780001 11.5911
29790001 11.5239
29800001 11.5039
29810001 11.5855
29820001 11.6318
29830001 11.4937
29840001 11.5888
29850001 11.5744
29860001 11.602
29870001 11.6817
29880001 11.6127
29890001 11.5458
29900001 11.6189
29910001 11.5084
29920001 11.5502
29930001 11.5825
29940001 11.6059
29950001 11.5776
29960001 11.5658
29970001 11.6077
29980001 11.6679
29990001 11.6046
