1 263.71
1001 42.1295
2001 25.6017
3001 18.0598
4001 13.3423
5001 10.2405
6001 8.22911
7001 6.82101
8001 5.90589
9001 5.47005
10001 4.48421
11001 3.96542
12001 3.61575
13001 3.29478
14001 3.08325
15001 2.83197
16001 2.51343
17001 2.40768
18001 2.28178
19001 2.18678
20001 2.01807
21001 1.87367
22001 1.86486
23001 1.68217
24001 1.65872
25001 1.58196
26001 1.59544
27001 1.47398
28001 1.46382
29001 1.31415
30001 1.26489
31001 1.24223
32001 1.23474
33001 1.15196
34001 1.12949
35001 1.09329
36001 1.02875
37001 1.02928
38001 1.04944
39001 1.01111
40001 0.943572
41001 0.909071
42001 0.910181
43001 0.867915
44001 0.850369
45001 0.842101
46001 0.835054
47001 0.784044
48001 0.764422
49001 0.748835
50001 0.748108
51001 0.749112
52001 0.716752
53001 0.687582
54001 0.675702
55001 0.665899
56001 0.667536
57001 0.64752
58001 0.621201
59001 0.627464
60001 0.611747
61001 0.597999
62001 0.615177
63001 0.599035
64001 0.597338
65001 0.561727
66001 0.557514
67001 0.561431
68001 0.558941
69001 0.525356
70001 0.515503
71001 0.541886
72001 0.497571
73001 0.488377
74001 0.519247
75001 0.49454
76001 0.492907
77001 0.489165
78001 0.479441
79001 0.483685
80001 0.470219
81001 0.457578
82001 0.4614
83001 0.440574
84001 0.443643
85001 0.43386
86001 0.434906
87001 0.437821
88001 0.429001
89001 0.423019
90001 0.420447
91001 0.425081
92001 0.433358
93001 0.424753
94001 0.424452
95001 0.431846
96001 0.403936
97001 0.4118
98001 0.397276
99001 0.388282
100001 0.40513
101001 0.398348
102001 0.402927
103001 0.384843
104001 0.379775
105001 0.385701
106001 0.404346
107001 0.401126
108001 0.388002
109001 0.385225
110001 0.377989
111001 0.393307
112001 0.386665
113001 0.377131
114001 0.38847
115001 0.372546
116001 0.386225
117001 0.369419
118001 0.393201
119001 0.373011
120001 0.377622
121001 0.36657
122001 0.373198
123001 0.376737
124001 0.359965
125001 0.363164
126001 0.356515
127001 0.358687
128001 0.342341
129001 0.349603
130001 0.344559
131001 0.346224
132001 0.360789
133001 0.356628
134001 0.365383
135001 0.361078
136001 0.362783
137001 0.342056
138001 0.341725
139001 0.366478
140001 0.353495
141001 0.349698
142001 0.348072
143001 0.365137
144001 0.356069
145001 0.35921
146001 0.352763
147001 0.367709
148001 0.350686
149001 0.356604
150001 0.342976
151001 0.336753
152001 0.338806
153001 0.343167
154001 0.345266
155001 0.338583
156001 0.343297
157001 0.331326
158001 0.355842
159001 0.340273
160001 0.343141
161001 0.338776
162001 0.370035
163001 0.340998
164001 0.340272
165001 0.341612
166001 0.339608
167001 0.337395
168001 0.342061
169001 0.332848
170001 0.341334
171001 0.334666
172001 0.326289
173001 0.337688
174001 0.328656
175001 0.326441
176001 0.33627
177001 0.342276
178001 0.332548
179001 0.328816
180001 0.346245
181001 0.329343
182001 0.353766
183001 0.337734
184001 0.336347
185001 0.334708
186001 0.329054
187001 0.339649
188001 0.342875
189001 0.326054
190001 0.34475
191001 0.337056
192001 0.352045
193001 0.333467
194001 0.342194
195001 0.33009
196001 0.328841
197001 0.343148
198001 0.32882
199001 0.327488
200001 0.332606
201001 0.33454
202001 0.325779
203001 0.33441
204001 0.327567
205001 0.339616
206001 0.353338
207001 0.348659
208001 0.334345
209001 0.329263
210001 0.34005
211001 0.334029
212001 0.336422
213001 0.326837
214001 0.331957
215001 0.344577
216001 0.331818
217001 0.334323
218001 0.325923
219001 0.343922
220001 0.330141
221001 0.327543
222001 0.340257
223001 0.329677
224001 0.331463
225001 0.324818
226001 0.319511
227001 0.334014
228001 0.330263
229001 0.32518
230001 0.341588
231001 0.326957
232001 0.321014
233001 0.324957
234001 0.336951
235001 0.347136
236001 0.338919
237001 0.324922
238001 0.325503
239001 0.332069
240001 0.326477
241001 0.328532
242001 0.336858
243001 0.338897
244001 0.336915
245001 0.331385
246001 0.34065
247001 0.323799
248001 0.323137
249001 0.332681
250001 0.335747
251001 0.320812
252001 0.325583
253001 0.317259
254001 0.325641
255001 0.331363
256001 0.323884
257001 0.321494
258001 0.322714
259001 0.333315
260001 0.321773
261001 0.32841
262001 0.337145
263001 0.333266
264001 0.332757
265001 0.333146
266001 0.398726
267001 0.36025
268001 0.355781
269001 0.330307
270001 0.324592
271001 0.329672
272001 0.330272
273001 0.318238
274001 0.327465
275001 0.346189
276001 0.334891
277001 0.322347
278001 0.336945
279001 0.333289
280001 0.332571
281001 0.319443
282001 0.340385
283001 0.327001
284001 0.319008
285001 0.344572
286001 0.352332
287001 0.327562
288001 0.325098
289001 0.330919
290001 0.332563
291001 0.335034
292001 0.338945
293001 0.321873
294001 0.34374
295001 0.336145
296001 0.32882
297001 0.340295
298001 0.33669
299001 0.340846
300001 0.327292
301001 0.333344
302001 0.340579
303001 0.345957
304001 0.337467
305001 0.32859
306001 0.32923
307001 0.323053
308001 0.324323
309001 0.33867
310001 0.321466
311001 0.35559
312001 0.326838
313001 0.319311
314001 0.342391
315001 0.33603
316001 0.329729
317001 0.330039
318001 0.320886
319001 0.332909
320001 0.322211
321001 0.331383
322001 0.332646
323001 0.320909
324001 0.327923
325001 0.319642
326001 0.324439
327001 0.336996
328001 0.328099
329001 0.318097
330001 0.321378
331001 0.364631
332001 0.336551
333001 0.31811
334001 0.32991
335001 0.320298
336001 0.325925
337001 0.31538
338001 0.331463
339001 0.319124
340001 0.330345
341001 0.327859
342001 0.319109
343001 0.316109
344001 0.334255
345001 0.328976
346001 0.313921
347001 0.336629
348001 0.327836
349001 0.333898
350001 0.328841
351001 0.330702
352001 0.323966
353001 0.328264
354001 0.324773
355001 0.324337
356001 0.319974
357001 0.334546
358001 0.325343
359001 0.321539
360001 0.319342
361001 0.32601
362001 0.328747
363001 0.329393
364001 0.326897
365001 0.338421
366001 0.326895
367001 0.341869
368001 0.337379
369001 0.328146
370001 0.33317
371001 0.321682
372001 0.313334
373001 0.324032
374001 0.322171
375001 0.332288
376001 0.327044
377001 0.318647
378001 0.342552
379001 0.330268
380001 0.326473
381001 0.333675
382001 0.331813
383001 0.335471
384001 0.322471
385001 0.321857
386001 0.331042
387001 0.332755
388001 0.330133
389001 0.329015
390001 0.346492
391001 0.330813
392001 0.320612
393001 0.314512
394001 0.331613
395001 0.324261
396001 0.31484
397001 0.325704
398001 0.348462
399001 0.333287
400001 0.332354
401001 0.321742
402001 0.331451
403001 0.32158
404001 0.316291
405001 0.350766
406001 0.328085
407001 0.316045
408001 0.327496
409001 0.33885
410001 0.322832
411001 0.321289
412001 0.336703
413001 0.320014
414001 0.334173
415001 0.326491
416001 0.320052
417001 0.321811
418001 0.332552
419001 0.322017
420001 0.321563
421001 0.3324
422001 0.332843
423001 0.325617
424001 0.331491
425001 0.332949
426001 0.323229
427001 0.332494
428001 0.325364
429001 0.326859
430001 0.323346
431001 0.3331
432001 0.32371
433001 0.328828
434001 0.319376
435001 0.313224
436001 0.328225
437001 0.333335
438001 0.337053
439001 0.317921
440001 0.326472
441001 0.329127
442001 0.340036
443001 0.325099
444001 0.327419
445001 0.315423
446001 0.321462
447001 0.323823
448001 0.332555
449001 0.332141
450001 0.343083
451001 0.319744
452001 0.335485
453001 0.32956
454001 0.318475
455001 0.317552
456001 0.334281
457001 0.329122
458001 0.329112
459001 0.334573
460001 0.32532
461001 0.32494
462001 0.331644
463001 0.32703
464001 0.343113
465001 0.331562
466001 0.331104
467001 0.328955
468001 0.32136
469001 0.325506
470001 0.320306
471001 0.330522
472001 0.328222
473001 0.330287
474001 0.329676
475001 0.324653
476001 0.348729
477001 0.324252
478001 0.323972
479001 0.32703
480001 0.33133
481001 0.317113
482001 0.317375
483001 0.320554
484001 0.317248
485001 0.324317
486001 0.336112
487001 0.322636
488001 0.323405
489001 0.328914
490001 0.331822
491001 0.326936
492001 0.324102
493001 0.31745
494001 0.321884
495001 0.326937
496001 0.324541
497001 0.339481
498001 0.320013
499001 0.33266
500001 0.329498
501001 0.320491
502001 0.319257
503001 0.331796
504001 0.324311
505001 0.333591
506001 0.326896
507001 0.342967
508001 0.327242
509001 0.333818
510001 0.32364
511001 0.322844
512001 0.315746
513001 0.335959
514001 0.330573
515001 0.31962
516001 0.326525
517001 0.328713
518001 0.332198
519001 0.331098
520001 0.33272
521001 0.326352
522001 0.326605
523001 0.335071
524001 0.32687
525001 0.314634
526001 0.340298
527001 0.333028
528001 0.328392
529001 0.327477
530001 0.322165
531001 0.333057
532001 0.337785
533001 0.33696
534001 0.325994
535001 0.332979
536001 0.330919
537001 0.329906
538001 0.330813
539001 0.328122
540001 0.326211
541001 0.326099
542001 0.333061
543001 0.313939
544001 0.321878
545001 0.326833
546001 0.315282
547001 0.322644
548001 0.32557
549001 0.33744
550001 0.33055
551001 0.327837
552001 0.331824
553001 0.32089
554001 0.326305
555001 0.326101
556001 0.324361
557001 0.320826
558001 0.319267
559001 0.32519
560001 0.323887
561001 0.318077
562001 0.337377
563001 0.327426
564001 0.317483
565001 0.325643
566001 0.328424
567001 0.319813
568001 0.318787
569001 0.312308
570001 0.334556
571001 0.319355
572001 0.327767
573001 0.329549
574001 0.342475
575001 0.329624
576001 0.320168
577001 0.319484
578001 0.319465
579001 0.318835
580001 0.331183
581001 0.322539
582001 0.318058
583001 0.316629
584001 0.323922
585001 0.319118
586001 0.325709
587001 0.317871
588001 0.312454
589001 0.327446
590001 0.338279
591001 0.325233
592001 0.317363
593001 0.335312
594001 0.315632
595001 0.318597
596001 0.322003
597001 0.343422
598001 0.316595
599001 0.314885
600001 0.320412
601001 0.321617
602001 0.322428
603001 0.326333
604001 0.324489
605001 0.330002
606001 0.330209
607001 0.325666
608001 0.320386
609001 0.338887
610001 0.322195
611001 0.33701
612001 0.327625
613001 0.321374
614001 0.317195
615001 0.320066
616001 0.322647
617001 0.331396
618001 0.338531
619001 0.324344
620001 0.332293
621001 0.327007
622001 0.326388
623001 0.317141
624001 0.322018
625001 0.331897
626001 0.327564
627001 0.345489
628001 0.319698
629001 0.322998
630001 0.341684
631001 0.327246
632001 0.322123
633001 0.320332
634001 0.323319
635001 0.317492
636001 0.323359
637001 0.328738
638001 0.323376
639001 0.335623
640001 0.328005
641001 0.35608
642001 0.32886
643001 0.330699
644001 0.32518
645001 0.325669
646001 0.312059
647001 0.312063
648001 0.321668
649001 0.324973
650001 0.333699
651001 0.32539
652001 0.316669
653001 0.324262
654001 0.326738
655001 0.319552
656001 0.32072
657001 0.32106
658001 0.31915
659001 0.332289
660001 0.319812
661001 0.321702
662001 0.338
663001 0.32268
664001 0.319898
665001 0.33113
666001 0.341321
667001 0.327809
668001 0.318979
669001 0.346209
670001 0.31469
671001 0.318597
672001 0.323577
673001 0.324445
674001 0.336746
675001 0.331387
676001 0.326634
677001 0.323564
678001 0.340634
679001 0.324872
680001 0.341955
681001 0.313107
682001 0.33373
683001 0.333422
684001 0.339408
685001 0.325967
686001 0.321418
687001 0.328835
688001 0.327626
689001 0.319983
690001 0.319027
691001 0.335032
692001 0.346791
693001 0.342195
694001 0.323351
695001 0.316778
696001 0.317505
697001 0.327463
698001 0.327896
699001 0.313858
700001 0.314161
701001 0.323027
702001 0.315732
703001 0.337773
704001 0.322606
705001 0.321962
706001 0.323062
707001 0.322503
708001 0.328872
709001 0.32008
710001 0.321565
711001 0.335414
712001 0.320278
713001 0.315982
714001 0.31926
715001 0.32289
716001 0.325581
717001 0.331337
718001 0.324775
719001 0.320549
720001 0.32563
721001 0.326784
722001 0.324988
723001 0.315695
724001 0.325856
725001 0.324638
726001 0.320155
727001 0.320851
728001 0.324139
729001 0.337296
730001 0.33654
731001 0.323936
732001 0.326263
733001 0.334074
734001 0.336426
735001 0.341913
736001 0.326484
737001 0.341854
738001 0.323529
739001 0.320848
740001 0.321608
741001 0.332192
742001 0.330827
743001 0.337352
744001 0.328116
745001 0.327747
746001 0.329652
747001 0.330182
748001 0.333298
749001 0.319617
750001 0.319461
751001 0.319027
752001 0.329635
753001 0.323022
754001 0.333671
755001 0.326843
756001 0.329523
757001 0.324982
758001 0.32554
759001 0.324271
760001 0.321319
761001 0.326267
762001 0.314447
763001 0.315533
764001 0.314327
765001 0.318948
766001 0.323695
767001 0.32572
768001 0.324838
769001 0.332869
770001 0.317417
771001 0.349825
772001 0.326737
773001 0.326106
774001 0.317264
775001 0.325991
776001 0.330549
777001 0.341518
778001 0.335107
779001 0.321185
780001 0.339721
781001 0.319675
782001 0.318308
783001 0.330304
784001 0.321165
785001 0.326354
786001 0.325153
787001 0.336364
788001 0.324977
789001 0.324153
790001 0.327049
791001 0.335777
792001 0.325432
793001 0.328169
794001 0.317849
795001 0.33244
796001 0.332022
797001 0.33117
798001 0.345471
799001 0.340813
800001 0.327636
801001 0.322851
802001 0.323786
803001 0.330096
804001 0.331422
805001 0.349569
806001 0.330085
807001 0.334287
808001 0.325194
809001 0.320576
810001 0.319665
811001 0.32942
812001 0.336989
813001 0.317096
814001 0.316901
815001 0.32664
816001 0.316919
817001 0.319246
818001 0.313903
819001 0.318656
820001 0.317116
821001 0.328063
822001 0.32075
823001 0.319209
824001 0.321868
825001 0.315167
826001 0.332046
827001 0.328697
828001 0.316644
829001 0.331863
830001 0.318418
831001 0.342484
832001 0.331622
833001 0.32304
834001 0.333374
835001 0.323542
836001 0.319023
837001 0.326204
838001 0.311745
839001 0.316002
840001 0.317119
841001 0.325778
842001 0.32773
843001 0.327823
844001 0.324822
845001 0.321195
846001 0.316753
847001 0.319049
848001 0.306595
849001 0.318802
850001 0.335627
851001 0.342789
852001 0.326811
853001 0.329414
854001 0.321589
855001 0.314515
856001 0.327936
857001 0.322309
858001 0.332642
859001 0.318652
860001 0.314186
861001 0.318086
862001 0.329094
863001 0.338055
864001 0.332673
865001 0.330342
866001 0.32993
867001 0.319158
868001 0.333226
869001 0.3354
870001 0.328618
871001 0.324727
872001 0.324348
873001 0.320418
874001 0.328458
875001 0.332975
876001 0.327009
877001 0.327655
878001 0.33263
879001 0.32635
880001 0.324065
881001 0.323099
882001 0.31834
883001 0.330013
884001 0.328483
885001 0.331463
886001 0.337618
887001 0.332161
888001 0.343477
889001 0.340038
890001 0.326315
891001 0.333325
892001 0.327324
893001 0.320853
894001 0.328759
895001 0.322573
896001 0.331827
897001 0.330867
898001 0.335938
899001 0.325334
900001 0.328043
901001 0.317793
902001 0.332998
903001 0.333753
904001 0.333091
905001 0.328261
906001 0.320363
907001 0.325032
908001 0.341542
909001 0.334819
910001 0.358367
911001 0.340711
912001 0.33152
913001 0.316474
914001 0.329696
915001 0.323778
916001 0.322047
917001 0.327197
918001 0.328703
919001 0.329396
920001 0.333893
921001 0.327449
922001 0.320848
923001 0.331375
924001 0.32376
925001 0.320378
926001 0.322769
927001 0.315973
928001 0.316675
929001 0.31697
930001 0.321763
931001 0.323305
932001 0.317778
933001 0.32285
934001 0.316965
935001 0.311117
936001 0.324171
937001 0.324694
938001 0.317507
939001 0.319623
940001 0.323
941001 0.323468
942001 0.331449
943001 0.328124
944001 0.326473
945001 0.338126
946001 0.322232
947001 0.326639
948001 0.328835
949001 0.323513
950001 0.327054
951001 0.332972
952001 0.331335
953001 0.318439
954001 0.331938
955001 0.317924
956001 0.322122
957001 0.329699
958001 0.329212
959001 0.344466
960001 0.326187
961001 0.331056
962001 0.340156
963001 0.321488
964001 0.322205
965001 0.324873
966001 0.330786
967001 0.328828
968001 0.329951
969001 0.328751
970001 0.313573
971001 0.338361
972001 0.324678
973001 0.334194
974001 0.318082
975001 0.323765
976001 0.319288
977001 0.3231
978001 0.315316
979001 0.322709
980001 0.326221
981001 0.319829
982001 0.32094
983001 0.306096
984001 0.324081
985001 0.317631
986001 0.327751
987001 0.325065
988001 0.326114
989001 0.326159
990001 0.335868
991001 0.331357
992001 0.316323
993001 0.322111
994001 0.338002
995001 0.325812
996001 0.323099
997001 0.315845
998001 0.324859
999001 0.335162
