1 945.383
10001 48.0188
20001 21.6668
30001 13.2776
40001 9.62796
50001 7.52276
60001 6.27284
70001 5.42792
80001 4.72315
90001 4.26209
100001 3.89494
110001 3.59126
120001 3.37359
130001 3.1871
140001 3.05293
150001 2.9378
160001 2.83064
170001 2.73239
180001 2.66396
190001 2.60383
200001 2.55866
210001 2.51632
220001 2.48831
230001 2.46063
240001 2.42745
250001 2.44912
260001 2.39069
270001 2.38477
280001 2.35998
290001 2.34888
300001 2.33556
310001 2.30878
320001 2.30207
330001 2.28179
340001 2.30137
350001 2.30219
360001 2.27967
370001 2.28157
380001 2.26725
390001 2.2628
400001 2.2487
410001 2.27846
420001 2.25474
430001 2.24134
440001 2.24365
450001 2.25253
460001 2.24925
470001 2.288
480001 2.24792
490001 2.22792
500001 2.24387
510001 2.22159
520001 2.24084
530001 2.24194
540001 2.22097
550001 2.21716
560001 2.20747
570001 2.23123
580001 2.22873
590001 2.22394
600001 2.21848
610001 2.2108
620001 2.22116
630001 2.20803
640001 2.22056
650001 2.20139
660001 2.21202
670001 2.23145
680001 2.21635
690001 2.20275
700001 2.21264
710001 2.21895
720001 2.21278
730001 2.2094
740001 2.22393
750001 2.20307
760001 2.20612
770001 2.20148
780001 2.19615
790001 2.20204
800001 2.28484
810001 2.21395
820001 2.20613
830001 2.1948
840001 2.19262
850001 2.21525
860001 2.20301
870001 2.21744
880001 2.2078
890001 2.20681
900001 2.19064
910001 2.21163
920001 2.20075
930001 2.20765
940001 2.20061
950001 2.21706
960001 2.20327
970001 2.21788
980001 2.19514
990001 2.20638
1000001 2.22935
1010001 2.22437
1020001 2.19864
1030001 2.19408
1040001 2.28
1050001 2.21086
1060001 2.20029
1070001 2.20166
1080001 2.20234
1090001 2.19747
1100001 2.21116
1110001 2.20055
1120001 2.21186
1130001 2.19479
1140001 2.21947
1150001 2.30795
1160001 2.20768
1170001 2.21005
1180001 2.20228
1190001 2.20529
1200001 2.19595
1210001 2.2016
1220001 2.20146
1230001 2.20536
1240001 2.1961
1250001 2.19978
1260001 2.1851
1270001 2.20474
1280001 2.19632
1290001 2.19925
1300001 2.18516
1310001 2.20655
1320001 2.20333
1330001 2.19172
1340001 2.20075
1350001 2.20049
1360001 2.18469
1370001 2.20497
1380001 2.20071
1390001 2.2115
1400001 2.20238
1410001 2.20146
1420001 2.18632
1430001 2.20432
1440001 2.18717
1450001 2.20592
1460001 2.18948
1470001 2.20674
1480001 2.20742
1490001 2.2047
1500001 2.20713
1510001 2.19517
1520001 2.22051
1530001 2.19918
1540001 2.22958
1550001 2.20143
1560001 2.19301
1570001 2.19732
1580001 2.19581
1590001 2.20089
1600001 2.19342
1610001 2.20349
1620001 2.20071
1630001 2.18783
1640001 2.20455
1650001 2.19704
1660001 2.20283
1670001 2.20562
1680001 2.20796
1690001 2.20257
1700001 2.19233
1710001 2.18912
1720001 2.19442
1730001 2.19641
1740001 2.18516
1750001 2.19785
1760001 2.19058
1770001 2.18778
1780001 2.18506
1790001 2.19901
1800001 2.20274
1810001 2.21722
1820001 2.21233
1830001 2.20683
1840001 2.19213
1850001 2.19668
1860001 2.21919
1870001 2.22979
1880001 2.20473
1890001 2.20207
1900001 2.20661
1910001 2.2005
1920001 2.21342
1930001 2.21075
1940001 2.19388
1950001 2.20072
1960001 2.20245
1970001 2.20135
1980001 2.21011
1990001 2.19124
2000001 2.28083
2010001 2.20784
2020001 2.23784
2030001 2.19185
2040001 2.19894
2050001 2.19381
2060001 2.19611
2070001 2.2105
2080001 2.18413
2090001 2.18499
2100001 2.19632
2110001 2.20043
2120001 2.20473
2130001 2.19492
2140001 2.20615
2150001 2.2096
2160001 2.19622
2170001 2.21011
2180001 2.19616
2190001 2.18375
2200001 2.21203
2210001 2.20503
2220001 2.19713
2230001 2.20513
2240001 2.19781
2250001 2.19256
2260001 2.18948
2270001 2.20317
2280001 2.20063
2290001 2.19433
2300001 2.22174
2310001 2.18387
2320001 2.19809
2330001 2.19859
2340001 2.20557
2350001 2.20421
2360001 2.19024
2370001 2.19869
2380001 2.18852
2390001 2.18533
2400001 2.22052
2410001 2.19595
2420001 2.20037
2430001 2.20201
2440001 2.20645
2450001 2.19171
2460001 2.19578
2470001 2.2162
2480001 2.19918
2490001 2.17784
2500001 2.20263
2510001 2.19933
2520001 2.17881
2530001 2.19465
2540001 2.1866
2550001 2.19586
2560001 2.20686
2570001 2.20185
2580001 2.20018
2590001 2.19026
2600001 2.20325
2610001 2.22212
2620001 2.18141
2630001 2.19234
2640001 2.194
2650001 2.19381
2660001 2.20841
2670001 2.19555
2680001 2.19465
2690001 2.20052
2700001 2.19291
2710001 2.20157
2720001 2.19578
2730001 2.20016
2740001 2.20298
2750001 2.1948
2760001 2.18795
2770001 2.19396
2780001 2.20855
2790001 2.18975
2800001 2.20004
2810001 2.21232
2820001 2.20268
2830001 2.20212
2840001 2.21309
2850001 2.18027
2860001 2.19139
2870001 2.20272
2880001 2.19098
2890001 2.20346
2900001 2.19591
2910001 2.20381
2920001 2.19846
2930001 2.27334
2940001 2.24646
2950001 2.19878
2960001 2.19728
2970001 2.19586
2980001 2.20709
2990001 2.18926
3000001 2.19788
3010001 2.18822
3020001 2.18237
3030001 2.20867
3040001 2.19726
3050001 2.21032
3060001 2.19178
3070001 2.19848
3080001 2.19773
3090001 2.19857
3100001 2.19247
3110001 2.19242
3120001 2.18411
3130001 2.19046
3140001 2.20897
3150001 2.19147
3160001 2.1901
3170001 2.19057
3180001 2.20794
3190001 2.20988
3200001 2.2098
3210001 2.18688
3220001 2.19392
3230001 2.24268
3240001 2.19997
3250001 2.19872
3260001 2.19634
3270001 2.17705
3280001 2.20504
3290001 2.21186
3300001 2.20765
3310001 2.18863
3320001 2.20902
3330001 2.19041
3340001 2.19915
3350001 2.20205
3360001 2.21634
3370001 2.2025
3380001 2.19851
3390001 2.20153
3400001 2.18686
3410001 2.20452
3420001 2.20444
3430001 2.19948
3440001 2.18381
3450001 2.19946
3460001 2.19614
3470001 2.18301
3480001 2.206
3490001 2.18744
3500001 2.18181
3510001 2.19234
3520001 2.19237
3530001 2.19884
3540001 2.18816
3550001 2.19966
3560001 2.1914
3570001 2.18401
3580001 2.18809
3590001 2.22599
3600001 2.2042
3610001 2.19047
3620001 2.20195
3630001 2.21865
3640001 2.21442
3650001 2.19492
3660001 2.188
3670001 2.19435
3680001 2.18817
3690001 2.21557
3700001 2.20952
3710001 2.20742
3720001 2.19388
3730001 2.19571
3740001 2.19981
3750001 2.20121
3760001 2.1953
3770001 2.19213
3780001 2.19729
3790001 2.19597
3800001 2.19457
3810001 2.19668
3820001 2.18687
3830001 2.19605
3840001 2.20356
3850001 2.18852
3860001 2.22024
3870001 2.18692
3880001 2.19516
3890001 2.21869
3900001 2.18637
3910001 2.19007
3920001 2.20615
3930001 2.20942
3940001 2.22303
3950001 2.20232
3960001 2.26607
3970001 2.2051
3980001 2.23934
3990001 2.21623
4000001 2.17956
4010001 2.20559
4020001 2.21539
4030001 2.18825
4040001 2.20593
4050001 2.1928
4060001 2.21779
4070001 2.19133
4080001 2.1909
4090001 2.1944
4100001 2.19576
4110001 2.21224
4120001 2.19867
4130001 2.19026
4140001 2.18682
4150001 2.19638
4160001 2.18095
4170001 2.19529
4180001 2.19334
4190001 2.19039
4200001 2.19328
4210001 2.20395
4220001 2.19838
4230001 2.19412
4240001 2.20772
4250001 2.17897
4260001 2.20183
4270001 2.19719
4280001 2.19737
4290001 2.17757
4300001 2.18935
4310001 2.19033
4320001 2.19144
4330001 2.19259
4340001 2.19536
4350001 2.18976
4360001 2.20213
4370001 2.19824
4380001 2.19044
4390001 2.17893
4400001 2.20004
4410001 2.19532
4420001 2.19646
4430001 2.17745
4440001 2.2012
4450001 2.19982
4460001 2.19162
4470001 2.20604
4480001 2.20351
4490001 2.1929
4500001 2.18779
4510001 2.20932
4520001 2.18764
4530001 2.19296
4540001 2.20073
4550001 2.17895
4560001 2.20615
4570001 2.22221
4580001 2.18594
4590001 2.19455
4600001 2.1894
4610001 2.19395
4620001 2.192
4630001 2.20008
4640001 2.19576
4650001 2.20358
4660001 2.18882
4670001 2.21269
4680001 2.19468
4690001 2.19796
4700001 2.20249
4710001 2.20952
4720001 2.20351
4730001 2.20212
4740001 2.19848
4750001 2.2133
4760001 2.20907
4770001 2.2022
4780001 2.19674
4790001 2.17962
4800001 2.19069
4810001 2.19618
4820001 2.20854
4830001 2.20334
4840001 2.19138
4850001 2.20383
4860001 2.18953
4870001 2.19362
4880001 2.20168
4890001 2.20033
4900001 2.20565
4910001 2.19441
4920001 2.2207
4930001 2.21184
4940001 2.1979
4950001 2.19671
4960001 2.19765
4970001 2.18893
4980001 2.19346
4990001 2.19462
5000001 2.202
5010001 2.18036
5020001 2.20827
5030001 2.17807
5040001 2.19605
5050001 2.18198
5060001 2.21605
5070001 2.2038
5080001 2.18623
5090001 2.20126
5100001 2.20912
5110001 2.21259
5120001 2.20578
5130001 2.20402
5140001 2.18214
5150001 2.21169
5160001 2.1959
5170001 2.20598
5180001 2.20118
5190001 2.18869
5200001 2.20513
5210001 2.19587
5220001 2.18343
5230001 2.20118
5240001 2.19295
5250001 2.19301
5260001 2.19656
5270001 2.20572
5280001 2.21173
5290001 2.21046
5300001 2.21039
5310001 2.20563
5320001 2.20634
5330001 2.18844
5340001 2.18691
5350001 2.21146
5360001 2.19802
5370001 2.20637
5380001 2.2181
5390001 2.19412
5400001 2.2039
5410001 2.18583
5420001 2.21873
5430001 2.21262
5440001 2.18205
5450001 2.18253
5460001 2.19145
5470001 2.18712
5480001 2.19659
5490001 2.1912
5500001 2.21988
5510001 2.19287
5520001 2.20861
5530001 2.18918
5540001 2.19815
5550001 2.20083
5560001 2.20555
5570001 2.20746
5580001 2.20065
5590001 2.20613
5600001 2.1962
5610001 2.19782
5620001 2.1953
5630001 2.18167
5640001 2.18222
5650001 2.19781
5660001 2.20082
5670001 2.19192
5680001 2.2038
5690001 2.19897
5700001 2.18992
5710001 2.1908
5720001 2.18536
5730001 2.20269
5740001 2.20548
5750001 2.18527
5760001 2.19048
5770001 2.20153
5780001 2.18232
5790001 2.18527
5800001 2.1868
5810001 2.2049
5820001 2.19423
5830001 2.21345
5840001 2.1973
5850001 2.21322
5860001 2.22434
5870001 2.18853
5880001 2.19334
5890001 2.20424
5900001 2.19798
5910001 2.1912
5920001 2.19879
5930001 2.20352
5940001 2.19458
5950001 2.18399
5960001 2.19856
5970001 2.18977
5980001 2.20383
5990001 2.21321
6000001 2.19819
6010001 2.19325
6020001 2.17608
6030001 2.18683
6040001 2.18937
6050001 2.20147
6060001 2.22951
6070001 2.20642
6080001 2.21154
6090001 2.20713
6100001 2.18097
6110001 2.19113
6120001 2.19771
6130001 2.18424
6140001 2.19585
6150001 2.18333
6160001 2.20565
6170001 2.19947
6180001 2.19232
6190001 2.18673
6200001 2.19852
6210001 2.20409
6220001 2.20156
6230001 2.17327
6240001 2.20518
6250001 2.19884
6260001 2.1856
6270001 2.20887
6280001 2.20087
6290001 2.19992
6300001 2.20651
6310001 2.20063
6320001 2.19818
6330001 2.19741
6340001 2.18476
6350001 2.19689
6360001 2.20226
6370001 2.20457
6380001 2.21042
6390001 2.18628
6400001 2.21952
6410001 2.20318
6420001 2.19597
6430001 2.17869
6440001 2.20289
6450001 2.19338
6460001 2.20265
6470001 2.18408
6480001 2.17725
6490001 2.20589
6500001 2.21493
6510001 2.20056
6520001 2.20403
6530001 2.19982
6540001 2.20106
6550001 2.19612
6560001 2.21144
6570001 2.19663
6580001 2.19713
6590001 2.20324
6600001 2.19123
6610001 2.19361
6620001 2.19956
6630001 2.20517
6640001 2.19098
6650001 2.20956
6660001 2.19229
6670001 2.18786
6680001 2.20395
6690001 2.18431
6700001 2.19942
6710001 2.18304
6720001 2.18764
6730001 2.22143
6740001 2.19527
6750001 2.21199
6760001 2.21388
6770001 2.20597
6780001 2.21396
6790001 2.19269
6800001 2.20877
6810001 2.20205
6820001 2.19517
6830001 2.19174
6840001 2.1933
6850001 2.22808
6860001 2.18916
6870001 2.18327
6880001 2.19912
6890001 2.19372
6900001 2.20817
6910001 2.20979
6920001 2.19392
6930001 2.20423
6940001 2.19576
6950001 2.19096
6960001 2.19695
6970001 2.1793
6980001 2.19784
6990001 2.19124
7000001 2.28137
7010001 2.1884
7020001 2.18608
7030001 2.21555
7040001 2.20799
7050001 2.19694
7060001 2.19009
7070001 2.20055
7080001 2.18509
7090001 2.19544
7100001 2.18337
7110001 2.18425
7120001 2.19413
7130001 2.20498
7140001 2.19998
7150001 2.18087
7160001 2.19288
7170001 2.23392
7180001 2.22265
7190001 2.2037
7200001 2.19641
7210001 2.20995
7220001 2.1881
7230001 2.20737
7240001 2.19699
7250001 2.20238
7260001 2.19839
7270001 2.20142
7280001 2.20186
7290001 2.18446
7300001 2.20393
7310001 2.19878
7320001 2.21867
7330001 2.18897
7340001 2.19169
7350001 2.20397
7360001 2.19706
7370001 2.20331
7380001 2.1942
7390001 2.20628
7400001 2.20459
7410001 2.20123
7420001 2.19204
7430001 2.1818
7440001 2.1907
7450001 2.19927
7460001 2.18375
7470001 2.2022
7480001 2.20454
7490001 2.20018
7500001 2.18531
7510001 2.19186
7520001 2.19645
7530001 2.20399
7540001 2.20847
7550001 2.20207
7560001 2.19787
7570001 2.18966
7580001 2.19696
7590001 2.19095
7600001 2.18814
7610001 2.18419
7620001 2.20592
7630001 2.20371
7640001 2.19207
7650001 2.18605
7660001 2.19699
7670001 2.18687
7680001 2.19615
7690001 2.21466
7700001 2.1953
7710001 2.18238
7720001 2.2059
7730001 2.21002
7740001 2.203
7750001 2.2167
7760001 2.19199
7770001 2.20207
7780001 2.19606
7790001 2.18442
7800001 2.1987
7810001 2.2085
7820001 2.19705
7830001 2.18729
7840001 2.202
7850001 2.20716
7860001 2.19154
7870001 2.19167
7880001 2.19446
7890001 2.20856
7900001 2.20229
7910001 2.18087
7920001 2.18785
7930001 2.20503
7940001 2.19327
7950001 2.19431
7960001 2.18804
7970001 2.18788
7980001 2.18536
7990001 2.183
8000001 2.1836
8010001 2.20314
8020001 2.21311
8030001 2.19942
8040001 2.20761
8050001 2.20163
8060001 2.2113
8070001 2.19649
8080001 2.21061
8090001 2.19368
8100001 2.19368
8110001 2.19366
8120001 2.19113
8130001 2.20013
8140001 2.18388
8150001 2.18745
8160001 2.19125
8170001 2.21047
8180001 2.17622
8190001 2.1954
8200001 2.21001
8210001 2.19607
8220001 2.20766
8230001 2.18523
8240001 2.21273
8250001 2.206
8260001 2.2053
8270001 2.19206
8280001 2.19241
8290001 2.19903
8300001 2.20358
8310001 2.19588
8320001 2.18332
8330001 2.21202
8340001 2.20884
8350001 2.20635
8360001 2.20721
8370001 2.1956
8380001 2.20535
8390001 2.1959
8400001 2.20324
8410001 2.20526
8420001 2.18909
8430001 2.20373
8440001 2.18586
8450001 2.18383
8460001 2.20063
8470001 2.20406
8480001 2.19236
8490001 2.19127
8500001 2.19878
8510001 2.20194
8520001 2.19611
8530001 2.21871
8540001 2.20464
8550001 2.2177
8560001 2.19974
8570001 2.20448
8580001 2.21691
8590001 2.22157
8600001 2.20234
8610001 2.21549
8620001 2.20556
8630001 2.19899
8640001 2.20159
8650001 2.20533
8660001 2.18819
8670001 2.20287
8680001 2.20871
8690001 2.1872
8700001 2.18358
8710001 2.18432
8720001 2.20878
8730001 2.19689
8740001 2.20297
8750001 2.19319
8760001 2.19235
8770001 2.19404
8780001 2.20075
8790001 2.18969
8800001 2.19074
8810001 2.21549
8820001 2.19409
8830001 2.18691
8840001 2.20467
8850001 2.18599
8860001 2.19896
8870001 2.18684
8880001 2.19074
8890001 2.20425
8900001 2.19714
8910001 2.18822
8920001 2.18752
8930001 2.19833
8940001 2.20007
8950001 2.20269
8960001 2.19347
8970001 2.19008
8980001 2.20712
8990001 2.19092
9000001 2.1945
9010001 2.21237
9020001 2.19121
9030001 2.20445
9040001 2.17632
9050001 2.20625
9060001 2.19036
9070001 2.2124
9080001 2.18555
9090001 2.18097
9100001 2.19257
9110001 2.207
9120001 2.21186
9130001 2.19746
9140001 2.19909
9150001 2.20815
9160001 2.20289
9170001 2.19438
9180001 2.19632
9190001 2.19238
9200001 2.19681
9210001 2.1813
9220001 2.18885
9230001 2.19999
9240001 2.19097
9250001 2.25962
9260001 2.2194
9270001 2.19876
9280001 2.19288
9290001 2.18679
9300001 2.1998
9310001 2.17991
9320001 2.20423
9330001 2.1848
9340001 2.20197
9350001 2.18012
9360001 2.20668
9370001 2.19909
9380001 2.1992
9390001 2.18399
9400001 2.20337
9410001 2.20872
9420001 2.18036
9430001 2.1851
9440001 2.19784
9450001 2.18942
9460001 2.21964
9470001 2.21191
9480001 2.18294
9490001 2.19822
9500001 2.19806
9510001 2.21042
9520001 2.2
9530001 2.19497
9540001 2.20488
9550001 2.20598
9560001 2.21327
9570001 2.19366
9580001 2.18235
9590001 2.18402
9600001 2.17808
9610001 2.20446
9620001 2.19408
9630001 2.19842
9640001 2.19767
9650001 2.21535
9660001 2.18553
9670001 2.21704
9680001 2.19826
9690001 2.21849
9700001 2.19553
9710001 2.20961
9720001 2.19008
9730001 2.17637
9740001 2.18246
9750001 2.21428
9760001 2.19266
9770001 2.19874
9780001 2.19972
9790001 2.18519
9800001 2.2032
9810001 2.1974
9820001 2.19266
9830001 2.21092
9840001 2.19307
9850001 2.19416
9860001 2.20227
9870001 2.18301
9880001 2.18212
9890001 2.20349
9900001 2.20401
9910001 2.19333
9920001 2.20913
9930001 2.19878
9940001 2.1824
9950001 2.178
9960001 2.19384
9970001 2.20272
9980001 2.20892
9990001 2.1916
10000001 2.20033
10010001 2.20689
10020001 2.19925
10030001 2.1975
10040001 2.20623
10050001 2.20225
10060001 2.18971
10070001 2.20702
10080001 2.19467
10090001 2.1813
10100001 2.20663
10110001 2.18732
10120001 2.20784
10130001 2.20034
10140001 2.19152
10150001 2.19311
10160001 2.2009
10170001 2.20931
10180001 2.18684
10190001 2.19847
10200001 2.20531
10210001 2.19971
10220001 2.20068
10230001 2.18346
10240001 2.18818
10250001 2.1923
10260001 2.19222
10270001 2.18848
10280001 2.19912
10290001 2.20194
10300001 2.21846
10310001 2.21302
10320001 2.19518
10330001 2.19747
10340001 2.19112
10350001 2.19877
10360001 2.18133
10370001 2.20004
10380001 2.20407
10390001 2.20786
10400001 2.20216
10410001 2.18515
10420001 2.20579
10430001 2.18599
10440001 2.19765
10450001 2.20171
10460001 2.1933
10470001 2.17401
10480001 2.17597
10490001 2.21128
10500001 2.21256
10510001 2.2043
10520001 2.20722
10530001 2.21357
10540001 2.20824
10550001 2.20766
10560001 2.18648
10570001 2.20305
10580001 2.20207
10590001 2.18871
10600001 2.20795
10610001 2.18934
10620001 2.19529
10630001 2.19066
10640001 2.19137
10650001 2.2177
10660001 2.19919
10670001 2.19439
10680001 2.21454
10690001 2.20763
10700001 2.19417
10710001 2.19831
10720001 2.18315
10730001 2.17289
10740001 2.21137
10750001 2.19598
10760001 2.19806
10770001 2.19312
10780001 2.18615
10790001 2.20308
10800001 2.19679
10810001 2.20556
10820001 2.20957
10830001 2.19065
10840001 2.20379
10850001 2.20398
10860001 2.17946
10870001 2.18274
10880001 2.21062
10890001 2.19184
10900001 2.19429
10910001 2.19016
10920001 2.1851
10930001 2.20258
10940001 2.20358
10950001 2.1969
10960001 2.20064
10970001 2.19974
10980001 2.19988
10990001 2.20842
11000001 2.22267
11010001 2.25142
11020001 2.20065
11030001 2.21107
11040001 2.18741
11050001 2.19562
11060001 2.20389
11070001 2.19312
11080001 2.19799
11090001 2.20321
11100001 2.19273
11110001 2.19742
11120001 2.18529
11130001 2.18547
11140001 2.19822
11150001 2.1941
11160001 2.21708
11170001 2.20386
11180001 2.20472
11190001 2.18736
11200001 2.20745
11210001 2.19862
11220001 2.19079
11230001 2.19479
11240001 2.21335
11250001 2.19183
11260001 2.19087
11270001 2.19485
11280001 2.1901
11290001 2.2124
11300001 2.21793
11310001 2.1915
11320001 2.19342
11330001 2.18656
11340001 2.20098
11350001 2.19859
11360001 2.20806
11370001 2.19688
11380001 2.20664
11390001 2.18348
11400001 2.19448
11410001 2.19315
11420001 2.20386
11430001 2.20899
11440001 2.21893
11450001 2.19336
11460001 2.19054
11470001 2.18537
11480001 2.19965
11490001 2.19858
11500001 2.18912
11510001 2.1889
11520001 2.19098
11530001 2.2045
11540001 2.19123
11550001 2.19195
11560001 2.19753
11570001 2.18357
11580001 2.20715
11590001 2.18244
11600001 2.1862
11610001 2.1825
11620001 2.19619
11630001 2.20015
11640001 2.20703
11650001 2.19389
11660001 2.19659
11670001 2.19415
11680001 2.20496
11690001 2.19338
11700001 2.17994
11710001 2.18697
11720001 2.20132
11730001 2.19052
11740001 2.20041
11750001 2.19429
11760001 2.20343
11770001 2.19589
11780001 2.19155
11790001 2.2156
11800001 2.20953
11810001 2.19606
11820001 2.20115
11830001 2.18362
11840001 2.20738
11850001 2.18557
11860001 2.21278
11870001 2.22361
11880001 2.20736
11890001 2.19058
11900001 2.19254
11910001 2.188
11920001 2.24415
11930001 2.21184
11940001 2.21043
11950001 2.19104
11960001 2.19166
11970001 2.1988
11980001 2.21001
11990001 2.20873
12000001 2.20361
12010001 2.20656
12020001 2.1818
12030001 2.19257
12040001 2.20086
12050001 2.19049
12060001 2.19349
12070001 2.18026
12080001 2.20671
12090001 2.19237
12100001 2.19574
12110001 2.18951
12120001 2.17889
12130001 2.1858
12140001 2.19854
12150001 2.19529
12160001 2.20384
12170001 2.2087
12180001 2.20959
12190001 2.20005
12200001 2.17791
12210001 2.1906
12220001 2.23211
12230001 2.20952
12240001 2.18971
12250001 2.20091
12260001 2.20674
12270001 2.19952
12280001 2.18621
12290001 2.17385
12300001 2.20307
12310001 2.19062
12320001 2.19904
12330001 2.20452
12340001 2.19166
12350001 2.19628
12360001 2.21157
12370001 2.18973
12380001 2.1911
12390001 2.2225
12400001 2.20948
12410001 2.19086
12420001 2.18869
12430001 2.20035
12440001 2.19747
12450001 2.19193
12460001 2.19186
12470001 2.19514
12480001 2.20147
12490001 2.2014
12500001 2.19599
12510001 2.19834
12520001 2.18736
12530001 2.20482
12540001 2.19152
12550001 2.2012
12560001 2.19866
12570001 2.1924
12580001 2.19697
12590001 2.19911
12600001 2.19015
12610001 2.20954
12620001 2.19869
12630001 2.19314
12640001 2.17704
12650001 2.19825
12660001 2.196
12670001 2.20888
12680001 2.20282
12690001 2.19629
12700001 2.1927
12710001 2.19464
12720001 2.19447
12730001 2.20744
12740001 2.19983
12750001 2.18572
12760001 2.19012
12770001 2.20996
12780001 2.19459
12790001 2.18394
12800001 2.21256
12810001 2.18808
12820001 2.18318
12830001 2.22101
12840001 2.20162
12850001 2.21092
12860001 2.18485
12870001 2.20198
12880001 2.20404
12890001 2.20839
12900001 2.20622
12910001 2.19075
12920001 2.22731
12930001 2.199
12940001 2.1772
12950001 2.19454
12960001 2.19591
12970001 2.19938
12980001 2.18782
12990001 2.20423
13000001 2.18508
13010001 2.19575
13020001 2.19266
13030001 2.20931
13040001 2.20198
13050001 2.19574
13060001 2.20156
13070001 2.1908
13080001 2.19516
13090001 2.21826
13100001 2.21875
13110001 2.19183
13120001 2.19983
13130001 2.19311
13140001 2.20482
13150001 2.21432
13160001 2.21094
13170001 2.18499
13180001 2.184
13190001 2.18416
13200001 2.19798
13210001 2.18574
13220001 2.1971
13230001 2.19426
13240001 2.21308
13250001 2.19661
13260001 2.19875
13270001 2.17869
13280001 2.19158
13290001 2.18007
13300001 2.19124
13310001 2.19279
13320001 2.19744
13330001 2.18529
13340001 2.21
13350001 2.21263
13360001 2.20102
13370001 2.19768
13380001 2.19206
13390001 2.19154
13400001 2.19157
13410001 2.18998
13420001 2.17803
13430001 2.19015
13440001 2.17761
13450001 2.19182
13460001 2.2038
13470001 2.21615
13480001 2.20643
13490001 2.21694
13500001 2.21242
13510001 2.19962
13520001 2.18947
13530001 2.19499
13540001 2.18538
13550001 2.18724
13560001 2.18476
13570001 2.21021
13580001 2.2137
13590001 2.19394
13600001 2.20414
13610001 2.19133
13620001 2.18521
13630001 2.19578
13640001 2.204
13650001 2.20216
13660001 2.19468
13670001 2.19347
13680001 2.20059
13690001 2.18352
13700001 2.20338
13710001 2.21174
13720001 2.20934
13730001 2.19306
13740001 2.19423
13750001 2.18906
13760001 2.18313
13770001 2.19561
13780001 2.20181
13790001 2.21309
13800001 2.19574
13810001 2.19224
13820001 2.20827
13830001 2.19792
13840001 2.20519
13850001 2.19262
13860001 2.19438
13870001 2.20494
13880001 2.26127
13890001 2.20313
13900001 2.18565
13910001 2.20387
13920001 2.20644
13930001 2.20132
13940001 2.196
13950001 2.20784
13960001 2.23037
13970001 2.19016
13980001 2.1839
13990001 2.18453
14000001 2.19093
14010001 2.19602
14020001 2.19181
14030001 2.19956
14040001 2.19133
14050001 2.20199
14060001 2.19447
14070001 2.18689
14080001 2.19912
14090001 2.19762
14100001 2.19392
14110001 2.20221
14120001 2.21096
14130001 2.19783
14140001 2.19339
14150001 2.19655
14160001 2.19573
14170001 2.19169
14180001 2.20667
14190001 2.18663
14200001 2.20768
14210001 2.20378
14220001 2.20088
14230001 2.20669
14240001 2.19546
14250001 2.17411
14260001 2.1828
14270001 2.21066
14280001 2.20449
14290001 2.19929
14300001 2.17648
14310001 2.20523
14320001 2.18587
14330001 2.20722
14340001 2.21169
14350001 2.20336
14360001 2.19877
14370001 2.19493
14380001 2.21646
14390001 2.19019
14400001 2.18399
14410001 2.19437
14420001 2.2118
14430001 2.18628
14440001 2.18766
14450001 2.19068
14460001 2.19776
14470001 2.197
14480001 2.19194
14490001 2.1958
14500001 2.1989
14510001 2.21214
14520001 2.18485
14530001 2.18308
14540001 2.19912
14550001 2.19036
14560001 2.21026
14570001 2.19559
14580001 2.19742
14590001 2.18743
14600001 2.19166
14610001 2.19125
14620001 2.19456
14630001 2.21785
14640001 2.20522
14650001 2.20405
14660001 2.17488
14670001 2.20497
14680001 2.20047
14690001 2.19199
14700001 2.19989
14710001 2.21148
14720001 2.19818
14730001 2.20237
14740001 2.19801
14750001 2.18393
14760001 2.18051
14770001 2.19602
14780001 2.21307
14790001 2.19844
14800001 2.20079
14810001 2.20181
14820001 2.19039
14830001 2.20068
14840001 2.20498
14850001 2.21064
14860001 2.20119
14870001 2.19123
14880001 2.19503
14890001 2.21207
14900001 2.20617
14910001 2.20013
14920001 2.18806
14930001 2.2184
14940001 2.19538
14950001 2.20763
14960001 2.19757
14970001 2.19643
14980001 2.1867
14990001 2.19057
15000001 2.19171
15010001 2.19387
15020001 2.18284
15030001 2.18557
15040001 2.20099
15050001 2.18938
15060001 2.19651
15070001 2.18154
15080001 2.20238
15090001 2.20352
15100001 2.27498
15110001 2.20186
15120001 2.19612
15130001 2.18862
15140001 2.17957
15150001 2.19188
15160001 2.19748
15170001 2.19739
15180001 2.17371
15190001 2.19496
15200001 2.19906
15210001 2.18921
15220001 2.186
15230001 2.20241
15240001 2.19574
15250001 2.19899
15260001 2.20971
15270001 2.21291
15280001 2.19241
15290001 2.19702
15300001 2.18508
15310001 2.20435
15320001 2.1869
15330001 2.19338
15340001 2.1965
15350001 2.19042
15360001 2.20715
15370001 2.19068
15380001 2.18644
15390001 2.2026
15400001 2.1947
15410001 2.20718
15420001 2.19496
15430001 2.18402
15440001 2.19868
15450001 2.21614
15460001 2.20805
15470001 2.23287
15480001 2.21157
15490001 2.23631
15500001 2.1821
15510001 2.1989
15520001 2.19702
15530001 2.18864
15540001 2.2037
15550001 2.19221
15560001 2.18987
15570001 2.19867
15580001 2.21056
15590001 2.20414
15600001 2.19752
15610001 2.19517
15620001 2.2067
15630001 2.19211
15640001 2.18494
15650001 2.21384
15660001 2.19268
15670001 2.20116
15680001 2.20866
15690001 2.19995
15700001 2.19772
15710001 2.19755
15720001 2.19253
15730001 2.19416
15740001 2.20896
15750001 2.19487
15760001 2.20835
15770001 2.20672
15780001 2.18922
15790001 2.19491
15800001 2.19771
15810001 2.17326
15820001 2.20398
15830001 2.20052
15840001 2.18324
15850001 2.20888
15860001 2.19283
15870001 2.19111
15880001 2.20415
15890001 2.20323
15900001 2.20635
15910001 2.19256
15920001 2.20335
15930001 2.19142
15940001 2.21391
15950001 2.19656
15960001 2.19293
15970001 2.19792
15980001 2.21562
15990001 2.20805
16000001 2.19095
16010001 2.21326
16020001 2.25139
16030001 2.20441
16040001 2.1849
16050001 2.19023
16060001 2.21821
16070001 2.19708
16080001 2.19051
16090001 2.1895
16100001 2.19081
16110001 2.19238
16120001 2.20371
16130001 2.19737
16140001 2.19029
16150001 2.18229
16160001 2.24986
16170001 2.22293
16180001 2.19102
16190001 2.19785
16200001 2.22036
16210001 2.19153
16220001 2.2096
16230001 2.19266
16240001 2.20784
16250001 2.19643
16260001 2.21549
16270001 2.20084
16280001 2.20362
16290001 2.20614
16300001 2.19259
16310001 2.21423
16320001 2.21909
16330001 2.21683
16340001 2.22575
16350001 2.19369
16360001 2.20193
16370001 2.20042
16380001 2.20202
16390001 2.19201
16400001 2.20211
16410001 2.20877
16420001 2.21097
16430001 2.20998
16440001 2.19451
16450001 2.1881
16460001 2.20461
16470001 2.19842
16480001 2.19831
16490001 2.20248
16500001 2.21239
16510001 2.21513
16520001 2.19691
16530001 2.1894
16540001 2.18937
16550001 2.19352
16560001 2.20207
16570001 2.20053
16580001 2.20724
16590001 2.18825
16600001 2.19499
16610001 2.20165
16620001 2.19693
16630001 2.19115
16640001 2.19457
16650001 2.2102
16660001 2.19846
16670001 2.2121
16680001 2.20736
16690001 2.18115
16700001 2.19762
16710001 2.2053
16720001 2.19275
16730001 2.19075
16740001 2.18976
16750001 2.20271
16760001 2.20009
16770001 2.18647
16780001 2.18941
16790001 2.21198
16800001 2.19209
16810001 2.17855
16820001 2.20785
16830001 2.20789
16840001 2.20161
16850001 2.26411
16860001 2.2024
16870001 2.19954
16880001 2.19571
16890001 2.18178
16900001 2.18765
16910001 2.20033
16920001 2.23176
16930001 2.1857
16940001 2.19271
16950001 2.21025
16960001 2.19063
16970001 2.2008
16980001 2.19671
16990001 2.20905
17000001 2.20349
17010001 2.19979
17020001 2.20261
17030001 2.21836
17040001 2.19592
17050001 2.20685
17060001 2.19332
17070001 2.20466
17080001 2.19868
17090001 2.19947
17100001 2.21916
17110001 2.18244
17120001 2.21167
17130001 2.2104
17140001 2.18974
17150001 2.18855
17160001 2.19519
17170001 2.18674
17180001 2.19736
17190001 2.22679
17200001 2.20835
17210001 2.20192
17220001 2.20922
17230001 2.18924
17240001 2.18488
17250001 2.18963
17260001 2.19108
17270001 2.20318
17280001 2.2016
17290001 2.21236
17300001 2.20699
17310001 2.18921
17320001 2.19455
17330001 2.20416
17340001 2.18906
17350001 2.20823
17360001 2.19035
17370001 2.20106
17380001 2.19439
17390001 2.207
17400001 2.19607
17410001 2.1959
17420001 2.19941
17430001 2.19935
17440001 2.22621
17450001 2.19351
17460001 2.20718
17470001 2.22209
17480001 2.2009
17490001 2.19525
17500001 2.18879
17510001 2.1975
17520001 2.19309
17530001 2.22226
17540001 2.1768
17550001 2.19088
17560001 2.20762
17570001 2.19587
17580001 2.19221
17590001 2.2053
17600001 2.20485
17610001 2.20676
17620001 2.19506
17630001 2.18476
17640001 2.20148
17650001 2.20159
17660001 2.19507
17670001 2.19051
17680001 2.18706
17690001 2.20874
17700001 2.18969
17710001 2.18618
17720001 2.19228
17730001 2.20976
17740001 2.17873
17750001 2.19163
17760001 2.19486
17770001 2.19201
17780001 2.22154
17790001 2.19366
17800001 2.19857
17810001 2.21349
17820001 2.19839
17830001 2.19312
17840001 2.21684
17850001 2.18278
17860001 2.20333
17870001 2.18442
17880001 2.23063
17890001 2.21294
17900001 2.19343
17910001 2.18451
17920001 2.20688
17930001 2.18914
17940001 2.18132
17950001 2.18877
17960001 2.18554
17970001 2.18412
17980001 2.17813
17990001 2.217
18000001 2.20201
18010001 2.20377
18020001 2.19539
18030001 2.18498
18040001 2.20421
18050001 2.20764
18060001 2.21149
18070001 2.18741
18080001 2.21572
18090001 2.20154
18100001 2.20688
18110001 2.19335
18120001 2.19246
18130001 2.19183
18140001 2.20497
18150001 2.1992
18160001 2.20813
18170001 2.20806
18180001 2.19753
18190001 2.21565
18200001 2.20468
18210001 2.1896
18220001 2.2142
18230001 2.20031
18240001 2.20286
18250001 2.21844
18260001 2.21522
18270001 2.20059
18280001 2.20408
18290001 2.19374
18300001 2.18797
18310001 2.19106
18320001 2.20368
18330001 2.19426
18340001 2.19716
18350001 2.1931
18360001 2.20276
18370001 2.19154
18380001 2.21075
18390001 2.19103
18400001 2.19612
18410001 2.19094
18420001 2.20131
18430001 2.19618
18440001 2.19333
18450001 2.1893
18460001 2.18809
18470001 2.19636
18480001 2.19073
18490001 2.1986
18500001 2.18511
18510001 2.18289
18520001 2.1992
18530001 2.20339
18540001 2.17764
18550001 2.20554
18560001 2.19967
18570001 2.20569
18580001 2.18596
18590001 2.20178
18600001 2.20097
18610001 2.19216
18620001 2.21319
18630001 2.20691
18640001 2.19481
18650001 2.19249
18660001 2.19718
18670001 2.21062
18680001 2.18964
18690001 2.19245
18700001 2.20061
18710001 2.20681
18720001 2.20427
18730001 2.1965
18740001 2.19703
18750001 2.19412
18760001 2.21084
18770001 2.20298
18780001 2.20915
18790001 2.21325
18800001 2.20195
18810001 2.19842
18820001 2.19545
18830001 2.18756
18840001 2.18443
18850001 2.18004
18860001 2.18821
18870001 2.19022
18880001 2.20484
18890001 2.2057
18900001 2.183
18910001 2.19732
18920001 2.20203
18930001 2.18697
18940001 2.21427
18950001 2.19886
18960001 2.18168
18970001 2.20956
18980001 2.21533
18990001 2.20173
19000001 2.19353
19010001 2.18946
19020001 2.1866
19030001 2.19919
19040001 2.2075
19050001 2.21291
19060001 2.24353
19070001 2.21044
19080001 2.22011
19090001 2.19047
19100001 2.2139
19110001 2.19159
19120001 2.1968
19130001 2.19507
19140001 2.20203
19150001 2.21294
19160001 2.19468
19170001 2.20419
19180001 2.22087
19190001 2.18647
19200001 2.18915
19210001 2.20008
19220001 2.19166
19230001 2.20238
19240001 2.19418
19250001 2.2019
19260001 2.20551
19270001 2.20206
19280001 2.19972
19290001 2.19058
19300001 2.20322
19310001 2.19003
19320001 2.21701
19330001 2.18383
19340001 2.2064
19350001 2.19625
19360001 2.20135
19370001 2.19877
19380001 2.19302
19390001 2.19551
19400001 2.20788
19410001 2.18826
19420001 2.20896
19430001 2.20672
19440001 2.20193
19450001 2.20221
19460001 2.1845
19470001 2.21
19480001 2.20112
19490001 2.19782
19500001 2.1877
19510001 2.18492
19520001 2.18836
19530001 2.19369
19540001 2.19585
19550001 2.19354
19560001 2.19314
19570001 2.20515
19580001 2.2052
19590001 2.20357
19600001 2.2097
19610001 2.19018
19620001 2.20139
19630001 2.26441
19640001 2.18744
19650001 2.20773
19660001 2.1875
19670001 2.1972
19680001 2.18761
19690001 2.20576
19700001 2.19923
19710001 2.19647
19720001 2.18918
19730001 2.1948
19740001 2.18213
19750001 2.20148
19760001 2.18352
19770001 2.1872
19780001 2.20603
19790001 2.19235
19800001 2.20471
19810001 2.22592
19820001 2.19741
19830001 2.19617
19840001 2.19636
19850001 2.21244
19860001 2.21441
19870001 2.20186
19880001 2.61467
19890001 2.44267
19900001 2.23426
19910001 2.20241
19920001 2.18834
19930001 2.20427
19940001 2.21097
19950001 2.20252
19960001 2.18295
19970001 2.20301
19980001 2.2324
19990001 2.20602
20000001 2.18843
20010001 2.19822
20020001 2.23031
20030001 2.19571
20040001 2.21136
20050001 2.18277
20060001 2.19124
20070001 2.20815
20080001 2.20994
20090001 2.19425
20100001 2.1986
20110001 2.23586
20120001 2.19627
20130001 2.20102
20140001 2.2026
20150001 2.20591
20160001 2.20449
20170001 2.19221
20180001 2.19029
20190001 2.19702
20200001 2.1989
20210001 2.19878
20220001 2.19064
20230001 2.18994
20240001 2.20573
20250001 2.20216
20260001 2.18721
20270001 2.20628
20280001 2.21561
20290001 2.20897
20300001 2.20047
20310001 2.19542
20320001 2.19937
20330001 2.19465
20340001 2.20226
20350001 2.20625
20360001 2.19469
20370001 2.17851
20380001 2.19493
20390001 2.20161
20400001 2.20622
20410001 2.20163
20420001 2.19468
20430001 2.18487
20440001 2.20684
20450001 2.18473
20460001 2.20741
20470001 2.20701
20480001 2.20166
20490001 2.18603
20500001 2.18565
20510001 2.20882
20520001 2.18888
20530001 2.19495
20540001 2.20005
20550001 2.19731
20560001 2.20355
20570001 2.19271
20580001 2.20226
20590001 2.20186
20600001 2.20804
20610001 2.19519
20620001 2.21032
20630001 2.18502
20640001 2.19031
20650001 2.21977
20660001 2.20474
20670001 2.20152
20680001 2.19197
20690001 2.19964
20700001 2.19589
20710001 2.19795
20720001 2.19881
20730001 2.20495
20740001 2.19547
20750001 2.20926
20760001 2.19226
20770001 2.18334
20780001 2.19476
20790001 2.18682
20800001 2.19991
20810001 2.19244
20820001 2.18848
20830001 2.20228
20840001 2.20087
20850001 2.17789
20860001 2.1802
20870001 2.18049
20880001 2.1965
20890001 2.17821
20900001 2.20947
20910001 2.21152
20920001 2.19071
20930001 2.19069
20940001 2.1935
20950001 2.24928
20960001 2.20692
20970001 2.19046
20980001 2.18443
20990001 2.18308
21000001 2.21499
21010001 2.1948
21020001 2.19026
21030001 2.19779
21040001 2.20934
21050001 2.18001
21060001 2.20237
21070001 2.18977
21080001 2.17825
21090001 2.1784
21100001 2.193
21110001 2.19123
21120001 2.19016
21130001 2.2041
21140001 2.20831
21150001 2.19886
21160001 2.19534
21170001 2.20008
21180001 2.2077
21190001 2.21959
21200001 2.19838
21210001 2.21004
21220001 2.20459
21230001 2.20076
21240001 2.18432
21250001 2.2058
21260001 2.20582
21270001 2.20514
21280001 2.1995
21290001 2.21822
21300001 2.18909
21310001 2.2748
21320001 2.2047
21330001 2.19223
21340001 2.18644
21350001 2.19089
21360001 2.18733
21370001 2.20688
21380001 2.19214
21390001 2.17928
21400001 2.18439
21410001 2.18661
21420001 2.20671
21430001 2.18681
21440001 2.20145
21450001 2.19386
21460001 2.19027
21470001 2.18785
21480001 2.1855
21490001 2.19709
21500001 2.20319
21510001 2.20891
21520001 2.19081
21530001 2.18418
21540001 2.19752
21550001 2.19361
21560001 2.20953
21570001 2.215
21580001 2.20895
21590001 2.18754
21600001 2.18949
21610001 2.20616
21620001 2.20094
21630001 2.18072
21640001 2.18929
21650001 2.19283
21660001 2.195
21670001 2.19489
21680001 2.19113
21690001 2.2093
21700001 2.19533
21710001 2.19845
21720001 2.21249
21730001 2.1945
21740001 2.17605
21750001 2.18893
21760001 2.21163
21770001 2.20524
21780001 2.19652
21790001 2.19267
21800001 2.18406
21810001 2.19229
21820001 2.19222
21830001 2.19608
21840001 2.2085
21850001 2.20656
21860001 2.21807
21870001 2.2148
21880001 2.19003
21890001 2.19073
21900001 2.18925
21910001 2.21362
21920001 2.18219
21930001 2.19212
21940001 2.21232
21950001 2.20687
21960001 2.18838
21970001 2.18975
21980001 2.20097
21990001 2.21637
22000001 2.1921
22010001 2.18896
22020001 2.19294
22030001 2.20582
22040001 2.19413
22050001 2.23469
22060001 2.19385
22070001 2.18571
22080001 2.19013
22090001 2.18425
22100001 2.18589
22110001 2.19664
22120001 2.18318
22130001 2.20102
22140001 2.21668
22150001 2.20107
22160001 2.18955
22170001 2.20955
22180001 2.19494
22190001 2.19003
22200001 2.18802
22210001 2.19947
22220001 2.20114
22230001 2.1901
22240001 2.19027
22250001 2.19162
22260001 2.22282
22270001 2.20409
22280001 2.2039
22290001 2.21082
22300001 2.20526
22310001 2.20473
22320001 2.18997
22330001 2.20656
22340001 2.20086
22350001 2.19457
22360001 2.19003
22370001 2.20515
22380001 2.19955
22390001 2.19983
22400001 2.21186
22410001 2.19989
22420001 2.19203
22430001 2.2016
22440001 2.19371
22450001 2.19799
22460001 2.20499
22470001 2.19349
22480001 2.18134
22490001 2.19948
22500001 2.21144
22510001 2.18665
22520001 2.1947
22530001 2.19433
22540001 2.1852
22550001 2.19521
22560001 2.20827
22570001 2.20584
22580001 2.18986
22590001 2.19303
22600001 2.19704
22610001 2.17678
22620001 2.20204
22630001 2.19406
22640001 2.20842
22650001 2.19489
22660001 2.19496
22670001 2.19814
22680001 2.19419
22690001 2.1914
22700001 2.2229
22710001 2.18877
22720001 2.23605
22730001 2.21485
22740001 2.20451
22750001 2.19186
22760001 2.19485
22770001 2.19356
22780001 2.20105
22790001 2.18975
22800001 2.1726
22810001 2.19194
22820001 2.2006
22830001 2.19977
22840001 2.19831
22850001 2.19688
22860001 2.19887
22870001 2.20658
22880001 2.18896
22890001 2.20251
22900001 2.18258
22910001 2.20672
22920001 2.20049
22930001 2.19842
22940001 2.18363
22950001 2.19114
22960001 2.18538
22970001 2.19579
22980001 2.19427
22990001 2.2277
23000001 2.20655
23010001 2.19224
23020001 2.1862
23030001 2.21043
23040001 2.18398
23050001 2.196
23060001 2.20109
23070001 2.19024
23080001 2.20539
23090001 2.18593
23100001 2.21196
23110001 2.21509
23120001 2.18812
23130001 2.19484
23140001 2.19485
23150001 2.1843
23160001 2.21103
23170001 2.1855
23180001 2.21754
23190001 2.20446
23200001 2.20948
23210001 2.19237
23220001 2.19631
23230001 2.19504
23240001 2.21887
23250001 2.22714
23260001 2.18736
23270001 2.18936
23280001 2.19753
23290001 2.18074
23300001 2.20559
23310001 2.19915
23320001 2.20335
23330001 2.1955
23340001 2.19085
23350001 2.18893
23360001 2.21842
23370001 2.19875
23380001 2.18968
23390001 2.19776
23400001 2.19824
23410001 2.19318
23420001 2.18949
23430001 2.2016
23440001 2.18465
23450001 2.20093
23460001 2.20449
23470001 2.20463
23480001 2.1871
23490001 2.20368
23500001 2.18863
23510001 2.20421
23520001 2.19928
23530001 2.19349
23540001 2.19723
23550001 2.20775
23560001 2.18318
23570001 2.18985
23580001 2.17836
23590001 2.19458
23600001 2.20148
23610001 2.20917
23620001 2.19249
23630001 2.17715
23640001 2.19695
23650001 2.1955
23660001 2.2095
23670001 2.20022
23680001 2.17518
23690001 2.1996
23700001 2.21436
23710001 2.20326
23720001 2.2061
23730001 2.20218
23740001 2.20709
23750001 2.18453
23760001 2.18553
23770001 2.19175
23780001 2.19031
23790001 2.19871
23800001 2.18062
23810001 2.17812
23820001 2.19634
23830001 2.19155
23840001 2.18631
23850001 2.19385
23860001 2.19802
23870001 2.2114
23880001 2.19088
23890001 2.1946
23900001 2.20245
23910001 2.20168
23920001 2.19623
23930001 2.18
23940001 2.20261
23950001 2.20355
23960001 2.20702
23970001 2.20462
23980001 2.19232
23990001 2.214
24000001 2.20292
24010001 2.1938
24020001 2.17929
24030001 2.20553
24040001 2.19042
24050001 2.20214
24060001 2.1874
24070001 2.20094
24080001 2.21167
24090001 2.20177
24100001 2.20709
24110001 2.20575
24120001 2.19204
24130001 2.18809
24140001 2.19752
24150001 2.21711
24160001 2.21838
24170001 2.18496
24180001 2.18738
24190001 2.19338
24200001 2.17247
24210001 2.20228
24220001 2.20479
24230001 2.18412
24240001 2.21862
24250001 2.1946
24260001 2.18004
24270001 2.19213
24280001 2.21324
24290001 2.19435
24300001 2.20093
24310001 2.23048
24320001 2.20527
24330001 2.20199
24340001 2.20014
24350001 2.18888
24360001 2.18403
24370001 2.19659
24380001 2.21916
24390001 2.19233
24400001 2.1872
24410001 2.1826
24420001 2.18352
24430001 2.19641
24440001 2.18687
24450001 2.20598
24460001 2.20012
24470001 2.20265
24480001 2.21611
24490001 2.19634
24500001 2.20485
24510001 2.1873
24520001 2.19174
24530001 2.18827
24540001 2.19466
24550001 2.21907
24560001 2.20881
24570001 2.1977
24580001 2.1867
24590001 2.19151
24600001 2.18979
24610001 2.20094
24620001 2.20076
24630001 2.21848
24640001 2.20891
24650001 2.18629
24660001 2.19916
24670001 2.18713
24680001 2.18928
24690001 2.18491
24700001 2.19284
24710001 2.19259
24720001 2.19344
24730001 2.20394
24740001 2.18654
24750001 2.19673
24760001 2.1923
24770001 2.19658
24780001 2.17368
24790001 2.21415
24800001 2.1874
24810001 2.18749
24820001 2.19915
24830001 2.18963
24840001 2.20057
24850001 2.19534
24860001 2.18749
24870001 2.20216
24880001 2.201
24890001 2.20623
24900001 2.18767
24910001 2.19128
24920001 2.20038
24930001 2.19884
24940001 2.17939
24950001 2.19923
24960001 2.2002
24970001 2.19868
24980001 2.1828
24990001 2.19296
25000001 2.21283
25010001 2.18015
25020001 2.196
25030001 2.20877
25040001 2.20777
25050001 2.20672
25060001 2.19831
25070001 2.1949
25080001 2.19153
25090001 2.20346
25100001 2.20791
25110001 2.20016
25120001 2.21044
25130001 2.19654
25140001 2.18458
25150001 2.19336
25160001 2.18845
25170001 2.21775
25180001 2.20926
25190001 2.20712
25200001 2.18303
25210001 2.20492
25220001 2.19096
25230001 2.2042
25240001 2.21436
25250001 2.1819
25260001 2.1948
25270001 2.17729
25280001 2.20918
25290001 2.19195
25300001 2.19007
25310001 2.19686
25320001 2.21137
25330001 2.19089
25340001 2.21625
25350001 2.21084
25360001 2.19741
25370001 2.19226
25380001 2.2093
25390001 2.18411
25400001 2.21472
25410001 2.18207
25420001 2.20163
25430001 2.20584
25440001 2.20407
25450001 2.18816
25460001 2.18293
25470001 2.19781
25480001 2.21337
25490001 2.20801
25500001 2.19734
25510001 2.19904
25520001 2.20222
25530001 2.19534
25540001 2.18257
25550001 2.17606
25560001 2.21019
25570001 2.21661
25580001 2.20931
25590001 2.20018
25600001 2.20456
25610001 2.18762
25620001 2.20366
25630001 2.18462
25640001 2.18541
25650001 2.18202
25660001 2.1998
25670001 2.18506
25680001 2.18827
25690001 2.21109
25700001 2.1916
25710001 2.20032
25720001 2.20236
25730001 2.19025
25740001 2.19348
25750001 2.19721
25760001 2.19856
25770001 2.19128
25780001 2.19419
25790001 2.18552
25800001 2.18399
25810001 2.18997
25820001 2.18766
25830001 2.19643
25840001 2.19543
25850001 2.2368
25860001 2.19424
25870001 2.19267
25880001 2.17666
25890001 2.20259
25900001 2.19746
25910001 2.20067
25920001 2.19188
25930001 2.19638
25940001 2.19711
25950001 2.19431
25960001 2.20054
25970001 2.20375
25980001 2.2
25990001 2.19574
26000001 2.20031
26010001 2.2023
26020001 2.20181
26030001 2.19681
26040001 2.18973
26050001 2.18462
26060001 2.19347
26070001 2.20783
26080001 2.19706
26090001 2.19449
26100001 2.19895
26110001 2.20313
26120001 2.18069
26130001 2.20014
26140001 2.19474
26150001 2.1909
26160001 2.19654
26170001 2.20347
26180001 2.2005
26190001 2.19011
26200001 2.24903
26210001 2.20134
26220001 2.20522
26230001 2.19189
26240001 2.20814
26250001 2.19336
26260001 2.20477
26270001 2.20899
26280001 2.21025
26290001 2.1915
26300001 2.20803
26310001 2.20485
26320001 2.19643
26330001 2.19239
26340001 2.1991
26350001 2.19572
26360001 2.2051
26370001 2.19489
26380001 2.19123
26390001 2.20366
26400001 2.1902
26410001 2.19715
26420001 2.19201
26430001 2.19141
26440001 2.19827
26450001 2.19313
26460001 2.19888
26470001 2.20646
26480001 2.22608
26490001 2.2086
26500001 2.18118
26510001 2.19812
26520001 2.19101
26530001 2.1746
26540001 2.20369
26550001 2.18957
26560001 2.19831
26570001 2.19665
26580001 2.18752
26590001 2.1974
26600001 2.19538
26610001 2.2128
26620001 2.21132
26630001 2.20303
26640001 2.19758
26650001 2.18792
26660001 2.19229
26670001 2.19618
26680001 2.21227
26690001 2.2068
26700001 2.19153
26710001 2.20364
26720001 2.19449
26730001 2.1932
26740001 2.22144
26750001 2.20155
26760001 2.1982
26770001 2.20019
26780001 2.19657
26790001 2.19828
26800001 2.18839
26810001 2.19642
26820001 2.20187
26830001 2.2037
26840001 2.19398
26850001 2.21678
26860001 2.18582
26870001 2.20482
26880001 2.19775
26890001 2.20422
26900001 2.18434
26910001 2.19396
26920001 2.22861
26930001 2.21362
26940001 2.19619
26950001 2.20313
26960001 2.19992
26970001 2.21553
26980001 2.19585
26990001 2.21556
27000001 2.18846
27010001 2.1884
27020001 2.21633
27030001 2.20265
27040001 2.19894
27050001 2.19764
27060001 2.1916
27070001 2.1993
27080001 2.20483
27090001 2.20278
27100001 2.19379
27110001 2.19012
27120001 2.17957
27130001 2.1902
27140001 2.17264
27150001 2.20793
27160001 2.19824
27170001 2.20148
27180001 2.18496
27190001 2.19503
27200001 2.20086
27210001 2.20017
27220001 2.19753
27230001 2.22012
27240001 2.21889
27250001 2.19232
27260001 2.19234
27270001 2.17892
27280001 2.19956
27290001 2.21009
27300001 2.19537
27310001 2.21626
27320001 2.18877
27330001 2.19111
27340001 2.19994
27350001 2.20576
27360001 2.20106
27370001 2.19401
27380001 2.20178
27390001 2.18333
27400001 2.18966
27410001 2.19237
27420001 2.19887
27430001 2.20957
27440001 2.20863
27450001 2.20786
27460001 2.20773
27470001 2.19688
27480001 2.18674
27490001 2.22121
27500001 2.20678
27510001 2.18979
27520001 2.18917
27530001 2.18795
27540001 2.19454
27550001 2.18199
27560001 2.1967
27570001 2.21365
27580001 2.20002
27590001 2.19761
27600001 2.1834
27610001 2.20638
27620001 2.19587
27630001 2.21027
27640001 2.19397
27650001 2.18955
27660001 2.19757
27670001 2.19045
27680001 2.19847
27690001 2.20166
27700001 2.19363
27710001 2.18941
27720001 2.20341
27730001 2.1923
27740001 2.18267
27750001 2.18152
27760001 2.18734
27770001 2.20793
27780001 2.20309
27790001 2.19183
27800001 2.19153
27810001 2.20505
27820001 2.19105
27830001 2.18804
27840001 2.19671
27850001 2.19248
27860001 2.18982
27870001 2.20645
27880001 2.20573
27890001 2.20788
27900001 2.18318
27910001 2.20856
27920001 2.18675
27930001 2.18711
27940001 2.18909
27950001 2.18547
27960001 2.18448
27970001 2.19316
27980001 2.19418
27990001 2.19582
28000001 2.18792
28010001 2.19395
28020001 2.19948
28030001 2.19494
28040001 2.1909
28050001 2.20325
28060001 2.20194
28070001 2.18878
28080001 2.19949
28090001 2.18956
28100001 2.19836
28110001 2.20474
28120001 2.18951
28130001 2.19194
28140001 2.21427
28150001 2.20137
28160001 2.20537
28170001 2.19999
28180001 2.19321
28190001 2.204
28200001 2.18562
28210001 2.20341
28220001 2.18846
28230001 2.1985
28240001 2.20276
28250001 2.19236
28260001 2.19194
28270001 2.19517
28280001 2.19142
28290001 2.20792
28300001 2.18869
28310001 2.20289
28320001 2.18496
28330001 2.18289
28340001 2.21285
28350001 2.19873
28360001 2.19278
28370001 2.18816
28380001 2.19442
28390001 2.21032
28400001 2.19665
28410001 2.20466
28420001 2.21145
28430001 2.20782
28440001 2.18539
28450001 2.20595
28460001 2.20018
28470001 2.19861
28480001 2.19994
28490001 2.20333
28500001 2.1908
28510001 2.19383
28520001 2.19764
28530001 2.17794
28540001 2.20636
28550001 2.2062
28560001 2.20178
28570001 2.21796
28580001 2.22633
28590001 2.19861
28600001 2.19177
28610001 2.19008
28620001 2.19613
28630001 2.18678
28640001 2.19509
28650001 2.19493
28660001 2.21417
28670001 2.21513
28680001 2.1998
28690001 2.19686
28700001 2.2008
28710001 2.19038
28720001 2.21325
28730001 2.2069
28740001 2.20977
28750001 2.18389
28760001 2.197
28770001 2.18702
28780001 2.19499
28790001 2.18369
28800001 2.20875
28810001 2.20557
28820001 2.19767
28830001 2.19209
28840001 2.18961
28850001 2.18837
28860001 2.20268
28870001 2.19876
28880001 2.28886
28890001 2.21783
28900001 2.1891
28910001 2.20372
28920001 2.19545
28930001 2.18816
28940001 2.20633
28950001 2.20384
28960001 2.20973
28970001 2.2025
28980001 2.19435
28990001 2.20231
29000001 2.19403
29010001 2.19547
29020001 2.19799
29030001 2.19886
29040001 2.19283
29050001 2.19041
29060001 2.20357
29070001 2.19202
29080001 2.20694
29090001 2.20554
29100001 2.20581
29110001 2.20516
29120001 2.18332
29130001 2.19209
29140001 2.20652
29150001 2.20159
29160001 2.19677
29170001 2.20386
29180001 2.19816
29190001 2.21026
29200001 2.19989
29210001 2.18945
29220001 2.19548
29230001 2.20085
29240001 2.18864
29250001 2.19175
29260001 2.19553
29270001 2.22816
29280001 2.20459
29290001 2.18407
29300001 2.199
29310001 2.20736
29320001 2.20772
29330001 2.19412
29340001 2.21561
29350001 2.21891
29360001 2.20974
29370001 2.20191
29380001 2.19417
29390001 2.17931
29400001 2.19069
29410001 2.20032
29420001 2.19464
29430001 2.19887
29440001 2.20394
29450001 2.19712
29460001 2.19559
29470001 2.20994
29480001 2.19717
29490001 2.20435
29500001 2.18056
29510001 2.208
29520001 2.18754
29530001 2.19486
29540001 2.19634
29550001 2.20142
29560001 2.20561
29570001 2.19691
29580001 2.20618
29590001 2.19884
29600001 2.18822
29610001 2.19339
29620001 2.21093
29630001 2.20646
29640001 2.19954
29650001 2.1805
29660001 2.18605
29670001 2.19803
29680001 2.19389
29690001 2.2034
29700001 2.20003
29710001 2.19112
29720001 2.20655
29730001 2.19862
29740001 2.2026
29750001 2.18853
29760001 2.20613
29770001 2.19329
29780001 2.19881
29790001 2.1979
29800001 2.20471
29810001 2.1826
29820001 2.21558
29830001 2.18534
29840001 2.18609
29850001 2.19808
29860001 2.19047
29870001 2.19011
29880001 2.19552
29890001 2.18132
29900001 2.20426
29910001 2.19315
29920001 2.20157
29930001 2.19508
29940001 2.19394
29950001 2.20228
29960001 2.20026
29970001 2.19285
29980001 2.19321
29990001 2.18263
