1 2685.52
10001 286.474
20001 209.116
30001 156.766
40001 113.867
50001 92.9693
60001 66.2752
70001 72.8049
80001 60.0645
90001 54.2459
100001 41.3049
110001 37.9168
120001 41.2308
130001 42.8371
140001 38.0063
150001 31.8297
160001 46.4728
170001 42.1601
180001 35.7023
190001 32.7381
200001 34.3285
210001 38.0587
220001 56.0793
230001 45.5828
240001 35.7745
250001 65.4546
260001 39.0858
270001 45.8258
280001 30.2711
290001 27.2635
300001 40.1609
310001 51.5243
320001 42.9891
330001 31.7456
340001 33.1872
350001 33.9014
360001 41.5964
370001 35.6393
380001 31.0936
390001 37.8909
400001 35.9633
410001 33.1222
420001 29.6098
430001 52.2926
440001 36.8744
450001 35.3067
460001 39.5385
470001 42.6479
480001 58.5228
490001 44.5838
500001 41.0866
510001 29.98
520001 37.3816
530001 48.2762
540001 43.9514
550001 37.9497
560001 35.1096
570001 58.056
580001 48.3462
590001 38.6911
600001 32.9905
610001 27.583
620001 54.6732
630001 41.1049
640001 42.6155
650001 30.5733
660001 56.9339
670001 45.981
680001 32.9311
690001 36.1698
700001 29.1439
710001 53.0648
720001 42.0994
730001 50.6983
740001 32.1009
750001 29.4227
760001 40.0941
770001 41.5858
780001 49.2974
790001 33.7115
800001 53.8083
810001 45.9533
820001 34.8573
830001 39.6669
840001 27.0334
850001 50.3405
860001 43.7528
870001 40.2729
880001 28.2054
890001 29.5797
900001 35.15
910001 38.3331
920001 33.6788
930001 28.5027
940001 43.9369
950001 40.1298
960001 33.9107
970001 31.2706
980001 33.2104
990001 36.983
1000001 55.3529
1010001 43.9368
1020001 35.3099
1030001 64.9074
1040001 38.603
1050001 45.4803
1060001 29.9735
1070001 27.1292
1080001 39.8906
1090001 51.2866
1100001 42.8704
1110001 31.2448
1120001 33.1786
1130001 33.7547
1140001 41.332
1150001 35.6306
1160001 31.0828
1170001 37.8344
1180001 35.7571
1190001 33.1315
1200001 29.7199
1210001 52.3471
1220001 36.8666
1230001 35.3274
1240001 39.5831
1250001 42.6904
1260001 58.5281
1270001 44.5708
1280001 41.1096
1290001 30.122
1300001 37.5214
1310001 48.3218
1320001 43.962
1330001 37.9842
1340001 35.2068
1350001 58.1441
1360001 48.3898
1370001 38.7509
1380001 33.085
1390001 27.713
1400001 54.7184
1410001 41.1341
1420001 43.188
1430001 30.7131
1440001 57.0141
1450001 46.2433
1460001 32.9945
1470001 36.2785
1480001 29.2655
1490001 53.0724
1500001 42.1397
1510001 50.6228
1520001 32.1983
1530001 29.5316
1540001 40.1457
1550001 41.6641
1560001 48.1788
1570001 33.7891
1580001 53.8341
1590001 46.0082
1600001 34.9262
1610001 39.7541
1620001 27.1597
1630001 50.367
1640001 43.2423
1650001 40.3718
1660001 28.3391
1670001 29.6733
1680001 35.8275
1690001 38.3953
1700001 33.7658
1710001 28.6046
1720001 43.9767
1730001 40.1733
1740001 33.9823
1750001 31.3437
1760001 33.2871
1770001 37.0355
1780001 55.4738
1790001 44.0077
1800001 35.4026
1810001 64.9485
1820001 38.6619
1830001 45.5124
1840001 30.0177
1850001 27.2046
1860001 39.8995
1870001 51.3358
1880001 42.9381
1890001 30.3202
1900001 33.2163
1910001 33.7557
1920001 41.4035
1930001 35.7031
1940001 31.167
1950001 37.883
1960001 35.8069
1970001 33.1794
1980001 29.7922
1990001 52.4793
2000001 36.9141
2010001 35.3693
2020001 39.6048
2030001 42.7535
2040001 58.5241
2050001 44.5556
2060001 41.1489
2070001 30.1757
2080001 37.6014
2090001 48.3421
2100001 44.0031
2110001 38.0663
2120001 35.2695
2130001 58.144
2140001 48.4009
2150001 38.8135
2160001 33.0936
2170001 27.769
2180001 54.7503
2190001 47.1488
2200001 43.2088
2210001 30.7721
2220001 57.0512
2230001 46.2758
2240001 33.0283
2250001 36.6351
2260001 29.3059
2270001 53.0851
2280001 42.2099
2290001 50.682
2300001 32.2454
2310001 29.5875
2320001 40.1643
2330001 41.6863
2340001 48.1731
2350001 33.8551
2360001 53.8504
2370001 46.0539
2380001 35.0042
2390001 39.7873
2400001 27.1889
2410001 50.3978
2420001 43.271
2430001 40.4088
2440001 28.3768
2450001 29.7164
2460001 35.9067
2470001 38.4264
2480001 33.7889
2490001 28.6176
2500001 43.9834
2510001 40.2168
2520001 34.0146
2530001 31.3668
2540001 33.3277
2550001 37.057
2560001 55.5377
2570001 44.0218
2580001 35.4161
2590001 64.9559
2600001 38.6738
2610001 45.5036
2620001 30.0365
2630001 27.2385
2640001 39.9094
2650001 51.4308
2660001 42.9263
2670001 30.3562
2680001 33.2483
2690001 33.7639
2700001 41.4271
2710001 36.3311
2720001 31.1889
2730001 37.9031
2740001 35.8226
2750001 32.7956
2760001 29.831
2770001 52.4731
2780001 36.923
2790001 35.3326
2800001 39.63
2810001 42.7562
2820001 57.9931
2830001 44.6016
2840001 41.1729
2850001 30.2083
2860001 37.6158
2870001 48.3471
2880001 44.0095
2890001 38.0878
2900001 35.2948
2910001 58.2049
2920001 48.403
2930001 38.7269
2940001 33.079
2950001 27.7908
2960001 54.8
2970001 47.1679
2980001 41.3754
2990001 30.8236
3000001 57.0911
3010001 46.3097
3020001 33.0376
3030001 36.6453
3040001 29.2904
3050001 53.1052
3060001 42.2136
3070001 50.7043
3080001 32.2555
3090001 32.7229
3100001 40.1633
3110001 41.6788
3120001 48.1805
3130001 33.8214
3140001 53.8499
3150001 46.0588
3160001 35.0914
3170001 39.8391
3180001 27.2196
3190001 50.4056
3200001 43.259
3210001 40.4422
3220001 28.3848
3230001 29.7366
3240001 35.8978
3250001 38.4391
3260001 33.8099
3270001 28.6513
3280001 44.0104
3290001 40.2337
3300001 34.0349
3310001 31.3433
3320001 33.9817
3330001 37.0587
3340001 55.5219
3350001 44.0069
3360001 35.4141
3370001 64.9676
3380001 38.6826
3390001 45.5089
3400001 30.0742
3410001 27.2545
3420001 39.2387
3430001 51.432
3440001 42.9292
3450001 30.3689
3460001 33.2578
3470001 33.7763
3480001 41.44
3490001 36.2882
3500001 31.1922
3510001 48.7192
3520001 35.8277
3530001 32.8007
3540001 29.7371
3550001 52.4705
3560001 36.9348
3570001 35.2995
3580001 39.6326
3590001 42.7364
3600001 58.0049
3610001 44.5888
3620001 41.1918
3630001 30.2158
3640001 37.5874
3650001 48.4854
3660001 43.8917
3670001 38.0718
3680001 34.8802
3690001 58.2161
3700001 54.5703
3710001 38.7356
3720001 33.0806
3730001 29.0253
3740001 54.8182
3750001 47.224
3760001 41.3804
3770001 30.8278
3780001 57.0696
3790001 46.3
3800001 33.0675
3810001 36.64
3820001 29.3145
3830001 64.6555
3840001 42.2202
3850001 50.7285
3860001 32.251
3870001 32.7328
3880001 40.1778
3890001 41.6775
3900001 48.1865
3910001 33.8119
3920001 53.8552
3930001 46.0492
3940001 35.0889
3950001 39.8939
3960001 27.2494
3970001 50.3756
3980001 43.2477
3990001 40.4465
4000001 28.4024
4010001 29.7407
4020001 35.8559
4030001 38.3338
4040001 33.814
4050001 28.6335
4060001 44.0138
4070001 40.0731
4080001 34.025
4090001 31.3145
4100001 33.9839
4110001 37.0686
4120001 55.6318
4130001 43.692
4140001 35.422
4150001 61.1054
4160001 38.6658
4170001 45.5091
4180001 30.0776
4190001 27.2553
4200001 39.2392
4210001 51.25
4220001 42.8516
4230001 30.3838
4240001 33.2621
4250001 33.7435
4260001 41.4613
4270001 36.2871
4280001 31.1893
4290001 48.7111
4300001 35.8376
4310001 32.7962
4320001 29.7435
4330001 52.474
4340001 36.9033
4350001 35.8602
4360001 39.656
4370001 42.7355
4380001 57.9836
4390001 44.6021
4400001 41.1798
4410001 30.2331
4420001 37.577
4430001 48.4673
4440001 43.8729
4450001 38.0916
4460001 34.8783
4470001 58.2004
4480001 54.5784
4490001 38.7429
4500001 33.0833
4510001 29.0344
4520001 54.8141
4530001 47.1593
4540001 41.4117
4550001 30.8213
4560001 57.0832
4570001 46.3109
4580001 33.0699
4590001 36.529
4600001 29.2854
4610001 64.66
4620001 42.1977
4630001 50.7458
4640001 32.2592
4650001 32.736
4660001 40.1794
4670001 41.669
4680001 48.1757
4690001 33.7435
4700001 53.8594
4710001 45.9771
4720001 34.8231
4730001 31.8831
4740001 27.2499
4750001 50.4112
4760001 43.2695
4770001 40.4539
4780001 28.4055
4790001 29.7637
4800001 35.8394
4810001 38.3333
4820001 33.7166
4830001 28.6447
4840001 43.9804
4850001 40.0995
4860001 33.9875
4870001 31.3272
4880001 33.7401
4890001 37.0335
4900001 55.6152
4910001 43.6574
4920001 35.4166
4930001 61.1053
4940001 38.6559
4950001 45.4952
4960001 30.0648
4970001 27.2557
4980001 39.2531
4990001 51.3739
5000001 42.827
5010001 30.3725
5020001 33.2608
5030001 33.7295
5040001 41.47
5050001 36.2807
5060001 29.2327
5070001 48.7019
5080001 35.814
5090001 32.7911
5100001 29.7315
5110001 52.4755
5120001 36.8839
5130001 35.8686
5140001 39.6578
5150001 42.7384
5160001 57.9886
5170001 44.5672
5180001 41.1723
5190001 30.2049
5200001 37.5216
5210001 48.4606
5220001 43.9061
5230001 38.0763
5240001 34.8714
5250001 58.1828
5260001 54.5313
5270001 38.7335
5280001 33.0781
5290001 29.025
5300001 54.8205
5310001 47.1466
5320001 41.4227
5330001 30.8245
5340001 57.0679
5350001 46.1105
5360001 33.067
5370001 36.4991
5380001 29.2937
5390001 64.6646
5400001 42.1869
5410001 50.7444
5420001 32.2584
5430001 32.7238
5440001 40.1679
5450001 41.6332
5460001 48.1625
5470001 33.7465
5480001 53.8663
5490001 45.9559
5500001 34.6656
5510001 31.8813
5520001 27.2706
5530001 50.4051
5540001 42.9227
5550001 40.4553
5560001 28.3656
5570001 29.7627
5580001 35.8868
5590001 38.3528
5600001 33.7226
5610001 28.6549
5620001 43.9917
5630001 38.7724
5640001 33.9939
5650001 31.3761
5660001 33.7404
5670001 37.0185
5680001 48.7645
5690001 43.9907
5700001 35.4513
5710001 61.0939
5720001 38.6535
5730001 45.5337
5740001 30.0565
5750001 27.2707
5760001 39.2467
5770001 50.6704
5780001 42.8291
5790001 31.0056
5800001 33.2709
5810001 33.7512
5820001 41.4624
5830001 36.2805
5840001 29.2281
5850001 48.7762
5860001 35.8938
5870001 32.7914
5880001 29.717
5890001 52.4735
5900001 36.8807
5910001 35.8657
5920001 39.7388
5930001 42.7343
5940001 57.973
5950001 44.5665
5960001 41.1512
5970001 30.1935
5980001 37.5288
5990001 48.4574
6000001 43.8844
6010001 38.0739
6020001 34.947
6030001 58.17
6040001 54.5454
6050001 38.7339
6060001 33.0791
6070001 29.0429
6080001 54.7972
6090001 47.1045
6100001 41.4237
6110001 30.808
6120001 45.2067
6130001 46.0963
6140001 33.0574
6150001 36.4485
6160001 29.3018
6170001 64.6651
6180001 42.185
6190001 50.7385
6200001 32.2608
6210001 32.726
6220001 40.2073
6230001 41.5763
6240001 48.164
6250001 33.7547
6260001 53.8601
6270001 45.9261
6280001 34.6361
6290001 31.878
6300001 27.2596
6310001 50.3969
6320001 42.3471
6330001 40.4674
6340001 28.3544
6350001 29.7784
6360001 35.8836
6370001 38.3489
6380001 33.7214
6390001 28.6541
6400001 43.9742
6410001 38.7637
6420001 34.0009
6430001 31.3798
6440001 33.7131
6450001 36.9707
6460001 48.7358
6470001 44.2049
6480001 35.4612
6490001 61.105
6500001 38.9273
6510001 45.5189
6520001 29.9317
6530001 27.2735
6540001 39.2547
6550001 50.6648
6560001 42.8247
6570001 31.0215
6580001 33.2735
6590001 33.7574
6600001 41.4606
6610001 33.0324
6620001 29.2399
6630001 48.7627
6640001 35.9205
6650001 32.5633
6660001 29.7146
6670001 52.5024
6680001 36.852
6690001 35.8708
6700001 39.7011
6710001 42.6949
6720001 57.9717
6730001 44.5221
6740001 41.0557
6750001 30.1431
6760001 37.5098
6770001 48.4444
6780001 43.907
6790001 37.417
6800001 34.9508
6810001 58.0976
6820001 54.4988
6830001 38.7007
6840001 33.068
6850001 29.0311
6860001 54.8076
6870001 43.6777
6880001 41.5357
6890001 30.8169
6900001 45.1914
6910001 46.0973
6920001 33.0547
6930001 36.451
6940001 29.3217
6950001 64.6584
6960001 42.1687
6970001 50.7374
6980001 32.2571
6990001 32.7351
7000001 40.1547
7010001 41.575
7020001 48.1685
7030001 33.7565
7040001 53.8663
7050001 45.9246
7060001 34.5798
7070001 31.8791
7080001 27.2566
7090001 50.3534
7100001 42.3471
7110001 40.4625
7120001 28.3457
7130001 29.7805
7140001 35.8899
7150001 38.3611
7160001 33.7098
7170001 28.6523
7180001 43.9435
7190001 38.621
7200001 34.0239
7210001 31.3793
7220001 33.6506
7230001 36.9659
7240001 48.7244
7250001 44.2091
7260001 35.4469
7270001 61.0416
7280001 38.9231
7290001 45.516
7300001 29.9396
7310001 27.2933
7320001 39.248
7330001 50.6637
7340001 42.8316
7350001 31.024
7360001 33.2708
7370001 33.7297
7380001 41.4502
7390001 33.0244
7400001 29.2288
7410001 48.7754
7420001 35.7833
7430001 32.5457
7440001 28.8792
7450001 52.5076
7460001 36.8336
7470001 35.8591
7480001 39.6715
7490001 42.7025
7500001 57.9691
7510001 44.5334
7520001 41.0558
7530001 30.1486
7540001 37.5054
7550001 48.4404
7560001 43.9095
7570001 37.4049
7580001 34.8783
7590001 55.2271
7600001 54.5205
7610001 38.7507
7620001 33.0891
7630001 29.0279
7640001 54.8428
7650001 43.6748
7660001 41.5341
7670001 30.822
7680001 45.1821
7690001 46.0921
7700001 33.0572
7710001 36.4394
7720001 29.3276
7730001 64.6462
7740001 42.1459
7750001 50.6626
7760001 32.2528
7770001 32.7286
7780001 40.14
7790001 41.5535
7800001 48.1672
7810001 33.7278
7820001 53.8733
7830001 45.916
7840001 34.5934
7850001 31.8667
7860001 27.2467
7870001 50.3488
7880001 42.3497
7890001 40.4526
7900001 28.4046
7910001 29.8224
7920001 35.8883
7930001 38.3602
7940001 33.7012
7950001 28.651
7960001 43.9214
7970001 38.6225
7980001 34.0331
7990001 31.3734
8000001 33.6375
8010001 36.9473
8020001 48.7077
8030001 44.0482
8040001 35.4406
8050001 61.0222
8060001 38.9197
8070001 45.5241
8080001 29.9295
8090001 27.303
8100001 39.2939
8110001 50.4103
8120001 42.8189
8130001 30.9908
8140001 33.2705
8150001 33.7185
8160001 41.44
8170001 33.0163
8180001 28.9947
8190001 48.9003
8200001 35.7699
8210001 32.5407
8220001 32.6623
8230001 52.5041
8240001 36.8256
8250001 35.8334
8260001 39.6683
8270001 42.6898
8280001 57.9594
8290001 44.412
8300001 41.0328
8310001 30.1507
8320001 37.4911
8330001 48.4736
8340001 43.5389
8350001 37.4044
8360001 34.8778
8370001 55.2121
8380001 54.5149
8390001 38.7465
8400001 33.061
8410001 29.0209
8420001 54.8283
8430001 43.6673
8440001 41.5368
8450001 30.8228
8460001 45.0162
8470001 46.0813
8480001 33.0575
8490001 36.4193
8500001 29.3258
8510001 64.6404
8520001 42.1489
8530001 50.6606
8540001 32.2449
8550001 37.1409
8560001 40.1394
8570001 41.5892
8580001 48.1857
8590001 33.716
8600001 53.8714
8610001 45.9125
8620001 34.5698
8630001 31.4368
8640001 27.2341
8650001 50.3562
8660001 42.3251
8670001 40.4459
8680001 28.4013
8690001 29.822
8700001 35.8742
8710001 38.3409
8720001 33.6946
8730001 28.6568
8740001 43.8786
8750001 38.6111
8760001 34.0513
8770001 31.3615
8780001 33.6275
8790001 36.9516
8800001 48.6177
8810001 44.0765
8820001 35.4067
8830001 61.0099
8840001 38.9202
8850001 45.5313
8860001 29.9261
8870001 27.2994
8880001 39.2758
8890001 50.3812
8900001 42.8068
8910001 30.9531
8920001 33.2742
8930001 33.7122
8940001 41.4415
8950001 33.0203
8960001 28.5246
8970001 48.921
8980001 35.7796
8990001 32.5451
9000001 32.5589
9010001 52.4942
9020001 36.8216
9030001 35.8173
9040001 39.6664
9050001 42.6609
9060001 57.9318
9070001 44.3968
9080001 40.4217
9090001 30.1264
9100001 37.4916
9110001 46.6604
9120001 43.5343
9130001 37.3854
9140001 34.8777
9150001 55.1574
9160001 54.4135
9170001 38.2304
9180001 33.042
9190001 29.0165
9200001 54.848
9210001 43.491
9220001 41.4037
9230001 30.7706
9240001 45.0058
9250001 46.0691
9260001 33.0548
9270001 36.1245
9280001 29.3302
9290001 64.6477
9300001 42.1447
9310001 50.6336
9320001 32.2897
9330001 35.0706
9340001 40.1279
9350001 41.5868
9360001 48.202
9370001 33.7119
9380001 53.8659
9390001 45.8929
9400001 34.5406
9410001 31.4446
9420001 27.2227
9430001 50.3591
9440001 42.2444
9450001 40.4485
9460001 28.393
9470001 29.7261
9480001 35.844
9490001 38.3312
9500001 33.7079
9510001 28.65
9520001 43.9253
9530001 38.623
9540001 34.0747
9550001 31.3803
9560001 33.6347
9570001 36.9457
9580001 48.7343
9590001 44.0537
9600001 35.3855
9610001 61.4986
9620001 38.9179
9630001 45.5343
9640001 29.9254
9650001 27.2659
9660001 39.2898
9670001 50.4209
9680001 42.7744
9690001 30.9794
9700001 33.2981
9710001 33.7012
9720001 41.4472
9730001 33.0092
9740001 28.5137
9750001 48.821
9760001 35.7765
9770001 32.5337
9780001 32.5514
9790001 52.4922
9800001 36.8244
9810001 35.8061
9820001 39.6615
9830001 40.979
9840001 57.956
9850001 44.3816
9860001 40.4422
9870001 30.1223
9880001 37.4671
9890001 46.0146
9900001 43.5185
9910001 37.4433
9920001 34.8625
9930001 55.1566
9940001 54.41
9950001 38.2177
9960001 33.0676
9970001 28.9329
9980001 54.8381
9990001 43.4815
