1 2683.79
10001 184.513
20001 103.399
30001 89.1389
40001 44.5457
50001 33.7113
60001 29.5035
70001 21.3785
80001 17.9555
90001 16.0317
100001 13.0279
110001 12.0094
120001 10.6674
130001 9.33434
140001 9.65637
150001 8.07145
160001 7.31876
170001 7.11064
180001 6.53458
190001 6.3674
200001 5.91132
210001 6.19768
220001 5.33447
230001 5.15996
240001 6.32277
250001 4.77258
260001 4.65349
270001 6.37129
280001 4.45396
290001 5.58093
300001 5.92189
310001 4.1205
320001 4.35075
330001 4.88125
340001 3.88618
350001 4.23224
360001 3.9012
370001 3.92646
380001 3.73717
390001 3.74844
400001 5.41411
410001 3.62127
420001 3.62988
430001 3.84109
440001 4.41678
450001 4.72769
460001 3.63716
470001 4.91065
480001 4.66453
490001 3.50459
500001 3.50008
510001 3.43676
520001 3.37721
530001 5.83042
540001 4.18827
550001 3.35614
560001 3.37548
570001 3.62823
580001 3.3706
590001 4.22024
600001 3.37271
610001 4.24938
620001 3.27827
630001 4.31479
640001 4.24473
650001 3.32882
660001 4.21202
670001 5.0765
680001 3.26507
690001 3.37625
700001 4.08106
710001 3.25178
720001 3.23017
730001 3.75971
740001 3.23179
750001 3.22768
760001 3.61222
770001 3.20148
780001 3.53431
790001 3.31366
800001 3.90307
810001 3.18687
820001 3.96625
830001 3.47642
840001 4.40484
850001 3.22169
860001 4.62219
870001 3.27125
880001 3.8887
890001 4.97296
900001 3.17644
910001 3.51885
920001 4.13725
930001 3.15475
940001 3.61109
950001 3.27335
960001 3.35013
970001 3.26035
980001 3.25843
990001 4.09873
1000001 3.19683
1010001 3.23972
1020001 3.49533
1030001 4.08136
1040001 4.4884
1050001 3.35199
1060001 3.96718
1070001 4.41192
1080001 3.26604
1090001 3.58236
1100001 3.21515
1110001 3.17375
1120001 5.37318
1130001 4.25833
1140001 3.17579
1150001 3.22185
1160001 3.27648
1170001 3.23376
1180001 4.0973
1190001 3.2066
1200001 4.14346
1210001 3.1554
1220001 4.20956
1230001 4.27552
1240001 3.2507
1250001 4.15979
1260001 5.01308
1270001 3.20193
1280001 3.30511
1290001 4.015
1300001 3.17948
1310001 3.15972
1320001 3.26447
1330001 3.17791
1340001 3.15011
1350001 3.56212
1360001 3.88577
1370001 3.48414
1380001 3.24326
1390001 3.8554
1400001 3.14366
1410001 3.96348
1420001 3.43904
1430001 4.37458
1440001 3.18415
1450001 4.54999
1460001 3.19181
1470001 3.85691
1480001 4.94069
1490001 3.14323
1500001 3.49159
1510001 4.11232
1520001 3.13709
1530001 4.42295
1540001 3.24004
1550001 3.33665
1560001 3.24059
1570001 3.26147
1580001 4.08988
1590001 3.17844
1600001 3.22156
1610001 3.58936
1620001 4.03423
1630001 4.43942
1640001 3.33062
1650001 5.19593
1660001 3.22736
1670001 3.24572
1680001 3.58583
1690001 3.19492
1700001 3.19041
1710001 4.69245
1720001 4.25722
1730001 3.16734
1740001 3.24825
1750001 3.25847
1760001 3.21053
1770001 4.08807
1780001 3.19646
1790001 4.12593
1800001 3.13841
1810001 4.19922
1820001 4.27353
1830001 3.25043
1840001 4.16287
1850001 5.89521
1860001 3.19068
1870001 3.31229
1880001 4.03989
1890001 3.16763
1900001 3.15409
1910001 3.24455
1920001 3.17123
1930001 3.15292
1940001 3.16244
1950001 3.87791
1960001 3.27059
1970001 3.19655
1980001 3.89605
1990001 3.14509
2000001 3.9553
2010001 4.40979
2020001 4.36809
2030001 3.14542
2040001 4.53431
2050001 3.18766
2060001 3.83115
2070001 4.48605
2080001 3.1384
2090001 3.49349
2100001 3.26497
2110001 3.09791
2120001 4.45006
2130001 3.23789
2140001 3.45539
2150001 3.24319
2160001 3.25885
2170001 4.84752
2180001 3.23275
2190001 3.21354
2200001 3.573
2210001 4.07732
2220001 4.44127
2230001 3.33178
2240001 5.15977
2250001 3.22317
2260001 3.06745
2270001 4.83299
2280001 3.19802
2290001 3.19005
2300001 4.67363
2310001 4.04493
2320001 3.17606
2330001 3.21717
2340001 3.24901
2350001 3.24983
2360001 3.18529
2370001 3.19453
2380001 4.38474
2390001 3.18229
2400001 4.20621
2410001 5.51103
2420001 3.24278
2430001 4.15346
2440001 5.89422
2450001 3.18222
2460001 3.29238
2470001 4.05565
2480001 3.19003
2490001 3.15705
2500001 3.20519
2510001 3.17503
2520001 3.16131
2530001 3.18942
2540001 3.87364
2550001 3.15861
2560001 3.15224
2570001 3.91499
2580001 3.16669
2590001 3.99097
2600001 4.45655
2610001 4.36672
2620001 3.11029
2630001 5.43587
2640001 3.17396
2650001 3.83298
2660001 4.47386
2670001 3.13636
2680001 3.48685
2690001 4.13857
2700001 3.10691
2710001 3.64843
2720001 3.24634
2730001 4.28421
2740001 4.20603
2750001 3.39303
2760001 4.15992
2770001 3.2323
2780001 3.5349
2790001 3.56621
2800001 4.78558
2810001 4.44199
2820001 3.35857
2830001 4.67886
2840001 3.20021
2850001 3.06762
2860001 4.49617
2870001 4.41186
2880001 3.20798
2890001 4.65894
2900001 4.0526
2910001 3.17446
2920001 3.98794
2930001 3.24842
2940001 3.9587
2950001 3.18603
2960001 3.19008
2970001 4.38525
2980001 3.18094
2990001 4.19696
3000001 6.13955
3010001 3.18403
3020001 3.25566
3030001 4.85343
3040001 3.18442
3050001 3.24402
3060001 4.74239
3070001 3.18
3080001 3.14936
3090001 3.18519
3100001 4.11761
3110001 3.16323
3120001 3.20376
3130001 3.86425
3140001 3.18092
3150001 3.13567
3160001 3.9157
3170001 3.16946
3180001 3.97991
3190001 4.46574
3200001 4.35928
3210001 3.11232
3220001 5.42045
3230001 3.17024
3240001 3.82254
3250001 4.4791
3260001 3.12518
3270001 3.49134
3280001 4.15266
3290001 3.42914
3300001 3.48308
3310001 3.23258
3320001 5.56559
3330001 4.19353
3340001 3.38822
3350001 4.16853
3360001 3.19948
3370001 3.52917
3380001 3.52954
3390001 4.4107
3400001 4.44869
3410001 3.35507
3420001 4.67989
3430001 3.2038
3440001 3.06188
3450001 5.72218
3460001 4.46172
3470001 3.20356
3480001 4.63904
3490001 4.05885
3500001 3.14152
3510001 3.98801
3520001 3.25994
3530001 3.95482
3540001 3.18733
3550001 3.19051
3560001 4.07096
3570001 3.18465
3580001 4.19195
3590001 4.43895
3600001 3.18813
3610001 3.36967
3620001 4.84013
3630001 3.18524
3640001 3.22831
3650001 4.74444
3660001 3.18116
3670001 3.15448
3680001 4.03079
3690001 3.17376
3700001 3.18002
3710001 3.22628
3720001 3.86281
3730001 3.16889
3740001 3.14641
3750001 3.87619
3760001 3.17068
3770001 3.19573
3780001 4.46008
3790001 4.06136
3800001 3.09919
3810001 5.40025
3820001 3.17945
3830001 3.83683
3840001 4.12125
3850001 3.84847
3860001 3.49409
3870001 4.15218
3880001 3.4237
3890001 3.47272
3900001 3.22512
3910001 5.55892
3920001 4.17487
3930001 3.2491
3940001 3.61965
3950001 3.21063
3960001 3.533
3970001 3.52361
3980001 4.41361
3990001 4.44307
4000001 3.47419
4010001 4.64661
4020001 3.23796
4030001 3.06867
4040001 5.65772
4050001 4.4495
4060001 3.20237
4070001 4.62538
4080001 4.01614
4090001 3.14104
4100001 3.98706
4110001 3.24245
4120001 3.94248
4130001 3.18919
4140001 3.3086
4150001 4.0584
4160001 3.18907
4170001 4.20172
4180001 4.39692
4190001 3.18292
4200001 3.29808
4210001 4.82778
4220001 3.19323
4230001 3.22803
4240001 3.91652
4250001 3.18539
4260001 3.15925
4270001 3.58495
4280001 3.16857
4290001 3.18534
4300001 3.22686
4310001 3.86103
4320001 3.15533
4330001 3.15772
4340001 3.51096
4350001 3.13953
4360001 3.19824
4370001 5.36283
4380001 4.05975
4390001 3.09677
4400001 5.2962
4410001 3.17366
4420001 3.85196
4430001 4.0883
4440001 3.15
4450001 3.52319
4460001 4.13224
4470001 3.42119
4480001 3.45985
4490001 3.22221
4500001 4.61217
4510001 4.17187
4520001 3.26649
4530001 3.47876
4540001 4.08139
4550001 3.21237
4560001 3.51827
4570001 4.3841
4580001 4.43426
4590001 3.46666
4600001 3.92572
4610001 3.24779
4620001 3.06944
4630001 5.67815
4640001 4.47337
4650001 3.19645
4660001 3.68562
4670001 3.91766
4680001 3.15157
4690001 3.95639
4700001 3.24193
4710001 3.23615
4720001 3.21582
4730001 3.31005
4740001 4.10173
4750001 3.19383
4760001 4.2011
4770001 4.26911
4780001 3.17754
4790001 3.28727
4800001 4.81934
4810001 3.18619
4820001 3.22498
4830001 4.84739
4840001 3.2107
4850001 3.15544
4860001 3.56955
4870001 3.1769
4880001 3.17424
4890001 3.22588
4900001 4.64945
4910001 3.14908
4920001 3.15377
4930001 4.77862
4940001 3.13224
4950001 3.17154
4960001 5.35947
4970001 4.05805
4980001 3.82803
4990001 5.29721
5000001 3.16736
5010001 3.85056
5020001 4.08889
5030001 3.15842
5040001 3.51494
5050001 4.12658
5060001 3.40339
5070001 3.47022
5080001 3.22162
5090001 4.29867
5100001 4.1733
5110001 3.24182
5120001 3.48024
5130001 4.07424
5140001 3.19935
5150001 3.46806
5160001 4.21673
5170001 4.40786
5180001 3.2358
5190001 5.10086
5200001 3.2544
5210001 3.08204
5220001 5.66506
5230001 4.46982
5240001 3.17636
5250001 3.69659
5260001 3.91658
5270001 3.13461
5280001 3.95197
5290001 3.22694
5300001 3.23781
5310001 3.22241
5320001 3.31555
5330001 4.11661
5340001 3.20478
5350001 4.1457
5360001 4.26598
5370001 3.18501
5380001 3.29166
5390001 4.7664
5400001 3.24704
5410001 3.24581
5420001 4.85457
5430001 3.20569
5440001 3.14758
5450001 3.56535
5460001 3.18609
5470001 3.173
5480001 3.22905
5490001 4.64099
5500001 3.14843
5510001 3.13534
5520001 4.74851
5530001 3.12518
5540001 3.16499
5550001 5.36253
5560001 4.07342
5570001 3.80089
5580001 5.07506
5590001 3.16193
5600001 3.84146
5610001 4.08119
5620001 3.15341
5630001 4.34607
5640001 4.09895
5650001 3.32791
5660001 3.48031
5670001 3.20535
5680001 4.29577
5690001 4.17496
5700001 3.24645
5710001 3.48705
5720001 4.07373
5730001 3.1999
5740001 3.36689
5750001 4.67376
5760001 4.40649
5770001 3.23232
5780001 5.09162
5790001 3.58115
5800001 3.10263
5810001 5.67329
5820001 4.46501
5830001 3.16424
5840001 3.20453
5850001 3.94729
5860001 3.14636
5870001 3.9494
5880001 3.23231
5890001 3.23424
5900001 3.23095
5910001 3.46761
5920001 4.10965
5930001 3.2028
5940001 4.1585
5950001 4.26425
5960001 3.1862
5970001 3.25893
5980001 4.77207
5990001 3.23562
6000001 3.28143
6010001 4.90796
6020001 3.15521
6030001 3.1387
6040001 3.57595
6050001 3.16443
6060001 3.17082
6070001 3.27489
6080001 4.64974
6090001 3.1511
6100001 3.15189
6110001 5.56589
6120001 3.12718
6130001 3.19092
6140001 5.35553
6150001 3.14825
6160001 3.80074
6170001 5.07097
6180001 3.14156
6190001 3.17733
6200001 4.12312
6210001 3.14248
6220001 4.04791
6230001 4.08965
6240001 3.33335
6250001 3.25096
6260001 3.21456
6270001 4.29155
6280001 4.16355
6290001 3.24053
6300001 3.48165
6310001 3.98673
6320001 3.1984
6330001 3.35617
6340001 4.67063
6350001 4.41782
6360001 3.28694
6370001 5.0955
6380001 3.57761
6390001 3.13619
6400001 5.67604
6410001 4.05384
6420001 3.17428
6430001 3.20596
6440001 3.93755
6450001 3.21081
6460001 3.95052
6470001 3.22708
6480001 3.17469
6490001 3.5041
6500001 4.29934
6510001 4.14866
6520001 3.23704
6530001 4.12333
6540001 4.28486
6550001 3.184
6560001 3.3038
6570001 4.76354
6580001 3.17789
6590001 3.20964
6600001 4.91789
6610001 3.17447
6620001 3.154
6630001 3.59172
6640001 3.13536
6650001 3.16336
6660001 3.2723
6670001 3.87177
6680001 3.15081
6690001 3.1535
6700001 5.43633
6710001 3.12806
6720001 3.22202
6730001 5.34728
6740001 3.19655
6750001 4.56711
6760001 5.03653
6770001 3.13809
6780001 3.22654
6790001 4.0998
6800001 3.17454
6810001 4.10294
6820001 3.26093
6830001 3.3469
6840001 3.24349
6850001 3.19829
6860001 4.28889
6870001 4.16387
6880001 3.21588
6890001 3.47963
6900001 4.07175
6910001 4.40105
6920001 3.32352
6930001 4.65619
6940001 4.42296
6950001 3.29159
6960001 4.68135
6970001 3.57064
6980001 3.12391
6990001 5.67593
7000001 4.03192
7010001 3.18071
7020001 3.21844
7030001 3.5166
7040001 3.21228
7050001 3.21733
7060001 3.22614
7070001 4.15815
7080001 3.15429
7090001 4.20799
7100001 4.16372
7110001 3.23678
7120001 4.12741
7130001 4.27091
7140001 3.18439
7150001 3.31071
7160001 4.75773
7170001 3.17257
7180001 3.16355
7190001 4.85762
7200001 3.17837
7210001 3.16526
7220001 3.55692
7230001 3.12211
7240001 3.15741
7250001 3.26556
7260001 3.85186
7270001 3.15832
7280001 3.16195
7290001 5.42045
7300001 3.11895
7310001 3.18197
7320001 5.1974
7330001 3.20917
7340001 4.58229
7350001 4.99637
7360001 3.14919
7370001 3.50008
7380001 4.12157
7390001 3.13417
7400001 3.5602
7410001 3.25508
7420001 3.34595
7430001 3.19377
7440001 3.1966
7450001 4.27311
7460001 3.21813
7470001 3.21163
7480001 3.46932
7490001 4.06918
7500001 4.41431
7510001 3.32658
7520001 4.64858
7530001 4.40758
7540001 3.27318
7550001 3.26793
7560001 3.5344
7570001 3.1679
7580001 5.67375
7590001 4.01763
7600001 3.15984
7610001 3.2161
7620001 3.47909
7630001 3.23399
7640001 3.21712
7650001 3.23968
7660001 4.12879
7670001 3.1434
7680001 4.16177
7690001 4.16514
7700001 3.23301
7710001 4.11473
7720001 4.23238
7730001 3.17777
7740001 3.31846
7750001 4.0141
7760001 3.16445
7770001 3.16115
7780001 4.17017
7790001 3.17568
7800001 3.16726
7810001 3.54625
7820001 3.14152
7830001 3.48128
7840001 3.25816
7850001 3.85479
7860001 3.15716
7870001 3.89249
7880001 4.67119
7890001 3.12343
7900001 3.171
7910001 4.89758
7920001 3.22932
7930001 3.86183
7940001 4.9395
7950001 3.14878
7960001 3.4896
7970001 4.11824
7980001 3.12595
7990001 3.55619
8000001 3.25471
8010001 3.3306
8020001 3.23842
8030001 3.23487
8040001 4.0917
8050001 3.17482
8060001 3.20762
8070001 3.4681
8080001 4.0737
8090001 4.41846
8100001 3.3369
8110001 4.6483
8120001 4.39989
8130001 3.25639
8140001 3.57494
8150001 3.20594
8160001 3.16168
8170001 5.66884
8180001 4.01584
8190001 3.18027
8200001 3.20413
8210001 3.48684
8220001 3.22889
8230001 4.10526
8240001 3.21583
8250001 4.14536
8260001 3.14057
8270001 4.19852
8280001 4.15181
8290001 3.23614
8300001 4.14857
8310001 5.00382
8320001 3.1849
8330001 3.29223
8340001 4.00736
8350001 3.17609
8360001 3.15348
8370001 3.70427
8380001 3.17993
8390001 3.15051
8400001 3.55903
8410001 3.14222
8420001 3.47994
8430001 3.25914
8440001 3.84961
8450001 3.13512
8460001 3.92868
8470001 3.43108
8480001 4.37064
8490001 3.18462
8500001 4.54528
8510001 3.23984
8520001 3.85671
8530001 4.93905
8540001 3.14204
8550001 3.48746
8560001 4.10978
8570001 3.12313
8580001 4.41245
8590001 3.23396
8600001 3.32213
8610001 3.24221
8620001 3.25814
8630001 4.08941
8640001 3.17937
8650001 3.21718
8660001 3.48032
8670001 4.07329
8680001 4.47107
8690001 3.32682
8700001 3.95442
8710001 4.39311
8720001 3.24691
8730001 3.57625
8740001 3.20207
8750001 3.18552
8760001 5.3585
8770001 4.24937
8780001 3.16403
8790001 3.25177
8800001 3.26766
8810001 3.20766
8820001 4.09289
8830001 3.19612
8840001 4.12843
8850001 3.14534
8860001 4.20122
8870001 4.28904
8880001 3.23999
8890001 4.1599
8900001 5.89782
8910001 3.18166
8920001 3.30809
8930001 4.02626
8940001 3.17168
8950001 3.15208
8960001 3.24508
8970001 3.17236
8980001 3.13985
8990001 3.55837
9000001 3.8779
9010001 3.47038
9020001 3.19599
9030001 3.89127
9040001 3.15259
9050001 3.96062
9060001 4.39916
9070001 4.36972
9080001 3.1804
9090001 4.54135
9100001 3.19171
9110001 3.83634
9120001 4.92764
9130001 3.13259
9140001 3.49042
9150001 3.25889
9160001 3.1238
9170001 4.41576
9180001 3.22689
9190001 3.33328
9200001 3.24383
9210001 3.2568
9220001 4.84768
9230001 3.88666
9240001 3.21887
9250001 3.58631
9260001 4.05922
9270001 4.43553
9280001 3.33807
9290001 5.1635
9300001 3.20782
9310001 3.06205
9320001 3.58333
9330001 3.19693
9340001 3.18737
9350001 4.67362
9360001 4.26168
9370001 3.17544
9380001 3.21465
9390001 3.25778
9400001 3.20786
9410001 4.0856
9420001 3.18807
9430001 4.38958
9440001 3.18409
9450001 4.1951
9460001 5.51319
9470001 3.24989
9480001 4.15696
9490001 5.90154
9500001 3.18349
9510001 3.29659
9520001 4.05218
9530001 3.17176
9540001 3.1515
9550001 3.23894
9560001 3.16264
9570001 3.1443
9580001 3.19545
9590001 3.87282
9600001 3.15537
9610001 3.19266
9620001 3.89796
9630001 3.14602
9640001 3.98216
9650001 4.40734
9660001 4.36273
9670001 3.11322
9680001 4.53646
9690001 3.17349
9700001 3.82743
9710001 4.48319
9720001 3.1335
9730001 3.48969
9740001 3.25308
9750001 3.09324
9760001 3.68729
9770001 3.25217
9780001 3.33492
9790001 3.2418
9800001 3.26142
9810001 4.15666
9820001 3.2384
9830001 3.21765
9840001 3.57048
9850001 4.79336
9860001 4.4394
9870001 3.34315
9880001 4.67986
9890001 3.20832
9900001 3.07039
9910001 3.57295
9920001 4.42077
9930001 3.19034
9940001 4.6687
9950001 4.05113
9960001 3.18083
9970001 3.22386
9980001 3.24792
9990001 3.9588
10000001 3.18351
10010001 3.19121
10020001 4.38355
10030001 3.17858
10040001 4.20364
10050001 5.51166
10060001 3.19053
10070001 3.26323
10080001 5.88352
10090001 3.18381
10100001 3.24659
10110001 4.04641
10120001 3.18762
10130001 3.156
10140001 3.1866
10150001 3.17613
10160001 3.16461
10170001 3.19638
10180001 3.86953
10190001 3.15792
10200001 3.14429
10210001 3.91907
10220001 3.17118
10230001 3.98482
10240001 4.45817
10250001 4.36995
10260001 3.10971
10270001 5.43146
10280001 3.17132
10290001 3.82266
10300001 4.46529
10310001 3.12862
10320001 3.49422
10330001 4.15799
10340001 3.42533
10350001 3.65184
10360001 3.24058
10370001 5.23732
10380001 4.20381
10390001 3.39805
10400001 4.16481
10410001 3.20378
10420001 3.52917
10430001 3.56489
10440001 4.75799
10450001 4.44382
10460001 3.36164
10470001 4.67757
10480001 3.20606
10490001 3.06593
10500001 4.50316
10510001 4.45971
10520001 3.20079
10530001 4.64351
10540001 4.04674
10550001 3.14516
10560001 3.98847
10570001 3.25328
10580001 3.95128
10590001 3.18383
10600001 3.19384
10610001 4.06756
10620001 3.18949
10630001 4.18863
10640001 6.13917
10650001 3.18466
10660001 3.2528
10670001 4.8493
10680001 3.18474
10690001 3.23982
10700001 4.74152
10710001 3.18023
10720001 3.15201
10730001 4.02802
10740001 3.17832
10750001 3.15544
10760001 3.20513
10770001 3.86461
10780001 3.18646
10790001 3.13523
10800001 3.91109
10810001 3.17193
10820001 3.24152
10830001 4.47345
10840001 4.36008
10850001 3.10991
10860001 5.42528
10870001 3.17354
10880001 3.82246
10890001 4.11407
10900001 3.84699
10910001 3.48832
10920001 4.157
10930001 3.43042
10940001 3.47316
10950001 3.22219
10960001 5.55849
10970001 4.17018
10980001 3.25302
10990001 3.66563
11000001 3.20801
11010001 3.52703
11020001 3.52658
11030001 4.40931
11040001 4.45084
11050001 3.46903
11060001 4.65143
11070001 3.23925
11080001 3.06449
11090001 5.72145
11100001 4.45904
11110001 3.1978
11120001 4.63875
11130001 4.06041
11140001 3.1432
11150001 3.97752
11160001 3.24085
11170001 3.94354
11180001 3.18354
11190001 3.20112
11200001 4.06155
11210001 3.19166
11220001 4.20356
11230001 4.43914
11240001 3.1853
11250001 3.34245
11260001 4.83956
11270001 3.19314
11280001 3.22636
11290001 4.72007
11300001 3.18051
11310001 3.15804
11320001 4.02651
11330001 3.17728
11340001 3.17576
11350001 3.23012
11360001 3.86068
11370001 3.16192
11380001 3.15092
11390001 3.76994
11400001 3.16219
11410001 3.19909
11420001 4.46541
11430001 4.06367
11440001 3.10529
11450001 5.39287
11460001 3.17183
11470001 3.84335
11480001 4.08841
11490001 3.84412
11500001 3.48703
11510001 4.14912
11520001 3.42296
11530001 3.46875
11540001 3.22543
11550001 5.56292
11560001 4.17221
11570001 3.25863
11580001 3.39667
11590001 3.20957
11600001 3.53541
11610001 3.51927
11620001 4.39581
11630001 4.43317
11640001 3.471
11650001 4.64785
11660001 3.23255
11670001 3.07808
11680001 5.66244
11690001 4.44418
11700001 3.19771
11710001 4.62661
11720001 4.01636
11730001 3.13371
11740001 3.98457
11750001 3.24508
11760001 3.99249
11770001 3.18851
11780001 3.30761
11790001 4.05903
11800001 3.18289
11810001 3.40534
11820001 4.26594
11830001 3.1833
11840001 3.29494
11850001 4.82041
11860001 3.18962
11870001 3.23114
11880001 3.91531
11890001 3.20104
11900001 3.1576
11910001 3.58983
11920001 3.16966
11930001 3.17971
11940001 3.23214
11950001 3.8656
11960001 3.14864
11970001 3.15688
11980001 4.78404
11990001 3.13019
12000001 3.15786
12010001 5.35805
12020001 4.0612
12030001 3.81813
12040001 5.33753
12050001 3.16284
12060001 3.85451
12070001 4.0885
12080001 3.16088
12090001 3.51998
12100001 4.13167
12110001 3.42013
12120001 3.4614
12130001 3.22205
12140001 4.6142
12150001 4.17237
12160001 3.26403
12170001 3.47801
12180001 4.07281
12190001 3.20878
12200001 3.51913
12210001 4.384
12220001 4.43887
12230001 3.24151
12240001 4.69924
12250001 3.25815
12260001 3.0671
12270001 5.68267
12280001 4.47542
12290001 3.17285
12300001 3.69222
12310001 3.91587
12320001 3.14337
12330001 3.95718
12340001 3.23227
12350001 3.24349
12360001 3.22318
12370001 3.30827
12380001 4.10798
12390001 3.20117
12400001 4.15216
12410001 4.27516
12420001 3.17773
12430001 3.28877
12440001 4.81635
12450001 3.19154
12460001 3.23704
12470001 4.84806
12480001 3.20884
12490001 3.1532
12500001 3.56633
12510001 3.17719
12520001 3.17607
12530001 3.23316
12540001 4.64503
12550001 3.14943
12560001 3.14065
12570001 4.77681
12580001 3.13408
12590001 3.17449
12600001 5.36248
12610001 4.06861
12620001 3.81919
12630001 5.07907
12640001 3.15888
12650001 3.8491
12660001 4.09346
12670001 3.16088
12680001 3.51389
12690001 4.12112
12700001 3.31848
12710001 3.47741
12720001 3.20453
12730001 4.30153
12740001 4.17054
12750001 3.24529
12760001 3.47876
12770001 4.07669
12780001 3.19414
12790001 3.47239
12800001 4.2106
12810001 4.40201
12820001 3.23293
12830001 5.09096
12840001 3.57403
12850001 3.08349
12860001 5.66623
12870001 4.45984
12880001 3.15884
12890001 3.69672
12900001 3.92278
12910001 3.14207
12920001 3.94758
12930001 3.22894
12940001 3.23183
12950001 3.22767
12960001 3.35441
12970001 4.11509
12980001 3.20644
12990001 4.15202
13000001 4.26655
13010001 3.1894
13020001 3.26739
13030001 4.77531
13040001 3.2362
13050001 3.27885
13060001 4.8622
13070001 3.16052
13080001 3.14321
13090001 3.56519
13100001 3.17563
13110001 3.17851
13120001 3.26884
13130001 4.65048
13140001 3.14798
13150001 3.15408
13160001 4.92965
13170001 3.13042
13180001 3.16817
13190001 5.48868
13200001 3.15039
13210001 3.80297
13220001 5.07115
13230001 3.15018
13240001 3.84315
13250001 4.12417
13260001 3.1559
13270001 4.05735
13280001 4.09356
13290001 3.3243
13300001 3.47689
13310001 3.23651
13320001 4.29187
13330001 4.16511
13340001 3.24556
13350001 3.48862
13360001 3.98928
13370001 3.19735
13380001 3.35437
13390001 4.66989
13400001 4.40785
13410001 3.28926
13420001 5.09142
13430001 3.57925
13440001 3.12393
13450001 5.67541
13460001 4.4589
13470001 3.17223
13480001 3.20768
13490001 3.9406
13500001 3.20699
13510001 3.95146
13520001 3.22069
13530001 3.23372
13540001 3.22496
13550001 3.45706
13560001 4.15958
13570001 3.19879
13580001 4.15827
13590001 4.25983
13600001 3.189
13610001 3.31083
13620001 4.76917
13630001 3.2328
13640001 3.26952
13650001 4.91168
13660001 3.15729
13670001 3.14396
13680001 3.59459
13690001 3.15868
13700001 3.16678
13710001 3.27323
13720001 3.87641
13730001 3.15714
13740001 3.156
13750001 5.43805
13760001 3.12957
13770001 3.18846
13780001 5.35997
13790001 3.15342
13800001 3.80747
13810001 5.03865
13820001 3.13672
13830001 3.23025
13840001 4.1188
13850001 3.14096
13860001 4.09593
13870001 3.26549
13880001 3.3508
13890001 3.24878
13900001 3.21587
13910001 4.29004
13920001 4.16143
13930001 3.24305
13940001 3.48028
13950001 3.9834
13960001 3.21755
13970001 3.3462
13980001 4.65851
13990001 4.42365
14000001 3.28431
14010001 5.10573
14020001 3.57708
14030001 3.12745
14040001 5.67606
14050001 4.0404
14060001 3.17995
14070001 3.22359
14080001 3.93725
14090001 3.20636
14100001 3.94711
14110001 3.21547
14120001 3.1777
14130001 3.47767
14140001 4.20599
14150001 4.16011
14160001 3.23418
14170001 4.12661
14180001 4.27449
14190001 3.18796
14200001 3.3125
14210001 4.76056
14220001 3.17242
14230001 3.20754
14240001 4.88749
14250001 3.18197
14260001 3.16546
14270001 3.58814
14280001 3.12825
14290001 3.16559
14300001 3.27005
14310001 3.85262
14320001 3.14723
14330001 3.17306
14340001 5.44131
14350001 3.12886
14360001 3.18179
14370001 5.19608
14380001 3.20883
14390001 4.58302
14400001 4.94579
14410001 3.14985
14420001 3.53331
14430001 4.10374
14440001 3.13056
14450001 3.58839
14460001 3.25601
14470001 3.35206
14480001 3.20603
14490001 3.19346
14500001 4.27481
14510001 3.21386
14520001 3.20943
14530001 3.47848
14540001 4.07021
14550001 4.40703
14560001 3.32446
14570001 4.64551
14580001 4.41201
14590001 3.27335
14600001 4.00742
14610001 3.56525
14620001 3.11838
14630001 5.671
14640001 4.0253
14650001 3.17016
14660001 3.21975
14670001 3.49706
14680001 3.22336
14690001 3.21788
14700001 3.23911
14710001 4.15372
14720001 3.14835
14730001 4.15415
14740001 4.1576
14750001 3.23274
14760001 4.1297
14770001 4.27231
14780001 3.17706
14790001 3.31163
14800001 4.01269
14810001 3.17247
14820001 3.16333
14830001 4.84767
14840001 3.18111
14850001 3.17151
14860001 3.54631
14870001 3.12498
14880001 3.48287
14890001 3.26591
14900001 3.85023
14910001 3.16451
14920001 3.15517
14930001 4.67605
14940001 3.12597
14950001 3.16856
14960001 5.18261
14970001 3.22104
14980001 4.58274
14990001 4.99014
15000001 3.14953
15010001 3.48869
15020001 4.11768
15030001 3.13042
15040001 3.55529
15050001 3.25362
15060001 3.34183
15070001 3.18862
15080001 3.23583
15090001 5.00911
15100001 3.1779
15110001 3.20549
15120001 3.47469
15130001 4.06953
15140001 4.41531
15150001 3.32536
15160001 4.65184
15170001 4.40422
15180001 3.26063
15190001 3.26406
15200001 3.20601
15210001 3.16535
15220001 5.66689
15230001 4.01566
15240001 3.17384
15250001 3.2109
15260001 3.47446
15270001 3.22696
15280001 4.10739
15290001 3.23485
15300001 4.12868
15310001 3.14558
15320001 4.0797
15330001 4.15174
15340001 3.23175
15350001 4.1357
15360001 4.9929
15370001 3.17109
15380001 3.297
15390001 4.00893
15400001 3.17304
15410001 3.16534
15420001 3.69728
15430001 3.16499
15440001 3.16444
15450001 3.56191
15460001 3.1447
15470001 3.48285
15480001 3.25974
15490001 3.85106
15500001 3.15297
15510001 3.92242
15520001 3.43342
15530001 3.11942
15540001 3.18536
15550001 4.59181
15560001 3.23389
15570001 3.8618
15580001 4.93968
15590001 3.14745
15600001 3.48798
15610001 4.10901
15620001 3.13126
15630001 3.58695
15640001 3.24561
15650001 3.32949
15660001 3.23905
15670001 3.23626
15680001 4.0841
15690001 3.17713
15700001 3.2217
15710001 3.47717
15720001 4.0654
15730001 4.47258
15740001 3.33653
15750001 3.95162
15760001 4.39674
15770001 3.25604
15780001 3.57228
15790001 3.19867
15800001 3.15733
15810001 5.66745
15820001 4.24774
15830001 3.16383
15840001 3.20913
15850001 3.2676
15860001 3.22404
15870001 4.09197
15880001 3.19595
15890001 4.13256
15900001 3.14266
15910001 4.20038
15920001 4.27139
15930001 3.24487
15940001 4.14803
15950001 5.00542
15960001 3.18939
15970001 3.29643
15980001 4.00372
15990001 3.17602
16000001 3.1501
16010001 3.25811
16020001 3.1748
16030001 3.14676
16040001 3.55639
16050001 3.88182
16060001 3.47521
16070001 3.23503
16080001 3.85487
16090001 3.13928
16100001 3.98359
16110001 3.43343
16120001 4.36657
16130001 3.17449
16140001 4.54257
16150001 3.18941
16160001 3.85722
16170001 4.9332
16180001 3.14075
16190001 3.48585
16200001 4.10976
16210001 3.13029
16220001 4.42195
16230001 3.23235
16240001 3.33177
16250001 3.23871
16260001 3.25653
16270001 4.08628
16280001 3.17315
16290001 3.21731
16300001 3.59064
16310001 4.02648
16320001 4.46217
16330001 3.33236
16340001 5.20036
16350001 3.22284
16360001 3.24381
16370001 3.58171
16380001 3.19485
16390001 3.18799
16400001 4.68756
16410001 4.25472
16420001 3.16833
16430001 3.24606
16440001 3.25861
16450001 3.20745
16460001 4.08752
16470001 3.19691
16480001 4.1247
16490001 3.13746
16500001 4.19743
16510001 4.27352
16520001 3.24936
16530001 4.15989
16540001 5.89614
16550001 3.18721
16560001 3.30641
16570001 4.04178
16580001 3.16518
16590001 3.1511
16600001 3.25256
16610001 3.16682
16620001 3.15132
16630001 3.55696
16640001 3.87692
16650001 3.26691
16660001 3.19111
16670001 3.89732
16680001 3.14763
16690001 3.95862
16700001 4.4102
16710001 4.36615
16720001 3.17563
16730001 4.53307
16740001 3.18433
16750001 3.83222
16760001 4.48097
16770001 3.13356
16780001 3.4899
16790001 3.26528
16800001 3.09683
16810001 4.44924
16820001 3.23672
16830001 3.33464
16840001 3.24386
16850001 3.26215
16860001 4.84836
16870001 3.23405
16880001 3.21253
16890001 3.57529
16900001 4.07553
16910001 4.44058
16920001 3.33675
16930001 5.1585
16940001 3.23489
16950001 3.0644
16960001 4.83615
16970001 3.19609
16980001 3.18918
16990001 4.67097
17000001 4.26048
17010001 3.17334
17020001 3.21338
17030001 3.24609
17040001 3.24902
17050001 3.18978
17060001 3.19478
17070001 4.38614
17080001 3.18105
17090001 4.20367
17100001 5.5122
17110001 3.24354
17120001 4.15295
17130001 5.89219
17140001 3.18345
17150001 3.29176
17160001 4.05621
17170001 3.18639
17180001 3.15741
17190001 3.2037
17200001 3.16595
17210001 3.16041
17220001 3.19155
17230001 3.87606
17240001 3.15918
17250001 3.1563
17260001 3.9109
17270001 3.16085
17280001 3.99066
17290001 4.45804
17300001 4.36423
17310001 3.11163
17320001 5.4345
17330001 3.17164
17340001 3.83474
17350001 4.47597
17360001 3.13112
17370001 3.48512
17380001 4.13875
17390001 3.0932
17400001 3.65143
17410001 3.24966
17420001 4.28239
17430001 4.20529
17440001 3.3919
17450001 4.15939
17460001 3.23328
17470001 3.53633
17480001 3.56792
17490001 4.78755
17500001 4.43888
17510001 3.36076
17520001 4.67719
17530001 3.2027
17540001 3.07051
17550001 4.49738
17560001 4.41094
17570001 3.20574
17580001 4.65958
17590001 4.05004
17600001 3.17784
17610001 3.98899
17620001 3.25029
17630001 3.96483
17640001 3.18488
17650001 3.18568
17660001 4.3865
17670001 3.17687
17680001 4.19768
17690001 6.25313
17700001 3.18231
17710001 3.25656
17720001 4.85477
17730001 3.18404
17740001 3.24358
17750001 4.74151
17760001 3.17986
17770001 3.14662
17780001 3.18454
17790001 4.11824
17800001 3.16416
17810001 3.20228
17820001 3.86697
17830001 3.17881
17840001 3.13843
17850001 3.91451
17860001 3.16949
17870001 3.97859
17880001 4.4657
17890001 4.36163
17900001 3.11161
17910001 5.42268
17920001 3.17201
17930001 3.82275
17940001 4.47135
17950001 3.12934
17960001 3.49392
17970001 4.15227
17980001 3.42997
17990001 3.48206
18000001 3.23781
18010001 5.56478
18020001 4.19179
18030001 3.38179
18040001 4.16867
18050001 3.202
18060001 3.52556
18070001 3.53027
18080001 4.41267
18090001 4.45235
18100001 3.35696
18110001 4.68354
18120001 3.20425
18130001 3.06157
18140001 5.72701
18150001 4.46158
18160001 3.20376
18170001 4.63873
18180001 4.05982
18190001 3.14866
18200001 3.98407
18210001 3.25618
18220001 3.95547
18230001 3.18584
18240001 3.19305
18250001 4.06811
18260001 3.18517
18270001 4.18772
18280001 4.43963
18290001 3.18616
18300001 3.3717
18310001 4.84506
18320001 3.18755
18330001 3.24114
18340001 4.74254
18350001 3.18203
18360001 3.14934
18370001 4.02875
18380001 3.17315
18390001 3.17881
18400001 3.22517
18410001 3.86604
18420001 3.17234
18430001 3.14921
18440001 3.87686
18450001 3.17039
18460001 3.19915
18470001 4.46311
18480001 4.06454
18490001 3.1029
18500001 5.41292
18510001 3.17605
18520001 3.83359
18530001 4.11628
18540001 3.84673
18550001 3.49186
18560001 4.15326
18570001 3.43063
18580001 3.4746
18590001 3.22641
18600001 5.56048
18610001 4.17238
18620001 3.24895
18630001 3.62824
18640001 3.21107
18650001 3.53346
18660001 3.52199
18670001 4.41259
18680001 4.44716
18690001 3.47765
18700001 4.64344
18710001 3.23661
18720001 3.06575
18730001 5.65802
18740001 4.45186
18750001 3.20408
18760001 4.62785
18770001 4.04677
18780001 3.14184
18790001 3.98787
18800001 3.2393
18810001 3.9408
18820001 3.18928
18830001 3.31089
18840001 4.06163
18850001 3.18506
18860001 4.20297
18870001 4.39887
18880001 3.18229
18890001 3.30079
18900001 4.84921
18910001 3.19434
18920001 3.22884
18930001 3.91715
18940001 3.18262
18950001 3.15662
18960001 3.58684
18970001 3.16971
18980001 3.18465
18990001 3.22463
19000001 3.85892
19010001 3.15709
19020001 3.1526
19030001 3.51468
19040001 3.13291
19050001 3.20085
19060001 5.3631
19070001 4.06185
19080001 3.09885
19090001 5.29623
19100001 3.17063
19110001 3.84987
19120001 4.08985
19130001 3.14965
19140001 3.52503
19150001 4.13497
19160001 3.41994
19170001 3.46
19180001 3.22173
19190001 4.6135
19200001 4.17338
19210001 3.26139
19220001 3.47572
19230001 3.21791
19240001 3.21557
19250001 3.51798
19260001 4.38521
19270001 4.43378
19280001 3.46595
19290001 4.5323
19300001 3.2434
19310001 3.0728
19320001 5.67883
19330001 4.45722
19340001 3.19817
19350001 3.69051
19360001 3.91613
19370001 3.14499
19380001 3.96203
19390001 3.24456
19400001 3.28676
19410001 3.21719
19420001 3.31395
19430001 4.06161
19440001 3.19326
19450001 4.20217
19460001 4.26754
19470001 3.17757
19480001 3.2872
19490001 4.82369
19500001 3.19013
19510001 3.22325
19520001 4.84909
19530001 3.20861
19540001 3.15423
19550001 3.57411
19560001 3.17428
19570001 3.17466
19580001 3.23015
19590001 3.87511
19600001 3.1517
19610001 3.15243
19620001 4.78212
19630001 3.13184
19640001 3.16347
19650001 5.35711
19660001 4.05609
19670001 3.82965
19680001 5.29884
19690001 3.16437
19700001 3.85247
19710001 4.08934
19720001 3.15765
19730001 3.51527
19740001 4.12711
19750001 3.40464
19760001 3.47174
19770001 3.22243
19780001 4.3
19790001 4.17388
19800001 3.24218
19810001 3.48
19820001 4.07794
19830001 3.19924
19840001 3.46344
19850001 4.21649
19860001 4.40461
19870001 3.23863
19880001 5.10048
19890001 3.25853
19900001 3.07993
19910001 5.66287
19920001 4.46952
19930001 3.1755
19940001 3.6971
19950001 3.92182
19960001 3.13703
19970001 3.95143
19980001 3.22559
19990001 3.23274
20000001 3.22195
20010001 3.31412
20020001 4.11165
20030001 3.20284
20040001 4.14649
20050001 4.26646
20060001 3.18643
20070001 3.29161
20080001 4.76706
20090001 3.2484
20100001 3.24856
20110001 4.85133
20120001 3.20442
20130001 3.14659
20140001 3.56622
20150001 3.17739
20160001 3.17043
20170001 3.22804
20180001 4.64246
20190001 3.15073
20200001 3.13673
20210001 4.77706
20220001 3.12614
20230001 3.16481
20240001 5.36482
20250001 4.07231
20260001 3.80238
20270001 5.07629
20280001 3.16601
20290001 3.84667
20300001 4.07881
20310001 3.15571
20320001 4.34973
20330001 4.10175
20340001 3.3242
20350001 3.479
20360001 3.20567
20370001 4.29628
20380001 4.17617
20390001 3.2487
20400001 3.48316
20410001 4.07714
20420001 3.19982
20430001 3.36888
20440001 4.67397
20450001 4.4
20460001 3.23002
20470001 5.08968
20480001 3.57825
20490001 3.10193
20500001 5.67251
20510001 4.46211
20520001 3.1621
20530001 3.20341
20540001 3.9484
20550001 3.14226
20560001 3.94888
20570001 3.23261
20580001 3.23551
20590001 3.23228
20600001 3.4709
20610001 4.11316
20620001 3.20135
20630001 4.15731
20640001 4.26381
20650001 3.1899
20660001 3.26172
20670001 4.77214
20680001 3.23666
20690001 3.284
20700001 4.90583
20710001 3.15592
20720001 3.13806
20730001 3.57426
20740001 3.17029
20750001 3.16907
20760001 3.27338
20770001 4.65113
20780001 3.14808
20790001 3.14912
20800001 4.92265
20810001 3.12867
20820001 3.19237
20830001 5.35552
20840001 3.15172
20850001 3.80111
20860001 5.07367
20870001 3.14318
20880001 3.17648
20890001 4.12207
20900001 3.14131
20910001 4.05007
20920001 4.08841
20930001 3.33269
20940001 3.25184
20950001 3.21467
20960001 4.28957
20970001 4.16211
20980001 3.24283
20990001 3.48369
21000001 3.98748
21010001 3.19668
21020001 3.35752
21030001 4.66726
21040001 4.41329
21050001 3.28989
21060001 5.09706
21070001 3.57853
21080001 3.13191
21090001 5.67705
21100001 4.45055
21110001 3.17164
21120001 3.20797
21130001 3.93929
21140001 3.21104
21150001 3.95182
21160001 3.22485
21170001 3.22558
21180001 3.18661
21190001 4.2949
21200001 4.15264
21210001 3.23663
21220001 4.12587
21230001 4.28331
21240001 3.18278
21250001 3.30632
21260001 4.76098
21270001 3.17706
21280001 3.28281
21290001 4.91718
21300001 3.15717
21310001 3.14999
21320001 3.59104
21330001 3.13672
21340001 3.16244
21350001 3.27455
21360001 3.87358
21370001 3.15074
21380001 3.15617
21390001 5.43551
21400001 3.12867
21410001 3.21912
21420001 5.346
21430001 3.1992
21440001 4.57215
21450001 5.03422
21460001 3.13664
21470001 3.22831
21480001 4.10383
21490001 3.14441
21500001 4.09606
21510001 3.26302
21520001 3.34507
21530001 3.24513
21540001 3.21143
21550001 4.2885
21560001 4.16564
21570001 3.23978
21580001 3.47912
21590001 4.06744
21600001 4.40457
21610001 3.32501
21620001 4.65913
21630001 4.42709
21640001 3.28935
21650001 4.68044
21660001 3.5726
21670001 3.12526
21680001 5.67319
21690001 4.03294
21700001 3.17795
21710001 3.21913
21720001 3.93571
21730001 3.20391
21740001 3.21656
21750001 3.22112
21760001 4.15671
21770001 3.15681
21780001 4.20654
21790001 4.16319
21800001 3.23617
21810001 4.12786
21820001 4.27306
21830001 3.18728
21840001 3.309
21850001 4.75556
21860001 3.1716
21870001 3.1642
21880001 4.85969
21890001 3.17945
21900001 3.16692
21910001 3.56076
21920001 3.12349
21930001 3.15623
21940001 3.26333
21950001 3.84959
21960001 3.1591
21970001 3.16393
21980001 5.4368
21990001 3.12038
22000001 3.17824
22010001 5.1981
22020001 3.21239
22030001 4.59598
22040001 4.99656
22050001 3.15177
22060001 3.4969
22070001 4.12127
22080001 3.13334
22090001 3.56142
22100001 3.25826
22110001 3.35013
22120001 3.19456
22130001 3.19829
22140001 4.27364
22150001 3.21896
22160001 3.20928
22170001 3.47181
22180001 4.06786
22190001 4.41228
22200001 3.32803
22210001 4.64732
22220001 4.40904
22230001 3.27395
22240001 3.2705
22250001 3.53468
22260001 3.16796
22270001 5.67397
22280001 4.01664
22290001 3.1678
22300001 3.21973
22310001 3.49508
22320001 3.23585
22330001 3.21934
22340001 3.24174
22350001 4.12957
22360001 3.14438
22370001 4.1573
22380001 4.16814
22390001 3.23806
22400001 4.1175
22410001 4.25897
22420001 3.17973
22430001 3.28355
22440001 4.01651
22450001 3.16604
22460001 3.1607
22470001 4.8354
22480001 3.17799
22490001 3.1671
22500001 3.54531
22510001 3.14119
22520001 3.47779
22530001 3.26039
22540001 3.85556
22550001 3.15945
22560001 3.89905
22570001 4.6706
22580001 3.12164
22590001 3.17044
22600001 4.90008
22610001 3.22843
22620001 3.86087
22630001 4.93735
22640001 3.15114
22650001 3.4887
22660001 4.11965
22670001 3.12392
22680001 3.55627
22690001 3.25409
22700001 3.33113
22710001 3.24103
22720001 3.23643
22730001 4.09022
22740001 3.17771
22750001 3.2048
22760001 3.46971
22770001 4.07608
22780001 4.41853
22790001 3.33435
22800001 4.64958
22810001 4.39973
22820001 3.25811
22830001 3.578
22840001 3.20698
22850001 3.16211
22860001 5.67175
22870001 4.01158
22880001 3.17907
22890001 3.20559
22900001 3.48531
22910001 3.22667
22920001 4.10396
22930001 3.22054
22940001 4.14344
22950001 3.14141
22960001 4.19978
22970001 4.15448
22980001 3.23642
22990001 4.14742
23000001 5.00643
23010001 3.17774
23020001 3.29337
23030001 4.00779
23040001 3.1762
23050001 3.15345
23060001 3.70273
23070001 3.16166
23080001 3.14823
23090001 3.56189
23100001 3.14328
23110001 3.48002
23120001 3.25994
23130001 3.8488
23140001 3.13388
23150001 3.92445
23160001 3.43275
23170001 4.37281
23180001 3.18459
23190001 4.54511
23200001 3.24063
23210001 3.8582
23220001 4.97647
23230001 3.14076
23240001 3.48866
23250001 4.10952
23260001 3.1226
23270001 4.41416
23280001 3.24736
23290001 3.32242
23300001 3.24448
23310001 3.24152
23320001 4.091
23330001 3.1785
23340001 3.21715
23350001 3.48127
23360001 4.07303
23370001 4.47306
23380001 3.32292
23390001 3.95372
23400001 4.38751
23410001 3.25016
23420001 3.57427
23430001 3.20128
23440001 3.18334
23450001 5.35855
23460001 4.247
23470001 3.16508
23480001 3.20772
23490001 3.26851
23500001 3.20684
23510001 4.09138
23520001 3.19738
23530001 4.13042
23540001 3.14378
23550001 4.20054
23560001 4.29015
23570001 3.2433
23580001 4.16214
23590001 5.88511
23600001 3.18376
23610001 3.30554
23620001 4.02546
23630001 3.17245
23640001 3.15425
23650001 3.25495
23660001 3.17041
23670001 3.13815
23680001 3.55659
23690001 3.8838
23700001 3.47204
23710001 3.19634
23720001 3.89264
23730001 3.1543
23740001 3.96251
23750001 4.40228
23760001 4.37348
23770001 3.1769
23780001 4.54375
23790001 3.19028
23800001 3.85054
23810001 4.92839
23820001 3.13518
23830001 3.49127
23840001 3.26038
23850001 3.12275
23860001 4.41227
23870001 3.23269
23880001 3.33836
23890001 3.2457
23900001 3.2612
23910001 4.08373
23920001 3.8899
23930001 3.21656
23940001 3.58873
23950001 4.05869
23960001 4.4365
23970001 3.32871
23980001 5.1715
23990001 3.20758
24000001 3.06247
24010001 3.58408
24020001 3.19609
24030001 3.18928
24040001 4.6748
24050001 4.26619
24060001 3.15891
24070001 3.21753
24080001 3.25543
24090001 3.20967
24100001 4.08791
24110001 3.18994
24120001 4.43125
24130001 3.18534
24140001 4.19524
24150001 5.51313
24160001 3.24767
24170001 4.15839
24180001 5.89826
24190001 3.18332
24200001 3.29768
24210001 4.0419
24220001 3.16834
24230001 3.14948
24240001 3.23817
24250001 3.16213
24260001 3.1473
24270001 3.19676
24280001 3.87324
24290001 3.15463
24300001 3.19683
24310001 3.90099
24320001 3.14583
24330001 3.94273
24340001 4.40748
24350001 4.36389
24360001 3.14136
24370001 4.53612
24380001 3.17999
24390001 3.82797
24400001 4.48044
24410001 3.1383
24420001 3.48953
24430001 3.25154
24440001 3.0955
24450001 4.44626
24460001 3.24972
24470001 3.456
24480001 3.24312
24490001 3.26604
24500001 4.15907
24510001 3.24363
24520001 3.21987
24530001 3.56978
24540001 4.06575
24550001 4.44104
24560001 3.32803
24570001 4.6772
24580001 3.22115
24590001 3.06619
24600001 3.57342
24610001 4.42121
24620001 3.18518
24630001 4.66939
24640001 4.05075
24650001 3.18061
24660001 3.22347
24670001 3.24669
24680001 3.98773
24690001 3.18348
24700001 3.19284
24710001 4.38477
24720001 3.1762
24730001 4.20592
24740001 5.50987
24750001 3.19691
24760001 3.26464
24770001 5.8859
24780001 3.18492
24790001 3.24659
24800001 4.0499
24810001 3.18611
24820001 3.15344
24830001 3.18743
24840001 3.17403
24850001 3.16291
24860001 3.19629
24870001 3.87106
24880001 3.15996
24890001 3.14617
24900001 3.9196
24910001 3.17015
24920001 3.98212
24930001 4.45694
24940001 4.36852
24950001 3.10968
24960001 5.43112
24970001 3.17013
24980001 3.82364
24990001 4.46753
25000001 3.13074
25010001 3.49016
25020001 4.15655
25030001 3.11108
25040001 3.65038
25050001 3.25113
25060001 5.23991
25070001 4.20515
25080001 3.39728
25090001 4.16557
25100001 3.20413
25110001 3.52957
25120001 3.56355
25130001 4.78694
25140001 4.44425
25150001 3.3622
25160001 4.67839
25170001 3.20483
25180001 3.06571
25190001 4.50248
25200001 4.46198
25210001 3.20345
25220001 4.64148
25230001 4.04851
25240001 3.14698
25250001 3.98778
25260001 3.25494
25270001 3.95462
25280001 3.18137
25290001 3.19177
25300001 4.07026
25310001 3.18457
25320001 4.18772
25330001 6.14022
25340001 3.18399
25350001 3.25819
25360001 4.85171
25370001 3.18538
25380001 3.23938
25390001 4.74299
25400001 3.18059
25410001 3.15041
25420001 4.03891
25430001 4.12281
25440001 3.1576
25450001 3.20663
25460001 3.86169
25470001 3.18431
25480001 3.13542
25490001 3.91139
25500001 3.17171
25510001 3.97759
25520001 4.47277
25530001 4.35649
25540001 3.10817
25550001 5.4277
25560001 3.17249
25570001 3.82403
25580001 4.10913
25590001 3.85105
25600001 3.48742
25610001 4.16043
25620001 3.42734
25630001 3.46739
25640001 3.22498
25650001 5.55883
25660001 4.18859
25670001 3.25473
25680001 3.6625
25690001 3.20563
25700001 3.52406
25710001 3.52663
25720001 4.40877
25730001 4.45231
25740001 3.4696
25750001 4.64933
25760001 3.24112
25770001 3.06074
25780001 5.71802
25790001 4.45772
25800001 3.20263
25810001 4.63987
25820001 4.05918
25830001 3.14225
25840001 3.98199
25850001 3.24336
25860001 3.94752
25870001 3.18242
25880001 3.20079
25890001 4.06084
25900001 3.1895
25910001 4.1896
25920001 4.43978
25930001 3.18997
25940001 3.34304
25950001 4.84066
25960001 3.19215
25970001 3.22601
25980001 4.71714
25990001 3.17832
26000001 3.15963
26010001 4.02873
26020001 3.17634
26030001 3.1729
26040001 3.23099
26050001 3.8615
26060001 3.16264
26070001 3.15067
26080001 3.76852
26090001 3.15743
26100001 3.20235
26110001 4.46542
26120001 4.06418
26130001 3.10596
26140001 5.39378
26150001 3.17293
26160001 3.84506
26170001 4.08907
26180001 3.84671
26190001 3.48805
26200001 4.14832
26210001 3.42144
26220001 3.4684
26230001 3.22586
26240001 5.5631
26250001 4.17166
26260001 3.26047
26270001 3.3942
26280001 3.20791
26290001 3.53397
26300001 3.52061
26310001 4.39613
26320001 4.43329
26330001 3.47367
26340001 4.64624
26350001 3.2361
26360001 3.07556
26370001 5.66262
26380001 4.44253
26390001 3.20085
26400001 4.62641
26410001 4.01834
26420001 3.13478
26430001 3.98673
26440001 3.24376
26450001 3.94542
26460001 3.18928
26470001 3.30763
26480001 4.05858
26490001 3.18505
26500001 3.40737
26510001 4.26644
26520001 3.18376
26530001 3.29287
26540001 4.82278
26550001 3.19129
26560001 3.22824
26570001 3.91756
26580001 3.18479
26590001 3.15925
26600001 3.59012
26610001 3.16932
26620001 3.17674
26630001 3.23106
26640001 3.86304
26650001 3.15106
26660001 3.15813
26670001 4.78404
26680001 3.13218
26690001 3.15913
26700001 5.35544
26710001 4.05873
26720001 3.81079
26730001 5.30151
26740001 3.16737
26750001 3.85668
26760001 4.09003
26770001 3.15457
26780001 3.52061
26790001 4.13401
26800001 3.42082
26810001 3.46189
26820001 3.22425
26830001 4.61834
26840001 4.16826
26850001 3.26816
26860001 3.47959
26870001 4.07548
26880001 3.21092
26890001 3.5197
26900001 4.38472
26910001 4.43744
26920001 3.46677
26930001 4.70107
26940001 3.2587
26950001 3.07051
26960001 5.68153
26970001 4.47114
26980001 3.17533
26990001 3.69245
27000001 3.9151
27010001 3.14229
27020001 3.95664
27030001 3.23388
27040001 3.24039
27050001 3.22192
27060001 3.30923
27070001 4.10669
27080001 3.19434
27090001 4.15114
27100001 4.27219
27110001 3.17917
27120001 3.28798
27130001 4.81531
27140001 3.19025
27150001 3.23564
27160001 4.84725
27170001 3.20875
27180001 3.15123
27190001 3.57023
27200001 3.1791
27210001 3.18024
27220001 3.22505
27230001 4.64454
27240001 3.15005
27250001 3.14465
27260001 4.77667
27270001 3.13328
27280001 3.1754
27290001 5.3656
27300001 4.06568
27310001 3.81742
27320001 5.08096
27330001 3.16244
27340001 3.84855
27350001 4.0927
27360001 3.15835
27370001 3.51567
27380001 4.12699
27390001 3.31722
27400001 3.47611
27410001 3.20562
27420001 4.29898
27430001 4.17157
27440001 3.24716
27450001 3.48408
27460001 4.07379
27470001 3.19502
27480001 3.47229
27490001 4.21171
27500001 4.40434
27510001 3.23247
27520001 5.09409
27530001 3.25312
27540001 3.08366
27550001 5.6659
27560001 4.45886
27570001 3.16092
27580001 3.69979
27590001 3.91761
27600001 3.13983
27610001 3.94889
27620001 3.22548
27630001 3.23401
27640001 3.2264
27650001 3.35336
27660001 4.11598
27670001 3.20818
27680001 4.14813
27690001 4.27053
27700001 3.18676
27710001 3.26754
27720001 4.77532
27730001 3.24141
27740001 3.28228
27750001 4.86154
27760001 3.15981
27770001 3.14644
27780001 3.56631
27790001 3.17244
27800001 3.17657
27810001 3.27045
27820001 4.65484
27830001 3.14958
27840001 3.15508
27850001 4.93547
27860001 3.131
27870001 3.16893
27880001 5.35764
27890001 3.14829
27900001 3.80582
27910001 5.07243
27920001 3.15604
27930001 3.84423
27940001 4.1244
27950001 3.15612
27960001 4.05489
27970001 4.09531
27980001 3.32688
27990001 3.47984
28000001 3.23741
28010001 4.29622
28020001 4.16569
28030001 3.24476
28040001 3.49151
28050001 3.99139
28060001 3.20832
28070001 3.35465
28080001 4.67227
28090001 4.41255
28100001 3.29422
28110001 5.08823
28120001 3.58018
28130001 3.1135
28140001 5.67678
28150001 4.46003
28160001 3.17466
28170001 3.20521
28180001 3.94087
28190001 3.20392
28200001 3.95266
28210001 3.22226
28220001 3.23406
28230001 3.22577
28240001 3.45798
28250001 4.15282
28260001 3.2019
28270001 4.15727
28280001 4.25017
28290001 3.18936
28300001 3.25877
28310001 4.76683
28320001 3.23197
28330001 3.26984
28340001 4.91198
28350001 3.15552
28360001 3.14083
28370001 3.57542
28380001 3.16268
28390001 3.16674
28400001 3.27125
28410001 3.87478
28420001 3.15838
28430001 3.1571
28440001 5.44084
28450001 3.12001
28460001 3.18638
28470001 5.36035
28480001 3.15279
28490001 3.80738
28500001 5.03907
28510001 3.13706
28520001 3.22929
28530001 4.1193
28540001 3.14225
28550001 4.09353
28560001 3.26558
28570001 3.34968
28580001 3.24982
28590001 3.21783
28600001 4.29099
28610001 4.15976
28620001 3.24426
28630001 3.48435
28640001 3.98485
28650001 3.21726
28660001 3.34605
28670001 4.65937
28680001 4.42216
28690001 3.28604
28700001 5.10831
28710001 3.57424
28720001 3.12575
28730001 5.67534
28740001 4.04507
28750001 3.17895
28760001 3.22013
28770001 3.93516
28780001 3.20801
28790001 3.94979
28800001 3.21938
28810001 3.17775
28820001 3.47998
28830001 4.20744
28840001 4.15962
28850001 3.23846
28860001 4.1281
28870001 4.27452
28880001 3.18601
28890001 3.31038
28900001 4.76414
28910001 3.17434
28920001 3.20813
28930001 4.8897
28940001 3.1798
28950001 3.17022
28960001 3.58843
28970001 3.13366
28980001 3.1625
28990001 3.26839
29000001 3.85537
29010001 3.14813
29020001 3.17094
29030001 5.43972
29040001 3.12989
29050001 3.22693
29060001 5.22458
29070001 3.20875
29080001 4.5844
29090001 4.94507
29100001 3.14183
29110001 3.53442
29120001 4.10477
29130001 3.13394
29140001 3.59101
29150001 3.25449
29160001 3.35186
29170001 3.21099
29180001 3.19324
29190001 4.28514
29200001 3.21299
29210001 3.21116
29220001 3.48124
29230001 4.06906
29240001 4.4044
29250001 3.3256
29260001 4.64216
29270001 4.41061
29280001 3.27036
29290001 4.67847
29300001 3.56953
29310001 3.12155
29320001 5.67078
29330001 4.02768
29340001 3.17484
29350001 3.22157
29360001 3.49798
29370001 3.22197
29380001 3.21789
29390001 3.22652
29400001 4.15442
29410001 3.14709
29420001 4.1554
29430001 4.15843
29440001 3.23222
29450001 4.13048
29460001 4.27108
29470001 3.17943
29480001 3.31152
29490001 4.01307
29500001 3.17566
29510001 3.16437
29520001 4.84479
29530001 3.17951
29540001 3.17224
29550001 3.54628
29560001 3.12641
29570001 3.48098
29580001 3.26776
29590001 3.85078
29600001 3.16549
29610001 3.17794
29620001 4.67895
29630001 3.1176
29640001 3.16794
29650001 5.18356
29660001 3.2174
29670001 4.58127
29680001 4.99031
29690001 3.14715
29700001 3.49006
29710001 4.12133
29720001 3.13044
29730001 3.5551
29740001 3.25552
29750001 3.34352
29760001 3.1908
29770001 3.23663
29780001 4.27712
29790001 3.17828
29800001 3.20371
29810001 3.46722
29820001 4.0682
29830001 4.41664
29840001 3.32364
29850001 4.65024
29860001 4.4042
29870001 3.26098
29880001 3.26448
29890001 3.20844
29900001 3.15321
29910001 5.66538
29920001 4.01653
29930001 3.1681
29940001 3.21371
29950001 3.47931
29960001 3.22663
29970001 4.11
29980001 3.23328
29990001 4.12203
