1 61477.3
1000001 487.855
2000001 246.722
3000001 220.385
4000001 268.405
5000001 286.512
6000001 229.847
7000001 212.328
8000001 198.405
9000001 195.035
10000001 284.21
11000001 193.546
12000001 191.38
13000001 217.09
14000001 325.187
15000001 202.82
16000001 188.027
17000001 184.754
18000001 212.996
19000001 210.055
20000001 259.441
21000001 240.062
22000001 213.092
23000001 208.192
24000001 199.901
25000001 243.015
26000001 206.958
27000001 192.578
28000001 183.964
29000001 353.377
30000001 212.158
31000001 194.312
32000001 191.354
33000001 207.904
34000001 224.078
35000001 205.16
36000001 259.609
37000001 224.799
38000001 202.26
39000001 226.333
40000001 193.341
41000001 207.098
42000001 231.794
43000001 186.141
44000001 250.665
45000001 246.585
46000001 198.58
47000001 195.624
48000001 189.148
49000001 195.13
50000001 236.117
51000001 273.756
52000001 226.131
53000001 209.025
54000001 196.836
55000001 194.501
56000001 247.466
57000001 193.589
58000001 190.229
59000001 208.7
60000001 301.183
61000001 201.682
62000001 298.622
63000001 185.126
64000001 208.622
65000001 208.166
66000001 846.521
67000001 234.058
68000001 213.653
69000001 204.568
70000001 200.687
71000001 232.468
72000001 205.373
73000001 191.982
74000001 183.227
75000001 306.34
76000001 212.187
77000001 192.251
78000001 189.053
79000001 206.467
80000001 843.399
81000001 201.194
82000001 252.949
83000001 215.883
84000001 235.356
85000001 232.964
86000001 194.77
87000001 204.446
88000001 218.749
89000001 186.176
90000001 242.806
91000001 247.81
92000001 196.522
93000001 194.91
94000001 183.088
95000001 191.966
96000001 220.891
97000001 271.402
98000001 224.486
99000001 213.986
100000001 215.019
101000001 759.432
102000001 242.551
103000001 241.543
104000001 189.25
105000001 469.689
106000001 262.243
107000001 201.952
108000001 216.734
109000001 184.756
110000001 203.394
111000001 205.454
112000001 759.066
113000001 233.05
114000001 212.68
115000001 201.996
116000001 198.374
117000001 219.165
118000001 205.801
119000001 190.865
120000001 183.423
121000001 298.595
122000001 207.986
123000001 192.171
124000001 188.489
125000001 291.678
126000001 230.48
127000001 200.445
128000001 247.554
129000001 215.517
130000001 222.465
131000001 221.037
132000001 193.693
133000001 202.431
134000001 212.121
135000001 185.047
136000001 243.207
137000001 217.543
138000001 202.485
139000001 194.081
140000001 182.718
141000001 191.06
142000001 223.641
143000001 268.174
144000001 223.026
145000001 212.8
146000001 199.783
147000001 201.812
148000001 239.477
149000001 313.536
150000001 188.083
151000001 371.393
152000001 242.87
153000001 200.465
154000001 208.571
155000001 183.796
156000001 199.808
157000001 205.411
158000001 712.239
159000001 231.721
160000001 213.263
161000001 200.629
162000001 199.642
163000001 497.41
164000001 202.332
165000001 190.936
166000001 413.453
167000001 283.305
168000001 205.755
169000001 190.419
170000001 186.552
171000001 249.813
172000001 220.87
173000001 197.775
174000001 245.049
175000001 216.753
176000001 210.738
177000001 211.842
178000001 203.239
179000001 200.751
180000001 206.337
181000001 184.305
182000001 234.777
183000001 251.102
184000001 198.413
185000001 194.08
186000001 181.861
187000001 190.218
188000001 212.745
189000001 262.251
190000001 221.414
191000001 207.291
192000001 326.784
193000001 200.052
194000001 234.356
195000001 250.069
196000001 187.771
197000001 294.556
198000001 230.224
199000001 201.434
200000001 204.61
201000001 186.648
202000001 197.534
203000001 204.221
204000001 595.786
205000001 228.431
206000001 210.616
207000001 200.256
208000001 196.089
209000001 384.448
210000001 196.442
211000001 199.178
212000001 236.705
213000001 276.541
214000001 206.444
215000001 189.25
216000001 186.427
217000001 234.131
218000001 214.649
219000001 198.219
220000001 244.219
221000001 213.998
222000001 207.885
223000001 250.7
224000001 198.869
225000001 200.748
226000001 203.456
227000001 186.446
228000001 231.874
229000001 248.674
230000001 194.675
231000001 210.846
232000001 230.887
233000001 190.771
234000001 201.595
235000001 261.131
236000001 220.213
237000001 205.193
238000001 242.098
239000001 196.278
240000001 230.34
241000001 251.594
242000001 186.984
243000001 287.626
244000001 231.455
245000001 198.434
246000001 201.901
247000001 184.03
248000001 196.205
249000001 202.21
250000001 324.887
251000001 228.296
252000001 249.621
253000001 200.826
254000001 195.382
255000001 331.141
256000001 197.265
257000001 198.645
258000001 231.444
259000001 255.663
260000001 204.946
261000001 189.45
262000001 189.964
263000001 238.985
264000001 217.261
265000001 209.116
266000001 243.567
267000001 216.655
268000001 205.055
269000001 204.184
270000001 192.014
271000001 199.754
272000001 197.456
273000001 184.754
274000001 220.852
275000001 227.056
276000001 194.147
277000001 197.44
278000001 238.507
279000001 191.794
280000001 213.694
281000001 315.342
282000001 219.494
283000001 204.705
284000001 228.128
285000001 204.672
286000001 218.532
287000001 251.449
288000001 187.046
289000001 258.795
290000001 228.898
291000001 205.626
292000001 203.554
293000001 183.316
294000001 194.434
295000001 199.635
296000001 339.943
297000001 227.365
298000001 214.803
299000001 200.09
300000001 194.634
301000001 290.521
302000001 196.725
303000001 191.541
304000001 220.098
305000001 452.444
306000001 203.594
307000001 188.952
308000001 187.23
309000001 220.792
310000001 214.819
311000001 198.867
312000001 241.069
313000001 220.656
314000001 210.096
315000001 208.475
316000001 288.904
317000001 199.517
318000001 194.742
319000001 186.257
320000001 859.683
321000001 217.628
322000001 192.476
323000001 192.173
324000001 229.085
325000001 189.634
326000001 203.965
327000001 290.95
328000001 218.311
329000001 204.514
330000001 226.03
331000001 199.255
332000001 210.974
333000001 249.81
334000001 186.517
335000001 250.46
336000001 218.556
337000001 200.73
338000001 197.482
339000001 183.065
340000001 196.883
341000001 258.307
342000001 283.616
343000001 227.089
344000001 210.804
345000001 197.737
346000001 195.017
347000001 288.415
348000001 194.725
349000001 193.443
350000001 218.12
351000001 339.487
352000001 205.025
353000001 189.11
354000001 186.32
355000001 211.262
356000001 210.824
357000001 200.797
358000001 239.073
359000001 213.559
360000001 202.869
361000001 201.012
362000001 243.409
363000001 208.083
364000001 193.88
365000001 186.858
366000001 353.745
367000001 214.694
368000001 193.383
369000001 192.685
370000001 210.06
371000001 224.196
372000001 205.966
373000001 257.857
374000001 224.61
375000001 202.719
376000001 231.057
377000001 194.422
378000001 207.87
379000001 234.098
380000001 186.321
381000001 249.8
382000001 248.367
383000001 199.011
384000001 195.676
385000001 221.89
386000001 207.981
387000001 236.329
388000001 275.332
389000001 226.904
390000001 209.904
391000001 197.073
392000001 195.101
393000001 251.962
394000001 193.52
395000001 190.958
396000001 210.857
397000001 301.084
398000001 201.934
399000001 264.285
400000001 185.077
401000001 209.283
402000001 208.169
403000001 907.804
404000001 234.156
405000001 215.14
406000001 206.004
407000001 200.596
408000001 233.11
409000001 205.031
410000001 193.93
411000001 183.53
412000001 312.921
413000001 212.256
414000001 198.193
415000001 189.362
416000001 214.474
417000001 843.558
418000001 201.222
419000001 255.015
420000001 216.413
421000001 236.761
422000001 234.578
423000001 194.306
424000001 205.057
425000001 219.631
426000001 186.144
427000001 242.633
428000001 248.761
429000001 196.801
430000001 194.956
431000001 184.102
432000001 193.738
433000001 229.53
434000001 271.82
435000001 225.017
436000001 222.069
437000001 216.102
438000001 759.779
439000001 245.682
440000001 241.203
441000001 189.191
442000001 457.093
443000001 269.092
444000001 201.913
445000001 220.041
446000001 184.653
447000001 208.059
448000001 206.29
449000001 788.142
450000001 234.93
451000001 212.588
452000001 202.216
453000001 198.762
454000001 217.807
455000001 204.157
456000001 191.107
457000001 183.976
458000001 309.055
459000001 211.642
460000001 191.385
461000001 189.183
462000001 292.019
463000001 283.097
464000001 200.775
465000001 247.597
466000001 216.606
467000001 222.896
468000001 223.367
469000001 194.388
470000001 202.557
471000001 213.088
472000001 184.969
473000001 246.193
474000001 218.027
475000001 202.769
476000001 194.445
477000001 182.651
478000001 191.292
479000001 221.899
480000001 268.753
481000001 223.495
482000001 213.402
483000001 201.245
484000001 201.272
485000001 243.264
486000001 315.1
487000001 189.242
488000001 370.812
489000001 242.366
490000001 200.95
491000001 209.541
492000001 184.233
493000001 201.573
494000001 205.556
495000001 707.736
496000001 230.8
497000001 214.279
498000001 200.835
499000001 200.447
