1 31.3343
10001 12.5804
20001 8.33657
30001 5.75968
40001 4.65759
50001 3.95692
60001 3.36129
70001 3.09121
80001 2.76513
90001 2.57425
100001 2.4035
110001 2.36774
120001 2.26447
130001 2.16346
140001 3.89494
150001 2.06775
160001 2.00881
170001 2.00956
180001 1.96831
190001 2.00868
200001 1.95289
210001 1.94297
220001 1.89455
230001 1.8936
240001 1.89394
250001 2.00355
260001 1.87443
270001 1.86478
280001 1.81574
290001 3.65405
300001 1.86453
310001 1.80626
320001 1.94408
330001 1.85459
340001 1.81474
350001 1.94832
360001 1.85033
370001 1.8687
380001 2.05403
390001 1.98389
400001 3.74768
410001 1.99461
420001 1.88411
430001 1.91333
440001 2.0328
450001 1.88936
460001 1.89157
470001 3.79785
480001 1.85479
490001 1.93344
500001 1.93825
510001 2.0458
520001 2.23446
530001 1.95232
540001 1.97456
550001 1.9552
560001 1.96938
570001 2.78982
580001 1.86409
590001 2.11852
600001 1.96542
610001 1.92364
620001 2.01216
630001 2.07076
640001 2.03636
650001 1.96547
660001 2.21403
670001 1.98979
680001 1.95066
690001 1.92015
700001 2.01195
710001 1.9945
720001 1.96695
730001 2.00906
740001 1.96665
750001 1.95268
760001 1.98297
770001 1.96372
780001 2.03204
790001 2.00222
800001 1.99204
810001 1.95488
820001 2.0003
830001 1.98903
840001 2.00959
850001 1.98602
860001 1.98076
870001 1.9392
880001 3.71402
890001 1.98574
900001 1.94505
910001 2.06821
920001 1.97509
930001 1.95039
940001 2.07416
950001 1.98537
960001 2.00319
970001 2.18104
980001 1.99161
990001 3.87218
1000001 2.02634
1010001 2.01356
1020001 2.01548
1030001 2.15018
1040001 2.02343
1050001 2.02042
1060001 2.04544
1070001 1.98354
1080001 2.05146
1090001 3.02611
1100001 2.14003
1110001 2.3394
1120001 2.09849
1130001 3.90488
1140001 2.03513
1150001 2.07624
1160001 2.13728
1170001 1.97327
1180001 2.21644
1190001 2.06989
1200001 2.02564
1210001 2.10031
1220001 2.16018
1230001 2.13037
1240001 2.05858
1250001 2.29988
1260001 2.08071
1270001 2.04277
1280001 2.0109
1290001 2.09961
1300001 2.07994
1310001 2.05177
1320001 2.18432
1330001 2.05583
1340001 2.05955
1350001 2.06818
1360001 2.07567
1370001 2.04197
1380001 2.0734
1390001 2.067
1400001 2.02893
1410001 2.07764
1420001 2.06004
1430001 2.07862
1440001 2.05599
1450001 2.04025
1460001 2.00961
1470001 3.77004
1480001 2.0428
1490001 2.019
1500001 2.12887
1510001 2.03077
1520001 2.01315
1530001 2.20808
1540001 2.04549
1550001 2.06206
1560001 2.24541
1570001 2.04171
1580001 3.92598
1590001 2.08991
1600001 2.06578
1610001 2.08542
1620001 2.20273
1630001 2.07457
1640001 2.07021
1650001 2.25086
1660001 2.03091
1670001 2.05413
1680001 3.06972
1690001 2.18688
1700001 2.33128
1710001 2.1435
1720001 3.94496
1730001 2.07965
1740001 2.12708
1750001 2.16222
1760001 2.02433
1770001 2.25702
1780001 2.1104
1790001 2.04061
1800001 2.13996
1810001 2.19599
1820001 2.17248
1830001 2.09851
1840001 2.33569
1850001 2.19473
1860001 2.08077
1870001 2.08183
1880001 2.13949
1890001 2.11687
1900001 2.08681
1910001 2.20044
1920001 2.0885
1930001 2.09347
1940001 2.05049
1950001 2.10985
1960001 2.04017
1970001 2.10486
1980001 2.1157
1990001 2.05929
2000001 2.11952
2010001 2.09294
2020001 2.1117
2030001 2.07437
2040001 2.07087
2050001 2.04171
2060001 3.797
2070001 2.07232
2080001 2.0499
2090001 2.15688
2100001 2.21277
2110001 2.04125
2120001 2.23337
2130001 2.07272
2140001 2.08874
2150001 2.26891
2160001 2.07429
2170001 3.97572
2180001 2.42354
2190001 2.09069
2200001 2.16007
2210001 2.22601
2220001 2.10253
2230001 2.08941
2240001 2.27737
2250001 2.04968
2260001 2.06988
2270001 3.09018
2280001 2.20907
2290001 2.34958
2300001 2.16371
2310001 3.96468
2320001 2.09915
2330001 2.14183
2340001 2.17977
2350001 2.06082
2360001 2.13236
2370001 2.12995
2380001 2.07903
2390001 2.10684
2400001 2.21583
2410001 2.19333
2420001 2.11824
2430001 2.35583
2440001 2.18776
2450001 2.09808
2460001 2.098
2470001 2.15844
2480001 2.12982
2490001 2.09665
2500001 2.20134
2510001 2.10227
2520001 2.10849
2530001 2.08784
2540001 2.12625
2550001 2.05724
2560001 2.10432
2570001 2.1317
2580001 2.22887
2590001 2.13602
2600001 2.11989
2610001 2.128
2620001 2.08251
2630001 2.08627
2640001 2.0572
2650001 3.80636
2660001 2.09015
2670001 2.06621
2680001 2.17167
2690001 2.21143
2700001 2.21024
2710001 2.17759
2720001 2.09159
2730001 2.19817
2740001 2.282
2750001 2.08728
2760001 2.09237
2770001 2.43
2780001 2.12911
2790001 2.17327
2800001 4.13806
2810001 2.10242
2820001 2.09863
2830001 2.14272
2840001 2.06054
2850001 2.13408
2860001 2.14655
2870001 2.13003
2880001 2.36029
2890001 2.16183
2900001 3.97508
2910001 2.11205
2920001 2.195
2930001 2.19075
2940001 2.1041
2950001 2.14291
2960001 2.09529
2970001 2.07398
2980001 2.11908
2990001 2.22772
3000001 4.11243
3010001 2.11456
3020001 2.22731
3030001 2.19937
3040001 2.12107
3050001 2.10934
3060001 4.03456
3070001 2.13916
3080001 2.10252
3090001 2.17911
3100001 2.11034
3110001 2.09735
3120001 2.10015
3130001 2.13725
3140001 2.08383
3150001 2.11709
3160001 2.14014
3170001 2.23526
3180001 2.14685
3190001 2.12933
3200001 2.07121
3210001 2.09335
3220001 2.09584
3230001 2.06747
3240001 3.81722
3250001 2.25264
3260001 2.0709
3270001 2.18551
3280001 2.22442
3290001 2.2511
3300001 2.17525
3310001 2.10169
3320001 2.23456
3330001 2.28712
3340001 2.08842
3350001 2.10323
3360001 2.43711
3370001 2.13529
3380001 2.1052
3390001 4.08053
3400001 2.10823
3410001 2.10691
3420001 2.15231
3430001 2.07049
3440001 2.13135
3450001 2.15393
3460001 2.14681
3470001 2.28312
3480001 2.16921
3490001 3.97758
3500001 2.12004
3510001 2.20112
3520001 2.19451
3530001 2.1188
3540001 2.14767
3550001 2.10561
3560001 2.06686
3570001 2.13844
3580001 2.2355
3590001 2.22324
3600001 2.12292
3610001 2.23108
3620001 2.19922
3630001 2.13237
3640001 2.11589
3650001 4.03032
3660001 2.14629
3670001 2.1212
3680001 2.27808
3690001 2.11678
3700001 2.10469
3710001 2.11008
3720001 2.14476
3730001 2.09137
3740001 2.12478
3750001 2.12894
3760001 2.24294
3770001 2.12989
3780001 2.14
3790001 2.07933
3800001 2.1019
3810001 2.104
3820001 2.0724
3830001 3.82599
3840001 2.2633
3850001 3.96647
3860001 2.19184
3870001 2.23773
3880001 2.2566
3890001 2.18077
3900001 2.10032
3910001 2.14762
3920001 2.24275
3930001 2.096
3940001 2.09548
3950001 2.45499
3960001 2.14458
3970001 2.11831
3980001 4.08602
3990001 2.11399
4000001 2.11305
4010001 2.16003
4020001 2.07697
4030001 2.13739
4040001 2.15573
4050001 2.15699
4060001 2.28663
4070001 2.17602
4080001 3.9791
4090001 2.06516
4100001 2.20611
4110001 2.18131
4120001 2.12431
4130001 2.18032
4140001 2.11276
4150001 2.07333
4160001 2.14602
4170001 2.23905
4180001 2.22551
4190001 2.12906
4200001 2.15105
4210001 2.20403
4220001 2.14439
4230001 2.11648
4240001 3.91579
4250001 2.16062
4260001 2.12091
4270001 2.15741
4280001 2.12243
4290001 2.10905
4300001 2.11704
4310001 2.14899
4320001 2.10056
4330001 2.13126
4340001 2.11362
4350001 2.10877
4360001 2.12655
4370001 2.13516
4380001 2.08522
4390001 2.10777
4400001 2.09968
4410001 2.07876
4420001 3.83312
4430001 2.26387
4440001 2.27522
4450001 2.19736
4460001 2.24025
4470001 2.26157
4480001 2.32251
4490001 2.1061
4500001 2.15562
4510001 2.24838
4520001 2.10083
4530001 2.10379
4540001 2.56771
4550001 2.12567
4560001 2.13353
4570001 4.0468
4580001 2.11971
4590001 2.11971
4600001 2.15637
4610001 2.08093
4620001 2.14242
4630001 2.16154
4640001 2.29237
4650001 2.29165
4660001 2.18021
4670001 3.98278
4680001 2.06898
4690001 2.20396
4700001 2.18563
4710001 2.09697
4720001 2.17895
4730001 2.10779
4740001 2.07724
4750001 2.151
4760001 2.24896
4770001 2.22721
4780001 2.13414
4790001 2.10387
4800001 2.20875
4810001 2.14885
4820001 2.12077
4830001 3.91682
4840001 2.16523
4850001 2.12416
4860001 2.13405
4870001 2.1409
4880001 2.11356
4890001 2.12173
4900001 2.19452
4910001 2.10499
4920001 2.13545
4930001 2.13197
4940001 2.14331
4950001 2.12354
4960001 2.13872
4970001 2.08998
4980001 3.85507
4990001 2.09999
5000001 2.08266
5010001 3.81193
5020001 2.2694
5030001 2.28075
5040001 2.20176
5050001 2.24592
5060001 2.14249
5070001 2.32103
5080001 2.22493
5090001 2.10437
5100001 2.25355
5110001 2.10533
5120001 2.13703
5130001 2.57389
5140001 2.12897
5150001 2.14064
5160001 4.02851
5170001 2.1194
5180001 2.15353
5190001 4.05243
5200001 2.0843
5210001 2.14381
5220001 2.16285
5230001 2.29851
5240001 2.1807
5250001 2.18243
5260001 4.01426
5270001 2.07319
5280001 2.19501
5290001 2.17304
5300001 2.10105
5310001 2.18275
5320001 2.11112
5330001 2.07988
5340001 2.15553
5350001 2.25037
5360001 2.28025
5370001 2.13823
5380001 2.10679
5390001 2.21462
5400001 2.19129
5410001 2.12554
5420001 3.92053
5430001 2.16889
5440001 2.14297
5450001 2.13758
5460001 2.1435
5470001 2.11193
5480001 2.12569
5490001 2.196
5500001 2.11403
5510001 2.13871
5520001 2.12248
5530001 2.13149
5540001 2.12623
5550001 2.14174
5560001 2.09082
5570001 3.8486
5580001 2.10911
5590001 2.08665
5600001 3.82489
5610001 2.26881
5620001 2.2839
5630001 2.34321
5640001 2.24538
5650001 2.13427
5660001 2.32155
5670001 2.22849
5680001 2.10595
5690001 2.24946
5700001 2.11543
5710001 2.16913
5720001 2.58008
5730001 2.13262
5740001 2.13216
5750001 4.02334
5760001 2.12297
5770001 2.15589
5780001 4.04367
5790001 2.1178
5800001 2.13998
5810001 2.16623
5820001 2.31717
5830001 2.18251
5840001 2.18667
5850001 4.01866
5860001 2.07755
5870001 2.21056
5880001 2.17596
5890001 2.10532
5900001 2.30876
5910001 2.1154
5920001 2.10708
5930001 2.15836
5940001 2.25357
5950001 2.28276
5960001 2.141
5970001 2.10721
5980001 2.32324
5990001 2.18169
6000001 2.12858
6010001 3.94061
6020001 2.1673
6030001 2.14613
6040001 2.15642
6050001 2.15237
6060001 2.18049
6070001 2.17739
6080001 2.19175
6090001 2.11732
6100001 2.14562
6110001 2.15563
6120001 2.26262
6130001 2.1328
6140001 2.14561
6150001 2.09402
6160001 3.85117
6170001 2.11537
6180001 2.09111
6190001 2.17384
6200001 2.27052
6210001 2.28491
6220001 2.31788
6230001 2.24663
6240001 2.13754
6250001 2.30564
6260001 2.23114
6270001 2.10791
6280001 2.25203
6290001 2.11974
6300001 2.17391
6310001 2.28911
6320001 2.13794
6330001 2.13644
6340001 4.02347
6350001 2.12666
6360001 2.17501
6370001 4.04458
6380001 2.27482
6390001 2.30602
6400001 2.16979
6410001 2.20372
6420001 2.14074
6430001 2.18836
6440001 4.01853
6450001 2.08917
6460001 2.21403
6470001 2.17802
6480001 2.12753
6490001 2.33026
6500001 2.25605
6510001 2.11772
6520001 2.1751
6530001 2.25365
6540001 2.15187
6550001 2.14292
6560001 2.11417
6570001 2.22096
6580001 2.17656
6590001 2.13211
6600001 3.94242
6610001 2.14642
6620001 2.14893
6630001 2.16297
6640001 2.15192
6650001 2.18347
6660001 2.18006
6670001 2.16462
6680001 2.1236
6690001 2.14746
6700001 2.15089
6710001 2.26535
6720001 2.14482
6730001 2.14856
6740001 2.0952
6750001 3.8736
6760001 2.11773
6770001 2.09148
6780001 2.18476
6790001 2.12938
6800001 2.28851
6810001 2.32196
6820001 2.11878
6830001 2.14374
6840001 2.30785
6850001 2.23549
6860001 2.10863
6870001 2.25375
6880001 2.12212
6890001 2.17371
6900001 2.31087
6910001 2.15255
6920001 2.14691
6930001 4.02576
6940001 2.12917
6950001 2.1776
6960001 4.04731
6970001 2.27798
6980001 2.31448
6990001 2.17014
7000001 2.20382
7010001 2.14004
7020001 2.18999
7030001 3.00975
7040001 2.09347
7050001 2.18872
7060001 2.1799
7070001 2.12979
7080001 2.20815
7090001 2.25838
7100001 2.261
7110001 2.16487
7120001 2.25562
7130001 2.15512
7140001 2.14539
7150001 2.11544
7160001 2.22314
7170001 2.17889
7180001 2.14844
7190001 3.9373
7200001 2.14844
7210001 2.13121
7220001 2.16143
7230001 2.14552
7240001 2.17268
7250001 2.15472
7260001 2.17209
7270001 2.12839
7280001 2.15194
7290001 2.15381
7300001 2.26632
7310001 2.14759
7320001 2.13607
7330001 2.0994
7340001 3.87733
7350001 2.14327
7360001 2.09393
7370001 2.21576
7380001 2.13638
7390001 2.10488
7400001 2.21834
7410001 2.11612
7420001 2.14506
7430001 2.31034
7440001 2.23876
7450001 2.11049
7460001 2.25601
7470001 2.12359
7480001 2.17543
7490001 2.30911
7500001 2.14687
7510001 2.14528
7520001 4.02754
7530001 2.13027
7540001 2.17876
7550001 2.1807
7560001 2.28086
7570001 2.47803
7580001 2.18383
7590001 2.20529
7600001 2.18504
7610001 2.19245
7620001 3.00797
7630001 2.09813
7640001 2.19092
7650001 2.18006
7660001 2.14103
7670001 2.21922
7680001 2.2719
7690001 2.26211
7700001 2.16854
7710001 2.25688
7720001 2.15695
7730001 2.14851
7740001 2.11794
7750001 2.20194
7760001 2.18171
7770001 2.15057
7780001 2.19318
7790001 2.1504
7800001 2.13408
7810001 2.16112
7820001 2.14186
7830001 2.20288
7840001 2.17358
7850001 2.1629
7860001 2.13003
7870001 2.16645
7880001 2.1556
7890001 2.26732
7900001 2.14918
7910001 2.14155
7920001 2.10083
7930001 3.83849
7940001 2.14095
7950001 2.09604
7960001 2.21668
7970001 2.13302
7980001 2.10276
7990001 2.21912
8000001 2.13066
8010001 2.14679
8020001 2.31642
8030001 2.1345
8040001 4.00703
8050001 2.16499
8060001 2.15168
8070001 2.17615
8080001 2.28347
8090001 2.14929
8100001 2.14823
8110001 4.02733
8120001 2.11046
8130001 2.17872
8140001 3.12939
8150001 2.26311
8160001 2.454
8170001 2.18225
8180001 2.20691
8190001 2.18525
8200001 2.19482
8210001 2.98639
8220001 2.09394
8230001 2.32836
8240001 2.18037
8250001 2.14097
8260001 2.2187
8270001 2.27369
8280001 2.24053
8290001 2.16986
8300001 2.40277
8310001 2.18781
8320001 2.15019
8330001 2.11896
8340001 2.2038
8350001 2.18454
8360001 2.15582
8370001 2.28969
8380001 2.15287
8390001 2.16009
8400001 2.1633
8410001 2.14384
8420001 2.19852
8430001 2.17479
8440001 2.16535
8450001 2.12778
8460001 2.16822
8470001 2.1568
8480001 2.17336
8490001 2.15044
8500001 2.13527
8510001 2.10377
8520001 3.85448
8530001 2.14307
8540001 2.10581
8550001 2.21783
8560001 2.12748
8570001 2.10406
8580001 2.29301
8590001 2.13393
8600001 2.14907
8610001 2.31865
8620001 2.13591
8630001 4.00664
8640001 2.17381
8650001 2.15174
8660001 2.15249
8670001 2.2829
8680001 2.15879
8690001 2.15199
8700001 2.17742
8710001 2.11413
8720001 2.13616
8730001 3.14276
8740001 2.26504
8750001 2.4052
8760001 2.22118
8770001 4.0068
8780001 2.15803
8790001 2.20535
8800001 2.23466
8810001 2.09632
8820001 2.33007
8830001 2.18428
8840001 2.11654
8850001 2.21423
8860001 2.27015
8870001 2.24386
8880001 2.17097
8890001 2.40415
8900001 2.31176
8910001 2.15323
8920001 2.12387
8930001 2.20577
8940001 2.18636
8950001 2.15714
8960001 2.26823
8970001 2.15818
8980001 2.16214
8990001 2.16933
9000001 2.17835
9010001 2.14319
9020001 2.17356
9030001 2.18476
9040001 2.13151
9050001 2.18579
9060001 2.15767
9070001 2.1743
9080001 2.15176
9090001 2.13715
9100001 2.10609
9110001 3.85625
9120001 2.13938
9130001 2.11336
9140001 2.21947
9150001 2.2755
9160001 2.10597
9170001 2.29548
9180001 2.13582
9190001 2.15065
9200001 2.32884
9210001 2.13101
9220001 4.03294
9230001 4.06427
9240001 2.15181
9250001 2.22063
9260001 2.28485
9270001 2.1636
9280001 2.14526
9290001 2.33025
9300001 2.11352
9310001 2.1288
9320001 3.14388
9330001 2.26622
9340001 2.40491
9350001 2.22134
9360001 4.00737
9370001 2.15636
9380001 2.2044
9390001 2.23572
9400001 2.11689
9410001 2.33157
9420001 2.1856
9430001 2.1355
9440001 2.17655
9450001 2.26879
9460001 2.24569
9470001 2.17312
9480001 2.40721
9490001 2.24327
9500001 2.15356
9510001 2.1512
9520001 2.21209
9530001 2.18839
9540001 2.1492
9550001 2.26931
9560001 2.1542
9570001 2.16329
9580001 2.14046
9590001 2.17956
9600001 2.11062
9610001 2.17323
9620001 2.18462
9630001 2.12471
9640001 2.18605
9650001 2.16128
9660001 2.17857
9670001 2.13268
9680001 2.13909
9690001 2.10781
9700001 3.85801
9710001 2.1394
9720001 2.1164
9730001 2.22066
9740001 2.12545
9750001 2.107
9760001 2.22587
9770001 2.14055
9780001 2.15234
9790001 2.32894
9800001 2.1372
9810001 2.14054
9820001 2.48275
9830001 2.15348
9840001 2.21971
9850001 4.18127
9860001 2.16298
9870001 2.15038
9880001 2.18988
9890001 2.1078
9900001 2.12982
9910001 3.14485
9920001 2.17775
9930001 2.40566
9940001 2.20825
9950001 4.00969
9960001 2.15768
9970001 2.19994
9980001 2.23433
9990001 2.14863
10000001 2.18732
10010001 2.18582
10020001 2.13279
10030001 2.16373
10040001 2.27064
10050001 2.24803
10060001 2.16056
10070001 2.27335
10080001 2.24201
10090001 2.15305
10100001 2.15274
10110001 2.21174
10120001 2.18315
10130001 2.15072
10140001 2.22193
10150001 2.15634
10160001 2.14103
10170001 2.14357
10180001 2.1797
10190001 2.11128
10200001 2.15708
10210001 2.18438
10220001 2.27843
10230001 2.18814
10240001 2.1722
10250001 2.17008
10260001 2.13541
10270001 2.13889
10280001 2.10939
10290001 3.85641
10300001 2.142
10310001 2.1166
10320001 2.22545
10330001 2.26517
10340001 2.29069
10350001 2.23245
10360001 2.14259
10370001 2.24726
10380001 2.32601
10390001 2.13768
10400001 2.14237
10410001 2.4747
10420001 2.17705
10430001 2.17139
10440001 4.16799
10450001 2.15175
10460001 2.14697
10470001 2.1911
10480001 2.11096
10490001 2.16987
10500001 2.19397
10510001 2.18455
10520001 2.40212
10530001 2.20634
10540001 4.00545
10550001 2.15923
10560001 2.23569
10570001 2.23316
10580001 2.14965
10590001 2.185
10600001 2.14325
10610001 2.10407
10620001 2.18051
10630001 2.27202
10640001 4.15219
10650001 2.16046
10660001 2.27108
10670001 2.23529
10680001 2.20806
10690001 2.15452
10700001 4.07441
10710001 2.18375
10720001 2.15934
10730001 2.31175
10740001 2.15644
10750001 2.14082
10760001 2.14179
10770001 2.18185
10780001 2.12785
10790001 2.1604
10800001 2.18333
10810001 2.27761
10820001 2.16513
10830001 2.17309
10840001 2.11661
10850001 2.13686
10860001 2.13908
10870001 2.11036
10880001 3.85685
10890001 2.29801
10900001 3.99948
10910001 2.22603
10920001 2.27164
10930001 2.29135
10940001 2.2157
10950001 2.14387
10960001 2.18157
10970001 2.32195
10980001 2.13064
10990001 2.12702
11000001 2.4764
11010001 2.17638
11020001 2.14391
11030001 4.11753
11040001 2.14967
11050001 2.14701
11060001 2.19355
11070001 2.11203
11080001 2.17082
11090001 2.18624
11100001 2.19055
11110001 2.31921
11120001 2.20831
11130001 4.00828
11140001 2.09931
11150001 2.23937
11160001 2.21446
11170001 2.15675
11180001 2.18396
11190001 2.1452
11200001 2.10719
11210001 2.17758
11220001 2.27029
11230001 2.25973
11240001 2.16251
11250001 2.18307
11260001 2.23545
11270001 2.17746
11280001 2.14957
11290001 4.05981
11300001 2.18432
11310001 2.15993
11320001 2.31269
11330001 2.1549
11340001 2.14174
11350001 2.14753
11360001 2.18214
11370001 2.12977
11380001 2.16253
11390001 2.15924
11400001 2.14171
11410001 2.16621
11420001 2.17703
11430001 2.11606
11440001 2.13873
11450001 2.14146
11460001 2.11021
11470001 3.86062
11480001 2.29271
11490001 4.0006
11500001 2.22715
11510001 2.27259
11520001 2.29125
11530001 2.2161
11540001 2.13815
11550001 2.18218
11560001 2.27717
11570001 2.13161
11580001 2.11231
11590001 2.48599
11600001 2.18033
11610001 2.16299
11620001 4.07525
11630001 2.14961
11640001 2.14847
11650001 2.19452
11660001 2.11094
11670001 2.17144
11680001 2.19009
11690001 2.19092
11700001 2.31982
11710001 2.20958
11720001 4.00345
11730001 2.09868
11740001 2.23894
11750001 2.21342
11760001 2.1515
11770001 2.21359
11780001 2.13681
11790001 2.10682
11800001 2.18043
11810001 2.14053
11820001 2.25696
11830001 2.16288
11840001 2.13141
11850001 2.23648
11860001 2.17769
11870001 2.1502
11880001 3.94621
11890001 2.19315
11900001 2.15364
11910001 2.18927
11920001 2.15532
11930001 2.14136
11940001 2.14984
11950001 2.18196
11960001 2.13282
11970001 2.16324
11980001 2.15964
11990001 2.14086
12000001 2.15475
12010001 2.16729
12020001 2.11753
12030001 3.88464
12040001 2.13252
12050001 2.11073
12060001 3.86323
12070001 2.29359
12080001 2.30708
12090001 2.2289
12100001 2.27264
12110001 2.29221
12120001 2.34629
12130001 2.24895
12140001 2.15743
12150001 2.27861
12160001 2.13291
12170001 2.16356
12180001 2.59858
12190001 2.15606
12200001 2.16145
12210001 4.07472
12220001 2.15079
12230001 2.17771
12240001 2.2158
12250001 2.11228
12260001 2.17233
12270001 2.18915
12280001 2.32441
12290001 2.20663
12300001 2.20983
12310001 4.03204
12320001 2.0996
12330001 2.23266
12340001 2.21457
12350001 2.12702
12360001 2.20995
12370001 2.13702
12380001 2.10622
12390001 2.18193
12400001 2.27608
12410001 2.30404
12420001 2.16415
12430001 2.13266
12440001 2.23674
12450001 2.17861
12460001 2.15064
12470001 3.94353
12480001 2.19443
12490001 2.15299
12500001 2.16227
12510001 2.16984
12520001 2.13694
12530001 2.15075
12540001 2.22312
12550001 2.13334
12560001 2.16354
12570001 2.16075
12580001 2.16192
12590001 2.15075
12600001 2.16754
12610001 2.11315
12620001 3.87233
12630001 2.1342
12640001 2.11126
12650001 3.83882
12660001 2.29373
12670001 2.30873
12680001 2.2302
12690001 2.27327
12700001 2.15887
12710001 2.34754
12720001 2.25028
12730001 2.1323
12740001 2.27436
12750001 2.13837
12760001 2.18975
12770001 2.5993
12780001 2.15705
12790001 2.17063
12800001 4.05347
12810001 2.14775
12820001 2.18014
12830001 4.07572
12840001 2.1431
12850001 2.16989
12860001 2.19001
12870001 2.32488
12880001 2.20747
12890001 2.20905
12900001 4.03259
12910001 2.10086
12920001 2.23105
12930001 2.19868
12940001 2.12807
12950001 2.33087
12960001 2.1375
12970001 2.0992
12980001 2.18243
12990001 2.27618
13000001 2.30494
13010001 2.16478
13020001 2.13019
13030001 2.34325
13040001 2.20534
13050001 2.15153
13060001 3.94664
13070001 2.18959
13080001 2.16859
13090001 2.17683
13100001 2.17534
13110001 2.20664
13120001 2.14938
13130001 2.2187
13140001 2.13977
13150001 2.16687
13160001 2.17806
13170001 2.15661
13180001 2.15299
13190001 2.16756
13200001 2.1167
13210001 3.87248
13220001 2.13708
13230001 2.11359
13240001 3.8487
13250001 2.2934
13260001 2.33707
13270001 2.33911
13280001 2.27021
13290001 2.15895
13300001 2.34514
13310001 2.25122
13320001 2.12954
13330001 2.27367
13340001 2.14011
13350001 2.19363
13360001 2.31042
13370001 2.15966
13380001 2.15682
13390001 4.04597
13400001 2.14964
13410001 2.19717
13420001 4.06566
13430001 2.29588
13440001 2.16702
13450001 2.19082
13460001 2.28183
13470001 2.2072
13480001 2.20978
13490001 4.03497
13500001 2.11067
13510001 2.23439
13520001 2.20103
13530001 2.12954
13540001 2.33187
13550001 2.13866
13560001 2.13811
13570001 2.18215
13580001 2.2769
13590001 2.29841
13600001 2.16431
13610001 2.13407
13620001 2.34398
13630001 2.20529
13640001 2.15189
13650001 3.96176
13660001 2.18971
13670001 2.16915
13680001 2.181
13690001 2.17517
13700001 2.20307
13710001 2.20008
13720001 2.18496
13730001 2.14292
13740001 2.16748
13750001 2.17127
13760001 2.28529
13770001 2.15564
13780001 2.16924
13790001 2.11693
13800001 3.86704
13810001 2.13733
13820001 2.11205
13830001 2.20503
13840001 2.29204
13850001 2.30749
13860001 2.3433
13870001 2.13926
13880001 2.1594
13890001 2.32765
13900001 2.25146
13910001 2.13043
13920001 2.27436
13930001 2.14256
13940001 2.19593
13950001 2.31164
13960001 2.16314
13970001 2.1588
13980001 4.04359
13990001 2.14926
14000001 2.19666
14010001 4.06554
14020001 2.29725
14030001 2.33817
14040001 2.19183
14050001 2.22522
14060001 2.16126
14070001 2.20926
14080001 4.01579
14090001 2.11163
14100001 2.23541
14110001 2.19851
14120001 2.14903
14130001 2.24629
14140001 2.27679
14150001 2.27887
14160001 2.19654
14170001 2.27402
14180001 2.17321
14190001 2.16487
14200001 2.13576
14210001 2.24154
14220001 2.1979
14230001 2.16716
14240001 3.95783
14250001 2.1672
14260001 2.14954
14270001 2.18208
14280001 2.16861
14290001 2.19166
14300001 2.17365
14310001 2.19115
14320001 2.14447
14330001 2.16782
14340001 2.17278
14350001 2.2854
14360001 2.16536
14370001 2.15496
14380001 2.11732
14390001 3.89355
14400001 2.13923
14410001 2.11246
14420001 2.23501
14430001 2.1498
14440001 2.12424
14450001 2.2393
14460001 2.13531
14470001 2.16404
14480001 2.32511
14490001 2.25557
14500001 2.12882
14510001 2.27395
14520001 2.14286
14530001 2.19394
14540001 2.3288
14550001 2.16567
14560001 2.16259
14570001 4.04427
14580001 2.14846
14590001 2.19665
14600001 4.03891
14610001 2.29763
14620001 2.48561
14630001 2.18939
14640001 2.22356
14650001 2.20225
14660001 2.20947
14670001 3.01988
14680001 2.11602
14690001 2.20833
14700001 2.19714
14710001 2.1507
14720001 2.2261
14730001 2.2764
14740001 2.2786
14750001 2.18422
14760001 2.27803
14770001 2.17374
14780001 2.16485
14790001 2.13468
14800001 2.21844
14810001 2.19756
14820001 2.1675
14830001 3.95524
14840001 2.16771
14850001 2.15068
14860001 2.17858
14870001 2.16465
14880001 2.22214
14890001 2.19076
14900001 2.19066
14910001 2.15681
14920001 2.16775
14930001 2.17271
14940001 2.28346
14950001 2.16595
14960001 2.15888
14970001 2.11794
14980001 3.89541
14990001 2.16195
15000001 2.11284
15010001 2.2327
15020001 2.15438
15030001 2.11895
15040001 2.23578
15050001 2.14877
15060001 2.16316
15070001 2.3277
15080001 2.25987
15090001 4.02214
15100001 2.26732
15110001 2.16758
15120001 2.19182
15130001 2.29979
15140001 2.16564
15150001 2.16366
15160001 4.04451
15170001 2.12716
15180001 2.19483
15190001 2.1956
15200001 2.29663
15210001 2.46867
15220001 2.20126
15230001 2.22258
15240001 2.20116
15250001 2.21092
15260001 2.99727
15270001 2.10988
15280001 2.34332
15290001 2.19643
15300001 2.15883
15310001 2.23607
15320001 2.28893
15330001 2.25567
15340001 2.18592
15350001 2.42077
15360001 2.20314
15370001 2.16589
15380001 2.13494
15390001 2.21913
15400001 2.19956
15410001 2.16813
15420001 2.21014
15430001 2.16764
15440001 2.15169
15450001 2.17825
15460001 2.15981
15470001 2.21952
15480001 2.19033
15490001 2.18049
15500001 2.14676
15510001 2.18331
15520001 2.17261
15530001 2.18855
15540001 2.16507
15550001 2.15984
15560001 2.11821
15570001 3.84909
15580001 2.15877
15590001 2.11874
15600001 2.23318
15610001 2.1448
15620001 2.11908
15630001 2.2353
15640001 2.15152
15650001 2.1639
15660001 2.33235
15670001 2.1513
15680001 4.0204
15690001 2.18161
15700001 2.1682
15710001 2.16746
15720001 2.29708
15730001 2.17372
15740001 2.16473
15750001 2.19254
15760001 2.1325
15770001 2.19404
15780001 3.15651
15790001 2.27949
15800001 2.46826
15810001 2.23565
15820001 4.01702
15830001 2.17249
15840001 2.21153
15850001 2.26687
15860001 2.11103
15870001 2.3434
15880001 2.19544
15890001 2.15719
15900001 2.23465
15910001 2.28911
15920001 2.25419
15930001 2.18568
15940001 2.41779
15950001 2.20298
15960001 2.16802
15970001 2.13535
15980001 2.21999
15990001 2.20003
16000001 2.17156
16010001 2.29984
16020001 2.17481
16030001 2.17637
16040001 2.18364
16050001 2.19176
16060001 2.1572
16070001 2.18606
16080001 2.18155
16090001 2.14302
16100001 2.19244
16110001 2.17267
16120001 2.18814
16130001 2.16567
16140001 2.15145
16150001 2.12004
16160001 3.86944
16170001 2.15132
16180001 2.12661
16190001 2.23301
16200001 2.13847
16210001 2.11994
16220001 2.30924
16230001 2.15008
16240001 2.16427
16250001 2.34217
16260001 2.14691
16270001 4.02151
16280001 2.19011
16290001 2.16733
16300001 2.18338
16310001 2.29895
16320001 2.17295
16330001 2.16733
16340001 2.34401
16350001 2.12979
16360001 2.14998
16370001 3.15651
16380001 2.28007
16390001 2.41941
16400001 2.23591
16410001 4.01763
16420001 2.17233
16430001 2.22043
16440001 2.2504
16450001 2.11702
16460001 2.34377
16470001 2.19906
16480001 2.1314
16490001 2.22845
16500001 2.28158
16510001 2.25772
16520001 2.18655
16530001 2.41766
16540001 2.32583
16550001 2.16864
16560001 2.13914
16570001 2.22343
16580001 2.20182
16590001 2.17107
16600001 2.28246
16610001 2.17294
16620001 2.1764
16630001 2.16845
16640001 2.19314
16650001 2.12374
16660001 2.18577
16670001 2.19733
16680001 2.14441
16690001 2.19865
16700001 2.17312
16710001 2.19075
16720001 2.16509
16730001 2.15174
16740001 2.122
16750001 3.87065
16760001 2.15179
16770001 2.12875
16780001 2.2335
16790001 2.28979
16800001 2.11961
16810001 2.3084
16820001 2.15019
16830001 2.16498
16840001 2.34104
16850001 2.1509
16860001 4.04614
16870001 2.49415
16880001 2.16611
16890001 2.23171
16900001 2.29847
16910001 2.17785
16920001 2.16255
16930001 2.34696
16940001 2.12712
16950001 2.14257
16960001 3.15626
16970001 2.2799
16980001 2.41697
16990001 2.23429
17000001 4.01872
17010001 2.17001
17020001 2.20596
17030001 2.24741
17040001 2.13106
17050001 2.20225
17060001 2.19837
17070001 2.14877
17080001 2.17643
17090001 2.28184
17100001 2.25904
17110001 2.18676
17120001 2.41974
17130001 2.25328
17140001 2.16676
17150001 2.16432
17160001 2.22425
17170001 2.20162
17180001 2.16283
17190001 2.26624
17200001 2.16898
17210001 2.1732
17220001 2.15369
17230001 2.19219
17240001 2.12362
17250001 2.16849
17260001 2.19741
17270001 2.29169
17280001 2.19901
17290001 2.1844
17300001 2.19082
17310001 2.14656
17320001 2.15122
17330001 2.12126
17340001 3.8657
17350001 2.15384
17360001 2.1294
17370001 2.23311
17380001 2.27296
17390001 2.12003
17400001 2.2388
17410001 2.15431
17420001 2.16522
17430001 2.34063
17440001 2.14941
17450001 2.1532
17460001 2.48764
17470001 2.18889
17480001 2.23165
17490001 4.19233
17500001 2.16399
17510001 2.15837
17520001 2.20232
17530001 2.12193
17540001 2.19214
17550001 2.20525
17560001 2.18935
17570001 2.41562
17580001 2.22012
17590001 4.01796
17600001 2.17043
17610001 2.25179
17620001 2.24648
17630001 2.16124
17640001 2.20039
17650001 2.15416
17660001 2.14493
17670001 2.17659
17680001 2.28244
17690001 4.16319
17700001 2.1716
17710001 2.28182
17720001 2.25392
17730001 2.17761
17740001 2.16453
17750001 4.0844
17760001 2.19481
17770001 2.15758
17780001 2.23381
17790001 2.16613
17800001 2.15218
17810001 2.15525
17820001 2.19235
17830001 2.13859
17840001 2.17062
17850001 2.19445
17860001 2.28811
17870001 2.19955
17880001 2.18366
17890001 2.12534
17900001 2.1472
17910001 2.15068
17920001 2.12122
17930001 3.86744
17940001 2.15404
17950001 2.12869
17960001 2.23729
17970001 2.2764
17980001 2.30101
17990001 2.22729
18000001 2.15481
18010001 2.2846
18020001 2.33661
18030001 2.14351
18040001 2.15472
18050001 2.48561
18060001 2.18699
18070001 2.15644
18080001 4.12757
18090001 2.15932
18100001 2.15822
18110001 2.20308
18120001 2.12279
18130001 2.1811
18140001 2.20392
18150001 2.19667
18160001 2.33152
18170001 2.21899
18180001 4.01402
18190001 2.16974
18200001 2.25055
18210001 2.24241
18220001 2.16748
18230001 2.197
18240001 2.15458
18250001 2.11592
18260001 2.18795
18270001 2.28242
18280001 2.26918
18290001 2.17206
18300001 2.28195
18310001 2.24595
18320001 2.18081
18330001 2.16479
18340001 4.0732
18350001 2.19411
18360001 2.16851
18370001 2.32199
18380001 2.16495
18390001 2.1519
18400001 2.15744
18410001 2.1924
18420001 2.13853
18430001 2.17104
18440001 2.17674
18450001 2.28855
18460001 2.1757
18470001 2.18672
18480001 2.12579
18490001 2.14843
18500001 2.15126
18510001 2.1191
18520001 3.86972
18530001 2.3079
18540001 4.00916
18550001 2.23689
18560001 2.28296
18570001 2.30017
18580001 2.22609
18590001 2.14904
18600001 2.19196
18610001 2.28586
18620001 2.14216
18630001 2.14088
18640001 2.49705
18650001 2.18969
18660001 2.16292
18670001 4.12677
18680001 2.1606
18690001 2.15742
18700001 2.20412
18710001 2.12264
18720001 2.18098
18730001 2.19987
18740001 2.20124
18750001 2.32904
18760001 2.21951
18770001 4.01296
18780001 2.10948
18790001 2.2488
18800001 2.22423
18810001 2.16691
18820001 2.22327
18830001 2.15564
18840001 2.11727
18850001 2.18913
18860001 2.2807
18870001 2.26652
18880001 2.17229
18890001 2.19284
18900001 2.24493
18910001 2.18719
18920001 2.15787
18930001 3.95493
18940001 2.20246
18950001 2.16236
18960001 2.19813
18970001 2.16517
18980001 2.15139
18990001 2.15879
19000001 2.19099
19010001 2.14196
19020001 2.17302
19030001 2.15581
19040001 2.15036
19050001 2.16728
19060001 2.17796
19070001 2.12636
19080001 2.14878
19090001 2.14153
19100001 2.11996
19110001 3.87194
19120001 2.30213
19130001 2.3144
19140001 2.23717
19150001 2.27963
19160001 2.30003
19170001 2.361
19180001 2.14829
19190001 2.19451
19200001 2.28697
19210001 2.14198
19220001 2.14392
19230001 2.49505
19240001 2.16485
19250001 2.17294
19260001 4.08291
19270001 2.16215
19280001 2.15895
19290001 2.19835
19300001 2.12151
19310001 2.18106
19320001 2.20052
19330001 2.20507
19340001 2.32939
19350001 2.21896
19360001 4.01074
19370001 2.10825
19380001 2.24194
19390001 2.2227
19400001 2.14371
19410001 2.21723
19420001 2.14588
19430001 2.11594
19440001 2.18953
19450001 2.28631
19460001 2.2631
19470001 2.17254
19480001 2.14178
19490001 2.24554
19500001 2.18695
19510001 2.15831
19520001 3.95189
19530001 2.20246
19540001 2.16139
19550001 2.19794
19560001 2.17858
19570001 2.15056
19580001 2.15892
19590001 2.20279
19600001 2.14182
19610001 2.17182
19620001 2.16869
19630001 2.17957
19640001 2.16002
19650001 2.17593
19660001 2.12683
19670001 3.88986
19680001 2.1375
19690001 2.1199
19700001 3.85014
19710001 2.30438
19720001 2.31562
19730001 2.23739
19740001 2.28148
19750001 2.17782
19760001 2.35546
19770001 2.25698
19780001 2.14042
19790001 2.28807
19800001 2.14189
19810001 2.17248
19820001 2.60659
19830001 2.16544
19840001 2.17548
19850001 4.06102
19860001 2.15547
19870001 2.18697
19880001 4.0843
19890001 2.12179
19900001 2.17838
19910001 2.19768
19920001 2.33264
19930001 2.21502
19940001 2.21726
19950001 4.0384
19960001 2.10849
19970001 2.24112
19980001 2.20679
19990001 2.13572
20000001 2.21882
20010001 2.14552
20020001 2.11459
20030001 2.19037
20040001 2.2839
20050001 2.31192
20060001 2.17269
20070001 2.14093
20080001 2.24743
20090001 2.22485
20100001 2.15904
20110001 3.9519
20120001 2.2024
20130001 2.17582
20140001 2.17046
20150001 2.17751
20160001 2.14526
20170001 2.15916
20180001 2.23007
20190001 2.14728
20200001 2.17143
20210001 2.16931
20220001 2.17062
20230001 2.15914
20240001 2.17525
20250001 2.1238
20260001 3.88013
20270001 2.14276
20280001 2.11981
20290001 3.85655
20300001 2.30082
20310001 2.31534
20320001 2.37454
20330001 2.27754
20340001 2.16656
20350001 2.35259
20360001 2.25844
20370001 2.13835
20380001 2.28135
20390001 2.1492
20400001 2.20083
20410001 2.60692
20420001 2.16522
20430001 2.16401
20440001 4.05267
20450001 2.15553
20460001 2.18725
20470001 4.06978
20480001 2.1508
20490001 2.17924
20500001 2.19785
20510001 2.34783
20520001 2.21342
20530001 2.21809
20540001 4.04079
20550001 2.10939
20560001 2.23871
20570001 2.20655
20580001 2.13654
20590001 2.33961
20600001 2.14637
20610001 2.13768
20620001 2.18968
20630001 2.28397
20640001 2.3115
20650001 2.17221
20660001 2.13804
20670001 2.35071
20680001 2.21269
20690001 2.15878
20700001 3.96885
20710001 2.19758
20720001 2.17609
20730001 2.18607
20740001 2.18328
20750001 2.21009
20760001 2.20699
20770001 2.22206
20780001 2.14736
20790001 2.17493
20800001 2.18627
20810001 2.29117
20820001 2.16251
20830001 2.1759
20840001 2.12423
20850001 3.87982
20860001 2.1459
20870001 2.12109
20880001 2.20347
20890001 2.2991
20900001 2.31347
20910001 2.34649
20920001 2.27562
20930001 2.1668
20940001 2.33366
20950001 2.25802
20960001 2.13704
20970001 2.28031
20980001 2.14928
20990001 2.20256
21000001 2.31701
21010001 2.16739
21020001 2.16516
21030001 4.05092
21040001 2.15611
21050001 2.20321
21060001 4.07054
21070001 2.30324
21080001 2.33273
21090001 2.19828
21100001 2.23246
21110001 2.16922
21120001 2.21687
21130001 4.03875
21140001 2.11787
21150001 2.24162
21160001 2.20586
21170001 2.16304
21180001 2.33869
21190001 2.283
21200001 2.14448
21210001 2.20323
21220001 2.28121
21230001 2.17923
21240001 2.17175
21250001 2.14123
21260001 2.24791
21270001 2.2045
21280001 2.15951
21290001 3.96812
21300001 2.19949
21310001 2.17591
21320001 2.18984
21330001 2.17981
21340001 2.21023
21350001 2.20701
21360001 2.19287
21370001 2.15107
21380001 2.1742
21390001 2.17849
21400001 2.29131
21410001 2.17173
21420001 2.1761
21430001 2.1224
21440001 3.89949
21450001 2.14535
21460001 2.11855
21470001 2.21164
21480001 2.1566
21490001 2.31449
21500001 2.34833
21510001 2.14588
21520001 2.16999
21530001 2.3335
21540001 2.25887
21550001 2.13476
21560001 2.27954
21570001 2.14917
21580001 2.20243
21590001 2.33638
21600001 2.17941
21610001 2.173
21620001 4.04977
21630001 2.15598
21640001 2.20337
21650001 4.07067
21660001 2.30394
21670001 2.33946
21680001 2.19619
21690001 2.22996
21700001 2.16615
21710001 2.21644
21720001 4.01683
21730001 2.11805
21740001 2.21442
21750001 2.2049
21760001 2.15565
21770001 2.23394
21780001 2.28298
21790001 2.28479
21800001 2.19061
21810001 2.28077
21820001 2.18001
21830001 2.17122
21840001 2.14077
21850001 2.24766
21860001 2.20428
21870001 2.17314
21880001 3.96071
21890001 2.17363
21900001 2.15615
21910001 2.18589
21920001 2.171
21930001 2.19693
21940001 2.17964
21950001 2.19716
21960001 2.1531
21970001 2.17383
21980001 2.1788
21990001 2.28967
22000001 2.17174
22010001 2.1612
22020001 2.12433
22030001 3.89967
22040001 2.16812
22050001 2.11877
22060001 2.23955
22070001 2.16105
22080001 2.13048
22090001 2.24258
22100001 2.14118
22110001 2.16913
22120001 2.33338
22130001 2.26146
22140001 2.13488
22150001 2.27942
22160001 2.1492
22170001 2.19931
22180001 2.33204
22190001 2.17124
22200001 2.16904
22210001 4.04929
22220001 2.15467
22230001 2.20213
22240001 2.20443
22250001 2.30303
22260001 2.49987
22270001 2.20819
22280001 2.22907
22290001 2.20845
22300001 2.2163
22310001 3.02588
22320001 2.1219
22330001 2.21433
22340001 2.20321
22350001 2.16454
22360001 2.24309
22370001 2.28234
22380001 2.28392
22390001 2.19196
22400001 2.27981
22410001 2.1797
22420001 2.17204
22430001 2.14131
22440001 2.22428
22450001 2.20403
22460001 2.17313
22470001 3.96084
22480001 2.17321
22490001 2.15743
22500001 2.18351
22510001 2.16515
22520001 2.22517
22530001 2.19626
22540001 2.18584
22550001 2.15269
22560001 2.18857
22570001 2.17854
22580001 2.28882
22590001 2.1715
22600001 2.16453
22610001 2.12348
22620001 3.86057
22630001 2.1636
22640001 2.11864
22650001 2.23841
22660001 2.15586
22670001 2.12517
22680001 2.24135
22690001 2.15334
22700001 2.16876
22710001 2.33757
22720001 2.26578
22730001 4.02833
22740001 2.27156
22750001 2.1739
22760001 2.19748
22770001 2.30549
22780001 2.17146
22790001 2.16996
22800001 4.04827
22810001 2.13285
22820001 2.20005
22830001 3.14971
22840001 2.31035
22850001 2.47416
22860001 2.20348
22870001 2.2286
22880001 2.20681
22890001 2.21632
22900001 3.003
22910001 2.11561
22920001 2.34844
22930001 2.20143
22940001 2.16212
22950001 2.23982
22960001 2.29394
22970001 2.26054
22980001 2.19126
22990001 2.42295
23000001 2.20818
23010001 2.17188
23020001 2.14038
23030001 2.22427
23040001 2.20537
23050001 2.17636
23060001 2.31021
23070001 2.17078
23080001 2.18075
23090001 2.18333
23100001 2.16526
23110001 2.21854
23120001 2.1954
23130001 2.18518
23140001 2.14843
23150001 2.1885
23160001 2.1779
23170001 2.19346
23180001 2.17082
23190001 2.15627
23200001 2.12453
23210001 3.87452
23220001 2.16377
23230001 2.12636
23240001 2.2379
23250001 2.15034
23260001 2.12475
23270001 2.31321
23280001 2.15511
23290001 2.16915
23300001 2.33768
23310001 2.15676
23320001 4.02601
23330001 2.18683
23340001 2.17217
23350001 2.1725
23360001 2.30223
23370001 2.17903
23380001 2.17188
23390001 2.19775
23400001 2.13479
23410001 2.1559
23420001 3.1614
23430001 2.28457
23440001 2.42405
23450001 2.24053
23460001 4.02139
23470001 2.17779
23480001 2.21655
23490001 2.39133
23500001 2.11609
23510001 2.34827
23520001 2.20352
23530001 2.13611
23540001 2.23358
23550001 2.28887
23560001 2.26202
23570001 2.1904
23580001 2.42256
23590001 2.33021
23600001 2.17278
23610001 2.14356
23620001 2.22443
23630001 2.20546
23640001 2.17601
23650001 2.3045
23660001 2.17799
23670001 2.18097
23680001 2.18811
23690001 2.19748
23700001 2.16209
23710001 2.19215
23720001 2.2038
23730001 2.1503
23740001 2.20425
23750001 2.17687
23760001 2.19267
23770001 2.1704
23780001 2.15633
23790001 2.12482
23800001 3.87473
23810001 2.15791
23820001 2.13214
23830001 2.2378
23840001 2.29443
23850001 2.12459
23860001 2.31388
23870001 2.15556
23880001 2.16909
23890001 2.34635
23900001 2.1497
23910001 4.02626
23920001 4.08071
23930001 2.17045
23940001 2.23815
23950001 2.30298
23960001 2.1821
23970001 2.17171
23980001 2.34864
23990001 2.13197
24000001 2.14683
24010001 3.16074
24020001 2.28431
24030001 2.42407
24040001 2.23925
24050001 4.02145
24060001 2.17513
24070001 2.22236
24080001 2.253
24090001 2.12184
24100001 2.34867
24110001 2.20314
24120001 2.15277
24130001 2.19464
24140001 2.28578
24150001 2.26237
24160001 2.1912
24170001 2.42425
24180001 2.26009
24190001 2.17152
24200001 2.16814
24210001 2.22835
24220001 2.20581
24230001 2.17499
24240001 2.28668
24250001 2.1774
24260001 2.18033
24270001 2.15752
24280001 2.19713
24290001 2.12836
24300001 2.19032
24310001 2.20208
24320001 2.14197
24330001 2.20299
24340001 2.17889
24350001 2.1953
24360001 2.15901
24370001 2.15667
24380001 2.12499
24390001 3.87497
24400001 2.15644
24410001 2.13339
24420001 2.23741
24430001 2.14315
24440001 2.12429
24450001 2.31247
24460001 2.15605
24470001 2.1688
24480001 2.34481
24490001 2.15456
24500001 2.15706
24510001 2.49829
24520001 2.17055
24530001 2.23576
24540001 2.30282
24550001 2.18128
24560001 2.16759
24570001 2.20645
24580001 2.12501
24590001 2.14646
24600001 3.16041
24610001 2.19453
24620001 2.42155
24630001 2.22487
24640001 4.02222
24650001 2.17267
24660001 2.21653
24670001 2.25058
24680001 2.15336
24690001 2.20649
24700001 2.2024
24710001 2.1493
24720001 2.18072
24730001 2.28615
24740001 2.263
24750001 2.17712
24760001 2.28943
24770001 2.25735
24780001 2.16976
24790001 2.16879
24800001 2.22759
24810001 2.19929
24820001 2.16674
24830001 2.23807
24840001 2.17245
24850001 2.15166
24860001 2.1596
24870001 2.19609
24880001 2.12734
24890001 2.17275
24900001 2.20031
24910001 2.29387
24920001 2.20373
24930001 2.18826
24940001 2.19486
24950001 2.15123
24960001 2.155
24970001 2.12524
24980001 3.87203
24990001 2.15794
25000001 2.13247
25010001 2.2409
25020001 2.28056
25030001 2.27411
25040001 2.24806
25050001 2.15846
25060001 2.26263
25070001 2.34062
25080001 2.1535
25090001 2.15765
25100001 2.48908
25110001 2.19278
25120001 2.18664
25130001 4.19891
25140001 2.16737
25150001 2.16223
25160001 2.20641
25170001 2.12672
25180001 2.189
25190001 2.20922
25200001 2.19977
25210001 2.41677
25220001 2.22173
25230001 4.01578
25240001 2.17429
25250001 2.25034
25260001 2.24754
25270001 2.16482
25280001 2.20424
25290001 2.15801
25300001 2.11918
25310001 2.19556
25320001 2.28602
25330001 4.16665
25340001 2.17555
25350001 2.28547
25360001 2.24956
25370001 2.22283
25380001 2.16881
25390001 4.08793
25400001 2.19849
25410001 2.16136
25420001 2.32553
25430001 2.17128
25440001 2.15542
25450001 2.15659
25460001 2.19675
25470001 2.14257
25480001 2.17483
25490001 2.19775
25500001 2.2917
25510001 2.19462
25520001 2.18778
25530001 2.12828
25540001 2.15138
25550001 2.15398
25560001 2.12503
25570001 3.87121
25580001 2.31178
25590001 4.01257
25600001 2.24027
25610001 2.28566
25620001 2.30457
25630001 2.23004
25640001 2.15849
25650001 2.28832
25660001 2.33891
25670001 2.14522
25680001 2.1413
25690001 2.48943
25700001 2.19075
25710001 2.15982
25720001 4.13005
25730001 2.16381
25740001 2.16105
25750001 2.20767
25760001 2.12657
25770001 2.1847
25780001 2.2077
25790001 2.20449
25800001 2.33281
25810001 2.2222
25820001 4.01876
25830001 2.12451
25840001 2.25278
25850001 2.22797
25860001 2.17041
25870001 2.19775
25880001 2.15854
25890001 2.12102
25900001 2.19156
25910001 2.28258
25920001 2.27236
25930001 2.17685
25940001 2.19632
25950001 2.24855
25960001 2.19106
25970001 2.16272
25980001 4.07211
25990001 2.19793
26000001 2.1735
26010001 2.32541
26020001 2.16851
26030001 2.15536
26040001 2.16091
26050001 2.19575
26060001 2.14314
26070001 2.17563
26080001 2.173
26090001 2.15159
26100001 2.17927
26110001 2.19035
26120001 2.12953
26130001 2.15188
26140001 2.15477
26150001 2.12393
26160001 3.87386
26170001 2.30591
26180001 4.01251
26190001 2.24036
26200001 2.28524
26210001 2.3032
26220001 2.22927
26230001 2.15135
26240001 2.19495
26250001 2.28944
26260001 2.14503
26270001 2.12543
26280001 2.49908
26290001 2.19328
26300001 2.16625
26310001 4.08674
26320001 2.1627
26330001 2.16127
26340001 2.20755
26350001 2.12517
26360001 2.18412
26370001 2.2029
26380001 2.20399
26390001 2.33263
26400001 2.22264
26410001 4.01337
26420001 2.11143
26430001 2.25137
26440001 2.22582
26450001 2.16404
26460001 2.2263
26470001 2.14952
26480001 2.11973
26490001 2.19321
26500001 2.15309
26510001 2.26917
26520001 2.17513
26530001 2.14397
26540001 2.24833
26550001 2.19118
26560001 2.16247
26570001 3.95821
26580001 2.20539
26590001 2.16586
26600001 2.20148
26610001 2.16804
26620001 2.15339
26630001 2.16209
26640001 2.19448
26650001 2.1451
26660001 2.17518
26670001 2.1721
26680001 2.15307
26690001 2.16698
26700001 2.17957
26710001 2.12973
26720001 3.89661
26730001 2.14488
26740001 2.12305
26750001 3.87532
26760001 2.3054
26770001 2.31774
26780001 2.24084
26790001 2.28435
26800001 2.30341
26810001 2.35761
26820001 2.26026
26830001 2.19255
26840001 2.29005
26850001 2.1451
26860001 2.17536
26870001 2.60942
26880001 2.16798
26890001 2.17318
26900001 4.08522
26910001 2.16267
26920001 2.20336
26930001 2.22759
26940001 2.1246
26950001 2.18386
26960001 2.20378
26970001 2.33358
26980001 2.22113
26990001 2.2215
27000001 4.04095
27010001 2.11131
27020001 2.24421
27030001 2.22594
27040001 2.13864
27050001 2.22166
27060001 2.14887
27070001 2.11772
27080001 2.19355
27090001 2.28741
27100001 2.31452
27110001 2.17562
27120001 2.14408
27130001 2.24797
27140001 2.1904
27150001 2.16194
27160001 3.95475
27170001 2.20562
27180001 2.16419
27190001 2.17364
27200001 2.18135
27210001 2.14818
27220001 2.16203
27230001 2.23426
27240001 2.14456
27250001 2.17447
27260001 2.17202
27270001 2.1727
27280001 2.16196
27290001 2.17879
27300001 2.12428
27310001 3.88332
27320001 2.14558
27330001 2.12247
27340001 3.8499
27350001 2.30454
27360001 2.31888
27370001 2.24104
27380001 2.28472
27390001 2.16975
27400001 2.35783
27410001 2.26068
27420001 2.14314
27430001 2.28476
27440001 2.14923
27450001 2.20041
27460001 2.60912
27470001 2.16807
27480001 2.18137
27490001 4.063
27500001 2.15874
27510001 2.19094
27520001 4.0851
27530001 2.12318
27540001 2.18032
27550001 2.20056
27560001 2.33564
27570001 2.21792
27580001 2.21974
27590001 4.041
27600001 2.1114
27610001 2.24133
27620001 2.20918
27630001 2.13867
27640001 2.34125
27650001 2.14816
27660001 2.10998
27670001 2.19295
27680001 2.28633
27690001 2.31449
27700001 2.17551
27710001 2.14087
27720001 2.35255
27730001 2.2274
27740001 2.16184
27750001 3.95715
27760001 2.19986
27770001 2.17866
27780001 2.1872
27790001 2.18584
27800001 2.21653
27810001 2.15998
27820001 2.22842
27830001 2.15013
27840001 2.17739
27850001 2.18856
27860001 2.16672
27870001 2.16318
27880001 2.17803
27890001 2.12696
27900001 3.88252
27910001 2.14754
27920001 2.12249
27930001 3.8589
27940001 2.30341
27950001 2.31766
27960001 2.34876
27970001 2.28006
27980001 2.16876
27990001 2.35475
28000001 2.26057
28010001 2.13971
28020001 2.28331
28030001 2.15058
28040001 2.20354
28050001 2.3204
28060001 2.16704
28070001 2.1666
28080001 4.0547
28090001 2.15959
28100001 2.20659
28110001 4.07408
28120001 2.30569
28130001 2.17376
28140001 2.20051
28150001 2.3478
28160001 2.21684
28170001 2.21966
28180001 4.04297
28190001 2.12064
28200001 2.24392
28210001 2.21071
28220001 2.13936
28230001 2.3414
28240001 2.14858
28250001 2.14759
28260001 2.19202
28270001 2.28642
28280001 2.31259
28290001 2.17432
28300001 2.13916
28310001 2.35268
28320001 2.21478
28330001 2.16144
28340001 3.97163
28350001 2.19923
28360001 2.17847
28370001 2.18834
28380001 2.18467
28390001 2.21215
28400001 2.20936
28410001 2.19462
28420001 2.15179
28430001 2.17689
28440001 2.18078
28450001 2.29393
28460001 2.1651
28470001 2.17837
28480001 2.12597
28490001 3.88242
28500001 2.14689
28510001 2.12151
28520001 2.21452
28530001 2.30126
28540001 2.31638
28550001 2.35268
28560001 2.14891
28570001 2.16868
28580001 2.33646
28590001 2.26041
28600001 2.13958
28610001 2.28288
28620001 2.15197
28630001 2.20502
28640001 2.32116
28650001 2.17247
28660001 2.16817
28670001 4.05183
28680001 2.15866
28690001 2.20562
28700001 4.07333
28710001 2.30627
28720001 2.33525
28730001 2.20099
28740001 2.23446
28750001 2.17084
28760001 2.21843
28770001 4.02333
28780001 2.12072
28790001 2.24427
28800001 2.20754
28810001 2.15787
28820001 2.25519
28830001 2.28515
28840001 2.28732
28850001 2.20554
28860001 2.28287
28870001 2.18206
28880001 2.17391
28890001 2.14456
28900001 2.25006
28910001 2.20663
28920001 2.17595
28930001 3.96666
28940001 2.17607
28950001 2.18012
28960001 2.19219
28970001 2.18191
28980001 2.20051
28990001 2.20863
29000001 2.19994
29010001 2.15312
29020001 2.17611
29030001 2.18151
29040001 2.29331
29050001 2.17402
29060001 2.16374
29070001 2.12605
29080001 3.90198
29090001 2.14815
29100001 2.12067
29110001 2.24368
29120001 2.15862
29130001 2.13282
29140001 2.24803
29150001 2.14402
29160001 2.17252
29170001 2.33345
29180001 2.26381
29190001 2.13787
29200001 2.28215
29210001 2.15133
29220001 2.2023
29230001 2.33741
29240001 2.17438
29250001 2.17591
29260001 4.05158
29270001 2.15708
29280001 2.20495
29290001 4.07286
29300001 2.30582
29310001 2.4935
29320001 2.19781
29330001 2.23203
29340001 2.16867
29350001 2.21803
29360001 3.03054
29370001 2.12436
29380001 2.21671
29390001 2.20701
29400001 2.15887
29410001 2.23438
29420001 2.28414
29430001 2.2862
29440001 2.19249
29450001 2.28635
29460001 2.18201
29470001 2.1733
29480001 2.14297
29490001 2.22627
29500001 2.20604
29510001 2.17568
29520001 3.96276
29530001 2.17592
29540001 2.15859
29550001 2.18678
29560001 2.17318
29570001 2.22982
29580001 2.19875
29590001 2.19893
29600001 2.16498
29610001 2.17781
29620001 2.18082
29630001 2.29084
29640001 2.17398
29650001 2.16706
29660001 2.1262
29670001 3.90281
29680001 2.17002
29690001 2.12103
29700001 2.24065
29710001 2.16188
29720001 2.12693
29730001 2.24472
29740001 2.15693
29750001 2.17103
29760001 2.33513
29770001 2.26741
29780001 2.13694
29790001 2.2748
29800001 2.15101
29810001 2.19953
29820001 2.30749
29830001 2.17331
29840001 2.17106
29850001 4.05124
29860001 2.13533
29870001 2.2025
29880001 2.20315
29890001 2.30438
29900001 2.4925
29910001 2.20909
29920001 2.23045
29930001 2.20881
29940001 2.21895
29950001 3.02792
29960001 2.11748
29970001 2.35014
29980001 2.2061
29990001 2.16649
