1 949.989
10001 33.7712
20001 15.6703
30001 11.3188
40001 10.237
50001 10.2848
60001 9.32476
70001 9.37681
80001 10.0676
90001 10.1921
100001 9.78153
110001 10.0967
120001 9.16191
130001 9.51381
140001 9.51623
150001 8.85217
160001 9.46614
170001 9.91815
180001 9.55869
190001 9.12675
200001 9.66719
210001 8.99673
220001 9.95814
230001 8.97473
240001 9.64117
250001 9.11189
260001 10.0512
270001 9.48682
280001 9.31484
290001 9.5688
300001 9.43219
310001 9.92391
320001 10.0895
330001 10.2927
340001 8.91444
350001 9.73752
360001 9.59577
370001 8.919
380001 9.77744
390001 9.5297
400001 9.1854
410001 9.6889
420001 10.0217
430001 9.17276
440001 8.80184
450001 9.96289
460001 9.63171
470001 9.07076
480001 9.78037
490001 8.94399
500001 9.02588
510001 9.05172
520001 9.09665
530001 9.0792
540001 9.22087
550001 10.0998
560001 9.07445
570001 10.1085
580001 8.9747
590001 10.0876
600001 9.45716
610001 9.37425
620001 8.78781
630001 9.09565
640001 9.68072
650001 8.93365
660001 9.13526
670001 9.93055
680001 10.0969
690001 9.71162
700001 10.0536
710001 9.12502
720001 9.49243
730001 9.49896
740001 8.83555
750001 9.45699
760001 9.90566
770001 9.55137
780001 9.11895
790001 9.66048
800001 8.99373
810001 9.95717
820001 8.97215
830001 9.63841
840001 9.11099
850001 10.049
860001 9.48498
870001 9.31642
880001 9.56836
890001 9.43426
900001 9.92332
910001 10.0889
920001 10.2932
930001 8.91585
940001 9.73615
950001 9.59651
960001 8.91925
970001 9.77791
980001 9.53005
990001 9.18586
1000001 9.68959
1010001 10.0219
1020001 9.17298
1030001 8.80237
1040001 9.96373
1050001 9.63174
1060001 9.07073
1070001 9.78146
1080001 8.94471
1090001 9.02628
1100001 9.05256
1110001 9.09742
1120001 9.08016
1130001 9.22145
1140001 10.1003
1150001 9.0748
1160001 10.1089
1170001 8.97539
1180001 10.0882
1190001 9.45754
1200001 9.37506
1210001 8.78826
1220001 9.0961
1230001 9.68117
1240001 8.9339
1250001 9.13547
1260001 9.93082
1270001 10.0975
1280001 9.71201
1290001 10.0542
1300001 9.12531
1310001 9.49269
1320001 9.49956
1330001 8.83602
1340001 9.45731
1350001 9.9058
1360001 9.55177
1370001 9.11916
1380001 9.66086
1390001 8.99435
1400001 9.95768
1410001 8.97249
1420001 9.63869
1430001 9.11153
1440001 10.0491
1450001 9.48503
1460001 9.31701
1470001 9.56864
1480001 9.43491
1490001 9.92344
1500001 10.089
1510001 10.2936
1520001 8.91621
1530001 9.73621
1540001 9.59687
1550001 8.91969
1560001 9.77827
1570001 9.53021
1580001 9.18613
1590001 9.69009
1600001 10.0221
1610001 9.1732
1620001 8.80267
1630001 9.96395
1640001 9.63183
1650001 9.07087
1660001 9.78194
1670001 8.94505
1680001 9.02644
1690001 9.05283
1700001 9.09775
1710001 9.08042
1720001 9.22163
1730001 10.1006
1740001 9.07498
1750001 10.109
1760001 8.97562
1770001 10.0884
1780001 9.45762
1790001 9.37533
1800001 8.78842
1810001 9.09629
1820001 9.68142
1830001 8.93403
1840001 9.13554
1850001 9.9309
1860001 10.0977
1870001 9.71214
1880001 10.0543
1890001 9.12538
1900001 9.49276
1910001 9.49978
1920001 8.83621
1930001 9.45745
1940001 9.90588
1950001 9.55188
1960001 9.11926
1970001 9.66103
1980001 8.9946
1990001 9.95787
2000001 8.97262
2010001 9.63881
2020001 9.11176
2030001 10.0491
2040001 9.48506
2050001 9.31721
2060001 9.56875
2070001 9.43515
2080001 9.92352
2090001 10.0891
2100001 10.2938
2110001 8.91633
2120001 9.73628
2130001 9.59701
2140001 8.9199
2150001 9.7784
2160001 9.53026
2170001 9.18628
2180001 9.69035
2190001 10.0222
2200001 9.17332
2210001 8.8028
2220001 9.96403
2230001 9.63187
2240001 9.07095
2250001 9.78217
2260001 8.94522
2270001 9.02652
2280001 9.05294
2290001 9.09791
2300001 9.08053
2310001 9.2217
2320001 10.1007
2330001 9.07506
2340001 10.1091
2350001 8.97572
2360001 10.0886
2370001 9.45765
2380001 9.37546
2390001 8.78849
2400001 9.09636
2410001 9.68156
2420001 8.93411
2430001 9.13558
2440001 9.93093
2450001 10.0978
2460001 9.71219
2470001 10.0543
2480001 9.12541
2490001 9.4928
2500001 9.49988
2510001 8.83631
2520001 9.45752
2530001 9.90592
2540001 9.55192
2550001 9.11931
2560001 9.66111
2570001 8.99473
2580001 9.95796
2590001 8.97268
2600001 9.63887
2610001 9.11187
2620001 10.0491
2630001 9.48509
2640001 9.31729
2650001 9.56879
2660001 9.43527
2670001 9.92357
2680001 10.0891
2690001 10.2939
2700001 8.91639
2710001 9.73632
2720001 9.59708
2730001 8.92001
2740001 9.77846
2750001 9.53028
2760001 9.18636
2770001 9.6905
2780001 10.0222
2790001 9.1734
2800001 8.80287
2810001 9.96407
2820001 9.63188
2830001 9.071
2840001 9.7823
2850001 8.9453
2860001 9.02656
2870001 9.053
2880001 9.09799
2890001 9.08058
2900001 9.22174
2910001 10.1008
2920001 9.07511
2930001 10.1091
2940001 8.97576
2950001 10.0886
2960001 9.45767
2970001 9.37553
2980001 8.78853
2990001 9.0964
3000001 9.68163
3010001 8.93415
3020001 9.1356
3030001 9.93095
3040001 10.0978
3050001 9.71222
3060001 10.0543
3070001 9.12543
3080001 9.49282
3090001 9.49994
3100001 8.83635
3110001 9.45755
3120001 9.90594
3130001 9.55194
3140001 9.11934
3150001 9.66116
3160001 8.99479
3170001 9.95801
3180001 8.97272
3190001 9.6389
3200001 9.11193
3210001 10.0492
3220001 9.48511
3230001 9.31734
3240001 9.56882
3250001 9.43534
3260001 9.92359
3270001 10.0891
3280001 10.2939
3290001 8.91642
3300001 9.73635
3310001 9.59712
3320001 8.92007
3330001 9.77849
3340001 9.53029
3350001 9.18641
3360001 9.69059
3370001 10.0222
3380001 9.17344
3390001 8.8029
3400001 9.96409
3410001 9.63189
3420001 9.07102
3430001 9.78236
3440001 8.94535
3450001 9.02658
3460001 9.05303
3470001 9.09803
3480001 9.08061
3490001 9.22176
3500001 10.1008
3510001 9.07514
3520001 10.1091
3530001 8.97579
3540001 10.0887
3550001 9.45768
3560001 9.37556
3570001 8.78855
3580001 9.09642
3590001 9.68168
3600001 8.93417
3610001 9.13561
3620001 9.93096
3630001 10.0979
3640001 9.71224
3650001 10.0544
3660001 9.12544
3670001 9.49284
3680001 9.49996
3690001 8.83638
3700001 9.45757
3710001 9.90595
3720001 9.55195
3730001 9.11936
3740001 9.66118
3750001 8.99483
3760001 9.95804
3770001 8.97273
3780001 9.63892
3790001 9.11196
3800001 10.0492
3810001 9.48512
3820001 9.31736
3830001 9.56883
3840001 9.43537
3850001 9.92361
3860001 10.0891
3870001 10.2939
3880001 8.91644
3890001 9.73636
3900001 9.59714
3910001 8.9201
3920001 9.77851
3930001 9.5303
3940001 9.18643
3950001 9.69063
3960001 10.0222
3970001 9.17347
3980001 8.80292
3990001 9.9641
4000001 9.6319
4010001 9.07103
4020001 9.7824
4030001 8.94538
4040001 9.0266
4050001 9.05305
4060001 9.09806
4070001 9.08062
4080001 9.22178
4090001 10.1008
4100001 9.07515
4110001 10.1091
4120001 8.97581
4130001 10.0887
4140001 9.45768
4150001 9.37558
4160001 8.78857
4170001 9.09643
4180001 9.6817
4190001 8.93418
4200001 9.13561
4210001 9.93097
4220001 10.0979
4230001 9.71225
4240001 10.0544
4250001 9.12545
4260001 9.49285
4270001 9.49998
4280001 8.8364
4290001 9.45758
4300001 9.90596
4310001 9.55196
4320001 9.11937
4330001 9.6612
4340001 8.99485
4350001 9.95805
4360001 8.97274
4370001 9.63893
4380001 9.11198
4390001 10.0492
4400001 9.48513
4410001 9.31737
4420001 9.56884
4430001 9.43539
4440001 9.92362
4450001 10.0891
4460001 10.2939
4470001 8.91644
4480001 9.73637
4490001 9.59715
4500001 8.92012
4510001 9.77852
4520001 9.5303
4530001 9.18645
4540001 9.69066
4550001 10.0222
4560001 9.17348
4570001 8.80293
4580001 9.9641
4590001 9.6319
4600001 9.07104
4610001 9.78242
4620001 8.94539
4630001 9.0266
4640001 9.05306
4650001 9.09807
4660001 9.08063
4670001 9.22178
4680001 10.1008
4690001 9.07516
4700001 10.1091
4710001 8.97582
4720001 10.0887
4730001 9.45768
4740001 9.37559
4750001 8.78857
4760001 9.09644
4770001 9.68172
4780001 8.93419
4790001 9.13562
4800001 9.93097
4810001 10.0979
4820001 9.71226
4830001 10.0544
4840001 9.12545
4850001 9.49285
4860001 9.49999
4870001 8.83641
4880001 9.45759
4890001 9.90596
4900001 9.55196
4910001 9.11938
4920001 9.6612
4930001 8.99486
4940001 9.95806
4950001 8.97275
4960001 9.63894
4970001 9.11199
4980001 10.0492
4990001 9.48513
5000001 9.31738
5010001 9.56885
5020001 9.43541
5030001 9.92363
5040001 10.0891
5050001 10.2939
5060001 8.91645
5070001 9.73638
5080001 9.59715
5090001 8.92013
5100001 9.77852
5110001 9.5303
5120001 9.18646
5130001 9.69068
5140001 10.0222
5150001 9.17349
5160001 8.80294
5170001 9.96411
5180001 9.6319
5190001 9.07105
5200001 9.78243
5210001 8.9454
5220001 9.02661
5230001 9.05306
5240001 9.09808
5250001 9.08063
5260001 9.22178
5270001 10.1008
5280001 9.07516
5290001 10.1091
5300001 8.97582
5310001 10.0887
5320001 9.45768
5330001 9.3756
5340001 8.78858
5350001 9.09644
5360001 9.68172
5370001 8.93419
5380001 9.13562
5390001 9.93097
5400001 10.0979
5410001 9.71226
5420001 10.0544
5430001 9.12545
5440001 9.49285
5450001 9.49999
5460001 8.83641
5470001 9.45759
5480001 9.90596
5490001 9.55196
5500001 9.11938
5510001 9.66121
5520001 8.99486
5530001 9.95806
5540001 8.97275
5550001 9.63894
5560001 9.11199
5570001 10.0492
5580001 9.48514
5590001 9.31738
5600001 9.56885
5610001 9.43541
5620001 9.92363
5630001 10.0891
5640001 10.294
5650001 8.91645
5660001 9.73638
5670001 9.59716
5680001 8.92014
5690001 9.77852
5700001 9.5303
5710001 9.18646
5720001 9.69069
5730001 10.0222
5740001 9.17349
5750001 8.80294
5760001 9.96411
5770001 9.63191
5780001 9.07105
5790001 9.78243
5800001 8.94541
5810001 9.02661
5820001 9.05306
5830001 9.09808
5840001 9.08064
5850001 9.22179
5860001 10.1008
5870001 9.07517
5880001 10.1091
5890001 8.97582
5900001 10.0887
5910001 9.45768
5920001 9.3756
5930001 8.78858
5940001 9.09644
5950001 9.68173
5960001 8.9342
5970001 9.13562
5980001 9.93097
5990001 10.0979
6000001 9.71226
6010001 10.0544
6020001 9.12545
6030001 9.49286
6040001 9.49999
6050001 8.83641
6060001 9.4576
6070001 9.90596
6080001 9.55196
6090001 9.11938
6100001 9.66121
6110001 8.99486
6120001 9.95807
6130001 8.97275
6140001 9.63894
6150001 9.112
6160001 10.0492
6170001 9.48514
6180001 9.31738
6190001 9.56885
6200001 9.43542
6210001 9.92363
6220001 10.0891
6230001 10.294
6240001 8.91645
6250001 9.73638
6260001 9.59716
6270001 8.92014
6280001 9.77853
6290001 9.5303
6300001 9.18646
6310001 9.69069
6320001 10.0222
6330001 9.1735
6340001 8.80295
6350001 9.96411
6360001 9.63191
6370001 9.07105
6380001 9.78244
6390001 8.94541
6400001 9.02661
6410001 9.05306
6420001 9.09808
6430001 9.08064
6440001 9.22179
6450001 10.1008
6460001 9.07517
6470001 10.1091
6480001 8.97582
6490001 10.0887
6500001 9.45768
6510001 9.37561
6520001 8.78858
6530001 9.09644
6540001 9.68173
6550001 8.9342
6560001 9.13562
6570001 9.93097
6580001 10.0979
6590001 9.71226
6600001 10.0544
6610001 9.12545
6620001 9.49286
6630001 9.49999
6640001 8.83641
6650001 9.4576
6660001 9.90596
6670001 9.55196
6680001 9.11939
6690001 9.66121
6700001 8.99487
6710001 9.95807
6720001 8.97275
6730001 9.63894
6740001 9.112
6750001 10.0492
6760001 9.48514
6770001 9.31739
6780001 9.56885
6790001 9.43542
6800001 9.92363
6810001 10.0891
6820001 10.294
6830001 8.91645
6840001 9.73639
6850001 9.59716
6860001 8.92014
6870001 9.77853
6880001 9.5303
6890001 9.18647
6900001 9.69069
6910001 10.0222
6920001 9.1735
6930001 8.80295
6940001 9.96411
6950001 9.63191
6960001 9.07105
6970001 9.78244
6980001 8.94541
6990001 9.02661
7000001 9.05306
7010001 9.09809
7020001 9.08064
7030001 9.22179
7040001 10.1008
7050001 9.07517
7060001 10.1091
7070001 8.97583
7080001 10.0887
7090001 9.45769
7100001 9.37561
7110001 8.78858
7120001 9.09644
7130001 9.68173
7140001 8.9342
7150001 9.13563
7160001 9.93097
7170001 10.0979
7180001 9.71226
7190001 10.0544
7200001 9.12545
7210001 9.49286
7220001 9.5
7230001 8.83641
7240001 9.4576
7250001 9.90596
7260001 9.55196
7270001 9.11939
7280001 9.66121
7290001 8.99487
7300001 9.95807
7310001 8.97276
7320001 9.63895
7330001 9.112
7340001 10.0492
7350001 9.48514
7360001 9.31739
7370001 9.56885
7380001 9.43542
7390001 9.92363
7400001 10.0891
7410001 10.294
7420001 8.91645
7430001 9.73639
7440001 9.59716
7450001 8.92014
7460001 9.77853
7470001 9.5303
7480001 9.18647
7490001 9.6907
7500001 10.0222
7510001 9.1735
7520001 8.80295
7530001 9.96411
7540001 9.63191
7550001 9.07105
7560001 9.78244
7570001 8.94541
7580001 9.02661
7590001 9.05307
7600001 9.09809
7610001 9.08064
7620001 9.22179
7630001 10.1008
7640001 9.07517
7650001 10.1091
7660001 8.97583
7670001 10.0887
7680001 9.45769
7690001 9.37561
7700001 8.78858
7710001 9.09644
7720001 9.68173
7730001 8.9342
7740001 9.13563
7750001 9.93097
7760001 10.0979
7770001 9.71226
7780001 10.0544
7790001 9.12545
7800001 9.49286
7810001 9.5
7820001 8.83641
7830001 9.4576
7840001 9.90596
7850001 9.55196
7860001 9.11939
7870001 9.66121
7880001 8.99487
7890001 9.95807
7900001 8.97276
7910001 9.63895
7920001 9.112
7930001 10.0492
7940001 9.48514
7950001 9.31739
7960001 9.56885
7970001 9.43542
7980001 9.92363
7990001 10.0891
8000001 10.294
8010001 8.91645
8020001 9.73639
8030001 9.59716
8040001 8.92014
8050001 9.77853
8060001 9.5303
8070001 9.18647
8080001 9.6907
8090001 10.0222
8100001 9.1735
8110001 8.80295
8120001 9.96411
8130001 9.63191
8140001 9.07105
8150001 9.78244
8160001 8.94541
8170001 9.02661
8180001 9.05307
8190001 9.09809
8200001 9.08064
8210001 9.22179
8220001 10.1008
8230001 9.07517
8240001 10.1091
8250001 8.97583
8260001 10.0887
8270001 9.45769
8280001 9.37561
8290001 8.78858
8300001 9.09644
8310001 9.68173
8320001 8.9342
8330001 9.13563
8340001 9.93097
8350001 10.0979
8360001 9.71226
8370001 10.0544
8380001 9.12545
8390001 9.49286
8400001 9.5
8410001 8.83642
8420001 9.4576
8430001 9.90596
8440001 9.55196
8450001 9.11939
8460001 9.66121
8470001 8.99487
8480001 9.95807
8490001 8.97276
8500001 9.63895
8510001 9.112
8520001 10.0492
8530001 9.48514
8540001 9.31739
8550001 9.56885
8560001 9.43542
8570001 9.92363
8580001 10.0891
8590001 10.294
8600001 8.91645
8610001 9.73639
8620001 9.59716
8630001 8.92014
8640001 9.77853
8650001 9.5303
8660001 9.18647
8670001 9.6907
8680001 10.0222
8690001 9.1735
8700001 8.80295
8710001 9.96411
8720001 9.63191
8730001 9.07105
8740001 9.78244
8750001 8.94541
8760001 9.02661
8770001 9.05307
8780001 9.09809
8790001 9.08064
8800001 9.22179
8810001 10.1008
8820001 9.07517
8830001 10.1091
8840001 8.97583
8850001 10.0887
8860001 9.45769
8870001 9.37561
8880001 8.78858
8890001 9.09644
8900001 9.68173
8910001 8.9342
8920001 9.13563
8930001 9.93097
8940001 10.0979
8950001 9.71226
8960001 10.0544
8970001 9.12545
8980001 9.49286
8990001 9.5
9000001 8.83642
9010001 9.4576
9020001 9.90596
9030001 9.55196
9040001 9.11939
9050001 9.66121
9060001 8.99487
9070001 9.95807
9080001 8.97276
9090001 9.63895
9100001 9.112
9110001 10.0492
9120001 9.48514
9130001 9.31739
9140001 9.56885
9150001 9.43542
9160001 9.92363
9170001 10.0891
9180001 10.294
9190001 8.91645
9200001 9.73639
9210001 9.59716
9220001 8.92014
9230001 9.77853
9240001 9.5303
9250001 9.18647
9260001 9.6907
9270001 10.0222
9280001 9.1735
9290001 8.80295
9300001 9.96411
9310001 9.63191
9320001 9.07105
9330001 9.78244
9340001 8.94541
9350001 9.02661
9360001 9.05307
9370001 9.09809
9380001 9.08064
9390001 9.22179
9400001 10.1008
9410001 9.07517
9420001 10.1091
9430001 8.97583
9440001 10.0887
9450001 9.45769
9460001 9.37561
9470001 8.78858
9480001 9.09644
9490001 9.68173
9500001 8.9342
9510001 9.13563
9520001 9.93097
9530001 10.0979
9540001 9.71226
9550001 10.0544
9560001 9.12545
9570001 9.49286
9580001 9.5
9590001 8.83642
9600001 9.4576
9610001 9.90596
9620001 9.55196
9630001 9.11939
9640001 9.66121
9650001 8.99487
9660001 9.95807
9670001 8.97276
9680001 9.63895
9690001 9.112
9700001 10.0492
9710001 9.48514
9720001 9.31739
9730001 9.56885
9740001 9.43542
9750001 9.92363
9760001 10.0891
9770001 10.294
9780001 8.91645
9790001 9.73639
9800001 9.59716
9810001 8.92014
9820001 9.77853
9830001 9.5303
9840001 9.18647
9850001 9.6907
9860001 10.0222
9870001 9.1735
9880001 8.80295
9890001 9.96411
9900001 9.63191
9910001 9.07105
9920001 9.78244
9930001 8.94541
9940001 9.02661
9950001 9.05307
9960001 9.09809
9970001 9.08064
9980001 9.22179
9990001 10.1008
