1 15.8032
10001 3.32897
20001 1.74808
30001 1.19427
40001 0.917034
50001 0.743346
60001 0.620729
70001 0.530224
80001 0.467991
90001 0.408238
100001 0.362955
110001 0.334464
120001 0.299582
130001 0.280855
140001 0.267002
150001 0.237673
160001 0.222896
170001 0.226573
180001 0.201096
190001 0.190439
200001 0.185235
210001 0.177853
220001 0.183927
230001 0.162754
240001 0.265047
250001 0.156055
260001 0.177626
270001 0.149314
280001 0.14565
290001 0.144852
300001 0.140133
310001 0.15512
320001 0.231019
330001 0.172765
340001 0.135145
350001 0.128869
360001 0.169636
370001 0.13783
380001 0.13664
390001 0.124962
400001 0.122414
410001 0.125955
420001 0.134705
430001 0.120838
440001 0.133196
450001 0.150221
460001 0.118352
470001 0.123149
480001 0.121098
490001 0.119282
500001 0.117811
510001 0.114221
520001 0.115178
530001 0.110666
540001 0.112515
550001 0.126929
560001 0.113649
570001 0.145475
580001 0.110143
590001 0.129862
600001 0.111568
610001 0.151466
620001 0.108819
630001 0.107939
640001 0.113068
650001 0.108716
660001 0.103753
670001 0.125218
680001 0.107227
690001 0.101923
700001 0.120074
710001 0.105149
720001 0.114294
730001 0.128829
740001 0.104773
750001 0.103301
760001 0.129808
770001 0.105757
780001 0.103629
790001 0.107195
800001 0.105686
810001 0.119689
820001 0.0991787
830001 0.215611
840001 0.100913
850001 0.130349
860001 0.100893
870001 0.0992462
880001 0.102261
890001 0.0984287
900001 0.119247
910001 0.199793
920001 0.140228
930001 0.101256
940001 0.094946
950001 0.143906
960001 0.107835
970001 0.108886
980001 0.0955842
990001 0.0934473
1000001 0.0994025
1010001 0.110755
1020001 0.0946875
1030001 0.109044
1040001 0.129319
1050001 0.0946284
1060001 0.10094
1070001 0.098986
1080001 0.0972089
1090001 0.0961396
1100001 0.0929496
1110001 0.0949109
1120001 0.0900397
1130001 0.0925915
1140001 0.108509
1150001 0.0949854
1160001 0.129514
1170001 0.0915738
1180001 0.113768
1190001 0.0947719
1200001 0.136742
1210001 0.0918959
1220001 0.0917564
1230001 0.0978813
1240001 0.0927489
1250001 0.0879739
1260001 0.111141
1270001 0.0922601
1280001 0.086917
1290001 0.106592
1300001 0.0909681
1310001 0.100776
1320001 0.117686
1330001 0.0917307
1340001 0.0900674
1350001 0.119429
1360001 0.0938386
1370001 0.0917355
1380001 0.0958967
1390001 0.0943514
1400001 0.108933
1410001 0.0876055
1420001 0.206069
1430001 0.0899328
1440001 0.120329
1450001 0.0904441
1460001 0.0886755
1470001 0.0923083
1480001 0.0882304
1490001 0.110493
1500001 0.192423
1510001 0.132145
1520001 0.0922906
1530001 0.0856271
1540001 0.137261
1550001 0.0991391
1560001 0.101309
1570001 0.0870188
1580001 0.084796
1590001 0.0917837
1600001 0.10389
1610001 0.0866222
1620001 0.101515
1630001 0.123074
1640001 0.0874381
1650001 0.0940564
1660001 0.0919645
1670001 0.0901979
1680001 0.0892101
1690001 0.086167
1700001 0.0886286
1710001 0.0833446
1720001 0.0861486
1730001 0.102622
1740001 0.089075
1750001 0.124285
1760001 0.0854756
1770001 0.108642
1780001 0.0893139
1790001 0.132097
1800001 0.0863776
1810001 0.0864938
1820001 0.0930609
1830001 0.08754
1840001 0.082826
1850001 0.106615
1860001 0.0873808
1870001 0.0820445
1880001 0.102281
1890001 0.0863293
1900001 0.0964177
1910001 0.114214
1920001 0.087621
1930001 0.0858315
1940001 0.116321
1950001 0.0901695
1960001 0.0879612
1970001 0.0923795
1980001 0.0909094
1990001 0.105685
2000001 0.0840174
2010001 0.203034
2020001 0.0865582
2030001 0.117146
2040001 0.0872738
2050001 0.0854375
2060001 0.0892527
2070001 0.0851134
2080001 0.107822
2090001 0.190335
2100001 0.129793
2110001 0.0895792
2120001 0.082863
2130001 0.135472
2140001 0.0965864
2150001 0.0991505
2160001 0.0845514
2170001 0.0822748
2180001 0.0896499
2190001 0.102073
2200001 0.0842748
2210001 0.0993586
2220001 0.121361
2230001 0.0854519
2240001 0.0920781
2250001 0.0899702
2260001 0.0882683
2270001 0.0873259
2280001 0.0843163
2290001 0.0869472
2300001 0.0814979
2310001 0.0844065
2320001 0.101047
2330001 0.0874845
2340001 0.122783
2350001 0.0838165
2360001 0.107292
2370001 0.0878089
2380001 0.13089
2390001 0.0848932
2400001 0.0850656
2410001 0.0918125
2420001 0.0861373
2430001 0.0814506
2440001 0.105459
2450001 0.0860757
2460001 0.0807572
2470001 0.101193
2480001 0.0850692
2490001 0.0952542
2500001 0.113319
2510001 0.0865597
2520001 0.0847061
2530001 0.115539
2540001 0.0892239
2550001 0.0869573
2560001 0.0914625
2570001 0.0900543
2580001 0.104849
2590001 0.0830886
2600001 0.202209
2610001 0.0856753
2620001 0.116265
2630001 0.0864594
2640001 0.0845871
2650001 0.0884373
2660001 0.0842954
2670001 0.107118
2680001 0.189801
2690001 0.129198
2700001 0.0888543
2710001 0.0821408
2720001 0.135038
2730001 0.0959057
2740001 0.0986008
2750001 0.0839123
2760001 0.0816125
2770001 0.0891079
2780001 0.101639
2790001 0.0836497
2800001 0.0987848
2810001 0.120931
2820001 0.0849369
2830001 0.0915549
2840001 0.089441
2850001 0.0877763
2860001 0.0868556
2870001 0.0838387
2880001 0.0865184
2890001 0.0810121
2900001 0.0839544
2910001 0.100635
2920001 0.0870739
2930001 0.122371
2940001 0.0833891
2950001 0.10693
2960001 0.087414
2970001 0.130574
2980001 0.0845105
2990001 0.0846933
3000001 0.0914879
3010001 0.0857737
3020001 0.0810948
3030001 0.105161
3040001 0.0857368
3050001 0.0804274
3060001 0.100928
3070001 0.0847422
3080001 0.0949608
3090001 0.113079
3100001 0.0862972
3110001 0.0844199
3120001 0.115328
3130001 0.088977
3140001 0.0867039
3150001 0.0912223
3160001 0.0898499
3170001 0.104628
3180001 0.0828553
3190001 0.201999
3200001 0.0854516
3210001 0.116032
3220001 0.0862533
3230001 0.0843714
3240001 0.0882243
3250001 0.0840914
3260001 0.106947
3270001 0.189654
3280001 0.12903
3290001 0.0886688
3300001 0.0819531
3310001 0.134923
3320001 0.0957266
3330001 0.0984514
3340001 0.0837426
3350001 0.0814372
3360001 0.0889626
3370001 0.10153
3380001 0.083479
3390001 0.0986297
3400001 0.120816
3410001 0.0847894
3420001 0.0914125
3430001 0.0892904
3440001 0.0876451
3450001 0.0867315
3460001 0.0837051
3470001 0.0863976
3480001 0.0808738
3490001 0.0838263
3500001 0.100516
3510001 0.0869561
3520001 0.122247
3530001 0.0832673
3540001 0.10682
3550001 0.0872971
3560001 0.130471
3570001 0.0843977
3580001 0.0845813
3590001 0.0913855
3600001 0.0856638
3610001 0.080986
3620001 0.10507
3630001 0.085632
3640001 0.0803248
3650001 0.100848
3660001 0.0846368
3670001 0.0948701
3680001 0.113001
3690001 0.0862129
3700001 0.0843277
3710001 0.115255
3720001 0.0888942
3730001 0.0866213
3740001 0.0911395
3750001 0.0897833
3760001 0.104553
3770001 0.0827776
3780001 0.201929
3790001 0.0853772
3800001 0.115949
3810001 0.0861837
3820001 0.0842984
3830001 0.0881503
3840001 0.084023
3850001 0.106892
3860001 0.189605
3870001 0.128971
3880001 0.0886047
3890001 0.0818877
3900001 0.134888
3910001 0.0956644
3920001 0.0984002
3930001 0.0836835
3940001 0.0813754
3950001 0.0889133
3960001 0.101493
3970001 0.0834173
3980001 0.0985753
3990001 0.120776
4000001 0.0847366
4010001 0.0913618
4020001 0.0892349
4030001 0.0875962
4040001 0.0866846
4050001 0.0836569
4060001 0.0863553
4070001 0.0808233
4080001 0.08378
4090001 0.100473
4100001 0.0869141
4110001 0.122199
4120001 0.083223
4130001 0.106779
4140001 0.0872532
4150001 0.130433
4160001 0.0843559
4170001 0.0845388
4180001 0.0913473
4190001 0.0856221
4200001 0.0809444
4210001 0.105035
4220001 0.0855919
4230001 0.0802851
4240001 0.100816
4250001 0.084595
4260001 0.0948357
4270001 0.11297
4280001 0.0861791
4290001 0.0842917
4300001 0.115227
4310001 0.0888614
4320001 0.0865884
4330001 0.0911058
4340001 0.0897565
4350001 0.104523
4360001 0.0827465
4370001 0.201901
4380001 0.0853473
4390001 0.115914
4400001 0.0861553
4410001 0.0842684
4420001 0.088119
4430001 0.083995
4440001 0.106869
4450001 0.189584
4460001 0.128947
4470001 0.0885775
4480001 0.0818598
4490001 0.134874
4500001 0.095638
4510001 0.0983786
4520001 0.0836585
4530001 0.0813488
4540001 0.0888925
4550001 0.101477
4560001 0.0833903
4570001 0.0985518
4580001 0.120759
4590001 0.0847135
4600001 0.0913396
4610001 0.0892101
4620001 0.0875745
4630001 0.0866636
4640001 0.0836357
4650001 0.0863371
4660001 0.0808008
4670001 0.0837596
4680001 0.100454
4690001 0.0868956
4700001 0.122177
4710001 0.0832035
4720001 0.10676
4730001 0.0872332
4740001 0.130416
4750001 0.0843372
4760001 0.0845195
4770001 0.0913302
4780001 0.0856033
4790001 0.0809255
4800001 0.10502
4810001 0.0855736
4820001 0.080267
4830001 0.100801
4840001 0.0845756
4850001 0.0948204
4860001 0.112956
4870001 0.0861635
4880001 0.0842752
4890001 0.115215
4900001 0.0888463
4910001 0.0865731
4920001 0.0910901
4930001 0.0897441
4940001 0.104509
4950001 0.0827322
4960001 0.201888
4970001 0.0853335
4980001 0.115898
4990001 0.0861423
5000001 0.0842545
5010001 0.0881042
5020001 0.0839821
5030001 0.106859
5040001 0.189575
5050001 0.128936
5060001 0.0885647
5070001 0.0818467
5080001 0.134868
5090001 0.0956255
5100001 0.0983684
5110001 0.0836468
5120001 0.0813363
5130001 0.0888829
5140001 0.10147
5150001 0.0833773
5160001 0.0985407
5170001 0.120751
5180001 0.0847026
5190001 0.0913289
5200001 0.0891982
5210001 0.0875641
5220001 0.0866535
5230001 0.0836257
5240001 0.0863285
5250001 0.08079
5260001 0.0837499
5270001 0.100445
5280001 0.0868869
5290001 0.122166
5300001 0.0831943
5310001 0.106752
5320001 0.0872235
5330001 0.130408
5340001 0.0843283
5350001 0.0845101
5360001 0.091322
5370001 0.0855943
5380001 0.0809163
5390001 0.105012
5400001 0.0855647
5410001 0.0802583
5420001 0.100794
5430001 0.0845661
5440001 0.0948131
5450001 0.112949
5460001 0.0861559
5470001 0.0842672
5480001 0.115208
5490001 0.088839
5500001 0.0865656
5510001 0.0910824
5520001 0.0897381
5530001 0.104502
5540001 0.0827252
5550001 0.201882
5560001 0.0853268
5570001 0.11589
5580001 0.086136
5590001 0.0842477
5600001 0.0880969
5610001 0.0839758
5620001 0.106854
5630001 0.18957
5640001 0.12893
5650001 0.0885583
5660001 0.0818402
5670001 0.134866
5680001 0.0956194
5690001 0.0983634
5700001 0.083641
5710001 0.0813301
5720001 0.0888782
5730001 0.101466
5740001 0.0833709
5750001 0.0985353
5760001 0.120747
5770001 0.0846972
5780001 0.0913237
5790001 0.0891923
5800001 0.0875589
5810001 0.0866485
5820001 0.0836207
5830001 0.0863242
5840001 0.0807846
5850001 0.0837451
5860001 0.100441
5870001 0.0868826
5880001 0.122161
5890001 0.0831897
5900001 0.106747
5910001 0.0872186
5920001 0.130404
5930001 0.0843238
5940001 0.0845054
5950001 0.091318
5960001 0.0855897
5970001 0.0809118
5980001 0.105009
5990001 0.0855603
6000001 0.0802539
6010001 0.100791
6020001 0.0845614
6030001 0.0948095
6040001 0.112946
6050001 0.0861521
6060001 0.0842632
6070001 0.115205
6080001 0.0888353
6090001 0.0865618
6100001 0.0910785
6110001 0.0897351
6120001 0.104499
6130001 0.0827217
6140001 0.201879
6150001 0.0853234
6160001 0.115885
6170001 0.0861328
6180001 0.0842442
6190001 0.0880932
6200001 0.0839727
6210001 0.106852
6220001 0.189568
6230001 0.128928
6240001 0.0885551
6250001 0.081837
6260001 0.134864
6270001 0.0956163
6280001 0.0983608
6290001 0.0836382
6300001 0.081327
6310001 0.0888758
6320001 0.101465
6330001 0.0833676
6340001 0.0985325
6350001 0.120745
6360001 0.0846944
6370001 0.091321
6380001 0.0891893
6390001 0.0875562
6400001 0.0866459
6410001 0.0836182
6420001 0.0863221
6430001 0.0807819
6440001 0.0837427
6450001 0.100439
6460001 0.0868804
6470001 0.122158
6480001 0.0831874
6490001 0.106745
6500001 0.0872161
6510001 0.130402
6520001 0.0843216
6530001 0.084503
6540001 0.0913159
6550001 0.0855874
6560001 0.0809094
6570001 0.105007
6580001 0.085558
6590001 0.0802517
6600001 0.100789
6610001 0.0845589
6620001 0.0948076
6630001 0.112944
6640001 0.0861501
6650001 0.0842611
6660001 0.115204
6670001 0.0888333
6680001 0.0865599
6690001 0.0910765
6700001 0.0897335
6710001 0.104497
6720001 0.0827199
6730001 0.201878
6740001 0.0853217
6750001 0.115883
6760001 0.0861312
6770001 0.0842425
6780001 0.0880913
6790001 0.0839711
6800001 0.106851
6810001 0.189566
6820001 0.128926
6830001 0.0885534
6840001 0.0818353
6850001 0.134864
6860001 0.0956147
6870001 0.0983595
6880001 0.0836367
6890001 0.0813254
6900001 0.0888745
6910001 0.101464
6920001 0.0833659
6930001 0.0985311
6940001 0.120744
6950001 0.084693
6960001 0.0913196
6970001 0.0891877
6980001 0.0875548
6990001 0.0866445
7000001 0.0836169
7010001 0.086321
7020001 0.0807804
7030001 0.0837414
7040001 0.100437
7050001 0.0868793
7060001 0.122157
7070001 0.0831863
7080001 0.106744
7090001 0.0872148
7100001 0.130401
7110001 0.0843204
7120001 0.0845018
7130001 0.0913149
7140001 0.0855862
7150001 0.0809082
7160001 0.105006
7170001 0.0855568
7180001 0.0802505
7190001 0.100788
7200001 0.0845576
7210001 0.0948067
7220001 0.112943
7230001 0.086149
7240001 0.0842601
7250001 0.115203
7260001 0.0888323
7270001 0.0865588
7280001 0.0910754
7290001 0.0897326
7300001 0.104496
7310001 0.082719
7320001 0.201877
7330001 0.0853208
7340001 0.115882
7350001 0.0861304
7360001 0.0842415
7370001 0.0880903
7380001 0.0839702
7390001 0.10685
7400001 0.189566
7410001 0.128925
7420001 0.0885525
7430001 0.0818344
7440001 0.134863
7450001 0.0956138
7460001 0.0983588
7470001 0.0836359
7480001 0.0813245
7490001 0.0888739
7500001 0.101463
7510001 0.083365
7520001 0.0985303
7530001 0.120744
7540001 0.0846922
7550001 0.0913188
7560001 0.0891869
7570001 0.0875541
7580001 0.0866438
7590001 0.0836163
7600001 0.0863203
7610001 0.0807797
7620001 0.0837408
7630001 0.100437
7640001 0.0868786
7650001 0.122156
7660001 0.0831856
7670001 0.106743
7680001 0.0872141
7690001 0.1304
7700001 0.0843198
7710001 0.0845011
7720001 0.0913143
7730001 0.0855856
7740001 0.0809075
7750001 0.105005
7760001 0.0855562
7770001 0.0802499
7780001 0.100787
7790001 0.0845569
7800001 0.0948062
7810001 0.112942
7820001 0.0861484
7830001 0.0842595
7840001 0.115202
7850001 0.0888318
7860001 0.0865583
7870001 0.0910748
7880001 0.0897322
7890001 0.104496
7900001 0.0827185
7910001 0.201877
7920001 0.0853203
7930001 0.115881
7940001 0.08613
7950001 0.084241
7960001 0.0880898
7970001 0.0839698
7980001 0.10685
7990001 0.189565
8000001 0.128925
8010001 0.0885521
8020001 0.0818339
8030001 0.134863
8040001 0.0956134
8050001 0.0983584
8060001 0.0836355
8070001 0.0813241
8080001 0.0888735
8090001 0.101463
8100001 0.0833645
8110001 0.0985299
8120001 0.120744
8130001 0.0846918
8140001 0.0913184
8150001 0.0891864
8160001 0.0875537
8170001 0.0866434
8180001 0.0836159
8190001 0.08632
8200001 0.0807793
8210001 0.0837404
8220001 0.100437
8230001 0.0868783
8240001 0.122155
8250001 0.0831853
8260001 0.106743
8270001 0.0872138
8280001 0.1304
8290001 0.0843195
8300001 0.0845007
8310001 0.091314
8320001 0.0855852
8330001 0.0809072
8340001 0.105005
8350001 0.0855558
8360001 0.0802495
8370001 0.100787
8380001 0.0845565
8390001 0.094806
8400001 0.112942
8410001 0.0861481
8420001 0.0842592
8430001 0.115202
8440001 0.0888315
8450001 0.086558
8460001 0.0910745
8470001 0.0897319
8480001 0.104496
8490001 0.0827183
8500001 0.201876
8510001 0.08532
8520001 0.115881
8530001 0.0861297
8540001 0.0842408
8550001 0.0880895
8560001 0.0839696
8570001 0.10685
8580001 0.189565
8590001 0.128925
8600001 0.0885518
8610001 0.0818337
8620001 0.134863
8630001 0.0956131
8640001 0.0983582
8650001 0.0836353
8660001 0.0813238
8670001 0.0888733
8680001 0.101463
8690001 0.0833643
8700001 0.0985297
8710001 0.120744
8720001 0.0846916
8730001 0.0913182
8740001 0.0891862
8750001 0.0875535
8760001 0.0866432
8770001 0.0836157
8780001 0.0863198
8790001 0.080779
8800001 0.0837402
8810001 0.100436
8820001 0.0868781
8830001 0.122155
8840001 0.0831851
8850001 0.106743
8860001 0.0872136
8870001 0.1304
8880001 0.0843193
8890001 0.0845005
8900001 0.0913139
8910001 0.0855851
8920001 0.080907
8930001 0.105005
8940001 0.0855557
8950001 0.0802493
8960001 0.100787
8970001 0.0845563
8980001 0.0948058
8990001 0.112942
9000001 0.086148
9010001 0.084259
9020001 0.115202
9030001 0.0888313
9040001 0.0865578
9050001 0.0910744
9060001 0.0897318
9070001 0.104495
9080001 0.0827181
9090001 0.201876
9100001 0.0853199
9110001 0.115881
9120001 0.0861296
9130001 0.0842406
9140001 0.0880893
9150001 0.0839694
9160001 0.10685
9170001 0.189565
9180001 0.128925
9190001 0.0885517
9200001 0.0818335
9210001 0.134863
9220001 0.095613
9230001 0.098358
9240001 0.0836352
9250001 0.0813237
9260001 0.0888732
9270001 0.101463
9280001 0.0833641
9290001 0.0985296
9300001 0.120743
9310001 0.0846915
9320001 0.0913181
9330001 0.0891861
9340001 0.0875533
9350001 0.0866431
9360001 0.0836156
9370001 0.0863197
9380001 0.0807789
9390001 0.0837401
9400001 0.100436
9410001 0.086878
9420001 0.122155
9430001 0.083185
9440001 0.106742
9450001 0.0872135
9460001 0.1304
9470001 0.0843192
9480001 0.0845004
9490001 0.0913138
9500001 0.0855849
9510001 0.0809069
9520001 0.105005
9530001 0.0855556
9540001 0.0802492
9550001 0.100787
9560001 0.0845562
9570001 0.0948058
9580001 0.112942
9590001 0.0861479
9600001 0.0842589
9610001 0.115202
9620001 0.0888312
9630001 0.0865577
9640001 0.0910743
9650001 0.0897317
9660001 0.104495
9670001 0.082718
9680001 0.201876
9690001 0.0853198
9700001 0.115881
9710001 0.0861295
9720001 0.0842405
9730001 0.0880892
9740001 0.0839694
9750001 0.10685
9760001 0.189565
9770001 0.128925
9780001 0.0885516
9790001 0.0818334
9800001 0.134863
9810001 0.0956129
9820001 0.098358
9830001 0.0836351
9840001 0.0813236
9850001 0.0888731
9860001 0.101463
9870001 0.0833641
9880001 0.0985295
9890001 0.120743
9900001 0.0846914
9910001 0.091318
9920001 0.089186
9930001 0.0875533
9940001 0.0866431
9950001 0.0836155
9960001 0.0863197
9970001 0.0807789
9980001 0.0837401
9990001 0.100436
