1 2188.23
10001 200.841
20001 196.371
30001 74.6547
40001 71.2236
50001 43.2415
60001 42.2518
70001 32.4321
80001 31.272
90001 28.0929
100001 25.2187
110001 26.2001
120001 24.0712
130001 22.1609
140001 21.1717
150001 20.1724
160001 19.0785
170001 19.7223
180001 18.2318
190001 18.7987
200001 23.2707
210001 18.216
220001 25.8674
230001 18.5216
240001 24.13
250001 21.4731
260001 23.5203
270001 19.7137
280001 25.9231
290001 19.4654
300001 19.4125
310001 20.4216
320001 18.6578
330001 19.8118
340001 24.2823
350001 19.1796
360001 19.101
370001 18.9989
380001 21.1109
390001 25.8503
400001 22.5416
410001 19.9267
420001 26.5757
430001 23.3861
440001 26.9134
450001 22.0984
460001 24.5672
470001 23.2734
480001 20.1109
490001 25.1008
500001 19.6165
510001 21.4848
520001 21.662
530001 21.0583
540001 18.689
550001 18.6813
560001 21.5498
570001 18.6646
580001 18.2048
590001 16.9789
600001 17.0369
610001 16.9498
620001 18.5268
630001 17.0716
640001 16.9852
650001 20.9761
660001 16.8162
670001 20.8046
680001 17.0195
690001 24.1869
700001 19.8682
710001 20.4003
720001 18.5768
730001 25.0418
740001 19.0786
750001 18.3097
760001 18.1955
770001 17.7756
780001 19.5033
790001 22.9562
800001 18.3519
810001 18.273
820001 17.6795
830001 19.2499
840001 20.6192
850001 25.9426
860001 20.6287
870001 26.0332
880001 21.5715
890001 27.8349
900001 19.797
910001 22.1514
920001 21.862
930001 19.6508
940001 23.3485
950001 18.6112
960001 21.2844
970001 21.2536
980001 18.8131
990001 21.822
1000001 18.1392
1010001 19.3801
1020001 18.2662
1030001 17.4617
1040001 16.399
1050001 17.1853
1060001 16.2368
1070001 17.058
1080001 19.6603
1090001 16.8351
1100001 21.3348
1110001 16.4107
1120001 20.223
1130001 20.8624
1140001 23.9953
1150001 18.7541
1160001 19.4403
1170001 18.8209
1180001 18.8383
1190001 19.111
1200001 17.6507
1210001 19.6587
1220001 22.4677
1230001 18.6809
1240001 19.5079
1250001 18.0747
1260001 17.6876
1270001 25.7641
1280001 22.0667
1290001 19.4403
1300001 23.0027
1310001 23.0243
1320001 26.5281
1330001 22.5566
1340001 24.5877
1350001 20.8605
1360001 20.4855
1370001 23.8925
1380001 19.2111
1390001 21.547
1400001 20.2796
1410001 20.7805
1420001 18.1577
1430001 19.2982
1440001 21.5792
1450001 19.9244
1460001 18.5868
1470001 17.4192
1480001 17.3008
1490001 16.0606
1500001 16.4793
1510001 16.9314
1520001 16.9589
1530001 21.2358
1540001 16.8084
1550001 22.2656
1560001 17.0235
1570001 24.1026
1580001 19.9353
1590001 22.0749
1600001 17.1105
1610001 25.0667
1620001 19.0002
1630001 18.674
1640001 18.1767
1650001 17.7179
1660001 19.0268
1670001 22.9282
1680001 18.1781
1690001 18.2022
1700001 18.2008
1710001 19.2619
1720001 25.2137
1730001 25.7984
1740001 21.0386
1750001 25.8609
1760001 22.4542
1770001 26.3793
1780001 19.6814
1790001 23.9188
1800001 22.008
1810001 19.5662
1820001 24.2654
1830001 19.1143
1840001 20.9304
1850001 21.1361
1860001 20.439
1870001 22.5391
1880001 18.1549
1890001 21.1941
1900001 18.162
1910001 17.8155
1920001 16.4854
1930001 17.1293
1940001 16.6134
1950001 16.9163
1960001 19.2887
1970001 16.6912
1980001 20.8037
1990001 16.4476
2000001 20.7728
2010001 16.7665
2020001 24.0236
2030001 19.1625
2040001 20.0597
2050001 18.382
2060001 21.9417
2070001 18.9645
2080001 18.1874
2090001 19.7399
2100001 17.5113
2110001 19.2722
2120001 22.0852
2130001 18.0182
2140001 18.0457
2150001 21.9568
2160001 19.6514
2170001 17.6247
2180001 22.0358
2190001 22.9173
2200001 25.8549
2210001 21.7416
2220001 27.6666
2230001 18.8475
2240001 20.9772
2250001 21.1288
2260001 19.5168
2270001 22.307
2280001 18.3905
2290001 21.0806
2300001 21.3659
2310001 18.5621
2320001 21.5153
2330001 19.5439
2340001 18.9883
2350001 18.0181
2360001 17.2585
2370001 16.2759
2380001 16.9483
2390001 15.9697
2400001 16.8694
2410001 18.3571
2420001 16.7498
2430001 24.5678
2440001 16.9897
2450001 18.7689
2460001 19.5162
2470001 23.3656
2480001 18.6928
2490001 19.3202
2500001 18.2715
2510001 18.4196
2520001 19.5738
2530001 17.4766
2540001 18.5866
2550001 22.4516
2560001 18.8855
2570001 19.2594
2580001 17.2371
2590001 20.3506
2600001 25.6728
2610001 22.1059
2620001 19.6416
2630001 26.8999
2640001 22.8201
2650001 26.4386
2660001 22.366
2670001 23.96
2680001 21.9172
2690001 19.9394
2700001 23.7622
2710001 18.9435
2720001 21.1758
2730001 20.1164
2740001 20.9826
2750001 18.0385
2760001 19.1548
2770001 21.3922
2780001 19.8984
2790001 17.9376
2800001 16.7971
2810001 17.1192
2820001 15.8756
2830001 18.0243
2840001 16.8387
2850001 16.7666
2860001 20.7993
2870001 16.5228
2880001 20.7034
2890001 17.1297
2900001 24.0907
2910001 19.9465
2920001 22.2326
2930001 16.7617
2940001 22.6957
2950001 18.928
2960001 18.2145
2970001 18.1163
2980001 17.5476
2990001 19.6783
3000001 22.8277
3010001 18.1103
3020001 18.5475
3030001 18.2253
3040001 19.0376
3050001 25.1188
3060001 25.7223
3070001 20.2592
3080001 25.6374
3090001 22.9411
3100001 27.6618
3110001 19.4379
3120001 22.1065
3130001 21.6098
3140001 19.4329
3150001 22.9811
3160001 18.8349
3170001 21.1732
3180001 21.0567
3190001 18.6615
3200001 21.6769
3210001 18.1312
3220001 21.0903
3230001 18.2146
3240001 17.2781
3250001 16.3056
3260001 17.0313
3270001 16.627
3280001 16.8621
3290001 19.3154
3300001 16.6906
3310001 22.9198
3320001 16.382
3330001 21.0783
3340001 19.6019
3350001 23.9593
3360001 18.756
3370001 19.282
3380001 18.9221
3390001 19.4115
3400001 18.8751
3410001 17.5888
3420001 19.6536
3430001 18.4805
3440001 22.8012
3450001 19.3797
3460001 17.9695
3470001 17.6364
3480001 25.7078
3490001 22.1272
3500001 18.0858
3510001 22.2328
3520001 23.1988
3530001 23.2732
3540001 22.6783
3550001 24.6341
3560001 20.3375
3570001 20.6545
3580001 20.5945
3590001 19.1559
3600001 21.6481
3610001 20.3073
3620001 20.7003
3630001 21.1134
3640001 18.6375
3650001 21.4636
3660001 19.9135
3670001 18.5499
3680001 17.7317
3690001 17.1149
3700001 16.1809
3710001 17.3161
3720001 15.8522
3730001 16.7261
3740001 21.3143
3750001 16.3382
3760001 24.4758
3770001 16.9758
3780001 22.7698
3790001 20.2362
3800001 22.3086
3810001 18.618
3820001 25.0361
3830001 18.4444
3840001 18.2956
3850001 18.3151
3860001 17.641
3870001 19.0963
3880001 23.5332
3890001 18.4681
3900001 18.308
3910001 18.3317
3920001 20.318
3930001 25.1487
3940001 21.7958
3950001 19.2898
3960001 25.9874
3970001 22.7671
3980001 26.3404
3990001 21.0367
4000001 23.9104
4010001 21.9734
4020001 19.666
4030001 24.2712
4040001 19.0467
4050001 20.8853
4060001 21.1861
4070001 20.5728
4080001 18.2045
4090001 18.2193
4100001 21.1006
4110001 18.2208
4120001 17.7354
4130001 16.5206
4140001 16.686
4150001 16.5603
4160001 18.1197
4170001 18.702
4180001 16.6457
4190001 20.7803
4200001 16.4842
4210001 20.5033
4220001 16.7033
4230001 23.9044
4240001 19.6289
4250001 20.0992
4260001 18.3682
4270001 24.7996
4280001 18.8589
4290001 18.0155
4300001 18.0623
4310001 17.4995
4320001 19.3637
4330001 22.753
4340001 18.1932
4350001 18.0389
4360001 17.5174
4370001 18.9641
4380001 20.3793
4390001 25.7424
4400001 20.4419
4410001 25.8368
4420001 21.3429
4430001 27.5942
4440001 19.3039
4450001 21.8718
4460001 21.4641
4470001 19.3966
4480001 23.0857
4490001 18.3626
4500001 21.0563
4510001 21.0528
4520001 18.6083
4530001 21.6483
4540001 17.9775
4550001 19.1876
4560001 18.0935
4570001 17.2674
4580001 16.2331
4590001 16.9968
4600001 16.1132
4610001 16.8777
4620001 19.6277
4630001 16.6913
4640001 21.2933
4650001 16.2912
4660001 20.0824
4670001 20.7392
4680001 23.9266
4690001 18.6675
4700001 19.2792
4710001 18.7727
4720001 18.706
4730001 19.0675
4740001 17.5232
4750001 19.6353
4760001 22.3103
4770001 18.6404
4780001 19.4146
4790001 18.0301
4800001 17.547
4810001 25.6643
4820001 21.9132
4830001 19.3659
4840001 22.8091
4850001 22.9075
4860001 26.4091
4870001 22.4486
4880001 24.4418
4890001 20.5522
4900001 20.3205
4910001 23.7051
4920001 19.0609
4930001 21.3838
4940001 20.1642
4950001 20.629
4960001 18.0461
4970001 19.1925
4980001 21.4963
4990001 19.8699
5000001 18.4951
5010001 17.3267
5020001 17.1534
5030001 15.9981
5040001 16.3647
5050001 16.9027
5060001 16.8717
5070001 21.2497
5080001 16.7449
5090001 22.1986
5100001 17.0999
5110001 24.0491
5120001 19.8758
5130001 21.9952
5140001 17.0732
5150001 25.0248
5160001 18.9414
5170001 18.6264
5180001 18.1734
5190001 17.6375
5200001 19.0699
5210001 22.8484
5220001 18.1923
5230001 18.1683
5240001 18.1942
5250001 19.1645
5260001 25.1528
5270001 25.7394
5280001 21.0096
5290001 25.79
5300001 22.3879
5310001 26.2734
5320001 19.5763
5330001 23.8035
5340001 21.8416
5350001 19.4585
5360001 24.1212
5370001 19.0378
5380001 20.8411
5390001 21.0653
5400001 20.3479
5410001 22.4758
5420001 18.1001
5430001 21.1429
5440001 18.1029
5450001 17.7174
5460001 16.3082
5470001 17.0671
5480001 16.6079
5490001 16.8317
5500001 19.309
5510001 16.627
5520001 20.8132
5530001 16.4057
5540001 20.7075
5550001 16.7184
5560001 23.9845
5570001 19.1244
5580001 19.9969
5590001 18.3779
5600001 21.9106
5610001 18.9574
5620001 18.1459
5630001 19.7593
5640001 17.47
5650001 19.3029
5660001 22.0366
5670001 18.0264
5680001 17.983
5690001 21.9494
5700001 19.559
5710001 17.5902
5720001 21.972
5730001 22.8803
5740001 25.8221
5750001 21.7065
5760001 27.6106
5770001 18.7711
5780001 20.8688
5790001 21.0454
5800001 19.4482
5810001 22.2313
5820001 18.3189
5830001 21.0251
5840001 21.3066
5850001 18.5047
5860001 21.4796
5870001 19.5152
5880001 18.9544
5890001 17.9808
5900001 17.2104
5910001 16.2564
5920001 16.8638
5930001 15.9687
5940001 16.8195
5950001 18.392
5960001 16.7168
5970001 24.5202
5980001 16.9505
5990001 18.7452
6000001 20.5271
6010001 23.3592
6020001 18.6872
6030001 19.2878
6040001 18.2821
6050001 18.3953
6060001 19.5863
6070001 17.4501
6080001 19.5612
6090001 22.4292
6100001 18.8992
6110001 18.4606
6120001 17.2633
6130001 20.3004
6140001 25.6403
6150001 22.0621
6160001 19.6278
6170001 26.8725
6180001 22.7991
6190001 26.3826
6200001 22.228
6210001 23.8861
6220001 21.8157
6230001 19.8651
6240001 23.6932
6250001 18.8883
6260001 21.1367
6270001 20.0679
6280001 20.9396
6290001 18.1597
6300001 19.1151
6310001 21.374
6320001 19.8775
6330001 17.8999
6340001 16.773
6350001 17.0962
6360001 15.8784
6370001 17.9735
6380001 16.8495
6390001 16.7505
6400001 20.8413
6410001 16.5144
6420001 20.6908
6430001 17.081
6440001 24.077
6450001 19.9292
6460001 22.2179
6470001 16.7594
6480001 22.6887
6490001 18.948
6500001 18.2003
6510001 18.1529
6520001 17.5318
6530001 19.7033
6540001 22.8121
6550001 18.0864
6560001 18.5381
6570001 18.2496
6580001 18.9962
6590001 24.9228
6600001 25.704
6610001 20.2545
6620001 25.6152
6630001 22.9295
6640001 27.6139
6650001 19.3949
6660001 22.0366
6670001 21.5696
6680001 19.3872
6690001 22.9398
6700001 18.7943
6710001 21.1408
6720001 21.0274
6730001 18.6394
6740001 21.6359
6750001 18.1156
6760001 21.085
6770001 18.2152
6780001 17.2503
6790001 16.2942
6800001 17.006
6810001 16.611
6820001 16.8191
6830001 19.3507
6840001 16.6705
6850001 22.9356
6860001 16.371
6870001 21.0575
6880001 19.5878
6890001 23.9556
6900001 18.7474
6910001 19.2591
6920001 18.9393
6930001 19.4064
6940001 18.8959
6950001 17.5814
6960001 19.6823
6970001 18.4673
6980001 22.8287
6990001 19.3777
7000001 17.9919
7010001 17.6007
7020001 25.6936
7030001 22.0926
7040001 18.0737
7050001 22.2044
7060001 23.1748
7070001 23.2504
7080001 22.6688
7090001 24.5965
7100001 20.2647
7110001 20.5858
7120001 20.5623
7130001 19.1201
7140001 21.6182
7150001 20.2841
7160001 20.6502
7170001 21.0833
7180001 18.5838
7190001 21.4497
7200001 19.9116
7210001 18.5183
7220001 17.7336
7230001 17.0942
7240001 16.1911
7250001 17.286
7260001 15.8618
7270001 16.7211
7280001 21.3359
7290001 16.3228
7300001 23.1003
7310001 16.9561
7320001 22.7599
7330001 20.232
7340001 22.3098
7350001 17.1603
7360001 25.0361
7370001 18.4659
7380001 18.2934
7390001 18.3491
7400001 17.6394
7410001 19.1489
7420001 23.5532
7430001 18.5001
7440001 18.334
7450001 18.373
7460001 20.2778
7470001 25.1417
7480001 21.7741
7490001 19.2918
7500001 25.9889
7510001 22.7728
7520001 26.313
7530001 21.0206
7540001 23.885
7550001 21.9244
7560001 19.6239
7570001 24.2354
7580001 19.0254
7590001 20.8638
7600001 21.1613
7610001 20.5378
7620001 18.1854
7630001 18.1962
7640001 21.0965
7650001 18.2135
7660001 17.7167
7670001 16.5147
7680001 16.6772
7690001 16.5743
7700001 18.0867
7710001 18.7234
7720001 16.6365
7730001 20.8255
7740001 16.4653
7750001 20.5063
7760001 16.6919
7770001 23.9004
7780001 19.6171
7790001 20.0881
7800001 18.3687
7810001 21.9682
7820001 18.8632
7830001 18.0157
7840001 18.1016
7850001 17.4994
7860001 19.4059
7870001 22.7557
7880001 18.2105
7890001 18.0476
7900001 17.5344
7910001 18.9424
7920001 20.365
7930001 25.7407
7940001 20.4481
7950001 25.8377
7960001 21.3347
7970001 27.6582
7980001 18.9642
7990001 21.8214
8000001 21.4438
8010001 19.3751
8020001 23.0722
8030001 18.3384
8040001 21.054
8050001 21.0535
8060001 18.5802
8070001 21.6304
8080001 17.9747
8090001 19.1775
8100001 18.0896
8110001 17.2263
8120001 16.2402
8130001 16.9778
8140001 16.1278
8150001 16.8572
8160001 20.0172
8170001 16.6847
8180001 21.3508
8190001 16.2857
8200001 20.0869
8210001 20.7423
8220001 23.932
8230001 18.6749
8240001 19.2698
8250001 18.7905
8260001 18.7045
8270001 19.0879
8280001 17.5215
8290001 19.702
8300001 22.4167
8310001 18.6631
8320001 19.4152
8330001 18.0513
8340001 17.5391
8350001 25.6607
8360001 21.9107
8370001 19.3795
8380001 22.8008
8390001 22.9086
8400001 26.3898
8410001 22.4512
8420001 24.4276
8430001 20.5251
8440001 20.2836
8450001 23.6831
8460001 19.0508
8470001 21.3714
8480001 20.154
8490001 20.6005
8500001 18.0324
8510001 19.1848
8520001 21.4954
8530001 19.8753
8540001 18.4847
8550001 17.3237
8560001 17.1416
8570001 16.0143
8580001 16.3425
8590001 16.9159
8600001 16.8616
8610001 21.2665
8620001 16.7484
8630001 22.2057
8640001 17.0928
8650001 24.0545
8660001 19.8661
8670001 21.9915
8680001 17.075
8690001 25.0184
8700001 18.9727
8710001 18.6175
8720001 18.169
8730001 17.6398
8740001 19.1022
8750001 22.8566
8760001 18.2189
8770001 19.2222
8780001 18.2263
8790001 19.1518
8800001 25.1669
8810001 25.7329
8820001 21.0144
8830001 25.79
8840001 22.989
8850001 26.2551
8860001 19.5729
8870001 23.775
8880001 21.8148
8890001 19.4362
8900001 24.1113
8910001 18.9801
8920001 20.7964
8930001 21.123
8940001 20.338
8950001 22.4341
8960001 18.0928
8970001 21.1332
8980001 18.1084
8990001 17.7049
9000001 16.3091
9010001 17.0597
9020001 16.6315
9030001 16.8245
9040001 19.3316
9050001 16.6137
9060001 20.8553
9070001 16.4087
9080001 20.7036
9090001 16.72
9100001 23.9902
9110001 19.128
9120001 19.9869
9130001 18.3908
9140001 21.9019
9150001 18.9732
9160001 18.1475
9170001 19.7772
9180001 17.4687
9190001 19.3306
9200001 22.0388
9210001 18.0506
9220001 17.9845
9230001 21.9694
9240001 19.5436
9250001 17.5998
9260001 21.9556
9270001 22.8781
9280001 25.8258
9290001 21.6991
9300001 27.5983
9310001 18.7432
9320001 20.8423
9330001 21.0242
9340001 19.4314
9350001 22.221
9360001 18.3074
9370001 21.0136
9380001 21.2976
9390001 18.4974
9400001 21.474
9410001 19.5211
9420001 18.9875
9430001 17.9827
9440001 17.1734
9450001 16.2665
9460001 17.2661
9470001 15.9828
9480001 16.813
9490001 18.4148
9500001 16.7214
9510001 24.527
9520001 16.9277
9530001 18.7491
9540001 20.5111
9550001 23.3573
9560001 18.6789
9570001 19.2828
9580001 18.3042
9590001 18.3965
9600001 19.6082
9610001 17.4606
9620001 19.5829
9630001 22.4308
9640001 18.923
9650001 18.4686
9660001 17.2977
9670001 20.2927
9680001 25.6397
9690001 22.0481
9700001 19.6327
9710001 26.8978
9720001 22.8012
9730001 26.3788
9740001 22.223
9750001 23.9338
9760001 21.4623
9770001 19.8455
9780001 23.6809
9790001 18.8941
9800001 21.1376
9810001 20.0491
9820001 20.9066
9830001 18.1579
9840001 19.1076
9850001 21.4155
9860001 19.8854
9870001 17.8927
9880001 16.7677
9890001 17.0903
9900001 15.9067
9910001 17.9623
9920001 16.8526
9930001 16.7494
9940001 20.8688
9950001 16.5313
9960001 20.679
9970001 17.0811
9980001 24.087
9990001 19.9321
