1 30705.8
100001 1025.44
200001 633.114
300001 389.827
400001 305.033
500001 246.357
600001 191.931
700001 162.635
800001 136.089
900001 120.063
1000001 105.677
1100001 95.9389
1200001 90.1253
1300001 78.0691
1400001 71.5282
1500001 66.648
1600001 62.8118
1700001 59.4731
1800001 56.6025
1900001 57.0864
2000001 51.251
2100001 49.279
2200001 47.4761
2300001 46.0585
2400001 44.6725
2500001 43.194
2600001 45.2009
2700001 41.3622
2800001 40.7501
2900001 41.295
3000001 39.1771
3100001 38.962
3200001 37.8751
3300001 40.1173
3400001 36.7056
3500001 36.8623
3600001 35.8803
3700001 38.3461
3800001 35.8946
3900001 35.6778
4000001 38.1237
4100001 33.9542
4200001 33.9069
4300001 33.8464
4400001 33.4928
4500001 33.4017
4600001 33.0184
4700001 38.7681
4800001 32.2711
4900001 32.5183
5000001 32.4561
5100001 32.5731
5200001 32.3619
5300001 32.1384
5400001 47.4936
5500001 31.3464
5600001 34.2026
5700001 31.6309
5800001 31.6864
5900001 34.1084
6000001 30.9073
6100001 31.9398
6200001 30.6581
6300001 30.6376
6400001 31.5513
6500001 31.1362
6600001 34.1138
6700001 30.4531
6800001 30.4261
6900001 30.2967
7000001 29.9997
7100001 33.2886
7200001 32.2095
7300001 30.2532
7400001 29.9126
7500001 30.4688
7600001 29.6472
7700001 29.736
7800001 29.7989
7900001 29.6552
8000001 30.1004
8100001 29.7468
8200001 29.6517
8300001 29.752
8400001 29.3606
8500001 29.7135
8600001 29.3368
8700001 29.5343
8800001 30.4814
8900001 29.464
9000001 29.395
9100001 29.7155
9200001 29.6925
9300001 29.4128
9400001 29.7346
9500001 28.7329
9600001 29.8808
9700001 29.0369
9800001 29.1109
9900001 29.2499
10000001 29.0743
10100001 30.7124
10200001 28.4818
10300001 30.4727
10400001 29.0273
10500001 28.7287
10600001 28.9059
10700001 28.7225
10800001 30.975
10900001 28.3933
11000001 29.5223
11100001 28.8218
11200001 28.9314
11300001 30.5281
11400001 29.0758
11500001 32.2897
11600001 28.5824
11700001 28.4847
11800001 28.4874
11900001 29.0545
12000001 28.4212
12100001 28.5137
12200001 28.5101
12300001 28.6795
12400001 28.3993
12500001 29.3207
12600001 29.8743
12700001 32.8674
12800001 28.504
12900001 30.5211
13000001 28.4389
13100001 28.5066
13200001 31.6909
13300001 31.0135
13400001 28.4895
13500001 28.5957
13600001 28.032
13700001 28.0832
13800001 28.214
13900001 28.0568
14000001 28.1199
14100001 28.2628
14200001 28.56
14300001 28.9338
14400001 29.9838
14500001 28.4055
14600001 28.2682
14700001 28.1953
14800001 28.7036
14900001 27.9966
15000001 28.4551
15100001 28.3087
15200001 28.6045
15300001 28.7219
15400001 28.4288
15500001 28.6736
15600001 27.6639
15700001 30.9153
15800001 28.2405
15900001 28.2028
16000001 28.0419
16100001 28.8106
16200001 29.8513
16300001 30.9354
16400001 28.2506
16500001 28.1315
16600001 28.2651
16700001 27.9969
16800001 28.3137
16900001 29.2319
17000001 27.7075
17100001 30.638
17200001 28.1716
17300001 28.5602
17400001 29.9324
17500001 27.9827
17600001 27.7835
17700001 27.7324
17800001 28.0025
17900001 28.0193
18000001 28.3855
18100001 29.6433
18200001 28.266
18300001 27.7584
18400001 27.9032
18500001 27.8038
18600001 31.241
18700001 31.9907
18800001 30.7802
18900001 28.0952
19000001 28.0411
19100001 27.6103
19200001 27.8454
19300001 27.577
19400001 29.4248
19500001 28.3257
19600001 28.0482
19700001 27.8292
19800001 28.0316
19900001 27.8955
20000001 27.7917
20100001 27.6267
20200001 27.8298
20300001 27.8846
20400001 27.8805
20500001 29.4682
20600001 31.021
20700001 27.9222
20800001 27.7312
20900001 27.8
21000001 27.6482
21100001 28.3546
21200001 27.6468
21300001 31.1469
21400001 28.1023
21500001 28.4832
21600001 28.2619
21700001 27.4496
21800001 27.6505
21900001 27.9089
22000001 27.9264
22100001 27.5209
22200001 27.6515
22300001 29.1916
22400001 27.4847
22500001 27.804
22600001 27.8178
22700001 28.3249
22800001 27.8684
22900001 28.0374
23000001 28.238
23100001 27.503
23200001 30.9374
23300001 27.9953
23400001 28.9365
23500001 30.8303
23600001 27.5604
23700001 28.6574
23800001 27.4972
23900001 27.6329
24000001 28.4985
24100001 28.5548
24200001 31.3134
24300001 27.6829
24400001 27.761
24500001 27.82
24600001 27.5546
24700001 31.018
24800001 30.0708
24900001 27.7238
25000001 27.6067
25100001 27.714
25200001 27.5629
25300001 27.7654
25400001 27.7596
25500001 27.6631
25600001 27.8296
25700001 27.8499
25800001 27.9324
25900001 27.4208
26000001 27.6781
26100001 27.9092
26200001 27.6651
26300001 27.5129
26400001 29.086
26500001 27.9026
26600001 27.7548
26700001 28.1333
26800001 28.3183
26900001 28.0001
27000001 27.9009
27100001 27.3336
27200001 28.3627
27300001 27.457
27400001 27.9807
27500001 27.8186
27600001 27.8902
27700001 28.8064
27800001 27.3227
27900001 27.6423
28000001 28.1188
28100001 27.6318
28200001 27.59
28300001 27.466
28400001 28.3447
28500001 27.2875
28600001 28.4927
28700001 27.7324
28800001 27.9588
28900001 29.616
29000001 27.9965
29100001 27.5564
29200001 27.526
29300001 27.5382
29400001 27.6148
29500001 28.1984
29600001 27.6165
29700001 27.5467
29800001 27.5845
29900001 27.3979
30000001 27.5109
30100001 28.4681
30200001 29.1628
30300001 32.3428
30400001 27.5573
30500001 30.1039
30600001 27.6202
30700001 27.8478
30800001 30.9638
30900001 30.2429
31000001 27.6125
31100001 27.8559
31200001 27.2796
31300001 27.3274
31400001 27.5406
31500001 27.4947
31600001 27.6116
31700001 27.517
31800001 27.9896
31900001 28.0189
32000001 29.3894
32100001 27.8344
32200001 27.4842
32300001 27.6205
32400001 27.9304
32500001 27.3967
32600001 27.7984
32700001 27.79
32800001 28.0625
32900001 28.081
33000001 27.7965
33100001 27.8414
33200001 27.4858
33300001 30.4748
33400001 27.6464
33500001 27.6459
33600001 27.5202
33700001 28.1723
33800001 29.1196
33900001 30.4422
34000001 27.921
34100001 27.7661
34200001 27.8618
34300001 27.4465
34400001 27.5991
34500001 27.8964
34600001 27.3387
34700001 30.1631
34800001 27.6542
34900001 28.169
35000001 29.5226
35100001 27.5348
35200001 27.4063
35300001 27.3906
35400001 27.4853
35500001 27.536
35600001 28.0644
35700001 28.9552
35800001 27.8662
35900001 27.155
36000001 27.5086
36100001 27.4316
36200001 30.3907
36300001 31.7469
36400001 30.5677
36500001 27.6948
36600001 27.6806
36700001 27.4113
36800001 27.5802
36900001 27.4283
37000001 27.7986
37100001 27.9903
37200001 27.746
37300001 27.606
37400001 27.587
37500001 27.5875
37600001 27.4442
37700001 27.2888
37800001 30.4857
37900001 30.3627
38000001 27.8753
38100001 29.1405
38200001 27.5216
38300001 27.465
38400001 27.5307
38500001 27.3977
38600001 27.3536
38700001 28.1536
38800001 27.297
38900001 30.9753
39000001 27.9346
39100001 28.118
39200001 27.8796
39300001 27.094
39400001 27.2843
39500001 27.7144
39600001 27.5759
39700001 27.1904
39800001 27.3436
39900001 27.7077
40000001 27.0817
40100001 27.5413
40200001 27.5411
40300001 27.9388
40400001 27.5691
40500001 27.538
40600001 27.5358
40700001 27.3385
40800001 30.5811
40900001 27.6584
41000001 28.0463
41100001 30.4146
41200001 27.5186
41300001 27.554
41400001 27.2708
41500001 27.3673
41600001 27.7248
41700001 28.2363
41800001 31.4367
41900001 27.4893
42000001 27.6712
42100001 27.4771
42200001 27.3357
42300001 30.8112
42400001 29.9837
42500001 27.5773
42600001 27.4376
42700001 27.4517
42800001 27.3227
42900001 27.5403
43000001 27.4484
43100001 27.4672
43200001 27.6244
43300001 27.6081
43400001 27.8675
43500001 27.2843
43600001 27.5967
43700001 27.5827
43800001 27.5013
43900001 27.2831
44000001 28.9224
44100001 27.6767
44200001 27.4137
44300001 27.8922
44400001 28.1213
44500001 27.7285
44600001 27.659
44700001 27.1502
44800001 27.6941
44900001 27.2096
45000001 28.0133
45100001 27.6458
45200001 27.7507
45300001 28.427
45400001 27.2059
45500001 27.455
45600001 27.6932
45700001 27.5542
45800001 27.2736
45900001 27.231
46000001 27.846
46100001 27.0827
46200001 28.5042
46300001 27.7982
46400001 27.9955
46500001 27.9982
46600001 27.8227
46700001 27.093
46800001 27.216
46900001 30.3767
47000001 27.6118
47100001 28.0325
47200001 27.5203
47300001 27.4886
47400001 27.5103
47500001 27.3492
47600001 27.4576
47700001 28.432
47800001 28.1575
47900001 31.9807
48000001 27.3534
48100001 28.3457
48200001 27.5178
48300001 27.7455
48400001 30.908
48500001 30.1787
48600001 27.445
48700001 27.6266
48800001 27.1727
48900001 27.2046
49000001 27.4284
49100001 27.3423
49200001 27.3897
49300001 27.4715
49400001 27.575
49500001 27.6317
49600001 27.2573
49700001 27.6976
49800001 27.4015
49900001 27.3603
