1 31.336
10001 19.5468
20001 15.4563
30001 12.3609
40001 9.8046
50001 7.58608
60001 6.37976
70001 5.73952
80001 4.91337
90001 4.37404
100001 3.96941
110001 3.70471
120001 3.38893
130001 3.1231
140001 2.89121
150001 2.74336
160001 2.88401
170001 2.53829
180001 2.36997
190001 2.2918
200001 2.34466
210001 2.23343
220001 2.09557
230001 1.9267
240001 1.88441
250001 2.00049
260001 1.91119
270001 1.76808
280001 1.70916
290001 1.62158
300001 1.98396
310001 1.58686
320001 1.51338
330001 1.52955
340001 1.53169
350001 1.8359
360001 1.50048
370001 1.3715
380001 1.3498
390001 1.65258
400001 1.38858
410001 1.28437
420001 1.74955
430001 1.5913
440001 1.41076
450001 1.22858
460001 1.17366
470001 1.23954
480001 1.59324
490001 1.32033
500001 1.2269
510001 1.15077
520001 1.44389
530001 1.51457
540001 1.16748
550001 1.08223
560001 1.12999
570001 1.65337
580001 1.50534
590001 1.13126
600001 1.37135
610001 0.994093
620001 1.70082
630001 1.09336
640001 1.01482
650001 1.12251
660001 1.30374
670001 1.16682
680001 0.994051
690001 0.943137
700001 0.951631
710001 1.40781
720001 1.11833
730001 1.01297
740001 1.03533
750001 1.26997
760001 1.29317
770001 1.02264
780001 0.925555
790001 0.967042
800001 1.48967
810001 1.29176
820001 1.00447
830001 1.06215
840001 0.907945
850001 1.50227
860001 0.983876
870001 0.894853
880001 0.948279
890001 1.09551
900001 1.02882
910001 0.922652
920001 0.848051
930001 0.899771
940001 1.30086
950001 1.02516
960001 0.913836
970001 0.966677
980001 1.13612
990001 1.1458
1000001 1.03853
1010001 0.855817
1020001 0.904371
1030001 1.17612
1040001 1.08549
1050001 0.960822
1060001 0.939964
1070001 0.859464
1080001 1.36626
1090001 0.922112
1100001 0.858875
1110001 0.93169
1120001 0.991349
1130001 1.34304
1140001 1.00184
1150001 0.856035
1160001 0.8616
1170001 1.21801
1180001 0.964169
1190001 0.856908
1200001 1.42224
1210001 1.25587
1220001 1.08305
1230001 0.872765
1240001 0.822203
1250001 0.932204
1260001 1.31088
1270001 1.04536
1280001 0.95655
1290001 0.874362
1300001 1.19043
1310001 1.3116
1320001 0.931814
1330001 0.845756
1340001 0.923139
1350001 1.49581
1360001 1.33006
1370001 0.945007
1380001 1.18731
1390001 0.804735
1400001 1.56411
1410001 0.93266
1420001 0.85473
1430001 0.976183
1440001 1.1696
1450001 1.03842
1460001 0.854797
1470001 0.805368
1480001 0.822973
1490001 1.29621
1500001 1.009
1510001 0.905306
1520001 0.930402
1530001 1.16864
1540001 1.20809
1550001 0.927656
1560001 0.829234
1570001 0.885107
1580001 1.42383
1590001 1.22186
1600001 0.928789
1610001 0.992476
1620001 0.834072
1630001 1.44561
1640001 0.91939
1650001 0.829239
1660001 0.889444
1670001 1.04088
1680001 1.35513
1690001 0.870789
1700001 0.793136
1710001 0.850955
1720001 1.2545
1730001 0.981257
1740001 0.870516
1750001 0.925353
1760001 1.09809
1770001 1.11022
1780001 1.0023
1790001 0.818595
1800001 0.874445
1810001 1.15015
1820001 1.05708
1830001 0.933897
1840001 0.86787
1850001 0.832041
1860001 1.33968
1870001 0.898097
1880001 0.834175
1890001 0.910547
1900001 0.976898
1910001 1.32427
1920001 0.985386
1930001 0.837109
1940001 0.844963
1950001 1.20044
1960001 0.948721
1970001 0.842426
1980001 1.41503
1990001 1.24752
2000001 1.07136
2010001 0.860801
2020001 0.811063
2030001 0.925051
2040001 1.30064
2050001 1.03649
2060001 0.949401
2070001 0.866601
2080001 1.18316
2090001 1.30442
2100001 0.925106
2110001 0.839913
2120001 0.921045
2130001 1.49467
2140001 1.32595
2150001 0.935114
2160001 1.18385
2170001 0.802118
2180001 1.56146
2190001 0.957695
2200001 0.853071
2210001 0.975349
2220001 1.16842
2230001 1.03623
2240001 0.853946
2250001 0.805341
2260001 0.823933
2270001 1.29497
2280001 1.01016
2290001 0.90651
2300001 0.931144
2310001 1.17005
2320001 1.2078
2330001 0.928402
2340001 0.831259
2350001 0.888965
2360001 1.42697
2370001 1.2246
2380001 0.931609
2390001 0.995445
2400001 0.837321
2410001 1.44669
2420001 0.9224
2430001 0.833092
2440001 0.89311
2450001 1.0452
2460001 1.35669
2470001 0.875278
2480001 0.797939
2490001 0.855821
2500001 1.25705
2510001 0.98506
2520001 0.875461
2530001 0.929771
2540001 1.10287
2550001 1.11338
2560001 1.00584
2570001 0.823752
2580001 0.880761
2590001 1.15427
2600001 1.06191
2610001 0.93942
2620001 0.873544
2630001 0.837798
2640001 1.34242
2650001 0.902792
2660001 0.840074
2670001 0.916192
2680001 0.983883
2690001 1.3288
2700001 0.991302
2710001 0.850049
2720001 0.851228
2730001 1.205
2740001 0.954202
2750001 0.840415
2760001 1.42171
2770001 1.25287
2780001 1.07597
2790001 0.866843
2800001 0.817747
2810001 0.931916
2820001 1.30482
2830001 1.0414
2840001 0.955591
2850001 0.872818
2860001 1.18833
2870001 1.30831
2880001 0.930792
2890001 0.846314
2900001 0.928001
2910001 1.50011
2920001 1.33152
2930001 0.941265
2940001 1.18938
2950001 0.809153
2960001 1.56638
2970001 0.963339
2980001 0.858663
2990001 0.981376
3000001 1.17458
3010001 1.04031
3020001 0.860184
3030001 0.812169
3040001 0.830817
3050001 1.29979
3060001 1.01565
3070001 0.912395
3080001 0.937073
3090001 1.19197
3100001 1.21195
3110001 0.933968
3120001 0.837535
3130001 0.895657
3140001 1.43229
3150001 1.23016
3160001 0.930605
3170001 1.00219
3180001 0.843587
3190001 1.45062
3200001 0.927756
3210001 0.839397
3220001 0.899257
3230001 1.05119
3240001 1.36108
3250001 0.8813
3260001 0.804471
3270001 0.861983
3280001 1.26189
3290001 0.990383
3300001 0.881313
3310001 0.9354
3320001 1.11523
3330001 1.11781
3340001 1.01066
3350001 0.829806
3360001 0.886962
3370001 1.15887
3380001 1.06696
3390001 0.944957
3400001 0.87939
3410001 0.843608
3420001 1.33217
3430001 0.908172
3440001 0.845745
3450001 0.921912
3460001 0.989638
3470001 1.33341
3480001 0.996567
3490001 0.855882
3500001 0.856919
3510001 1.24154
3520001 0.959236
3530001 0.846
3540001 1.42511
3550001 1.2575
3560001 1.0802
3570001 0.872084
3580001 0.82337
3590001 0.937347
3600001 1.30909
3610001 1.04599
3620001 0.96048
3630001 0.87817
3640001 1.1933
3650001 1.32044
3660001 0.935422
3670001 0.85146
3680001 0.921492
3690001 1.50412
3700001 1.34565
3710001 0.946092
3720001 1.19458
3730001 0.822658
3740001 1.56958
3750001 0.967771
3760001 0.863652
3770001 0.986137
3780001 1.1789
3790001 1.04422
3800001 0.86498
3810001 0.817061
3820001 0.835906
3830001 1.30938
3840001 1.01988
3850001 0.91704
3860001 0.94158
3870001 1.19625
3880001 1.21526
3890001 0.938173
3900001 0.842226
3910001 0.9004
3920001 1.43625
3930001 1.15211
3940001 0.935041
3950001 1.00038
3960001 0.848122
3970001 1.45342
3980001 0.931872
3990001 0.843924
4000001 0.903678
4010001 1.05552
4020001 1.3646
4030001 0.884497
4040001 0.809119
4050001 0.866353
4060001 1.26546
4070001 0.994197
4080001 0.885586
4090001 0.939192
4100001 1.11928
4110001 1.12101
4120001 1.014
4130001 0.834013
4140001 0.891087
4150001 1.15708
4160001 1.0705
4170001 0.948825
4180001 0.883555
4190001 0.847732
4200001 1.33496
4210001 0.911996
4220001 0.849837
4230001 0.925862
4240001 0.993556
4250001 1.33608
4260001 1.00017
4270001 0.859899
4280001 0.860925
4290001 1.24478
4300001 0.962585
4310001 0.849875
4320001 1.42854
4330001 1.26075
4340001 1.08317
4350001 0.878708
4360001 0.827323
4370001 0.941058
4380001 1.31211
4390001 1.04924
4400001 0.96384
4410001 0.881872
4420001 1.19681
4430001 1.32289
4440001 0.9386
4450001 0.855131
4460001 0.925098
4470001 1.50643
4480001 1.34873
4490001 0.949441
4500001 1.19799
4510001 0.826424
4520001 1.57191
4530001 0.970914
4540001 0.867139
4550001 0.989449
4560001 1.18202
4570001 1.047
4580001 0.868389
4590001 0.820239
4600001 0.839477
4610001 1.31211
4620001 1.02286
4630001 0.920167
4640001 0.944745
4650001 1.19948
4660001 1.2176
4670001 0.941187
4680001 0.84555
4690001 0.903537
4700001 1.43905
4710001 1.15479
4720001 0.938027
4730001 0.955834
4740001 0.851354
4750001 1.45548
4760001 0.934842
4770001 0.847185
4780001 0.906787
4790001 1.05861
4800001 1.36714
4810001 0.887503
4820001 0.812124
4830001 0.869496
4840001 1.26807
4850001 0.996949
4860001 0.888525
4870001 0.94207
4880001 1.12135
4890001 1.12334
4900001 1.01655
4910001 0.83709
4920001 0.894112
4930001 1.15949
4940001 1.07321
4950001 0.9512
4960001 0.886495
4970001 0.850622
4980001 1.337
4990001 0.914583
5000001 0.85237
5010001 0.92869
5020001 0.996355
5030001 1.33848
5040001 1.00278
5050001 0.86277
5060001 0.828549
5070001 1.24716
5080001 0.965143
5090001 0.852061
5100001 1.431
5110001 1.26312
5120001 1.08533
5130001 0.88135
5140001 0.830167
5150001 0.94308
5160001 1.31437
5170001 1.05015
5180001 0.966386
5190001 0.88105
5200001 1.19933
5210001 1.32462
5220001 0.941003
5230001 0.85781
5240001 0.927676
5250001 1.50843
5260001 1.35092
5270001 0.951876
5280001 1.2005
5290001 0.829141
5300001 1.57362
5310001 0.973293
5320001 0.869663
5330001 0.991864
5340001 1.18432
5350001 1.04899
5360001 0.870846
5370001 0.822863
5380001 0.842073
5390001 1.31413
5400001 1.02506
5410001 0.922718
5420001 0.947043
5430001 1.20221
5440001 1.21935
5450001 0.943401
5460001 0.848018
5470001 0.905952
5480001 1.44109
5490001 1.15691
5500001 0.939798
5510001 0.958163
5520001 0.853736
5530001 1.45708
5540001 0.93482
5550001 0.850094
5560001 0.909027
5570001 1.06089
5580001 1.36905
5590001 0.889763
5600001 0.814555
5610001 0.871838
5620001 1.27006
5630001 0.994433
5640001 0.890687
5650001 0.944244
5660001 1.12355
5670001 1.12498
5680001 0.967387
5690001 0.844022
5700001 0.896341
5710001 1.16133
5720001 1.07524
5730001 0.953223
5740001 0.888718
5750001 0.85275
5760001 1.33856
5770001 0.916554
5780001 0.854581
5790001 0.937883
5800001 0.998429
5810001 1.34024
5820001 1.00474
5830001 0.864942
5840001 0.830805
5850001 1.24895
5860001 0.967206
5870001 0.854155
5880001 1.43285
5890001 1.26494
5900001 1.08696
5910001 0.883348
5920001 0.83341
5930001 0.94513
5940001 1.31603
5950001 1.05196
5960001 0.968228
5970001 0.883072
5980001 1.20133
5990001 1.32599
6000001 0.942874
6010001 0.859716
6020001 0.925858
6030001 1.50993
6040001 1.35269
6050001 0.953708
6060001 1.20232
6070001 0.831178
6080001 1.5749
6090001 0.97479
6100001 0.871626
6110001 0.993705
6120001 1.16227
6130001 1.05054
6140001 0.872769
6150001 0.824853
6160001 0.844037
6170001 1.31569
6180001 1.02676
6190001 0.924586
6200001 0.948885
6210001 1.20404
6220001 1.22068
6230001 0.944921
6240001 0.849934
6250001 0.90782
6260001 1.44272
6270001 1.15866
6280001 0.941551
6290001 0.959733
6300001 0.855518
6310001 1.45821
6320001 0.935786
6330001 0.851948
6340001 0.910754
6350001 1.06053
6360001 1.36773
6370001 0.891526
6380001 0.816653
6390001 0.873667
6400001 1.2716
6410001 0.995872
6420001 0.892433
6430001 0.945966
6440001 1.12527
6450001 1.12618
6460001 0.968961
6470001 0.845435
6480001 0.897956
6490001 1.16279
6500001 1.07888
6510001 0.954757
6520001 0.888678
6530001 0.854475
6540001 1.33978
6550001 0.918151
6560001 0.856298
6570001 0.939267
6580001 1.00009
6590001 1.33144
6600001 1.00627
6610001 0.822726
6620001 0.832546
6630001 1.2504
6640001 0.968763
6650001 0.855697
6660001 1.43429
6670001 1.26638
6680001 1.08822
6690001 0.884862
6700001 0.835056
6710001 0.946682
6720001 1.31743
6730001 1.05339
6740001 0.969422
6750001 0.884449
6760001 1.20294
6770001 1.32704
6780001 0.944253
6790001 0.85844
6800001 0.927414
6810001 1.51107
6820001 1.35394
6830001 0.955064
6840001 1.20385
6850001 0.832835
6860001 1.57591
6870001 0.956143
6880001 0.874921
6890001 0.995158
6900001 1.16377
6910001 1.05153
6920001 0.874252
6930001 0.826486
6940001 0.883382
6950001 1.31678
6960001 1.02816
6970001 0.926058
6980001 0.950368
6990001 1.20554
7000001 1.22164
7010001 0.94632
7020001 0.851365
7030001 0.90931
7040001 1.44367
7050001 1.15998
7060001 0.942979
7070001 0.961184
7080001 0.857031
7090001 1.45895
7100001 0.937235
7110001 0.853466
7120001 0.912191
7130001 1.062
7140001 1.36841
7150001 0.892956
7160001 0.818194
7170001 0.875147
7180001 1.27286
7190001 0.996901
7200001 0.89388
7210001 0.947358
7220001 1.12613
7230001 1.12701
7240001 0.97021
7250001 0.846894
7260001 0.899309
7270001 1.14963
7280001 1.0802
7290001 0.955984
7300001 0.890073
7310001 0.855213
7320001 1.34076
7330001 0.919099
7340001 0.857786
7350001 0.940568
7360001 1.00145
7370001 1.3326
7380001 1.00749
7390001 0.824179
7400001 0.833993
7410001 1.25153
7420001 0.969693
7430001 0.857029
7440001 1.02876
7450001 1.26758
7460001 1.0893
7470001 0.886123
7480001 0.836461
7490001 0.947957
7500001 1.31858
7510001 1.05456
7520001 0.970685
7530001 0.885734
7540001 1.20428
7550001 1.32793
7560001 0.945456
7570001 0.859837
7580001 0.924202
7590001 1.45362
7600001 1.35461
7610001 0.956147
7620001 1.20486
7630001 0.834207
7640001 1.56525
7650001 0.95735
7660001 0.876191
7670001 0.996367
7680001 1.16501
7690001 1.05256
7700001 0.875435
7710001 0.827798
7720001 0.884673
7730001 1.31784
7740001 1.02918
7750001 0.927237
7760001 0.951605
7770001 1.20679
7780001 1.22256
7790001 0.947353
7800001 0.852656
7810001 0.910532
7820001 1.44482
7830001 1.16089
7840001 0.944162
7850001 0.962389
7860001 0.858286
7870001 1.4598
7880001 0.938325
7890001 0.854735
7900001 0.913372
7910001 1.06322
7920001 1.36942
7930001 0.89415
7940001 0.819473
7950001 0.876401
7960001 1.27367
7970001 0.998008
7980001 0.895054
7990001 0.948552
8000001 1.12698
8010001 1.12498
8020001 0.971166
8030001 0.84809
8040001 0.900503
8050001 1.15054
8060001 1.08129
8070001 0.957071
8080001 0.891273
8090001 0.856391
8100001 1.34154
8110001 0.916917
8120001 0.85899
8130001 0.940601
8140001 1.00264
8150001 1.33358
8160001 1.00857
8170001 0.825404
8180001 0.835155
8190001 1.26116
8200001 0.970746
8210001 0.858193
8220001 1.11121
8230001 1.2685
8240001 1.08999
8250001 0.887176
8260001 0.837636
8270001 0.949031
8280001 1.31955
8290001 1.05543
8300001 0.971728
8310001 0.886878
8320001 1.20541
8330001 1.32866
8340001 0.945834
8350001 0.860944
8360001 0.925275
8370001 1.45455
8380001 1.35557
8390001 0.95688
8400001 1.20593
8410001 0.83539
8420001 1.56596
8430001 0.958326
8440001 0.877258
8450001 0.997211
8460001 1.16597
8470001 1.05343
8480001 0.876539
8490001 0.828936
8500001 0.885766
8510001 1.31874
8520001 1.03012
8530001 0.928294
8540001 0.952725
8550001 1.22084
8560001 1.22325
8570001 0.948301
8580001 0.853771
8590001 0.911526
8600001 1.44576
8610001 1.1616
8620001 0.945156
8630001 0.963268
8640001 0.859301
8650001 1.46051
8660001 0.939284
8670001 0.855827
8680001 0.91421
8690001 1.06429
8700001 1.37027
8710001 0.895131
8720001 0.820569
8730001 0.877473
8740001 1.27457
8750001 0.99897
8760001 0.896073
8770001 0.94953
8780001 1.12802
8790001 1.12578
8800001 0.97197
8810001 0.848802
8820001 0.901237
8830001 1.15143
8840001 1.08224
8850001 0.958031
8860001 0.892248
8870001 0.85738
8880001 1.34226
8890001 0.917889
8900001 0.859872
8910001 0.941563
8920001 1.00342
8930001 1.33444
8940001 1.0095
8950001 0.826477
8960001 0.835942
8970001 1.26181
8980001 0.971617
8990001 0.859201
9000001 1.08979
9010001 1.26897
9020001 1.09077
9030001 0.888135
9040001 0.838727
9050001 0.949926
9060001 1.32037
9070001 1.05631
9080001 0.971113
9090001 0.888077
9100001 1.20639
9110001 1.32415
9120001 0.946713
9130001 0.861919
9140001 0.926222
9150001 1.45514
9160001 1.35633
9170001 0.954216
9180001 1.20683
9190001 0.836386
9200001 1.56649
9210001 0.958997
9220001 0.878224
9230001 0.998463
9240001 1.16684
9250001 1.0542
9260001 0.877486
9270001 0.830301
9280001 0.886606
9290001 1.32145
9300001 1.03098
9310001 0.926844
9320001 0.953672
9330001 1.2142
9340001 1.22391
9350001 0.949012
9360001 0.854973
9370001 0.912398
9380001 1.44662
9390001 1.16242
9400001 0.946043
9410001 0.964183
9420001 0.860114
9430001 1.46114
9440001 0.939914
9450001 0.856764
9460001 0.915076
9470001 1.06522
9480001 1.37035
9490001 0.896009
9500001 0.821527
9510001 0.878408
9520001 1.2745
9530001 0.999806
9540001 0.896984
9550001 0.950431
9560001 1.12893
9570001 1.12646
9580001 0.981035
9590001 0.849721
9600001 0.902089
9610001 1.15208
9620001 1.0832
9630001 0.958869
9640001 0.893148
9650001 0.858286
9660001 1.34284
9670001 0.918639
9680001 0.860765
9690001 0.942897
9700001 1.00503
9710001 1.33517
9720001 1.01035
9730001 0.827397
9740001 0.836853
9750001 1.26253
9760001 0.972454
9770001 0.860101
9780001 1.09057
9790001 1.26962
9800001 1.09144
9810001 0.888981
9820001 0.839635
9830001 0.94279
9840001 1.32109
9850001 1.0571
9860001 0.97192
9870001 0.88895
9880001 1.20726
9890001 1.3056
9900001 0.94736
9910001 0.86347
9920001 0.926696
9930001 1.45586
9940001 1.35481
9950001 0.955008
9960001 1.20765
9970001 0.837173
9980001 1.56703
9990001 0.959784
10000001 0.879085
10010001 0.996882
10020001 1.16764
10030001 1.05489
10040001 0.878325
10050001 0.831187
10060001 0.887277
10070001 1.31738
10080001 1.0317
10090001 0.926032
10100001 0.95451
10110001 1.21504
10120001 1.22449
10130001 0.949772
10140001 0.855696
10150001 0.913007
10160001 1.44733
10170001 1.16261
10180001 0.946833
10190001 0.965
10200001 0.860942
10210001 1.46153
10220001 0.940668
10230001 0.856848
10240001 0.915876
10250001 1.066
10260001 1.371
10270001 0.896812
10280001 0.8224
10290001 0.879195
10300001 1.27521
10310001 1.00057
10320001 0.897751
10330001 0.951506
10340001 1.12973
10350001 1.12707
10360001 0.981673
10370001 0.850298
10380001 0.902838
10390001 1.15277
10400001 1.08379
10410001 0.959617
10420001 0.893942
10430001 0.858936
10440001 1.29401
10450001 0.919408
10460001 0.861493
10470001 0.943627
10480001 1.0058
10490001 1.33581
10500001 1.01103
10510001 0.828218
10520001 0.837685
10530001 1.26256
10540001 0.972895
10550001 0.860833
10560001 1.09102
10570001 1.27026
10580001 1.09201
10590001 0.889737
10600001 0.840538
10610001 0.943503
10620001 1.32176
10630001 1.05777
10640001 0.948158
10650001 0.88969
10660001 1.20805
10670001 1.30604
10680001 0.948014
10690001 0.864066
10700001 0.927435
10710001 1.45651
10720001 1.35544
10730001 0.955814
10740001 1.20837
10750001 0.837971
10760001 1.68158
10770001 0.954705
10780001 0.879804
10790001 0.997552
10800001 1.16837
10810001 1.05481
10820001 0.879076
10830001 0.831948
10840001 0.886798
10850001 1.31799
10860001 1.0323
10870001 0.926608
10880001 0.955253
10890001 1.2158
10900001 1.22502
10910001 0.950459
10920001 0.85645
10930001 0.913682
10940001 1.44798
10950001 1.16327
10960001 0.947541
10970001 0.965706
10980001 0.861651
10990001 1.46174
11000001 0.941248
11010001 0.857595
11020001 0.916604
11030001 1.06673
11040001 1.37159
11050001 0.897521
11060001 0.823171
11070001 0.879908
11080001 1.27579
11090001 1.00126
11100001 0.898375
11110001 0.952233
11120001 1.12776
11130001 1.12407
11140001 0.982211
11150001 0.851039
11160001 0.903526
11170001 1.15337
11180001 1.08254
11190001 0.969898
11200001 0.894641
11210001 0.859593
11220001 1.29453
11230001 0.920086
11240001 0.862052
11250001 0.944293
11260001 1.03877
11270001 1.3362
11280001 1.01167
11290001 0.833429
11300001 0.838385
11310001 1.26314
11320001 0.973555
11330001 0.861537
11340001 1.09169
11350001 1.27086
11360001 1.09251
11370001 0.890395
11380001 0.84089
11390001 0.944136
11400001 1.32229
11410001 1.05813
11420001 0.948744
11430001 0.890376
11440001 1.20874
11450001 1.30622
11460001 0.950022
11470001 0.864773
11480001 0.927648
11490001 1.45655
11500001 1.35597
11510001 0.956439
11520001 1.20897
11530001 0.838647
11540001 1.6792
11550001 0.955318
11560001 0.880497
11570001 0.998212
11580001 1.16906
11590001 1.0551
11600001 0.879754
11610001 0.832644
11620001 0.887187
11630001 1.31854
11640001 1.03252
11650001 0.927218
11660001 0.955895
11670001 1.21647
11680001 1.22549
11690001 0.951377
11700001 0.857095
11710001 0.914214
11720001 1.44859
11730001 1.1437
11740001 0.948186
11750001 0.965448
11760001 0.862307
11770001 1.46218
11780001 0.941143
11790001 0.857537
11800001 0.91724
11810001 1.06687
11820001 1.37211
11830001 0.898127
11840001 0.823862
11850001 0.880566
11860001 1.27639
11870001 1.00165
11880001 0.898955
11890001 0.952891
11900001 1.12842
11910001 1.1244
11920001 0.9828
11930001 0.851707
11940001 0.904076
11950001 1.15392
11960001 1.0831
11970001 0.970447
11980001 0.895308
11990001 0.834986
12000001 1.29499
12010001 0.920662
12020001 0.86268
12030001 0.944908
12040001 1.03836
12050001 1.33671
12060001 1.01226
12070001 0.834111
12080001 0.838875
12090001 1.26336
12100001 0.974037
12110001 0.862193
12120001 1.09223
12130001 1.27144
12140001 1.09307
12150001 0.891021
12160001 0.841551
12170001 0.944688
12180001 1.32278
12190001 1.05869
12200001 0.949352
12210001 0.891023
12220001 1.20938
12230001 1.30659
12240001 0.950499
12250001 0.865398
12260001 0.928265
12270001 1.39942
12280001 1.35649
12290001 0.957036
12300001 1.20949
12310001 0.839253
12320001 1.67954
12330001 0.955854
12340001 0.881073
12350001 0.998775
12360001 1.16964
12370001 1.04322
12380001 0.880368
12390001 0.833058
12400001 0.887821
12410001 1.31904
12420001 1.03306
12430001 0.92771
12440001 0.956385
12450001 1.21708
12460001 1.22579
12470001 0.951917
12480001 0.857729
12490001 0.914824
12500001 1.44914
12510001 1.14421
12520001 0.948761
12530001 0.966041
12540001 0.862872
12550001 1.46259
12560001 0.940846
12570001 0.858148
12580001 0.917834
12590001 1.06576
12600001 1.3726
12610001 0.89865
12620001 0.82451
12630001 0.880919
12640001 1.27682
12650001 1.00212
12660001 0.899495
12670001 0.953491
12680001 1.12904
12690001 1.12486
12700001 0.983333
12710001 0.852327
12720001 0.963609
12730001 1.15406
12740001 1.08344
12750001 0.970908
12760001 0.895896
12770001 0.835615
12780001 1.29528
12790001 0.921236
12800001 0.86469
12810001 0.945425
12820001 1.03892
12830001 1.337
12840001 1.0128
12850001 0.834748
12860001 0.839491
12870001 1.26378
12880001 0.970241
12890001 0.86266
12900001 1.09275
12910001 1.27199
12920001 1.09353
12930001 0.891506
12940001 0.842162
12950001 0.94502
12960001 1.32067
12970001 1.05962
12980001 0.949903
12990001 0.891614
13000001 1.20995
13010001 1.30662
13020001 0.951016
13030001 0.865989
13040001 0.928842
13050001 1.37848
13060001 1.35698
13070001 0.957562
13080001 1.21004
13090001 0.839799
13100001 1.65354
13110001 0.956337
13120001 0.881648
13130001 0.999033
13140001 1.17022
13150001 1.04385
13160001 0.880926
13170001 0.833652
13180001 0.88835
13190001 1.31939
13200001 1.03357
13210001 0.92769
13220001 0.956905
13230001 1.21762
13240001 1.22616
13250001 0.952427
13260001 0.858115
13270001 0.915386
13280001 1.4495
13290001 1.1447
13300001 0.949326
13310001 0.966577
13320001 0.863407
13330001 1.46295
13340001 0.941309
13350001 0.858713
13360001 0.918353
13370001 1.06623
13380001 1.37296
13390001 0.899108
13400001 0.825107
13410001 0.8815
13420001 1.27729
13430001 1.00261
13440001 0.900039
13450001 0.954034
13460001 1.117
13470001 1.12526
13480001 0.983774
13490001 0.852903
13500001 0.964123
13510001 1.15448
13520001 1.08395
13530001 0.971406
13540001 0.896433
13550001 0.835878
13560001 1.29567
13570001 0.921764
13580001 0.865215
13590001 0.945794
13600001 1.04034
13610001 1.33906
13620001 1.01331
13630001 0.835324
13640001 0.840056
13650001 1.26422
13660001 0.970584
13670001 0.86304
13680001 1.09323
13690001 1.27396
13700001 1.0939
13710001 0.891947
13720001 0.842703
13730001 0.945534
13740001 1.31801
13750001 1.05998
13760001 0.94913
13770001 0.892155
13780001 1.2105
13790001 1.30693
13800001 0.95148
13810001 0.866478
13820001 0.927906
13830001 1.26897
13840001 1.35658
13850001 0.958095
13860001 1.21051
13870001 0.83908
13880001 1.65386
13890001 0.955806
13900001 0.882131
13910001 0.999123
13920001 1.16667
13930001 1.04458
13940001 0.881428
13950001 0.834028
13960001 0.888872
13970001 1.31979
13980001 1.03401
13990001 0.928202
14000001 0.95743
14010001 1.21813
14020001 1.21684
14030001 0.952778
14040001 0.858381
14050001 0.915892
14060001 1.44997
14070001 1.1451
14080001 0.934901
14090001 0.96705
14100001 0.863964
14110001 1.4501
14120001 0.940591
14130001 0.880346
14140001 0.918021
14150001 1.06677
14160001 1.37329
14170001 0.899573
14180001 0.825594
14190001 0.881993
14200001 1.27765
14210001 1.00335
14220001 0.900526
14230001 0.95452
14240001 1.11751
14250001 1.12562
14260001 0.984159
14270001 0.853404
14280001 0.964539
14290001 1.15489
14300001 1.08433
14310001 0.971646
14320001 0.896861
14330001 0.836408
14340001 1.29593
14350001 0.922248
14360001 0.865736
14370001 0.946272
14380001 1.04077
14390001 1.33938
14400001 1.01375
14410001 0.83586
14420001 0.840553
14430001 1.26463
14440001 0.971051
14450001 0.863491
14460001 1.09364
14470001 1.27429
14480001 1.09423
14490001 0.892432
14500001 0.843504
14510001 0.945989
14520001 1.31846
14530001 1.06042
14540001 0.949606
14550001 0.892656
14560001 1.21099
14570001 1.30727
14580001 0.951919
14590001 0.866947
14600001 0.928384
14610001 1.2694
14620001 1.35689
14630001 0.958543
14640001 1.21098
14650001 0.839587
14660001 1.6542
14670001 0.956227
14680001 0.882602
14690001 0.999591
14700001 1.16716
14710001 1.04448
14720001 0.88184
14730001 0.834586
14740001 0.889335
14750001 1.32014
14760001 1.03425
14770001 0.928649
14780001 0.957918
14790001 1.21862
14800001 1.21661
14810001 0.953052
14820001 0.857813
14830001 0.916353
14840001 1.45021
14850001 1.14547
14860001 0.935358
14870001 0.967513
14880001 0.86433
14890001 1.4504
14900001 0.94104
14910001 0.880819
14920001 0.918523
14930001 1.06714
14940001 1.37349
14950001 0.900021
14960001 0.826097
14970001 0.882477
14980001 1.27799
14990001 1.00359
15000001 0.90099
15010001 0.954849
15020001 1.1175
15030001 1.0947
15040001 0.984562
15050001 0.853891
15060001 0.964903
15070001 1.1553
15080001 1.08477
15090001 0.972113
15100001 0.897303
15110001 0.857365
15120001 1.29627
15130001 0.922654
15140001 0.8662
15150001 0.946713
15160001 1.04122
15170001 1.33978
15180001 1.01414
15190001 0.836348
15200001 0.841009
15210001 1.26502
15220001 0.971486
15230001 0.863899
15240001 1.09378
15250001 1.27468
15260001 1.09431
15270001 0.892855
15280001 0.843909
15290001 0.946326
15300001 1.30372
15310001 1.05954
15320001 0.949992
15330001 0.893111
15340001 1.21145
15350001 1.30752
15360001 0.952342
15370001 0.867404
15380001 0.928837
15390001 1.26773
15400001 1.35531
15410001 0.958978
15420001 1.21151
15430001 0.840057
15440001 1.65345
15450001 0.956693
15460001 0.881583
15470001 1.00009
15480001 1.1676
15490001 1.04488
15500001 0.882281
15510001 0.835004
15520001 0.889784
15530001 1.3205
15540001 1.03464
15550001 0.929056
15560001 0.958355
15570001 1.21905
15580001 1.21693
15590001 0.953414
15600001 0.858233
15610001 0.916736
15620001 1.45053
15630001 1.14568
15640001 0.93568
15650001 0.954343
15660001 0.864644
15670001 1.4507
15680001 0.940825
15690001 0.914778
15700001 0.91895
15710001 1.06757
15720001 1.37405
15730001 0.900216
15740001 0.826545
15750001 0.882892
15760001 1.27827
15770001 1.0037
15780001 0.901408
15790001 0.955248
15800001 1.11791
15810001 1.09504
15820001 0.98439
15830001 0.854221
15840001 0.965253
15850001 1.15565
15860001 1.08514
15870001 0.97752
15880001 0.897774
15890001 0.857808
15900001 1.29657
15910001 0.922046
15920001 0.866604
15930001 0.947131
15940001 1.04164
15950001 1.33981
15960001 1.01452
15970001 0.836796
15980001 0.841372
15990001 1.26538
16000001 0.971803
16010001 0.864325
16020001 1.09781
16030001 1.27508
16040001 1.09459
16050001 0.893274
16060001 0.844318
16070001 0.946488
16080001 1.30376
16090001 1.05991
16100001 0.950391
16110001 0.893424
16120001 1.21189
16130001 1.30089
16140001 0.952722
16150001 0.867841
16160001 0.929194
16170001 1.26725
16180001 1.35508
16190001 0.958817
16200001 1.21191
16210001 0.840501
16220001 1.65345
16230001 0.957004
16240001 0.881991
16250001 1.00047
16260001 1.16803
16270001 1.04519
16280001 0.882689
16290001 0.835422
16300001 0.890218
16310001 1.32082
16320001 1.03495
16330001 0.910201
16340001 0.958773
16350001 1.21946
16360001 1.21722
16370001 1.0091
16380001 0.858654
16390001 0.916676
16400001 1.45066
16410001 1.14605
16420001 0.936066
16430001 0.954749
16440001 0.865036
16450001 1.45096
16460001 0.941162
16470001 0.915037
16480001 0.918888
16490001 1.06796
16500001 1.3744
16510001 0.900588
16520001 0.826706
16530001 0.883303
16540001 1.27855
16550001 1.00406
16560001 0.901809
16570001 0.955647
16580001 1.11804
16590001 1.09502
16600001 0.984674
16610001 0.854614
16620001 0.964939
16630001 1.15589
16640001 1.08552
16650001 0.977771
16660001 0.898179
16670001 0.858218
16680001 1.29684
16690001 0.92243
16700001 0.867007
16710001 0.946969
16720001 1.042
16730001 1.34013
16740001 1.01494
16750001 0.837207
16760001 0.841793
16770001 1.26569
16780001 0.972065
16790001 0.864702
16800001 1.09674
16810001 1.27546
16820001 1.09488
16830001 0.893656
16840001 0.844717
16850001 0.946794
16860001 1.3041
16870001 1.06016
16880001 0.950966
16890001 0.893788
16900001 1.1994
16910001 1.30115
16920001 0.953093
16930001 0.868219
16940001 0.929431
16950001 1.2673
16960001 1.35541
16970001 0.959664
16980001 1.21228
16990001 0.840893
17000001 1.65368
17010001 0.957375
17020001 0.882383
17030001 1.00084
17040001 1.16839
17050001 1.0455
17060001 0.883019
17070001 0.835844
17080001 0.89061
17090001 1.3211
17100001 1.03691
17110001 0.90786
17120001 0.95909
17130001 1.21934
17140001 1.21749
17150001 1.00942
17160001 0.859048
17170001 0.916876
17180001 1.45101
17190001 1.14632
17200001 0.936437
17210001 0.95514
17220001 0.865417
17230001 1.38062
17240001 0.941488
17250001 0.915402
17260001 0.919234
17270001 1.06834
17280001 1.37482
17290001 0.900857
17300001 0.827074
17310001 0.883689
17320001 1.27886
17330001 1.0044
17340001 0.902185
17350001 0.956021
17360001 1.11844
17370001 1.09512
17380001 0.98495
17390001 0.854994
17400001 0.965268
17410001 1.09814
17420001 1.08585
17430001 0.978066
17440001 0.898551
17450001 0.858613
17460001 1.41559
17470001 0.922532
17480001 0.86738
17490001 0.946962
17500001 1.04228
17510001 1.34044
17520001 1.01527
17530001 0.837601
17540001 0.842106
17550001 1.266
17560001 0.9723
17570001 0.86504
17580001 1.0971
17590001 1.27578
17600001 1.09484
17610001 0.894014
17620001 0.845102
17630001 0.94715
17640001 1.30441
17650001 1.06046
17660001 0.951196
17670001 0.894137
17680001 1.20011
17690001 1.30139
17700001 0.953354
17710001 0.868586
17720001 0.929782
17730001 1.26761
17740001 1.35549
17750001 0.960098
17760001 1.21262
17770001 0.841147
17780001 1.65338
17790001 0.957668
17800001 0.882753
17810001 1.00116
17820001 1.16873
17830001 1.04579
17840001 0.88321
17850001 0.836221
17860001 0.891176
17870001 1.32062
17880001 1.03719
17890001 0.908226
17900001 0.95945
17910001 1.15562
17920001 1.21545
17930001 1.00974
17940001 0.859412
17950001 0.917028
17960001 1.45132
17970001 1.1466
17980001 0.936761
17990001 0.955495
18000001 0.86575
18010001 1.38086
18020001 0.941811
18030001 0.91569
18040001 0.919583
18050001 1.0687
18060001 1.3751
18070001 0.901183
18080001 0.82743
18090001 0.883958
18100001 1.27914
18110001 1.0047
18120001 0.902507
18130001 0.954326
18140001 1.11878
18150001 1.09534
18160001 0.985178
18170001 0.855344
18180001 0.965605
18190001 1.09843
18200001 1.08609
18210001 0.97838
18220001 0.898751
18230001 0.858919
18240001 1.41559
18250001 0.92286
18260001 0.867733
18270001 0.947284
18280001 1.04099
18290001 1.34074
18300001 1.01559
18310001 0.837964
18320001 0.842471
18330001 1.2663
18340001 0.972515
18350001 0.865313
18360001 1.09736
18370001 1.2761
18380001 1.10967
18390001 0.894392
18400001 0.845451
18410001 0.947484
18420001 1.30467
18430001 1.06075
18440001 0.939366
18450001 0.894548
18460001 1.20047
18470001 1.30156
18480001 0.95366
18490001 0.868923
18500001 0.930699
18510001 1.26766
18520001 1.35578
18530001 0.960423
18540001 1.2129
18550001 0.841491
18560001 1.6531
18570001 0.957967
18580001 0.883094
18590001 1.00147
18600001 1.16905
18610001 1.04601
18620001 0.883513
18630001 0.836572
18640001 0.891291
18650001 1.32088
18660001 1.03666
18670001 0.908498
18680001 0.959791
18690001 1.15595
18700001 1.21534
18710001 1.01004
18720001 0.859744
18730001 1.02502
18740001 1.45162
18750001 1.14682
18760001 0.936996
18770001 0.95579
18780001 0.866017
18790001 1.41443
18800001 0.936496
18810001 0.915762
18820001 0.919463
18830001 1.06904
18840001 1.37476
18850001 0.901484
18860001 0.828181
18870001 0.884288
18880001 1.27881
18890001 1.00457
18900001 0.902825
18910001 0.954639
18920001 1.1191
18930001 1.09359
18940001 0.983671
18950001 0.855684
18960001 0.965912
18970001 1.0987
18980001 1.08639
18990001 0.978603
19000001 0.899073
19010001 0.859196
19020001 1.41579
19030001 0.923185
19040001 0.868048
19050001 0.979357
19060001 1.04108
19070001 1.34104
19080001 1.01565
19090001 0.838305
19100001 0.84276
19110001 1.26654
19120001 0.972815
19130001 0.865445
19140001 1.09765
19150001 1.27641
19160001 1.10986
19170001 0.894339
19180001 0.845761
19190001 0.947753
19200001 1.30242
19210001 1.06102
19220001 0.939598
19230001 0.894873
19240001 1.20079
19250001 1.28847
19260001 0.95395
19270001 0.869253
19280001 0.931016
19290001 1.26796
19300001 1.35597
19310001 0.957746
19320001 1.21316
19330001 0.841412
19340001 1.65287
19350001 0.957997
19360001 0.883411
19370001 1.00262
19380001 1.1693
19390001 1.04486
19400001 0.883918
19410001 0.836566
19420001 0.891615
19430001 1.32108
19440001 1.03688
19450001 0.908791
19460001 0.959895
19470001 1.15627
19480001 1.19768
19490001 1.01031
19500001 0.860043
19510001 1.02532
19520001 1.45288
19530001 1.14705
19540001 0.986372
19550001 0.956093
19560001 0.866278
19570001 1.41453
19580001 0.935788
19590001 0.916057
19600001 0.919771
19610001 1.06912
19620001 1.37497
19630001 0.901788
19640001 0.828519
19650001 0.884616
19660001 1.27907
19670001 1.00485
19680001 0.903092
19690001 0.954904
19700001 1.11942
19710001 1.09379
19720001 0.983667
19730001 0.855998
19740001 0.966133
19750001 1.09799
19760001 1.08656
19770001 0.97885
19780001 0.899373
19790001 0.85949
19800001 1.41527
19810001 0.923469
19820001 0.868384
19830001 0.976879
19840001 1.04135
19850001 1.34133
19860001 1.01592
19870001 0.838587
19880001 0.843077
19890001 1.26667
19900001 0.97308
19910001 0.865603
19920001 1.09792
19930001 1.2767
19940001 1.11008
19950001 0.894633
19960001 0.846078
19970001 0.94715
19980001 1.30268
19990001 1.06124
20000001 0.939849
20010001 0.895094
20020001 1.20107
20030001 1.28865
20040001 0.954169
20050001 0.855789
20060001 0.931248
20070001 1.26805
20080001 1.35608
20090001 0.958028
20100001 1.21345
20110001 0.841731
20120001 1.65304
20130001 0.957123
20140001 0.883639
20150001 1.00291
20160001 1.16959
20170001 1.0449
20180001 0.88352
20190001 0.836964
20200001 0.891733
20210001 1.32129
20220001 1.0371
20230001 0.908113
20240001 0.960211
20250001 1.15655
20260001 1.1969
20270001 1.01047
20280001 0.86007
20290001 1.02557
20300001 1.45316
20310001 1.12806
20320001 0.986568
20330001 0.956348
20340001 0.866508
20350001 1.41448
20360001 0.934592
20370001 0.916329
20380001 0.92004
20390001 1.06942
20400001 1.3752
20410001 0.902083
20420001 0.828839
20430001 0.883463
20440001 1.27931
20450001 1.00487
20460001 0.877546
20470001 1.36359
20480001 1.11972
20490001 1.0933
20500001 0.955809
20510001 0.856227
20520001 0.966777
20530001 1.09825
20540001 1.08671
20550001 0.979103
20560001 0.899641
20570001 0.859036
20580001 1.31168
20590001 0.923739
20600001 0.868662
20610001 0.977151
20620001 1.04163
20630001 1.34154
20640001 1.01617
20650001 0.83868
20660001 0.843379
20670001 1.26681
20680001 0.973243
20690001 0.869473
20700001 1.09789
20710001 1.27692
20720001 1.11019
20730001 0.894878
20740001 0.846353
20750001 0.947419
20760001 1.3028
20770001 1.05792
20780001 0.940123
20790001 0.895386
20800001 1.20135
20810001 1.28885
20820001 0.954242
20830001 0.856054
20840001 0.931418
20850001 1.26824
20860001 1.35633
20870001 0.958309
20880001 1.21371
20890001 0.855319
20900001 1.65319
20910001 0.956968
20920001 0.883911
20930001 1.00319
20940001 1.16986
20950001 1.02194
20960001 0.883801
20970001 0.837238
20980001 0.892004
20990001 1.32162
21000001 1.03721
21010001 0.902892
21020001 0.960485
21030001 1.15681
21040001 1.19739
21050001 1.01069
21060001 0.859719
21070001 1.02582
21080001 1.45341
21090001 1.12825
21100001 0.986809
21110001 0.95659
21120001 0.866775
21130001 1.41458
21140001 0.934541
21150001 0.916583
21160001 0.920305
21170001 1.0697
21180001 1.37519
21190001 0.902361
21200001 0.829122
21210001 0.882924
21220001 1.27932
21230001 1.0051
21240001 0.877806
21250001 1.36386
21260001 1.11998
21270001 1.09337
21280001 0.956044
21290001 0.856479
21300001 0.966987
21310001 1.09796
21320001 1.08702
21330001 0.979348
21340001 0.899907
21350001 0.859301
21360001 1.31182
21370001 0.923984
21380001 0.868896
21390001 1.0433
21400001 1.0419
21410001 1.34171
21420001 1.0157
21430001 0.838857
21440001 0.843649
21450001 1.26698
21460001 0.973468
21470001 0.869749
21480001 1.09813
21490001 1.27718
21500001 1.11035
21510001 0.895138
21520001 0.846315
21530001 0.940697
21540001 1.30304
21550001 1.0581
21560001 0.940314
21570001 0.895642
21580001 1.20161
21590001 1.28833
21600001 0.954465
21610001 0.856285
21620001 0.931674
21630001 1.26849
21640001 1.35645
21650001 0.957114
21660001 1.21394
21670001 0.855605
21680001 1.65334
21690001 0.95718
21700001 0.884035
21710001 1.00343
21720001 1.1702
21730001 1.02229
21740001 0.884016
21750001 0.837486
21760001 0.890822
21770001 1.32179
21780001 1.03742
21790001 0.903116
21800001 0.960706
21810001 1.15705
21820001 1.19758
21830001 1.01081
21840001 0.859906
21850001 1.02608
21860001 1.45299
21870001 1.12851
21880001 0.987025
21890001 0.956848
21900001 0.86699
21910001 1.41471
21920001 0.934717
21930001 0.916836
21940001 0.920555
21950001 1.06997
21960001 1.37535
21970001 0.902578
21980001 0.829401
21990001 0.883166
22000001 1.27954
22010001 1.00534
22020001 0.878061
22030001 1.36414
22040001 1.12022
22050001 1.09355
22060001 0.956279
22070001 0.856724
22080001 0.967235
22090001 1.09815
22100001 1.08725
22110001 0.979585
22120001 0.900142
22130001 0.859551
22140001 1.31186
22150001 0.924097
22160001 0.869149
22170001 1.04352
22180001 1.03813
22190001 1.34193
22200001 1.01591
22210001 0.839071
22220001 0.843881
22230001 1.2672
22240001 0.973687
22250001 0.869936
22260001 1.09819
22270001 1.27737
22280001 1.11057
22290001 0.895372
22300001 0.846579
22310001 0.940574
22320001 1.30325
22330001 1.05829
22340001 0.940367
22350001 0.895889
22360001 1.20186
22370001 1.28747
22380001 0.954661
22390001 0.85653
22400001 0.931896
22410001 1.26874
22420001 1.35629
22430001 0.957244
22440001 1.21418
22450001 0.848425
22460001 1.65315
22470001 0.957599
22480001 0.884237
22490001 1.00359
22500001 1.17046
22510001 1.02242
22520001 0.889073
22530001 0.837673
22540001 0.891078
22550001 1.32188
22560001 1.03754
22570001 0.903054
22580001 0.960944
22590001 1.1573
22600001 1.19764
22610001 1.01101
22620001 0.860147
22630001 1.02597
22640001 1.43253
22650001 1.1287
22660001 0.987214
22670001 0.957028
22680001 0.867217
22690001 1.41467
22700001 0.93447
22710001 0.917081
22720001 0.920786
22730001 1.07023
22740001 1.37535
22750001 0.902782
22760001 0.829618
22770001 0.88342
22780001 1.2797
22790001 1.00586
22800001 0.878298
22810001 1.36438
22820001 1.12047
22830001 1.09374
22840001 0.95652
22850001 0.856599
22860001 0.967467
22870001 1.09836
22880001 1.08742
22890001 0.979792
22900001 0.900397
22910001 0.859747
22920001 1.31202
22930001 0.914032
22940001 0.869324
22950001 1.04375
22960001 1.03834
22970001 1.342
22980001 1.01608
22990001 0.839319
23000001 0.843165
23010001 1.2674
23020001 0.973698
23030001 0.870195
23040001 1.09835
23050001 1.2776
23060001 1.11073
23070001 0.895529
23080001 0.846234
23090001 0.922055
23100001 1.30341
23110001 1.05847
23120001 0.940591
23130001 0.896022
23140001 1.20234
23150001 1.27246
23160001 0.954573
23170001 0.856775
23180001 0.932132
23190001 1.26899
23200001 1.35649
23210001 0.957464
23220001 1.2144
23230001 0.848671
23240001 1.65329
23250001 0.957788
23260001 0.884443
23270001 1.00381
23280001 1.1707
23290001 1.02253
23300001 0.889234
23310001 0.837186
23320001 0.89131
23330001 1.32204
23340001 1.03807
23350001 0.903185
23360001 0.961191
23370001 1.15753
23380001 1.19775
23390001 1.01121
23400001 0.860318
23410001 1.02609
23420001 1.43264
23430001 1.1288
23440001 0.987156
23450001 0.957237
23460001 0.867446
23470001 1.41435
23480001 0.934688
23490001 0.91729
23500001 0.920974
23510001 1.07046
23520001 1.37556
23530001 0.90301
23540001 0.829792
23550001 0.883653
23560001 1.2799
23570001 1.00586
23580001 0.878524
23590001 1.36456
23600001 1.12039
23610001 1.09391
23620001 0.956716
23630001 0.856899
23640001 0.967689
23650001 1.09862
23660001 1.08713
23670001 0.980003
23680001 0.900628
23690001 0.859958
23700001 1.31216
23710001 0.914642
23720001 0.869487
23730001 1.04396
23740001 1.03856
23750001 1.34218
23760001 1.01629
23770001 0.839551
23780001 0.842806
23790001 1.26755
23800001 0.973871
23810001 0.870396
23820001 1.09854
23830001 1.27782
23840001 1.11037
23850001 0.895865
23860001 0.846452
23870001 0.922271
23880001 1.3033
23890001 1.05865
23900001 0.940728
23910001 0.896242
23920001 1.20255
23930001 1.27261
23940001 0.954737
23950001 0.851212
23960001 0.932342
23970001 1.26914
23980001 1.35652
23990001 0.957595
24000001 1.2132
24010001 0.848904
24020001 1.65334
24030001 0.957946
24040001 0.884659
24050001 1.00402
24060001 1.17092
24070001 1.02272
24080001 0.88962
24090001 0.83594
24100001 0.891543
24110001 1.32218
24120001 1.03824
24130001 0.903398
24140001 0.961388
24150001 1.15775
24160001 1.19776
24170001 1.01138
24180001 0.860541
24190001 1.02623
24200001 1.43285
24210001 1.12901
24220001 0.987379
24230001 0.95726
24240001 0.867651
24250001 1.3795
24260001 0.9349
24270001 0.917502
24280001 0.945024
24290001 1.07068
24300001 1.37572
24310001 0.903484
24320001 0.830014
24330001 0.883808
24340001 1.27999
24350001 1.00605
24360001 0.938332
24370001 1.36477
24380001 1.12033
24390001 1.09408
24400001 0.945214
24410001 0.857148
24420001 0.967882
24430001 1.0988
24440001 1.08727
24450001 0.980192
24460001 0.900852
24470001 0.86019
24480001 1.31224
24490001 0.914755
24500001 0.86971
24510001 1.04404
24520001 1.03875
24530001 1.34233
24540001 1.01646
24550001 0.839757
24560001 0.842962
24570001 1.26772
24580001 0.974034
24590001 0.870607
24600001 1.09874
24610001 1.27804
24620001 1.11053
24630001 0.896048
24640001 0.84667
24650001 0.922481
24660001 1.30346
24670001 1.05882
24680001 0.940917
24690001 0.896421
24700001 1.20274
24710001 1.27275
24720001 0.954907
24730001 0.85142
24740001 0.932279
24750001 1.27496
24760001 1.3567
24770001 0.957795
24780001 1.21339
24790001 0.849096
24800001 1.65345
24810001 0.958077
24820001 0.884867
24830001 1.00424
24840001 1.16922
24850001 1.02287
24860001 0.88966
24870001 0.836136
24880001 0.891758
24890001 1.32171
24900001 1.03814
24910001 0.903571
24920001 0.961587
24930001 1.15796
24940001 1.19788
24950001 1.01155
24960001 0.860693
24970001 1.02634
24980001 1.43304
24990001 1.12919
25000001 0.987577
25010001 0.957241
25020001 0.867846
25030001 1.36343
25040001 0.934463
25050001 0.917716
25060001 0.945219
25070001 1.07325
25080001 1.37584
25090001 0.9037
25100001 0.830242
25110001 0.883874
25120001 1.28015
25130001 1.00619
25140001 0.938513
25150001 1.36495
25160001 1.12055
25170001 1.09424
25180001 0.945388
25190001 0.857352
25200001 0.968082
25210001 1.09877
25220001 1.08746
25230001 0.980386
25240001 0.900666
25250001 0.860404
25260001 1.31237
25270001 0.920513
25280001 0.869816
25290001 1.04423
25300001 1.04037
25310001 1.34198
25320001 1.01664
25330001 0.839875
25340001 0.843185
25350001 1.26784
25360001 0.974106
25370001 0.870808
25380001 1.09797
25390001 1.27825
25400001 1.11069
25410001 0.896258
25420001 0.851904
25430001 0.922656
25440001 1.3036
25450001 1.05879
25460001 0.940349
25470001 0.896623
25480001 1.20295
25490001 1.27287
25500001 0.954983
25510001 0.851621
25520001 0.932403
25530001 1.27516
25540001 1.35687
25550001 0.957909
25560001 1.21363
25570001 0.848799
25580001 1.65355
25590001 0.958321
25600001 0.884991
25610001 1.00431
25620001 1.16939
25630001 1.02299
25640001 0.88985
25650001 0.836059
25660001 0.891951
25670001 1.32105
25680001 1.0383
25690001 0.903761
25700001 0.961777
25710001 1.15816
25720001 1.20338
25730001 1.01171
25740001 0.860851
25750001 1.02981
25760001 1.10509
25770001 1.12932
25780001 0.987757
25790001 0.957426
25800001 0.867948
25810001 1.36345
25820001 0.934443
25830001 0.917915
25840001 0.945327
25850001 1.07334
25860001 1.37548
25870001 0.903868
25880001 0.830593
25890001 0.884078
25900001 1.28025
25910001 1.0062
25920001 0.938182
25930001 1.36514
25940001 1.12073
25950001 1.09403
25960001 0.945543
25970001 0.857557
25980001 0.968272
25990001 1.09891
26000001 1.08757
26010001 0.980542
26020001 0.900608
26030001 0.860416
26040001 1.31247
26050001 0.920586
26060001 0.870009
26070001 1.0443
26080001 1.04011
26090001 1.34215
26100001 1.0168
26110001 0.840098
26120001 0.843405
26130001 1.26796
26140001 0.974199
26150001 0.871005
26160001 1.09814
26170001 1.27841
26180001 1.11084
26190001 0.896403
26200001 0.850446
26210001 0.922829
26220001 1.30376
26230001 1.05891
26240001 0.940529
26250001 0.896795
26260001 1.20313
26270001 1.2729
26280001 0.955111
26290001 0.851806
26300001 0.932582
26310001 1.27533
26320001 1.35703
26330001 0.958027
26340001 1.21383
26350001 0.84884
26360001 1.65365
26370001 0.958489
26380001 0.885175
26390001 1.00448
26400001 1.16959
26410001 1.02311
26420001 0.890039
26430001 0.836262
26440001 0.892151
26450001 1.3212
26460001 1.03846
26470001 0.903943
26480001 0.961963
26490001 1.15834
26500001 1.2035
26510001 1.01187
26520001 0.861046
26530001 1.02998
26540001 1.10525
26550001 1.12937
26560001 0.987245
26570001 0.957559
26580001 0.868136
26590001 1.36442
26600001 0.933849
26610001 0.918146
26620001 0.945498
26630001 1.07126
26640001 1.37219
26650001 0.904032
26660001 0.830794
26670001 0.884238
26680001 1.28041
26690001 1.00651
26700001 0.938353
26710001 1.36526
26720001 1.12093
26730001 1.08958
26740001 0.945695
26750001 0.857736
26760001 0.968784
26770001 1.09907
26780001 1.08773
26790001 0.980718
26800001 0.900691
26810001 0.860612
26820001 1.31257
26830001 0.92076
26840001 0.870195
26850001 1.045
26860001 1.04029
26870001 1.34222
26880001 1.01697
26890001 0.840289
26900001 0.843564
26910001 1.26811
26920001 0.974343
26930001 0.870191
26940001 1.09826
26950001 1.27854
26960001 1.11097
26970001 0.896579
26980001 0.850642
26990001 0.922982
27000001 1.30397
27010001 1.0588
27020001 0.940711
27030001 0.896975
27040001 1.20378
27050001 1.27302
27060001 0.955201
27070001 0.852004
27080001 0.93254
27090001 1.2755
27100001 1.35717
27110001 0.958174
27120001 1.21384
27130001 0.849031
27140001 1.65346
27150001 0.9577
27160001 0.885334
27170001 1.00461
27180001 1.16978
27190001 1.02321
27200001 0.890202
27210001 0.836379
27220001 0.892342
27230001 1.32134
27240001 1.03856
27250001 0.904111
27260001 0.962084
27270001 1.15851
27280001 1.20356
27290001 1.01178
27300001 0.861231
27310001 1.03011
27320001 1.10541
27330001 1.12804
27340001 0.98742
27350001 0.957725
27360001 0.868195
27370001 1.3906
27380001 0.934014
27390001 0.884972
27400001 0.945641
27410001 1.07143
27420001 1.37221
27430001 0.904089
27440001 0.830979
27450001 0.884393
27460001 1.28057
27470001 1.00661
27480001 0.938519
27490001 1.75688
27500001 1.12108
27510001 1.0895
27520001 0.945853
27530001 0.850869
27540001 0.968922
27550001 1.39221
27560001 1.08786
27570001 0.980595
27580001 0.90083
27590001 0.856931
27600001 1.32498
27610001 0.92091
27620001 0.870364
27630001 1.04511
27640001 1.04039
27650001 1.34236
27660001 1.01698
27670001 0.840489
27680001 0.843565
27690001 1.26735
27700001 0.97443
27710001 0.870299
27720001 1.09839
27730001 1.27777
27740001 1.1111
27750001 0.896775
27760001 0.85079
27770001 0.870423
27780001 1.30412
27790001 1.05895
27800001 0.940805
27810001 0.897155
27820001 1.20394
27830001 1.27314
27840001 0.95533
27850001 0.852184
27860001 0.932631
27870001 1.27566
27880001 1.35729
27890001 0.958259
27900001 1.214
27910001 0.849172
27920001 1.5839
27930001 0.958146
27940001 0.885487
27950001 1.00466
27960001 1.17001
27970001 1.02336
27980001 0.890377
27990001 0.836553
28000001 0.892508
28010001 1.31369
28020001 1.0377
28030001 0.90428
28040001 0.962243
28050001 1.15868
28060001 1.20368
28070001 1.01139
28080001 0.861391
28090001 1.03025
28100001 1.1056
28110001 1.12816
28120001 0.987482
28130001 0.957891
28140001 0.867766
28150001 1.39071
28160001 0.933944
28170001 0.885129
28180001 0.94577
28190001 1.07155
28200001 1.37495
28210001 0.904159
28220001 0.831132
28230001 0.884547
28240001 1.2807
28250001 1.00648
28260001 0.938679
28270001 1.75682
28280001 1.12125
28290001 1.08961
28300001 0.945956
28310001 0.851031
28320001 0.969078
28330001 1.39236
28340001 1.08798
28350001 0.980751
28360001 0.900999
28370001 0.857112
28380001 1.32509
28390001 0.9203
28400001 0.870431
28410001 1.04525
28420001 1.04055
28430001 1.34252
28440001 1.01671
28450001 0.840595
28460001 0.843738
28470001 1.26747
28480001 1.01498
28490001 0.871521
28500001 1.09852
28510001 1.27749
28520001 1.1112
28530001 0.896916
28540001 0.850903
28550001 0.87058
28560001 1.30396
28570001 1.0591
28580001 0.940969
28590001 0.897286
28600001 1.20409
28610001 1.27311
28620001 0.9555
28630001 0.85231
28640001 0.9327
28650001 1.2758
28660001 1.35743
28670001 0.958413
28680001 1.21414
28690001 0.84934
28700001 1.58398
28710001 0.958269
28720001 0.885639
28730001 1.00455
28740001 1.17011
28750001 1.02348
28760001 0.889468
28770001 0.836716
28780001 0.892707
28790001 1.31366
28800001 1.03743
28810001 0.904428
28820001 0.962389
28830001 1.15885
28840001 1.20378
28850001 1.01148
28860001 0.861465
28870001 1.03036
28880001 1.10574
28890001 1.12826
28900001 0.987637
28910001 0.958061
28920001 0.867932
28930001 1.3907
28940001 0.934069
28950001 0.88529
28960001 0.945634
28970001 1.07171
28980001 1.37507
28990001 0.904324
29000001 0.831291
29010001 0.884708
29020001 1.27846
29030001 1.00662
29040001 0.938826
29050001 1.75696
29060001 1.22897
29070001 1.08901
29080001 0.946055
29090001 0.850979
29100001 0.969199
29110001 1.39249
29120001 1.08811
29130001 0.980838
29140001 0.901155
29150001 0.85725
29160001 1.32513
29170001 0.920422
29180001 0.871143
29190001 1.04539
29200001 1.04069
29210001 1.34265
29220001 1.00958
29230001 0.84074
29240001 0.84388
29250001 1.26713
29260001 1.01513
29270001 0.871673
29280001 1.09867
29290001 1.27765
29300001 1.11127
29310001 0.897072
29320001 0.851117
29330001 0.870681
29340001 1.32221
29350001 1.05922
29360001 0.941109
29370001 0.897404
29380001 1.20423
29390001 1.27314
29400001 0.955633
29410001 0.852453
29420001 0.932852
29430001 1.27576
29440001 1.35754
29450001 0.958542
29460001 1.21419
29470001 0.8495
29480001 1.584
29490001 0.957615
29500001 0.885517
29510001 1.00469
29520001 1.17015
29530001 1.02325
29540001 0.890346
29550001 0.836889
29560001 0.892869
29570001 1.31369
29580001 1.0427
29590001 0.904484
29600001 0.962533
29610001 1.159
29620001 1.20386
29630001 1.01151
29640001 0.861628
29650001 1.03047
29660001 1.10588
29670001 1.12836
29680001 0.987783
29690001 0.957684
29700001 0.868073
29710001 1.39077
29720001 0.934203
29730001 0.884334
29740001 0.945765
29750001 1.06805
29760001 1.37528
29770001 0.904393
29780001 0.831386
29790001 0.884829
29800001 1.25371
29810001 1.00673
29820001 0.938945
29830001 1.75706
29840001 1.22903
29850001 1.08909
29860001 0.946184
29870001 0.851113
29880001 0.969374
29890001 1.39261
29900001 1.08818
29910001 0.980897
29920001 0.90166
29930001 0.85725
29940001 1.32522
29950001 0.920565
29960001 0.871357
29970001 1.04553
29980001 1.04083
29990001 1.34278
