1 271.499
1001 51.157
2001 33.7915
3001 23.3138
4001 17.8946
5001 13.7271
6001 11.7925
7001 10.0171
8001 7.9124
9001 6.95854
10001 5.78358
11001 5.47601
12001 8.36934
13001 5.213
14001 5.46591
15001 3.8866
16001 3.32423
17001 3.04598
18001 3.13269
19001 7.25744
20001 3.56837
21001 4.31498
22001 2.51017
23001 2.1814
24001 2.0109
25001 2.31555
26001 7.2935
27001 2.93127
28001 3.90038
29001 2.03451
30001 1.65189
31001 1.48263
32001 1.84749
33001 7.10701
34001 2.70445
35001 2.89287
36001 1.79687
37001 1.37075
38001 4.04262
39001 1.66347
40001 4.82299
41001 2.58834
42001 2.75133
43001 1.65754
44001 1.26489
45001 4.0437
46001 1.49583
47001 13.4236
48001 5.34335
49001 2.77757
50001 1.63883
51001 1.1924
52001 3.95892
53001 1.4283
54001 13.3024
55001 5.28377
56001 2.47259
57001 1.52491
58001 1.13836
59001 3.83728
60001 1.367
61001 3.95187
62001 6.16957
63001 2.32632
64001 1.45088
65001 1.08448
66001 2.97685
67001 1.29672
68001 3.35439
69001 11.0813
70001 2.28684
71001 1.39829
72001 1.03098
73001 2.73107
74001 1.20842
75001 3.29358
76001 5.44779
77001 2.18475
78001 1.37731
79001 1.03108
80001 2.70894
81001 1.22884
82001 3.13326
83001 5.07908
84001 2.03948
85001 1.32637
86001 0.975508
87001 2.68386
88001 1.16858
89001 3.05273
90001 5.01926
91001 2.01085
92001 1.32084
93001 0.942454
94001 2.43338
95001 1.16173
96001 3.00806
97001 4.12369
98001 1.82917
99001 1.26577
100001 0.935792
101001 2.02381
102001 1.05983
103001 2.87777
104001 3.36645
105001 1.74849
106001 1.26613
107001 0.909736
108001 1.67059
109001 0.997381
110001 2.80822
111001 3.10087
112001 1.69815
113001 1.18229
114001 0.898132
115001 1.62013
116001 7.35319
117001 2.74824
118001 4.0327
119001 1.65886
120001 1.14481
121001 0.903062
122001 1.5604
123001 6.78984
124001 2.65549
125001 3.67957
126001 1.58043
127001 1.11624
128001 0.965905
129001 1.52095
130001 7.09207
131001 2.57028
132001 3.5996
133001 1.55596
134001 1.10179
135001 0.886877
136001 1.40915
137001 7.02366
138001 2.50918
139001 2.75086
140001 1.51929
141001 1.05853
142001 0.886368
143001 1.38871
144001 4.73327
145001 2.53784
146001 2.70317
147001 1.50728
148001 1.08249
149001 3.97667
150001 1.34202
151001 13.6015
152001 2.18692
153001 2.72302
154001 1.52784
155001 1.08352
156001 4.01776
157001 1.33052
158001 13.2804
159001 5.28
160001 2.51221
161001 1.44329
162001 1.05696
163001 3.83341
164001 1.28165
165001 4.04417
166001 6.18101
167001 2.34933
168001 1.40841
169001 1.01352
170001 2.89271
171001 1.24545
172001 3.54598
173001 11.0736
174001 2.29512
175001 1.36349
176001 0.993708
177001 2.7205
178001 1.16676
179001 3.3003
180001 11.0933
181001 2.18187
182001 1.34927
183001 0.985517
184001 2.70245
185001 1.20418
186001 3.12442
187001 5.06777
188001 2.05319
189001 1.31111
190001 0.958488
191001 2.67638
192001 1.14504
193001 3.05566
194001 5.02326
195001 2.00033
196001 1.30904
197001 0.926939
198001 2.44066
199001 1.13302
200001 2.99771
201001 4.50958
202001 1.86284
203001 1.29759
204001 0.915803
205001 2.02018
206001 1.05428
207001 2.87612
208001 4.01229
209001 1.77058
210001 1.28372
211001 0.891187
212001 2.01243
213001 0.984688
214001 2.80315
215001 3.11176
216001 1.71766
217001 1.16868
218001 0.895102
219001 1.62725
220001 7.37763
221001 2.74581
222001 4.02588
223001 1.65743
224001 1.15201
225001 0.888254
226001 1.54999
227001 6.79391
228001 2.67055
229001 3.70611
230001 1.58204
231001 1.116
232001 0.980883
233001 1.50883
234001 7.09103
235001 2.58763
236001 3.62698
237001 1.55153
238001 1.07916
239001 0.893136
240001 1.41419
241001 6.93439
242001 2.51326
243001 2.78111
244001 1.53444
245001 1.06613
246001 0.887609
247001 1.38355
248001 4.73865
249001 2.46815
250001 2.69466
251001 1.50942
252001 1.07015
253001 3.97665
254001 1.36654
255001 13.6038
256001 2.27138
257001 2.65519
258001 1.50709
259001 1.06724
260001 4.02026
261001 1.3233
262001 13.2778
263001 5.28506
264001 2.56608
265001 1.45561
266001 1.07959
267001 3.91624
268001 1.27696
269001 4.68555
270001 4.72074
271001 2.37554
272001 1.40761
273001 1.01928
274001 2.94164
275001 1.24106
276001 3.47241
277001 11.0674
278001 2.31282
279001 1.37062
280001 0.992604
281001 2.72485
282001 1.18497
283001 3.34736
284001 11.0932
285001 2.22681
286001 1.35027
287001 0.977233
288001 2.69913
289001 1.20647
290001 3.12153
291001 5.06946
292001 2.09339
293001 1.31137
294001 0.960247
295001 2.68062
296001 1.14619
297001 3.07921
298001 5.05864
299001 2.01418
300001 1.31795
301001 0.966152
302001 2.44295
303001 1.13391
304001 2.95964
305001 4.67612
306001 1.8773
307001 1.29394
308001 0.923548
309001 2.04382
310001 1.06226
311001 2.8451
312001 4.01585
313001 1.75526
314001 1.30887
315001 0.890371
316001 2.01174
317001 0.992795
318001 2.80122
319001 3.13734
320001 1.70525
321001 1.19847
322001 0.898786
323001 1.64515
324001 7.54766
325001 2.74974
326001 4.06131
327001 1.63673
328001 1.15692
329001 0.88688
330001 1.55414
331001 6.79691
332001 2.65963
333001 3.78218
334001 1.59101
335001 1.12307
336001 0.924188
337001 1.50466
338001 7.08705
339001 2.69216
340001 3.65813
341001 1.56138
342001 1.10489
343001 0.885537
344001 1.47117
345001 6.91712
346001 2.51999
347001 2.79113
348001 1.55477
349001 1.07403
350001 0.891276
351001 1.36677
352001 4.89683
353001 2.3964
354001 2.70214
355001 1.50371
356001 1.07643
357001 3.96739
358001 1.35033
359001 13.5831
360001 2.3835
361001 2.68189
362001 1.50413
363001 1.08725
364001 4.87549
365001 1.32556
366001 13.2781
367001 5.29566
368001 2.56718
369001 1.45933
370001 1.10386
371001 3.92096
372001 1.24576
373001 4.77933
374001 4.71975
375001 2.43047
376001 1.41044
377001 1.01926
378001 3.73241
379001 1.24096
380001 3.47681
381001 11.4237
382001 2.33732
383001 1.37647
384001 1.00175
385001 2.78193
386001 1.17263
387001 3.33102
388001 11.1482
389001 2.22497
390001 1.34668
391001 0.994713
392001 2.70135
393001 1.20664
394001 3.16836
395001 5.06184
396001 2.23137
397001 1.32438
398001 0.9721
399001 2.68391
400001 1.16521
401001 3.10046
402001 5.0422
403001 2.02559
404001 1.32585
405001 0.95855
406001 2.4195
407001 1.13059
408001 2.98018
409001 4.93779
410001 1.86377
411001 1.28379
412001 0.921861
413001 2.06716
414001 1.10878
415001 2.97687
416001 4.08339
417001 1.77623
418001 1.31693
419001 0.899215
420001 2.00519
421001 0.992441
422001 2.82761
423001 3.14745
424001 1.74625
425001 1.19733
426001 0.893357
427001 1.65281
428001 7.53928
429001 2.76251
430001 4.20794
431001 1.67791
432001 1.18643
433001 0.886469
434001 1.56003
435001 6.80535
436001 2.65983
437001 3.78846
438001 1.58791
439001 1.11703
440001 0.892171
441001 1.50382
442001 6.76643
443001 2.68078
444001 3.64304
445001 1.56608
446001 1.10914
447001 0.889757
448001 1.46607
449001 6.96824
450001 2.53036
451001 2.80717
452001 1.54238
453001 1.09443
454001 0.89245
455001 1.37466
456001 7.07955
457001 2.47332
458001 2.7378
459001 1.49822
460001 1.08226
461001 3.9456
462001 1.38927
463001 13.6453
464001 2.41514
465001 2.6151
466001 1.50747
467001 1.06627
468001 4.88404
469001 1.32002
470001 13.2991
471001 5.28246
472001 2.607
473001 1.46609
474001 1.11901
475001 3.89982
476001 1.26599
477001 4.7825
478001 5.21387
479001 2.44259
480001 1.40443
481001 1.02702
482001 3.8143
483001 1.27991
484001 3.8997
485001 11.7862
486001 2.31809
487001 1.3706
488001 1.00856
489001 2.78727
490001 1.17389
491001 3.33147
492001 11.1635
493001 2.23723
494001 1.34562
495001 1.0034
496001 2.70445
497001 1.17591
498001 3.19465
499001 5.20468
