1 949.938
10001 32.4636
20001 12.7156
30001 7.7409
40001 5.29749
50001 4.32487
60001 3.61546
70001 3.1944
80001 4.33763
90001 2.81588
100001 2.6527
110001 2.52801
120001 2.51681
130001 3.576
140001 3.54099
150001 2.69804
160001 2.61362
170001 4.41251
180001 2.39565
190001 2.29068
200001 2.38849
210001 2.28849
220001 2.45752
230001 2.33603
240001 3.32211
250001 2.80153
260001 2.28359
270001 2.31251
280001 2.26478
290001 2.28505
300001 2.36821
310001 3.67432
320001 3.07885
330001 2.27931
340001 2.45549
350001 2.30814
360001 4.52981
370001 2.58629
380001 2.38781
390001 2.34183
400001 2.30727
410001 2.46227
420001 2.32504
430001 2.68252
440001 2.57863
450001 3.37993
460001 2.34355
470001 2.36064
480001 2.80504
490001 2.29858
500001 2.30226
510001 2.59033
520001 2.63494
530001 2.31869
540001 2.27054
550001 2.66686
560001 2.54155
570001 2.25318
580001 2.27894
590001 3.06189
600001 2.52703
610001 2.41024
620001 2.80593
630001 2.34718
640001 2.49893
650001 2.34744
660001 2.32551
670001 3.82439
680001 2.38977
690001 2.33789
700001 2.29969
710001 2.34828
720001 3.46332
730001 3.45011
740001 2.62842
750001 2.56026
760001 4.37911
770001 2.35702
780001 2.25606
790001 2.36119
800001 2.26711
810001 2.44091
820001 2.32179
830001 3.31265
840001 2.79301
850001 2.27344
860001 2.30372
870001 2.25832
880001 2.27887
890001 2.36414
900001 3.67016
910001 3.07592
920001 2.27557
930001 2.45224
940001 2.30504
950001 4.52808
960001 2.58339
970001 2.38615
980001 2.33972
990001 2.3052
1000001 2.46074
1010001 2.32303
1020001 2.68129
1030001 2.57786
1040001 3.37891
1050001 2.34218
1060001 2.35959
1070001 2.80411
1080001 2.2972
1090001 2.30136
1100001 2.58942
1110001 2.63405
1120001 2.3177
1130001 2.26977
1140001 2.66607
1150001 2.5407
1160001 2.25253
1170001 2.27808
1180001 3.06107
1190001 2.52633
1200001 2.40931
1210001 2.80498
1220001 2.34653
1230001 2.49824
1240001 2.34661
1250001 2.32492
1260001 3.82398
1270001 2.38926
1280001 2.33756
1290001 2.29919
1300001 2.3476
1310001 3.46281
1320001 3.44973
1330001 2.62801
1340001 2.5599
1350001 4.3788
1360001 2.35673
1370001 2.2555
1380001 2.36066
1390001 2.26653
1400001 2.4404
1410001 2.32156
1420001 3.31243
1430001 2.79261
1440001 2.27314
1450001 2.30329
1460001 2.25796
1470001 2.27857
1480001 2.36388
1490001 3.66977
1500001 3.07574
1510001 2.27527
1520001 2.45188
1530001 2.30461
1540001 4.52791
1550001 2.58315
1560001 2.38589
1570001 2.33953
1580001 2.30488
1590001 2.46054
1600001 2.32267
1610001 2.68114
1620001 2.57779
1630001 3.37874
1640001 2.34189
1650001 2.35947
1660001 2.80398
1670001 2.29686
1680001 2.30115
1690001 2.58927
1700001 2.63385
1710001 2.31745
1720001 2.26959
1730001 2.66591
1740001 2.54045
1750001 2.25236
1760001 2.27787
1770001 3.06085
1780001 2.52612
1790001 2.40908
1800001 2.80466
1810001 2.34635
1820001 2.49804
1830001 2.34635
1840001 2.32473
1850001 3.82386
1860001 2.38911
1870001 2.33743
1880001 2.299
1890001 2.34738
1900001 3.46261
1910001 3.44961
1920001 2.62788
1930001 2.55976
1940001 4.37872
1950001 2.3566
1960001 2.25527
1970001 2.36049
1980001 2.2663
1990001 2.44019
2000001 2.32149
2010001 3.31237
2020001 2.79247
2030001 2.27304
2040001 2.30313
2050001 2.25782
2060001 2.27844
2070001 2.36379
2080001 3.66961
2090001 3.07565
2100001 2.27516
2110001 2.45171
2120001 2.30442
2130001 4.52786
2140001 2.58307
2150001 2.38578
2160001 2.33947
2170001 2.30474
2180001 2.46047
2190001 2.32251
2200001 2.6811
2210001 2.57776
2220001 3.37866
2230001 2.34179
2240001 2.35942
2250001 2.80395
2260001 2.29671
2270001 2.30106
2280001 2.58921
2290001 2.63378
2300001 2.31734
2310001 2.2695
2320001 2.66585
2330001 2.54036
2340001 2.2523
2350001 2.2778
2360001 3.06077
2370001 2.52604
2380001 2.40898
2390001 2.80451
2400001 2.34628
2410001 2.49797
2420001 2.34625
2430001 2.32466
2440001 3.8238
2450001 2.38904
2460001 2.33736
2470001 2.29893
2480001 2.3473
2490001 3.46252
2500001 3.44956
2510001 2.62784
2520001 2.55969
2530001 4.37869
2540001 2.35656
2550001 2.25517
2560001 2.36042
2570001 2.26623
2580001 2.44008
2590001 2.32146
2600001 3.31234
2610001 2.79241
2620001 2.273
2630001 2.30306
2640001 2.25776
2650001 2.27838
2660001 2.36375
2670001 3.66955
2680001 3.07561
2690001 2.27512
2700001 2.45164
2710001 2.30433
2720001 4.52784
2730001 2.58304
2740001 2.38574
2750001 2.33944
2760001 2.30467
2770001 2.46044
2780001 2.32244
2790001 2.68109
2800001 2.57776
2810001 3.37862
2820001 2.34175
2830001 2.35941
2840001 2.80394
2850001 2.29665
2860001 2.30102
2870001 2.58919
2880001 2.63375
2890001 2.31729
2900001 2.26946
2910001 2.66583
2920001 2.54031
2930001 2.25229
2940001 2.27777
2950001 3.06074
2960001 2.526
2970001 2.40893
2980001 2.80444
2990001 2.34626
3000001 2.49794
3010001 2.34621
3020001 2.32463
3030001 3.82378
3040001 2.38901
3050001 2.33733
3060001 2.29889
3070001 2.34727
3080001 3.46248
3090001 3.44954
3100001 2.62782
3110001 2.55965
3120001 4.37868
3130001 2.35654
3140001 2.25513
3150001 2.36038
3160001 2.2662
3170001 2.44003
3180001 2.32145
3190001 3.31234
3200001 2.79238
3210001 2.27298
3220001 2.30302
3230001 2.25773
3240001 2.27835
3250001 2.36374
3260001 3.66952
3270001 3.07559
3280001 2.2751
3290001 2.45161
3300001 2.30428
3310001 4.52783
3320001 2.58302
3330001 2.38573
3340001 2.33943
3350001 2.30463
3360001 2.46043
3370001 2.32241
3380001 2.68109
3390001 2.57776
3400001 3.3786
3410001 2.34173
3420001 2.35941
3430001 2.80394
3440001 2.29662
3450001 2.30101
3460001 2.58918
3470001 2.63373
3480001 2.31727
3490001 2.26944
3500001 2.66582
3510001 2.54029
3520001 2.25228
3530001 2.27776
3540001 3.06072
3550001 2.52599
3560001 2.40891
3570001 2.80441
3580001 2.34625
3590001 2.49792
3600001 2.34619
3610001 2.32462
3620001 3.82377
3630001 2.38899
3640001 2.33731
3650001 2.29887
3660001 2.34725
3670001 3.46246
3680001 3.44953
3690001 2.62781
3700001 2.55963
3710001 4.37867
3720001 2.35653
3730001 2.25511
3740001 2.36037
3750001 2.26618
3760001 2.44
3770001 2.32145
3780001 3.31233
3790001 2.79237
3800001 2.27297
3810001 2.30301
3820001 2.25772
3830001 2.27834
3840001 2.36373
3850001 3.66951
3860001 3.07558
3870001 2.2751
3880001 2.45159
3890001 2.30426
3900001 4.52783
3910001 2.58301
3920001 2.38572
3930001 2.33942
3940001 2.30461
3950001 2.46042
3960001 2.32239
3970001 2.68109
3980001 2.57776
3990001 3.37858
4000001 2.34172
4010001 2.3594
4020001 2.80394
4030001 2.29661
4040001 2.301
4050001 2.58917
4060001 2.63372
4070001 2.31726
4080001 2.26942
4090001 2.66582
4100001 2.54027
4110001 2.25228
4120001 2.27775
4130001 3.06071
4140001 2.52598
4150001 2.4089
4160001 2.80439
4170001 2.34625
4180001 2.49792
4190001 2.34618
4200001 2.32461
4210001 3.82376
4220001 2.38898
4230001 2.3373
4240001 2.29886
4250001 2.34725
4260001 3.46245
4270001 3.44952
4280001 2.6278
4290001 2.55962
4300001 4.37867
4310001 2.35652
4320001 2.25509
4330001 2.36036
4340001 2.26617
4350001 2.43999
4360001 2.32144
4370001 3.31233
4380001 2.79237
4390001 2.27296
4400001 2.303
4410001 2.25771
4420001 2.27833
4430001 2.36373
4440001 3.6695
4450001 3.07557
4460001 2.27509
4470001 2.45159
4480001 2.30425
4490001 4.52782
4500001 2.58301
4510001 2.38571
4520001 2.33942
4530001 2.3046
4540001 2.46042
4550001 2.32238
4560001 2.68109
4570001 2.57775
4580001 3.37858
4590001 2.34172
4600001 2.3594
4610001 2.80394
4620001 2.2966
4630001 2.30099
4640001 2.58917
4650001 2.63372
4660001 2.31726
4670001 2.26942
4680001 2.66582
4690001 2.54027
4700001 2.25228
4710001 2.27775
4720001 3.06071
4730001 2.52598
4740001 2.4089
4750001 2.80438
4760001 2.34624
4770001 2.49792
4780001 2.34617
4790001 2.32461
4800001 3.82376
4810001 2.38897
4820001 2.33729
4830001 2.29886
4840001 2.34725
4850001 3.46244
4860001 3.44951
4870001 2.6278
4880001 2.55962
4890001 4.37867
4900001 2.35652
4910001 2.25509
4920001 2.36035
4930001 2.26617
4940001 2.43998
4950001 2.32144
4960001 3.31233
4970001 2.79236
4980001 2.27296
4990001 2.303
5000001 2.25771
5010001 2.27833
5020001 2.36372
5030001 3.6695
5040001 3.07557
5050001 2.27509
5060001 2.45158
5070001 2.30424
5080001 4.52782
5090001 2.58301
5100001 2.38571
5110001 2.33942
5120001 2.3046
5130001 2.46041
5140001 2.32237
5150001 2.68109
5160001 2.57775
5170001 3.37857
5180001 2.34171
5190001 2.3594
5200001 2.80394
5210001 2.2966
5220001 2.30099
5230001 2.58917
5240001 2.63372
5250001 2.31725
5260001 2.26942
5270001 2.66582
5280001 2.54026
5290001 2.25228
5300001 2.27775
5310001 3.06071
5320001 2.52598
5330001 2.4089
5340001 2.80437
5350001 2.34624
5360001 2.49792
5370001 2.34617
5380001 2.32461
5390001 3.82376
5400001 2.38897
5410001 2.33729
5420001 2.29885
5430001 2.34724
5440001 3.46244
5450001 3.44951
5460001 2.6278
5470001 2.55962
5480001 4.37867
5490001 2.35652
5500001 2.25509
5510001 2.36035
5520001 2.26617
5530001 2.43997
5540001 2.32144
5550001 3.31233
5560001 2.79236
5570001 2.27295
5580001 2.303
5590001 2.25771
5600001 2.27833
5610001 2.36372
5620001 3.6695
5630001 3.07557
5640001 2.27509
5650001 2.45158
5660001 2.30424
5670001 4.52782
5680001 2.58301
5690001 2.38571
5700001 2.33941
5710001 2.30459
5720001 2.46041
5730001 2.32237
5740001 2.68109
5750001 2.57775
5760001 3.37857
5770001 2.34171
5780001 2.3594
5790001 2.80394
5800001 2.2966
5810001 2.30099
5820001 2.58916
5830001 2.63372
5840001 2.31725
5850001 2.26942
5860001 2.66582
5870001 2.54026
5880001 2.25227
5890001 2.27775
5900001 3.06071
5910001 2.52598
5920001 2.40889
5930001 2.80437
5940001 2.34624
5950001 2.49791
5960001 2.34617
5970001 2.32461
5980001 3.82376
5990001 2.38897
6000001 2.33729
6010001 2.29885
6020001 2.34724
6030001 3.46244
6040001 3.44951
6050001 2.6278
6060001 2.55961
6070001 4.37867
6080001 2.35652
6090001 2.25509
6100001 2.36035
6110001 2.26617
6120001 2.43997
6130001 2.32144
6140001 3.31233
6150001 2.79236
6160001 2.27295
6170001 2.303
6180001 2.25771
6190001 2.27833
6200001 2.36372
6210001 3.6695
6220001 3.07557
6230001 2.27509
6240001 2.45158
6250001 2.30423
6260001 4.52782
6270001 2.58301
6280001 2.38571
6290001 2.33941
6300001 2.30459
6310001 2.46041
6320001 2.32237
6330001 2.68109
6340001 2.57775
6350001 3.37857
6360001 2.34171
6370001 2.3594
6380001 2.80394
6390001 2.2966
6400001 2.30099
6410001 2.58916
6420001 2.63372
6430001 2.31725
6440001 2.26941
6450001 2.66582
6460001 2.54026
6470001 2.25227
6480001 2.27775
6490001 3.06071
6500001 2.52598
6510001 2.40889
6520001 2.80437
6530001 2.34624
6540001 2.49791
6550001 2.34617
6560001 2.32461
6570001 3.82376
6580001 2.38897
6590001 2.33729
6600001 2.29885
6610001 2.34724
6620001 3.46244
6630001 3.44951
6640001 2.6278
6650001 2.55961
6660001 4.37867
6670001 2.35652
6680001 2.25509
6690001 2.36035
6700001 2.26617
6710001 2.43997
6720001 2.32144
6730001 3.31233
6740001 2.79236
6750001 2.27295
6760001 2.303
6770001 2.25771
6780001 2.27833
6790001 2.36372
6800001 3.6695
6810001 3.07557
6820001 2.27509
6830001 2.45158
6840001 2.30423
6850001 4.52782
6860001 2.58301
6870001 2.38571
6880001 2.33941
6890001 2.30459
6900001 2.46041
6910001 2.32237
6920001 2.68109
6930001 2.57775
6940001 3.37857
6950001 2.34171
6960001 2.3594
6970001 2.80394
6980001 2.2966
6990001 2.30099
7000001 2.58916
7010001 2.63372
7020001 2.31725
7030001 2.26941
7040001 2.66582
7050001 2.54026
7060001 2.25227
7070001 2.27775
7080001 3.06071
7090001 2.52598
7100001 2.40889
7110001 2.80437
7120001 2.34624
7130001 2.49791
7140001 2.34617
7150001 2.32461
7160001 3.82376
7170001 2.38897
7180001 2.33729
7190001 2.29885
7200001 2.34724
7210001 3.46244
7220001 3.44951
7230001 2.6278
7240001 2.55961
7250001 4.37867
7260001 2.35651
7270001 2.25509
7280001 2.36035
7290001 2.26617
7300001 2.43997
7310001 2.32144
7320001 3.31233
7330001 2.79236
7340001 2.27295
7350001 2.303
7360001 2.25771
7370001 2.27833
7380001 2.36372
7390001 3.6695
7400001 3.07557
7410001 2.27509
7420001 2.45158
7430001 2.30423
7440001 4.52782
7450001 2.58301
7460001 2.38571
7470001 2.33941
7480001 2.30459
7490001 2.46041
7500001 2.32237
7510001 2.68109
7520001 2.57775
7530001 3.37857
7540001 2.34171
7550001 2.3594
7560001 2.80394
7570001 2.2966
7580001 2.30099
7590001 2.58916
7600001 2.63372
7610001 2.31725
7620001 2.26941
7630001 2.66582
7640001 2.54026
7650001 2.25227
7660001 2.27775
7670001 3.06071
7680001 2.52598
7690001 2.40889
7700001 2.80437
7710001 2.34624
7720001 2.49791
7730001 2.34617
7740001 2.32461
7750001 3.82376
7760001 2.38897
7770001 2.33729
7780001 2.29885
7790001 2.34724
7800001 3.46244
7810001 3.44951
7820001 2.6278
7830001 2.55961
7840001 4.37867
7850001 2.35651
7860001 2.25509
7870001 2.36035
7880001 2.26617
7890001 2.43997
7900001 2.32144
7910001 3.31233
7920001 2.79236
7930001 2.27295
7940001 2.303
7950001 2.25771
7960001 2.27833
7970001 2.36372
7980001 3.6695
7990001 3.07557
8000001 2.27509
8010001 2.45158
8020001 2.30423
8030001 4.52782
8040001 2.58301
8050001 2.38571
8060001 2.33941
8070001 2.30459
8080001 2.46041
8090001 2.32237
8100001 2.68109
8110001 2.57775
8120001 3.37857
8130001 2.34171
8140001 2.3594
8150001 2.80394
8160001 2.2966
8170001 2.30099
8180001 2.58916
8190001 2.63372
8200001 2.31725
8210001 2.26941
8220001 2.66582
8230001 2.54026
8240001 2.25227
8250001 2.27775
8260001 3.06071
8270001 2.52598
8280001 2.40889
8290001 2.80437
8300001 2.34624
8310001 2.49791
8320001 2.34617
8330001 2.32461
8340001 3.82376
8350001 2.38897
8360001 2.33729
8370001 2.29885
8380001 2.34724
8390001 3.46244
8400001 3.44951
8410001 2.6278
8420001 2.55961
8430001 4.37867
8440001 2.35651
8450001 2.25509
8460001 2.36035
8470001 2.26617
8480001 2.43997
8490001 2.32144
8500001 3.31233
8510001 2.79236
8520001 2.27295
8530001 2.303
8540001 2.25771
8550001 2.27833
8560001 2.36372
8570001 3.6695
8580001 3.07557
8590001 2.27509
8600001 2.45158
8610001 2.30423
8620001 4.52782
8630001 2.58301
8640001 2.38571
8650001 2.33941
8660001 2.30459
8670001 2.46041
8680001 2.32237
8690001 2.68109
8700001 2.57775
8710001 3.37857
8720001 2.34171
8730001 2.3594
8740001 2.80394
8750001 2.2966
8760001 2.30099
8770001 2.58916
8780001 2.63372
8790001 2.31725
8800001 2.26941
8810001 2.66582
8820001 2.54026
8830001 2.25227
8840001 2.27775
8850001 3.06071
8860001 2.52598
8870001 2.40889
8880001 2.80437
8890001 2.34624
8900001 2.49791
8910001 2.34617
8920001 2.32461
8930001 3.82375
8940001 2.38897
8950001 2.33729
8960001 2.29885
8970001 2.34724
8980001 3.46244
8990001 3.44951
9000001 2.6278
9010001 2.55961
9020001 4.37867
9030001 2.35651
9040001 2.25509
9050001 2.36035
9060001 2.26617
9070001 2.43997
9080001 2.32144
9090001 3.31233
9100001 2.79236
9110001 2.27295
9120001 2.303
9130001 2.25771
9140001 2.27833
9150001 2.36372
9160001 3.6695
9170001 3.07557
9180001 2.27509
9190001 2.45158
9200001 2.30423
9210001 4.52782
9220001 2.58301
9230001 2.38571
9240001 2.33941
9250001 2.30459
9260001 2.46041
9270001 2.32237
9280001 2.68109
9290001 2.57775
9300001 3.37857
9310001 2.34171
9320001 2.3594
9330001 2.80394
9340001 2.2966
9350001 2.30099
9360001 2.58916
9370001 2.63372
9380001 2.31725
9390001 2.26941
9400001 2.66582
9410001 2.54026
9420001 2.25227
9430001 2.27775
9440001 3.06071
9450001 2.52598
9460001 2.40889
9470001 2.80437
9480001 2.34624
9490001 2.49791
9500001 2.34617
9510001 2.32461
9520001 3.82375
9530001 2.38897
9540001 2.33729
9550001 2.29885
9560001 2.34724
9570001 3.46244
9580001 3.44951
9590001 2.6278
9600001 2.55961
9610001 4.37867
9620001 2.35651
9630001 2.25509
9640001 2.36035
9650001 2.26617
9660001 2.43997
9670001 2.32144
9680001 3.31233
9690001 2.79236
9700001 2.27295
9710001 2.303
9720001 2.25771
9730001 2.27833
9740001 2.36372
9750001 3.6695
9760001 3.07557
9770001 2.27509
9780001 2.45158
9790001 2.30423
9800001 4.52782
9810001 2.58301
9820001 2.38571
9830001 2.33941
9840001 2.30459
9850001 2.46041
9860001 2.32237
9870001 2.68109
9880001 2.57775
9890001 3.37857
9900001 2.34171
9910001 2.3594
9920001 2.80394
9930001 2.2966
9940001 2.30099
9950001 2.58916
9960001 2.63372
9970001 2.31725
9980001 2.26941
9990001 2.66582
