1 126.403 32318.3 1
1000001 19.3123 7745.59 0.458839
2000001 11.9613 4814 0.485709
3000001 9.83254 3913.36 0.819985
4000001 9.65161 3469.77 2.38724
5000001 9.51128 3325.15 1.8541
6000001 8.33143 3179.33 0.782859
7000001 7.94525 3067.78 0.808999
8000001 7.65523 2989.49 0.358719
9000001 7.55106 2948.03 0.553881
10000001 9.80681 2979.58 3.23629
11000001 7.48974 2941.89 0.388716
12000001 7.46376 2932.79 0.576583
13000001 8.0345 2922.17 1.79995
14000001 10.5992 3023.41 4.24882
15000001 7.70754 3001.59 0.604813
16000001 7.4826 2973 0.27965
17000001 7.46741 2963.52 0.334037
18000001 7.95024 2998.69 1.26941
19000001 7.7479 3009.43 0.646429
20000001 9.09872 2999.67 3.92134
21000001 8.49551 3129.57 0.996152
22000001 8.10472 3110 0.65532
23000001 8.04161 3093.95 1.20845
24000001 7.98726 3094.06 0.512879
25000001 9.16096 3094.01 2.3234
26000001 8.13253 3121.13 1.5629
27000001 7.89343 3115.15 0.351983
28000001 7.76985 3093.18 0.273375
29000001 12.705 3167.85 6.88876
30000001 8.25952 3182.08 0.64311
31000001 7.9915 3151.54 0.605914
32000001 7.9645 3137.11 0.764321
33000001 8.29542 3139.68 1.35945
34000001 8.55249 3139.77 2.58122
35000001 8.15367 3152.31 1.13208
36000001 9.11839 3274.33 1.13652
37000001 8.53953 3251.09 1.14142
38000001 8.27823 3228.12 0.418316
39000001 8.74133 3228.05 2.09071
40000001 8.17216 3210 0.46181
41000001 8.40854 3246.79 0.694859
42000001 8.78634 3242.61 1.40027
43000001 8.07136 3210.89 0.231124
44000001 9.42688 3233.81 2.70591
45000001 9.16692 3285.4 3.15845
46000001 8.27877 3257.99 0.517546
47000001 8.22822 3239.31 0.437176
48000001 8.13377 3214.27 0.917602
49000001 8.2255 3235.15 0.64674
50000001 9.09223 3244.61 2.02422
51000001 9.48205 3347.72 1.63881
52000001 8.70874 3340.72 0.70879
53000001 8.53923 3315.74 0.73449
54000001 8.39667 3292.25 0.288993
55000001 8.36732 3283.35 0.52104
56000001 9.61439 3329.28 2.33549
57000001 8.33304 3295.5 0.37962
58000001 8.31448 3288.59 0.530192
59000001 8.69526 3277.17 1.09058
60000001 10.4168 3363.47 3.93475
61000001 8.47367 3332.77 0.660195
62000001 10.564 3312.62 5.99382
63000001 8.25092 3282.51 0.310905
64000001 8.59434 3305.12 1.28032
65000001 8.43062 3307.41 0.464014
66000001 24.3051 3310.73 20.1721
67000001 9.0225 3403.26 0.802304
68000001 8.73299 3377.72 0.655639
69000001 8.6246 3354.13 0.632347
70000001 8.59957 3347.1 0.790432
71000001 9.14104 3338.04 2.13299
72000001 8.65381 3357.69 1.26375
73000001 8.45286 3347.08 0.387526
74000001 8.32462 3319.77 0.265906
75000001 11.339 3392.07 4.00036
76000001 8.76385 3391.36 1.08046
77000001 8.46355 3356.28 0.416789
78000001 8.43486 3337.59 0.648394
79000001 8.67912 3338.06 1.60131
80000001 24.9849 3363.97 20.1622
81000001 8.53865 3340.92 0.655844
82000001 9.4025 3455.25 1.31792
83000001 8.84094 3425.49 0.414126
84000001 9.36725 3405.6 2.0067
85000001 9.24163 3400.63 1.95021
86000001 8.60505 3377.05 0.552355
87000001 8.7323 3408.18 0.523294
88000001 8.89397 3399.23 0.994366
89000001 8.45993 3367.4 0.233807
90000001 9.47088 3388.56 2.01657
91000001 9.50955 3434.76 3.10965
92000001 8.60197 3402.5 0.413333
93000001 8.58283 3384.49 0.386906
94000001 8.4246 3356.88 0.350068
95000001 8.52196 3373.95 0.482231
96000001 9.27001 3385.71 1.75761
97000001 9.75923 3483.1 1.56948
98000001 8.9956 3471.05 0.420414
99000001 8.96089 3446.83 1.21926
100000001 9.02273 3419.76 1.72997
101000001 22.9536 3436.25 18.2387
102000001 9.62487 3454.89 1.67033
103000001 9.60662 3421.26 3.03166
104000001 8.60791 3410.53 0.426374
105000001 14.3999 3433.53 8.51144
106000001 9.95211 3481.61 2.66809
107000001 8.76177 3448.38 0.607262
108000001 8.92625 3425.06 1.09012
109000001 8.54215 3396.98 0.402821
110000001 8.76223 3415.87 1.1082
111000001 8.70584 3419.73 0.536459
112000001 24.0256 3487.12 19.0887
113000001 9.27093 3511.28 0.966416
114000001 8.98244 3484.2 0.660078
115000001 8.85004 3459.93 0.453193
116000001 8.8268 3451.61 0.458343
117000001 9.19579 3442.11 1.56343
118000001 8.89637 3461.53 1.1103
119000001 8.69713 3448.16 0.271216
120000001 8.5803 3420.88 0.205789
121000001 11.1019 3493.34 3.89537
122000001 8.92894 3488.66 0.553834
123000001 8.7218 3453.08 0.651745
124000001 8.6657 3434.95 0.45374
125000001 11.1183 3448.68 4.28724
126000001 9.08536 3459.63 1.62807
127000001 8.79526 3436.74 0.589384
128000001 9.54197 3547.77 1.0933
129000001 9.06522 3518.73 0.408358
130000001 9.24704 3498.02 1.30811
131000001 9.21347 3490.37 1.75237
132000001 8.80794 3466.63 0.460486
133000001 8.93387 3496.91 0.491246
134000001 9.00424 3487.91 0.730514
135000001 8.6817 3456.03 0.224125
136000001 9.78625 3481.23 1.99437
137000001 9.11928 3520.04 0.823076
138000001 8.94079 3490.55 0.853014
139000001 8.79943 3470.56 0.385775
140000001 8.6429 3442.92 0.355081
141000001 8.73276 3459.23 0.460204
142000001 9.16999 3469.78 1.2615
143000001 9.88489 3567.21 1.33584
144000001 9.19601 3552.9 0.494697
145000001 9.12712 3527.86 1.04598
146000001 8.96319 3501.61 0.765769
147000001 8.9239 3502.59 0.470117
148000001 9.72383 3536.72 2.27862
149000001 11.3616 3506.57 5.4687
150000001 8.79311 3490.73 0.367102
151000001 12.4999 3510.18 6.17021
152000001 9.72776 3555.53 1.83585
153000001 8.95113 3525.43 0.678737
154000001 9.03226 3503.24 0.962557
155000001 8.73232 3474.47 0.222445
156000001 8.89178 3491.55 0.729571
157000001 8.8984 3496.16 0.670738
158000001 23.2762 3601.63 17.507
159000001 9.38759 3585.1 0.714294
160000001 9.1804 3560.56 0.795794
161000001 9.03369 3534.83 0.390731
162000001 9.01091 3525.24 0.678899
163000001 17.4775 3548.03 10.0439
164000001 9.04335 3535.37 0.986867
165000001 8.88385 3521.55 0.273992
166000001 14.046 3501.43 8.38694
167000001 11.0367 3568.47 3.54288
168000001 9.07828 3559.03 0.643111
169000001 8.87506 3523.62 0.279453
170000001 8.83216 3505.55 0.319686
171000001 9.81917 3522.98 2.16834
172000001 9.08042 3529.51 1.13984
173000001 8.93358 3507.16 0.583819
174000001 9.68341 3617.15 1.0258
175000001 9.27913 3588.23 0.808647
176000001 9.22243 3566.7 0.672232
177000001 9.25333 3558.65 1.12167
178000001 9.16392 3535.51 1.43938
179000001 9.08222 3564.24 0.449302
180000001 9.09782 3555.05 0.65282
181000001 8.85863 3523.84 0.203187
182000001 9.59041 3550.49 1.77991
183000001 10.2562 3590.38 2.83361
184000001 9.04769 3557.71 0.634082
185000001 8.96494 3537.07 0.465733
186000001 8.81143 3509.54 0.299604
187000001 8.89872 3525.26 0.334888
188000001 9.1823 3536.16 1.72304
189000001 9.93721 3634.13 1.30481
190000001 9.35042 3617.71 0.378522
191000001 9.21854 3591.67 0.718906
192000001 12.3003 3584.52 5.56677
193000001 9.12084 3563.91 0.907749
194000001 9.65747 3598.92 1.55816
195000001 10.1063 3573.31 2.67446
196000001 8.95413 3554.14 0.337671
197000001 11.4003 3574.57 3.52328
198000001 9.62833 3616.17 1.38836
199000001 9.11719 3587.8 0.845231
200000001 9.14256 3567.23 0.743487
201000001 8.92146 3537.04 0.585417
202000001 9.02654 3554.62 0.640359
203000001 9.05601 3559.04 0.675489
204000001 19.2877 3669.21 9.93296
205000001 9.50645 3645.38 0.654366
206000001 9.29408 3621.36 0.596227
207000001 9.18537 3595.19 0.424682
208000001 9.13746 3583.51 0.409577
209000001 13.3679 3615.02 7.57223
210000001 9.12407 3595.25 0.488129
211000001 9.1982 3584.91 1.07724
212000001 9.95308 3564.36 1.72629
213000001 11.0418 3630.46 3.23992
214000001 9.25577 3619.16 0.985741
215000001 9.0278 3583.17 0.272267
216000001 8.98877 3566.16 0.335012
217000001 9.71544 3582.42 2.58041
218000001 9.1673 3587.56 0.572463
219000001 9.11286 3567.36 0.736582
220000001 9.79982 3674.96 1.01713
221000001 9.37366 3645.39 0.312034
222000001 9.32648 3623.97 0.781535
223000001 10.1782 3618.8 3.20143
224000001 9.26253 3593.18 1.21334
225000001 9.22194 3622.31 0.420321
226000001 9.23722 3613.61 0.660824
227000001 9.04586 3583.04 0.636107
228000001 9.66502 3611.35 1.72878
229000001 10.1551 3654.45 2.71088
230000001 9.14134 3612.91 0.443122
231000001 9.40428 3594.63 1.61033
232000001 9.94055 3587.01 2.46654
233000001 9.07481 3582.42 0.758274
234000001 9.20851 3591.59 0.868736
235000001 10.0076 3691.71 1.22291
236000001 9.50909 3674.18 0.546851
237000001 9.33471 3646.88 0.493088
238000001 9.98088 3636.69 1.32684
239000001 9.22553 3619.26 0.67867
240000001 9.67915 3653.34 1.6605
241000001 10.1558 3634.01 2.18833
242000001 9.09465 3609.58 0.285047
243000001 11.2314 3629.51 3.47497
244000001 9.70127 3669.67 1.64432
245000001 9.22498 3640.56 0.534215
246000001 9.2594 3621.48 0.603139
247000001 9.04373 3591.1 0.286879
248000001 9.16024 3609.41 0.600398
249000001 9.17949 3613.59 0.372986
250000001 10.7852 3704.47 2.31155
251000001 9.6321 3699.25 0.531725
252000001 10.1403 3674.73 3.08497
253000001 9.34748 3648.73 0.794632
254000001 9.26928 3635.52 0.420833
255000001 12.5934 3675.97 5.11899
256000001 9.28183 3647.97 0.569145
257000001 9.31511 3638.52 1.19529
258000001 10.1498 3622.5 1.82072
259000001 10.4963 3683.75 1.77984
260000001 9.35819 3671.03 0.608905
261000001 9.16553 3636.45 0.26678
262000001 9.18037 3619.37 0.95588
263000001 9.96811 3637.35 2.69356
264000001 9.40322 3641.05 1.30739
265000001 9.48498 3621.23 1.74039
266000001 9.91037 3725.51 0.961672
267000001 9.54631 3697.8 0.828633
268000001 9.42702 3675.05 0.541526
269000001 9.43725 3667.81 0.611641
270000001 9.25135 3643.44 0.306551
271000001 9.34467 3673.8 0.424367
272000001 9.3157 3664.66 0.505631
273000001 9.14995 3633.59 0.401595
274000001 9.66497 3664.45 1.15552
275000001 9.82281 3702.8 1.48051
276000001 9.26018 3662.43 0.323528
277000001 9.31876 3645.55 0.987139
278000001 10.1178 3640.96 3.47217
279000001 9.23269 3634.11 0.765668
280000001 9.49651 3644.33 1.76157
281000001 11.2128 3747.96 4.51689
282000001 9.60444 3723.19 0.263265
283000001 9.45152 3696.27 0.394753
284000001 9.8366 3687.72 1.82225
285000001 9.52415 3670.36 1.62249
286000001 9.66596 3701.78 1.09149
287000001 10.1639 3687.29 1.91796
288000001 9.22672 3658.97 0.290138
289000001 10.6245 3677.33 2.7636
290000001 9.78086 3719.15 1.44165
291000001 9.51462 3691.22 1.14375
292000001 9.39377 3670.68 0.711216
293000001 9.17476 3640.5 0.381249
294000001 9.26785 3657.99 0.582039
295000001 9.29121 3662.56 0.248338
296000001 11.3742 3757.67 3.90134
297000001 9.72879 3746.86 0.462223
298000001 9.65238 3721.89 1.25238
299000001 9.46014 3697.12 0.682119
300000001 9.38393 3684.57 0.33302
301000001 11.5639 3724.31 3.37728
302000001 9.3981 3695.38 0.675571
303000001 9.33034 3684.11 0.668978
304000001 10.0298 3668.86 1.93548
305000001 14.794 3739.59 9.85175
306000001 9.46356 3717.86 0.564644
307000001 9.28082 3683.14 0.24814
308000001 9.27737 3666.2 0.547157
309000001 9.68217 3686.54 1.68365
310000001 9.48221 3689.81 0.995919
311000001 9.37874 3668.1 0.725063
312000001 9.99305 3771.37 0.971878
313000001 9.74703 3744.29 1.20145
314000001 9.61833 3722.34 1.28475
315000001 9.62582 3714.5 1.35519
316000001 11.3745 3704.31 3.10549
317000001 9.44874 3719.12 0.390288
318000001 9.406 3710.59 0.426913
319000001 9.29444 3680.7 0.652527
320000001 25.8117 3740.23 20.3677
321000001 9.74205 3747.88 0.888097
322000001 9.36701 3708.11 0.298967
323000001 9.38362 3691.25 0.583981
324000001 9.97768 3686.47 3.21546
325000001 9.30478 3680.42 0.403567
326000001 9.49809 3690.77 1.11372
327000001 10.8475 3795.62 2.91782
328000001 9.71557 3767.34 0.472405
329000001 9.57112 3740.78 0.524904
330000001 9.88201 3734.44 1.648
331000001 9.56624 3716.63 1.12026
332000001 9.70099 3746.04 0.719057
333000001 10.2659 3736.02 1.98999
334000001 9.34267 3704.51 0.288887
335000001 10.5584 3721.84 2.70513
336000001 9.78158 3762.59 1.05315
337000001 9.51018 3736.07 0.560884
338000001 9.45848 3715.28 0.463299
339000001 9.2867 3685.61 0.4861
340000001 9.43907 3704.46 0.821037
341000001 10.3892 3710.75 2.38812
342000001 10.5717 3799.03 1.85395
343000001 9.84235 3791.06 0.784255
344000001 9.68907 3765.56 0.81164
345000001 9.53954 3740.35 0.36013
346000001 9.50697 3729.22 0.496204
347000001 11.4251 3768.3 3.40027
348000001 9.47938 3738.12 0.389682
349000001 9.46416 3728 0.770238
350000001 9.94913 3713.42 1.80012
351000001 12.4762 3792.41 5.27881
352000001 9.6198 3762 0.790253
353000001 9.39769 3727 0.260442
354000001 9.37046 3709.86 0.35787
355000001 9.70023 3729.85 1.31732
356000001 9.55418 3733.25 0.73868
357000001 9.51295 3711.29 1.09099
358000001 10.0807 3814.43 1.00608
359000001 9.75842 3787.23 0.655319
360000001 9.61095 3761.72 0.41491
361000001 9.63113 3756.03 0.513143
362000001 10.6676 3748.11 2.32132
363000001 9.71532 3763.86 1.56272
364000001 9.50352 3751.52 0.485587
365000001 9.40567 3723.21 0.640495
366000001 13.9383 3783.98 6.91961
367000001 9.78836 3788.8 0.697842
368000001 9.50636 3751.83 0.636413
369000001 9.49554 3734.7 0.886241
370000001 9.76241 3731.2 1.63233
371000001 9.94007 3725.98 2.58122
372000001 9.60661 3734.39 1.13222
373000001 10.3703 3835.76 1.1367
374000001 9.89991 3809.2 1.14188
375000001 9.66533 3782.14 0.365946
376000001 10.0842 3778 2.22557
377000001 9.56536 3757.33 0.592551
378000001 9.74899 3787.08 0.694949
379000001 10.1261 3779.26 1.66392
380000001 9.44562 3746.6 0.222965
381000001 10.6143 3763.89 2.69848
382000001 10.3844 3805.25 3.15839
383000001 9.60416 3776.77 0.546512
384000001 9.55541 3756.82 0.458732
385000001 10.042 3731.73 2.82677
386000001 9.73945 3747.63 1.64563
387000001 10.326 3754.06 2.04722
388000001 10.6105 3844.85 1.64139
389000001 9.92355 3832.83 0.710073
390000001 9.77524 3805.57 0.805284
391000001 9.63888 3781.31 0.301215
392000001 9.61048 3770.43 0.521388
393000001 10.8089 3812.41 2.37459
394000001 9.5682 3777.42 0.379999
395000001 9.5474 3769.15 0.5352
396000001 9.90728 3756.31 1.00585
397000001 11.435 3833.48 3.94062
398000001 9.67466 3801.6 0.647958
399000001 11.063 3779.41 3.43355
400000001 9.46617 3750.44 0.311044
401000001 9.76385 3770.34 1.29839
402000001 9.61965 3772.65 0.464173
403000001 26.1148 3774.61 23.4204
404000001 10.1187 3853.97 0.824987
405000001 9.87669 3828.1 0.901497
406000001 9.80077 3803.95 1.07023
407000001 9.73766 3795.88 0.792204
408000001 10.2377 3785.27 2.13448
409000001 9.78321 3802.94 1.26369
410000001 9.61761 3791.76 0.615128
411000001 9.48253 3763.19 0.39479
412000001 12.3359 3830.91 3.52507
413000001 9.86564 3826.91 1.0822
414000001 9.67229 3792.95 1.18814
415000001 9.56596 3773.67 0.651364
416000001 9.88892 3771.65 2.31834
417000001 25.8079 3798.38 20.1622
418000001 9.64733 3774.62 0.656912
419000001 10.4603 3877.36 1.57745
420000001 9.90123 3847.56 0.414509
421000001 10.603 3826.97 2.54488
422000001 10.268 3820.48 1.95643
423000001 9.67954 3796.94 0.552516
424000001 9.79474 3825.82 0.562244
425000001 9.9591 3816.94 0.994395
426000001 9.54703 3785.46 0.229442
427000001 10.4437 3804.11 1.99754
428000001 10.4852 3844.47 3.16745
429000001 9.66663 3814.41 0.413795
430000001 9.64822 3796.14 0.388717
431000001 9.51496 3769.49 0.367646
432000001 9.58974 3784.93 0.518787
433000001 10.3905 3794.87 1.8452
434000001 10.6829 3884.01 1.57144
435000001 9.99322 3870.39 0.420608
436000001 10.0377 3845.77 1.79953
437000001 10.0227 3818.8 1.73797
438000001 23.6881 3826.26 17.9609
439000001 10.5818 3850.38 1.82718
440000001 10.5663 3818.62 3.04474
441000001 9.63587 3807.49 0.42681
442000001 15.5519 3823.07 8.52746
443000001 10.9549 3872.97 2.82734
444000001 9.7815 3839.35 0.618244
445000001 9.95275 3817.18 1.37683
446000001 9.56208 3789.12 0.254227
447000001 9.8127 3807.55 1.17017
448000001 9.72579 3811.58 0.536459
449000001 24.6181 3859.72 19.4851
450000001 10.2174 3892.87 1.1782
451000001 9.94714 3865.4 0.653855
452000001 9.82615 3842.03 0.474783
453000001 9.80807 3833.25 0.489411
454000001 10.1657 3824.59 1.5418
455000001 9.85738 3840.75 1.1445
456000001 9.68467 3828.68 0.292906
457000001 9.58907 3801.17 0.489087
458000001 11.9709 3869.17 3.92589
459000001 9.93381 3863.95 1.01029
460000001 9.67937 3828.9 0.373055
461000001 9.65369 3811.71 0.520908
462000001 11.8954 3823.11 4.29115
463000001 10.7615 3836.03 3.60629
464000001 9.75954 3812.23 0.5891
465000001 10.4323 3914.39 1.09635
466000001 9.98573 3885.54 0.368113
467000001 10.1903 3864.65 1.31092
468000001 10.2122 3858.38 1.90064
469000001 9.76037 3833.33 0.466351
470000001 9.87051 3862.14 0.491561
471000001 9.9464 3853.06 0.864158
472000001 9.63773 3821.83 0.21816
473000001 10.6468 3845.13 2.00292
474000001 10.0364 3880.15 0.823495
475000001 9.87779 3852.95 0.949241
476000001 9.74301 3833.71 0.387719
477000001 9.59659 3806.05 0.355079
478000001 9.67501 3821.82 0.462638
479000001 10.3229 3833.08 1.77023
480000001 10.72 3922.13 1.33576
481000001 10.0859 3907.14 0.494641
482000001 10.0241 3881.95 1.046
483000001 9.88797 3856.24 0.929171
484000001 9.85134 3857.3 0.715778
485000001 10.6582 3889.36 2.41127
486000001 12.3686 3861.99 5.4687
487000001 9.72002 3844.34 0.423389
488000001 13.1727 3861.9 6.20941
489000001 10.5882 3904.23 1.88246
490000001 9.85938 3874.71 0.685161
491000001 9.94298 3853.78 1.02036
492000001 9.65372 3825.86 0.226872
493000001 9.81235 3841.92 0.829791
494000001 9.80377 3847.16 0.68504
495000001 23.7425 3932.89 17.2903
496000001 10.2486 3927.82 0.692692
497000001 10.0492 3903.35 0.850958
498000001 9.91581 3878.3 0.42353
499000001 9.89587 3868.78 0.679659
500000001 17.9845 3883.46 10.2764
501000001 9.92535 3877.33 0.986917
502000001 9.77485 3864.44 0.274177
503000001 14.7757 3844.34 8.40991
504000001 11.8155 3906.85 3.5459
505000001 9.95195 3898.23 0.64191
506000001 9.7661 3864.09 0.290323
507000001 9.7237 3846.69 0.333779
508000001 10.6196 3862.85 2.16918
509000001 9.9527 3870.11 1.1725
510000001 9.81308 3847.56 0.592453
511000001 10.4907 3949.23 1.02581
512000001 10.1241 3921.95 0.808051
513000001 10.0707 3899.65 0.674306
514000001 10.0977 3891.51 1.02944
515000001 9.86149 3867.88 0.56929
516000001 9.9364 3896.25 0.448942
517000001 9.97677 3888.01 0.609379
518000001 9.7295 3857.17 0.214557
519000001 10.4866 3882.8 1.78051
520000001 11.8101 3918.81 5.21437
521000001 9.9044 3888.02 0.605363
522000001 9.82599 3868.69 0.420743
523000001 9.68585 3841.64 0.354229
524000001 9.76128 3857.28 0.335194
525000001 10.0255 3867.18 1.73204
526000001 10.7109 3959.09 1.31305
527000001 10.1665 3941.79 0.378582
528000001 10.0498 3916.04 0.718817
529000001 13.0158 3909.18 5.56679
530000001 9.88829 3887.75 0.294283
531000001 10.514 3923.16 1.74299
532000001 10.9426 3896.94 2.82817
533000001 9.80189 3878.73 0.369036
534000001 13.0527 3898.87 5.70035
535000001 10.4888 3936.67 1.80156
536000001 9.95472 3910.08 0.829974
537000001 10.005 3889.78 1.00416
538000001 9.73834 3859.91 0.22417
539000001 9.86008 3876.6 0.641576
540000001 9.88805 3881.53 0.674754
541000001 20.5092 3987.37 10.8712
542000001 10.2971 3961.2 0.592809
543000001 10.0801 3936.75 0.260908
544000001 9.99775 3912.21 0.42473
545000001 9.95328 3900.32 0.409998
546000001 13.9638 3932.09 7.56968
547000001 9.95835 3910.76 0.639759
548000001 10.007 3901.05 1.07882
549000001 11.151 3880.89 2.94224
550000001 11.8132 3943.89 2.84652
551000001 10.0598 3932.3 0.986906
552000001 9.84941 3897.97 0.293522
553000001 9.8126 3881.33 0.346431
554000001 10.525 3897.06 2.67537
555000001 9.98252 3903.4 0.683394
556000001 9.9837 3882.71 1.23688
557000001 10.5548 3983.12 1.03488
558000001 10.1574 3954.31 0.314544
559000001 10.1144 3932.94 0.782665
560000001 10.9231 3927.9 3.16427
561000001 10.0596 3903 1.23889
562000001 10.0166 3930.23 0.420321
563000001 10.0308 3922.33 0.660855
564000001 10.3828 3894.34 2.6669
565000001 10.4266 3918.31 1.76031
566000001 10.9537 3959.01 2.71177
567000001 9.93984 3920.24 0.443163
568000001 10.3712 3903.55 1.81942
569000001 11.1566 3897.33 2.93911
570000001 9.87296 3890.86 0.758548
571000001 10.005 3899.73 0.826773
572000001 10.7357 3993.66 1.21693
573000001 10.2605 3975.44 0.637353
574000001 10.1102 3948.46 0.496585
575000001 10.8179 3939.98 1.34178
576000001 10.0117 3922.67 0.684485
577000001 10.4245 3954.38 1.66341
578000001 10.8871 3935.95 2.20606
579000001 9.88321 3912.05 0.287159
580000001 11.8833 3930.97 3.47503
581000001 10.4534 3967.42 1.64466
582000001 10.002 3940.47 0.534177
583000001 10.0354 3922.21 0.62791
584000001 9.83151 3893.09 0.377825
585000001 9.93531 3910.32 0.630951
586000001 9.95758 3914.79 0.373018
587000001 11.518 4002.38 2.31152
588000001 10.3844 3994.53 0.694795
589000001 10.8329 3970.21 2.80649
590000001 10.1124 3945.19 0.827159
591000001 10.0288 3932.47 0.340932
592000001 13.2252 3970.3 5.10981
593000001 10.0455 3943.33 0.569257
594000001 10.0659 3934.36 1.05366
595000001 10.8954 3918.21 1.7416
596000001 11.3127 3977.3 2.0575
597000001 10.1144 3964.19 0.623843
598000001 9.93279 3930.95 0.257666
599000001 9.95025 3914.83 0.956134
600000001 10.8494 3932.96 2.95001
601000001 10.0522 3935.61 0.586288
602000001 10.2287 3917.41 1.74028
603000001 10.8671 4015.62 2.35563
604000001 10.2751 3987.14 0.828634
605000001 10.1666 3965.16 0.546995
606000001 10.1983 3958.13 0.815124
607000001 10.0073 3934.08 0.324256
608000001 10.0902 3963.26 0.425145
609000001 10.0712 3954.95 0.506595
610000001 9.90997 3924.07 0.41048
611000001 10.4349 3954 1.47167
612000001 10.5499 3989.72 1.60442
613000001 10.0118 3951.18 0.332616
614000001 10.0831 3934.97 1.23493
615000001 10.8053 3930.94 3.4722
616000001 9.98173 3924.37 0.763836
617000001 10.2347 3934.08 1.82282
618000001 11.5119 4029.78 3.02173
619000001 10.3193 4007.31 0.263714
620000001 10.1804 3980.39 0.396417
621000001 10.4422 3970.94 0.941445
622000001 10.2579 3956.12 1.62251
623000001 10.3981 3986.06 1.09147
624000001 10.8732 3971.11 1.93177
625000001 9.96841 3943.67 0.287661
626000001 11.2751 3962 2.72845
627000001 10.4935 4000.14 1.44167
628000001 10.235 3973.86 1.14348
629000001 10.0999 3953.6 0.574334
630000001 9.92374 3926.11 0.432778
631000001 10.0053 3942.48 0.582071
632000001 10.0316 3946.98 0.361651
633000001 11.329 4035.1 1.97934
634000001 10.4284 4026.02 0.471921
635000001 10.3698 4000.43 1.50335
636000001 10.177 3976.85 0.682155
637000001 10.1054 3964.23 0.344623
638000001 12.1798 4003.19 3.3687
639000001 10.1195 3974.58 0.661947
640000001 10.1201 3964.44 1.06257
641000001 10.7238 3948.63 1.9355
642000001 10.9743 4005.09 2.07233
643000001 10.1731 3994.94 0.56598
644000001 10.0065 3961.82 0.255392
645000001 10.0292 3945.67 0.874955
646000001 10.4663 3965.88 1.83701
647000001 10.1709 3968.38 0.68149
648000001 10.091 3947.14 0.726961
649000001 10.6708 4045.02 0.899291
650000001 10.4402 4018.37 1.20293
651000001 10.2374 3995.93 0.489717
652000001 10.3223 3989.41 1.35518
653000001 12.3631 3978.08 4.25452
654000001 10.1545 3993.69 0.36918
655000001 10.1191 3984.96 0.462909
656000001 10.0113 3955.95 0.652349
657000001 10.4051 3984.5 1.02278
658000001 10.4371 4019.97 0.890146
659000001 10.0811 3981.85 0.301568
660000001 10.0949 3965.68 0.57651
661000001 10.6486 3961.31 3.21547
662000001 10.0237 3955.59 0.455647
663000001 10.2184 3965.86 1.11423
664000001 11.4719 4065.56 2.91782
665000001 10.4056 4037.92 0.548934
666000001 10.262 4011.48 0.496401
667000001 10.6294 4004.91 1.64522
668000001 10.3445 3988.2 1.32198
669000001 10.3842 4015.37 0.811971
670000001 10.9354 4005.46 1.91419
671000001 10.0463 3974.87 0.297474
672000001 11.4146 3994.61 2.69969
673000001 10.4639 4029.92 1.05312
674000001 10.2123 4004.92 0.54395
675000001 10.1547 3984.41 0.462504
676000001 9.99355 3956.33 0.494359
677000001 10.1789 3974.24 1.33121
678000001 20.0993 3991.13 13.8329
679000001 11.2099 4065.82 1.91756
680000001 10.5083 4056.72 0.784238
681000001 10.3624 4030.96 0.811672
682000001 10.224 4006.48 0.356466
683000001 10.1978 3995.55 0.637889
684000001 12.0062 4034.57 3.34174
685000001 10.1941 4004.29 0.65109
686000001 10.1516 3993.75 0.770237
687000001 10.6143 3979.17 1.80412
688000001 13.0306 4054.31 5.40788
689000001 10.5066 4027.41 2.10921
690000001 10.0861 3991.99 0.244773
691000001 10.064 3975.91 0.357524
692000001 10.3987 3995.61 1.63305
693000001 10.2411 3999.2 0.689123
694000001 10.2193 3978.08 1.091
695000001 10.7267 4075.14 0.971317
696000001 10.4247 4048.93 0.648468
697000001 10.2919 4025.48 0.415833
698000001 10.2982 4017.91 0.51877
699000001 11.5406 4009.52 3.32088
700000001 10.3792 4025.75 1.56272
701000001 10.19 4013.67 0.563384
702000001 10.089 3985.45 0.646397
703000001 14.4864 4040.04 6.9354
704000001 10.4547 4048.09 0.697952
705000001 10.1828 4012.71 0.638035
706000001 10.1728 3996.37 0.888013
707000001 10.3914 3992.22 1.63232
708000001 10.0937 3985.69 0.467077
709000001 10.2816 3996.45 1.13223
710000001 10.9954 4092.73 1.19971
711000001 10.5533 4066.92 1.15466
712000001 10.3284 4041.01 0.415321
713000001 10.723 4035.87 2.22652
714000001 10.2322 4015.67 0.592579
715000001 10.4075 4044.83 0.702586
716000001 11.0256 4036.85 2.82991
717000001 10.1192 4004.89 0.222968
718000001 11.2164 4022 2.69849
719000001 11.0011 4060.5 3.15839
720000001 10.264 4033.23 0.586163
721000001 10.2201 4013.84 0.434408
722000001 10.6811 3989.03 2.88426
723000001 10.198 4004.35 0.681318
724000001 10.9665 4012.18 2.04084
725000001 11.2125 4098.9 1.64591
726000001 10.5627 4086.26 0.724739
727000001 10.4325 4059.81 0.807648
728000001 10.2934 4035.62 0.302361
729000001 10.2632 4024.92 0.562824
730000001 11.6224 4066.42 2.70213
731000001 10.2315 4032.36 0.383408
732000001 10.2126 4023.1 0.564969
733000001 10.6442 4010.21 1.61677
734000001 11.5312 4083.68 2.58078
735000001 10.3368 4054.12 0.525129
736000001 11.7415 4029.78 3.70361
737000001 10.1297 4005.13 0.311298
738000001 10.4079 4024.71 1.29839
739000001 10.2794 4027.25 0.46924
740000001 11.4004 4009.13 3.92041
741000001 10.7633 4104.04 0.927198
742000001 10.5103 4078.24 0.894989
743000001 10.4431 4054.09 1.17994
744000001 10.421 4047.85 1.06097
745000001 10.9047 4038.09 2.05143
746000001 10.4245 4054 1.26368
747000001 10.2665 4042.37 0.615128
748000001 10.1411 4014.79 0.398001
749000001 12.9093 4079.89 3.65524
750000001 10.5097 4075.54 1.09226
751000001 10.3205 4042.71 1.19074
752000001 10.2204 4024.45 0.623131
753000001 10.5349 4023.19 2.32134
754000001 26.2865 4034.3 20.1939
755000001 10.2912 4025.69 0.657026
756000001 11.0708 4123.94 1.62323
757000001 10.5269 4094.76 0.414488
758000001 11.2035 4073.98 2.54669
759000001 10.8767 4068.13 1.95644
760000001 10.3584 4045.54 0.91741
761000001 10.446 4073.48 0.595036
762000001 10.6877 4064.36 1.34762
763000001 10.1931 4033.1 0.280802
764000001 11.1785 4052.15 2.3806
765000001 11.0873 4088.76 3.1717
766000001 10.3026 4060.08 0.41176
767000001 10.2875 4042.69 0.392386
768000001 10.1598 4017.26 0.37477
769000001 10.4197 4033.47 1.6344
770000001 10.9965 4041.95 1.84766
771000001 11.26 4128.17 1.57139
772000001 10.6035 4113.5 0.407937
773000001 10.6467 4089.35 1.79954
774000001 10.3625 4064.1 0.292976
775000001 10.3279 4053.19 0.471792
776000001 11.1676 4093.91 1.81667
777000001 11.1634 4063.24 3.04472
778000001 10.2673 4051.39 0.42684
779000001 16.5774 4068.52 8.17825
780000001 11.2268 4112.55 2.10736
781000001 10.3869 4081.54 0.629296
782000001 10.8798 4062.77 2.32491
783000001 10.198 4033.43 0.237583
784000001 10.4384 4052.85 1.16588
785000001 10.3554 4055.83 0.603036
786000001 25.1019 4098.28 19.827
787000001 10.8122 4132.64 1.19943
788000001 10.5625 4106.74 0.654288
789000001 10.4436 4082.74 0.47789
790000001 10.4265 4074.1 0.471151
791000001 10.7724 4066.36 1.54181
792000001 10.4821 4082.24 1.37142
793000001 10.3094 4069.73 0.292057
794000001 10.218 4042.74 0.454848
795000001 12.6949 4109.91 3.9395
796000001 10.5496 4102.71 1.03801
797000001 10.316 4069.62 0.570827
798000001 10.2791 4052.45 0.520908
799000001 12.4302 4061.57 4.29167
800000001 10.3968 4073.31 0.43568
801000001 10.3849 4053.79 0.645983
802000001 11.0109 4150.94 1.09641
803000001 10.589 4122.56 0.390775
804000001 10.6432 4101.18 0.907676
805000001 10.8416 4095.71 1.9027
806000001 10.3833 4071.67 0.590185
807000001 10.4762 4099.73 0.52517
808000001 10.5575 4090.98 0.879906
809000001 10.2586 4060.13 0.247203
810000001 11.2468 4082.7 2.01126
811000001 10.6523 4115.46 0.823525
812000001 10.4267 4088.47 0.739108
813000001 10.3576 4071.29 0.384888
814000001 10.2183 4044.55 0.355258
815000001 10.2916 4059.76 0.462632
816000001 10.9186 4071.23 1.81977
817000001 11.274 4156.01 1.34447
818000001 10.6756 4141.66 0.49462
819000001 10.6272 4116.91 1.04598
820000001 10.5432 4092.01 0.959774
821000001 10.4613 4092.66 0.798248
822000001 11.2194 4124.54 2.41791
823000001 13.0494 4095.55 4.91906
824000001 10.3302 4079.37 0.42321
825000001 13.6497 4097.34 6.11665
826000001 11.1607 4137.44 1.98945
827000001 10.4965 4109.24 0.819134
828000001 10.5404 4087.7 1.02036
829000001 10.266 4061.28 0.251741
830000001 10.4182 4077.33 0.832612
831000001 10.409 4082.36 0.730013
832000001 24.0746 4165.3 17.2901
833000001 10.8246 4159.05 0.694533
834000001 10.6409 4134.19 0.85096
835000001 10.5113 4110.46 0.416434
836000001 10.4908 4101.38 0.690318
837000001 23.439 4112.26 19.0552
838000001 10.5471 4109.9 1.3214
839000001 10.3755 4096.42 0.274189
840000001 15.261 4077.14 8.39054
841000001 12.3541 4138.39 3.54591
842000001 10.5533 4128.6 0.625997
843000001 10.3674 4095.71 0.290293
844000001 10.3338 4079.54 0.339665
845000001 11.1368 4094.1 2.16919
846000001 10.7311 4104.22 1.68564
847000001 10.4166 4080.47 0.592546
848000001 11.0505 4178.09 1.05511
849000001 10.7016 4151.11 0.808213
850000001 10.6512 4129.19 0.675727
851000001 10.7601 4121.05 1.70481
852000001 10.4518 4098.85 0.566988
853000001 10.5299 4126.09 0.491119
854000001 10.5696 4117.25 0.61103
855000001 10.3264 4087.2 0.214295
856000001 11.043 4112.61 1.7805
857000001 10.6762 4141.49 0.812827
858000001 10.4924 4116.14 0.596265
859000001 10.4295 4098.07 0.635877
860000001 10.285 4071.61 0.354199
861000001 10.351 4086.5 0.351841
862000001 10.5492 4095.92 0.950807
863000001 11.2661 4185.43 1.31293
864000001 10.7364 4168.18 0.381752
865000001 10.6411 4143.32 0.840947
866000001 13.6285 4135.12 5.56681
867000001 10.4754 4115.32 0.294695
868000001 11.0785 4150.42 1.74475
869000001 11.6799 4124.66 2.59932
870000001 10.3911 4105.79 0.365675
871000001 13.5206 4125.98 5.70038
872000001 11.1038 4161.33 1.84019
873000001 10.5384 4135.28 0.883547
874000001 10.5888 4115.81 1.00854
875000001 10.3313 4087.19 0.230755
876000001 11.3552 4106.97 3.62131
877000001 10.472 4108.9 0.679855
878000001 21.0158 4211.64 11.4969
879000001 10.8635 4184.53 0.697947
880000001 10.6506 4160.89 0.318135
881000001 10.5732 4137.13 0.415726
882000001 10.5311 4125.13 0.400374
883000001 14.64 4154.35 7.58144
884000001 10.5362 4135.13 0.639761
885000001 10.7266 4126.17 1.85338
886000001 12.4401 4107.5 3.58537
887000001 12.3236 4166.79 2.84653
888000001 10.6275 4154.58 0.987154
889000001 10.4299 4121.59 0.293531
890000001 10.3973 4105.97 0.35352
891000001 11.0988 4121.8 2.96388
892000001 10.568 4127.74 0.907317
893000001 10.5669 4108.04 1.22265
894000001 11.0942 4204.04 1.00733
895000001 10.7179 4175.83 0.300871
896000001 10.6799 4154.96 0.786127
897000001 10.6976 4147.3 0.856455
898000001 10.632 4125.87 1.30114
899000001 10.5848 4152.29 0.455214
900000001 10.5979 4143.49 0.645484
901000001 10.9288 4116.43 2.66825
902000001 10.9726 4140.05 1.76669
903000001 11.6932 4178.57 3.66222
904000001 10.5114 4141.06 0.445497
905000001 10.9352 4126.37 1.81942
906000001 25.0498 4129.5 19.9633
907000001 10.4142 4112.77 0.339539
908000001 10.5746 4122.5 0.827374
909000001 11.2287 4210.94 1.04047
910000001 10.8118 4194.19 0.637829
911000001 10.6725 4168.51 0.474516
912000001 11.3603 4159.85 1.33311
913000001 10.5913 4143.36 0.684324
914000001 11.0057 4174.95 1.53952
915000001 11.4574 4153.78 2.21028
916000001 10.4537 4131.81 0.260733
917000001 12.3763 4149.63 3.46063
918000001 11.0012 4185.1 1.56053
919000001 10.5662 4158.91 0.514584
920000001 10.6031 4141.01 0.684679
921000001 10.4029 4113.02 0.368598
922000001 10.501 4130.25 0.605919
923000001 10.5432 4134.89 0.601942
924000001 12.0108 4218.75 2.31151
925000001 10.9247 4210.56 0.728078
926000001 10.7838 4185.59 1.09842
927000001 10.6687 4163.04 0.84875
928000001 10.5888 4150.44 0.353686
929000001 13.7298 4188.36 5.07439
930000001 10.6069 4161.18 0.625655
931000001 10.624 4151.71 1.07804
932000001 11.4391 4135.34 1.74183
933000001 11.8319 4192.39 2.12606
934000001 10.6717 4180.17 0.618959
935000001 10.4946 4147.24 0.257731
936000001 10.5122 4132.52 0.956135
937000001 11.7663 4150.86 4.17176
938000001 10.6101 4153.14 0.586897
939000001 10.7794 4134.93 1.74001
940000001 11.3835 4229.9 2.35698
941000001 10.8162 4202 0.828974
942000001 10.713 4180.49 0.547408
943000001 10.7481 4173.47 0.815127
944000001 10.5627 4149.91 0.324672
945000001 10.6411 4178.04 0.425193
946000001 10.6228 4169.63 0.507417
947000001 10.4725 4139.77 0.452932
948000001 10.961 4168.07 1.47166
949000001 11.1524 4204.41 1.60442
950000001 10.5661 4165.56 0.332637
951000001 10.6161 4149.03 0.964759
952000001 11.356 4146.54 3.47188
953000001 10.5266 4139.44 0.762778
954000001 10.7784 4149.72 1.82282
955000001 11.4512 4238.85 1.74846
956000001 10.8552 4219.85 0.26452
957000001 10.732 4193.47 0.528137
958000001 10.9806 4183.86 0.944889
959000001 10.7969 4169.27 1.65212
960000001 10.8787 4197.61 1.01861
961000001 11.4462 4183.56 2.10875
962000001 10.518 4157.01 0.29078
963000001 11.9093 4174.8 2.72843
964000001 11.0182 4210.82 1.4421
965000001 10.625 4183.56 0.466483
966000001 10.6508 4165.68 0.578664
967000001 10.4806 4139.15 0.43442
968000001 10.5534 4155.23 0.582533
969000001 10.582 4159.95 0.360447
970000001 11.8674 4246.83 1.66141
971000001 10.9714 4236.64 0.477695
972000001 10.9216 4210.84 1.69128
973000001 10.6939 4187.72 0.367848
974000001 10.6508 4176.06 0.350176
975000001 13.0288 4215.3 3.87507
976000001 10.6656 4185.9 0.695051
977000001 10.6766 4175.86 1.04372
978000001 11.2458 4160.08 1.9355
979000001 11.5654 4215.51 2.0652
980000001 10.7121 4204.03 0.566427
981000001 10.5533 4172.11 0.25443
982000001 10.5824 4156.39 0.940243
983000001 11.0658 4176.7 2.07306
984000001 10.7089 4179.53 0.767642
985000001 10.6828 4158.98 0.983648
986000001 11.1878 4253.6 0.902337
987000001 10.9638 4227.27 1.20326
988000001 10.7829 4205.43 0.732041
989000001 10.8514 4198.22 1.37998
990000001 10.6406 4176 0.686716
991000001 10.693 4203.2 0.369147
992000001 10.6581 4193.79 0.462796
993000001 10.555 4165.1 0.662071
994000001 11.0242 4193.79 1.42529
995000001 10.9669 4226.74 0.917636
996000001 10.6207 4189.98 0.314858
997000001 10.6337 4174.06 0.576522
998000001 11.1599 4170.16 3.21522
999000001 10.5824 4165.17 0.560542
