1 949.944
10001 46.8951
20001 19.3484
30001 12.2316
40001 8.99098
50001 7.33783
60001 5.86319
70001 5.02878
80001 5.70065
90001 4.01518
100001 3.7049
110001 4.19892
120001 3.07487
130001 3.19358
140001 3.34915
150001 3.07379
160001 2.78154
170001 3.17531
180001 2.69825
190001 2.42814
200001 2.67081
210001 2.40058
220001 2.44763
230001 2.44548
240001 4.44271
250001 3.40814
260001 2.58498
270001 2.55526
280001 2.96735
290001 2.31837
300001 2.42971
310001 2.75336
320001 3.55312
330001 3.24445
340001 2.31923
350001 2.45157
360001 4.98374
370001 2.26323
380001 2.4955
390001 3.32069
400001 2.16756
410001 2.334
420001 2.89281
430001 2.66343
440001 2.29486
450001 2.82585
460001 2.30238
470001 2.15913
480001 2.60108
490001 2.28048
500001 2.026
510001 2.32908
520001 2.28281
530001 1.98515
540001 2.18738
550001 2.87536
560001 2.93537
570001 2.41762
580001 2.29962
590001 2.76306
600001 2.34799
610001 3.33449
620001 2.35799
630001 2.51243
640001 2.81978
650001 2.14873
660001 2.20398
670001 3.99519
680001 2.17627
690001 2.21928
700001 3.23029
710001 1.98719
720001 2.35352
730001 2.72908
740001 2.44509
750001 2.2417
760001 2.7982
770001 2.27232
780001 2.04845
790001 2.38731
800001 2.09912
810001 2.1874
820001 2.22753
830001 4.2815
840001 3.24708
850001 2.42651
860001 2.40857
870001 2.84803
880001 2.19627
890001 2.30961
900001 2.65957
910001 3.47906
920001 3.17459
930001 2.24241
940001 2.37551
950001 4.94122
960001 2.1984
970001 2.437
980001 3.27867
990001 2.11333
1000001 2.28519
1010001 2.85481
1020001 2.61616
1030001 2.2505
1040001 2.79318
1050001 2.266
1060001 2.12271
1070001 2.57297
1080001 2.24748
1090001 1.99343
1100001 2.30242
1110001 2.25602
1120001 1.95863
1130001 2.1632
1140001 2.85407
1150001 2.91568
1160001 2.39644
1170001 2.27963
1180001 2.74663
1190001 2.33242
1200001 3.32111
1210001 2.34164
1220001 2.49714
1230001 2.8058
1240001 2.13447
1250001 2.18855
1260001 3.98586
1270001 2.16301
1280001 2.20537
1290001 3.22153
1300001 1.97559
1310001 2.341
1320001 2.71907
1330001 2.43394
1340001 2.23072
1350001 2.7895
1360001 2.2623
1370001 2.03763
1380001 2.3797
1390001 2.09038
1400001 2.17949
1410001 2.2189
1420001 4.27573
1430001 3.24132
1440001 2.41861
1450001 2.40176
1460001 2.84242
1470001 2.19032
1480001 2.30317
1490001 2.654
1500001 3.47449
1510001 3.16922
1520001 2.23778
1530001 2.36922
1540001 4.93702
1550001 2.19337
1560001 2.43256
1570001 3.27537
1580001 2.10871
1590001 2.28043
1600001 2.85048
1610001 2.61115
1620001 2.24585
1630001 2.78964
1640001 2.26278
1650001 2.11884
1660001 2.5701
1670001 2.24405
1680001 1.98988
1690001 2.29958
1700001 2.25314
1710001 1.95539
1720001 2.16021
1730001 2.852
1740001 2.91351
1750001 2.39353
1760001 2.27755
1770001 2.74449
1780001 2.33085
1790001 3.31938
1800001 2.33947
1810001 2.49508
1820001 2.80348
1830001 2.13275
1840001 2.1863
1850001 3.98445
1860001 2.16123
1870001 2.20328
1880001 3.22008
1890001 1.97426
1900001 2.33895
1910001 2.71726
1920001 2.4322
1930001 2.22899
1940001 2.78798
1950001 2.26087
1960001 2.03585
1970001 2.3787
1980001 2.08927
1990001 2.17849
2000001 2.21742
2010001 4.27499
2020001 3.24042
2030001 2.41718
2040001 2.40081
2050001 2.84157
2060001 2.18963
2070001 2.30227
2080001 2.65315
2090001 3.47369
2100001 3.16813
2110001 2.2372
2120001 2.36785
2130001 4.93596
2140001 2.19256
2150001 2.43189
2160001 3.27479
2170001 2.108
2180001 2.27952
2190001 2.84956
2200001 2.61021
2210001 2.24497
2220001 2.78897
2230001 2.26235
2240001 2.11822
2250001 2.56965
2260001 2.24353
2270001 1.98928
2280001 2.29913
2290001 2.25273
2300001 1.9548
2310001 2.15967
2320001 2.8518
2330001 2.91318
2340001 2.39285
2350001 2.27737
2360001 2.74408
2370001 2.33075
2380001 3.31906
2390001 2.3391
2400001 2.49466
2410001 2.80287
2420001 2.13257
2430001 2.18584
2440001 3.98408
2450001 2.16099
2460001 2.20285
2470001 3.2197
2480001 1.97417
2490001 2.3385
2500001 2.71676
2510001 2.43182
2520001 2.22862
2530001 2.78759
2540001 2.26064
2550001 2.03548
2560001 2.37854
2570001 2.08914
2580001 2.17835
2590001 2.21707
2600001 4.27489
2610001 3.24016
2620001 2.41679
2630001 2.40065
2640001 2.84138
2650001 2.1896
2660001 2.30212
2670001 2.65303
2680001 3.4735
2690001 3.1678
2700001 2.23713
2710001 2.36739
2720001 4.93556
2730001 2.1924
2740001 2.43177
2750001 3.27459
2760001 2.10788
2770001 2.27928
2780001 2.8493
2790001 2.61
2800001 2.24475
2810001 2.78881
2820001 2.26227
2830001 2.11812
2840001 2.56952
2850001 2.24346
2860001 1.98915
2870001 2.29901
2880001 2.25267
2890001 1.95465
2900001 2.15953
2910001 2.85181
2920001 2.91313
2930001 2.3926
2940001 2.27741
2950001 2.74397
2960001 2.3308
2970001 3.31895
2980001 2.33902
2990001 2.49454
3000001 2.80262
3010001 2.1326
3020001 2.18573
3030001 3.9839
3040001 2.16098
3050001 2.20273
3060001 3.21956
3070001 1.97423
3080001 2.33838
3090001 2.71655
3100001 2.43168
3110001 2.22851
3120001 2.78743
3130001 2.26061
3140001 2.0354
3150001 2.37848
3160001 2.08913
3170001 2.17832
3180001 2.21694
3190001 4.27488
3200001 3.24001
3210001 2.41661
3220001 2.40062
3230001 2.84131
3240001 2.18964
3250001 2.30209
3260001 2.65303
3270001 3.47345
3280001 3.16765
3290001 2.23712
3300001 2.36717
3310001 4.93534
3320001 2.19235
3330001 2.43173
3340001 3.27445
3350001 2.10786
3360001 2.27919
3370001 2.84921
3380001 2.60997
3390001 2.24467
3400001 2.78875
3410001 2.26222
3420001 2.11813
3430001 2.56945
3440001 2.24347
3450001 1.98911
3460001 2.29896
3470001 2.25268
3480001 1.9546
3490001 2.15947
3500001 2.85183
3510001 2.91313
3520001 2.39246
3530001 2.27745
3540001 2.74394
3550001 2.33085
3560001 3.3189
3570001 2.33901
3580001 2.49449
3590001 2.80248
3600001 2.13265
3610001 2.1857
3620001 3.98377
3630001 2.16101
3640001 2.20269
3650001 3.21948
3660001 1.97429
3670001 2.33835
3680001 2.71643
3690001 2.43161
3700001 2.22847
3710001 2.78736
3720001 2.26062
3730001 2.03539
3740001 2.37844
3750001 2.08915
3760001 2.1783
3770001 2.21688
3780001 4.27488
3790001 3.23991
3800001 2.41651
3810001 2.40061
3820001 2.84127
3830001 2.18968
3840001 2.30208
3850001 2.65305
3860001 3.47343
3870001 3.16757
3880001 2.2371
3890001 2.36704
3900001 4.93521
3910001 2.19233
3920001 2.43172
3930001 3.27434
3940001 2.10786
3950001 2.27914
3960001 2.84917
3970001 2.60998
3980001 2.24463
3990001 2.78873
4000001 2.26218
4010001 2.11815
4020001 2.5694
4030001 2.2435
4040001 1.98909
4050001 2.29892
4060001 2.2527
4070001 1.95457
4080001 2.15944
4090001 2.85185
4100001 2.91315
4110001 2.39238
4120001 2.27748
4130001 2.74393
4140001 2.33088
4150001 3.31886
4160001 2.33901
4170001 2.49446
4180001 2.80239
4190001 2.13269
4200001 2.18571
4210001 3.98367
4220001 2.16104
4230001 2.20268
4240001 3.21943
4250001 1.97435
4260001 2.33835
4270001 2.71636
4280001 2.43156
4290001 2.22845
4300001 2.78732
4310001 2.26063
4320001 2.03539
4330001 2.37842
4340001 2.08917
4350001 2.17828
4360001 2.21684
4370001 4.27488
4380001 3.23983
4390001 2.41645
4400001 2.40061
4410001 2.84124
4420001 2.18971
4430001 2.3021
4440001 2.65308
4450001 3.47344
4460001 3.16752
4470001 2.23708
4480001 2.36696
4490001 4.93512
4500001 2.19231
4510001 2.43172
4520001 3.27424
4530001 2.10786
4540001 2.27912
4550001 2.84915
4560001 2.61001
4570001 2.24461
4580001 2.78872
4590001 2.26215
4600001 2.11818
4610001 2.56935
4620001 2.24353
4630001 1.98908
4640001 2.2989
4650001 2.25272
4660001 1.95455
4670001 2.15942
4680001 2.85186
4690001 2.91317
4700001 2.39232
4710001 2.27751
4720001 2.74393
4730001 2.33089
4740001 3.31884
4750001 2.33902
4760001 2.49445
4770001 2.80233
4780001 2.13273
4790001 2.18572
4800001 3.98358
4810001 2.16106
4820001 2.20268
4830001 3.21941
4840001 1.9744
4850001 2.33837
4860001 2.7163
4870001 2.43152
4880001 2.22844
4890001 2.78729
4900001 2.26065
4910001 2.0354
4920001 2.3784
4930001 2.0892
4940001 2.17827
4950001 2.21681
4960001 4.27489
4970001 3.23977
4980001 2.4164
4990001 2.40061
5000001 2.84122
5010001 2.18974
5020001 2.30212
5030001 2.6531
5040001 3.47345
5050001 3.16749
5060001 2.23707
5070001 2.3669
5080001 4.93505
5090001 2.1923
5100001 2.43172
5110001 3.27416
5120001 2.10787
5130001 2.27911
5140001 2.84914
5150001 2.61005
5160001 2.2446
5170001 2.78872
5180001 2.26213
5190001 2.11821
5200001 2.56931
5210001 2.24355
5220001 1.98908
5230001 2.29888
5240001 2.25275
5250001 1.95453
5260001 2.15941
5270001 2.85188
5280001 2.91319
5290001 2.39227
5300001 2.27753
5310001 2.74395
5320001 2.33091
5330001 3.31883
5340001 2.33902
5350001 2.49444
5360001 2.80229
5370001 2.13276
5380001 2.18573
5390001 3.98351
5400001 2.16109
5410001 2.20268
5420001 3.21939
5430001 1.97445
5440001 2.3384
5450001 2.71627
5460001 2.43149
5470001 2.22844
5480001 2.78728
5490001 2.26068
5500001 2.03541
5510001 2.37839
5520001 2.08923
5530001 2.17826
5540001 2.21679
5550001 4.2749
5560001 3.23973
5570001 2.41636
5580001 2.40061
5590001 2.84121
5600001 2.18975
5610001 2.30215
5620001 2.65312
5630001 3.47346
5640001 3.16747
5650001 2.23705
5660001 2.36685
5670001 4.935
5680001 2.19229
5690001 2.43173
5700001 3.27409
5710001 2.10787
5720001 2.27911
5730001 2.84912
5740001 2.61009
5750001 2.2446
5760001 2.78872
5770001 2.26211
5780001 2.11824
5790001 2.56927
5800001 2.24358
5810001 1.98908
5820001 2.29887
5830001 2.25277
5840001 1.95452
5850001 2.1594
5860001 2.85189
5870001 2.91322
5880001 2.39224
5890001 2.27754
5900001 2.74396
5910001 2.33091
5920001 3.31882
5930001 2.33903
5940001 2.49444
5950001 2.80225
5960001 2.13279
5970001 2.18575
5980001 3.98345
5990001 2.1611
6000001 2.20268
6010001 3.21938
6020001 1.97449
6030001 2.33843
6040001 2.71624
6050001 2.43146
6060001 2.22844
6070001 2.78727
6080001 2.2607
6090001 2.03542
6100001 2.37838
6110001 2.08925
6120001 2.17825
6130001 2.21678
6140001 4.27491
6150001 3.2397
6160001 2.41634
6170001 2.40062
6180001 2.84119
6190001 2.18977
6200001 2.30219
6210001 2.65315
6220001 3.47348
6230001 3.16746
6240001 2.23704
6250001 2.36682
6260001 4.93497
6270001 2.19228
6280001 2.43173
6290001 3.27403
6300001 2.10788
6310001 2.27911
6320001 2.84912
6330001 2.61013
6340001 2.24459
6350001 2.78873
6360001 2.26209
6370001 2.11827
6380001 2.56924
6390001 2.2436
6400001 1.98907
6410001 2.29886
6420001 2.25279
6430001 1.95452
6440001 2.1594
6450001 2.8519
6460001 2.91324
6470001 2.39222
6480001 2.27755
6490001 2.74398
6500001 2.33092
6510001 3.31881
6520001 2.33904
6530001 2.49444
6540001 2.80223
6550001 2.13281
6560001 2.18577
6570001 3.9834
6580001 2.16112
6590001 2.20268
6600001 3.21938
6610001 1.97452
6620001 2.33845
6630001 2.71623
6640001 2.43143
6650001 2.22844
6660001 2.78727
6670001 2.26072
6680001 2.03542
6690001 2.37837
6700001 2.08928
6710001 2.17824
6720001 2.21676
6730001 4.27492
6740001 3.23968
6750001 2.41631
6760001 2.40062
6770001 2.84118
6780001 2.18978
6790001 2.30222
6800001 2.65316
6810001 3.4735
6820001 3.16745
6830001 2.23702
6840001 2.36679
6850001 4.93494
6860001 2.19227
6870001 2.43173
6880001 3.27397
6890001 2.10789
6900001 2.27911
6910001 2.84911
6920001 2.61017
6930001 2.24459
6940001 2.78873
6950001 2.26207
6960001 2.11829
6970001 2.56922
6980001 2.24361
6990001 1.98907
7000001 2.29885
7010001 2.25281
7020001 1.95451
7030001 2.1594
7040001 2.85191
7050001 2.91326
7060001 2.3922
7070001 2.27756
7080001 2.744
7090001 2.33093
7100001 3.31881
7110001 2.33905
7120001 2.49444
7130001 2.80221
7140001 2.13283
7150001 2.18578
7160001 3.98335
7170001 2.16113
7180001 2.20269
7190001 3.21938
7200001 1.97455
7210001 2.33848
7220001 2.71621
7230001 2.43141
7240001 2.22845
7250001 2.78727
7260001 2.26074
7270001 2.03543
7280001 2.37837
7290001 2.08931
7300001 2.17824
7310001 2.21675
7320001 4.27493
7330001 3.23966
7340001 2.4163
7350001 2.40063
7360001 2.84117
7370001 2.18979
7380001 2.30226
7390001 2.65318
7400001 3.47352
7410001 3.16745
7420001 2.23701
7430001 2.36677
7440001 4.93491
7450001 2.19226
7460001 2.43174
7470001 3.27392
7480001 2.10789
7490001 2.27912
7500001 2.8491
7510001 2.6102
7520001 2.24459
7530001 2.78874
7540001 2.26206
7550001 2.11832
7560001 2.5692
7570001 2.24363
7580001 1.98907
7590001 2.29885
7600001 2.25283
7610001 1.95451
7620001 2.1594
7630001 2.85193
7640001 2.91327
7650001 2.39219
7660001 2.27757
7670001 2.74401
7680001 2.33093
7690001 3.31881
7700001 2.33906
7710001 2.49445
7720001 2.80219
7730001 2.13284
7740001 2.18579
7750001 3.98331
7760001 2.16114
7770001 2.20269
7780001 3.21938
7790001 1.97458
7800001 2.33851
7810001 2.71621
7820001 2.43139
7830001 2.22845
7840001 2.78727
7850001 2.26075
7860001 2.03544
7870001 2.37837
7880001 2.08933
7890001 2.17823
7900001 2.21675
7910001 4.27494
7920001 3.23965
7930001 2.41628
7940001 2.40064
7950001 2.84116
7960001 2.1898
7970001 2.3023
7980001 2.6532
7990001 3.47353
8000001 3.16745
8010001 2.23701
8020001 2.36675
8030001 4.93489
8040001 2.19225
8050001 2.43174
8060001 3.27388
8070001 2.1079
8080001 2.27913
8090001 2.84909
8100001 2.61024
8110001 2.24459
8120001 2.78875
8130001 2.26205
8140001 2.11834
8150001 2.56918
8160001 2.24364
8170001 1.98907
8180001 2.29885
8190001 2.25285
8200001 1.9545
8210001 2.1594
8220001 2.85194
8230001 2.91329
8240001 2.39218
8250001 2.27758
8260001 2.74403
8270001 2.33093
8280001 3.31881
8290001 2.33907
8300001 2.49446
8310001 2.80218
8320001 2.13286
8330001 2.18581
8340001 3.98328
8350001 2.16115
8360001 2.2027
8370001 3.21938
8380001 1.97461
8390001 2.33853
8400001 2.7162
8410001 2.43137
8420001 2.22846
8430001 2.78728
8440001 2.26077
8450001 2.03544
8460001 2.37837
8470001 2.08936
8480001 2.17823
8490001 2.21674
8500001 4.27495
8510001 3.23965
8520001 2.41627
8530001 2.40065
8540001 2.84116
8550001 2.18981
8560001 2.30234
8570001 2.65321
8580001 3.47355
8590001 3.16745
8600001 2.237
8610001 2.36673
8620001 4.93488
8630001 2.19224
8640001 2.43174
8650001 3.27384
8660001 2.1079
8670001 2.27913
8680001 2.84909
8690001 2.61027
8700001 2.2446
8710001 2.78876
8720001 2.26204
8730001 2.11836
8740001 2.56916
8750001 2.24365
8760001 1.98908
8770001 2.29885
8780001 2.25286
8790001 1.9545
8800001 2.15941
8810001 2.85195
8820001 2.9133
8830001 2.39217
8840001 2.27759
8850001 2.74405
8860001 2.33094
8870001 3.31882
8880001 2.33908
8890001 2.49446
8900001 2.80217
8910001 2.13287
8920001 2.18582
8930001 3.98325
8940001 2.16116
8950001 2.20271
8960001 3.21939
8970001 1.97463
8980001 2.33856
8990001 2.7162
9000001 2.43136
9010001 2.22846
9020001 2.78728
9030001 2.26079
9040001 2.03545
9050001 2.37838
9060001 2.08938
9070001 2.17823
9080001 2.21674
9090001 4.27496
9100001 3.23964
9110001 2.41627
9120001 2.40066
9130001 2.84115
9140001 2.18982
9150001 2.30237
9160001 2.65322
9170001 3.47357
9180001 3.16745
9190001 2.23699
9200001 2.36672
9210001 4.93487
9220001 2.19223
9230001 2.43175
9240001 3.27381
9250001 2.10791
9260001 2.27914
9270001 2.84909
9280001 2.6103
9290001 2.2446
9300001 2.78876
9310001 2.26203
9320001 2.11839
9330001 2.56915
9340001 2.24366
9350001 1.98908
9360001 2.29885
9370001 2.25288
9380001 1.9545
9390001 2.15941
9400001 2.85197
9410001 2.91332
9420001 2.39216
9430001 2.2776
9440001 2.74406
9450001 2.33094
9460001 3.31882
9470001 2.33909
9480001 2.49447
9490001 2.80216
9500001 2.13288
9510001 2.18583
9520001 3.98322
9530001 2.16116
9540001 2.20271
9550001 3.21939
9560001 1.97465
9570001 2.33858
9580001 2.7162
9590001 2.43134
9600001 2.22847
9610001 2.78729
9620001 2.26081
9630001 2.03545
9640001 2.37838
9650001 2.0894
9660001 2.17824
9670001 2.21674
9680001 4.27497
9690001 3.23964
9700001 2.41626
9710001 2.40067
9720001 2.84114
9730001 2.18983
9740001 2.30241
9750001 2.65324
9760001 3.47358
9770001 3.16746
9780001 2.23699
9790001 2.36671
9800001 4.93486
9810001 2.19222
9820001 2.43175
9830001 3.27378
9840001 2.10792
9850001 2.27915
9860001 2.84908
9870001 2.61032
9880001 2.24461
9890001 2.78877
9900001 2.26202
9910001 2.11841
9920001 2.56913
9930001 2.24368
9940001 1.98908
9950001 2.29885
9960001 2.2529
9970001 1.9545
9980001 2.15941
9990001 2.85198
