1 31.336
10001 20.961
20001 17.0764
30001 13.6341
40001 11.8572
50001 9.44908
60001 8.22376
70001 9.48433
80001 9.77473
90001 6.78248
100001 7.51014
110001 6.54207
120001 6.998
130001 7.69725
140001 5.6775
150001 5.93837
160001 7.43989
170001 8.17833
180001 6.58242
190001 7.0962
200001 7.21324
210001 7.5736
220001 9.69241
230001 5.93288
240001 7.70868
250001 8.57489
260001 6.62054
270001 7.24476
280001 5.89508
290001 6.19202
300001 7.12013
310001 7.77056
320001 7.19715
330001 7.61683
340001 8.40536
350001 7.10963
360001 8.72642
370001 7.25873
380001 5.95457
390001 6.6515
400001 7.84586
410001 6.53981
420001 6.84337
430001 9.095
440001 7.91269
450001 6.75423
460001 6.27265
470001 8.47121
480001 7.07535
490001 9.19191
500001 7.92631
510001 6.27397
520001 6.07463
530001 10.4145
540001 8.21062
550001 8.19415
560001 8.69705
570001 12.0914
580001 7.62241
590001 8.23646
600001 6.55055
610001 6.01606
620001 8.0138
630001 8.62649
640001 7.31999
650001 7.67297
660001 7.51598
670001 7.47604
680001 6.85891
690001 6.39377
700001 6.52088
710001 9.35126
720001 8.96092
730001 7.80542
740001 7.61346
750001 6.21566
760001 8.96473
770001 7.95679
780001 6.88614
790001 8.42971
800001 8.50729
810001 7.35939
820001 8.04604
830001 7.30926
840001 6.88588
850001 8.74837
860001 9.49788
870001 6.80255
880001 7.06781
890001 6.89545
900001 7.42367
910001 8.23291
920001 6.38507
930001 6.67027
940001 8.0658
950001 8.83111
960001 7.34806
970001 7.89682
980001 7.94954
990001 8.26927
1000001 10.3588
1010001 6.78026
1020001 8.47019
1030001 9.21384
1040001 7.41117
1050001 7.98274
1060001 6.74269
1070001 7.02857
1080001 7.82404
1090001 8.43927
1100001 7.94892
1110001 7.83868
1120001 9.06382
1130001 7.78738
1140001 9.34859
1150001 7.98674
1160001 6.70128
1170001 7.33614
1180001 8.47526
1190001 7.23459
1200001 7.5154
1210001 9.66447
1220001 8.47997
1230001 7.3895
1240001 6.93879
1250001 9.05554
1260001 7.67219
1270001 9.72098
1280001 8.48975
1290001 6.90533
1300001 6.72043
1310001 10.87
1320001 8.71119
1330001 8.73313
1340001 9.1999
1350001 12.4733
1360001 8.13056
1370001 8.71747
1380001 7.10972
1390001 6.59257
1400001 8.49172
1410001 9.06531
1420001 7.82707
1430001 8.1682
1440001 7.98979
1450001 7.9429
1460001 7.3358
1470001 6.8935
1480001 7.00634
1490001 9.74141
1500001 9.36266
1510001 8.21462
1520001 8.05821
1530001 6.69254
1540001 9.32557
1550001 8.34793
1560001 7.31513
1570001 8.81067
1580001 8.86559
1590001 7.75765
1600001 8.42071
1610001 7.71957
1620001 7.29395
1630001 9.07792
1640001 9.78762
1650001 7.18772
1660001 7.44298
1670001 7.26476
1680001 7.77242
1690001 8.56424
1700001 6.76314
1710001 7.03108
1720001 8.38137
1730001 9.135
1740001 7.67587
1750001 8.22363
1760001 8.25917
1770001 8.55839
1780001 10.6155
1790001 7.10462
1800001 8.7596
1810001 9.47873
1820001 7.71004
1830001 8.25733
1840001 7.01695
1850001 7.33352
1860001 8.08261
1870001 8.69055
1880001 8.21916
1890001 8.02766
1900001 9.3084
1910001 8.00769
1920001 9.57051
1930001 8.24781
1940001 6.97466
1950001 7.58512
1960001 8.70952
1970001 7.48467
1980001 7.75472
1990001 9.87685
2000001 8.69306
2010001 7.6246
2020001 7.18031
2030001 9.27022
2040001 7.89412
2050001 9.91947
2060001 8.69785
2070001 7.13805
2080001 6.95715
2090001 11.0446
2100001 8.90117
2110001 8.92945
2120001 9.38794
2130001 12.6203
2140001 8.32477
2150001 8.53841
2160001 7.31847
2170001 6.80838
2180001 8.67391
2190001 10.7625
2200001 8.01418
2210001 8.35381
2220001 8.1741
2230001 8.11885
2240001 7.52009
2250001 7.08476
2260001 7.19095
2270001 9.89223
2280001 9.51977
2290001 8.3765
2300001 8.23057
2310001 6.87727
2320001 9.47038
2330001 8.5039
2340001 7.48387
2350001 8.96319
2360001 9.01088
2370001 7.91709
2380001 8.56911
2390001 7.88108
2400001 7.45502
2410001 9.21129
2420001 9.91307
2430001 7.34258
2440001 7.59275
2450001 7.41531
2460001 7.90636
2470001 8.69871
2480001 6.91672
2490001 7.17646
2500001 8.51037
2510001 9.25961
2520001 7.81079
2530001 8.35676
2540001 8.38878
2550001 8.67967
2560001 10.7167
2570001 7.23979
2580001 8.88008
2590001 9.58945
2600001 7.83738
2610001 8.37156
2620001 7.1441
2630001 7.46083
2640001 8.19486
2650001 8.74994
2660001 8.33525
2670001 8.14447
2680001 9.41474
2690001 8.11834
2700001 9.66999
2710001 8.40503
2720001 7.09209
2730001 7.69314
2740001 8.81283
2750001 7.5465
2760001 7.86016
2770001 9.97082
2780001 8.78733
2790001 7.72552
2800001 7.28799
2810001 9.36278
2820001 7.90988
2830001 10.0077
2840001 8.78994
2850001 7.24161
2860001 7.05903
2870001 11.1206
2880001 8.98741
2890001 9.01745
2900001 9.47198
2910001 12.6877
2920001 8.41353
2930001 8.61539
2940001 7.40887
2950001 6.90607
2960001 8.75788
2970001 10.834
2980001 8.09985
2990001 8.436
3000001 8.27681
3010001 8.19841
3020001 7.60546
3030001 7.17355
3040001 7.2769
3050001 9.96197
3060001 9.59466
3070001 8.45312
3080001 8.31095
3090001 8.207
3100001 9.53953
3110001 8.57799
3120001 7.56183
3130001 9.03522
3140001 9.08101
3150001 7.99347
3160001 8.3687
3170001 7.94588
3180001 7.53162
3190001 9.27652
3200001 9.97411
3210001 7.4164
3220001 7.66449
3230001 7.48862
3240001 7.97539
3250001 8.76473
3260001 6.99134
3270001 7.24689
3280001 8.57329
3290001 9.32196
3300001 7.87717
3310001 8.42178
3320001 8.49143
3330001 8.74043
3340001 10.771
3350001 7.30719
3360001 8.93946
3370001 9.64568
3380001 7.90054
3390001 8.43019
3400001 7.20917
3410001 7.5247
3420001 7.94498
3430001 8.80522
3440001 8.39212
3450001 8.20346
3460001 9.46912
3470001 8.17547
3480001 9.72085
3490001 8.46079
3500001 7.15243
3510001 7.7509
3520001 8.86664
3530001 7.60369
3540001 7.89605
3550001 10.0202
3560001 8.83637
3570001 7.77879
3580001 7.3442
3590001 9.4107
3600001 7.96186
3610001 10.0552
3620001 8.83825
3630001 7.29646
3640001 7.1136
3650001 11.5831
3660001 9.0326
3670001 9.06185
3680001 9.27962
3690001 12.7248
3700001 8.46875
3710001 8.66078
3720001 7.46685
3730001 7.22693
3740001 8.80247
3750001 10.8684
3760001 8.1473
3770001 8.48103
3780001 8.32347
3790001 8.25125
3800001 7.64894
3810001 7.22216
3820001 7.3237
3830001 9.86167
3840001 9.63633
3850001 8.496
3860001 8.35552
3870001 8.24621
3880001 9.57814
3890001 8.61907
3900001 7.60633
3910001 9.07509
3920001 9.12081
3930001 8.03602
3940001 8.40905
3950001 7.9893
3960001 7.57468
3970001 9.30917
3980001 10.0088
3990001 7.45863
4000001 7.70474
4010001 7.53053
4020001 8.01423
4030001 8.79639
4040001 7.0339
4050001 7.28653
4060001 8.60888
4070001 9.35322
4080001 7.91554
4090001 8.4537
4100001 8.52904
4110001 8.77559
4120001 10.7879
4130001 7.34603
4140001 8.97353
4150001 9.66821
4160001 7.93793
4170001 8.46462
4180001 7.2472
4190001 7.56191
4200001 7.98016
4210001 8.83555
4220001 8.42561
4230001 8.238
4240001 9.5009
4250001 8.20621
4260001 9.75062
4270001 8.49342
4280001 7.18799
4290001 7.78256
4300001 8.88132
4310001 7.6372
4320001 7.92825
4330001 10.0501
4340001 8.86581
4350001 7.98352
4360001 7.38037
4370001 9.43985
4380001 7.99024
4390001 10.0759
4400001 8.86752
4410001 7.32951
4420001 7.14691
4430001 11.6078
4440001 9.0608
4450001 9.08974
4460001 9.30711
4470001 12.7477
4480001 8.49833
4490001 8.68855
4500001 7.49714
4510001 7.25836
4520001 8.83012
4530001 10.8918
4540001 8.17663
4550001 8.50832
4560001 8.35259
4570001 8.27878
4580001 7.67791
4590001 7.2109
4600001 7.35276
4610001 9.88523
4620001 9.66177
4630001 8.52281
4640001 8.38319
4650001 8.27444
4660001 9.60252
4670001 8.64547
4680001 7.63286
4690001 9.00289
4700001 9.14596
4710001 8.0633
4720001 8.4322
4730001 7.09635
4740001 7.60173
4750001 9.33174
4760001 10.0316
4770001 7.48697
4780001 7.72976
4790001 7.55723
4800001 8.03932
4810001 8.81891
4820001 7.04903
4830001 7.31224
4840001 8.6317
4850001 9.37665
4860001 7.93828
4870001 8.4774
4880001 8.52754
4890001 8.7984
4900001 10.8077
4910001 7.37108
4920001 8.99546
4930001 9.69003
4940001 7.96222
4950001 8.4843
4960001 7.27008
4970001 7.58591
4980001 8.00317
4990001 8.85095
5000001 8.44746
5010001 8.26093
5020001 9.52204
5030001 8.22379
5040001 9.77051
5050001 8.51445
5060001 7.15872
5070001 7.8027
5080001 8.90255
5090001 7.65992
5100001 7.94935
5110001 10.0693
5120001 8.88527
5130001 8.00546
5140001 7.40292
5150001 9.45839
5160001 8.01159
5170001 10.0948
5180001 8.88695
5190001 7.35182
5200001 7.1688
5210001 11.6249
5220001 9.07984
5230001 9.1081
5240001 9.32563
5250001 12.7625
5260001 8.51761
5270001 8.70734
5280001 7.5182
5290001 7.27942
5300001 8.84887
5310001 10.9078
5320001 8.1959
5330001 8.52636
5340001 8.37247
5350001 8.29183
5360001 7.69772
5370001 7.23022
5380001 7.37262
5390001 9.90059
5400001 9.67988
5410001 8.54126
5420001 8.40181
5430001 8.31344
5440001 9.61916
5450001 8.66212
5460001 7.65193
5470001 9.02035
5480001 9.16359
5490001 8.08204
5500001 8.41583
5510001 7.11535
5520001 7.62004
5530001 9.34822
5540001 9.84846
5550001 7.50384
5560001 7.74733
5570001 7.57577
5580001 8.05706
5590001 8.83558
5600001 7.06824
5610001 7.32948
5620001 8.64757
5630001 9.12918
5640001 7.9506
5650001 8.49381
5660001 8.54468
5670001 8.81402
5680001 10.1034
5690001 7.53592
5700001 9.01089
5710001 9.70558
5720001 7.97955
5730001 8.49936
5740001 7.28778
5750001 7.60273
5760001 8.01883
5770001 8.86622
5780001 8.46367
5790001 8.80046
5800001 9.53683
5810001 8.23891
5820001 9.78466
5830001 8.52915
5840001 7.1751
5850001 7.81761
5860001 8.9187
5870001 7.67613
5880001 7.96374
5890001 10.083
5900001 8.89911
5910001 8.0205
5920001 7.41784
5930001 9.47194
5940001 8.02717
5950001 10.109
5960001 8.89998
5970001 7.36791
5980001 7.1846
5990001 11.6367
6000001 9.09434
6010001 9.12094
6020001 9.29931
6030001 12.7737
6040001 8.53091
6050001 8.71904
6060001 7.53356
6070001 7.29487
6080001 8.86135
6090001 10.9159
6100001 8.21044
6110001 8.53937
6120001 8.38548
6130001 8.3043
6140001 7.71234
6150001 7.24524
6160001 7.38628
6170001 9.912
6180001 9.6932
6190001 8.55493
6200001 8.41582
6210001 8.31785
6220001 9.63127
6230001 8.67063
6240001 7.66574
6250001 9.03273
6260001 9.17658
6270001 8.09578
6280001 8.42792
6290001 7.12999
6300001 7.634
6310001 9.36013
6320001 9.80798
6330001 7.51794
6340001 7.76008
6350001 7.58928
6360001 8.06975
6370001 8.84803
6380001 7.08948
6390001 7.34286
6400001 8.65897
6410001 9.1406
6420001 7.96196
6430001 8.50602
6440001 8.55629
6450001 8.82583
6460001 10.1141
6470001 7.51262
6480001 9.02285
6490001 9.71519
6500001 8.10313
6510001 8.51117
6520001 7.2977
6530001 7.61532
6540001 8.03106
6550001 8.87444
6560001 8.47579
6570001 8.81199
6580001 9.54825
6590001 8.24952
6600001 9.79532
6610001 7.22528
6620001 7.18686
6630001 7.82892
6640001 8.93045
6650001 7.6873
6660001 7.97511
6670001 10.0932
6680001 8.90901
6690001 8.0322
6700001 7.42927
6710001 9.48195
6720001 8.03907
6730001 10.1197
6740001 8.89207
6750001 7.37264
6760001 7.1915
6770001 11.6458
6780001 9.09936
6790001 8.95887
6800001 9.30964
6810001 12.7822
6820001 8.54164
6830001 8.72601
6840001 7.54541
6850001 7.30661
6860001 8.8716
6870001 10.2866
6880001 8.23478
6890001 8.59971
6900001 8.39666
6910001 8.31912
6920001 7.71731
6930001 7.25709
6940001 7.43572
6950001 9.91896
6960001 9.70372
6970001 8.5657
6980001 8.42666
6990001 8.32913
7000001 9.63997
7010001 8.68023
7020001 7.67663
7030001 9.04275
7040001 9.19089
7050001 8.10625
7060001 8.43777
7070001 7.14142
7080001 7.64472
7090001 9.36543
7100001 9.81837
7110001 7.52897
7120001 7.76978
7130001 7.60009
7140001 8.06062
7150001 8.85706
7160001 7.10051
7170001 7.35308
7180001 8.66774
7190001 9.1186
7200001 7.97168
7210001 8.51545
7220001 8.56619
7230001 8.83539
7240001 10.122
7250001 7.52301
7260001 9.03134
7270001 9.71557
7280001 8.11325
7290001 8.51369
7300001 7.30812
7310001 7.62498
7320001 8.04088
7330001 8.88346
7340001 8.48305
7350001 8.82081
7360001 9.5572
7370001 8.25847
7380001 9.80364
7390001 7.23556
7400001 7.19687
7410001 7.83684
7420001 8.91884
7430001 7.69727
7440001 7.97873
7450001 10.1016
7460001 8.91725
7470001 8.04058
7480001 7.4391
7490001 9.49033
7500001 8.0486
7510001 10.1282
7520001 8.90082
7530001 7.38052
7540001 7.20125
7550001 11.6534
7560001 9.10782
7570001 8.96728
7580001 9.30922
7590001 11.5623
7600001 8.55066
7610001 8.73363
7620001 7.55332
7630001 7.31617
7640001 8.88015
7650001 10.2944
7660001 8.24323
7670001 8.6078
7680001 8.40526
7690001 8.32751
7700001 7.72518
7710001 7.26672
7720001 7.44456
7730001 9.92598
7740001 9.71033
7750001 8.57189
7760001 8.43548
7770001 8.33797
7780001 9.64772
7790001 8.68763
7800001 7.68545
7810001 9.05111
7820001 9.19937
7830001 8.11498
7840001 8.44627
7850001 7.15074
7860001 7.65347
7870001 9.37344
7880001 9.8257
7890001 7.53789
7900001 7.7775
7910001 7.60889
7920001 8.06857
7930001 8.86467
7940001 7.10937
7950001 7.36157
7960001 8.66065
7970001 9.12686
7980001 7.97996
7990001 8.52321
8000001 8.57409
8010001 8.84199
8020001 10.1288
8030001 7.52527
8040001 9.0387
8050001 9.72322
8060001 8.12158
8070001 8.519
8080001 7.31656
8090001 7.63303
8100001 8.04886
8110001 8.59559
8120001 8.49077
8130001 8.82842
8140001 9.58347
8150001 8.26518
8160001 9.81064
8170001 7.24374
8180001 7.1912
8190001 8.52329
8200001 8.92333
8210001 7.70538
8220001 8.82892
8230001 10.1082
8240001 8.92363
8250001 8.04806
8260001 7.44596
8270001 9.49763
8280001 8.05658
8290001 10.1379
8300001 8.90714
8310001 7.38868
8320001 7.20938
8330001 11.6586
8340001 9.07481
8350001 8.97365
8360001 9.31609
8370001 11.569
8380001 8.55817
8390001 8.74058
8400001 7.56114
8410001 7.32402
8420001 8.88624
8430001 10.3008
8440001 8.29102
8450001 8.61413
8460001 8.41291
8470001 8.33468
8480001 7.73293
8490001 7.27456
8500001 7.45174
8510001 9.93181
8520001 9.7174
8530001 8.57854
8540001 8.4425
8550001 9.73564
8560001 9.65243
8570001 8.69386
8580001 7.69257
8590001 9.05765
8600001 9.20648
8610001 8.11699
8620001 8.45183
8630001 7.13656
8640001 7.66075
8650001 9.38014
8660001 9.83151
8670001 7.54546
8680001 7.78359
8690001 7.61625
8700001 8.07505
8710001 8.87127
8720001 7.11695
8730001 7.36863
8740001 8.66584
8750001 9.13399
8760001 7.98668
8770001 8.5296
8780001 8.58102
8790001 8.84843
8800001 10.134
8810001 7.53193
8820001 9.01475
8830001 9.72968
8840001 8.1282
8850001 8.52524
8860001 7.32287
8870001 7.63993
8880001 8.05561
8890001 8.60188
8900001 8.4964
8910001 8.835
8920001 9.58685
8930001 8.27117
8940001 9.81636
8950001 7.25046
8960001 7.17357
8970001 8.52848
8980001 8.92966
8990001 7.71152
9000001 8.78724
9010001 10.114
9020001 8.92945
9030001 8.05452
9040001 7.45179
9050001 9.50082
9060001 8.06316
9070001 10.1427
9080001 8.82689
9090001 7.39638
9100001 7.21626
9110001 11.3008
9120001 9.08081
9130001 8.9789
9140001 9.32187
9150001 11.5725
9160001 8.55714
9170001 8.70178
9180001 7.5675
9190001 7.33047
9200001 8.89026
9210001 10.2983
9220001 8.29704
9230001 8.61921
9240001 8.41949
9250001 8.34052
9260001 7.73942
9270001 7.27643
9280001 7.44792
9290001 9.93651
9300001 9.72353
9310001 8.58441
9320001 8.44869
9330001 9.25738
9340001 9.65774
9350001 8.69984
9360001 7.70898
9370001 9.06293
9380001 9.21184
9390001 8.12314
9400001 8.45755
9410001 7.1432
9420001 7.66627
9430001 9.3857
9440001 9.82048
9450001 7.55129
9460001 7.78869
9470001 7.62251
9480001 8.07865
9490001 8.87662
9500001 7.12331
9510001 7.37449
9520001 8.61203
9530001 9.14022
9540001 7.99256
9550001 8.5352
9560001 8.58694
9570001 8.85404
9580001 10.8476
9590001 7.537
9600001 9.02014
9610001 9.75835
9620001 8.1345
9630001 8.53082
9640001 7.32898
9650001 7.64499
9660001 8.05877
9670001 8.60179
9680001 8.50188
9690001 8.84266
9700001 9.59092
9710001 8.27687
9720001 9.82111
9730001 7.25659
9740001 7.17877
9750001 8.53281
9760001 8.93536
9770001 7.71754
9780001 8.79209
9790001 10.1177
9800001 8.93429
9810001 8.06018
9820001 7.45776
9830001 9.27201
9840001 8.0675
9850001 10.1482
9860001 8.82751
9870001 7.40205
9880001 7.22209
9890001 11.1622
9900001 9.07918
9910001 8.98475
9920001 9.3263
9930001 11.5774
9940001 8.56275
9950001 8.70681
9960001 7.57278
9970001 7.3354
9980001 8.89552
9990001 10.303
10000001 8.30262
10010001 8.62387
10020001 8.42428
10030001 8.34565
10040001 7.74463
10050001 7.28192
10060001 7.45118
10070001 9.92937
10080001 9.72838
10090001 8.58802
10100001 8.45351
10110001 9.26265
10120001 9.66088
10130001 8.70379
10140001 7.71422
10150001 9.06743
10160001 9.21672
10170001 8.12061
10180001 8.46217
10190001 7.14883
10200001 7.67151
10210001 9.37568
10220001 9.8252
10230001 7.49655
10240001 7.79366
10250001 7.62715
10260001 8.08376
10270001 8.88139
10280001 7.1289
10290001 7.37967
10300001 8.61673
10310001 9.14552
10320001 7.99428
10330001 8.54413
10340001 8.59211
10350001 8.87602
10360001 10.8511
10370001 7.54202
10380001 9.02468
10390001 9.76294
10400001 8.13953
10410001 8.53538
10420001 7.3341
10430001 7.6499
10440001 8.06264
10450001 8.60638
10460001 8.50653
10470001 8.84582
10480001 9.59554
10490001 8.28137
10500001 9.82512
10510001 7.26188
10520001 7.18392
10530001 8.49465
10540001 8.9399
10550001 7.72088
10560001 8.7963
10570001 10.122
10580001 8.9386
10590001 8.06508
10600001 7.46459
10610001 9.27447
10620001 8.07248
10630001 10.1528
10640001 8.81367
10650001 7.40682
10660001 7.22534
10670001 11.1643
10680001 9.08381
10690001 8.98746
10700001 9.33068
10710001 11.5817
10720001 8.56726
10730001 8.71136
10740001 7.57781
10750001 7.38612
10760001 9.76049
10770001 10.3071
10780001 8.30752
10790001 8.62634
10800001 8.42917
10810001 8.34843
10820001 7.7488
10830001 7.28662
10840001 7.43652
10850001 9.93313
10860001 9.73213
10870001 8.58518
10880001 8.45813
10890001 9.26735
10900001 9.66507
10910001 8.70814
10920001 7.71895
10930001 9.07094
10940001 9.22068
10950001 8.12508
10960001 8.46603
10970001 7.15363
10980001 7.67407
10990001 9.37929
11000001 9.82632
11010001 7.50137
11020001 7.80065
11030001 7.63188
11040001 8.08823
11050001 8.88533
11060001 7.13377
11070001 7.38339
11080001 8.62038
11090001 9.14979
11100001 7.99872
11110001 8.54813
11120001 8.52736
11130001 8.84985
11140001 10.8523
11150001 7.54657
11160001 9.02774
11170001 9.76682
11180001 8.14413
11190001 9.46112
11200001 7.33885
11210001 7.65404
11220001 8.06708
11230001 8.60976
11240001 8.50858
11250001 8.84845
11260001 11.1414
11270001 8.21371
11280001 9.82845
11290001 7.84378
11300001 7.18644
11310001 8.4852
11320001 8.9443
11330001 7.72522
11340001 8.80102
11350001 10.1224
11360001 8.9385
11370001 8.06832
11380001 7.46842
11390001 9.27538
11400001 8.07647
11410001 10.1568
11420001 8.81767
11430001 7.41086
11440001 7.22968
11450001 11.1674
11460001 9.09975
11470001 8.99034
11480001 9.33383
11490001 11.5567
11500001 8.57128
11510001 8.71431
11520001 7.57072
11530001 7.39013
11540001 9.59396
11550001 10.3105
11560001 8.31145
11570001 8.62999
11580001 8.43339
11590001 8.33222
11600001 7.75313
11610001 7.29075
11620001 7.44036
11630001 9.93621
11640001 9.73605
11650001 8.58919
11660001 8.46148
11670001 9.26724
11680001 9.66864
11690001 8.71229
11700001 7.72328
11710001 9.07466
11720001 9.2246
11730001 8.12899
11740001 8.46999
11750001 7.15778
11760001 7.67794
11770001 9.38296
11780001 9.82988
11790001 7.5046
11800001 7.8044
11810001 7.62666
11820001 8.09182
11830001 8.8873
11840001 7.13783
11850001 7.38718
11860001 8.62379
11870001 9.15361
11880001 8.00235
11890001 8.55175
11900001 8.53132
11910001 8.85319
11920001 10.8585
11930001 7.55064
11940001 9.04223
11950001 9.77031
11960001 8.1477
11970001 9.52404
11980001 7.34279
11990001 7.65254
12000001 8.07118
12010001 8.61265
12020001 8.51153
12030001 8.85217
12040001 11.1377
12050001 8.21673
12060001 9.83152
12070001 7.84769
12080001 7.18811
12090001 8.48813
12100001 8.94376
12110001 7.72924
12120001 8.8058
12130001 10.1254
12140001 8.94222
12150001 8.07201
12160001 7.47213
12170001 9.27281
12180001 8.08003
12190001 10.1604
12200001 8.82106
12210001 7.41478
12220001 7.23347
12230001 11.1706
12240001 9.10288
12250001 8.99311
12260001 9.33715
12270001 11.5539
12280001 8.57463
12290001 8.71758
12300001 7.57486
12310001 7.39267
12320001 9.59448
12330001 10.3112
12340001 8.31488
12350001 8.63271
12360001 8.43697
12370001 8.33411
12380001 7.75684
12390001 7.29445
12400001 7.44373
12410001 9.93889
12420001 9.73947
12430001 8.59238
12440001 8.46246
12450001 9.27058
12460001 9.67175
12470001 8.71578
12480001 7.72684
12490001 9.0781
12500001 9.22771
12510001 8.13239
12520001 8.47316
12530001 7.15955
12540001 7.68102
12550001 9.38621
12560001 9.83094
12570001 7.50827
12580001 7.80748
12590001 7.58538
12600001 8.09501
12610001 8.89033
12620001 7.14115
12630001 7.39171
12640001 8.6202
12650001 9.15661
12660001 8.00494
12670001 8.55495
12680001 8.53481
12690001 8.85616
12700001 10.8611
12710001 7.55416
12720001 9.88927
12730001 9.7626
12740001 8.14715
12750001 9.52622
12760001 7.346
12770001 7.65573
12780001 8.07113
12790001 8.61579
12800001 8.51468
12810001 8.83907
12820001 11.1405
12830001 8.21966
12840001 9.83439
12850001 7.85117
12860001 7.19148
12870001 8.49009
12880001 8.94649
12890001 7.73266
12900001 8.80863
12910001 10.1284
12920001 8.94511
12930001 8.07392
12940001 7.47496
12950001 9.27324
12960001 8.07932
12970001 10.1433
12980001 8.82364
12990001 7.41819
13000001 7.23687
13010001 11.1733
13020001 9.10584
13030001 8.99589
13040001 9.34005
13050001 11.5537
13060001 8.57475
13070001 8.7209
13080001 7.57823
13090001 7.39427
13100001 9.59714
13110001 10.3105
13120001 8.31745
13130001 8.63536
13140001 8.44018
13150001 8.33718
13160001 7.75959
13170001 7.29794
13180001 7.44568
13190001 9.94123
13200001 9.74267
13210001 8.59493
13220001 8.45925
13230001 9.27208
13240001 9.67455
13250001 8.71885
13260001 7.73022
13270001 9.08087
13280001 9.22707
13290001 8.13518
13300001 8.47576
13310001 7.16181
13320001 7.68408
13330001 9.38915
13340001 9.83449
13350001 7.51128
13360001 7.81027
13370001 7.57767
13380001 8.09387
13390001 8.89315
13400001 7.14448
13410001 7.39461
13420001 8.62267
13430001 9.15973
13440001 8.00773
13450001 8.55755
13460001 8.42361
13470001 8.8588
13480001 10.8632
13490001 7.55713
13500001 9.89168
13510001 9.76779
13520001 8.14976
13530001 9.529
13540001 7.34907
13550001 7.64719
13560001 8.07391
13570001 8.61725
13580001 8.51723
13590001 8.83827
13600001 11.1461
13610001 8.22145
13620001 9.83685
13630001 7.85377
13640001 7.19444
13650001 8.49168
13660001 8.94937
13670001 7.71884
13680001 8.81093
13690001 10.1306
13700001 8.94738
13710001 8.07661
13720001 7.47525
13730001 9.27569
13740001 8.0816
13750001 10.141
13760001 8.81006
13770001 7.42126
13780001 7.23906
13790001 11.1822
13800001 9.10839
13810001 8.99823
13820001 9.34114
13830001 9.62185
13840001 8.56532
13850001 8.7236
13860001 7.58065
13870001 7.38401
13880001 9.59961
13890001 10.312
13900001 8.31993
13910001 8.634
13920001 8.44082
13930001 8.34325
13940001 7.76206
13950001 7.29699
13960001 7.44823
13970001 9.94344
13980001 9.74455
13990001 8.5976
14000001 8.46206
14010001 9.27481
14020001 9.6277
14030001 8.71675
14040001 7.73254
14050001 9.08339
14060001 9.2293
14070001 8.13737
14080001 8.36449
14090001 7.16469
14100001 7.68674
14110001 9.39105
14120001 9.8057
14130001 9.05338
14140001 7.81317
14150001 7.58081
14160001 8.09516
14170001 8.89561
14180001 7.14744
14190001 7.39669
14200001 8.62485
14210001 9.16048
14220001 8.00978
14230001 8.55981
14240001 8.42633
14250001 8.86126
14260001 10.8654
14270001 7.56004
14280001 9.89162
14290001 9.77028
14300001 8.15225
14310001 9.53123
14320001 7.3515
14330001 7.64992
14340001 8.07658
14350001 8.61978
14360001 8.51938
14370001 8.84049
14380001 11.1466
14390001 8.22191
14400001 9.83729
14410001 7.8565
14420001 7.19698
14430001 8.49406
14440001 8.95173
14450001 7.72136
14460001 8.8132
14470001 10.1275
14480001 8.94795
14490001 8.07923
14500001 7.48779
14510001 9.27759
14520001 8.08411
14530001 10.1434
14540001 8.8125
14550001 7.42394
14560001 7.24123
14570001 11.1846
14580001 9.1107
14590001 9.0001
14600001 9.34346
14610001 9.62436
14620001 8.56776
14630001 8.72578
14640001 7.58307
14650001 7.38675
14660001 9.63762
14670001 10.3143
14680001 8.32253
14690001 8.63592
14700001 8.44315
14710001 8.34571
14720001 7.76259
14730001 7.29896
14740001 7.45048
14750001 9.94482
14760001 9.73915
14770001 8.59979
14780001 8.46445
14790001 9.27704
14800001 9.62991
14810001 8.71925
14820001 7.73295
14830001 9.0855
14840001 9.2247
14850001 8.13951
14860001 8.36684
14870001 7.16725
14880001 7.68714
14890001 9.39342
14900001 9.80773
14910001 9.05553
14920001 7.81539
14930001 7.57542
14940001 8.09361
14950001 8.89757
14960001 7.14944
14970001 7.39906
14980001 8.6265
14990001 9.16291
15000001 8.01213
15010001 8.56179
15020001 8.42703
15030001 8.86324
15040001 10.8674
15050001 7.56257
15060001 9.89119
15070001 9.77256
15080001 8.15479
15090001 9.53348
15100001 7.35397
15110001 7.65385
15120001 8.0791
15130001 8.62102
15140001 8.52153
15150001 8.84264
15160001 11.1488
15170001 8.22411
15180001 9.83731
15190001 7.859
15200001 7.19641
15210001 8.49606
15220001 8.95469
15230001 7.72367
15240001 8.81111
15250001 10.1281
15260001 8.94989
15270001 8.08043
15280001 7.49033
15290001 9.27965
15300001 8.08646
15310001 10.0967
15320001 8.81445
15330001 7.42626
15340001 7.24353
15350001 11.1866
15360001 9.11319
15370001 9.00176
15380001 9.3455
15390001 9.58473
15400001 8.56965
15410001 8.72787
15420001 7.58534
15430001 7.38918
15440001 9.639
15450001 10.3162
15460001 8.3242
15470001 8.63746
15480001 8.44545
15490001 8.38347
15500001 7.76487
15510001 7.30125
15520001 7.45251
15530001 9.94642
15540001 9.7413
15550001 8.60055
15560001 8.46655
15570001 9.27918
15580001 9.63187
15590001 8.71962
15600001 7.73433
15610001 9.08759
15620001 9.22624
15630001 8.14079
15640001 8.36502
15650001 7.16911
15660001 7.68956
15670001 9.39544
15680001 9.79301
15690001 9.09853
15700001 7.81703
15710001 7.57554
15720001 8.09664
15730001 8.89884
15740001 7.15166
15750001 7.40098
15760001 8.62766
15770001 9.16505
15780001 8.01405
15790001 8.56373
15800001 8.42903
15810001 8.86523
15820001 10.8677
15830001 7.56356
15840001 9.89277
15850001 9.77329
15860001 8.15618
15870001 9.66425
15880001 7.35585
15890001 7.65591
15900001 8.08121
15910001 8.55181
15920001 8.52321
15930001 8.84462
15940001 11.1505
15950001 8.22414
15960001 9.8389
15970001 7.86114
15980001 7.19858
15990001 8.49794
16000001 8.95602
16010001 7.72569
16020001 8.81523
16030001 10.1299
16040001 8.95144
16050001 8.08245
16060001 7.49115
16070001 9.27145
16080001 8.07697
16090001 10.0984
16100001 8.81608
16110001 7.42842
16120001 7.24298
16130001 10.8358
16140001 9.11518
16150001 9.00326
16160001 9.34246
16170001 9.51522
16180001 8.53119
16190001 8.72876
16200001 7.5871
16210001 7.39093
16220001 9.63878
16230001 10.3169
16240001 8.32611
16250001 8.63903
16260001 8.44743
16270001 8.38488
16280001 7.76686
16290001 7.30096
16300001 7.45433
16310001 9.94774
16320001 9.74339
16330001 8.60158
16340001 8.46857
16350001 9.28087
16360001 9.63349
16370001 9.49068
16380001 7.73614
16390001 9.0837
16400001 9.18084
16410001 8.14277
16420001 8.36606
16430001 7.17085
16440001 7.69151
16450001 9.39712
16460001 9.79249
16470001 9.10005
16480001 7.81875
16490001 7.57738
16500001 8.0986
16510001 8.89837
16520001 7.15375
16530001 7.40278
16540001 8.63095
16550001 9.16686
16560001 8.01588
16570001 8.56553
16580001 8.4309
16590001 8.85116
16600001 10.8682
16610001 7.56544
16620001 9.88235
16630001 9.77509
16640001 8.158
16650001 9.6654
16660001 7.35795
16670001 7.65779
16680001 8.08301
16690001 8.55363
16700001 8.52496
16710001 8.84641
16720001 11.1516
16730001 8.22596
16740001 9.84058
16750001 7.86296
16760001 7.20052
16770001 8.4992
16780001 8.95755
16790001 7.72753
16800001 8.81664
16810001 10.1314
16820001 8.95292
16830001 8.08315
16840001 7.49301
16850001 9.27309
16860001 8.07883
16870001 10.1002
16880001 8.81817
16890001 7.42748
16900001 7.24404
16910001 10.8373
16920001 9.11696
16930001 9.0045
16940001 9.34262
16950001 9.51618
16960001 8.53301
16970001 8.73385
16980001 7.58882
16990001 7.39263
17000001 9.64037
17010001 10.3183
17020001 8.3206
17030001 8.64052
17040001 8.44856
17050001 8.38656
17060001 7.76835
17070001 7.30255
17080001 7.45611
17090001 9.94711
17100001 9.73837
17110001 8.60182
17120001 8.47036
17130001 9.27838
17140001 9.63493
17150001 9.49229
17160001 7.73776
17170001 9.08632
17180001 9.18203
17190001 8.14454
17200001 8.36739
17210001 7.17272
17220001 7.69322
17230001 8.85368
17240001 9.79405
17250001 9.1015
17260001 7.82003
17270001 7.57902
17280001 8.10033
17290001 8.89983
17300001 7.15482
17310001 7.40423
17320001 8.63146
17330001 9.16854
17340001 8.01723
17350001 8.56652
17360001 8.43263
17370001 8.85258
17380001 10.8691
17390001 7.56719
17400001 9.88351
17410001 8.98024
17420001 8.15967
17430001 9.66327
17440001 7.35966
17450001 7.6593
17460001 8.94913
17470001 8.55326
17480001 8.52598
17490001 8.83052
17500001 11.1428
17510001 8.22736
17520001 9.84163
17530001 7.86458
17540001 7.1997
17550001 8.50041
17560001 8.95907
17570001 7.72857
17580001 8.81798
17590001 10.1326
17600001 8.92578
17610001 8.08424
17620001 7.49467
17630001 9.2746
17640001 8.08031
17650001 10.1016
17660001 8.81918
17670001 7.42935
17680001 7.24707
17690001 10.8387
17700001 9.11624
17710001 9.00536
17720001 9.34343
17730001 9.51726
17740001 8.53432
17750001 8.73521
17760001 7.5903
17770001 7.38632
17780001 9.64146
17790001 10.3196
17800001 8.32203
17810001 8.64073
17820001 8.45023
17830001 8.38794
17840001 7.76878
17850001 7.30401
17860001 7.51112
17870001 9.9449
17880001 9.73984
17890001 8.603
17900001 8.472
17910001 10.4999
17920001 9.62661
17930001 9.49379
17940001 7.73922
17950001 9.0852
17960001 9.18333
17970001 8.14576
17980001 8.36886
17990001 7.17439
18000001 7.69483
18010001 8.8552
18020001 9.79473
18030001 9.10296
18040001 7.82145
18050001 7.58049
18060001 8.10182
18070001 8.90118
18080001 7.15567
18090001 7.40562
18100001 8.63263
18110001 9.16585
18120001 8.01646
18130001 8.55485
18140001 8.43506
18150001 8.85354
18160001 10.8679
18170001 7.56863
18180001 9.88435
18190001 8.97694
18200001 8.16005
18210001 9.66371
18220001 7.3597
18230001 7.66013
18240001 8.94352
18250001 8.55479
18260001 8.52753
18270001 8.8317
18280001 11.139
18290001 8.22886
18300001 9.84283
18310001 7.86613
18320001 7.20119
18330001 8.50156
18340001 8.96045
18350001 7.72449
18360001 8.81912
18370001 10.1312
18380001 8.92673
18390001 8.08267
18400001 7.49626
18410001 9.27574
18420001 8.08034
18430001 10.1031
18440001 8.74733
18450001 7.43084
18460001 7.24854
18470001 10.8399
18480001 9.11611
18490001 9.00654
18500001 9.34954
18510001 9.51872
18520001 8.53543
18530001 8.73542
18540001 7.58978
18550001 7.38799
18560001 9.64295
18570001 10.3113
18580001 8.32343
18590001 8.64199
18600001 8.45042
18610001 8.38942
18620001 7.76965
18630001 7.30511
18640001 7.51103
18650001 9.94513
18660001 9.74096
18670001 8.60405
18680001 8.47336
18690001 10.5014
18700001 9.62496
18710001 9.49288
18720001 7.74063
18730001 9.48707
18740001 9.18476
18750001 8.14707
18760001 8.37002
18770001 7.17589
18780001 7.69535
18790001 8.86404
18800001 9.48584
18810001 9.10302
18820001 7.82249
18830001 7.58192
18840001 8.0955
18850001 8.90241
18860001 7.15607
18870001 7.40671
18880001 8.63268
18890001 9.16722
18900001 8.01769
18910001 8.55613
18920001 8.43652
18930001 8.73689
18940001 10.8671
18950001 7.5554
18960001 9.8852
18970001 8.97806
18980001 8.16136
18990001 9.66467
19000001 7.36087
19010001 7.66138
19020001 8.94464
19030001 8.55653
19040001 8.52888
19050001 9.74189
19060001 11.1389
19070001 8.22987
19080001 9.84029
19090001 7.86718
19100001 7.20214
19110001 8.50244
19120001 8.96177
19130001 7.70803
19140001 8.82024
19150001 10.1322
19160001 8.92704
19170001 8.08289
19180001 7.49758
19190001 9.2767
19200001 8.08159
19210001 10.1032
19220001 8.74831
19230001 7.43192
19240001 7.24941
19250001 10.7756
19260001 9.11727
19270001 9.00755
19280001 9.3505
19290001 9.51957
19300001 8.53502
19310001 8.61662
19320001 7.59065
19330001 7.38592
19340001 9.64054
19350001 10.3094
19360001 8.32381
19370001 8.64286
19380001 8.45163
19390001 8.3901
19400001 7.77357
19410001 7.306
19420001 7.51186
19430001 9.94608
19440001 9.74181
19450001 8.60417
19460001 8.47384
19470001 10.5024
19480001 9.25101
19490001 9.49408
19500001 7.74181
19510001 9.48146
19520001 9.18574
19530001 8.14827
19540001 8.39549
19550001 7.17723
19560001 7.69616
19570001 8.86477
19580001 9.43518
19590001 9.10388
19600001 7.82348
19610001 7.58487
19620001 8.09641
19630001 8.90339
19640001 7.15741
19650001 7.4081
19660001 8.63361
19670001 9.16838
19680001 8.01857
19690001 8.5572
19700001 8.43777
19710001 8.73772
19720001 10.8617
19730001 7.55656
19740001 9.88507
19750001 8.97968
19760001 8.15715
19770001 9.6645
19780001 7.36216
19790001 7.66227
19800001 8.94526
19810001 8.55739
19820001 8.52992
19830001 9.52599
19840001 11.1391
19850001 8.2289
19860001 9.84026
19870001 7.86788
19880001 7.20228
19890001 8.50342
19900001 8.96264
19910001 7.70602
19920001 8.82118
19930001 10.1332
19940001 8.92788
19950001 8.08387
19960001 7.49873
19970001 9.27192
19980001 8.08282
19990001 10.1042
20000001 8.74629
20010001 7.43265
20020001 7.24981
20030001 10.7761
20040001 9.11725
20050001 8.25944
20060001 9.35132
20070001 9.52016
20080001 8.5353
20090001 8.61759
20100001 7.59167
20110001 7.3871
20120001 9.64155
20130001 10.2865
20140001 8.32458
20150001 8.64385
20160001 8.45251
20170001 8.39035
20180001 7.76437
20190001 7.30683
20200001 7.50908
20210001 9.94698
20220001 9.74226
20230001 8.60518
20240001 8.47522
20250001 10.5034
20260001 9.25161
20270001 9.49138
20280001 7.74238
20290001 9.48201
20300001 9.18678
20310001 8.14897
20320001 8.39602
20330001 7.1781
20340001 7.69424
20350001 8.86905
20360001 9.4368
20370001 9.10476
20380001 7.82446
20390001 7.58602
20400001 8.0975
20410001 8.90336
20420001 7.15848
20430001 7.34415
20440001 8.6342
20450001 9.16938
20460001 8.01333
20470001 8.5661
20480001 8.43851
20490001 8.73866
20500001 9.31321
20510001 7.55792
20520001 9.8844
20530001 8.98067
20540001 8.15719
20550001 9.66528
20560001 7.36306
20570001 7.6623
20580001 8.94452
20590001 8.55828
20600001 8.53078
20610001 9.52673
20620001 11.1398
20630001 8.22966
20640001 9.83046
20650001 7.86867
20660001 7.20309
20670001 8.49807
20680001 8.96279
20690001 8.0394
20700001 8.8182
20710001 10.1333
20720001 8.92792
20730001 8.08426
20740001 7.50081
20750001 9.2727
20760001 8.08315
20770001 10.0753
20780001 8.74717
20790001 7.43364
20800001 7.25061
20810001 10.7767
20820001 9.11769
20830001 8.25973
20840001 9.35218
20850001 9.52105
20860001 8.53614
20870001 8.61874
20880001 7.59251
20890001 8.067
20900001 9.64266
20910001 10.2619
20920001 8.32528
20930001 8.64451
20940001 8.45339
20950001 8.38525
20960001 7.76508
20970001 7.30615
20980001 7.50789
20990001 9.94708
21000001 9.72865
21010001 8.15619
21020001 8.47615
21030001 10.5042
21040001 9.24931
21050001 9.49309
21060001 7.73907
21070001 9.48248
21080001 9.18754
21090001 8.14963
21100001 8.39603
21110001 7.17847
21120001 7.69344
21130001 8.86982
21140001 9.44025
21150001 9.10549
21160001 7.82367
21170001 7.58676
21180001 8.07548
21190001 8.9045
21200001 7.15943
21210001 7.33315
21220001 8.63476
21230001 9.16971
21240001 8.01327
21250001 8.62082
21260001 8.43937
21270001 8.73917
21280001 9.31382
21290001 7.55868
21300001 9.88442
21310001 8.98091
21320001 8.16386
21330001 9.66599
21340001 7.36338
21350001 7.66308
21360001 8.94531
21370001 8.55873
21380001 8.53119
21390001 10.0645
21400001 11.1403
21410001 8.2289
21420001 9.82853
21430001 7.86959
21440001 7.2039
21450001 8.49615
21460001 8.96296
21470001 8.04026
21480001 8.81796
21490001 10.1346
21500001 8.92581
21510001 8.08465
21520001 7.49978
21530001 9.27291
21540001 8.08398
21550001 10.076
21560001 8.74746
21570001 7.43448
21580001 7.25109
21590001 10.7735
21600001 9.11842
21610001 8.2517
21620001 9.3529
21630001 9.52119
21640001 8.53648
21650001 8.55131
21660001 7.59312
21670001 8.06787
21680001 9.64335
21690001 10.2524
21700001 8.32285
21710001 8.64469
21720001 8.45402
21730001 8.38705
21740001 7.7659
21750001 7.30679
21760001 7.50455
21770001 9.94769
21780001 9.72895
21790001 8.15433
21800001 8.4742
21810001 10.5043
21820001 9.25003
21830001 9.4894
21840001 7.73993
21850001 9.48323
21860001 9.18712
21870001 8.15032
21880001 8.39464
21890001 7.17923
21900001 7.69484
21910001 8.86962
21920001 9.43781
21930001 9.1062
21940001 7.82439
21950001 7.58767
21960001 8.07601
21970001 8.90437
21980001 7.16022
21990001 7.33358
22000001 8.63385
22010001 9.17049
22020001 8.014
22030001 8.62184
22040001 8.44033
22050001 8.74
22060001 9.31442
22070001 7.55915
22080001 9.88521
22090001 8.97869
22100001 8.1646
22110001 9.66664
22120001 7.36393
22130001 7.66368
22140001 8.94395
22150001 8.55652
22160001 8.53179
22170001 10.0651
22180001 11.0594
22190001 8.22968
22200001 9.82881
22210001 7.87038
22220001 7.2012
22230001 8.49687
22240001 8.96375
22250001 8.04022
22260001 8.81818
22270001 10.1353
22280001 8.92659
22290001 8.08532
22300001 7.50026
22310001 9.27333
22320001 8.08469
22330001 10.0768
22340001 8.74764
22350001 7.43542
22360001 7.25186
22370001 10.7549
22380001 9.11907
22390001 8.25185
22400001 9.35314
22410001 9.52166
22420001 8.53089
22430001 8.55213
22440001 7.59391
22450001 7.8062
22460001 9.62286
22470001 10.2582
22480001 8.32067
22490001 8.64528
22500001 8.45474
22510001 8.38765
22520001 7.81584
22530001 7.30739
22540001 7.50648
22550001 9.94689
22560001 9.72949
22570001 8.15297
22580001 8.47458
22590001 10.4994
22600001 9.24988
22610001 9.48898
22620001 7.74058
22630001 9.48359
22640001 9.18709
22650001 8.14849
22660001 8.39337
22670001 7.17985
22680001 7.69546
22690001 8.87019
22700001 9.42667
22710001 9.10664
22720001 7.82493
22730001 7.58636
22740001 8.07449
22750001 8.90498
22760001 7.16024
22770001 7.33415
22780001 8.63376
22790001 9.17777
22800001 8.01464
22810001 8.62258
22820001 8.44103
22830001 8.7407
22840001 9.31497
22850001 7.55006
22860001 9.88576
22870001 8.97926
22880001 8.16034
22890001 9.66708
22900001 7.36467
22910001 7.66008
22920001 8.9439
22930001 8.55015
22940001 8.53021
22950001 10.0656
22960001 11.0601
22970001 8.23036
22980001 9.82923
22990001 7.87102
23000001 7.20241
23010001 8.49753
23020001 8.96332
23030001 8.03794
23040001 8.8168
23050001 10.136
23060001 8.92578
23070001 8.08568
23080001 7.5002
23090001 8.34987
23100001 8.08378
23110001 10.0768
23120001 8.74818
23130001 7.43566
23140001 7.30323
23150001 10.6321
23160001 9.10802
23170001 8.25248
23180001 9.35372
23190001 9.53393
23200001 8.53148
23210001 8.55273
23220001 7.59447
23230001 7.80685
23240001 9.62344
23250001 10.2584
23260001 8.3208
23270001 8.64581
23280001 8.45431
23290001 8.38834
23300001 7.81646
23310001 7.28173
23320001 7.50693
23330001 9.94736
23340001 9.73241
23350001 8.15472
23360001 8.47513
23370001 10.4999
23380001 9.24939
23390001 9.48965
23400001 7.74092
23410001 9.48299
23420001 9.18706
23430001 8.14225
23440001 8.39377
23450001 7.18046
23460001 7.69607
23470001 8.87062
23480001 9.42723
23490001 9.10714
23500001 7.82496
23510001 7.58689
23520001 8.07421
23530001 8.90445
23540001 7.16026
23550001 7.33479
23560001 8.62761
23570001 9.16432
23580001 8.01519
23590001 8.62078
23600001 8.43437
23610001 8.74107
23620001 9.31548
23630001 7.55067
23640001 9.88595
23650001 8.9801
23660001 8.15442
23670001 9.66732
23680001 7.36505
23690001 7.66053
23700001 8.94428
23710001 8.55055
23720001 8.52743
23730001 10.0657
23740001 11.0604
23750001 8.22972
23760001 9.82938
23770001 7.87113
23780001 7.20286
23790001 8.4978
23800001 8.96314
23810001 8.03827
23820001 8.78506
23830001 10.1364
23840001 8.92328
23850001 8.08551
23860001 7.50079
23870001 8.34911
23880001 8.08045
23890001 10.0774
23900001 8.74867
23910001 7.43624
23920001 7.30363
23930001 10.6325
23940001 9.10857
23950001 7.80655
23960001 9.35417
23970001 9.53394
23980001 8.53192
23990001 8.55246
24000001 7.29784
24010001 7.8073
24020001 9.62343
24030001 10.2586
24040001 8.3212
24050001 8.64647
24060001 8.4549
24070001 8.38881
24080001 7.8177
24090001 7.2294
24100001 7.50285
24110001 9.94775
24120001 9.73298
24130001 8.15398
24140001 8.47562
24150001 10.5005
24160001 9.24948
24170001 9.49
24180001 7.74148
24190001 9.48194
24200001 9.1876
24210001 8.14188
24220001 8.39406
24230001 7.1806
24240001 7.69662
24250001 8.86332
24260001 9.42772
24270001 9.10752
24280001 9.03888
24290001 7.58752
24300001 8.0747
24310001 8.95468
24320001 7.16078
24330001 7.33485
24340001 8.62809
24350001 9.16477
24360001 8.988
24370001 8.6213
24380001 8.43365
24390001 8.74153
24400001 9.31434
24410001 7.55097
24420001 9.88637
24430001 8.98055
24440001 8.15475
24450001 9.66771
24460001 7.36561
24470001 7.66103
24480001 8.94433
24490001 8.55089
24500001 8.52795
24510001 10.0659
24520001 11.0608
24530001 8.23031
24540001 9.82973
24550001 7.87081
24560001 7.20309
24570001 8.49801
24580001 8.96369
24590001 8.03877
24600001 8.78559
24610001 10.1383
24620001 8.92379
24630001 8.08583
24640001 7.50122
24650001 8.34944
24660001 8.08006
24670001 10.0779
24680001 8.74872
24690001 7.43199
24700001 7.30205
24710001 10.633
24720001 9.10909
24730001 7.8066
24740001 9.35151
24750001 9.54162
24760001 8.53242
24770001 8.55278
24780001 7.29808
24790001 7.80744
24800001 9.62383
24810001 10.2574
24820001 8.32158
24830001 8.6467
24840001 8.43273
24850001 8.38924
24860001 7.817
24870001 7.22989
24880001 7.50336
24890001 9.94803
24900001 9.73349
24910001 8.15458
24920001 8.47592
24930001 10.501
24940001 9.24844
24950001 9.49045
24960001 7.74192
24970001 9.48129
24980001 9.18794
24990001 8.14229
25000001 8.39408
25010001 7.1814
25020001 7.69684
25030001 8.56833
25040001 9.42772
25050001 9.10777
25060001 9.03932
25070001 7.58788
25080001 8.07115
25090001 8.95481
25100001 7.16111
25110001 7.32776
25120001 8.6285
25130001 9.16348
25140001 8.98797
25150001 8.62184
25160001 8.434
25170001 8.742
25180001 9.31464
25190001 7.5515
25200001 9.88672
25210001 8.97815
25220001 8.15526
25230001 9.66792
25240001 7.34902
25250001 7.65952
25260001 8.94466
25270001 8.88279
25280001 8.5253
25290001 10.0663
25300001 11.067
25310001 8.22917
25320001 9.82999
25330001 7.86879
25340001 7.20351
25350001 8.49356
25360001 8.96298
25370001 8.03911
25380001 8.78493
25390001 10.139
25400001 8.92453
25410001 8.08637
25420001 7.52031
25430001 8.34937
25440001 8.08015
25450001 10.078
25460001 8.74888
25470001 7.43075
25480001 7.30238
25490001 10.6334
25500001 9.10819
25510001 7.80671
25520001 9.35185
25530001 9.54196
25540001 8.53289
25550001 8.55236
25560001 7.29791
25570001 7.80725
25580001 9.62422
25590001 10.2578
25600001 8.31549
25610001 8.64219
25620001 8.4177
25630001 8.38961
25640001 7.81343
25650001 7.2284
25660001 7.50361
25670001 9.93075
25680001 9.73383
25690001 8.15485
25700001 8.47605
25710001 10.5009
25720001 9.86828
25730001 9.48902
25740001 7.74161
25750001 9.76387
25760001 9.18311
25770001 8.14258
25780001 8.39426
25790001 7.18041
25800001 7.69672
25810001 8.56805
25820001 9.42671
25830001 9.10835
25840001 9.03972
25850001 7.58793
25860001 8.06554
25870001 8.95494
25880001 7.18784
25890001 7.32825
25900001 8.62832
25910001 9.1589
25920001 8.95424
25930001 8.62172
25940001 8.43121
25950001 8.741
25960001 9.31416
25970001 7.55192
25980001 9.88696
25990001 8.97827
26000001 8.15508
26010001 9.66684
26020001 7.34973
26030001 7.6579
26040001 8.9445
26050001 8.88202
26060001 8.52553
26070001 10.0664
26080001 11.0677
26090001 8.22927
26100001 9.83031
26110001 7.86914
26120001 7.20367
26130001 8.49021
26140001 8.96305
26150001 8.03947
26160001 8.78514
26170001 10.1373
26180001 8.92487
26190001 8.08623
26200001 7.52037
26210001 8.34972
26220001 8.08312
26230001 10.0761
26240001 8.7485
26250001 7.43088
26260001 7.30257
26270001 10.6336
26280001 9.10574
26290001 7.80684
26300001 9.3523
26310001 9.54224
26320001 8.53328
26330001 8.55259
26340001 7.29956
26350001 7.80741
26360001 9.62259
26370001 10.2576
26380001 8.31572
26390001 8.6425
26400001 8.41785
26410001 8.38931
26420001 7.81356
26430001 7.22868
26440001 7.50345
26450001 9.93098
26460001 9.7342
26470001 8.15521
26480001 8.47414
26490001 10.5012
26500001 9.86835
26510001 9.48948
26520001 7.74155
26530001 9.76423
26540001 9.18345
26550001 8.14234
26560001 8.39437
26570001 7.18057
26580001 7.69714
26590001 8.56908
26600001 9.3718
26610001 9.10849
26620001 9.03905
26630001 7.58809
26640001 8.06419
26650001 8.95214
26660001 7.18827
26670001 7.32875
26680001 8.62831
26690001 9.17302
26700001 8.9546
26710001 8.62152
26720001 8.43149
26730001 8.74078
26740001 9.31445
26750001 7.55232
26760001 9.88548
26770001 8.9784
26780001 8.15481
26790001 9.66696
26800001 7.35011
26810001 7.65834
26820001 8.94473
26830001 8.88231
26840001 8.52566
26850001 10.0666
26860001 11.068
26870001 8.22426
26880001 9.83053
26890001 7.86923
26900001 7.20175
26910001 8.49055
26920001 8.96354
26930001 8.03719
26940001 8.785
26950001 10.1404
26960001 8.92512
26970001 8.08648
26980001 7.52077
26990001 8.34981
27000001 8.08345
27010001 10.0756
27020001 8.74873
27030001 7.43117
27040001 7.3091
27050001 10.6339
27060001 9.10524
27070001 7.80781
27080001 9.35168
27090001 9.54255
27100001 8.5326
27110001 8.55247
27120001 7.29858
27130001 7.80774
27140001 9.62252
27150001 10.2551
27160001 8.31588
27170001 8.64278
27180001 8.41817
27190001 8.38924
27200001 7.81359
27210001 7.22851
27220001 7.50369
27230001 9.93121
27240001 9.73405
27250001 8.15548
27260001 8.4736
27270001 10.5015
27280001 9.86872
27290001 9.48938
27300001 7.74175
27310001 9.76399
27320001 9.18377
27330001 8.14228
27340001 8.39405
27350001 7.17989
27360001 7.69748
27370001 8.57675
27380001 9.37216
27390001 9.06852
27400001 9.03888
27410001 7.58873
27420001 8.06423
27430001 8.94775
27440001 7.1886
27450001 7.32859
27460001 8.62862
27470001 9.17326
27480001 8.95478
27490001 8.63041
27500001 8.4316
27510001 8.74039
27520001 9.31464
27530001 7.55205
27540001 9.88567
27550001 8.98235
27560001 8.15506
27570001 9.66022
27580001 7.3504
27590001 7.65832
27600001 10.0078
27610001 8.87868
27620001 8.52572
27630001 10.0657
27640001 11.0662
27650001 8.22453
27660001 9.82319
27670001 7.86951
27680001 7.20154
27690001 8.49068
27700001 8.96353
27710001 8.03486
27720001 8.78507
27730001 10.1275
27740001 8.92479
27750001 8.08626
27760001 7.52096
27770001 7.69844
27780001 8.08383
27790001 10.0759
27800001 8.74903
27810001 7.43153
27820001 7.3092
27830001 10.634
27840001 9.10549
27850001 7.80809
27860001 9.35057
27870001 9.54296
27880001 8.53269
27890001 8.5525
27900001 7.29879
27910001 7.80787
27920001 8.80032
27930001 10.2551
27940001 8.31622
27950001 8.6407
27960001 8.41813
27970001 8.38942
27980001 7.81395
27990001 7.22856
28000001 7.50354
28010001 9.92406
28020001 9.73466
28030001 8.15573
28040001 8.47383
28050001 10.5014
28060001 9.86893
28070001 9.489
28080001 7.74206
28090001 9.76397
28100001 9.18365
28110001 8.13618
28120001 8.39428
28130001 7.18018
28140001 7.69175
28150001 8.57589
28160001 9.37167
28170001 9.06656
28180001 9.03887
28190001 7.58905
28200001 8.63942
28210001 8.94778
28220001 7.18708
28230001 7.32816
28240001 8.62888
28250001 9.1724
28260001 8.95463
28270001 8.63025
28280001 8.43205
28290001 8.74055
28300001 9.30805
28310001 7.5523
28320001 9.8859
28330001 8.98125
28340001 8.15501
28350001 9.66051
28360001 7.35073
28370001 7.65871
28380001 10.0081
28390001 8.87351
28400001 8.51686
28410001 10.066
28420001 11.0664
28430001 8.22483
28440001 9.81947
28450001 7.86968
28460001 7.20167
28470001 8.49028
28480001 10.4675
28490001 8.03689
28500001 8.78521
28510001 10.0484
28520001 8.9231
28530001 8.08652
28540001 7.52089
28550001 7.69861
28560001 8.0819
28570001 10.0762
28580001 8.74917
28590001 7.43143
28600001 7.30931
28610001 10.6325
28620001 9.10772
28630001 7.80792
28640001 9.35087
28650001 9.54285
28660001 8.53275
28670001 8.55276
28680001 7.2986
28690001 7.80782
28700001 8.80062
28710001 10.2554
28720001 8.31646
28730001 8.64041
28740001 8.41757
28750001 8.38972
28760001 7.81166
28770001 7.22879
28780001 7.5005
28790001 9.91552
28800001 9.73472
28810001 8.15578
28820001 8.47131
28830001 10.5016
28840001 9.86913
28850001 9.48724
28860001 7.74233
28870001 9.7615
28880001 9.18403
28890001 8.13633
28900001 8.3936
28910001 7.1805
28920001 7.69147
28930001 8.5755
28940001 9.37172
28950001 9.06557
28960001 9.03895
28970001 7.58922
28980001 8.63934
28990001 8.94798
29000001 7.1873
29010001 7.32835
29020001 8.42693
29030001 9.17264
29040001 8.95429
29050001 8.6308
29060001 9.13168
29070001 8.73962
29080001 9.30813
29090001 7.54824
29100001 9.88612
29110001 8.98139
29120001 8.15497
29130001 9.66059
29140001 7.35025
29150001 7.67671
29160001 10.0081
29170001 8.87314
29180001 8.51938
29190001 10.0662
29200001 11.0667
29210001 8.22301
29220001 9.52188
29230001 7.86946
29240001 7.20159
29250001 8.49083
29260001 10.4676
29270001 8.03712
29280001 8.78544
29290001 10.0486
29300001 8.92081
29310001 8.08672
29320001 7.52086
29330001 7.69644
29340001 9.33285
29350001 10.0765
29360001 8.74687
29370001 7.43125
29380001 7.30895
29390001 10.6322
29400001 9.10799
29410001 7.80739
29420001 9.35115
29430001 9.54305
29440001 8.53262
29450001 8.55309
29460001 7.29876
29470001 7.80848
29480001 8.80094
29490001 10.2322
29500001 8.3165
29510001 8.64037
29520001 8.41727
29530001 8.38963
29540001 7.81113
29550001 7.22893
29560001 7.50072
29570001 9.91239
29580001 10.0088
29590001 8.1558
29600001 8.47023
29610001 10.5017
29620001 9.84228
29630001 9.4874
29640001 7.74259
29650001 9.76165
29660001 9.18371
29670001 8.1366
29680001 8.39383
29690001 7.18101
29700001 7.6917
29710001 8.57555
29720001 9.3719
29730001 9.0236
29740001 9.03898
29750001 7.58951
29760001 8.64588
29770001 8.94734
29780001 7.18474
29790001 7.3284
29800001 8.42467
29810001 9.17275
29820001 8.9544
29830001 8.62951
29840001 9.13106
29850001 8.73979
29860001 9.30832
29870001 7.54842
29880001 9.88612
29890001 8.98151
29900001 8.15042
29910001 9.66019
29920001 7.35108
29930001 7.67658
29940001 10.0075
29950001 8.87333
29960001 8.51972
29970001 10.0663
29980001 11.0669
29990001 8.22319
