1 15.8032
10001 3.29089
20001 1.73192
30001 1.19451
40001 0.956236
50001 0.849322
60001 0.703862
70001 0.647987
80001 0.675377
90001 0.659876
100001 0.60837
110001 0.627852
120001 0.526485
130001 0.55689
140001 0.554104
150001 0.486847
160001 0.537168
170001 0.57729
180001 0.543181
190001 0.505713
200001 0.548347
210001 0.492251
220001 0.58183
230001 0.489806
240001 0.549548
250001 0.501995
260001 0.581636
270001 0.545654
280001 0.522949
290001 0.539604
300001 0.536152
310001 0.574821
320001 0.591973
330001 0.612623
340001 0.487294
350001 0.553478
360001 0.548988
370001 0.486591
380001 0.557979
390001 0.542127
400001 0.505798
410001 0.559781
420001 0.593949
430001 0.508537
440001 0.48983
450001 0.584337
460001 0.555042
470001 0.511479
480001 0.566237
490001 0.490585
500001 0.509897
510001 0.500656
520001 0.512843
530001 0.505264
540001 0.52317
550001 0.604024
560001 0.497935
570001 0.597746
580001 0.498593
590001 0.593024
600001 0.546938
610001 0.537918
620001 0.48633
630001 0.50933
640001 0.560857
650001 0.498531
660001 0.508917
670001 0.585895
680001 0.601346
690001 0.567672
700001 0.603212
710001 0.510126
720001 0.549161
730001 0.552005
740001 0.489088
750001 0.542608
760001 0.584929
770001 0.553686
780001 0.517213
790001 0.56071
800001 0.506146
810001 0.594833
820001 0.504665
830001 0.564015
840001 0.51722
850001 0.595549
860001 0.560089
870001 0.538165
880001 0.554059
890001 0.55102
900001 0.588678
910001 0.605497
920001 0.626048
930001 0.502242
940001 0.567027
950001 0.562546
960001 0.500948
970001 0.571523
980001 0.55519
990001 0.519139
1000001 0.57227
1010001 0.605273
1020001 0.52108
1030001 0.502633
1040001 0.5959
1050001 0.566864
1060001 0.523081
1070001 0.576779
1080001 0.502234
1090001 0.520998
1100001 0.51162
1110001 0.523605
1120001 0.515713
1130001 0.53348
1140001 0.613261
1150001 0.508067
1160001 0.606401
1170001 0.50827
1180001 0.601993
1190001 0.5556
1200001 0.546975
1210001 0.495563
1220001 0.517918
1230001 0.569149
1240001 0.506955
1250001 0.517114
1260001 0.593227
1270001 0.608614
1280001 0.574746
1290001 0.609617
1300001 0.517723
1310001 0.556066
1320001 0.558904
1330001 0.496419
1340001 0.54929
1350001 0.591479
1360001 0.560244
1370001 0.523693
1380001 0.566645
1390001 0.512509
1400001 0.600666
1410001 0.510849
1420001 0.569927
1430001 0.52302
1440001 0.600643
1450001 0.565251
1460001 0.543772
1470001 0.55923
1480001 0.556425
1490001 0.593777
1500001 0.610291
1510001 0.630833
1520001 0.507349
1530001 0.571688
1540001 0.567029
1550001 0.505897
1560001 0.576189
1570001 0.559681
1580001 0.523769
1590001 0.576578
1600001 0.609046
1610001 0.525433
1620001 0.507065
1630001 0.599869
1640001 0.570868
1650001 0.527108
1660001 0.580461
1670001 0.506301
1680001 0.524935
1690001 0.515504
1700001 0.527479
1710001 0.519395
1720001 0.537252
1730001 0.616645
1740001 0.511765
1750001 0.609542
1760001 0.511825
1770001 0.605455
1780001 0.558814
1790001 0.550347
1800001 0.499044
1810001 0.521157
1820001 0.572352
1830001 0.510161
1840001 0.520252
1850001 0.596094
1860001 0.611552
1870001 0.577446
1880001 0.612063
1890001 0.520758
1900001 0.558828
1910001 0.561591
1920001 0.49938
1930001 0.552037
1940001 0.594175
1950001 0.562877
1960001 0.526378
1970001 0.569039
1980001 0.515154
1990001 0.603165
2000001 0.513462
2010001 0.572458
2020001 0.52546
2030001 0.602801
2040001 0.567407
2050001 0.546235
2060001 0.561488
2070001 0.558813
2080001 0.596099
2090001 0.612445
2100001 0.632988
2110001 0.509614
2120001 0.573777
2130001 0.568961
2140001 0.508138
2150001 0.578279
2160001 0.561735
2170001 0.525898
2180001 0.578567
2190001 0.610731
2200001 0.527454
2210001 0.509117
2220001 0.601668
2230001 0.572699
2240001 0.528985
2250001 0.582203
2260001 0.508212
2270001 0.526801
2280001 0.517344
2290001 0.529326
2300001 0.521134
2310001 0.539075
2320001 0.618279
2330001 0.513549
2340001 0.611071
2350001 0.513545
2360001 0.607178
2370001 0.560385
2380001 0.551978
2390001 0.50075
2400001 0.522741
2410001 0.573932
2420001 0.511741
2430001 0.521795
2440001 0.597529
2450001 0.613038
2460001 0.578788
2470001 0.613266
2480001 0.522279
2490001 0.560213
2500001 0.562909
2510001 0.500869
2520001 0.553432
2530001 0.595531
2540001 0.564188
2550001 0.527743
2560001 0.57025
2570001 0.516499
2580001 0.604449
2590001 0.514797
2600001 0.573752
2610001 0.526699
2620001 0.603912
2630001 0.568491
2640001 0.547512
2650001 0.562658
2660001 0.560051
2670001 0.597321
2680001 0.613575
2690001 0.634107
2700001 0.510792
2710001 0.57487
2720001 0.569939
2730001 0.50931
2740001 0.579369
2750001 0.562815
2760001 0.527017
2770001 0.579613
2780001 0.611608
2790001 0.52852
2800001 0.510196
2810001 0.602602
2820001 0.57365
2830001 0.529972
2840001 0.58313
2850001 0.509221
2860001 0.527793
2870001 0.51832
2880001 0.530307
2890001 0.522051
2900001 0.540046
2910001 0.619151
2920001 0.5145
2930001 0.611895
2940001 0.514462
2950001 0.608107
2960001 0.56123
2970001 0.552845
2980001 0.501664
2990001 0.523587
3000001 0.574777
3010001 0.51259
3020001 0.522622
3030001 0.598308
3040001 0.613844
3050001 0.579517
3060001 0.61391
3070001 0.5231
3080001 0.560962
3090001 0.563609
3100001 0.501673
3110001 0.554189
3120001 0.596261
3130001 0.564888
3140001 0.528482
3150001 0.570909
3160001 0.517228
3170001 0.605146
3180001 0.515521
3190001 0.574451
3200001 0.527367
3210001 0.604521
3220001 0.56907
3230001 0.548209
3240001 0.563298
3250001 0.560725
3260001 0.597991
3270001 0.614195
3280001 0.634716
3290001 0.511436
3300001 0.575471
3310001 0.570462
3320001 0.50995
3330001 0.579967
3340001 0.563407
3350001 0.52763
3360001 0.580186
3370001 0.612086
3380001 0.529104
3390001 0.510787
3400001 0.603109
3410001 0.574166
3420001 0.530512
3430001 0.583643
3440001 0.509774
3450001 0.528339
3460001 0.518855
3470001 0.530845
3480001 0.522552
3490001 0.54058
3500001 0.619632
3510001 0.515023
3520001 0.612352
3530001 0.514964
3540001 0.60862
3550001 0.561697
3560001 0.55332
3570001 0.502167
3580001 0.524053
3590001 0.575241
3600001 0.513059
3610001 0.523076
3620001 0.598741
3630001 0.614291
3640001 0.579923
3650001 0.614264
3660001 0.523553
3670001 0.561376
3680001 0.563992
3690001 0.502118
3700001 0.554608
3710001 0.596662
3720001 0.565271
3730001 0.528891
3740001 0.571276
3750001 0.51763
3760001 0.605531
3770001 0.515922
3780001 0.574837
3790001 0.527735
3800001 0.60486
3810001 0.569386
3820001 0.548595
3830001 0.563653
3840001 0.561098
3850001 0.598364
3860001 0.614541
3870001 0.635051
3880001 0.511794
3890001 0.575806
3900001 0.570747
3910001 0.510306
3920001 0.5803
3930001 0.563736
3940001 0.52797
3950001 0.580504
3960001 0.612351
3970001 0.529429
3980001 0.511115
3990001 0.603388
4000001 0.574449
4010001 0.53081
4020001 0.583928
4030001 0.510081
4040001 0.528642
4050001 0.519152
4060001 0.531143
4070001 0.522829
4080001 0.540876
4090001 0.619899
4100001 0.515313
4110001 0.612609
4120001 0.515243
4130001 0.608906
4140001 0.561958
4150001 0.553583
4160001 0.502447
4170001 0.52431
4180001 0.575498
4190001 0.513321
4200001 0.523328
4210001 0.598983
4220001 0.614541
4230001 0.580152
4240001 0.61446
4250001 0.523806
4260001 0.561606
4270001 0.564202
4280001 0.502365
4290001 0.554842
4300001 0.596885
4310001 0.565482
4320001 0.529119
4330001 0.571482
4340001 0.517855
4350001 0.605745
4360001 0.516144
4370001 0.575051
4380001 0.527938
4390001 0.605051
4400001 0.569559
4410001 0.54881
4420001 0.563852
4430001 0.561306
4440001 0.598572
4450001 0.614734
4460001 0.635237
4470001 0.511994
4480001 0.575993
4490001 0.570903
4500001 0.510504
4510001 0.580486
4520001 0.56392
4530001 0.52816
4540001 0.580681
4550001 0.612498
4560001 0.529611
4570001 0.511298
4580001 0.603542
4590001 0.574605
4600001 0.530977
4610001 0.584089
4620001 0.510252
4630001 0.528812
4640001 0.519318
4650001 0.53131
4660001 0.522982
4670001 0.541041
4680001 0.620049
4690001 0.515475
4700001 0.612753
4710001 0.515398
4720001 0.609066
4730001 0.562105
4740001 0.553729
4750001 0.502603
4760001 0.524454
4770001 0.575641
4780001 0.513467
4790001 0.523468
4800001 0.59912
4810001 0.614681
4820001 0.580281
4830001 0.614569
4840001 0.523947
4850001 0.561735
4860001 0.564318
4870001 0.502503
4880001 0.554973
4890001 0.597008
4900001 0.5656
4910001 0.529247
4920001 0.571598
4930001 0.51798
4940001 0.605865
4950001 0.516269
4960001 0.57517
4970001 0.528051
4980001 0.605159
4990001 0.569655
5000001 0.548931
5010001 0.563964
5020001 0.561422
5030001 0.598689
5040001 0.614843
5050001 0.63534
5060001 0.512107
5070001 0.576099
5080001 0.570989
5090001 0.510615
5100001 0.58059
5110001 0.564023
5120001 0.528267
5130001 0.580781
5140001 0.612581
5150001 0.529713
5160001 0.511401
5170001 0.603628
5180001 0.574693
5190001 0.53107
5200001 0.584179
5210001 0.510347
5220001 0.528907
5230001 0.519411
5240001 0.531403
5250001 0.523068
5260001 0.541134
5270001 0.620133
5280001 0.515566
5290001 0.612835
5300001 0.515485
5310001 0.609155
5320001 0.562187
5330001 0.553811
5340001 0.502691
5350001 0.524535
5360001 0.575721
5370001 0.513549
5380001 0.523547
5390001 0.599197
5400001 0.614759
5410001 0.580354
5420001 0.61463
5430001 0.524027
5440001 0.561808
5450001 0.564383
5460001 0.50258
5470001 0.555047
5480001 0.597078
5490001 0.565665
5500001 0.529319
5510001 0.571664
5520001 0.51805
5530001 0.605932
5540001 0.516339
5550001 0.575237
5560001 0.528115
5570001 0.60522
5580001 0.569708
5590001 0.548999
5600001 0.564027
5610001 0.561488
5620001 0.598755
5630001 0.614904
5640001 0.635399
5650001 0.51217
5660001 0.576159
5670001 0.571036
5680001 0.510678
5690001 0.580649
5700001 0.564081
5710001 0.528327
5720001 0.580837
5730001 0.612628
5740001 0.52977
5750001 0.511458
5760001 0.603676
5770001 0.574741
5780001 0.531122
5790001 0.58423
5800001 0.510401
5810001 0.528961
5820001 0.519463
5830001 0.531456
5840001 0.523116
5850001 0.541186
5860001 0.620181
5870001 0.515618
5880001 0.612881
5890001 0.515534
5900001 0.609206
5910001 0.562234
5920001 0.553857
5930001 0.502741
5940001 0.52458
5950001 0.575766
5960001 0.513596
5970001 0.523591
5980001 0.59924
5990001 0.614804
6000001 0.580396
6010001 0.614665
6020001 0.524071
6030001 0.561849
6040001 0.564419
6050001 0.502624
6060001 0.555089
6070001 0.597116
6080001 0.565702
6090001 0.529359
6100001 0.571701
6110001 0.51809
6120001 0.60597
6130001 0.516379
6140001 0.575274
6150001 0.52815
6160001 0.605254
6170001 0.569738
6180001 0.549037
6190001 0.564062
6200001 0.561524
6210001 0.598792
6220001 0.614939
6230001 0.635431
6240001 0.512206
6250001 0.576193
6260001 0.571063
6270001 0.510713
6280001 0.580683
6290001 0.564114
6300001 0.528361
6310001 0.580869
6320001 0.612654
6330001 0.529803
6340001 0.511491
6350001 0.603703
6360001 0.574769
6370001 0.531151
6380001 0.584259
6390001 0.510432
6400001 0.528992
6410001 0.519493
6420001 0.531486
6430001 0.523143
6440001 0.541215
6450001 0.620207
6460001 0.515647
6470001 0.612908
6480001 0.515562
6490001 0.609235
6500001 0.562261
6510001 0.553883
6520001 0.502769
6530001 0.524606
6540001 0.575791
6550001 0.513622
6560001 0.523616
6570001 0.599265
6580001 0.614829
6590001 0.58042
6600001 0.614684
6610001 0.524097
6620001 0.561872
6630001 0.56444
6640001 0.502649
6650001 0.555112
6660001 0.597138
6670001 0.565723
6680001 0.529382
6690001 0.571723
6700001 0.518113
6710001 0.605991
6720001 0.516401
6730001 0.575295
6740001 0.528171
6750001 0.605274
6760001 0.569754
6770001 0.549059
6780001 0.564083
6790001 0.561545
6800001 0.598813
6810001 0.614959
6820001 0.63545
6830001 0.512226
6840001 0.576212
6850001 0.571078
6860001 0.510733
6870001 0.580702
6880001 0.564133
6890001 0.52838
6900001 0.580887
6910001 0.612669
6920001 0.529821
6930001 0.51151
6940001 0.603718
6950001 0.574784
6960001 0.531168
6970001 0.584276
6980001 0.510449
6990001 0.529009
7000001 0.51951
7010001 0.531502
7020001 0.523159
7030001 0.541232
7040001 0.620223
7050001 0.515663
7060001 0.612923
7070001 0.515578
7080001 0.609251
7090001 0.562276
7100001 0.553898
7110001 0.502784
7120001 0.52462
7130001 0.575806
7140001 0.513637
7150001 0.52363
7160001 0.599279
7170001 0.614843
7180001 0.580433
7190001 0.614695
7200001 0.524111
7210001 0.561885
7220001 0.564451
7230001 0.502663
7240001 0.555126
7250001 0.597151
7260001 0.565734
7270001 0.529395
7280001 0.571735
7290001 0.518126
7300001 0.606003
7310001 0.516414
7320001 0.575308
7330001 0.528182
7340001 0.605286
7350001 0.569763
7360001 0.549072
7370001 0.564094
7380001 0.561557
7390001 0.598825
7400001 0.61497
7410001 0.63546
7420001 0.512238
7430001 0.576223
7440001 0.571086
7450001 0.510745
7460001 0.580713
7470001 0.564144
7480001 0.528391
7490001 0.580897
7500001 0.612677
7510001 0.529832
7520001 0.51152
7530001 0.603726
7540001 0.574793
7550001 0.531178
7560001 0.584285
7570001 0.510459
7580001 0.529019
7590001 0.519519
7600001 0.531512
7610001 0.523167
7620001 0.541241
7630001 0.620231
7640001 0.515673
7650001 0.612931
7660001 0.515587
7670001 0.60926
7680001 0.562284
7690001 0.553906
7700001 0.502794
7710001 0.524628
7720001 0.575814
7730001 0.513646
7740001 0.523638
7750001 0.599287
7760001 0.614852
7770001 0.580441
7780001 0.614702
7790001 0.524119
7800001 0.561893
7810001 0.564457
7820001 0.502671
7830001 0.555133
7840001 0.597158
7850001 0.565741
7860001 0.529403
7870001 0.571742
7880001 0.518133
7890001 0.60601
7900001 0.516421
7910001 0.575314
7920001 0.528188
7930001 0.605292
7940001 0.569769
7950001 0.549079
7960001 0.564101
7970001 0.561564
7980001 0.598832
7990001 0.614976
8000001 0.635466
8010001 0.512245
8020001 0.576229
8030001 0.571091
8040001 0.510751
8050001 0.580719
8060001 0.56415
8070001 0.528397
8080001 0.580903
8090001 0.612682
8100001 0.529838
8110001 0.511526
8120001 0.603731
8130001 0.574798
8140001 0.531183
8150001 0.584291
8160001 0.510465
8170001 0.529025
8180001 0.519525
8190001 0.531518
8200001 0.523172
8210001 0.541247
8220001 0.620236
8230001 0.515678
8240001 0.612936
8250001 0.515592
8260001 0.609266
8270001 0.562289
8280001 0.553911
8290001 0.502799
8300001 0.524633
8310001 0.575819
8320001 0.513651
8330001 0.523643
8340001 0.599292
8350001 0.614856
8360001 0.580446
8370001 0.614705
8380001 0.524124
8390001 0.561897
8400001 0.564461
8410001 0.502676
8420001 0.555138
8430001 0.597162
8440001 0.565745
8450001 0.529407
8460001 0.571746
8470001 0.518137
8480001 0.606014
8490001 0.516425
8500001 0.575318
8510001 0.528192
8520001 0.605296
8530001 0.569772
8540001 0.549083
8550001 0.564105
8560001 0.561568
8570001 0.598836
8580001 0.61498
8590001 0.63547
8600001 0.512248
8610001 0.576233
8620001 0.571093
8630001 0.510755
8640001 0.580722
8650001 0.564154
8660001 0.528401
8670001 0.580906
8680001 0.612685
8690001 0.529841
8700001 0.51153
8710001 0.603734
8720001 0.574801
8730001 0.531186
8740001 0.584294
8750001 0.510468
8760001 0.529028
8770001 0.519528
8780001 0.531521
8790001 0.523175
8800001 0.54125
8810001 0.620239
8820001 0.515681
8830001 0.612939
8840001 0.515595
8850001 0.609269
8860001 0.562292
8870001 0.553914
8880001 0.502802
8890001 0.524636
8900001 0.575821
8910001 0.513653
8920001 0.523646
8930001 0.599295
8940001 0.614859
8950001 0.580448
8960001 0.614707
8970001 0.524127
8980001 0.5619
8990001 0.564463
9000001 0.502678
9010001 0.55514
9020001 0.597164
9030001 0.565747
9040001 0.52941
9050001 0.571748
9060001 0.51814
9070001 0.606016
9080001 0.516427
9090001 0.575321
9100001 0.528194
9110001 0.605298
9120001 0.569773
9130001 0.549085
9140001 0.564107
9150001 0.56157
9160001 0.598839
9170001 0.614982
9180001 0.635472
9190001 0.512251
9200001 0.576235
9210001 0.571095
9220001 0.510757
9230001 0.580724
9240001 0.564156
9250001 0.528403
9260001 0.580908
9270001 0.612686
9280001 0.529843
9290001 0.511532
9300001 0.603736
9310001 0.574802
9320001 0.531188
9330001 0.584295
9340001 0.51047
9350001 0.52903
9360001 0.51953
9370001 0.531523
9380001 0.523177
9390001 0.541252
9400001 0.620241
9410001 0.515683
9420001 0.612941
9430001 0.515596
9440001 0.60927
9450001 0.562294
9460001 0.553916
9470001 0.502803
9480001 0.524637
9490001 0.575823
9500001 0.513655
9510001 0.523647
9520001 0.599296
9530001 0.614861
9540001 0.58045
9550001 0.614708
9560001 0.524128
9570001 0.561901
9580001 0.564464
9590001 0.50268
9600001 0.555142
9610001 0.597166
9620001 0.565748
9630001 0.529411
9640001 0.57175
9650001 0.518141
9660001 0.606018
9670001 0.516429
9680001 0.575322
9690001 0.528195
9700001 0.605299
9710001 0.569774
9720001 0.549086
9730001 0.564108
9740001 0.561571
9750001 0.59884
9760001 0.614984
9770001 0.635473
9780001 0.512252
9790001 0.576236
9800001 0.571096
9810001 0.510758
9820001 0.580726
9830001 0.564157
9840001 0.528404
9850001 0.580909
9860001 0.612687
9870001 0.529844
9880001 0.511533
9890001 0.603737
9900001 0.574803
9910001 0.531189
9920001 0.584296
9930001 0.510471
9940001 0.529031
9950001 0.519531
9960001 0.531524
9970001 0.523178
9980001 0.541253
9990001 0.620242
