1 84.4862
101 0.831806
201 0.397519
301 0.219383
401 0.160633
501 0.122407
601 0.0996735
701 0.0865113
801 0.0779884
901 0.0707636
1001 0.0659643
1101 0.0616903
1201 0.0567637
1301 0.0545337
1401 0.0527169
1501 0.0508597
1601 0.0493451
1701 0.0476975
1801 0.0457977
1901 0.0449443
2001 0.0435332
2101 0.041969
2201 0.0410102
2301 0.0404642
2401 0.0394491
2501 0.0385231
2601 0.0377542
2701 0.0362695
2801 0.0360074
2901 0.035712
3001 0.0351143
3101 0.0345494
3201 0.0337084
3301 0.032948
3401 0.0321502
3501 0.0316811
3601 0.0307456
3701 0.0303644
3801 0.0299315
3901 0.0295411
4001 0.028956
4101 0.0285807
4201 0.0275513
4301 0.0275723
4401 0.0273399
4501 0.0270405
4601 0.0266597
4701 0.0261801
4801 0.0255415
4901 0.0250592
5001 0.0249173
5101 0.0242357
5201 0.023881
5301 0.0236978
5401 0.0233911
5501 0.0230454
5601 0.0229121
5701 0.0222403
5801 0.0223438
5901 0.0221878
6001 0.0219809
6101 0.0217698
6201 0.0216081
6301 0.0209311
6401 0.020684
6501 0.0205931
6601 0.0200975
6701 0.0198137
6801 0.0197028
6901 0.0195036
7001 0.0193341
7101 0.0192685
7201 0.0189696
7301 0.018938
7401 0.0188961
7501 0.0187044
7601 0.0185717
7701 0.0184954
7801 0.0179686
7901 0.0178199
8001 0.0177898
8101 0.0173749
8201 0.0171564
8301 0.0171002
8401 0.0169859
8501 0.0168911
8601 0.0169187
8701 0.0167394
8801 0.016685
8901 0.0166932
9001 0.0165947
9101 0.0164568
9201 0.0164195
9301 0.0159504
9401 0.0158737
9501 0.0158839
9601 0.0155947
9701 0.0153292
9801 0.0153804
9901 0.0152553
10001 0.0152067
10101 0.0152655
10201 0.0151584
10301 0.0151127
10401 0.0151833
10501 0.015102
10601 0.0149694
10701 0.0149265
10801 0.0145847
10901 0.0144766
11001 0.0144873
11101 0.0143228
11201 0.0140381
11301 0.0141175
11401 0.0139792
11501 0.0140179
11601 0.0140449
11701 0.0139927
11801 0.0139439
11901 0.0140297
12001 0.0139684
12101 0.013874
12201 0.0138007
12301 0.0134719
12401 0.0133857
12501 0.0134377
12601 0.01322
12701 0.0130471
12801 0.0131085
12901 0.0129904
13001 0.0130576
13101 0.0130729
13201 0.0130354
13301 0.01299
13401 0.0130974
13501 0.0130542
13601 0.0129342
13701 0.0128666
13801 0.0125694
13901 0.0124799
14001 0.0125552
14101 0.0123565
14201 0.0122185
14301 0.0122577
14401 0.0121566
14501 0.0122091
14601 0.0122262
14701 0.0122009
14801 0.0121486
14901 0.0122789
15001 0.0122418
15101 0.0121126
15201 0.0120403
15301 0.0117947
15401 0.0116797
15501 0.0117807
15601 0.0116118
15701 0.011484
15801 0.0115152
15901 0.011421
16001 0.0114754
16101 0.0114768
16201 0.0114721
16301 0.0114023
16401 0.0115327
16501 0.0115246
16601 0.0113659
16701 0.0113101
16801 0.0111007
16901 0.0109628
17001 0.0110772
17101 0.0109306
17201 0.010816
17301 0.0108363
17401 0.010751
17501 0.0108006
17601 0.0107972
17701 0.0107977
17801 0.010717
17901 0.0108486
18001 0.0108456
18101 0.0106941
18201 0.0106352
18301 0.0104626
18401 0.0103108
18501 0.0104205
18601 0.0102966
18701 0.0101585
18801 0.0101905
18901 0.010143
19001 0.010157
19101 0.0101776
19201 0.0101537
19301 0.0100838
19401 0.0102089
19501 0.0102136
19601 0.0100733
19701 0.0100117
19801 0.00987706
19901 0.00972456
20001 0.00981481
20101 0.00970664
20201 0.00957432
20301 0.0095911
20401 0.00954372
20501 0.00956701
20601 0.00958618
20701 0.00954606
20801 0.00950223
20901 0.00960439
21001 0.00960907
21101 0.00947973
21201 0.00943257
21301 0.00930596
21401 0.00913266
21501 0.009241
21601 0.00914178
21701 0.00901397
21801 0.0090321
21901 0.00899295
22001 0.00900324
22101 0.00902698
22201 0.00899529
22301 0.00894551
22401 0.0090265
22501 0.00903722
22601 0.00891659
22701 0.00888692
22801 0.00875226
22901 0.00861241
23001 0.00868543
23101 0.00859679
23201 0.00847578
23301 0.00849737
23401 0.00846004
23501 0.00848037
23601 0.00850039
23701 0.00846698
23801 0.00842201
23901 0.00848959
24001 0.00850815
24101 0.0083862
24201 0.00835251
24301 0.00825728
24401 0.00809871
24501 0.00816533
24601 0.00809744
24701 0.00794706
24801 0.0080029
24901 0.00797209
25001 0.00798905
25101 0.00799545
25201 0.00796235
25301 0.00793015
25401 0.00799091
25501 0.00800877
25601 0.00787571
25701 0.00785802
25801 0.00777993
25901 0.00761992
26001 0.00767601
26101 0.00762975
26201 0.00746493
26301 0.00754277
26401 0.00748761
26501 0.00751904
26601 0.00752667
26701 0.00749043
26801 0.00746853
26901 0.00751246
27001 0.00753503
27101 0.00741519
27201 0.0073809
27301 0.00730765
27401 0.00716593
27501 0.00721221
27601 0.00718882
27701 0.00702151
27801 0.00708798
27901 0.00704501
28001 0.00707112
28101 0.00707708
28201 0.00704492
28301 0.00702266
28401 0.00707885
28501 0.00708252
28601 0.00697761
28701 0.00694012
28801 0.00687513
28901 0.00674183
29001 0.00678733
29101 0.00677082
29201 0.00660566
29301 0.00666509
29401 0.00662924
29501 0.00664193
29601 0.00665301
29701 0.0066179
29801 0.00660915
29901 0.00665045
30001 0.00665844
30101 0.00656583
30201 0.00651725
30301 0.00645614
30401 0.00633568
30501 0.00638046
30601 0.0063727
30701 0.00621404
30801 0.00626879
30901 0.00623794
31001 0.00625306
31101 0.00626059
31201 0.00622565
31301 0.00620996
31401 0.006253
31501 0.0062594
31601 0.00616973
31701 0.00611374
31801 0.00606952
31901 0.00595539
32001 0.00599712
32101 0.00599488
32201 0.00584423
32301 0.00588667
32401 0.00587285
32501 0.00587632
32601 0.0058793
32701 0.00585687
32801 0.00584245
32901 0.00588804
33001 0.00588651
33101 0.00580136
33201 0.00575183
33301 0.00570511
33401 0.00559685
33501 0.00564127
33601 0.00564033
33701 0.00551183
33801 0.00553313
33901 0.00552709
34001 0.00551445
34101 0.0055292
34201 0.00550565
34301 0.00549553
34401 0.0055367
34501 0.00553152
34601 0.00545581
34701 0.00540864
34801 0.00536673
34901 0.00524654
35001 0.00529885
35101 0.00530303
35201 0.00518724
35301 0.00519665
35401 0.0052064
35501 0.00517951
35601 0.00519542
35701 0.0051786
35801 0.00516828
35901 0.00520916
36001 0.00520377
36101 0.00512235
36201 0.00509089
36301 0.00504078
36401 0.00492927
36501 0.00497405
36601 0.00498082
36701 0.00487789
36801 0.00487845
36901 0.00490728
37001 0.00486865
37101 0.00488103
37201 0.00487282
37301 0.00486226
37401 0.00489582
37501 0.00488593
37601 0.00481403
37701 0.00478628
37801 0.0047392
37901 0.00463149
38001 0.00466581
38101 0.00469045
38201 0.00458546
38301 0.00459042
38401 0.00461493
38501 0.00457372
38601 0.00459027
38701 0.00458613
38801 0.0045665
38901 0.00460093
39001 0.0045846
39101 0.00452654
39201 0.0044983
39301 0.0044553
39401 0.00435347
39501 0.00438188
39601 0.00439722
39701 0.00430893
39801 0.00431547
39901 0.00434708
40001 0.0043018
40101 0.00431433
40201 0.004309
40301 0.00428831
40401 0.00432481
40501 0.00430794
40601 0.00425799
40701 0.00422779
40801 0.00418611
40901 0.00409389
41001 0.00411601
41101 0.00413368
41201 0.00404833
41301 0.00406524
41401 0.00408118
41501 0.00405252
41601 0.00405312
41701 0.00405155
41801 0.00403175
41901 0.00406684
42001 0.0040508
42101 0.00400475
42201 0.0039758
42301 0.00393162
42401 0.00385265
42501 0.0038748
42601 0.00388435
42701 0.00380219
42801 0.00382347
42901 0.00383376
43001 0.00382595
43101 0.00381101
43201 0.00381472
43301 0.00378451
43401 0.00381911
43501 0.00380936
43601 0.00376588
43701 0.00373695
43801 0.00369217
43901 0.00362511
44001 0.00363844
44101 0.00365816
44201 0.00356903
44301 0.00359224
44401 0.00359862
44501 0.00359727
44601 0.00357765
44701 0.0035891
44801 0.0035557
44901 0.00358036
45001 0.00358188
45101 0.00353998
45201 0.0035125
45301 0.00346905
45401 0.00340693
45501 0.00342698
45601 0.00342967
45701 0.00335502
45801 0.00337285
45901 0.00339043
46001 0.00338249
46101 0.00335898
46201 0.00337736
46301 0.00334309
46401 0.00336708
46501 0.00336742
46601 0.00332508
46701 0.00329636
46801 0.00325718
46901 0.00320908
47001 0.00322078
47101 0.00321906
47201 0.00315333
47301 0.00316471
47401 0.00319029
47501 0.00318387
47601 0.00315643
47701 0.00317071
47801 0.00314551
47901 0.00316565
48001 0.00316411
48101 0.00311993
48201 0.00309938
48301 0.00305966
48401 0.00302359
48501 0.00302078
48601 0.00302678
48701 0.00296481
48801 0.00296676
48901 0.00300054
49001 0.0029955
49101 0.00296229
49201 0.00298099
49301 0.00296169
49401 0.0029745
49501 0.00297412
49601 0.00293367
49701 0.00291426
49801 0.00287483
49901 0.00284277
50001 0.00283926
50101 0.00284626
50201 0.00278992
50301 0.00278979
50401 0.0028218
50501 0.00281539
50601 0.00278126
50701 0.0028011
50801 0.00279305
50901 0.00279462
51001 0.00279811
51101 0.00275571
51201 0.00274412
51301 0.00270182
51401 0.00267388
51501 0.00266937
51601 0.00267512
51701 0.00262637
51801 0.00262342
51901 0.00265256
52001 0.0026418
52101 0.0026122
52201 0.00263205
52301 0.00262661
52401 0.00263352
52501 0.00262997
52601 0.00258817
52701 0.0025777
52801 0.00254124
52901 0.00251349
53001 0.00250978
53101 0.00251213
53201 0.00246882
53301 0.00246915
53401 0.00249026
53501 0.0024828
53601 0.00245929
53701 0.00247582
53801 0.00246913
53901 0.00247216
54001 0.00247287
54101 0.00243375
54201 0.00241988
54301 0.00239611
54401 0.00236225
54501 0.00235645
54601 0.00235808
54701 0.0023225
54801 0.00232056
54901 0.00233614
55001 0.00233124
55101 0.00230999
55201 0.00233109
55301 0.00232207
55401 0.00232523
55501 0.00232795
55601 0.00228863
55701 0.00227392
55801 0.00225034
55901 0.00222128
56001 0.00221371
56101 0.00221433
56201 0.00218777
56301 0.00218095
56401 0.00219511
56501 0.00219276
56601 0.00217131
56701 0.00219005
56801 0.0021838
56901 0.00218541
57001 0.00218661
57101 0.00215409
57201 0.00213541
57301 0.00211322
57401 0.0020854
57501 0.00208176
57601 0.00208011
57701 0.00205967
57801 0.00204669
57901 0.00206319
58001 0.00206233
58101 0.00203972
58201 0.00205991
58301 0.00205284
58401 0.00205311
58501 0.00205666
58601 0.0020277
58701 0.00200931
58801 0.00198797
58901 0.00195961
59001 0.00195635
59101 0.00195424
59201 0.00193601
59301 0.00192503
59401 0.00193855
59501 0.00194456
59601 0.00192628
59701 0.00193635
59801 0.00193283
59901 0.00193131
60001 0.00193366
60101 0.00190763
60201 0.00188393
60301 0.00187098
60401 0.00184151
60501 0.00184094
60601 0.00183638
60701 0.00181895
60801 0.00181016
60901 0.00182174
61001 0.00182741
61101 0.00181162
61201 0.00181919
61301 0.00181421
61401 0.00181626
61501 0.00181865
61601 0.00179355
61701 0.00177039
61801 0.00176044
61901 0.00173213
62001 0.00172805
62101 0.00172769
62201 0.00170889
62301 0.00170071
62401 0.00171552
62501 0.00171888
62601 0.0017059
62701 0.00170743
62801 0.00170548
62901 0.00170466
63001 0.00171315
63101 0.00168524
63201 0.00166372
63301 0.00165484
63401 0.00162848
63501 0.00162397
63601 0.00162198
63701 0.00160718
63801 0.00159938
63901 0.00161316
64001 0.00161805
64101 0.00160174
64201 0.00160206
64301 0.001603
64401 0.00160046
64501 0.0016119
64601 0.0015841
64701 0.00156567
64801 0.00155683
64901 0.00153133
65001 0.00152643
65101 0.00152783
65201 0.00151106
65301 0.00150377
65401 0.00151769
65501 0.00152075
65601 0.00150598
65701 0.00150681
65801 0.00150913
65901 0.00150298
66001 0.00151568
66101 0.00148954
66201 0.00146916
66301 0.00146406
66401 0.00144306
66501 0.00143528
66601 0.0014348
66701 0.00142114
66801 0.00141472
66901 0.00142524
67001 0.00142883
67101 0.00141896
67201 0.00141764
67301 0.00142016
67401 0.00141628
67501 0.00142322
67601 0.00140097
67701 0.00138092
67801 0.00137428
67901 0.00136468
68001 0.00134725
68101 0.0013489
68201 0.00133491
68301 0.00133238
68401 0.00134094
68501 0.00134368
68601 0.00133441
68701 0.00133217
68801 0.00133562
68901 0.00133435
69001 0.00133771
69101 0.00131634
69201 0.00129721
69301 0.00129308
69401 0.00127891
69501 0.00126737
69601 0.00126872
69701 0.0012563
69801 0.00125245
69901 0.00125914
70001 0.00126432
70101 0.00125643
70201 0.00125309
70301 0.00125697
70401 0.00125523
70501 0.0012564
70601 0.00123716
70701 0.00121931
70801 0.00121696
70901 0.00120196
71001 0.00119195
71101 0.00119357
71201 0.00118148
71301 0.00117539
71401 0.00118294
71501 0.00118851
71601 0.00118192
71701 0.00117964
71801 0.00118143
71901 0.001182
72001 0.00117996
72101 0.00116296
72201 0.00114439
72301 0.00115077
72401 0.0011306
72501 0.00112106
72601 0.00112231
72701 0.00111186
72801 0.00110459
72901 0.0011121
73001 0.00111732
73101 0.0011095
73201 0.00111099
73301 0.0011143
73401 0.00111347
73501 0.00110941
73601 0.00109343
73701 0.00107542
73801 0.00108027
73901 0.00106359
74001 0.00105381
74101 0.00105463
74201 0.00104611
74301 0.00103802
74401 0.0010453
74501 0.00105127
74601 0.00104406
74701 0.00104427
74801 0.00104721
74901 0.00104701
75001 0.00104272
75101 0.00102876
75201 0.00101098
75301 0.00101561
75401 0.00100063
75501 0.00099134
75601 0.000990893
75701 0.000984589
75801 0.000974496
75901 0.000983651
76001 0.00098652
76101 0.000982513
76201 0.00098168
76301 0.00098495
76401 0.000986028
76501 0.000980821
76601 0.000968663
76701 0.00095097
76801 0.000954853
76901 0.000942192
77001 0.000933112
77101 0.000930837
77201 0.000926021
77301 0.000916104
77401 0.000925483
77501 0.000927705
77601 0.000924229
77701 0.000922009
77801 0.00092632
77901 0.00092791
78001 0.000923038
78101 0.000911816
78201 0.000894261
78301 0.0008978
78401 0.000887296
78501 0.00087702
78601 0.000875966
78701 0.000870841
78801 0.000861544
78901 0.000870448
79001 0.000873175
79101 0.000869013
79201 0.000867226
79301 0.000871183
79401 0.000873487
79501 0.000869394
79601 0.0008583
79701 0.000842265
79801 0.000843123
79901 0.000834122
80001 0.000822123
80101 0.000824018
80201 0.000818872
80301 0.000810836
80401 0.00081907
80501 0.000821606
80601 0.00081709
80701 0.000817376
80801 0.000819933
80901 0.0008203
81001 0.000817476
81101 0.000807683
81201 0.000791322
81301 0.000792232
81401 0.000785397
81501 0.000772806
81601 0.000775589
81701 0.000770428
81801 0.000763025
81901 0.000770442
82001 0.000773217
82101 0.000769432
82201 0.000769718
82301 0.000771869
82401 0.000770387
82501 0.000769725
82601 0.000760947
82701 0.000744709
82801 0.000745173
82901 0.000740817
83001 0.000725651
83101 0.000729852
83201 0.000725627
83301 0.000717736
83401 0.000724482
83501 0.000725619
83601 0.000723511
83701 0.000725153
83801 0.000727668
83901 0.000724731
84001 0.00072293
84101 0.000715552
84201 0.000702379
84301 0.000701382
84401 0.000696916
84501 0.000682806
84601 0.000684707
84701 0.00068382
84801 0.00067503
84901 0.000681658
85001 0.000683038
85101 0.00068008
85201 0.000683783
85301 0.00068245
85401 0.000682188
85501 0.000680362
85601 0.000673875
85701 0.000660214
85801 0.00066029
85901 0.000656182
86001 0.000643303
86101 0.000644087
86201 0.000643676
86301 0.00063525
86401 0.000641103
86501 0.000641822
86601 0.000639832
86701 0.000643753
86801 0.000643025
86901 0.000641391
87001 0.000639267
87101 0.000634051
87201 0.000621807
87301 0.000620911
87401 0.000618121
87501 0.000605905
87601 0.000605912
87701 0.000605571
87801 0.000597914
87901 0.000603971
88001 0.000604318
88101 0.000601988
88201 0.00060572
88301 0.000605631
88401 0.000602998
88501 0.000602364
88601 0.000596604
88701 0.000585667
88801 0.00058518
88901 0.000582319
89001 0.000571084
89101 0.000570062
89201 0.000570175
89301 0.000562139
89401 0.000568314
89501 0.000568895
89601 0.000566881
89701 0.000570557
89801 0.000570783
89901 0.00056762
90001 0.000568276
90101 0.000561126
90201 0.000550957
90301 0.000550099
90401 0.00054882
90501 0.000537992
90601 0.000536666
90701 0.000536999
90801 0.000528451
90901 0.000535117
91001 0.000535526
91101 0.000534282
91201 0.000537445
91301 0.000537488
91401 0.000535102
91501 0.000535521
91601 0.000528575
91701 0.000518283
91801 0.000517617
91901 0.000517102
92001 0.000506112
92101 0.000504724
92201 0.000506678
92301 0.000497343
92401 0.000503402
92501 0.000504929
92601 0.000501709
92701 0.000506675
92801 0.000506375
92901 0.000503082
93001 0.00050491
93101 0.0004973
93201 0.000487889
93301 0.000486684
93401 0.000488204
93501 0.00047702
93601 0.000474332
93701 0.000477966
93801 0.000468712
93901 0.000473205
94001 0.000476516
94101 0.000472902
94201 0.000477912
94301 0.000476989
94401 0.000474333
94501 0.000476197
94601 0.000468739
94701 0.000459183
94801 0.00045789
94901 0.000461287
95001 0.000449224
95101 0.000447247
95201 0.000450772
95301 0.000441253
95401 0.000445631
95501 0.000448948
95601 0.000444905
95701 0.000450383
95801 0.000448968
95901 0.000447768
96001 0.000448872
96101 0.000442163
96201 0.000432624
96301 0.000431331
96401 0.000433815
96501 0.000423105
96601 0.000421374
96701 0.000425371
96801 0.000416718
96901 0.000419831
97001 0.000422877
97101 0.000418096
97201 0.000422649
97301 0.000422802
97401 0.000422346
97501 0.000422579
97601 0.000417521
97701 0.00040754
97801 0.000410916
97901 0.000408807
98001 0.000397833
98101 0.000397489
98201 0.000401317
98301 0.000392602
98401 0.000395273
98501 0.000399366
98601 0.000394029
98701 0.000398831
98801 0.000398518
98901 0.000398471
99001 0.000399134
99101 0.000393329
99201 0.000384671
99301 0.00038867
99401 0.000385828
99501 0.000374547
99601 0.000374605
99701 0.000381365
99801 0.000371364
99901 0.000371899
