1 89.0006
101 24.8206
201 11.9559
301 6.28614
401 3.63707
501 2.15696
601 1.29332
701 0.784049
801 0.475023
901 0.302233
1001 0.186606
1101 0.149898
1201 0.0946595
1301 0.0806564
1401 0.072795
1501 0.0662008
1601 0.0596593
1701 0.0574534
1801 0.0579631
1901 0.0543199
2001 0.0545528
2101 0.0505174
2201 0.0510418
2301 0.0491576
2401 0.0485983
2501 0.0461357
2601 0.0471716
2701 0.046531
2801 0.0455523
2901 0.0431543
3001 0.0419769
3101 0.0426335
3201 0.0399585
3301 0.0454174
3401 0.0390117
3501 0.0404559
3601 0.0400911
3701 0.0382788
3801 0.0364502
3901 0.0368879
4001 0.0354777
4101 0.0408153
4201 0.0345474
4301 0.0358873
4401 0.0339453
4501 0.0341713
4601 0.032836
4701 0.0318901
4801 0.033482
4901 0.0321954
5001 0.0318494
5101 0.0298754
5201 0.0314135
5301 0.0303033
5401 0.0302324
5501 0.0288215
5601 0.0293835
5701 0.0288083
5801 0.0287849
5901 0.0279533
6001 0.0270745
6101 0.0276639
6201 0.0264139
6301 0.0300998
6401 0.0258129
6501 0.0267973
6601 0.0269627
6701 0.0259128
6801 0.0247116
6901 0.0253186
7001 0.0247828
7101 0.0268387
7201 0.0241437
7301 0.0248461
7401 0.0236266
7501 0.0237366
7601 0.0245245
7701 0.0228613
7801 0.0237894
7901 0.0233222
8001 0.0225527
8101 0.0218663
8201 0.0229816
8301 0.0224353
8401 0.0228644
8501 0.0213464
8601 0.0218343
8701 0.0213372
8801 0.0220794
8901 0.0215753
9001 0.0206467
9101 0.0211434
9201 0.0203022
9301 0.0231084
9401 0.0201359
9501 0.0207524
9601 0.0208465
9701 0.0204103
9801 0.0196791
9901 0.0203125
10001 0.0198806
10101 0.0207071
10201 0.0196845
10301 0.0199023
10401 0.0191764
10501 0.0193761
10601 0.0208816
10701 0.0187273
10801 0.0192687
10901 0.0191515
11001 0.0183839
11101 0.0184498
11201 0.0189778
11301 0.0189255
11401 0.0195697
11501 0.0178737
11601 0.0184014
11701 0.0179399
11801 0.0190113
11901 0.0186155
12001 0.0175948
12101 0.0180052
12201 0.0174533
12301 0.0195014
12401 0.0173784
12501 0.0177831
12601 0.0177286
12701 0.0178338
12801 0.0170454
12901 0.0178019
13001 0.0173217
13101 0.017661
13201 0.017429
13301 0.0172825
13401 0.0168723
13501 0.0169458
13601 0.0189661
13701 0.0165968
13801 0.0169026
13901 0.0168487
14001 0.0161824
14101 0.0166024
14201 0.0169244
14301 0.016647
14401 0.0176658
14501 0.0158973
14601 0.0164603
14701 0.0160541
14801 0.0170027
14901 0.0168424
15001 0.0157645
15101 0.0161078
15201 0.0157152
15301 0.0172234
15401 0.0156728
15501 0.0159356
15601 0.0157773
15701 0.0161825
15801 0.0154498
15901 0.0161468
16001 0.01558
16101 0.0157429
16201 0.0158588
16301 0.0155179
16401 0.015287
16501 0.0152837
16601 0.0174106
16701 0.015023
16801 0.0152685
16901 0.0151865
17001 0.0146578
17101 0.0151999
17201 0.0153987
17301 0.01504
17401 0.0161659
17501 0.0144604
17601 0.0149905
17701 0.0146096
17801 0.0154504
17901 0.0154297
18001 0.0143174
18101 0.0146396
18201 0.0143321
18301 0.0153813
18401 0.0143008
18501 0.0144793
18601 0.0142781
18701 0.0148348
18801 0.014088
18901 0.0147617
19001 0.0141787
19101 0.0142488
19201 0.0145161
19301 0.0141111
19401 0.0139563
19501 0.0138407
19601 0.0159877
19701 0.0136845
19801 0.0139485
19901 0.013805
20001 0.01337
20101 0.0139294
20201 0.0140189
20301 0.0136819
20401 0.0147765
20501 0.0131721
20601 0.013679
20701 0.0133521
20801 0.0140906
20901 0.0141351
21001 0.0130559
21101 0.0133261
21201 0.0130673
21301 0.0141662
21401 0.0130576
21501 0.0131889
21601 0.012972
21701 0.013561
21801 0.0128454
21901 0.0134603
22001 0.0128982
22101 0.0129479
22201 0.013282
22301 0.0128184
22401 0.0127283
22501 0.0126062
22601 0.014632
22701 0.0124719
22801 0.0127491
22901 0.0125556
23001 0.0121874
23101 0.0127281
23201 0.0127807
23301 0.0124507
23401 0.013415
23501 0.0120192
23601 0.0124771
23701 0.0121817
23801 0.0128372
23901 0.0129096
24001 0.0118931
24101 0.0121358
24201 0.0118873
24301 0.012528
24401 0.0119123
24501 0.0120009
24601 0.0117863
24701 0.0123685
24801 0.0116999
24901 0.0122309
25001 0.011713
25101 0.0117539
25201 0.0121002
25301 0.0116546
25401 0.0115837
25501 0.0114662
25601 0.0133453
25701 0.0113515
25801 0.0115294
25901 0.0114161
26001 0.01109
26101 0.0115925
26201 0.0116303
26301 0.011309
26401 0.0122044
26501 0.0109409
26601 0.0113465
26701 0.0110993
26801 0.0116767
26901 0.011769
27001 0.0107895
27101 0.0110295
27201 0.0108163
27301 0.0111365
27401 0.0107675
27501 0.010911
27601 0.0106994
27701 0.0112476
27801 0.0106436
27901 0.0110666
28001 0.0106439
28101 0.0106687
28201 0.0110066
28301 0.0105773
28401 0.0105239
28501 0.0103818
28601 0.0121375
28701 0.010329
28801 0.0104723
28901 0.0103575
29001 0.0100731
29101 0.0105326
29201 0.0105508
29301 0.0102424
29401 0.0109348
29501 0.00994024
29601 0.0103075
29701 0.0100744
29801 0.0106058
29901 0.0106683
30001 0.0097979
30101 0.0100111
30201 0.00983206
30301 0.0100552
30401 0.0097834
30501 0.00990355
30601 0.00970431
30701 0.0102156
30801 0.00966013
30901 0.0100209
31001 0.00963542
31101 0.00967275
31201 0.00993094
31301 0.00958854
31401 0.00954748
31501 0.0094257
31601 0.0110126
31701 0.00935566
31801 0.00949973
31901 0.00934529
32001 0.00913855
32101 0.00955544
32201 0.00956918
32301 0.00929948
32401 0.00996973
32501 0.00901278
32601 0.00935392
32701 0.00913018
32801 0.00961895
32901 0.00969272
33001 0.00887441
33101 0.00907842
33201 0.00891663
33301 0.00905217
33401 0.00893159
33501 0.00897611
33601 0.008795
33701 0.00926557
33801 0.0087487
33901 0.00912269
34001 0.00870782
34101 0.0087673
34201 0.00907315
34301 0.00868267
34401 0.00865672
34501 0.00854669
34601 0.00998322
34701 0.00848837
34801 0.00861469
34901 0.00855385
35001 0.00828499
35101 0.00866441
35201 0.00866797
35301 0.00841413
35401 0.0087214
35501 0.0081654
35601 0.00848309
35701 0.00832791
35801 0.00872189
35901 0.00878171
36001 0.00804296
36101 0.0082272
36201 0.00808845
36301 0.00819672
36401 0.00810259
36501 0.00813679
36601 0.00796438
36701 0.0083979
36801 0.00793945
36901 0.00812418
37001 0.00788433
37101 0.00793632
37201 0.00827294
37301 0.00786172
37401 0.00783913
37501 0.00774494
37601 0.00904738
37701 0.0076803
37801 0.00780334
37901 0.00778485
38001 0.00750266
38101 0.00784982
38201 0.00784983
38301 0.00762676
38401 0.00786105
38501 0.00745205
38601 0.00767614
38701 0.00755349
38801 0.00790072
38901 0.00792262
39001 0.00727775
39101 0.00745575
39201 0.0073304
39301 0.00741531
39401 0.00737606
39501 0.00737376
39601 0.00731938
39701 0.00760815
39801 0.00719201
39901 0.00732965
40001 0.00714101
40101 0.00718896
40201 0.00757915
40301 0.00712006
40401 0.00710659
40501 0.00701179
40601 0.00818766
40701 0.00696052
40801 0.00706804
40901 0.00702336
41001 0.00681396
41101 0.00709367
41201 0.00710709
41301 0.00690378
41401 0.00707143
41501 0.00674236
41601 0.00694649
41701 0.00675601
41801 0.0071607
41901 0.00727948
42001 0.0065877
42101 0.00674705
42201 0.00663702
42301 0.00671143
42401 0.00671896
42501 0.00668296
42601 0.00656776
42701 0.00689078
42801 0.00651135
42901 0.00662574
43001 0.00643228
43101 0.00650555
43201 0.00687701
43301 0.00643767
43401 0.00645264
43501 0.0063508
43601 0.00741353
43701 0.00630295
43801 0.00639497
43901 0.0063448
44001 0.00620235
44101 0.00641924
44201 0.00643273
44301 0.00625067
44401 0.00637961
44501 0.00610031
44601 0.00628855
44701 0.00611723
44801 0.00648314
44901 0.00674444
45001 0.00595666
45101 0.00611642
45201 0.00600564
45301 0.00607572
45401 0.0060701
45501 0.00605952
45601 0.00596924
45701 0.00624062
45801 0.00589407
45901 0.00599528
46001 0.00583889
46101 0.00586237
46201 0.00617357
46301 0.00582605
46401 0.00585111
46501 0.00574942
46601 0.00669945
46701 0.00570113
46801 0.00578845
46901 0.00575759
47001 0.00558953
47101 0.00579868
47201 0.00581719
47301 0.00566213
47401 0.005785
47501 0.00554017
47601 0.00569924
47701 0.00554324
47801 0.00587062
47901 0.00609841
48001 0.00539355
48101 0.00553667
48201 0.00543783
48301 0.00550103
48401 0.0054733
48501 0.00548581
48601 0.00540499
48701 0.00565062
48801 0.00533836
48901 0.00542145
49001 0.00525006
49101 0.00531204
49201 0.00558912
49301 0.00526941
49401 0.00530245
49501 0.00520646
49601 0.00607354
49701 0.00515946
49801 0.00524005
49901 0.00520817
50001 0.00505816
50101 0.00525254
50201 0.00526591
50301 0.00509576
50401 0.00524261
50501 0.00501204
50601 0.00517715
50701 0.00501636
50801 0.00531396
50901 0.00562317
51001 0.0048835
51101 0.00501474
51201 0.00491978
51301 0.00497859
51401 0.00495446
51501 0.00496635
51601 0.00489181
51701 0.00511799
51801 0.00482909
51901 0.00490908
52001 0.00475069
52101 0.00480557
52201 0.00507553
52301 0.00477253
52401 0.00480323
52501 0.00471181
52601 0.00547831
52701 0.0046707
52801 0.00474475
52901 0.00471523
53001 0.00457843
53101 0.00475362
53201 0.00476423
53301 0.00461692
53401 0.00475058
53501 0.00453979
53601 0.00468588
53701 0.00454296
53801 0.00481812
53901 0.00509273
54001 0.00441962
54101 0.0045405
54201 0.00445571
54301 0.00450635
54401 0.00448296
54501 0.0045066
54601 0.00442802
54701 0.00463154
54801 0.00434784
54901 0.00444256
55001 0.00430101
55101 0.00435658
55201 0.00458769
55301 0.00431598
55401 0.00435646
55501 0.00426271
55601 0.00495387
55701 0.00422597
55801 0.004295
55901 0.00426776
56001 0.00415538
56101 0.00430248
56201 0.0043076
56301 0.00417958
56401 0.00430032
56501 0.0041094
56601 0.00424255
56701 0.00411359
56801 0.00435153
56901 0.00458441
57001 0.00400001
57101 0.00410899
57201 0.00403183
57301 0.00407918
57401 0.00405674
57501 0.0040782
57601 0.00400903
57701 0.004194
57801 0.00392962
57901 0.00402406
58001 0.00389258
58101 0.00392742
58201 0.00415019
58301 0.00390474
58401 0.0039437
58501 0.00385981
58601 0.0044976
58701 0.0038479
58801 0.00388735
58901 0.00386335
59001 0.00376479
59101 0.00389441
59201 0.00389284
59301 0.00378409
59401 0.0038939
59501 0.00372532
59601 0.00379159
59701 0.0037276
59801 0.00394184
59901 0.00416923
60001 0.0036203
60101 0.00371831
60201 0.00365129
60301 0.00369251
60401 0.00367007
60501 0.00369498
60601 0.00362986
60701 0.00379176
60801 0.00355561
60901 0.00364064
61001 0.00352522
61101 0.00355155
61201 0.00375422
61301 0.00353712
61401 0.0035661
61501 0.00349443
61601 0.0039971
61701 0.00347366
61801 0.00352064
61901 0.00349987
62001 0.00340885
62101 0.00352543
62201 0.00351168
62301 0.00343707
62401 0.00352653
62501 0.00337602
62601 0.003437
62701 0.00337449
62801 0.00357964
62901 0.00376777
63001 0.00327699
63101 0.00339195
63201 0.00330678
63301 0.00334161
63401 0.00331385
63501 0.00334577
63601 0.00328662
63701 0.00342846
63801 0.00320663
63901 0.00329385
64001 0.00319171
64101 0.00321564
64201 0.00339873
64301 0.00320404
64401 0.00322791
64501 0.00316429
64601 0.00361727
64701 0.00314402
64801 0.00318665
64901 0.00316597
65001 0.00308706
65101 0.00319119
65201 0.0031818
65301 0.00309119
65401 0.00319355
65501 0.00305897
65601 0.0031127
65701 0.00305819
65801 0.003213
65901 0.00341139
66001 0.00296459
66101 0.00307392
66201 0.00299436
66301 0.00302621
66401 0.00300066
66501 0.00303166
66601 0.00297631
66701 0.00308995
66801 0.00289361
66901 0.00298179
67001 0.00289332
67101 0.00290781
67201 0.00307597
67301 0.00289969
67401 0.00292194
67501 0.00285921
67601 0.0032102
67701 0.00284545
67801 0.00288511
67901 0.00286356
68001 0.00279478
68101 0.00288933
68201 0.00288311
68301 0.00279929
68401 0.00289529
68501 0.00276796
68601 0.00282027
68701 0.00277247
68801 0.0028948
68901 0.00309144
69001 0.00268423
69101 0.0027974
69201 0.00271461
69301 0.0027395
69401 0.00271713
69501 0.00274737
69601 0.00269729
69701 0.00282043
69801 0.00262549
69901 0.00269974
70001 0.00262129
70101 0.00262429
70201 0.00278401
70301 0.00262509
70401 0.00264558
70501 0.00259117
70601 0.00287552
70701 0.00258915
70801 0.00261136
70901 0.00259132
71001 0.00253027
71101 0.00262142
71201 0.00264464
71301 0.00253125
71401 0.00262292
71501 0.00250893
71601 0.00255211
71701 0.00250844
71801 0.00257052
71901 0.00279903
72001 0.00242871
72101 0.00253054
72201 0.00245495
72301 0.00247941
72401 0.00245904
72501 0.00248684
72601 0.00244271
72701 0.00260186
72801 0.00237404
72901 0.00244241
73001 0.00237598
73101 0.00237766
73201 0.00251899
73301 0.00237438
73401 0.00239362
73501 0.00235175
73601 0.00260925
73701 0.00234047
73801 0.00236576
73901 0.00234594
74001 0.00229089
74101 0.00237231
74201 0.00238677
74301 0.00229109
74401 0.002376
74501 0.0022671
74601 0.00231061
74701 0.00227168
74801 0.00230049
74901 0.00253538
75001 0.00219668
75101 0.00229143
75201 0.00222309
75301 0.00224224
75401 0.00223696
75501 0.0022525
75601 0.00221194
75701 0.00235441
75801 0.00214827
75901 0.00221359
76001 0.00214911
76101 0.00215162
76201 0.00228039
76301 0.00215461
76401 0.00216767
76501 0.00213629
76601 0.00235491
76701 0.00211931
76801 0.00214242
76901 0.00212633
77001 0.00207438
77101 0.00214843
77201 0.00216401
77301 0.0020748
77401 0.00215233
77501 0.00205197
77601 0.00209259
77701 0.00205895
77801 0.00208498
77901 0.00229659
78001 0.00198735
78101 0.0020746
78201 0.00201327
78301 0.00203391
78401 0.00201184
78501 0.00203932
78601 0.00200365
78701 0.00215924
78801 0.00194643
78901 0.00200355
79001 0.0019469
79101 0.00194875
79201 0.00206551
79301 0.00195045
79401 0.0019613
79501 0.00192983
79601 0.0021262
79701 0.00191916
79801 0.00194082
79901 0.00192
80001 0.00187848
80101 0.00194418
80201 0.00197865
80301 0.00188216
80401 0.00195252
80501 0.00186095
80601 0.00189519
80701 0.00186471
80801 0.00188862
80901 0.00208122
81001 0.00180001
81101 0.00187988
81201 0.00182141
81301 0.00183676
81401 0.00182074
81501 0.00184639
81601 0.0018151
81701 0.00195938
81801 0.0017662
81901 0.00181452
82001 0.00176341
82101 0.00176511
82201 0.00187103
82301 0.00176676
82401 0.00177733
82501 0.00174587
82601 0.00193166
82701 0.00173714
82801 0.00175586
82901 0.00173913
83001 0.00170103
83101 0.00176255
83201 0.0017924
83301 0.0017025
83401 0.00176893
83501 0.00168326
83601 0.00171526
83701 0.00168925
83801 0.00170885
83901 0.00188509
84001 0.0016328
84101 0.00170315
84201 0.00164772
84301 0.0016524
84401 0.00165126
84501 0.00167214
84601 0.00164421
84701 0.00176978
84801 0.0015984
84901 0.00164077
85001 0.00159696
85101 0.00159926
85201 0.00169572
85301 0.00159917
85401 0.00160909
85501 0.00158211
85601 0.00174592
85701 0.00157573
85801 0.00159664
85901 0.00157624
86001 0.00154065
86101 0.00162363
86201 0.00162049
86301 0.001541
86401 0.00160509
86501 0.00152563
86601 0.00155265
86701 0.00153046
86801 0.00154714
86901 0.00170827
87001 0.00147773
87101 0.00154428
87201 0.00149381
87301 0.00150075
87401 0.00150206
87501 0.00151447
87601 0.00149528
87701 0.00159829
87801 0.0014488
87901 0.00148804
88001 0.00144651
88101 0.001449
88201 0.00153385
88301 0.00144763
88401 0.0014566
88501 0.00143294
88601 0.00158146
88701 0.00142721
88801 0.0014494
88901 0.00143251
89001 0.00139559
89101 0.00144602
89201 0.00146392
89301 0.00139865
89401 0.00145357
89501 0.00138342
89601 0.00140566
89701 0.00138474
89801 0.00140133
89901 0.00154892
90001 0.00133895
90101 0.00139892
90201 0.00135378
90301 0.00135744
90401 0.0013673
90501 0.00137222
90601 0.0013368
90701 0.00144658
90801 0.00131148
90901 0.0013471
91001 0.00130966
91101 0.00131289
91201 0.00138887
91301 0.00131358
91401 0.00131966
91501 0.00129669
91601 0.00143169
91701 0.00128909
91801 0.00131319
91901 0.00130864
92001 0.00126421
92101 0.00130029
92201 0.00132311
92301 0.0012666
92401 0.00130927
92501 0.00126428
92601 0.00127296
92701 0.00125645
92801 0.00127071
92901 0.001403
93001 0.00121359
93101 0.00126805
93201 0.00122782
93301 0.00122803
93401 0.00123906
93501 0.00124321
93601 0.00121232
93701 0.00131201
93801 0.00119023
93901 0.00122061
94001 0.00118666
94101 0.00118985
94201 0.00125347
94301 0.00118846
94401 0.00119592
94501 0.00117583
94601 0.00129664
94701 0.0011693
94801 0.00119297
94901 0.0011805
95001 0.00114541
95101 0.00116526
95201 0.00119772
95301 0.00114885
95401 0.00118219
95501 0.00115559
95601 0.0011522
95701 0.00113989
95801 0.00115141
95901 0.00127113
96001 0.00109963
96101 0.00114994
96201 0.00110947
96301 0.00110217
96401 0.00112144
96501 0.00112674
96601 0.00108735
96701 0.00118855
96801 0.00108086
96901 0.00110131
97001 0.00107736
97101 0.00107859
97201 0.00115156
97301 0.00107618
97401 0.00108387
97501 0.0010653
97601 0.00117457
97701 0.00106029
97801 0.00108369
97901 0.00106661
98001 0.00103777
98101 0.00105304
98201 0.00108561
98301 0.00104129
98401 0.00107112
98501 0.00104405
98601 0.001045
98701 0.00103837
98801 0.00104351
98901 0.00115141
99001 0.000998249
99101 0.00104283
99201 0.00100408
99301 0.00099785
99401 0.00101553
99501 0.00102236
99601 0.00098534
99701 0.00107721
99801 0.00097937
99901 0.000998265
