1 85.5585
101 0.919332
201 0.377714
301 0.218402
401 0.161538
501 0.124104
601 0.105278
701 0.0941397
801 0.0826339
901 0.0749559
1001 0.0694704
1101 0.0644445
1201 0.0622879
1301 0.0582093
1401 0.057027
1501 0.0529293
1601 0.0546921
1701 0.0510535
1801 0.047851
1901 0.0471727
2001 0.0458527
2101 0.0437332
2201 0.0438512
2301 0.0416593
2401 0.0418814
2501 0.0418254
2601 0.0399893
2701 0.0395052
2801 0.0384005
2901 0.03747
3001 0.036539
3101 0.0374026
3201 0.0360586
3301 0.0344076
3401 0.0341447
3501 0.0335774
3601 0.0325762
3701 0.0323666
3801 0.0309518
3901 0.0315394
4001 0.0317703
4101 0.030657
4201 0.0300749
4301 0.0297572
4401 0.0289223
4501 0.0284445
4601 0.0290774
4701 0.0279208
4801 0.0271436
4901 0.0269017
5001 0.0265091
5101 0.0256847
5201 0.025783
5301 0.0246512
5401 0.025275
5501 0.0256801
5601 0.0249132
5701 0.0242395
5801 0.0243892
5901 0.0236667
6001 0.0233129
6101 0.0238251
6201 0.022872
6301 0.0226192
6401 0.0224441
6501 0.02213
6601 0.021471
6701 0.0216773
6801 0.0208417
6901 0.0213638
7001 0.0215356
7101 0.021242
7201 0.020526
7301 0.0209179
7401 0.0202423
7501 0.0200648
7601 0.0203678
7701 0.0196348
7801 0.0196572
7901 0.0195079
8001 0.0191839
8101 0.0186565
8201 0.019044
8301 0.0183663
8401 0.018853
8501 0.0188381
8601 0.0187194
8701 0.0181052
8801 0.0186118
8901 0.0179853
9001 0.0179348
9101 0.0181162
9201 0.0175475
9301 0.0177149
9401 0.0175315
9501 0.0172219
9601 0.016831
9701 0.017156
9801 0.0166979
9901 0.0170964
10001 0.0170187
10101 0.0170228
10201 0.0164103
10301 0.0169586
10401 0.016395
10501 0.0164365
10601 0.0165047
10701 0.0160321
10801 0.0162659
10901 0.0160688
11001 0.0157823
11101 0.0154789
11201 0.0158119
11301 0.0155289
11401 0.0158374
11501 0.0156618
11601 0.0157702
11701 0.0151179
11801 0.0157146
11901 0.0152241
12001 0.0153236
12101 0.015284
12201 0.0149228
12301 0.0151501
12401 0.0149378
12501 0.0147328
12601 0.0144782
12701 0.014737
12801 0.0145879
12901 0.0148251
13001 0.0145781
13101 0.0147217
13201 0.0141302
13301 0.0146879
13401 0.0142482
13501 0.0143995
13601 0.0143007
13701 0.0139588
13801 0.0142629
13901 0.0139888
14001 0.0138475
14101 0.0136205
14201 0.0139095
14301 0.0138023
14401 0.014013
14501 0.0136866
14601 0.0138139
14701 0.013249
14801 0.0137961
14901 0.0134255
15001 0.0135827
15101 0.013457
15201 0.0131347
15301 0.0134572
15401 0.0131859
15501 0.0130577
15601 0.0128816
15701 0.0130952
15801 0.013053
15901 0.0132914
16001 0.0128865
16101 0.0130282
16201 0.0124952
16301 0.0129985
16401 0.0126622
16501 0.0128567
16601 0.012689
16701 0.0124058
16801 0.0127395
16901 0.0124487
17001 0.0123287
17101 0.012205
17201 0.0123677
17301 0.0123432
17401 0.0126147
17501 0.0121651
17601 0.0122675
17701 0.01178
17801 0.0122484
17901 0.0120101
18001 0.0121879
18101 0.0119794
18201 0.0117225
18301 0.0120228
18401 0.0117586
18501 0.0116143
18601 0.0115578
18701 0.0116765
18801 0.0116557
18901 0.0119151
19001 0.0114766
19101 0.0115945
19201 0.0112151
19301 0.0115538
19401 0.0113904
19501 0.0115128
19601 0.0113356
19701 0.0110868
19801 0.0113901
19901 0.0111035
20001 0.0109686
20101 0.0109787
20201 0.0110434
20301 0.0110292
20401 0.0112636
20501 0.0108587
20601 0.0109547
20701 0.0105554
20801 0.010888
20901 0.0107649
21001 0.0108778
21101 0.010718
21201 0.0104902
21301 0.0107291
21401 0.0104943
21501 0.0103403
21601 0.0103951
21701 0.0104455
21801 0.0104468
21901 0.0106381
22001 0.0102506
22101 0.0103551
22201 0.00996328
22301 0.0102838
22401 0.0101675
22501 0.0102852
22601 0.0101166
22701 0.00989777
22801 0.0101353
22901 0.00990604
23001 0.00976207
23101 0.00982059
23201 0.00985767
23301 0.00989625
23401 0.010063
23501 0.00969275
23601 0.00977422
23701 0.00939268
23801 0.00972131
23901 0.00961139
24001 0.00971265
24101 0.00954271
24201 0.00930858
24301 0.00957547
24401 0.00935171
24501 0.00918308
24601 0.00927055
24701 0.00930566
24801 0.00930317
24901 0.0095029
25001 0.00915119
25101 0.00922452
25201 0.00886652
25301 0.00918682
25401 0.00907652
25501 0.00919129
25601 0.00900772
25701 0.00878006
25801 0.00903381
25901 0.00882236
26001 0.00868525
26101 0.00876916
26201 0.00878884
26301 0.00876321
26401 0.00900735
26501 0.00863668
26601 0.00871413
26701 0.00836752
26801 0.00867381
26901 0.00857207
27001 0.00864217
27101 0.00851017
27201 0.00828294
27301 0.00850222
27401 0.00830306
27501 0.00820229
27601 0.00827356
27701 0.00829021
27801 0.00821296
27901 0.0084974
28001 0.00810329
28101 0.00821643
28201 0.00789418
28301 0.00820743
28401 0.00807522
28501 0.00813222
28601 0.00802837
28701 0.00781843
28801 0.00798666
28901 0.00783053
29001 0.00772931
29101 0.00780033
29201 0.00782183
29301 0.00773941
29401 0.00799856
29501 0.00767329
29601 0.00775972
29701 0.00745357
29801 0.00772707
29901 0.00762478
30001 0.00767998
30101 0.00756666
30201 0.00735355
30301 0.00751805
30401 0.00737658
30501 0.00729592
30601 0.00737144
30701 0.00737753
30801 0.00727636
30901 0.00755266
31001 0.00728834
31101 0.00732157
31201 0.00702023
31301 0.00729249
31401 0.00718457
31501 0.00727899
31601 0.0071186
31701 0.00691769
31801 0.00705799
31901 0.00693512
32001 0.00687096
32101 0.00695114
32201 0.00696593
32301 0.00682279
32401 0.00712608
32501 0.00686013
32601 0.00690873
32701 0.00661935
32801 0.0068685
32901 0.00677551
33001 0.00688997
33101 0.00671842
33201 0.00652429
33301 0.00665689
33401 0.00652754
33501 0.00647277
33601 0.0065644
33701 0.00656093
33801 0.00640875
33901 0.00673458
34001 0.0065231
34101 0.00651412
34201 0.00623261
34301 0.00648893
34401 0.00640462
34501 0.00651662
34601 0.006345
34701 0.00613023
34801 0.00626003
34901 0.00614134
35001 0.00612512
35101 0.00620377
35201 0.00619997
35301 0.00605148
35401 0.00634402
35501 0.00614833
35601 0.00613974
35701 0.0058737
35801 0.00611693
35901 0.00601589
36001 0.00613739
36101 0.00597488
36201 0.00579195
36301 0.00590221
36401 0.00578834
36501 0.00579805
36601 0.00584949
36701 0.00584376
36801 0.00570873
36901 0.00597677
37001 0.00578382
37101 0.00578172
37201 0.00554538
37301 0.00577725
37401 0.00568361
37501 0.00578429
37601 0.0056471
37701 0.00547116
37801 0.0055629
37901 0.00544676
38001 0.00545427
38101 0.00551513
38201 0.00551711
38301 0.00538152
38401 0.0056308
38501 0.00545342
38601 0.00544981
38701 0.00523389
38801 0.0054519
38901 0.00534864
39001 0.00544717
39101 0.00532812
39201 0.00515644
39301 0.00524784
39401 0.00513299
39501 0.00514025
39601 0.00521114
39701 0.00520672
39801 0.00507446
39901 0.00531072
40001 0.00514358
40101 0.00516469
40201 0.00493897
40301 0.00514
40401 0.00504585
40501 0.00514419
40601 0.00502897
40701 0.00485964
40801 0.00494428
40901 0.00484121
41001 0.00484366
41101 0.00491573
41201 0.00490311
41301 0.00479438
41401 0.00500845
41501 0.0048474
41601 0.0048708
41701 0.00465447
41801 0.00484079
41901 0.00472058
42001 0.00484781
42101 0.0047351
42201 0.0045775
42301 0.00466764
42401 0.00456479
42501 0.00456844
42601 0.00463723
42701 0.0046233
42801 0.00451494
42901 0.00471847
43001 0.00456139
43101 0.00460684
43201 0.00438363
43301 0.00456758
43401 0.00445785
43501 0.00457073
43601 0.00446476
43701 0.00431801
43801 0.00440519
43901 0.00430275
44001 0.00429794
44101 0.00437479
44201 0.00435685
44301 0.00426107
44401 0.00443684
44501 0.0043009
44601 0.00433993
44701 0.00413526
44801 0.00430056
44901 0.00419073
45001 0.0043064
45101 0.00420336
45201 0.00406752
45301 0.00414607
45401 0.00405199
45501 0.00405583
45601 0.00411957
45701 0.0041039
45801 0.00401533
45901 0.00416674
46001 0.00405798
46101 0.00409015
46201 0.00389137
46301 0.00405246
46401 0.00395321
46501 0.00405917
46601 0.00395936
46701 0.00384306
46801 0.00390994
46901 0.00381963
47001 0.00382176
47101 0.00388665
47201 0.00386635
47301 0.00378196
47401 0.00392165
47501 0.00382074
47601 0.00385725
47701 0.00367509
47801 0.00381877
47901 0.00373727
48001 0.00382909
48101 0.00372428
48201 0.00362473
48301 0.00368399
48401 0.00360204
48501 0.00360111
48601 0.00368857
48701 0.00364741
48801 0.0035649
48901 0.00368179
49001 0.00359945
49101 0.00363879
49201 0.00346871
49301 0.00360417
49401 0.00352327
49501 0.00361242
49601 0.00350563
49701 0.0034204
49801 0.00347333
49901 0.00339092
50001 0.00339193
50101 0.00349111
50201 0.00343747
50301 0.0033752
50401 0.00347275
50501 0.0033859
50601 0.00342943
50701 0.00327377
50801 0.00339673
50901 0.00331319
51001 0.00340782
51101 0.00330392
51201 0.00322028
51301 0.0032777
51401 0.00320086
51501 0.0031955
51601 0.00331895
51701 0.00324604
51801 0.00317893
51901 0.00326663
52001 0.00318406
52101 0.00324513
52201 0.00309556
52301 0.00320347
52401 0.00312052
52501 0.00320986
52601 0.0031183
52701 0.00302746
52801 0.00308169
52901 0.00301729
53001 0.0030147
53101 0.00311493
53201 0.0030618
53301 0.00300496
53401 0.00308173
53501 0.00299608
53601 0.00306723
53701 0.00291518
53801 0.00301878
53901 0.00293907
54001 0.00302545
54101 0.00293701
54201 0.00285277
54301 0.0029069
54401 0.00284753
54501 0.00284869
54601 0.00293106
54701 0.00289708
54801 0.0028288
54901 0.00290428
55001 0.0028076
55101 0.00288322
55201 0.00274999
55301 0.00285144
55401 0.00277329
55501 0.00284611
55601 0.00276582
55701 0.00268678
55801 0.00274197
55901 0.00268479
56001 0.00268411
56101 0.00275404
56201 0.00273594
56301 0.00266344
56401 0.00273957
56501 0.00264709
56601 0.00271558
56701 0.00259838
56801 0.00268715
56901 0.00261525
57001 0.00268333
57101 0.00260783
57201 0.00252878
57301 0.00258838
57401 0.00252965
57501 0.00253099
57601 0.0026056
57701 0.00258833
57801 0.00250758
57901 0.00258349
58001 0.00249526
58101 0.00256243
58201 0.00245061
58301 0.00253396
58401 0.00246917
58501 0.00253191
58601 0.00246071
58701 0.00238303
58801 0.00243505
58901 0.00238269
59001 0.00236919
59101 0.00246085
59201 0.00243886
59301 0.00236404
59401 0.00244093
59501 0.0023569
59601 0.00241699
59701 0.00231028
59801 0.00239003
59901 0.00232546
60001 0.00237843
60101 0.00232069
60201 0.00224719
60301 0.00228402
60401 0.0022472
60501 0.00223189
60601 0.00231644
60701 0.00230179
60801 0.00221712
60901 0.00230229
61001 0.0022142
61101 0.00227997
61201 0.00217926
61301 0.00225356
61401 0.00219435
61501 0.00223554
61601 0.00218668
61701 0.00211978
61801 0.00214727
61901 0.00211739
62001 0.00208885
62101 0.00218403
62201 0.00216466
62301 0.00208508
62401 0.00216897
62501 0.00210023
62601 0.00215256
62701 0.0020572
62801 0.00212284
62901 0.00206376
63001 0.00209842
63101 0.00206059
63201 0.00199817
63301 0.00201485
63401 0.00199584
63501 0.00196761
63601 0.00205563
63701 0.00203839
63801 0.00197142
63901 0.00204315
64001 0.00199297
64101 0.00202865
64201 0.00193906
64301 0.00199884
64401 0.00194674
64501 0.00197369
64601 0.00193624
64701 0.00188326
64801 0.00189653
64901 0.00188064
65001 0.00185205
65101 0.00193936
65201 0.00191998
65301 0.00186169
65401 0.00192877
65501 0.00189358
65601 0.00191263
65701 0.00182625
65801 0.0018853
65901 0.00184063
66001 0.0018538
66101 0.00182712
66201 0.00177576
66301 0.00178803
66401 0.00177567
66501 0.00174708
66601 0.00183029
66701 0.00181054
66801 0.00175612
66901 0.00181991
67001 0.00179257
67101 0.00180252
67201 0.00172209
67301 0.0017771
67401 0.00174423
67501 0.00174911
67601 0.001723
67701 0.00167396
67801 0.00168558
67901 0.00167298
68001 0.00164473
68101 0.00172775
68201 0.00170298
68301 0.00165619
68401 0.0017176
68501 0.00169065
68601 0.00170019
68701 0.00162663
68801 0.00167644
68901 0.00164624
69001 0.00164575
69101 0.00161771
69201 0.00158474
69301 0.00159425
69401 0.00157628
69501 0.00155105
69601 0.00162747
69701 0.00160552
69801 0.00155673
69901 0.00161652
70001 0.00159184
70101 0.00160493
70201 0.00153339
70301 0.00157818
70401 0.00155138
70501 0.00155384
70601 0.0015239
70701 0.00150193
70801 0.00150041
70901 0.00148532
71001 0.00146174
71101 0.00153796
71201 0.00151114
71301 0.00146615
71401 0.00152604
71501 0.0015006
71601 0.00151431
71701 0.00144772
71801 0.00149181
71901 0.00146243
72001 0.00146387
72101 0.00143568
72201 0.00140864
72301 0.00141519
72401 0.00140342
72501 0.00137907
72601 0.00144569
72701 0.0014176
72801 0.00138028
72901 0.00143981
73001 0.0014117
73101 0.00142913
73201 0.00136427
73301 0.00140897
73401 0.00137924
73501 0.0013804
73601 0.00135337
73701 0.00132675
73801 0.00133492
73901 0.00132613
74001 0.00130062
74101 0.00136454
74201 0.00133658
74301 0.00130171
74401 0.00136018
74501 0.0013312
74601 0.00134794
74701 0.00129085
74801 0.00132966
74901 0.00130221
75001 0.00130084
75101 0.00127271
75201 0.00125263
75301 0.00125925
75401 0.00125071
75501 0.00122669
75601 0.00128901
75701 0.00125988
75801 0.0012281
75901 0.00128084
76001 0.00125222
76101 0.00126494
76201 0.00122142
76301 0.00125305
76401 0.0012272
76501 0.001229
76601 0.00119974
76701 0.00118033
76801 0.00118621
76901 0.00118043
77001 0.00115735
77101 0.00121436
77201 0.00118591
77301 0.00115604
77401 0.00120353
77501 0.00117968
77601 0.00119328
77701 0.0011525
77801 0.00118132
77901 0.00116141
78001 0.0011577
78101 0.00113203
78201 0.00111457
78301 0.00111687
78401 0.00111193
78501 0.00109233
78601 0.00114783
78701 0.0011184
78801 0.00109136
78901 0.00113302
79001 0.00111151
79101 0.00111766
79201 0.00108894
79301 0.00111353
79401 0.00109888
79501 0.00109164
79601 0.00106595
79701 0.0010539
79801 0.00105364
79901 0.00104757
80001 0.00103117
80101 0.00107455
80201 0.00105477
80301 0.00102968
80401 0.0010647
80501 0.00105379
80601 0.00105291
80701 0.00102413
80801 0.00105035
80901 0.00104027
81001 0.00102897
81101 0.00100556
81201 0.000992959
81301 0.000993842
81401 0.000987258
81501 0.000972384
81601 0.00101083
81701 0.000993626
81801 0.000970993
81901 0.00100314
82001 0.000994165
82101 0.000993948
82201 0.000968241
82301 0.000990048
82401 0.00098144
82501 0.000971452
82601 0.000947193
82701 0.000936227
82801 0.00093684
82901 0.000931705
83001 0.000916706
83101 0.000953115
83201 0.000935973
83301 0.000917688
83401 0.000945447
83501 0.000939655
83601 0.00093707
83701 0.000914874
83801 0.000933869
83901 0.000923711
84001 0.000916294
84101 0.000892161
84201 0.000882416
84301 0.000884044
84401 0.000879574
84501 0.000869504
84601 0.000897891
84701 0.000881773
84801 0.000865
84901 0.00089312
85001 0.000886826
85101 0.00088298
85201 0.000863933
85301 0.000882124
85401 0.000874265
85501 0.000864539
85601 0.000842522
85701 0.000832505
85801 0.000832618
85901 0.000830251
86001 0.000817937
86101 0.000847783
86201 0.000831645
86301 0.00081767
86401 0.000842663
86501 0.000838254
86601 0.000833482
86701 0.000815757
86801 0.000831443
86901 0.000824188
87001 0.000814898
87101 0.000794796
87201 0.000784674
87301 0.000785246
87401 0.000783326
87501 0.000772817
87601 0.000799271
87701 0.000786379
87801 0.000771125
87901 0.00079352
88001 0.000791452
88101 0.000785281
88201 0.000770012
88301 0.000785364
88401 0.000779345
88501 0.000769748
88601 0.000752351
88701 0.000741541
88801 0.000740679
88901 0.0007405
89001 0.000730267
89101 0.000754102
89201 0.000739327
89301 0.000725993
89401 0.000748037
89501 0.000749446
89601 0.000741076
89701 0.000726548
89801 0.000739558
89901 0.0007351
90001 0.000727264
90101 0.000710583
90201 0.000699269
90301 0.000699339
90401 0.000699633
90501 0.000688775
90601 0.00071305
90701 0.000696075
90801 0.000684017
90901 0.000704501
91001 0.000709587
91101 0.000699088
91201 0.000686055
91301 0.000697094
91401 0.000693126
91501 0.000689221
91601 0.000671203
91701 0.000660194
91801 0.000660375
91901 0.000660905
92001 0.000650511
92101 0.000671658
92201 0.000657697
92301 0.000645867
92401 0.000665327
92501 0.0006721
92601 0.000659835
92701 0.00064761
92801 0.000657752
92901 0.000653869
93001 0.000648051
93101 0.000634011
93201 0.000619873
93301 0.000623475
93401 0.000623937
93501 0.000614798
93601 0.000635268
93701 0.000620681
93801 0.000610644
93901 0.000628106
94001 0.000638717
94101 0.000623467
94201 0.000611526
94301 0.000619983
94401 0.000617431
94501 0.000609819
94601 0.000598126
94701 0.000586381
94801 0.00058766
94901 0.000589628
95001 0.000580093
95101 0.000599761
95201 0.000585708
95301 0.000577202
95401 0.000593091
95501 0.00060129
95601 0.000589149
95701 0.000578222
95801 0.000584613
95901 0.000584425
96001 0.000575043
96101 0.000565077
96201 0.000549197
96301 0.000554365
96401 0.000556631
96501 0.000548076
96601 0.000565413
96701 0.000552836
96801 0.000546309
96901 0.000560246
97001 0.000561165
97101 0.000556594
97201 0.000546695
97301 0.000552365
97401 0.000552344
97501 0.000541239
97601 0.000532975
97701 0.00051843
97801 0.000523422
97901 0.000526155
98001 0.000517509
98101 0.000534215
98201 0.000523046
98301 0.000515579
98401 0.000529311
98501 0.000530685
98601 0.000525333
98701 0.000517126
98801 0.000522543
98901 0.000521578
99001 0.00051065
99101 0.000503063
99201 0.000489586
99301 0.000495156
99401 0.000496242
99501 0.000488715
99601 0.000504933
99701 0.000494022
99801 0.000486291
99901 0.000500604
