1 261.31
1001 21.7568
2001 9.23105
3001 5.01601
4001 3.17663
5001 2.21948
6001 1.67777
7001 1.31604
8001 1.06581
9001 0.879654
10001 0.743555
11001 0.643257
12001 0.561532
13001 0.490839
14001 0.429093
15001 0.381652
16001 0.344865
17001 0.304358
18001 0.281032
19001 0.255693
20001 0.231793
21001 0.215422
22001 0.195235
23001 0.184156
24001 0.174445
25001 0.165309
26001 0.148401
27001 0.144494
28001 0.131615
29001 0.127647
30001 0.119642
31001 0.115047
32001 0.10808
33001 0.103136
34001 0.0988591
35001 0.0949429
36001 0.0906823
37001 0.0865465
38001 0.0835109
39001 0.0813677
40001 0.0758415
41001 0.073681
42001 0.0704493
43001 0.0679741
44001 0.0641027
45001 0.0631799
46001 0.0609584
47001 0.0606278
48001 0.0584241
49001 0.0555646
50001 0.0521566
51001 0.0532432
52001 0.0501571
53001 0.0471866
54001 0.0476565
55001 0.0450325
56001 0.0452134
57001 0.0429672
58001 0.0411934
59001 0.0402633
60001 0.0405517
61001 0.0386891
62001 0.0366794
63001 0.0368761
64001 0.0364169
65001 0.0347318
66001 0.0340388
67001 0.0327865
68001 0.0329882
69001 0.0321073
70001 0.0320122
71001 0.0307009
72001 0.0290336
73001 0.0284491
74001 0.0280951
75001 0.0269482
76001 0.0259434
77001 0.0257556
78001 0.0252341
79001 0.0246034
80001 0.0242058
81001 0.023376
82001 0.022741
83001 0.0224023
84001 0.0225658
85001 0.0221238
86001 0.0208684
87001 0.0212255
88001 0.0207248
89001 0.0202877
90001 0.0197922
91001 0.0194307
92001 0.0186561
93001 0.0180803
94001 0.0177251
95001 0.0177076
96001 0.0174301
97001 0.0167092
98001 0.0168301
99001 0.0160889
100001 0.016158
101001 0.0154282
102001 0.0149858
103001 0.015119
104001 0.0152768
105001 0.0143769
106001 0.0142938
107001 0.0139829
108001 0.0135327
109001 0.0132541
110001 0.0126413
111001 0.0126374
112001 0.0121591
113001 0.0121025
114001 0.0120431
115001 0.0117573
116001 0.0113963
117001 0.0111982
118001 0.0107361
119001 0.0105793
120001 0.0109395
121001 0.0104411
122001 0.00990275
123001 0.00969159
124001 0.00942258
125001 0.00935309
126001 0.00931553
127001 0.00889828
128001 0.00909676
129001 0.00902658
130001 0.00864771
131001 0.0087315
132001 0.00843408
133001 0.00791906
134001 0.00815541
135001 0.00803814
136001 0.00766687
137001 0.00760983
138001 0.00734095
139001 0.00720699
140001 0.00683169
141001 0.00688433
142001 0.00668281
143001 0.00665482
144001 0.00645393
145001 0.00624904
146001 0.00648677
147001 0.00623066
148001 0.00611374
149001 0.0059231
150001 0.0058189
151001 0.00571998
152001 0.00566352
153001 0.0054818
154001 0.00535587
155001 0.00518028
156001 0.00516327
157001 0.0049903
158001 0.00502655
159001 0.00492304
160001 0.00470344
161001 0.00484192
162001 0.00468548
163001 0.00456717
164001 0.00458437
165001 0.00433155
166001 0.0042985
167001 0.00435257
168001 0.00426355
169001 0.00408834
170001 0.00391736
171001 0.0037889
172001 0.00371939
173001 0.00367737
174001 0.00373938
175001 0.00357717
176001 0.00362042
177001 0.00356151
178001 0.00343569
179001 0.00325339
180001 0.00322681
181001 0.0032487
182001 0.0032618
183001 0.00311597
184001 0.00301223
185001 0.00294325
186001 0.00289874
187001 0.00289138
188001 0.00274229
189001 0.00268452
190001 0.00267022
191001 0.00271567
192001 0.00261498
193001 0.00262226
194001 0.00249176
195001 0.00234023
196001 0.00237932
197001 0.00233541
198001 0.00225729
199001 0.00222745
200001 0.00217105
201001 0.00219579
202001 0.00214014
203001 0.00216733
204001 0.00203871
205001 0.00195578
206001 0.00191486
207001 0.00192794
208001 0.00188076
209001 0.00180021
210001 0.00178843
211001 0.00179978
212001 0.00167687
213001 0.00165179
214001 0.00161064
215001 0.00166884
216001 0.00160175
217001 0.00153412
218001 0.00165048
219001 0.00151793
220001 0.00145643
221001 0.00144863
222001 0.00139327
223001 0.00137674
224001 0.00138268
225001 0.00132898
226001 0.00130628
227001 0.00130052
228001 0.00130585
229001 0.00123576
230001 0.0012393
231001 0.00120691
232001 0.0011696
233001 0.00113313
234001 0.00110437
235001 0.00106235
236001 0.00111308
237001 0.00103827
238001 0.00103126
239001 0.00103089
240001 0.000971882
241001 0.0010122
242001 0.000946116
243001 0.000917891
244001 0.000916595
245001 0.000900964
246001 0.000863959
247001 0.00085959
248001 0.000831603
249001 0.000839642
250001 0.000829839
251001 0.000786953
252001 0.000771472
253001 0.000784095
254001 0.000757368
255001 0.00071941
256001 0.00072201
257001 0.00071009
258001 0.000696504
259001 0.000692176
260001 0.00069308
261001 0.00066463
262001 0.000619387
263001 0.000631211
264001 0.000616321
265001 0.000610809
266001 0.000596341
267001 0.000593081
268001 0.000565857
269001 0.000568757
270001 0.000563119
271001 0.000549872
272001 0.000522226
273001 0.000526411
274001 0.000515829
275001 0.000507417
276001 0.000495961
277001 0.000481901
278001 0.000471531
279001 0.000457992
280001 0.000457657
281001 0.000449804
282001 0.000437256
283001 0.000429624
284001 0.000416487
285001 0.000412436
286001 0.000407553
287001 0.000389211
288001 0.000387173
289001 0.000385491
290001 0.000371792
291001 0.000371388
292001 0.000360421
293001 0.00036887
294001 0.000354164
295001 0.000356621
296001 0.000327402
297001 0.000333723
298001 0.000330434
299001 0.000311441
300001 0.000310142
301001 0.000303392
302001 0.000303103
303001 0.000290591
304001 0.000281871
305001 0.000285422
306001 0.000273395
307001 0.000271106
308001 0.000258253
309001 0.000252032
310001 0.000255152
311001 0.000258528
312001 0.000246406
313001 0.000236143
314001 0.000238874
315001 0.000234186
316001 0.000225325
317001 0.000233212
318001 0.00021363
319001 0.000221023
320001 0.000213214
321001 0.000210835
322001 0.000199183
323001 0.000196779
324001 0.0001929
325001 0.00019548
326001 0.000186054
327001 0.000179387
328001 0.000173675
329001 0.000180696
330001 0.000169985
331001 0.000166203
332001 0.000165514
333001 0.000160026
334001 0.00016154
335001 0.000154625
336001 0.000151945
337001 0.000149876
338001 0.000150355
339001 0.000141425
340001 0.000143392
341001 0.000134705
342001 0.000135002
343001 0.000134094
344001 0.000130651
345001 0.000127476
346001 0.000124242
347001 0.000123581
348001 0.000122597
349001 0.000123898
350001 0.000119048
351001 0.000110239
352001 0.000111108
353001 0.000107768
354001 0.000104871
355001 0.000106805
356001 0.000111954
357001 9.99684e-05
358001 9.88967e-05
359001 9.79423e-05
360001 9.25775e-05
361001 9.14087e-05
362001 9.08921e-05
363001 9.30841e-05
364001 9.16736e-05
365001 8.56867e-05
366001 8.5252e-05
367001 8.31965e-05
368001 8.13249e-05
369001 7.77393e-05
370001 7.79743e-05
371001 7.52888e-05
372001 7.50622e-05
373001 7.28256e-05
374001 7.08084e-05
375001 7.1094e-05
376001 7.3655e-05
377001 6.99164e-05
378001 6.60173e-05
379001 6.72864e-05
380001 6.48831e-05
381001 6.30853e-05
382001 6.25563e-05
383001 6.0672e-05
384001 5.86739e-05
385001 5.74497e-05
386001 6.11073e-05
387001 5.61644e-05
388001 5.36986e-05
389001 5.33242e-05
390001 5.32946e-05
391001 5.13042e-05
392001 5.0741e-05
393001 4.99711e-05
394001 4.85756e-05
395001 4.7432e-05
396001 4.60441e-05
397001 4.65895e-05
398001 4.48487e-05
399001 4.48009e-05
400001 4.34005e-05
401001 4.26943e-05
402001 4.30351e-05
403001 4.05831e-05
404001 4.11327e-05
405001 3.97976e-05
406001 3.85316e-05
407001 3.72157e-05
408001 3.66358e-05
409001 3.59013e-05
410001 3.53801e-05
411001 3.46793e-05
412001 3.42426e-05
413001 3.31402e-05
414001 3.30766e-05
415001 3.18403e-05
416001 3.07982e-05
417001 3.20357e-05
418001 3.02389e-05
419001 2.87852e-05
420001 2.81388e-05
421001 2.94665e-05
422001 2.81913e-05
423001 2.7346e-05
424001 2.7474e-05
425001 2.6983e-05
426001 2.67753e-05
427001 2.5617e-05
428001 2.4522e-05
429001 2.41959e-05
430001 2.40739e-05
431001 2.39772e-05
432001 2.34499e-05
433001 2.28132e-05
434001 2.28084e-05
435001 2.26414e-05
436001 2.12133e-05
437001 2.06105e-05
438001 2.08266e-05
439001 2.01952e-05
440001 1.93648e-05
441001 1.93286e-05
442001 1.83422e-05
443001 1.86048e-05
444001 1.83443e-05
445001 1.79563e-05
446001 1.71942e-05
447001 1.66201e-05
448001 1.67918e-05
449001 1.64008e-05
450001 1.59923e-05
451001 1.54616e-05
452001 1.48386e-05
453001 1.49401e-05
454001 1.5654e-05
455001 1.46863e-05
456001 1.50738e-05
457001 1.45459e-05
458001 1.35046e-05
459001 1.35678e-05
460001 1.28883e-05
461001 1.26552e-05
462001 1.25452e-05
463001 1.22291e-05
464001 1.20856e-05
465001 1.16954e-05
466001 1.2137e-05
467001 1.16694e-05
468001 1.11194e-05
469001 1.17176e-05
470001 1.06015e-05
471001 1.04123e-05
472001 1.02474e-05
473001 1.0143e-05
474001 9.82669e-06
475001 9.82452e-06
476001 9.62012e-06
477001 9.59582e-06
478001 9.34519e-06
479001 9.07733e-06
480001 8.95512e-06
481001 8.69381e-06
482001 8.51772e-06
483001 8.33533e-06
484001 8.61719e-06
485001 8.11537e-06
486001 8.19413e-06
487001 8.14472e-06
488001 7.73294e-06
489001 7.56773e-06
490001 7.4071e-06
491001 7.20404e-06
492001 7.22057e-06
493001 7.01974e-06
494001 6.84684e-06
495001 6.63355e-06
496001 6.57932e-06
497001 6.48001e-06
498001 6.34758e-06
499001 6.18303e-06
