1 31.3626
10001 21.0183
20001 16.5613
30001 14.5021
40001 13.03
50001 9.64923
60001 7.88445
70001 6.90735
80001 6.23714
90001 5.81993
100001 5.78287
110001 5.37582
120001 5.05086
130001 4.70399
140001 4.42101
150001 4.38373
160001 4.17047
170001 3.97822
180001 3.74107
190001 3.66121
200001 3.59749
210001 3.54841
220001 3.45125
230001 3.3442
240001 3.25599
250001 3.21031
260001 3.19116
270001 3.06068
280001 2.96424
290001 2.91176
300001 2.86816
310001 2.85403
320001 2.8416
330001 2.79414
340001 2.73678
350001 2.68679
360001 2.67704
370001 2.6071
380001 2.56488
390001 2.53244
400001 2.49807
410001 2.48141
420001 2.48845
430001 2.47273
440001 2.44031
450001 2.40475
460001 2.38127
470001 2.37006
480001 2.32609
490001 2.32708
500001 2.28937
510001 2.26487
520001 2.25708
530001 2.26033
540001 2.25082
550001 2.22617
560001 2.19669
570001 2.18907
580001 2.17215
590001 2.16823
600001 2.15784
610001 2.12707
620001 2.11779
630001 2.11587
640001 2.11899
650001 2.11013
660001 2.08617
670001 2.06866
680001 2.06186
690001 2.06259
700001 2.07365
710001 2.04214
720001 2.02349
730001 2.01673
740001 2.01587
750001 2.02889
760001 2.0109
770001 1.98662
780001 1.97887
790001 1.98556
800001 1.98939
810001 1.98381
820001 1.95623
830001 1.94926
840001 1.94338
850001 1.95696
860001 1.95882
870001 1.93593
880001 1.92209
890001 1.91729
900001 1.93264
910001 1.94647
920001 1.91707
930001 1.90113
940001 1.89486
950001 1.89861
960001 1.92165
970001 1.90382
980001 1.88159
990001 1.87377
1000001 1.88448
1010001 1.9
1020001 1.8895
1030001 1.86403
1040001 1.85799
1050001 1.85823
1060001 1.87557
1070001 1.87911
1080001 1.85549
1090001 1.84417
1100001 1.84148
1110001 1.85778
1120001 1.87352
1130001 1.84677
1140001 1.8316
1150001 1.8261
1160001 1.83838
1170001 1.8692
1180001 1.84102
1190001 1.82226
1200001 1.81481
1210001 1.82855
1220001 1.84285
1230001 1.83424
1240001 1.81078
1250001 1.80461
1260001 1.81332
1270001 1.83005
1280001 1.83201
1290001 1.80673
1300001 1.79792
1310001 1.79866
1320001 1.81811
1330001 1.82881
1340001 1.80427
1350001 1.78989
1360001 1.785
1370001 1.80181
1380001 1.82918
1390001 1.80331
1400001 1.7856
1410001 1.77847
1420001 1.79186
1430001 1.8152
1440001 1.80053
1450001 1.77865
1460001 1.77226
1470001 1.78331
1480001 1.79918
1490001 1.80146
1500001 1.77585
1510001 1.76879
1520001 1.7712
1530001 1.79157
1540001 1.80074
1550001 1.77761
1560001 1.76444
1570001 1.76076
1580001 1.78124
1590001 1.80541
1600001 1.77864
1610001 1.76249
1620001 1.75561
1630001 1.77073
1640001 1.79749
1650001 1.78011
1660001 1.75886
1670001 1.7519
1680001 1.76494
1690001 1.78309
1700001 1.78191
1710001 1.75642
1720001 1.75003
1730001 1.75744
1740001 1.77698
1750001 1.78351
1760001 1.76031
1770001 1.74839
1780001 1.74313
1790001 1.76784
1800001 1.78875
1810001 1.76295
1820001 1.7476
1830001 1.74159
1840001 1.76084
1850001 1.78956
1860001 1.76601
1870001 1.74672
1880001 1.73943
1890001 1.75568
1900001 1.77713
1910001 1.76903
1920001 1.74482
1930001 1.73863
1940001 1.74852
1950001 1.76774
1960001 1.77232
1970001 1.74798
1980001 1.7385
1990001 1.74304
2000001 1.76051
2010001 1.77774
2020001 1.75309
2030001 1.73894
2040001 1.73335
2050001 1.75215
2060001 1.78707
2070001 1.75669
2080001 1.73899
2090001 1.73213
2100001 1.74846
2110001 1.77531
2120001 1.76103
2130001 1.73875
2140001 1.73248
2150001 1.74507
2160001 1.76012
2170001 1.76577
2180001 1.74052
2190001 1.73322
2200001 1.73806
2210001 1.7588
2220001 1.77019
2230001 1.74759
2240001 1.73403
2250001 1.72916
2260001 1.75345
2270001 1.77838
2280001 1.7519
2290001 1.73544
2300001 1.72853
2310001 1.74502
2320001 1.77385
2330001 1.75762
2340001 1.73604
2350001 1.72921
2360001 1.73965
2370001 1.76546
2380001 1.76197
2390001 1.73683
2400001 1.73026
2410001 1.73561
2420001 1.75962
2430001 1.76727
2440001 1.74448
2450001 1.73217
2460001 1.73047
2470001 1.75258
2480001 1.77535
2490001 1.74937
2500001 1.73418
2510001 1.72774
2520001 1.74523
2530001 1.77677
2540001 1.75603
2550001 1.73575
2560001 1.72859
2570001 1.74173
2580001 1.766
2590001 1.76019
2600001 1.73592
2610001 1.73005
2620001 1.73826
2630001 1.76086
2640001 1.76608
2650001 1.74246
2660001 1.73224
2670001 1.72707
2680001 1.75662
2690001 1.77386
2700001 1.74889
2710001 1.73458
2720001 1.7289
2730001 1.7485
2740001 1.7919
2750001 1.75465
2760001 1.73686
2770001 1.72975
2780001 1.748
2790001 1.76654
2800001 1.76061
2810001 1.73782
2820001 1.7317
2830001 1.74099
2840001 1.76249
2850001 1.76705
2860001 1.74223
2870001 1.73426
2880001 1.73647
2890001 1.76043
2900001 1.77276
2910001 1.75015
2920001 1.73643
2930001 1.73151
2940001 1.75188
2950001 1.78223
2960001 1.75597
2970001 1.73932
2980001 1.73236
2990001 1.74896
3000001 1.77633
3010001 1.76243
3020001 1.741
3030001 1.73449
3040001 1.7468
3050001 1.76369
3060001 1.76851
3070001 1.74365
3080001 1.73681
3090001 1.74013
3100001 1.765
3110001 1.77487
3120001 1.75222
3130001 1.73979
3140001 1.7362
3150001 1.75837
3160001 1.78421
3170001 1.75824
3180001 1.74285
3190001 1.73631
3200001 1.75244
3210001 1.7838
3220001 1.76594
3230001 1.74515
3240001 1.73822
3250001 1.75119
3260001 1.77514
3270001 1.77116
3280001 1.74656
3290001 1.74063
3300001 1.74614
3310001 1.77026
3320001 1.77751
3330001 1.75455
3340001 1.74379
3350001 1.74132
3360001 1.76366
3370001 1.78626
3380001 1.76128
3390001 1.7467
3400001 1.74102
3410001 1.75949
3420001 1.79534
3430001 1.76749
3440001 1.7497
3450001 1.74282
3460001 1.75974
3470001 1.7794
3480001 1.77419
3490001 1.75128
3500001 1.74527
3510001 1.75591
3520001 1.77657
3530001 1.78117
3540001 1.75696
3550001 1.74838
3560001 1.75044
3570001 1.77397
3580001 1.78834
3590001 1.76511
3600001 1.75152
3610001 1.74626
3620001 1.76581
3630001 1.7965
3640001 1.77145
3650001 1.75454
3660001 1.74782
3670001 1.76434
3680001 1.79097
3690001 1.77806
3700001 1.75672
3710001 1.75049
3720001 1.76265
3730001 1.78076
3740001 1.78479
3750001 1.76029
3760001 1.75344
3770001 1.75702
3780001 1.78005
3790001 1.79162
3800001 1.76931
3810001 1.75662
3820001 1.75337
3830001 1.77498
3840001 1.80135
3850001 1.77541
3860001 1.75998
3870001 1.75339
3880001 1.77043
3890001 1.79921
3900001 1.7833
3910001 1.76253
3920001 1.75574
3930001 1.7695
3940001 1.7893
3950001 1.7891
3960001 1.76475
3970001 1.75864
3980001 1.76658
3990001 1.78799
4000001 1.79581
4010001 1.7735
4020001 1.76205
4030001 1.75703
4040001 1.78253
4050001 1.80491
4060001 1.77987
4070001 1.7652
4080001 1.75942
4090001 1.77968
4100001 1.80947
4110001 1.78719
4120001 1.76856
4130001 1.76151
4140001 1.77567
4150001 1.80055
4160001 1.79331
4170001 1.77012
4180001 1.7642
4190001 1.77425
4200001 1.79461
4210001 1.8002
4220001 1.77703
4230001 1.76764
4240001 1.77222
4250001 1.79025
4260001 1.80835
4270001 1.78481
4280001 1.77103
4290001 1.76565
4300001 1.78482
4310001 1.82043
4320001 1.7913
4330001 1.77413
4340001 1.76746
4350001 1.78403
4360001 1.81129
4370001 1.7977
4380001 1.7764
4390001 1.77038
4400001 1.78287
4410001 1.79868
4420001 1.80485
4430001 1.78084
4440001 1.77371
4450001 1.78033
4460001 1.79931
4470001 1.8115
4480001 1.78967
4490001 1.7767
4500001 1.77202
4510001 1.79621
4520001 1.82157
4530001 1.79611
4540001 1.78032
4550001 1.77362
4560001 1.78973
4570001 1.81895
4580001 1.80344
4590001 1.78278
4600001 1.77623
4610001 1.78662
4620001 1.81053
4630001 1.80981
4640001 1.78556
4650001 1.77915
4660001 1.78452
4670001 1.8067
4680001 1.81643
4690001 1.79452
4700001 1.78283
4710001 1.7812
4720001 1.80294
4730001 1.82586
4740001 1.80086
4750001 1.78627
4760001 1.78008
4770001 1.79727
4780001 1.82741
4790001 1.80864
4800001 1.78921
4810001 1.78236
4820001 1.79522
4830001 1.81937
4840001 1.81418
4850001 1.79082
4860001 1.78516
4870001 1.79316
4880001 1.81709
4890001 1.821
4900001 1.7985
4910001 1.78852
4920001 1.78355
4930001 1.81245
4940001 1.82979
4950001 1.80574
4960001 1.79202
4970001 1.78655
4980001 1.80568
4990001 1.84848
5000001 1.81235
5010001 1.79528
5020001 1.78857
5030001 1.80616
5040001 1.82462
5050001 1.81919
5060001 1.79727
5070001 1.79139
5080001 1.80026
5090001 1.82157
5100001 1.82619
5110001 1.8025
5120001 1.79478
5130001 1.79684
5140001 1.8203
5150001 1.83272
5160001 1.81092
5170001 1.79777
5180001 1.79303
5190001 1.81274
5200001 1.84256
5210001 1.8173
5220001 1.80131
5230001 1.79465
5240001 1.81079
5250001 1.83757
5260001 1.82427
5270001 1.80371
5280001 1.79746
5290001 1.80935
5300001 1.82593
5310001 1.83075
5320001 1.80701
5330001 1.80033
5340001 1.8036
5350001 1.82774
5360001 1.8376
5370001 1.81606
5380001 1.80386
5390001 1.80046
5400001 1.82216
5410001 1.84714
5420001 1.82218
5430001 1.80735
5440001 1.8011
5450001 1.81666
5460001 1.84718
5470001 1.83009
5480001 1.81013
5490001 1.80348
5500001 1.81594
5510001 1.83932
5520001 1.83557
5530001 1.81199
5540001 1.80628
5550001 1.81155
5560001 1.83505
5570001 1.84216
5580001 1.82031
5590001 1.80975
5600001 1.80739
5610001 1.82891
5620001 1.85107
5630001 1.82696
5640001 1.81296
5650001 1.80752
5660001 1.8253
5670001 1.85517
5680001 1.83332
5690001 1.81634
5700001 1.80964
5710001 1.82582
5720001 1.84502
5730001 1.8402
5740001 1.81809
5750001 1.81233
5760001 1.82246
5770001 1.8426
5780001 1.84714
5790001 1.82394
5800001 1.81562
5810001 1.81779
5820001 1.84027
5830001 1.85437
5840001 1.83197
5850001 1.81894
5860001 1.81389
5870001 1.83212
5880001 1.85906
5890001 1.83832
5900001 1.82211
5910001 1.81565
5920001 1.83152
5930001 1.85733
5940001 1.84491
5950001 1.8244
5960001 1.81843
5970001 1.83006
5980001 1.84763
5990001 1.8516
6000001 1.8282
6010001 1.82145
6020001 1.82612
6030001 1.84705
6040001 1.85841
6050001 1.8369
6060001 1.8247
6070001 1.81452
6080001 1.84227
6090001 1.86791
6100001 1.84307
6110001 1.82817
6120001 1.82176
6130001 1.83807
6140001 1.86567
6150001 1.85066
6160001 1.83064
6170001 1.82422
6180001 1.83512
6190001 1.8565
6200001 1.85632
6210001 1.83292
6220001 1.82705
6230001 1.83356
6240001 1.85531
6250001 1.8629
6260001 1.84143
6270001 1.8304
6280001 1.83674
6290001 1.85001
6300001 1.87195
6310001 1.84763
6320001 1.83351
6330001 1.82797
6340001 1.8474
6350001 1.87615
6360001 1.85475
6370001 1.83682
6380001 1.83004
6390001 1.84359
6400001 1.8676
6410001 1.86067
6420001 1.83835
6430001 1.83267
6440001 1.83907
6450001 1.86189
6460001 1.8674
6470001 1.84508
6480001 1.83598
6490001 1.84032
6500001 1.85764
6510001 1.87525
6520001 1.85258
6530001 1.83937
6540001 1.83411
6550001 1.85241
6560001 1.88667
6570001 1.85878
6580001 1.84226
6590001 1.83586
6600001 1.85177
6610001 1.87803
6620001 1.86495
6630001 1.84442
6640001 1.83865
6650001 1.85055
6660001 1.86689
6670001 1.87182
6680001 1.84879
6690001 1.84181
6700001 1.84813
6710001 1.86639
6720001 1.87834
6730001 1.85716
6740001 1.84468
6750001 1.84017
6760001 1.86331
6770001 1.88794
6780001 1.86332
6790001 1.8481
6800001 1.84167
6810001 1.85713
6820001 1.88528
6830001 1.87038
6840001 1.85041
6850001 1.84411
6860001 1.85404
6870001 1.87709
6880001 1.87641
6890001 1.85309
6900001 1.84685
6910001 1.85209
6920001 1.87339
6930001 1.88277
6940001 1.86161
6950001 1.85033
6960001 1.8488
6970001 1.86958
6980001 1.89189
6990001 1.86764
7000001 1.85357
7010001 1.84762
7020001 1.86405
7030001 1.89313
7040001 1.87507
7050001 1.85632
7060001 1.84974
7070001 1.86202
7080001 1.88531
7090001 1.88032
7100001 1.85778
7110001 1.85233
7120001 1.86002
7130001 1.883
7140001 1.88717
7150001 1.86526
7160001 1.85546
7170001 1.85285
7180001 1.87837
7190001 1.89524
7200001 1.8722
7210001 1.85874
7220001 1.85348
7230001 1.87178
7240001 1.91317
7250001 1.87826
7260001 1.86177
7270001 1.85531
7280001 1.87214
7290001 1.88998
7300001 1.88473
7310001 1.86357
7320001 1.85791
7330001 1.86634
7340001 1.8869
7350001 1.89137
7360001 1.86857
7370001 1.86104
7380001 1.86295
7390001 1.88552
7400001 1.89778
7410001 1.87651
7420001 1.86382
7430001 1.85925
7440001 1.87808
7450001 1.90703
7460001 1.88254
7470001 1.86709
7480001 1.86068
7490001 1.87615
7500001 1.90199
7510001 1.88914
7520001 1.86927
7530001 1.86324
7540001 1.8746
7550001 1.89061
7560001 1.89544
7570001 1.87235
7580001 1.86585
7590001 1.869
7600001 1.89217
7610001 1.90175
7620001 1.88093
7630001 1.86921
7640001 1.86603
7650001 1.88664
7660001 1.91084
7670001 1.88668
7680001 1.87235
7690001 1.86633
7700001 1.88122
7710001 1.9107
7720001 1.89418
7730001 1.87488
7740001 1.86847
7750001 1.88038
7760001 1.90295
7770001 1.89933
7780001 1.87656
7790001 1.871
7800001 1.87603
7810001 1.89866
7820001 1.90554
7830001 1.88453
7840001 1.87418
7850001 1.87187
7860001 1.89253
7870001 1.91405
7880001 1.89067
7890001 1.87713
7900001 1.87189
7910001 1.889
7920001 1.91676
7930001 1.8969
7940001 1.88022
7950001 1.87377
7960001 1.88926
7970001 1.90781
7980001 1.90316
7990001 1.88175
8000001 1.87619
8010001 1.88587
8020001 1.90528
8030001 1.90967
8040001 1.88725
8050001 1.87921
8060001 1.88174
8070001 1.90388
8080001 1.9166
8090001 1.89483
8100001 1.88223
8110001 1.87735
8120001 1.8948
8130001 1.92097
8140001 1.90083
8150001 1.88511
8160001 1.87888
8170001 1.89413
8180001 1.91905
8190001 1.90701
8200001 1.88715
8210001 1.88138
8220001 1.89396
8230001 1.90945
8240001 1.9133
8250001 1.89072
8260001 1.88411
8270001 1.8886
8280001 1.9087
8290001 1.91974
8300001 1.89903
8310001 1.88709
8320001 1.87726
8330001 1.90392
8340001 1.92878
8350001 1.90483
8360001 1.89025
8370001 1.88406
8380001 1.8997
8390001 1.9264
8400001 1.91185
8410001 1.89246
8420001 1.88625
8430001 1.89667
8440001 1.91735
8450001 1.91715
8460001 1.8945
8470001 1.88879
8480001 1.89606
8490001 1.91599
8500001 1.92335
8510001 1.90253
8520001 1.89184
8530001 1.89797
8540001 1.909
8550001 1.93199
8560001 1.90835
8570001 1.89467
8580001 1.88933
8590001 1.90801
8600001 1.93566
8610001 1.91508
8620001 1.89768
8630001 1.89113
8640001 1.90414
8650001 1.92422
8660001 1.92082
8670001 1.89897
8680001 1.89348
8690001 1.89964
8700001 1.92162
8710001 1.92696
8720001 1.90532
8730001 1.89648
8740001 1.90061
8750001 1.91731
8760001 1.93439
8770001 1.91239
8780001 1.89958
8790001 1.8945
8800001 1.91207
8810001 1.9453
8820001 1.91822
8830001 1.90219
8840001 1.89599
8850001 1.91132
8860001 1.93977
8870001 1.92401
8880001 1.90408
8890001 1.89849
8900001 1.90994
8910001 1.92574
8920001 1.93049
8930001 1.90834
8940001 1.90135
8950001 1.90744
8960001 1.92502
8970001 1.93668
8980001 1.9161
8990001 1.90395
9000001 1.89959
9010001 1.92185
9020001 1.94577
9030001 1.92188
9040001 1.9071
9050001 1.90085
9060001 1.91574
9070001 1.94299
9080001 1.92851
9090001 1.90911
9100001 1.90308
9110001 1.91255
9120001 1.93483
9130001 1.93415
9140001 1.91153
9150001 1.90553
9160001 1.91052
9170001 1.93107
9180001 1.94014
9190001 1.91959
9200001 1.90863
9210001 1.90715
9220001 1.92716
9230001 1.9489
9240001 1.92525
9250001 1.91158
9260001 1.90583
9270001 1.92044
9280001 1.9498
9290001 1.93228
9300001 1.91405
9310001 1.90768
9320001 1.9195
9330001 1.94206
9340001 1.93718
9350001 1.91528
9360001 1.90999
9370001 1.91742
9380001 1.93959
9390001 1.94365
9400001 1.92239
9410001 1.91282
9420001 1.91391
9430001 1.9304
9440001 1.9513
9450001 1.92893
9460001 1.91584
9470001 1.91073
9480001 1.92836
9490001 1.96854
9500001 1.9346
9510001 1.91856
9520001 1.91231
9530001 1.92853
9540001 1.94584
9550001 1.94069
9560001 1.92012
9570001 1.91465
9580001 1.92273
9590001 1.94263
9600001 1.94695
9610001 1.92484
9620001 1.91746
9630001 1.9194
9640001 1.9411
9650001 1.95318
9660001 1.93231
9670001 1.91998
9680001 1.91555
9690001 1.93369
9700001 1.96184
9710001 1.93798
9720001 1.92295
9730001 1.9168
9740001 1.93168
9750001 1.95677
9760001 1.94428
9770001 1.92488
9780001 1.91904
9790001 1.92997
9800001 1.94547
9810001 1.95015
9820001 1.92771
9830001 1.92137
9840001 1.92441
9850001 1.94684
9860001 1.9561
9870001 1.93586
9880001 1.92445
9890001 1.92134
9900001 1.94127
9910001 1.96489
9920001 1.94126
9930001 1.9273
9940001 1.92147
9950001 1.93585
9960001 1.96183
9970001 1.94836
9980001 1.92957
9990001 1.92336
