1 960.473
10001 260.82
20001 309.447
30001 82.9646
40001 77.5536
50001 64.5754
60001 59.2052
70001 48.2836
80001 45.4497
90001 46.8571
100001 41.5081
110001 37.5036
120001 33.8295
130001 31.4242
140001 30.7343
150001 29.3081
160001 26.8468
170001 25.0263
180001 24.2141
190001 22.9491
200001 22.042
210001 20.5216
220001 19.3248
230001 18.5626
240001 18.2754
250001 17.5386
260001 16.0299
270001 15.2543
280001 14.9134
290001 13.9357
300001 13.5548
310001 13.1037
320001 12.3428
330001 11.6442
340001 11.3725
350001 10.7161
360001 10.2847
370001 9.77722
380001 9.29466
390001 9.01351
400001 8.63759
410001 8.23855
420001 7.61119
430001 7.29951
440001 7.16293
450001 6.72318
460001 6.37521
470001 6.30749
480001 5.99743
490001 5.57102
500001 5.54867
510001 5.19995
520001 4.94957
530001 4.69744
540001 4.55204
550001 4.63971
560001 4.2043
570001 4.26148
580001 3.72882
590001 3.74921
600001 3.57752
610001 3.4162
620001 3.1672
630001 3.13616
640001 3.3458
650001 2.86108
660001 2.99313
670001 2.66589
680001 2.54557
690001 2.52318
700001 2.44809
710001 2.70588
720001 2.20526
730001 2.60625
740001 2.08725
750001 2.14063
760001 1.99825
770001 1.9787
780001 2.29843
790001 1.80873
800001 2.33202
810001 1.65825
820001 1.92423
830001 1.60902
840001 1.56553
850001 1.54161
860001 1.4863
870001 2.03328
880001 1.39833
890001 1.9078
900001 1.40363
910001 1.39127
920001 1.31055
930001 1.27823
940001 1.83764
950001 1.21828
960001 1.94317
970001 1.18113
980001 1.45727
990001 1.16397
1000001 1.15425
1010001 1.15309
1020001 1.11258
1030001 1.83032
1040001 1.08423
1050001 1.58952
1060001 1.07313
1070001 1.08431
1080001 1.11041
1090001 1.04502
1100001 1.74025
1110001 1.02559
1120001 1.82875
1130001 1.00824
1140001 1.22079
1150001 1.00489
1160001 1.13087
1170001 1.67484
1180001 0.99446
1190001 1.78446
1200001 0.980889
1210001 1.40546
1220001 0.973876
1230001 0.98036
1240001 1.03166
1250001 0.959145
1260001 1.72772
1270001 0.95413
1280001 1.60981
1290001 1.04231
1300001 1.05213
1310001 0.9704
1320001 0.948191
1330001 1.65797
1340001 0.946536
1350001 1.8016
1360001 0.948281
1370001 1.28995
1380001 0.954376
1390001 0.948444
1400001 0.980702
1410001 0.938532
1420001 1.73247
1430001 0.946021
1440001 1.5008
1450001 0.948522
1460001 0.978462
1470001 1.01784
1480001 0.947565
1490001 1.68048
1500001 0.942328
1510001 1.7744
1520001 0.943758
1530001 1.16291
1540001 0.96448
1550001 1.06432
1560001 1.64748
1570001 0.945779
1580001 1.76418
1590001 0.941445
1600001 1.37928
1610001 0.939136
1620001 0.952564
1630001 1.01711
1640001 0.929969
1650001 1.70927
1660001 0.932858
1670001 1.59253
1680001 0.936419
1690001 1.03122
1700001 0.958027
1710001 0.933505
1720001 1.64409
1730001 0.932527
1740001 1.7886
1750001 0.937394
1760001 1.27864
1770001 0.945437
1780001 0.932318
1790001 0.962083
1800001 0.931325
1810001 1.72747
1820001 0.938724
1830001 1.49443
1840001 0.942947
1850001 0.950065
1860001 1.01336
1870001 0.933641
1880001 1.67692
1890001 0.938453
1900001 1.76878
1910001 0.936266
1920001 1.15948
1930001 0.960398
1940001 1.06377
1950001 1.64309
1960001 0.943055
1970001 1.76114
1980001 0.936513
1990001 1.36973
2000001 0.937238
2010001 0.950806
2020001 0.971973
2030001 0.928602
2040001 1.70717
2050001 0.93205
2060001 1.58907
2070001 0.935451
2080001 1.02202
2090001 0.975948
2100001 0.932722
2110001 1.64254
2120001 0.930082
2130001 1.78727
2140001 0.939494
2150001 1.27773
2160001 0.945274
2170001 0.931411
2180001 0.962426
2190001 0.968379
2200001 1.72911
2210001 0.938811
2220001 1.48677
2230001 0.957861
2240001 0.952586
2250001 0.973542
2260001 0.930229
2270001 1.67485
2280001 0.937583
2290001 1.76044
2300001 0.936806
2310001 1.1591
2320001 0.959858
2330001 1.06291
2340001 1.64136
2350001 0.942525
2360001 1.76058
2370001 0.93596
2380001 1.36535
2390001 0.936805
2400001 0.95192
2410001 0.974758
2420001 0.928195
2430001 1.70523
2440001 0.934092
2450001 1.58215
2460001 0.935487
2470001 1.01744
2480001 0.978405
2490001 0.932447
2500001 1.64433
2510001 0.929894
2520001 1.78522
2530001 0.939638
2540001 1.27079
2550001 0.943664
2560001 0.931145
2570001 0.99244
2580001 0.972973
2590001 1.72732
2600001 0.938616
2610001 1.48253
2620001 0.948973
2630001 0.952127
2640001 0.957922
2650001 0.929667
2660001 1.67414
2670001 0.937265
2680001 1.75349
2690001 0.936492
2700001 1.15898
2710001 0.959515
2720001 1.07045
2730001 1.63957
2740001 0.94182
2750001 1.75877
2760001 0.935444
2770001 1.35843
2780001 0.93641
2790001 0.979675
2800001 0.974699
2810001 0.927989
2820001 1.7061
2830001 0.934587
2840001 1.5763
2850001 0.936021
2860001 1.01541
2870001 0.976789
2880001 0.932187
2890001 1.64266
2900001 0.929416
2910001 1.78353
2920001 0.93941
2930001 1.26617
2940001 0.955171
2950001 0.929549
2960001 1.00417
2970001 0.977567
2980001 1.72561
2990001 0.938383
3000001 1.48088
3010001 0.950894
3020001 0.953855
3030001 0.954338
3040001 0.928872
3050001 1.67294
3060001 0.936982
3070001 1.74859
3080001 0.936158
3090001 1.15534
3100001 0.959141
3110001 0.932249
3120001 1.63797
3130001 0.962472
3140001 1.75715
3150001 0.935012
3160001 1.35706
3170001 0.936081
3180001 0.984036
3190001 0.974276
3200001 0.944998
3210001 1.70451
3220001 0.935028
3230001 1.56968
3240001 0.93572
3250001 1.01153
3260001 0.976944
3270001 0.928816
3280001 1.6411
3290001 0.927731
3300001 1.78194
3310001 0.939017
3320001 1.26604
3330001 0.957981
3340001 0.95923
3350001 1.00462
3360001 0.972223
3370001 1.72407
3380001 0.938203
3390001 1.4794
3400001 0.953093
3410001 0.976164
3420001 0.953459
3430001 0.928676
3440001 1.67146
3450001 0.933756
3460001 1.74578
3470001 0.936011
3480001 1.15085
3490001 0.956206
3500001 0.949684
3510001 1.63653
3520001 0.962675
3530001 1.7557
3540001 0.934784
3550001 1.35586
3560001 0.946257
3570001 0.977826
3580001 0.971547
3590001 0.944356
3600001 1.7031
3610001 0.935291
3620001 1.56811
3630001 0.935412
3640001 1.00316
3650001 0.97684
3660001 0.9254
3670001 1.63971
3680001 0.928759
3690001 1.78053
3700001 0.938791
3710001 1.26323
3720001 0.955717
3730001 0.957794
3740001 0.998679
3750001 0.97209
3760001 1.72265
3770001 0.942079
3780001 1.47805
3790001 0.953483
3800001 0.937449
3810001 0.95323
3820001 0.928418
3830001 1.67009
3840001 0.933794
3850001 1.74068
3860001 0.934878
3870001 1.15076
3880001 0.944394
3890001 0.953548
3900001 1.63519
3910001 0.959401
3920001 1.75433
3930001 0.935695
3940001 1.34827
3950001 0.947347
3960001 0.977495
3970001 0.973932
3980001 0.943096
3990001 1.70177
4000001 0.937905
4010001 1.56503
4020001 0.935292
4030001 0.997405
4040001 0.977117
4050001 0.926764
4060001 1.63914
4070001 0.929039
4080001 1.77918
4090001 0.944332
4100001 1.26311
4110001 0.955611
4120001 0.965737
4130001 0.993603
4140001 0.971967
4150001 1.72174
4160001 0.940887
4170001 1.46816
4180001 0.953236
4190001 0.937206
4200001 0.952953
4210001 0.936598
4220001 1.6688
4230001 0.933993
4240001 1.73206
4250001 0.933822
4260001 1.15068
4270001 0.94703
4280001 0.95282
4290001 1.63392
4300001 0.958956
4310001 1.75359
4320001 0.9342
4330001 1.34724
4340001 0.947059
4350001 0.969969
4360001 0.946788
4370001 0.943425
4380001 1.70147
4390001 0.93451
4400001 1.55652
4410001 0.935611
4420001 0.995458
4430001 0.946717
4440001 0.92628
4450001 1.63961
4460001 0.929026
4470001 1.77796
4480001 0.9524
4490001 1.2549
4500001 0.955141
4510001 0.962998
4520001 1.01332
4530001 0.935771
4540001 1.72079
4550001 0.941842
4560001 1.46445
4570001 0.956655
4580001 0.936614
4590001 0.963484
4600001 0.931892
4610001 1.67146
4620001 0.933513
4630001 1.72784
4640001 0.93302
4650001 1.14685
4660001 0.947026
4670001 0.952523
4680001 1.63281
4690001 0.958899
4700001 1.75246
4710001 0.934664
4720001 1.34633
4730001 0.946718
4740001 0.961825
4750001 0.947518
4760001 0.943058
4770001 1.70039
4780001 0.933617
4790001 1.55417
4800001 0.936768
4810001 0.99443
4820001 0.940557
4830001 0.926155
4840001 1.63855
4850001 0.928566
4860001 1.7769
4870001 0.959089
4880001 1.25226
4890001 0.954515
4900001 0.962778
4910001 1.01178
4920001 0.942165
4930001 1.71975
4940001 0.941338
4950001 1.46347
4960001 0.978494
4970001 0.931145
4980001 0.954317
4990001 0.932726
5000001 1.67049
5010001 0.933584
5020001 1.72531
5030001 0.932743
5040001 1.14204
5050001 0.946889
5060001 0.951203
5070001 1.63188
5080001 0.95892
5090001 1.75199
5100001 0.933677
5110001 1.34559
5120001 0.946648
5130001 0.928202
5140001 0.947196
5150001 0.942931
5160001 1.69948
5170001 0.933114
5180001 1.55169
5190001 0.93503
5200001 0.989704
5210001 0.939924
5220001 0.925905
5230001 1.63765
5240001 0.928667
5250001 1.77598
5260001 0.963129
5270001 1.2485
5280001 0.947813
5290001 0.927426
5300001 1.0114
5310001 0.945018
5320001 1.71885
5330001 0.937852
5340001 1.45181
5350001 0.98005
5360001 0.9582
5370001 0.952729
5380001 0.931854
5390001 1.66962
5400001 0.929009
5410001 1.71983
5420001 0.932672
5430001 1.13847
5440001 0.946715
5450001 0.949951
5460001 1.63102
5470001 0.945792
5480001 1.75112
5490001 0.933415
5500001 1.3442
5510001 0.946503
5520001 0.928284
5530001 0.947001
5540001 0.940167
5550001 1.69864
5560001 0.93288
5570001 1.55087
5580001 0.934922
5590001 0.984239
5600001 0.93968
5610001 0.925757
5620001 1.6382
5630001 0.928882
5640001 1.77514
5650001 0.963437
5660001 1.24697
5670001 0.945764
5680001 0.922973
5690001 1.00073
5700001 0.94426
5710001 1.71802
5720001 0.935752
5730001 1.4496
5740001 0.977088
5750001 0.962829
5760001 0.953079
5770001 0.931367
5780001 1.66882
5790001 0.929497
5800001 1.71211
5810001 0.932291
5820001 1.13842
5830001 0.961982
5840001 0.940118
5850001 1.63024
5860001 0.947892
5870001 1.75033
5880001 0.933181
5890001 1.33946
5900001 0.944996
5910001 0.928121
5920001 0.948323
5930001 0.924256
5940001 1.69787
5950001 0.933764
5960001 1.54889
5970001 0.934761
5980001 0.981507
5990001 0.939563
6000001 0.990095
6010001 1.63941
6020001 0.929451
6030001 1.77437
6040001 0.963458
6050001 1.24221
6060001 0.946743
6070001 0.957725
6080001 0.998739
6090001 0.94412
6100001 1.71872
6110001 0.935756
6120001 1.44343
6130001 0.973691
6140001 0.959619
6150001 0.952769
6160001 0.931192
6170001 1.66809
6180001 0.92903
6190001 1.70903
6200001 0.932771
6210001 1.13838
6220001 0.967719
6230001 0.939374
6240001 1.62952
6250001 0.949954
6260001 1.75017
6270001 0.932974
6280001 1.33888
6290001 0.946147
6300001 0.929417
6310001 1.07349
6320001 0.924158
6330001 1.69878
6340001 0.931717
6350001 1.54386
6360001 0.946538
6370001 0.980158
6380001 0.939487
6390001 0.995156
6400001 1.64077
6410001 0.930091
6420001 1.77366
6430001 0.940162
6440001 1.23296
6450001 0.946671
6460001 0.950913
6470001 1.03953
6480001 0.944028
6490001 1.71803
6500001 0.935509
6510001 1.4428
6520001 0.973501
6530001 0.959783
6540001 0.952692
6550001 0.930726
6560001 1.672
6570001 0.929282
6580001 1.70617
6590001 0.937429
6600001 1.13654
6610001 0.966368
6620001 0.940432
6630001 1.62889
6640001 0.947174
6650001 1.74952
6660001 0.933134
6670001 1.33836
6680001 0.945928
6690001 0.931229
6700001 1.08163
6710001 0.924336
6720001 1.69816
6730001 0.931839
6740001 1.53502
6750001 0.94584
6760001 0.977499
6770001 0.959525
6780001 0.993416
6790001 1.64017
6800001 0.932048
6810001 1.77305
6820001 0.937663
6830001 1.23295
6840001 0.946941
6850001 0.950674
6860001 1.02403
6870001 0.930122
6880001 1.71742
6890001 0.934728
6900001 1.43871
6910001 0.973179
6920001 0.958868
6930001 0.954745
6940001 0.936412
6950001 1.67256
6960001 0.929199
6970001 1.70367
6980001 0.937108
6990001 1.13321
7000001 0.965007
7010001 0.940294
7020001 1.62831
7030001 0.947723
7040001 1.75146
7050001 0.933079
7060001 1.33786
7070001 0.945078
7080001 0.928242
7090001 1.07999
7100001 0.92437
7110001 1.69759
7120001 0.931511
7130001 1.53445
7140001 0.94474
7150001 0.974158
7160001 0.961721
7170001 0.996196
7180001 1.6396
7190001 0.931784
7200001 1.77247
7210001 0.933942
7220001 1.22875
7230001 0.955486
7240001 0.950626
7250001 1.02398
7260001 0.929245
7270001 1.71684
7280001 0.934984
7290001 1.43631
7300001 0.938271
7310001 0.967
7320001 0.945761
7330001 0.934733
7340001 1.672
7350001 0.929182
7360001 1.69886
7370001 0.937938
7380001 1.13148
7390001 0.964801
7400001 0.941369
7410001 1.62776
7420001 0.947669
7430001 1.7509
7440001 0.932996
7450001 1.33633
7460001 0.944965
7470001 0.929095
7480001 1.08007
7490001 0.924315
7500001 1.69705
7510001 0.931412
7520001 1.53392
7530001 0.945816
7540001 0.969867
7550001 0.962009
7560001 0.996035
7570001 1.63906
7580001 0.932379
7590001 1.77191
7600001 0.93333
7610001 1.22874
7620001 0.941778
7630001 0.951864
7640001 1.02533
7650001 0.930517
7660001 1.72273
7670001 0.934655
7680001 1.43444
7690001 0.944939
7700001 0.973044
7710001 0.947743
7720001 0.933751
7730001 1.67148
7740001 0.929946
7750001 1.69141
7760001 0.937908
7770001 1.13145
7780001 0.964707
7790001 0.929655
7800001 1.62724
7810001 0.938329
7820001 1.75201
7830001 0.932948
7840001 1.33588
7850001 0.944892
7860001 0.92942
7870001 1.08002
7880001 0.924333
7890001 1.69715
7900001 0.931171
7910001 1.52845
7920001 0.945995
7930001 0.968199
7940001 0.961953
7950001 0.996396
7960001 1.63855
7970001 0.931648
7980001 1.77139
7990001 0.933562
8000001 1.22158
8010001 0.940601
8020001 0.935462
8030001 1.03564
8040001 0.933052
8050001 1.7242
8060001 0.934656
8070001 1.43269
8080001 0.943184
8090001 0.973269
8100001 0.949203
8110001 0.933353
8120001 1.67367
8130001 0.928981
8140001 1.68527
8150001 0.939191
8160001 1.1268
8170001 0.964472
8180001 0.928564
8190001 1.62675
8200001 0.934619
8210001 1.7515
8220001 0.93292
8230001 1.33545
8240001 0.944733
8250001 0.929411
8260001 1.07447
8270001 0.925287
8280001 1.69666
8290001 0.937947
8300001 1.52406
8310001 0.945971
8320001 0.965842
8330001 0.961865
8340001 0.925242
8350001 1.63808
8360001 0.930203
8370001 1.7709
8380001 0.933517
8390001 1.2193
8400001 0.93941
8410001 0.927461
8420001 0.95361
8430001 0.931943
8440001 1.72371
8450001 0.934746
8460001 1.43221
8470001 0.942477
8480001 0.971764
8490001 0.949163
8500001 0.933294
8510001 1.67336
8520001 0.929182
8530001 1.68334
8540001 0.93687
8550001 1.1209
8560001 0.948485
8570001 0.929647
8580001 1.62628
8590001 0.931792
8600001 1.75873
8610001 0.93413
8620001 1.33504
8630001 1.01632
8640001 0.923988
8650001 1.05917
8660001 0.925143
8670001 1.69619
8680001 0.939942
8690001 1.52229
8700001 0.936558
8710001 0.964442
8720001 0.961795
8730001 0.926201
8740001 1.63762
8750001 0.930715
8760001 1.77043
8770001 0.933177
8780001 1.2141
8790001 0.939437
8800001 0.929814
8810001 0.951461
8820001 0.931915
8830001 1.72325
8840001 0.934744
8850001 1.41901
8860001 0.942474
8870001 0.97932
8880001 0.948635
8890001 0.933253
8900001 1.67292
8910001 0.928746
8920001 1.67868
8930001 0.933084
8940001 1.11883
8950001 0.936738
8960001 0.930243
8970001 1.62585
8980001 0.932087
8990001 1.75829
9000001 0.933924
9010001 1.33467
9020001 1.05103
9030001 0.930866
9040001 1.0576
9050001 0.92693
9060001 1.69577
9070001 0.939883
9080001 1.52187
9090001 0.938697
9100001 0.959079
9110001 0.953492
9120001 0.927469
9130001 1.6375
9140001 0.929305
9150001 1.77
9160001 0.932756
9170001 1.21254
9180001 0.939222
9190001 0.929718
9200001 0.951516
9210001 0.931813
9220001 1.72625
9230001 0.934967
9240001 1.41859
9250001 0.942488
9260001 0.959079
9270001 0.944516
9280001 0.929841
9290001 1.67251
9300001 0.928864
9310001 1.67437
9320001 0.933587
9330001 1.11803
9340001 0.93619
9350001 0.930149
9360001 1.62544
9370001 0.932324
9380001 1.75787
9390001 0.933886
9400001 1.33283
9410001 1.05053
9420001 0.929774
9430001 1.0567
9440001 0.926367
9450001 1.69536
9460001 0.940114
9470001 1.51917
9480001 0.936948
9490001 0.954874
9500001 0.957162
9510001 0.925982
9520001 1.6371
9530001 0.928996
9540001 1.76959
9550001 0.932578
9560001 1.21173
9570001 0.939255
9580001 0.929659
9590001 0.951549
9600001 0.936499
9610001 1.72703
9620001 0.935156
9630001 1.41525
9640001 0.940732
9650001 0.985473
9660001 0.945984
9670001 0.931069
9680001 1.67212
9690001 0.929665
9700001 1.66596
9710001 0.933619
9720001 1.118
9730001 0.935922
9740001 0.930001
9750001 1.62506
9760001 0.932311
9770001 1.75847
9780001 0.933783
9790001 1.33081
9800001 1.05059
9810001 0.930975
9820001 1.05635
9830001 0.925669
9840001 1.70004
9850001 0.940595
9860001 1.51064
9870001 0.937143
9880001 0.954109
9890001 0.947512
9900001 0.926127
9910001 1.63673
9920001 0.928857
9930001 1.7692
9940001 0.932411
9950001 1.20418
9960001 0.942524
9970001 0.941148
9980001 0.952942
9990001 0.935194
10000001 1.72664
10010001 0.935439
10020001 1.41488
10030001 0.932842
10040001 0.985263
10050001 0.943845
10060001 0.930497
10070001 1.67175
10080001 0.929673
10090001 1.66029
10100001 0.933621
10110001 1.11449
10120001 0.935882
10130001 0.937924
10140001 1.6247
10150001 0.945794
10160001 1.75809
10170001 0.934203
10180001 1.33048
10190001 1.05069
10200001 0.930864
10210001 1.0127
10220001 0.925592
10230001 1.69968
10240001 0.934869
10250001 1.50625
10260001 0.937314
10270001 0.952283
10280001 0.947786
10290001 0.926055
10300001 1.63656
10310001 0.932199
10320001 1.76884
10330001 0.932348
10340001 1.20324
10350001 0.94235
10360001 0.943864
10370001 0.964803
10380001 0.933906
10390001 1.72628
10400001 0.935135
10410001 1.40871
10420001 0.933129
10430001 0.979492
10440001 0.943444
10450001 0.929377
10460001 1.6717
10470001 0.930173
10480001 1.65828
10490001 0.933478
10500001 1.11202
10510001 0.935845
10520001 0.932033
10530001 1.62435
10540001 0.938692
10550001 1.76196
10560001 0.936803
10570001 1.33017
10580001 1.05071
10590001 0.934564
10600001 0.952042
10610001 0.937065
10620001 1.69934
10630001 0.934589
10640001 1.50592
10650001 0.937307
10660001 0.949475
10670001 0.947908
10680001 0.93873
10690001 1.63623
10700001 0.930669
10710001 1.7685
10720001 0.944087
10730001 1.19671
10740001 0.941428
10750001 0.953469
10760001 0.963377
10770001 0.933824
10780001 1.72596
10790001 0.934844
10800001 1.40511
10810001 0.933144
10820001 0.978856
10830001 0.94343
10840001 0.930639
10850001 1.6714
10860001 0.930447
10870001 1.65446
10880001 0.946505
10890001 1.10916
10900001 0.939116
10910001 0.926976
10920001 1.62406
10930001 0.938373
10940001 1.76166
10950001 0.937314
10960001 1.32798
10970001 1.01731
10980001 0.933282
10990001 0.954955
11000001 0.950988
11010001 1.69906
11020001 0.934604
11030001 1.50565
11040001 0.936783
11050001 0.946981
11060001 0.947833
11070001 0.953019
11080001 1.63675
11090001 0.929948
11100001 1.76822
11110001 0.941096
11120001 1.19653
11130001 0.942021
11140001 0.940851
11150001 0.963379
11160001 0.933989
11170001 1.72951
11180001 0.934448
11190001 1.40341
11200001 0.932899
11210001 0.943836
11220001 0.950699
11230001 0.930566
11240001 1.67113
11250001 0.930273
11260001 1.64702
11270001 0.946736
11280001 1.10914
11290001 0.939807
11300001 0.927261
11310001 1.6238
11320001 0.93788
11330001 1.76139
11340001 0.937416
11350001 1.3277
11360001 1.02792
11370001 0.964723
11380001 0.955304
11390001 0.950425
11400001 1.69954
11410001 0.934543
11420001 1.50333
11430001 0.938872
11440001 0.945626
11450001 0.945012
11460001 0.955877
11470001 1.63649
11480001 0.929084
11490001 1.76795
11500001 0.941464
11510001 1.19493
11520001 0.942034
11530001 0.940665
11540001 0.962257
11550001 0.933749
11560001 1.72925
11570001 0.934524
11580001 1.40084
11590001 0.932856
11600001 0.951303
11610001 0.945669
11620001 0.930504
11630001 1.67088
11640001 0.930521
11650001 1.64434
11660001 0.947744
11670001 1.10385
11680001 0.954354
11690001 0.927154
11700001 1.62355
11710001 0.937739
11720001 1.76271
11730001 0.937383
11740001 1.31424
11750001 1.05409
11760001 0.952241
11770001 0.955263
11780001 0.950095
11790001 1.70061
11800001 0.934502
11810001 1.50065
11820001 0.942985
11830001 0.945014
11840001 0.94379
11850001 0.955384
11860001 1.6367
11870001 0.9294
11880001 1.76772
11890001 0.941789
11900001 1.18912
11910001 0.942007
11920001 0.940275
11930001 0.974958
11940001 0.936898
11950001 1.72905
11960001 0.93409
11970001 1.39495
11980001 0.932833
11990001 0.951184
12000001 0.948679
12010001 0.929284
12020001 1.67628
12030001 0.929861
12040001 1.64092
12050001 0.951988
12060001 1.10179
12070001 0.951967
12080001 0.927005
12090001 1.62341
12100001 0.937855
12110001 1.76385
12120001 0.937154
12130001 1.31142
12140001 1.04891
12150001 0.951929
12160001 0.951016
12170001 0.950269
12180001 1.70051
12190001 0.934753
12200001 1.49955
12210001 0.942316
12220001 0.942499
12230001 0.940957
12240001 0.955741
12250001 1.63662
12260001 0.928959
12270001 1.76764
12280001 0.941495
12290001 1.18781
12300001 1.09411
12310001 0.93106
12320001 1.05322
12330001 0.930725
12340001 1.72899
12350001 0.933922
12360001 1.38939
12370001 0.940912
12380001 0.952114
12390001 0.94809
12400001 0.927795
12410001 1.67624
12420001 0.93248
12430001 1.63825
12440001 0.951835
12450001 1.09665
12460001 0.95186
12470001 0.986518
12480001 1.62337
12490001 0.9359
12500001 1.76381
12510001 0.941168
12520001 1.31135
12530001 1.04806
12540001 0.951458
12550001 0.991909
12560001 0.950267
12570001 1.70047
12580001 0.934577
12590001 1.4995
12600001 0.941794
12610001 0.941095
12620001 0.940892
12630001 0.955793
12640001 1.63658
12650001 0.932284
12660001 1.7676
12670001 0.941415
12680001 1.18362
12690001 1.09543
12700001 0.93108
12710001 1.05137
12720001 0.935683
12730001 1.73131
12740001 0.935746
12750001 1.38933
12760001 0.943153
12770001 0.940621
12780001 0.948085
12790001 0.931874
12800001 1.67618
12810001 0.934293
12820001 1.63134
12830001 0.950823
12840001 1.09526
12850001 0.951863
12860001 0.996098
12870001 1.62331
12880001 0.944688
12890001 1.76375
12900001 0.940932
12910001 1.30521
12920001 1.04812
12930001 0.955098
12940001 0.964953
12950001 0.950119
12960001 1.70042
12970001 0.934906
12980001 1.49945
12990001 0.941709
13000001 0.940401
13010001 0.940765
13020001 0.955852
13030001 1.63653
13040001 0.932918
13050001 1.76754
13060001 0.935073
13070001 1.18362
13080001 1.11396
13090001 0.946856
13100001 1.05138
13110001 0.931795
13120001 1.73127
13130001 0.935042
13140001 1.3806
13150001 0.947398
13160001 1.00217
13170001 0.947944
13180001 0.932348
13190001 1.67614
13200001 0.936038
13210001 1.62658
13220001 0.935234
13230001 1.08704
13240001 0.949661
13250001 0.988574
13260001 1.62327
13270001 0.944221
13280001 1.7637
13290001 0.941271
13300001 1.30413
13310001 1.0485
13320001 0.93794
13330001 0.959628
13340001 0.932256
13350001 1.70126
13360001 0.934669
13370001 1.49285
13380001 0.9417
13390001 0.939887
13400001 0.940822
13410001 0.96323
13420001 1.63649
13430001 0.932112
13440001 1.76749
13450001 0.93182
13460001 1.17962
13470001 1.11174
13480001 0.943583
13490001 1.0475
13500001 0.931915
13510001 1.7319
13520001 0.934953
13530001 1.38054
13540001 0.952784
13550001 1.00238
13560001 0.944812
13570001 0.932374
13580001 1.68188
13590001 0.935992
13600001 1.62186
13610001 0.935633
13620001 1.08232
13630001 0.970749
13640001 0.986814
13650001 1.62322
13660001 0.941189
13670001 1.76746
13680001 0.942323
13690001 1.30007
13700001 0.946722
13710001 0.930777
13720001 0.959523
13730001 0.929078
13740001 1.70121
13750001 0.934683
13760001 1.49074
13770001 0.942901
13780001 0.938729
13790001 0.997139
13800001 0.971407
13810001 1.64218
13820001 0.932882
13830001 1.76745
13840001 0.931695
13850001 1.17843
13860001 1.11226
13870001 0.943068
13880001 0.95944
13890001 0.932002
13900001 1.73186
13910001 0.935165
13920001 1.37624
13930001 0.952974
13940001 1.00369
13950001 0.948415
13960001 0.932374
13970001 1.68318
13980001 0.936379
13990001 1.61815
14000001 0.934665
14010001 1.07927
14020001 1.01165
14030001 0.986823
14040001 1.62318
14050001 0.940431
14060001 1.76742
14070001 0.945344
14080001 1.3
14090001 0.942971
14100001 0.930713
14110001 0.962627
14120001 0.929986
14130001 1.70117
14140001 0.940111
14150001 1.4907
14160001 0.941591
14170001 0.937791
14180001 1.01473
14190001 0.970274
14200001 1.64214
14210001 0.932528
14220001 1.7674
14230001 0.931631
14240001 1.17071
14250001 1.11231
14260001 0.943304
14270001 0.951731
14280001 0.935591
14290001 1.73182
14300001 0.938833
14310001 1.37373
14320001 0.952825
14330001 1.00378
14340001 0.960095
14350001 0.948956
14360001 1.68314
14370001 0.935159
14380001 1.61463
14390001 0.934486
14400001 1.07486
14410001 1.00256
14420001 0.987062
14430001 1.62314
14440001 0.940451
14450001 1.76737
14460001 0.935338
14470001 1.29872
14480001 0.939122
14490001 0.930547
14500001 0.956394
14510001 0.930591
14520001 1.70113
14530001 0.940221
14540001 1.49066
14550001 0.940515
14560001 0.936631
14570001 1.03164
14580001 0.96966
14590001 1.64437
14600001 0.932278
14610001 1.76736
14620001 0.931239
14630001 1.16913
14640001 1.11186
14650001 0.939575
14660001 0.95092
14670001 0.949195
14680001 1.73722
14690001 0.939967
14700001 1.37368
14710001 0.965349
14720001 0.995059
14730001 0.957769
14740001 0.971685
14750001 1.6831
14760001 0.930021
14770001 1.60974
14780001 0.93447
14790001 1.06962
14800001 1.00344
14810001 0.947628
14820001 1.6231
14830001 0.940608
14840001 1.76733
14850001 0.935785
14860001 1.29847
14870001 0.939198
14880001 0.930666
14890001 0.965143
14900001 0.930828
14910001 1.7011
14920001 0.940046
14930001 1.48935
14940001 0.940457
14950001 0.936213
14960001 1.03507
14970001 0.96937
14980001 1.64433
14990001 0.932566
15000001 1.76732
15010001 0.931263
15020001 1.16913
15030001 1.0304
15040001 0.956204
15050001 1.09405
15060001 0.942086
15070001 1.73747
15080001 0.940715
15090001 1.36816
15100001 0.953163
15110001 0.948252
15120001 0.957778
15130001 0.979779
15140001 1.68307
15150001 0.929052
15160001 1.60287
15170001 0.934494
15180001 1.0626
15190001 1.00335
15200001 0.944303
15210001 1.62307
15220001 0.92445
15230001 1.76729
15240001 0.935598
15250001 1.29398
15260001 0.93931
15270001 0.930462
15280001 0.963485
15290001 0.931226
15300001 1.70433
15310001 0.94025
15320001 1.48787
15330001 0.940476
15340001 0.936018
15350001 1.03475
15360001 0.969185
15370001 1.6443
15380001 0.931577
15390001 1.76728
15400001 0.932715
15410001 1.16913
15420001 1.01715
15430001 0.954115
15440001 1.18015
15450001 0.941823
15460001 1.73744
15470001 0.939836
15480001 1.36711
15490001 0.94768
15500001 0.948757
15510001 0.957693
15520001 0.985205
15530001 1.68465
15540001 0.929113
15550001 1.59842
15560001 1.01643
15570001 1.06028
15580001 1.00305
15590001 0.946193
15600001 1.62303
15610001 0.924189
15620001 1.76726
15630001 0.934817
15640001 1.2921
15650001 0.939285
15660001 0.948985
15670001 0.963269
15680001 0.925319
15690001 1.70429
15700001 0.940559
15710001 1.48584
15720001 0.940427
15730001 0.937022
15740001 1.03489
15750001 0.939387
15760001 1.64824
15770001 0.932012
15780001 1.76724
15790001 0.937489
15800001 1.16898
15810001 1.01914
15820001 0.943551
15830001 1.31347
15840001 0.941467
15850001 1.7374
15860001 0.939854
15870001 1.36054
15880001 0.946448
15890001 0.949332
15900001 0.974196
15910001 0.984923
15920001 1.68477
15930001 0.929211
15940001 1.59475
15950001 1.0112
15960001 1.05754
15970001 0.982281
15980001 0.94644
15990001 1.623
16000001 0.925214
16010001 1.76722
16020001 0.934858
16030001 1.29208
16040001 0.940197
16050001 0.954085
16060001 0.963219
16070001 0.927554
16080001 1.70426
16090001 0.945324
16100001 1.48581
16110001 0.935319
16120001 0.938748
16130001 0.951139
16140001 0.939255
16150001 1.64821
16160001 0.932474
16170001 1.76648
16180001 0.935767
16190001 1.16619
16200001 1.01964
16210001 0.943546
16220001 1.44834
16230001 0.94165
16240001 1.73943
16250001 0.936828
16260001 1.36048
16270001 0.946529
16280001 0.949347
16290001 0.99874
16300001 0.985066
16310001 1.68474
16320001 0.928909
16330001 1.59022
16340001 1.01365
16350001 1.0504
16360001 0.946822
16370001 0.946582
16380001 1.62297
16390001 0.926018
16400001 1.76719
16410001 0.932847
16420001 1.28501
16430001 0.944334
16440001 0.951461
16450001 0.977747
16460001 0.927207
16470001 1.70423
16480001 0.941063
16490001 1.48577
16500001 0.941363
16510001 0.965956
16520001 0.95196
16530001 0.940312
16540001 1.64818
16550001 0.933821
16560001 1.76286
16570001 0.936518
16580001 1.16619
16590001 1.01959
16600001 0.94355
16610001 1.62295
16620001 0.940022
16630001 1.73939
16640001 0.936748
16650001 1.35904
16660001 0.946519
16670001 0.950491
16680001 0.999387
16690001 0.985039
16700001 1.68472
16710001 0.929098
16720001 1.58565
16730001 1.01326
16740001 1.0416
16750001 0.948301
16760001 0.946398
16770001 1.62294
16780001 0.925975
16790001 1.76716
16800001 0.932902
16810001 1.28499
16820001 0.940544
16830001 0.951347
16840001 0.967613
16850001 0.926849
16860001 1.7042
16870001 0.941735
16880001 1.48018
16890001 0.938555
16900001 0.968793
16910001 1.00175
16920001 0.938934
16930001 1.64816
16940001 0.934038
16950001 1.75686
16960001 0.936211
16970001 1.16619
16980001 1.01924
16990001 1.08843
17000001 1.62293
17010001 0.948965
17020001 1.73944
17030001 0.936143
17040001 1.35898
17050001 0.946798
17060001 1.00043
17070001 0.999553
17080001 0.925621
17090001 1.6864
17100001 0.928575
17110001 1.57885
17120001 1.01347
17130001 1.03703
17140001 0.950921
17150001 0.9463
17160001 1.62291
17170001 0.92603
17180001 1.76713
17190001 0.933283
17200001 1.28085
17210001 0.94041
17220001 0.962098
17230001 0.967717
17240001 0.92767
17250001 1.7055
17260001 0.942811
17270001 1.4737
17280001 0.93898
17290001 0.968721
17300001 1.00777
17310001 0.938992
17320001 1.65478
17330001 0.934732
17340001 1.75341
17350001 0.93629
17360001 1.16619
17370001 0.936041
17380001 1.07598
17390001 1.6229
17400001 0.944074
17410001 1.73941
17420001 0.936382
17430001 1.35689
17440001 0.936812
17450001 0.951555
17460001 0.999397
17470001 0.926224
17480001 1.68731
17490001 0.928528
17500001 1.57658
17510001 1.01367
17520001 1.03423
17530001 0.951009
17540001 0.931215
17550001 1.62289
17560001 0.926915
17570001 1.7671
17580001 0.933263
17590001 1.27872
17600001 0.940937
17610001 0.960485
17620001 0.969664
17630001 0.927726
17640001 1.70547
17650001 0.942415
17660001 1.47368
17670001 0.93886
17680001 0.966727
17690001 1.00861
17700001 0.939291
17710001 1.65475
17720001 0.935453
17730001 1.75089
17740001 0.937466
17750001 1.16005
17760001 0.954789
17770001 1.05704
17780001 1.62287
17790001 0.94253
17800001 1.73939
17810001 0.936687
17820001 1.35663
17830001 0.933506
17840001 0.948895
17850001 1.01144
17860001 0.925864
17870001 1.68729
17880001 0.928262
17890001 1.5713
17900001 0.931889
17910001 1.03161
17920001 0.950994
17930001 0.929521
17940001 1.62286
17950001 0.928859
17960001 1.76707
17970001 0.933374
17980001 1.27872
17990001 0.940919
18000001 0.92937
18010001 0.969602
18020001 0.927612
18030001 1.70545
18040001 0.935143
18050001 1.47365
18060001 0.938787
18070001 0.948952
18080001 1.00858
18090001 0.931093
18100001 1.6561
18110001 0.935079
18120001 1.74795
18130001 0.932531
18140001 1.15795
18150001 0.956521
18160001 1.06071
18170001 1.62285
18180001 0.94061
18190001 1.74071
18200001 0.932949
18210001 1.35656
18220001 0.932416
18230001 0.949012
18240001 0.973872
18250001 0.92614
18260001 1.68727
18270001 0.929104
18280001 1.56958
18290001 0.931885
18300001 1.02218
18310001 0.977368
18320001 0.930262
18330001 1.62285
18340001 0.92902
18350001 1.76705
18360001 0.934749
18370001 1.27605
18380001 0.940838
18390001 0.929127
18400001 0.96027
18410001 0.96745
18420001 1.70543
18430001 0.936853
18440001 1.47363
18450001 0.938003
18460001 0.950499
18470001 0.979165
18480001 0.928389
18490001 1.65608
18500001 0.934631
18510001 1.74332
18520001 0.933872
18530001 1.15795
18540001 0.956224
18550001 1.06073
18560001 1.62283
18570001 0.940294
18580001 1.74069
18590001 0.93321
18600001 1.34784
18610001 0.933464
18620001 0.953175
18630001 0.972958
18640001 0.926093
18650001 1.68725
18660001 0.930373
18670001 1.56741
18680001 0.932498
18690001 1.01668
18700001 0.978333
18710001 0.930474
18720001 1.62568
18730001 0.926971
18740001 1.76703
18750001 0.937147
18760001 1.27024
18770001 0.937736
18780001 0.928891
18790001 0.992942
18800001 0.96885
18810001 1.70944
18820001 0.936143
18830001 1.46614
18840001 0.94616
18850001 0.950246
18860001 0.988277
18870001 0.927908
18880001 1.65606
18890001 0.93482
18900001 1.73721
18910001 0.934107
18920001 1.15795
18930001 0.956464
18940001 1.05967
18950001 1.62282
18960001 0.94014
18970001 1.74171
18980001 0.933453
18990001 1.34779
19000001 0.93347
19010001 0.93665
19020001 0.971581
19030001 0.926119
19040001 1.68975
19050001 0.932968
19060001 1.56167
19070001 0.933087
19080001 1.01452
19090001 0.976623
19100001 0.930418
19110001 1.62654
19120001 0.927046
19130001 1.76701
19140001 0.937259
19150001 1.26447
19160001 0.951813
19170001 0.92905
19180001 0.990241
19190001 0.970761
19200001 1.70942
19210001 0.936138
19220001 1.46544
19230001 0.947504
19240001 0.948514
19250001 0.956797
19260001 0.927265
19270001 1.65748
19280001 0.934724
19290001 1.73338
19300001 0.933485
19310001 1.1555
19320001 0.956472
19330001 0.934083
19340001 1.6228
19350001 0.952174
19360001 1.74169
19370001 0.933024
19380001 1.34305
19390001 0.933475
19400001 0.977064
19410001 0.971562
19420001 0.940182
19430001 1.68973
19440001 0.932653
19450001 1.55737
19460001 0.933212
19470001 1.01201
19480001 0.974808
19490001 0.930372
19500001 1.62652
19510001 0.926894
19520001 1.76699
19530001 0.93702
19540001 1.26443
19550001 0.958456
19560001 0.955162
19570001 1.00214
19580001 0.970637
19590001 1.70941
19600001 0.936276
19610001 1.46542
19620001 0.950975
19630001 0.951072
19640001 0.950975
19650001 0.927133
19660001 1.65747
19670001 0.938821
19680001 1.73258
19690001 0.933502
19700001 1.15209
19710001 0.954731
19720001 0.932541
19730001 1.62278
19740001 0.964243
19750001 1.74168
19760001 0.933036
19770001 1.34301
19780001 0.943407
19790001 0.975955
19800001 0.971534
19810001 0.94909
19820001 1.68972
19830001 0.933374
19840001 1.55486
19850001 0.933186
19860001 1.00805
19870001 0.974665
19880001 0.924419
19890001 1.6265
19900001 0.926946
19910001 1.76697
19920001 0.93698
19930001 1.26178
19940001 0.953678
19950001 0.959093
19960001 1.00199
19970001 0.970209
19980001 1.70939
19990001 0.936461
20000001 1.4654
20010001 0.951294
20020001 0.942016
20030001 0.950601
20040001 0.926936
20050001 1.65745
20060001 0.932174
20070001 1.72922
20080001 0.93401
20090001 1.15
20100001 0.950228
20110001 0.951968
20120001 1.62277
20130001 0.958098
20140001 1.74166
20150001 0.932333
20160001 1.33681
20170001 0.940224
20180001 0.976131
20190001 0.967062
20200001 0.942652
20210001 1.68971
20220001 0.934329
20230001 1.55485
20240001 0.933304
20250001 0.998922
20260001 0.974752
20270001 0.924574
20280001 1.62649
20290001 0.927238
20300001 1.76696
20310001 0.93691
20320001 1.26177
20330001 0.953739
20340001 0.959436
20350001 0.99492
20360001 0.970107
20370001 1.7098
20380001 0.939535
20390001 1.46539
20400001 0.951403
20410001 0.935704
20420001 0.950689
20430001 0.926984
20440001 1.65744
20450001 0.932327
20460001 1.72369
20470001 0.931983
20480001 1.15
20490001 0.94514
20500001 0.952133
20510001 1.62275
20520001 0.957039
20530001 1.74216
20540001 0.932458
20550001 1.33658
20560001 0.945654
20570001 0.975063
20580001 0.942565
20590001 0.943008
20600001 1.6897
20610001 0.935346
20620001 1.54826
20630001 0.933337
20640001 0.994968
20650001 0.944037
20660001 0.924771
20670001 1.62722
20680001 0.927602
20690001 1.76695
20700001 0.946112
20710001 1.25845
20720001 0.953578
20730001 0.96194
20740001 1.00867
20750001 0.931038
20760001 1.71001
20770001 0.939962
20780001 1.4542
20790001 0.951361
20800001 0.93591
20810001 0.951577
20820001 0.927935
20830001 1.65744
20840001 0.9322
20850001 1.71862
20860001 0.931405
20870001 1.15
20880001 0.947129
20890001 0.951621
20900001 1.62275
20910001 0.957218
20920001 1.74216
20930001 0.932823
20940001 1.33656
20950001 0.945704
20960001 0.975543
20970001 0.944425
20980001 0.94208
20990001 1.69064
21000001 0.932973
21010001 1.54585
21020001 0.93505
21030001 0.994101
21040001 0.951944
21050001 0.925045
21060001 1.62887
21070001 0.927629
21080001 1.76695
21090001 0.957821
21100001 1.25136
21110001 0.956769
21120001 0.961624
21130001 1.01225
21140001 0.940961
21150001 1.71001
21160001 0.940133
21170001 1.4542
21180001 0.969284
21190001 0.931602
21200001 0.941705
21210001 0.93311
21220001 1.6612
21230001 0.932447
21240001 1.71598
21250001 0.931357
21260001 1.14413
21270001 0.945411
21280001 0.951983
21290001 1.62275
21300001 0.957193
21310001 1.74216
21320001 0.932508
21330001 1.33653
21340001 0.945629
21350001 0.92927
21360001 0.945277
21370001 0.942084
21380001 1.69065
21390001 0.932762
21400001 1.54295
21410001 0.933552
21420001 0.990562
21430001 0.938353
21440001 0.924916
21450001 1.62887
21460001 0.927474
21470001 1.76695
21480001 0.961485
21490001 1.25136
21500001 0.949163
21510001 0.96345
21520001 1.01004
21530001 0.944409
21540001 1.71001
21550001 0.936293
21560001 1.44745
21570001 0.973728
21580001 0.938781
21590001 0.952021
21600001 0.929924
21610001 1.6612
21620001 0.932725
21630001 1.71538
21640001 0.931378
21650001 1.138
21660001 0.945368
21670001 0.952396
21680001 1.62279
21690001 0.944382
21700001 1.74268
21710001 0.932421
21720001 1.33656
21730001 0.945623
21740001 0.927275
21750001 0.945332
21760001 0.941745
21770001 1.69073
21780001 0.931909
21790001 1.54304
21800001 0.933814
21810001 0.985796
21820001 0.938297
21830001 0.92488
21840001 1.62896
21850001 0.927607
21860001 1.76705
21870001 0.962528
21880001 1.24616
21890001 0.943638
21900001 0.922267
21910001 1.00993
21920001 0.943727
21930001 1.71013
21940001 0.934476
21950001 1.44379
21960001 0.981599
21970001 0.965178
21980001 0.951388
21990001 0.93007
22000001 1.66133
22010001 0.932429
22020001 1.70891
22030001 0.93132
22040001 1.138
22050001 0.945321
22060001 0.947754
22070001 1.62289
22080001 0.944855
22090001 1.74278
22100001 0.932887
22110001 1.33182
22120001 0.945516
22130001 0.927312
22140001 0.946152
22150001 0.924282
22160001 1.69081
22170001 0.931701
22180001 1.54311
22190001 0.933853
22200001 0.982615
22210001 0.938278
22220001 0.985903
22230001 1.63236
22240001 0.928419
22250001 1.76712
22260001 0.962671
22270001 1.24616
22280001 0.946009
22290001 0.955919
22300001 0.997971
22310001 0.943434
22320001 1.71019
22330001 0.93478
22340001 1.4377
22350001 0.972514
22360001 0.958847
22370001 0.951514
22380001 0.930253
22390001 1.66138
22400001 0.92812
22410001 1.7042
22420001 0.931679
22430001 1.13799
22440001 0.967798
22450001 0.940505
22460001 1.62293
22470001 0.946494
22480001 1.7434
22490001 0.932884
22500001 1.33185
22510001 0.943174
22520001 0.927359
22530001 0.960933
22540001 0.923944
22550001 1.69212
22560001 0.930752
22570001 1.53888
22580001 0.934455
22590001 0.979568
22600001 0.938253
22610001 0.990655
22620001 1.6324
22630001 0.928559
22640001 1.76715
22650001 0.963213
22660001 1.23558
22670001 0.945744
22680001 0.949203
22690001 1.04926
22700001 0.94348
22710001 1.71169
22720001 0.935107
22730001 1.4369
22740001 0.972357
22750001 0.959488
22760001 0.951456
22770001 0.930266
22780001 1.66595
22790001 0.928195
22800001 1.70078
22810001 0.934587
22820001 1.13735
22830001 0.965487
22840001 0.939709
22850001 1.62296
22860001 0.946687
22870001 1.74343
22880001 0.932462
22890001 1.33186
22900001 0.945075
22910001 0.928712
22920001 1.07565
22930001 0.924507
22940001 1.69247
22950001 0.930995
22960001 1.53339
22970001 0.946231
22980001 0.978202
22990001 0.972561
23000001 0.995728
23010001 1.63451
23020001 0.929599
23030001 1.76717
23040001 0.934278
23050001 1.23303
23060001 0.946103
23070001 0.950011
23080001 1.0232
23090001 0.944748
23100001 1.71171
23110001 0.934797
23120001 1.43692
23130001 0.972169
23140001 0.959794
23150001 0.961412
23160001 0.936479
23170001 1.66712
23180001 0.928591
23190001 1.69897
23200001 0.938241
23210001 1.13468
23220001 0.96456
23230001 0.939742
23240001 1.62298
23250001 0.947045
23260001 1.74597
23270001 0.9325
23280001 1.33187
23290001 0.944212
23300001 0.930117
23310001 1.07881
23320001 0.923809
23330001 1.69249
23340001 0.931273
23350001 1.52932
23360001 0.94426
23370001 0.975692
23380001 0.957879
23390001 0.996362
23400001 1.63453
23410001 0.932414
23420001 1.76718
23430001 0.93362
23440001 1.23025
23450001 0.946093
23460001 0.950011
23470001 1.02326
23480001 0.929757
23490001 1.71173
23500001 0.933961
23510001 1.43109
23520001 0.935886
23530001 1.04795
23540001 0.945046
23550001 0.936686
23560001 1.66713
23570001 0.928556
23580001 1.69664
23590001 0.936992
23600001 1.13117
23610001 0.963994
23620001 0.9406
23630001 1.62299
23640001 0.947029
23650001 1.74598
23660001 0.93242
23670001 1.33187
23680001 0.944209
23690001 0.930218
23700001 1.07914
23710001 0.923818
23720001 1.6925
23730001 0.930899
23740001 1.52933
23750001 0.944084
23760001 0.970888
23770001 0.961237
23780001 0.995806
23790001 1.63454
23800001 0.931618
23810001 1.76719
23820001 0.932794
23830001 1.22886
23840001 0.941804
23850001 0.949914
23860001 1.02336
23870001 0.930826
23880001 1.71816
23890001 0.934275
23900001 1.4311
23910001 0.950059
23920001 0.975889
23930001 0.944967
23940001 0.933319
23950001 1.66714
23960001 0.929275
23970001 1.68922
23980001 0.937398
23990001 1.13116
24000001 0.964007
24010001 0.928683
24020001 1.623
24030001 0.952998
24040001 1.74599
24050001 0.932311
24060001 1.33088
24070001 0.944164
24080001 0.928709
24090001 1.07908
24100001 0.923839
24110001 1.69251
24120001 0.930923
24130001 1.52775
24140001 0.945363
24150001 0.968269
24160001 0.961238
24170001 0.995964
24180001 1.63455
24190001 0.931767
24200001 1.7672
24210001 0.933198
24220001 1.22436
24230001 0.93921
24240001 0.956468
24250001 1.03849
24260001 0.927238
24270001 1.72014
24280001 0.934167
24290001 1.42851
24300001 0.942792
24310001 0.972976
24320001 0.948448
24330001 0.933392
24340001 1.66715
24350001 0.930659
24360001 1.68481
24370001 0.937367
24380001 1.13116
24390001 0.963976
24400001 0.928474
24410001 1.623
24420001 0.934195
24430001 1.74761
24440001 0.932891
24450001 1.33088
24460001 0.944106
24470001 0.928715
24480001 1.08015
24490001 0.924653
24500001 1.69304
24510001 0.936006
24520001 1.5214
24530001 0.945474
24540001 0.967204
24550001 0.961212
24560001 0.994068
24570001 1.63455
24580001 0.92751
24590001 1.76721
24600001 0.93303
24610001 1.2193
24620001 0.938962
24630001 0.927576
24640001 0.960343
24650001 0.931564
24660001 1.72015
24670001 0.934187
24680001 1.42851
24690001 0.942075
24700001 0.972428
24710001 0.948593
24720001 0.932967
24730001 1.66987
24740001 0.929528
24750001 1.68052
24760001 0.936393
24770001 1.12326
24780001 0.944501
24790001 0.928582
24800001 1.62301
24810001 0.933039
24820001 1.74761
24830001 0.934153
24840001 1.33089
24850001 1.02232
24860001 0.930694
24870001 1.04775
24880001 0.925526
24890001 1.69305
24900001 0.940469
24910001 1.51913
24920001 0.946249
24930001 0.96463
24940001 0.961232
24950001 0.925244
24960001 1.63456
24970001 0.932382
24980001 1.76721
24990001 0.932961
25000001 1.2193
25010001 0.938964
25020001 0.927751
25030001 0.951468
25040001 0.931542
25050001 1.72015
25060001 0.934063
25070001 1.42152
25080001 0.942019
25090001 0.974515
25100001 0.948644
25110001 0.932973
25120001 1.67003
25130001 0.928797
25140001 1.67762
25150001 0.933524
25160001 1.1196
25170001 0.93627
25180001 0.929855
25190001 1.62301
25200001 0.93184
25210001 1.75531
25220001 0.933674
25230001 1.33089
25240001 1.0332
25250001 0.921954
25260001 1.05676
25270001 0.924961
25280001 1.69305
25290001 0.939965
25300001 1.51913
25310001 0.937351
25320001 0.96112
25330001 0.959868
25340001 0.926174
25350001 1.63456
25360001 0.931008
25370001 1.76721
25380001 0.932262
25390001 1.21257
25400001 0.938956
25410001 0.929339
25420001 0.950937
25430001 0.931565
25440001 1.72016
25450001 0.934345
25460001 1.41574
25470001 0.942102
25480001 0.967545
25490001 0.945411
25500001 0.933069
25510001 1.67003
25520001 0.928737
25530001 1.6726
25540001 0.933235
25550001 1.11784
25560001 0.935733
25570001 0.929886
25580001 1.62302
25590001 0.931883
25600001 1.75531
25610001 0.933556
25620001 1.32945
25630001 1.04791
25640001 0.929208
25650001 1.05614
25660001 0.925877
25670001 1.69306
25680001 0.940027
25690001 1.51913
25700001 0.936894
25710001 0.956277
25720001 0.944742
25730001 0.926045
25740001 1.63485
25750001 0.928275
25760001 1.76722
25770001 0.932534
25780001 1.21257
25790001 0.938818
25800001 0.929379
25810001 0.951049
25820001 0.936395
25830001 1.72361
25840001 0.934907
25850001 1.41312
25860001 0.942008
25870001 0.986226
25880001 0.948295
25890001 0.930169
25900001 1.67004
25910001 0.928033
25920001 1.66568
25930001 0.933152
25940001 1.11784
25950001 0.935632
25960001 0.929893
25970001 1.62302
25980001 0.932051
25990001 1.75631
26000001 0.933531
26010001 1.32945
26020001 1.05039
26030001 0.930475
26040001 1.05551
26050001 0.925304
26060001 1.69504
26070001 0.940194
26080001 1.50938
26090001 0.936942
26100001 0.954214
26110001 0.947091
26120001 0.925919
26130001 1.63486
26140001 0.92848
26150001 1.76722
26160001 0.931868
26170001 1.20792
26180001 0.94486
26190001 0.931725
26200001 0.951572
26210001 0.935351
26220001 1.72477
26230001 0.934912
26240001 1.41281
26250001 0.942381
26260001 0.98541
26270001 0.942784
26280001 0.929169
26290001 1.67004
26300001 0.929102
26310001 1.66125
26320001 0.933405
26330001 1.11594
26340001 0.935571
26350001 0.92984
26360001 1.62303
26370001 0.932088
26380001 1.75631
26390001 0.93318
26400001 1.32748
26410001 1.05071
26420001 0.930679
26430001 1.0224
26440001 0.925323
26450001 1.69813
26460001 0.934429
26470001 1.50528
26480001 0.937132
26490001 0.953109
26500001 0.947044
26510001 0.925792
26520001 1.63505
26530001 0.927965
26540001 1.76723
26550001 0.932123
26560001 1.20317
26570001 0.941511
26580001 0.942156
26590001 0.964629
26600001 0.934832
26610001 1.72478
26620001 0.935308
26630001 1.41111
26640001 0.932721
26650001 0.986053
26660001 0.943168
26670001 0.930215
26680001 1.67035
26690001 0.930217
26700001 1.65832
26710001 0.933382
26720001 1.11339
26730001 0.935579
26740001 0.936343
26750001 1.62303
26760001 0.943245
26770001 1.76055
26780001 0.93695
26790001 1.32749
26800001 1.05053
26810001 0.930725
26820001 1.00389
26830001 0.925297
26840001 1.69813
26850001 0.935521
26860001 1.50465
26870001 0.937056
26880001 0.949442
26890001 0.947532
26900001 0.925978
26910001 1.63506
26920001 0.934694
26930001 1.76723
26940001 0.93209
26950001 1.19714
26960001 0.941315
26970001 0.954963
26980001 0.96367
26990001 0.933311
27000001 1.72478
27010001 0.935015
27020001 1.40388
27030001 0.933743
27040001 0.976725
27050001 0.94314
27060001 0.931342
27070001 1.67036
27080001 0.932027
27090001 1.65406
27100001 0.945538
27110001 1.10949
27120001 0.935538
27130001 0.929805
27140001 1.62303
27150001 0.939125
27160001 1.76056
27170001 0.936967
27180001 1.32749
27190001 1.0514
27200001 0.933316
27210001 0.950985
27220001 0.948373
27230001 1.69814
27240001 0.934388
27250001 1.50465
27260001 0.937043
27270001 0.94771
27280001 0.9476
27290001 0.95377
27300001 1.63586
27310001 0.929347
27320001 1.76723
27330001 0.941747
27340001 1.19651
27350001 0.941656
27360001 0.940626
27370001 0.963104
27380001 0.933643
27390001 1.72864
27400001 0.934401
27410001 1.40388
27420001 0.932721
27430001 0.946863
27440001 0.943105
27450001 0.930562
27460001 1.67036
27470001 0.930174
27480001 1.64956
27490001 0.946867
27500001 1.10895
27510001 0.938413
27520001 0.927049
27530001 1.62304
27540001 0.937653
27550001 1.76056
27560001 0.937059
27570001 1.32558
27580001 1.02085
27590001 0.940551
27600001 0.954834
27610001 0.950678
27620001 1.69814
27630001 0.93445
27640001 1.50395
27650001 0.938483
27660001 0.945985
27670001 0.947295
27680001 0.951639
27690001 1.63586
27700001 0.930122
27710001 1.76724
27720001 0.941364
27730001 1.19651
27740001 0.941897
27750001 0.940482
27760001 0.962471
27770001 0.933808
27780001 1.72864
27790001 0.934265
27800001 1.40012
27810001 0.932727
27820001 0.94345
27830001 0.944655
27840001 0.930532
27850001 1.67036
27860001 0.930416
27870001 1.64511
27880001 0.947288
27890001 1.10469
27900001 0.952235
27910001 0.927106
27920001 1.62304
27930001 0.937642
27940001 1.76216
27950001 0.937319
27960001 1.32345
27970001 1.0521
27980001 0.955231
27990001 0.954934
28000001 0.950436
28010001 1.70019
28020001 0.934436
28030001 1.50016
28040001 0.941385
28050001 0.945224
28060001 0.946427
28070001 0.954978
28080001 1.63586
28090001 0.92962
28100001 1.76724
28110001 0.941762
28120001 1.19125
28130001 0.941887
28140001 0.940305
28150001 0.963167
28160001 0.931954
28170001 1.72864
28180001 0.934068
28190001 1.40013
28200001 0.932706
28210001 0.951358
28220001 0.950529
28230001 0.925431
28240001 1.67391
28250001 0.930528
28260001 1.64088
28270001 0.951163
28280001 1.10231
28290001 0.952243
28300001 0.927148
28310001 1.62304
28320001 0.937746
28330001 1.76327
28340001 0.937132
28350001 1.31021
28360001 1.04853
28370001 0.951743
28380001 0.956247
28390001 0.950264
28400001 1.70019
28410001 0.935701
28420001 1.49915
28430001 0.94229
28440001 0.94371
28450001 0.940443
28460001 0.955518
28470001 1.6363
28480001 0.929036
28490001 1.76724
28500001 0.941379
28510001 1.18907
28520001 0.941896
28530001 0.934992
28540001 1.06558
28550001 0.930494
28560001 1.72864
28570001 0.93402
28580001 1.39189
28590001 0.941736
28600001 0.951346
28610001 0.947741
28620001 0.928612
28630001 1.67595
28640001 0.933417
28650001 1.63972
28660001 0.951657
28670001 1.09933
28680001 0.951689
28690001 0.92602
28700001 1.62305
28710001 0.937623
28720001 1.76343
28730001 0.935805
28740001 1.31022
28750001 1.04814
28760001 0.951802
28770001 0.953114
28780001 0.950217
28790001 1.7002
28800001 0.934932
28810001 1.49915
28820001 0.941856
28830001 0.942128
28840001 0.941386
28850001 0.955651
28860001 1.6363
28870001 0.928933
28880001 1.76724
28890001 0.941391
28900001 1.18356
28910001 1.11094
28920001 0.930848
28930001 1.05116
28940001 0.933265
28950001 1.72865
28960001 0.935733
28970001 1.38898
28980001 0.942534
28990001 0.943719
29000001 0.947954
29010001 0.931153
29020001 1.67595
29030001 0.934184
29040001 1.63568
29050001 0.951672
29060001 1.09537
29070001 0.951731
29080001 0.993422
29090001 1.62305
29100001 0.94625
29110001 1.76343
29120001 0.940833
29130001 1.30488
29140001 1.04811
29150001 0.94457
29160001 0.962844
29170001 0.950362
29180001 1.7002
29190001 0.934657
29200001 1.49916
29210001 0.941615
29220001 0.940653
29230001 0.940659
29240001 0.95563
29250001 1.6363
29260001 0.93215
29270001 1.76725
29280001 0.941092
29290001 1.18356
29300001 1.11512
29310001 0.945496
29320001 1.05115
29330001 0.931733
29340001 1.73103
29350001 0.935023
29360001 1.38683
29370001 0.944693
29380001 0.936689
29390001 0.947931
29400001 0.932202
29410001 1.67595
29420001 0.935788
29430001 1.62811
29440001 0.936731
29450001 1.09103
29460001 0.951809
29470001 0.989341
29480001 1.62305
29490001 0.942741
29500001 1.76343
29510001 0.940459
29520001 1.30416
29530001 1.04801
29540001 0.962556
29550001 0.959547
29560001 0.929888
29570001 1.7002
29580001 0.934736
29590001 1.49576
29600001 0.94161
29610001 0.940025
29620001 0.940583
29630001 0.967906
29640001 1.6363
29650001 0.932361
29660001 1.76725
29670001 0.932836
29680001 1.18356
29690001 1.11334
29700001 0.944907
29710001 1.05456
29720001 0.931778
29730001 1.73172
29740001 0.935085
29750001 1.3803
29760001 0.953465
29770001 1.00261
29780001 0.944751
29790001 0.932234
29800001 1.67596
29810001 0.935789
29820001 1.623
29830001 0.935155
29840001 1.08457
29850001 0.973816
29860001 0.987778
29870001 1.62305
29880001 0.941442
29890001 1.76434
29900001 0.942443
29910001 1.3016
29920001 0.947467
29930001 0.930613
29940001 0.959401
29950001 0.931962
29960001 1.70108
29970001 0.934603
29980001 1.49054
29990001 0.94157
