1 31.3626
10001 19.5893
20001 12.3532
30001 9.45773
40001 6.7659
50001 5.54612
60001 4.38564
70001 3.76815
80001 3.18283
90001 2.88372
100001 2.54112
110001 2.36439
120001 2.15957
130001 2.04732
140001 1.90354
150001 1.82426
160001 1.72331
170001 1.66213
180001 1.58507
190001 1.53689
200001 1.47576
210001 1.43516
220001 1.38517
230001 1.35086
240001 1.30913
250001 1.27871
260001 1.24325
270001 1.21641
280001 1.1858
290001 1.16119
300001 1.13475
310001 1.11241
320001 1.08906
330001 1.06842
340001 1.04765
350001 1.02859
360001 1.0102
370001 0.992265
380001 0.975875
390001 0.959237
400001 0.944405
410001 0.92871
420001 0.915444
430001 0.900615
440001 0.88841
450001 0.874301
460001 0.86322
470001 0.849922
480001 0.839658
490001 0.827146
500001 0.817584
510001 0.80586
520001 0.796862
530001 0.785655
540001 0.777503
550001 0.766658
560001 0.758919
570001 0.748934
580001 0.741184
590001 0.732319
600001 0.724538
610001 0.717228
620001 0.710258
630001 0.701966
640001 0.694984
650001 0.687506
660001 0.681543
670001 0.673824
680001 0.667493
690001 0.660749
700001 0.654301
710001 0.64828
720001 0.642339
730001 0.636928
740001 0.630226
750001 0.625468
760001 0.619213
770001 0.614508
780001 0.608257
790001 0.604041
800001 0.597847
810001 0.593974
820001 0.587832
830001 0.584335
840001 0.578945
850001 0.57494
860001 0.569838
870001 0.566323
880001 0.56115
890001 0.557822
900001 0.552126
910001 0.549298
920001 0.545182
930001 0.541266
940001 0.537612
950001 0.533541
960001 0.529841
970001 0.526277
980001 0.522551
990001 0.519305
1000001 0.515437
1010001 0.51225
1020001 0.509066
1030001 0.505456
1040001 0.504647
1050001 0.499052
1060001 0.497988
1070001 0.49503
1080001 0.491878
1090001 0.489773
1100001 0.48616
1110001 0.483816
1120001 0.480433
1130001 0.477395
1140001 0.475053
1150001 0.471737
1160001 0.469886
1170001 0.466653
1180001 0.465586
1190001 0.46157
1200001 0.460771
1210001 0.457167
1220001 0.456123
1230001 0.452302
1240001 0.451437
1250001 0.447654
1260001 0.446986
1270001 0.443334
1280001 0.442698
1290001 0.439529
1300001 0.438766
1310001 0.435686
1320001 0.4346
1330001 0.431657
1340001 0.430594
1350001 0.428307
1360001 0.426723
1370001 0.424526
1380001 0.422922
1390001 0.421822
1400001 0.419455
1410001 0.417949
1420001 0.416251
1430001 0.414432
1440001 0.412726
1450001 0.411277
1460001 0.409406
1470001 0.408264
1480001 0.406124
1490001 0.40731
1500001 0.403636
1510001 0.404371
1520001 0.402307
1530001 0.401135
1540001 0.400492
1550001 0.398356
1560001 0.397112
1570001 0.39565
1580001 0.393595
1590001 0.39306
1600001 0.390771
1610001 0.39066
1620001 0.388553
1630001 0.388921
1640001 0.386058
1650001 0.386543
1660001 0.383891
1670001 0.384259
1680001 0.381334
1690001 0.381913
1700001 0.378959
1710001 0.379517
1720001 0.377137
1730001 0.377352
1740001 0.374965
1750001 0.375464
1760001 0.373905
1770001 0.37351
1780001 0.373497
1790001 0.371024
1800001 0.370057
1810001 0.369023
1820001 0.368568
1830001 0.367038
1840001 0.366744
1850001 0.365163
1860001 0.364704
1870001 0.363627
1880001 0.362678
1890001 0.361669
1900001 0.361416
1910001 0.359786
1920001 0.360258
1930001 0.358038
1940001 0.360345
1950001 0.359501
1960001 0.358753
1970001 0.357229
1980001 0.357128
1990001 0.356931
2000001 0.35556
2010001 0.354468
2020001 0.353985
2030001 0.352331
2040001 0.352564
2050001 0.351524
2060001 0.352218
2070001 0.349563
2080001 0.350991
2090001 0.348889
2100001 0.349654
2110001 0.34715
2120001 0.348378
2130001 0.345809
2140001 0.346913
2150001 0.344277
2160001 0.345702
2170001 0.3441
2180001 0.344236
2190001 0.342893
2200001 0.343254
2210001 0.341653
2220001 0.342182
2230001 0.339868
2240001 0.340739
2250001 0.340659
2260001 0.339469
2270001 0.339655
2280001 0.338236
2290001 0.33828
2300001 0.337323
2310001 0.337176
2320001 0.3363
2330001 0.335939
2340001 0.33517
2350001 0.335321
2360001 0.334062
2370001 0.337539
2380001 0.333038
2390001 0.335963
2400001 0.334761
2410001 0.334782
2420001 0.335314
2430001 0.333882
2440001 0.333411
2450001 0.332796
2460001 0.33183
2470001 0.331875
2480001 0.3304
2490001 0.33127
2500001 0.329722
2510001 0.331343
2520001 0.329099
2530001 0.330582
2540001 0.328535
2550001 0.329923
2560001 0.32745
2570001 0.328937
2580001 0.326579
2590001 0.32797
2600001 0.326337
2610001 0.327193
2620001 0.325561
2630001 0.326686
2640001 0.325918
2650001 0.325639
2660001 0.324888
2670001 0.324898
2680001 0.324136
2690001 0.324043
2700001 0.323484
2710001 0.323142
2720001 0.323705
2730001 0.322527
2740001 0.322523
2750001 0.322138
2760001 0.321795
2770001 0.321153
2780001 0.321287
2790001 0.320462
2800001 0.320984
2810001 0.31959
2820001 0.322894
2830001 0.31976
2840001 0.322282
2850001 0.321009
2860001 0.321231
2870001 0.321846
2880001 0.320606
2890001 0.320076
2900001 0.320007
2910001 0.318855
2920001 0.319471
2930001 0.318013
2940001 0.320033
2950001 0.317828
2960001 0.319475
2970001 0.317933
2980001 0.31907
2990001 0.316922
3000001 0.318524
3010001 0.31624
3020001 0.317892
3030001 0.315391
3040001 0.317305
3050001 0.315652
3060001 0.316497
3070001 0.315612
3080001 0.316388
3090001 0.315481
3100001 0.315938
3110001 0.316868
3120001 0.314879
3130001 0.314758
3140001 0.3144
3150001 0.314735
3160001 0.313726
3170001 0.314314
3180001 0.313208
3190001 0.313547
3200001 0.313032
3210001 0.312769
3220001 0.312263
3230001 0.312859
3240001 0.311663
3250001 0.312978
3260001 0.311195
3270001 0.314525
3280001 0.314217
3290001 0.314034
3300001 0.314756
3310001 0.313493
3320001 0.313926
3330001 0.312993
3340001 0.31238
3350001 0.312374
3360001 0.311214
3370001 0.312025
3380001 0.311467
3390001 0.312789
3400001 0.310447
3410001 0.31256
3420001 0.310766
3430001 0.312224
3440001 0.309854
3450001 0.311776
3460001 0.309314
3470001 0.311142
3480001 0.308954
3490001 0.310697
3500001 0.309392
3510001 0.310587
3520001 0.309175
3530001 0.309944
3540001 0.308677
3550001 0.309695
3560001 0.307602
3570001 0.308907
3580001 0.309065
3590001 0.308332
3600001 0.309071
3610001 0.308118
3620001 0.308405
3630001 0.307719
3640001 0.307807
3650001 0.30737
3660001 0.307329
3670001 0.306905
3680001 0.307472
3690001 0.306429
3700001 0.31058
3710001 0.30682
3720001 0.309595
3730001 0.308621
3740001 0.308965
3750001 0.309668
3760001 0.308438
3770001 0.308471
3780001 0.308129
3790001 0.307391
3800001 0.307813
3810001 0.306497
3820001 0.307699
3830001 0.306337
3840001 0.308356
3850001 0.306285
3860001 0.308129
3870001 0.306222
3880001 0.307891
3890001 0.305566
3900001 0.307471
3910001 0.305165
3920001 0.306953
3930001 0.30538
3940001 0.30664
3950001 0.305016
3960001 0.306595
3970001 0.306029
3980001 0.305993
3990001 0.305425
4000001 0.305532
4010001 0.305648
4020001 0.305143
4030001 0.305182
4040001 0.304767
4050001 0.30482
4060001 0.304432
4070001 0.304755
4080001 0.304534
4090001 0.30427
4100001 0.303913
4110001 0.30426
4120001 0.303521
4130001 0.304875
4140001 0.30308
4150001 0.306746
4160001 0.306416
4170001 0.30632
4180001 0.305342
4190001 0.305758
4200001 0.306588
4210001 0.305583
4220001 0.305107
4230001 0.305197
4240001 0.304147
4250001 0.30492
4260001 0.304481
4270001 0.305892
4280001 0.303754
4290001 0.305827
4300001 0.304093
4310001 0.305529
4320001 0.303432
4330001 0.305284
4340001 0.302967
4350001 0.304909
4360001 0.302507
4370001 0.304606
4380001 0.303461
4390001 0.304039
4400001 0.303227
4410001 0.304234
4420001 0.303322
4430001 0.304043
4440001 0.30192
4450001 0.303257
4460001 0.303851
4470001 0.302831
4480001 0.303894
4490001 0.302423
4500001 0.303151
4510001 0.302367
4520001 0.302754
4530001 0.302324
4540001 0.302189
4550001 0.301772
4560001 0.302499
4570001 0.30139
4580001 0.305694
4590001 0.301147
4600001 0.304696
4610001 0.304487
4620001 0.304264
4630001 0.305285
4640001 0.304079
4650001 0.304615
4660001 0.303607
4670001 0.302974
4680001 0.303351
4690001 0.30222
4700001 0.303174
4710001 0.302109
4720001 0.304177
4730001 0.301806
4740001 0.304119
4750001 0.302198
4760001 0.303976
4770001 0.301639
4780001 0.303543
4790001 0.301194
4800001 0.303226
4810001 0.30105
4820001 0.302964
4830001 0.301513
4840001 0.30303
4850001 0.301618
4860001 0.302547
4870001 0.30131
4880001 0.302153
4890001 0.3018
4900001 0.301794
4910001 0.301497
4920001 0.301372
4930001 0.302282
4940001 0.301239
4950001 0.301691
4960001 0.301347
4970001 0.301255
4980001 0.300868
4990001 0.301172
5000001 0.300545
5010001 0.301204
5020001 0.300203
5030001 0.303844
5040001 0.300757
5050001 0.303661
5060001 0.302728
5070001 0.302967
5080001 0.303873
5090001 0.302759
5100001 0.302842
5110001 0.302549
5120001 0.30155
5130001 0.302384
5140001 0.301068
5150001 0.30238
5160001 0.30129
5170001 0.303186
5180001 0.301074
5190001 0.303057
5200001 0.301134
5210001 0.302946
5220001 0.300625
5230001 0.302646
5240001 0.300288
5250001 0.302223
5260001 0.300597
5270001 0.302028
5280001 0.300325
5290001 0.302095
5300001 0.301467
5310001 0.302007
5320001 0.303251
5330001 0.301209
5340001 0.301281
5350001 0.300952
5360001 0.301548
5370001 0.300653
5380001 0.301421
5390001 0.300421
5400001 0.300948
5410001 0.300545
5420001 0.300424
5430001 0.300097
5440001 0.300791
5450001 0.29972
5460001 0.301228
5470001 0.299443
5480001 0.303087
5490001 0.30293
5500001 0.302878
5510001 0.301911
5520001 0.302558
5530001 0.303162
5540001 0.302314
5550001 0.301829
5560001 0.301993
5570001 0.300842
5580001 0.30181
5590001 0.30137
5600001 0.302851
5610001 0.300536
5620001 0.302847
5630001 0.301131
5640001 0.302654
5650001 0.300447
5660001 0.302493
5670001 0.300193
5680001 0.302072
5690001 0.299702
5700001 0.301918
5710001 0.300748
5720001 0.301459
5730001 0.300565
5740001 0.301499
5750001 0.300309
5760001 0.301426
5770001 0.299417
5780001 0.300901
5790001 0.301408
5800001 0.300541
5810001 0.301316
5820001 0.300201
5830001 0.300805
5840001 0.300197
5850001 0.300555
5860001 0.300034
5870001 0.300135
5880001 0.299731
5890001 0.300402
5900001 0.299449
5910001 0.303792
5920001 0.299227
5930001 0.302926
5940001 0.302033
5950001 0.302478
5960001 0.303497
5970001 0.30232
5980001 0.30222
5990001 0.30194
6000001 0.301285
6010001 0.301717
6020001 0.300504
6030001 0.30182
6040001 0.300529
6050001 0.302664
6060001 0.300606
6070001 0.302564
6080001 0.30071
6090001 0.302569
6100001 0.30023
6110001 0.302187
6120001 0.299971
6130001 0.301813
6140001 0.300397
6150001 0.301639
6160001 0.300229
6170001 0.301738
6180001 0.301262
6190001 0.30124
6200001 0.300762
6210001 0.301056
6220001 0.300567
6230001 0.300742
6240001 0.300463
6250001 0.300363
6260001 0.301272
6270001 0.300274
6280001 0.300576
6290001 0.300418
6300001 0.300338
6310001 0.299909
6320001 0.300333
6330001 0.299711
6340001 0.301178
6350001 0.29931
6360001 0.303098
6370001 0.300005
6380001 0.302938
6390001 0.301831
6400001 0.302307
6410001 0.303203
6420001 0.302116
6430001 0.301791
6440001 0.301948
6450001 0.300954
6460001 0.301828
6470001 0.300475
6480001 0.302862
6490001 0.300764
6500001 0.302703
6510001 0.301252
6520001 0.302704
6530001 0.300652
6540001 0.302542
6550001 0.300342
6560001 0.302276
6570001 0.299844
6580001 0.302055
6590001 0.30053
6600001 0.301598
6610001 0.300875
6620001 0.301864
6630001 0.301122
6640001 0.301765
6650001 0.302922
6660001 0.30102
6670001 0.301095
6680001 0.300864
6690001 0.301409
6700001 0.300522
6710001 0.301319
6720001 0.300326
6730001 0.300856
6740001 0.300473
6750001 0.300372
6760001 0.299997
6770001 0.300789
6780001 0.299703
6790001 0.301233
6800001 0.29953
6810001 0.303147
6820001 0.302971
6830001 0.302938
6840001 0.303832
6850001 0.302669
6860001 0.303258
6870001 0.302439
6880001 0.301912
6890001 0.30208
6900001 0.301004
6910001 0.301993
6920001 0.301557
6930001 0.303048
6940001 0.300774
6950001 0.30308
6960001 0.301361
6970001 0.302996
6980001 0.300679
6990001 0.302787
7000001 0.300375
7010001 0.302381
7020001 0.300237
7030001 0.302171
7040001 0.300959
7050001 0.3023
7060001 0.300982
7070001 0.301876
7080001 0.300696
7090001 0.301851
7100001 0.299832
7110001 0.301273
7120001 0.301163
7130001 0.300907
7140001 0.301771
7150001 0.3009
7160001 0.301316
7170001 0.300711
7180001 0.300914
7190001 0.300564
7200001 0.300626
7210001 0.300295
7220001 0.300985
7230001 0.300018
7240001 0.304359
7250001 0.300615
7260001 0.303549
7270001 0.302645
7280001 0.303092
7290001 0.303831
7300001 0.302746
7310001 0.302867
7320001 0.302616
7330001 0.301948
7340001 0.302472
7350001 0.301221
7360001 0.30253
7370001 0.301235
7380001 0.30337
7390001 0.301358
7400001 0.30331
7410001 0.30146
7420001 0.303238
7430001 0.300959
7440001 0.302974
7450001 0.300717
7460001 0.302612
7470001 0.301098
7480001 0.302456
7490001 0.300872
7500001 0.302565
7510001 0.302083
7520001 0.30211
7530001 0.301615
7540001 0.30179
7550001 0.301998
7560001 0.30155
7570001 0.301664
7580001 0.301315
7590001 0.30182
7600001 0.30112
7610001 0.301524
7620001 0.301361
7630001 0.30117
7640001 0.300871
7650001 0.301294
7660001 0.300539
7670001 0.302054
7680001 0.300305
7690001 0.304074
7700001 0.303796
7710001 0.303774
7720001 0.302842
7730001 0.30333
7740001 0.304227
7750001 0.303281
7760001 0.302857
7770001 0.303013
7780001 0.302011
7790001 0.302846
7800001 0.302469
7810001 0.303948
7820001 0.301856
7830001 0.303954
7840001 0.302312
7850001 0.303811
7860001 0.301758
7870001 0.303678
7880001 0.301401
7890001 0.303409
7900001 0.301048
7910001 0.303214
7920001 0.302121
7930001 0.302753
7940001 0.301994
7950001 0.303054
7960001 0.302194
7970001 0.302965
7980001 0.300892
7990001 0.302278
8000001 0.30293
8010001 0.30195
8020001 0.303069
8030001 0.301641
8040001 0.302415
8050001 0.301681
8060001 0.30212
8070001 0.301732
8080001 0.301647
8090001 0.301271
8100001 0.302051
8110001 0.300984
8120001 0.305342
8130001 0.300828
8140001 0.304431
8150001 0.304261
8160001 0.304088
8170001 0.305144
8180001 0.303987
8190001 0.304561
8200001 0.3036
8210001 0.303006
8220001 0.303426
8230001 0.302333
8240001 0.303327
8250001 0.302306
8260001 0.304411
8270001 0.302084
8280001 0.304431
8290001 0.302556
8300001 0.30437
8310001 0.302072
8320001 0.304013
8330001 0.301703
8340001 0.303772
8350001 0.301635
8360001 0.303586
8370001 0.302177
8380001 0.303724
8390001 0.302339
8400001 0.30331
8410001 0.302106
8420001 0.302993
8430001 0.302679
8440001 0.302706
8450001 0.302447
8460001 0.302355
8470001 0.303278
8480001 0.302288
8490001 0.302778
8500001 0.302462
8510001 0.302406
8520001 0.30205
8530001 0.302389
8540001 0.301792
8550001 0.302477
8560001 0.30152
8570001 0.305178
8580001 0.302132
8590001 0.305057
8600001 0.304152
8610001 0.304427
8620001 0.305355
8630001 0.304279
8640001 0.304388
8650001 0.304213
8660001 0.303162
8670001 0.304022
8680001 0.302741
8690001 0.304074
8700001 0.303019
8710001 0.30493
8720001 0.302861
8730001 0.304858
8740001 0.302974
8750001 0.304803
8760001 0.302519
8770001 0.304559
8780001 0.302238
8790001 0.304185
8800001 0.302601
8810001 0.304052
8820001 0.302384
8830001 0.304168
8840001 0.303575
8850001 0.304108
8860001 0.305389
8870001 0.303388
8880001 0.303489
8890001 0.303182
8900001 0.303801
8910001 0.302935
8920001 0.303723
8930001 0.302751
8940001 0.3033
8950001 0.302921
8960001 0.302826
8970001 0.30252
8980001 0.303236
8990001 0.302196
9000001 0.303715
9010001 0.301965
9020001 0.305605
9030001 0.305466
9040001 0.305442
9050001 0.304499
9060001 0.305163
9070001 0.305783
9080001 0.304966
9090001 0.304503
9100001 0.304689
9110001 0.303567
9120001 0.304548
9130001 0.304132
9140001 0.305619
9150001 0.303346
9160001 0.305653
9170001 0.303975
9180001 0.305504
9190001 0.303336
9200001 0.305383
9210001 0.303121
9220001 0.305004
9230001 0.302671
9240001 0.304846
9250001 0.303751
9260001 0.304472
9270001 0.303604
9280001 0.304548
9290001 0.303385
9300001 0.304513
9310001 0.302544
9320001 0.304027
9330001 0.304549
9340001 0.303706
9350001 0.304493
9360001 0.303404
9370001 0.304021
9380001 0.303434
9390001 0.303806
9400001 0.303305
9410001 0.303424
9420001 0.303037
9430001 0.303719
9440001 0.302794
9450001 0.307107
9460001 0.302605
9470001 0.306282
9480001 0.305411
9490001 0.30587
9500001 0.306887
9510001 0.305744
9520001 0.305658
9530001 0.305399
9540001 0.30476
9550001 0.305207
9560001 0.30402
9570001 0.305338
9580001 0.304076
9590001 0.306201
9600001 0.304179
9610001 0.30613
9620001 0.30431
9630001 0.306162
9640001 0.303867
9650001 0.305814
9660001 0.303639
9670001 0.305472
9680001 0.30409
9690001 0.305329
9700001 0.303957
9710001 0.305452
9720001 0.304998
9730001 0.304988
9740001 0.304523
9750001 0.30483
9760001 0.304366
9770001 0.304546
9780001 0.304284
9790001 0.304196
9800001 0.305106
9810001 0.304132
9820001 0.304445
9830001 0.304298
9840001 0.304233
9850001 0.303819
9860001 0.304252
9870001 0.303647
9880001 0.305002
9890001 0.303277
9900001 0.307029
9910001 0.303985
9920001 0.306885
9930001 0.30581
9940001 0.306293
9950001 0.307187
9960001 0.306127
9970001 0.305816
9980001 0.305983
9990001 0.305011
10000001 0.305884
10010001 0.305666
10020001 0.306926
10030001 0.304867
10040001 0.306789
10050001 0.305331
10060001 0.306813
10070001 0.304798
10080001 0.306673
10090001 0.304512
10100001 0.306431
10110001 0.30404
10120001 0.306233
10130001 0.304739
10140001 0.3058
10150001 0.305098
10160001 0.306084
10170001 0.30536
10180001 0.306004
10190001 0.307149
10200001 0.30528
10210001 0.305373
10220001 0.305094
10230001 0.305698
10240001 0.304832
10250001 0.305629
10260001 0.304658
10270001 0.30519
10280001 0.304819
10290001 0.30473
10300001 0.304367
10310001 0.305158
10320001 0.304097
10330001 0.305612
10340001 0.303942
10350001 0.307516
10360001 0.307349
10370001 0.307327
10380001 0.308216
10390001 0.307078
10400001 0.307665
10410001 0.306866
10420001 0.306221
10430001 0.306529
10440001 0.305467
10450001 0.306457
10460001 0.306032
10470001 0.307513
10480001 0.305277
10490001 0.307558
10500001 0.305869
10510001 0.307492
10520001 0.305217
10530001 0.3073
10540001 0.304931
10550001 0.306914
10560001 0.3048
10570001 0.306724
10580001 0.305538
10590001 0.306865
10600001 0.305575
10610001 0.306461
10620001 0.3053
10630001 0.306448
10640001 0.304467
10650001 0.305892
10660001 0.30582
10670001 0.305546
10680001 0.306404
10690001 0.305492
10700001 0.305968
10710001 0.305378
10720001 0.305584
10730001 0.305245
10740001 0.305312
10750001 0.304992
10760001 0.305679
10770001 0.304734
10780001 0.309013
10790001 0.305333
10800001 0.308229
10810001 0.307342
10820001 0.30779
10830001 0.308519
10840001 0.307461
10850001 0.307584
10860001 0.307344
10870001 0.306693
10880001 0.307213
10890001 0.305988
10900001 0.307281
10910001 0.306013
10920001 0.308119
10930001 0.306144
10940001 0.308071
10950001 0.306257
10960001 0.308011
10970001 0.305772
10980001 0.307763
10990001 0.305546
11000001 0.307417
11010001 0.30593
11020001 0.307274
11030001 0.305715
11040001 0.30739
11050001 0.306924
11060001 0.306953
11070001 0.306464
11080001 0.306647
11090001 0.306856
11100001 0.30642
11110001 0.306535
11120001 0.306197
11130001 0.306707
11140001 0.306015
11150001 0.306417
11160001 0.306261
11170001 0.306078
11180001 0.305787
11190001 0.30621
11200001 0.305456
11210001 0.306965
11220001 0.305248
11230001 0.308961
11240001 0.308692
11250001 0.308676
11260001 0.30776
11270001 0.308242
11280001 0.309132
11290001 0.308207
11300001 0.307792
11310001 0.307951
11320001 0.306969
11330001 0.307794
11340001 0.307428
11350001 0.308885
11360001 0.306833
11370001 0.308895
11380001 0.30729
11390001 0.308768
11400001 0.306752
11410001 0.308645
11420001 0.306407
11430001 0.308387
11440001 0.306068
11450001 0.308202
11460001 0.307131
11470001 0.307756
11480001 0.307013
11490001 0.308059
11500001 0.307213
11510001 0.308031
11520001 0.305938
11530001 0.307308
11540001 0.307955
11550001 0.306992
11560001 0.308098
11570001 0.306695
11580001 0.307458
11590001 0.306741
11600001 0.307176
11610001 0.306796
11620001 0.306717
11630001 0.306348
11640001 0.30712
11650001 0.306073
11660001 0.310364
11670001 0.305926
11680001 0.309472
11690001 0.309308
11700001 0.309142
11710001 0.310171
11720001 0.309047
11730001 0.309613
11740001 0.308673
11750001 0.308091
11760001 0.308507
11770001 0.307435
11780001 0.308415
11790001 0.307416
11800001 0.309486
11810001 0.307202
11820001 0.309509
11830001 0.307672
11840001 0.309457
11850001 0.3072
11860001 0.309112
11870001 0.306842
11880001 0.308878
11890001 0.306775
11900001 0.308703
11910001 0.307319
11920001 0.308842
11930001 0.307421
11940001 0.308441
11950001 0.307245
11960001 0.308133
11970001 0.30781
11980001 0.307855
11990001 0.307602
12000001 0.307514
12010001 0.308412
12020001 0.307451
12030001 0.307936
12040001 0.307626
12050001 0.307574
12060001 0.307225
12070001 0.307562
12080001 0.306976
12090001 0.307651
12100001 0.306714
12110001 0.310312
12120001 0.307319
12130001 0.310197
12140001 0.309308
12150001 0.309581
12160001 0.310496
12170001 0.309439
12180001 0.309549
12190001 0.309356
12200001 0.308347
12210001 0.309193
12220001 0.307937
12230001 0.309246
12240001 0.308215
12250001 0.310093
12260001 0.308062
12270001 0.310023
12280001 0.308177
12290001 0.309976
12300001 0.307732
12310001 0.30974
12320001 0.307459
12330001 0.309371
12340001 0.30782
12350001 0.309248
12360001 0.307608
12370001 0.309365
12380001 0.308784
12390001 0.309309
12400001 0.310565
12410001 0.308603
12420001 0.308705
12430001 0.308403
12440001 0.309015
12450001 0.308164
12460001 0.30894
12470001 0.307985
12480001 0.308526
12490001 0.308155
12500001 0.308062
12510001 0.307762
12520001 0.308468
12530001 0.307447
12540001 0.308939
12550001 0.307223
12560001 0.310802
12570001 0.310667
12580001 0.310644
12590001 0.309717
12600001 0.310369
12610001 0.310983
12620001 0.310181
12630001 0.309727
12640001 0.309908
12650001 0.30881
12660001 0.309774
12670001 0.309362
12680001 0.310825
12690001 0.308597
12700001 0.310864
12710001 0.309215
12720001 0.310718
12730001 0.308591
12740001 0.310603
12750001 0.30838
12760001 0.310234
12770001 0.307921
12780001 0.310045
12790001 0.309005
12800001 0.309708
12810001 0.308859
12820001 0.309791
12830001 0.308645
12840001 0.309758
12850001 0.307823
12860001 0.309281
12870001 0.309794
12880001 0.308967
12890001 0.309743
12900001 0.30867
12910001 0.309278
12920001 0.308702
12930001 0.309067
12940001 0.308576
12950001 0.308693
12960001 0.308313
12970001 0.308985
12980001 0.308078
12990001 0.312316
13000001 0.307891
13010001 0.311507
13020001 0.310652
13030001 0.311103
13040001 0.312104
13050001 0.310979
13060001 0.310898
13070001 0.310642
13080001 0.310014
13090001 0.310455
13100001 0.30929
13110001 0.310584
13120001 0.309346
13130001 0.311433
13140001 0.309447
13150001 0.311366
13160001 0.309578
13170001 0.311396
13180001 0.309143
13190001 0.311058
13200001 0.308917
13210001 0.310722
13220001 0.309361
13230001 0.310583
13240001 0.308825
13250001 0.310704
13260001 0.310259
13270001 0.310249
13280001 0.309787
13290001 0.310093
13300001 0.309637
13310001 0.309814
13320001 0.309559
13330001 0.30947
13340001 0.310365
13350001 0.309408
13360001 0.309716
13370001 0.309571
13380001 0.309507
13390001 0.309101
13400001 0.309527
13410001 0.308932
13420001 0.310254
13430001 0.30857
13440001 0.312257
13450001 0.309265
13460001 0.312131
13470001 0.31106
13480001 0.311533
13490001 0.312412
13500001 0.311371
13510001 0.311067
13520001 0.31123
13530001 0.310276
13540001 0.311133
13550001 0.310815
13560001 0.312158
13570001 0.310135
13580001 0.312022
13590001 0.31058
13600001 0.312047
13610001 0.310067
13620001 0.311909
13630001 0.309786
13640001 0.311672
13650001 0.30942
13660001 0.311478
13670001 0.310009
13680001 0.311042
13690001 0.310359
13700001 0.311331
13710001 0.310631
13720001 0.311252
13730001 0.312401
13740001 0.31054
13750001 0.310629
13760001 0.310306
13770001 0.310946
13780001 0.310094
13790001 0.310882
13800001 0.309927
13810001 0.31045
13820001 0.310085
13830001 0.309997
13840001 0.309639
13850001 0.310417
13860001 0.309373
13870001 0.310863
13880001 0.309222
13890001 0.312733
13900001 0.312569
13910001 0.312548
13920001 0.313423
13930001 0.312303
13940001 0.312879
13950001 0.312094
13960001 0.311391
13970001 0.311763
13980001 0.310719
13990001 0.31169
14000001 0.311274
14010001 0.312729
14020001 0.310523
14030001 0.312772
14040001 0.311031
14050001 0.312708
14060001 0.310472
14070001 0.312518
14080001 0.31019
14090001 0.312137
14100001 0.310052
14110001 0.311952
14120001 0.310782
14130001 0.312089
14140001 0.31082
14150001 0.311692
14160001 0.310544
14170001 0.311678
14180001 0.309723
14190001 0.31113
14200001 0.310957
14210001 0.310789
14220001 0.31163
14230001 0.310728
14240001 0.311202
14250001 0.310621
14260001 0.310824
14270001 0.310489
14280001 0.31055
14290001 0.31024
14300001 0.310914
14310001 0.309986
14320001 0.314192
14330001 0.310574
14340001 0.31342
14350001 0.312548
14360001 0.312987
14370001 0.313703
14380001 0.312663
14390001 0.312784
14400001 0.312545
14410001 0.311907
14420001 0.312417
14430001 0.311213
14440001 0.312482
14450001 0.311237
14460001 0.313306
14470001 0.311365
14480001 0.313257
14490001 0.311475
14500001 0.313199
14510001 0.310997
14520001 0.312954
14530001 0.310774
14540001 0.312611
14550001 0.311149
14560001 0.312471
14570001 0.310934
14580001 0.312584
14590001 0.312126
14600001 0.312152
14610001 0.311666
14620001 0.311849
14630001 0.312051
14640001 0.311625
14650001 0.311737
14660001 0.3114
14670001 0.311906
14680001 0.311224
14690001 0.311619
14700001 0.311464
14710001 0.311284
14720001 0.310996
14730001 0.311412
14740001 0.310667
14750001 0.312153
14760001 0.310463
14770001 0.314111
14780001 0.31385
14790001 0.313834
14800001 0.312931
14810001 0.313401
14820001 0.314279
14830001 0.313369
14840001 0.31296
14850001 0.313115
14860001 0.31215
14870001 0.312959
14880001 0.312601
14890001 0.31403
14900001 0.312014
14910001 0.314038
14920001 0.312462
14930001 0.313912
14940001 0.31193
14950001 0.313792
14960001 0.311592
14970001 0.313536
14980001 0.311255
14990001 0.313352
15000001 0.3123
15010001 0.312913
15020001 0.312181
15030001 0.31321
15040001 0.312375
15050001 0.313116
15060001 0.311119
15070001 0.312467
15080001 0.313102
15090001 0.312155
15100001 0.31324
15110001 0.31186
15120001 0.312609
15130001 0.311905
15140001 0.31233
15150001 0.311955
15160001 0.311878
15170001 0.311513
15180001 0.31227
15190001 0.311327
15200001 0.315461
15210001 0.311096
15220001 0.314581
15230001 0.314411
15240001 0.314256
15250001 0.315268
15260001 0.31416
15270001 0.314717
15280001 0.313791
15290001 0.313219
15300001 0.313625
15310001 0.312571
15320001 0.313852
15330001 0.312552
15340001 0.314585
15350001 0.31234
15360001 0.3146
15370001 0.3128
15380001 0.314553
15390001 0.312333
15400001 0.314214
15410001 0.31198
15420001 0.31398
15430001 0.311905
15440001 0.313805
15450001 0.312444
15460001 0.313941
15470001 0.312534
15480001 0.313544
15490001 0.312327
15500001 0.313241
15510001 0.312846
15520001 0.312965
15530001 0.312715
15540001 0.312627
15550001 0.313505
15560001 0.312563
15570001 0.313039
15580001 0.312734
15590001 0.312681
15600001 0.312337
15610001 0.312668
15620001 0.31209
15630001 0.312751
15640001 0.311832
15650001 0.315369
15660001 0.312424
15670001 0.315254
15680001 0.314378
15690001 0.314646
15700001 0.315546
15710001 0.314504
15720001 0.314611
15730001 0.31436
15740001 0.313429
15750001 0.314258
15760001 0.313023
15770001 0.314307
15780001 0.313295
15790001 0.315139
15800001 0.31314
15810001 0.315067
15820001 0.313253
15830001 0.315022
15840001 0.312812
15850001 0.314788
15860001 0.312539
15870001 0.314419
15880001 0.312895
15890001 0.3143
15900001 0.312683
15910001 0.314411
15920001 0.313834
15930001 0.314355
15940001 0.315585
15950001 0.313658
15960001 0.313757
15970001 0.313459
15980001 0.31406
15990001 0.313221
16000001 0.313984
16010001 0.313044
16020001 0.313573
16030001 0.313208
16040001 0.313115
16050001 0.312819
16060001 0.313513
16070001 0.312507
16080001 0.313972
16090001 0.312285
16100001 0.315805
16110001 0.315671
16120001 0.315647
16130001 0.314735
16140001 0.315374
16150001 0.315979
16160001 0.315187
16170001 0.31474
16180001 0.314914
16190001 0.313837
16200001 0.314782
16210001 0.314377
16220001 0.315809
16230001 0.313623
16240001 0.315848
16250001 0.314227
16260001 0.315704
16270001 0.313613
16280001 0.315591
16290001 0.313402
16300001 0.315226
16310001 0.312968
16320001 0.315035
16330001 0.314012
16340001 0.314693
16350001 0.313863
16360001 0.314783
16370001 0.313649
16380001 0.314748
16390001 0.312841
16400001 0.314276
16410001 0.31478
16420001 0.313964
16430001 0.314727
16440001 0.31367
16450001 0.314267
16460001 0.313699
16470001 0.314054
16480001 0.313572
16490001 0.313687
16500001 0.313311
16510001 0.31397
16520001 0.313078
16530001 0.317248
16540001 0.312891
16550001 0.316448
16560001 0.315607
16570001 0.316049
16580001 0.317034
16590001 0.315921
16600001 0.315844
16610001 0.31559
16620001 0.31497
16630001 0.315405
16640001 0.314258
16650001 0.315528
16660001 0.31431
16670001 0.316362
16680001 0.314407
16690001 0.316294
16700001 0.314534
16710001 0.31632
16720001 0.314104
16730001 0.315986
16740001 0.313877
16750001 0.315643
16760001 0.314314
16770001 0.315516
16780001 0.313818
16790001 0.315632
16800001 0.315192
16810001 0.315182
16820001 0.314722
16830001 0.315025
16840001 0.314574
16850001 0.314748
16860001 0.314496
16870001 0.314401
16880001 0.315285
16890001 0.314343
16900001 0.314645
16910001 0.314502
16920001 0.314437
16930001 0.314036
16940001 0.314452
16950001 0.313867
16960001 0.315164
16970001 0.31351
16980001 0.317136
16990001 0.314188
17000001 0.316869
17010001 0.315955
17020001 0.316417
17030001 0.317285
17040001 0.316257
17050001 0.315957
17060001 0.316115
17070001 0.315176
17080001 0.316018
17090001 0.31564
17100001 0.317024
17110001 0.315033
17120001 0.316888
17130001 0.315463
17140001 0.316911
17150001 0.314961
17160001 0.316772
17170001 0.314683
17180001 0.316538
17190001 0.314307
17200001 0.316345
17210001 0.314896
17220001 0.315907
17230001 0.315238
17240001 0.316195
17250001 0.315491
17260001 0.316115
17270001 0.317241
17280001 0.315409
17290001 0.315493
17300001 0.31517
17310001 0.315804
17320001 0.314941
17330001 0.31574
17340001 0.314799
17350001 0.315313
17360001 0.314952
17370001 0.314864
17380001 0.314511
17390001 0.315274
17400001 0.314246
17410001 0.31571
17420001 0.314096
17430001 0.31755
17440001 0.317389
17450001 0.317365
17460001 0.318227
17470001 0.317122
17480001 0.317687
17490001 0.316913
17500001 0.316185
17510001 0.316585
17520001 0.315558
17530001 0.31651
17540001 0.316102
17550001 0.317531
17560001 0.315332
17570001 0.317571
17580001 0.315828
17590001 0.317507
17600001 0.315304
17610001 0.317317
17620001 0.315024
17630001 0.31694
17640001 0.314885
17650001 0.316755
17660001 0.315602
17670001 0.316887
17680001 0.315634
17690001 0.316494
17700001 0.31536
17710001 0.316477
17720001 0.314549
17730001 0.315935
17740001 0.31576
17750001 0.315597
17760001 0.315847
17770001 0.315532
17780001 0.315999
17790001 0.315426
17800001 0.315624
17810001 0.315294
17820001 0.31535
17830001 0.315046
17840001 0.315708
17850001 0.314792
17860001 0.318933
17870001 0.31537
17880001 0.318171
17890001 0.317311
17900001 0.317741
17910001 0.318447
17920001 0.31742
17930001 0.31754
17940001 0.317301
17950001 0.316673
17960001 0.317173
17970001 0.315986
17980001 0.317234
17990001 0.316008
18000001 0.318043
18010001 0.316131
18020001 0.317992
18030001 0.316221
18040001 0.317934
18050001 0.315763
18060001 0.317689
18070001 0.315542
18080001 0.31735
18090001 0.315909
18100001 0.317209
18110001 0.315693
18120001 0.317318
18130001 0.316866
18140001 0.316889
18150001 0.316408
18160001 0.316588
18170001 0.316786
18180001 0.316365
18190001 0.316476
18200001 0.316127
18210001 0.316636
18220001 0.315966
18230001 0.316352
18240001 0.316199
18250001 0.31602
18260001 0.315734
18270001 0.316144
18280001 0.315409
18290001 0.31687
18300001 0.315206
18310001 0.318794
18320001 0.318539
18330001 0.318521
18340001 0.317632
18350001 0.318092
18360001 0.318955
18370001 0.318058
18380001 0.317653
18390001 0.317805
18400001 0.316855
18410001 0.317649
18420001 0.317297
18430001 0.318701
18440001 0.316716
18450001 0.318705
18460001 0.317154
18470001 0.31858
18480001 0.316628
18490001 0.318461
18500001 0.31629
18510001 0.318205
18520001 0.315957
18530001 0.318022
18540001 0.316985
18550001 0.317586
18560001 0.316864
18570001 0.317877
18580001 0.317051
18590001 0.31769
18600001 0.315812
18610001 0.31714
18620001 0.317757
18630001 0.316829
18640001 0.317878
18650001 0.316537
18660001 0.317273
18670001 0.316578
18680001 0.316996
18690001 0.316624
18700001 0.316547
18710001 0.316187
18720001 0.316931
18730001 0.315994
18740001 0.320072
18750001 0.31577
18760001 0.319202
18770001 0.318741
18780001 0.318881
18790001 0.319876
18800001 0.318783
18810001 0.319331
18820001 0.318417
18830001 0.317853
18840001 0.318251
18850001 0.317211
18860001 0.318447
18870001 0.317191
18880001 0.319192
18890001 0.316978
18900001 0.319184
18910001 0.317431
18920001 0.319155
18930001 0.316967
18940001 0.318819
18950001 0.316612
18960001 0.318585
18970001 0.316525
18980001 0.318411
18990001 0.317068
19000001 0.318543
19010001 0.317154
19020001 0.318148
19030001 0.317344
19040001 0.317847
19050001 0.317425
19060001 0.317572
19070001 0.317325
19080001 0.317238
19090001 0.318099
19100001 0.317171
19110001 0.317639
19120001 0.317337
19130001 0.317282
19140001 0.316943
19150001 0.317267
19160001 0.316697
19170001 0.317346
19180001 0.316438
19190001 0.319925
19200001 0.31702
19210001 0.319807
19220001 0.318944
19230001 0.319207
19240001 0.320093
19250001 0.319063
19260001 0.319168
19270001 0.318911
19280001 0.318002
19290001 0.318816
19300001 0.317595
19310001 0.318859
19320001 0.317865
19330001 0.319679
19340001 0.317708
19350001 0.319605
19360001 0.317818
19370001 0.319559
19380001 0.317381
19390001 0.319328
19400001 0.317106
19410001 0.319231
19420001 0.317457
19430001 0.31884
19440001 0.317246
19450001 0.318948
19460001 0.318376
19470001 0.31889
19480001 0.320099
19490001 0.3182
19500001 0.318296
19510001 0.318001
19520001 0.318592
19530001 0.317764
19540001 0.318514
19550001 0.317586
19560001 0.318105
19570001 0.317746
19580001 0.317653
19590001 0.317358
19600001 0.318042
19610001 0.317042
19620001 0.318491
19630001 0.316829
19640001 0.320297
19650001 0.320163
19660001 0.320137
19670001 0.319237
19680001 0.319867
19690001 0.320463
19700001 0.319679
19710001 0.319239
19720001 0.319408
19730001 0.318346
19740001 0.319275
19750001 0.318876
19760001 0.320282
19770001 0.318131
19780001 0.320317
19790001 0.318723
19800001 0.320177
19810001 0.318116
19820001 0.320064
19830001 0.317901
19840001 0.319702
19850001 0.317472
19860001 0.319509
19870001 0.318498
19880001 0.319744
19890001 0.318351
19900001 0.319258
19910001 0.318135
19920001 0.31922
19930001 0.317338
19940001 0.318752
19950001 0.319247
19960001 0.318442
19970001 0.319192
19980001 0.31815
19990001 0.318737
20000001 0.318175
20010001 0.318524
20020001 0.318048
20030001 0.318159
20040001 0.317787
20050001 0.318436
20060001 0.317556
20070001 0.321664
20080001 0.317369
20090001 0.320874
20100001 0.320044
20110001 0.320478
20120001 0.321449
20130001 0.320342
20140001 0.320273
20150001 0.320019
20160001 0.319407
20170001 0.319835
20180001 0.318704
20190001 0.319954
20200001 0.318753
20210001 0.320773
20220001 0.318845
20230001 0.320704
20240001 0.318965
20250001 0.320728
20260001 0.318543
20270001 0.320396
20280001 0.318307
20290001 0.320056
20300001 0.318743
20310001 0.319929
20320001 0.31855
20330001 0.32004
20340001 0.319605
20350001 0.319594
20360001 0.319136
20370001 0.319436
20380001 0.31899
20390001 0.31916
20400001 0.31891
20410001 0.318814
20420001 0.319684
20430001 0.318756
20440001 0.319053
20450001 0.31891
20460001 0.318843
20470001 0.318448
20480001 0.318855
20490001 0.318278
20500001 0.319555
20510001 0.317924
20520001 0.321498
20530001 0.318589
20540001 0.321198
20550001 0.320331
20560001 0.320785
20570001 0.321639
20580001 0.320624
20590001 0.320329
20600001 0.320482
20610001 0.319555
20620001 0.320383
20630001 0.319986
20640001 0.321374
20650001 0.319408
20660001 0.321237
20670001 0.319829
20680001 0.321258
20690001 0.319333
20700001 0.321116
20710001 0.319057
20720001 0.320885
20730001 0.31866
20740001 0.320691
20750001 0.319261
20760001 0.320254
20770001 0.319595
20780001 0.320539
20790001 0.319832
20800001 0.320457
20810001 0.321565
20820001 0.319759
20830001 0.319837
20840001 0.319515
20850001 0.320142
20860001 0.319287
20870001 0.320079
20880001 0.31915
20890001 0.319654
20900001 0.319297
20910001 0.319209
20920001 0.31886
20930001 0.319608
20940001 0.318594
20950001 0.319954
20960001 0.318446
20970001 0.321852
20980001 0.32169
20990001 0.321665
21000001 0.322517
21010001 0.321424
21020001 0.321981
21030001 0.321214
21040001 0.320491
21050001 0.32089
21060001 0.319876
21070001 0.320812
21080001 0.32041
21090001 0.321818
21100001 0.319648
21110001 0.321854
21120001 0.320095
21130001 0.32179
21140001 0.319615
21150001 0.321599
21160001 0.319338
21170001 0.321226
21180001 0.319196
21190001 0.321041
21200001 0.319901
21210001 0.321169
21220001 0.319918
21230001 0.320778
21240001 0.319656
21250001 0.320759
21260001 0.318853
21270001 0.320222
21280001 0.320051
21290001 0.319886
21300001 0.321078
21310001 0.319819
21320001 0.320279
21330001 0.319712
21340001 0.319906
21350001 0.319579
21360001 0.319633
21370001 0.319333
21380001 0.319984
21390001 0.319079
21400001 0.323163
21410001 0.319647
21420001 0.322409
21430001 0.321559
21440001 0.321983
21450001 0.322679
21460001 0.321663
21470001 0.321781
21480001 0.32154
21490001 0.320923
21500001 0.321415
21510001 0.320241
21520001 0.32147
21530001 0.320263
21540001 0.322269
21550001 0.320379
21560001 0.322215
21570001 0.320468
21580001 0.322157
21590001 0.320011
21600001 0.321912
21610001 0.319793
21620001 0.321574
21630001 0.320152
21640001 0.321434
21650001 0.319936
21660001 0.321539
21670001 0.321093
21680001 0.321114
21690001 0.320635
21700001 0.320812
21710001 0.321008
21720001 0.320591
21730001 0.320699
21740001 0.320354
21750001 0.320858
21760001 0.320193
21770001 0.320572
21780001 0.320421
21790001 0.320242
21800001 0.319958
21810001 0.320352
21820001 0.319636
21830001 0.321076
21840001 0.319433
21850001 0.322972
21860001 0.32272
21870001 0.322701
21880001 0.321822
21890001 0.322274
21900001 0.323059
21910001 0.322239
21920001 0.321831
21930001 0.321986
21940001 0.321049
21950001 0.32183
21960001 0.321483
21970001 0.322865
21980001 0.320901
21990001 0.322867
22000001 0.321337
22010001 0.322741
22020001 0.320813
22030001 0.322623
22040001 0.320477
22050001 0.322367
22060001 0.320147
22070001 0.322185
22080001 0.32116
22090001 0.321752
22100001 0.321039
22110001 0.322038
22120001 0.32122
22130001 0.321813
22140001 0.319994
22150001 0.321305
22160001 0.321914
22170001 0.320996
22180001 0.321967
22190001 0.320704
22200001 0.32143
22210001 0.320743
22220001 0.321153
22230001 0.320786
22240001 0.320709
22250001 0.320352
22260001 0.321083
22270001 0.320113
22280001 0.324183
22290001 0.319935
22300001 0.323321
22310001 0.322692
22320001 0.323002
22330001 0.323985
22340001 0.322903
22350001 0.323443
22360001 0.32254
22370001 0.321983
22380001 0.322374
22390001 0.321348
22400001 0.322484
22410001 0.321325
22420001 0.323298
22430001 0.321112
22440001 0.323223
22450001 0.321557
22460001 0.323256
22470001 0.321096
22480001 0.322924
22490001 0.320742
22500001 0.322672
22510001 0.320592
22520001 0.322516
22530001 0.321187
22540001 0.322643
22550001 0.32127
22560001 0.322239
22570001 0.321811
22580001 0.321953
22590001 0.321523
22600001 0.321678
22610001 0.321433
22620001 0.321346
22630001 0.322193
22640001 0.321278
22650001 0.321738
22660001 0.32144
22670001 0.321384
22680001 0.321047
22690001 0.321366
22700001 0.320803
22710001 0.321444
22720001 0.320541
22730001 0.323986
22740001 0.321117
22750001 0.323863
22760001 0.323014
22770001 0.323272
22780001 0.324147
22790001 0.323127
22800001 0.32323
22810001 0.322967
22820001 0.322078
22830001 0.322879
22840001 0.321672
22850001 0.322919
22860001 0.321938
22870001 0.323726
22880001 0.321782
22890001 0.323652
22900001 0.321888
22910001 0.323604
22920001 0.321452
22930001 0.323374
22940001 0.321174
22950001 0.323274
22960001 0.321523
22970001 0.322886
22980001 0.321312
22990001 0.32299
23000001 0.322428
23010001 0.322933
23020001 0.324128
23030001 0.322249
23040001 0.322342
23050001 0.322049
23060001 0.322632
23070001 0.321813
23080001 0.322553
23090001 0.321636
23100001 0.322146
23110001 0.321792
23120001 0.321698
23130001 0.321405
23140001 0.32208
23150001 0.32109
23160001 0.322521
23170001 0.320878
23180001 0.324302
23190001 0.324168
23200001 0.324141
23210001 0.323252
23220001 0.323872
23230001 0.324461
23240001 0.323684
23250001 0.32325
23260001 0.323415
23270001 0.322366
23280001 0.323279
23290001 0.322886
23300001 0.324273
23310001 0.322149
23320001 0.324305
23330001 0.322731
23340001 0.324164
23350001 0.32213
23360001 0.324051
23370001 0.321915
23380001 0.323692
23390001 0.321488
23400001 0.323499
23410001 0.322498
23420001 0.323724
23430001 0.322351
23440001 0.323246
23450001 0.322134
23460001 0.323207
23470001 0.321345
23480001 0.322743
23490001 0.323223
23500001 0.322434
23510001 0.323174
23520001 0.322143
23530001 0.322722
23540001 0.322166
23550001 0.32251
23560001 0.322038
23570001 0.322146
23580001 0.321778
23590001 0.322418
23600001 0.321548
23610001 0.3256
23620001 0.321361
23630001 0.324822
23640001 0.324001
23650001 0.324428
23660001 0.325385
23670001 0.324178
23680001 0.324224
23690001 0.323967
23700001 0.323364
23710001 0.323784
23720001 0.322669
23730001 0.323902
23740001 0.322715
23750001 0.324708
23760001 0.322805
23770001 0.324638
23780001 0.322917
23790001 0.324659
23800001 0.322501
23810001 0.324329
23820001 0.322292
23830001 0.323991
23840001 0.322695
23850001 0.323864
23860001 0.322416
23870001 0.323972
23880001 0.323539
23890001 0.323529
23900001 0.323074
23910001 0.323371
23920001 0.322929
23930001 0.323093
23940001 0.322848
23950001 0.322752
23960001 0.323609
23970001 0.322692
23980001 0.322984
23990001 0.322842
24000001 0.322774
24010001 0.322384
24020001 0.322784
24030001 0.322213
24040001 0.323473
24050001 0.321862
24060001 0.325391
24070001 0.322516
24080001 0.325085
24090001 0.324235
24100001 0.324681
24110001 0.325524
24120001 0.32452
24130001 0.324229
24140001 0.324378
24150001 0.323463
24160001 0.324278
24170001 0.323878
24180001 0.325255
24190001 0.323313
24200001 0.325117
24210001 0.323725
24220001 0.325137
24230001 0.323234
24240001 0.324994
24250001 0.32296
24260001 0.324764
24270001 0.32255
24280001 0.324571
24290001 0.323157
24300001 0.324135
24310001 0.323483
24320001 0.324416
24330001 0.323714
24340001 0.324333
24350001 0.325424
24360001 0.32364
24370001 0.32371
24380001 0.323397
24390001 0.324012
24400001 0.32317
24410001 0.32395
24420001 0.323033
24430001 0.32353
24440001 0.323176
24450001 0.323086
24460001 0.322741
24470001 0.323479
24480001 0.322476
24490001 0.326607
24500001 0.322329
24510001 0.325691
24520001 0.325532
24530001 0.325505
24540001 0.326347
24550001 0.325265
24560001 0.325813
24570001 0.325051
24580001 0.324338
24590001 0.324733
24600001 0.323731
24610001 0.324653
24620001 0.324253
24630001 0.325647
24640001 0.323502
24650001 0.325678
24660001 0.323922
24670001 0.325614
24680001 0.323461
24690001 0.325421
24700001 0.323189
24710001 0.325054
24720001 0.323046
24730001 0.324869
24740001 0.32374
24750001 0.324992
24760001 0.323744
24770001 0.324605
24780001 0.323492
24790001 0.324583
24800001 0.322691
24810001 0.324051
24820001 0.323883
24830001 0.323716
24840001 0.32481
24850001 0.323648
24860001 0.324101
24870001 0.32354
24880001 0.323731
24890001 0.323406
24900001 0.323458
24910001 0.323161
24920001 0.323803
24930001 0.322909
24940001 0.326943
24950001 0.323468
24960001 0.326196
24970001 0.325355
24980001 0.325772
24990001 0.32646
25000001 0.325454
25010001 0.325571
25020001 0.32533
25030001 0.32472
25040001 0.325205
25050001 0.324042
25060001 0.325256
25070001 0.324065
25080001 0.326045
25090001 0.324173
25100001 0.325989
25110001 0.324298
25120001 0.32593
25130001 0.323808
25140001 0.325687
25150001 0.323591
25160001 0.325349
25170001 0.323945
25180001 0.32521
25190001 0.323727
25200001 0.325312
25210001 0.32487
25220001 0.324889
25230001 0.324414
25240001 0.324583
25250001 0.32478
25260001 0.324368
25270001 0.324474
25280001 0.324132
25290001 0.324627
25300001 0.323971
25310001 0.324345
25320001 0.324192
25330001 0.324016
25340001 0.323734
25350001 0.324121
25360001 0.323414
25370001 0.324836
25380001 0.323212
25390001 0.326707
25400001 0.326459
25410001 0.326439
25420001 0.325568
25430001 0.326013
25440001 0.327071
25450001 0.325978
25460001 0.325562
25470001 0.325725
25480001 0.324799
25490001 0.32557
25500001 0.325226
25510001 0.32659
25520001 0.324649
25530001 0.326591
25540001 0.325077
25550001 0.326464
25560001 0.324553
25570001 0.326346
25580001 0.324224
25590001 0.326089
25600001 0.323892
25610001 0.325908
25620001 0.324895
25630001 0.325478
25640001 0.324773
25650001 0.325758
25660001 0.324946
25670001 0.325522
25680001 0.323735
25690001 0.325031
25700001 0.325544
25710001 0.324723
25720001 0.325506
25730001 0.324433
25740001 0.325149
25750001 0.32447
25760001 0.324872
25770001 0.324509
25780001 0.324432
25790001 0.324078
25800001 0.324797
25810001 0.323832
25820001 0.327863
25830001 0.323662
25840001 0.327008
25850001 0.326268
25860001 0.326691
25870001 0.327662
25880001 0.326591
25890001 0.327125
25900001 0.32623
25910001 0.325679
25920001 0.326064
25930001 0.325049
25940001 0.326164
25950001 0.325025
25960001 0.326973
25970001 0.324812
25980001 0.326892
25990001 0.325251
26000001 0.326928
26010001 0.324791
26020001 0.326599
26030001 0.32444
26040001 0.326343
26050001 0.324292
26060001 0.326191
26070001 0.324874
26080001 0.326315
26090001 0.324955
26100001 0.325912
26110001 0.32545
26120001 0.325629
26130001 0.325199
26140001 0.325355
26150001 0.325112
26160001 0.325024
26170001 0.32586
26180001 0.324955
26190001 0.325409
26200001 0.325114
26210001 0.325057
26220001 0.324723
26230001 0.325038
26240001 0.32448
26250001 0.325113
26260001 0.324219
26270001 0.327624
26280001 0.324787
26290001 0.3275
26300001 0.32666
26310001 0.326914
26320001 0.327778
26330001 0.326769
26340001 0.326871
26350001 0.326607
26360001 0.325729
26370001 0.326519
26380001 0.325325
26390001 0.326555
26400001 0.325587
26410001 0.327353
26420001 0.32543
26430001 0.327417
26440001 0.325534
26450001 0.327227
26460001 0.325099
26470001 0.327
26480001 0.324797
26490001 0.326837
26500001 0.325168
26510001 0.32651
26520001 0.324956
26530001 0.326615
26540001 0.32607
26550001 0.326556
26560001 0.327708
26570001 0.325878
26580001 0.325968
26590001 0.325679
26600001 0.326253
26610001 0.325443
26620001 0.326173
26630001 0.325265
26640001 0.325769
26650001 0.325418
26660001 0.325324
26670001 0.325034
26680001 0.325699
26690001 0.32472
26700001 0.326124
26710001 0.324507
26720001 0.327893
26730001 0.327757
26740001 0.327732
26750001 0.326853
26760001 0.327464
26770001 0.328047
26780001 0.327277
26790001 0.326847
26800001 0.327006
26810001 0.325972
26820001 0.326869
26830001 0.326482
26840001 0.327853
26850001 0.325753
26860001 0.327882
26870001 0.326325
26880001 0.32774
26890001 0.325731
26900001 0.327626
26910001 0.325515
26920001 0.327271
26930001 0.325088
26940001 0.32708
26950001 0.326088
26960001 0.327229
26970001 0.325935
26980001 0.326823
26990001 0.325722
27000001 0.326785
27010001 0.324942
27020001 0.326324
27030001 0.326804
27040001 0.326016
27050001 0.326747
27060001 0.325727
27070001 0.326298
27080001 0.325748
27090001 0.326085
27100001 0.325619
27110001 0.325723
27120001 0.325358
27130001 0.325992
27140001 0.325131
27150001 0.329137
27160001 0.324943
27170001 0.328366
27180001 0.327553
27190001 0.327974
27200001 0.328921
27210001 0.327712
27220001 0.32777
27230001 0.327515
27240001 0.326917
27250001 0.327331
27260001 0.326229
27270001 0.327447
27280001 0.32627
27290001 0.328242
27300001 0.32636
27310001 0.32817
27320001 0.326468
27330001 0.328191
27340001 0.326056
27350001 0.327861
27360001 0.325849
27370001 0.327525
27380001 0.326242
27390001 0.327399
27400001 0.325956
27410001 0.327502
27420001 0.327075
27430001 0.327064
27440001 0.326611
27450001 0.326906
27460001 0.326467
27470001 0.326628
27480001 0.326386
27490001 0.32629
27500001 0.327136
27510001 0.326229
27520001 0.326516
27530001 0.326374
27540001 0.326306
27550001 0.32592
27560001 0.326314
27570001 0.325749
27580001 0.326993
27590001 0.325401
27600001 0.32889
27610001 0.326045
27620001 0.328584
27630001 0.327744
27640001 0.328184
27650001 0.329017
27660001 0.328023
27670001 0.327735
27680001 0.327881
27690001 0.326974
27700001 0.327779
27710001 0.327376
27720001 0.328745
27730001 0.326823
27740001 0.328606
27750001 0.327228
27760001 0.328624
27770001 0.326737
27780001 0.328481
27790001 0.326469
27800001 0.328252
27810001 0.326056
27820001 0.328059
27830001 0.32666
27840001 0.327626
27850001 0.32698
27860001 0.327903
27870001 0.327205
27880001 0.327818
27890001 0.328896
27900001 0.327131
27910001 0.327199
27920001 0.326889
27930001 0.327496
27940001 0.326611
27950001 0.327433
27960001 0.326525
27970001 0.327016
27980001 0.326665
27990001 0.326573
28000001 0.326233
28010001 0.326961
28020001 0.325968
28030001 0.330003
28040001 0.325822
28050001 0.329147
28060001 0.328988
28070001 0.328958
28080001 0.329794
28090001 0.328722
28100001 0.329264
28110001 0.328507
28120001 0.327802
28130001 0.328192
28140001 0.327201
28150001 0.32811
28160001 0.32761
28170001 0.329092
28180001 0.32697
28190001 0.329121
28200001 0.327379
28210001 0.329057
28220001 0.326926
28230001 0.328864
28240001 0.326656
28250001 0.328499
28260001 0.326512
28270001 0.328314
28280001 0.327168
28290001 0.328435
28300001 0.327194
28310001 0.32805
28320001 0.326945
28330001 0.328026
28340001 0.32613
28350001 0.327497
28360001 0.32733
28370001 0.327165
28380001 0.328227
28390001 0.327096
28400001 0.327543
28410001 0.326988
28420001 0.327175
28430001 0.326853
28440001 0.326903
28450001 0.32661
28460001 0.327243
28470001 0.326358
28480001 0.330348
28490001 0.326909
28500001 0.329607
28510001 0.328775
28520001 0.329186
28530001 0.329867
28540001 0.32887
28550001 0.328985
28560001 0.328743
28570001 0.328128
28580001 0.32862
28590001 0.327462
28600001 0.328669
28610001 0.327489
28620001 0.329448
28630001 0.327587
28640001 0.32939
28650001 0.327693
28660001 0.329331
28670001 0.327227
28680001 0.329084
28690001 0.327014
28700001 0.328752
28710001 0.327362
28720001 0.328613
28730001 0.327145
28740001 0.328712
28750001 0.328274
28760001 0.328293
28770001 0.327821
28780001 0.327973
28790001 0.32818
28800001 0.327774
28810001 0.327877
28820001 0.327538
28830001 0.328028
28840001 0.327377
28850001 0.327744
28860001 0.327594
28870001 0.327419
28880001 0.327137
28890001 0.327521
28900001 0.326821
28910001 0.328227
28920001 0.326619
28930001 0.330076
28940001 0.329831
28950001 0.32981
28960001 0.328947
28970001 0.329386
28980001 0.330231
28990001 0.32935
29000001 0.328939
29010001 0.329098
29020001 0.328181
29030001 0.328943
29040001 0.328603
29050001 0.329951
29060001 0.328027
29070001 0.32995
29080001 0.328451
29090001 0.329824
29100001 0.327896
29110001 0.329705
29120001 0.327602
29130001 0.329448
29140001 0.327272
29150001 0.329267
29160001 0.328265
29170001 0.328839
29180001 0.328142
29190001 0.329116
29200001 0.328312
29210001 0.328873
29220001 0.327111
29230001 0.328394
29240001 0.328884
29250001 0.328087
29260001 0.328829
29270001 0.327798
29280001 0.328506
29290001 0.327833
29300001 0.328228
29310001 0.32787
29320001 0.327793
29330001 0.327442
29340001 0.328153
29350001 0.327196
29360001 0.331186
29370001 0.327027
29380001 0.330338
29390001 0.329601
29400001 0.330023
29410001 0.330982
29420001 0.329919
29430001 0.330449
29440001 0.329563
29450001 0.329018
29460001 0.329397
29470001 0.328391
29480001 0.329491
29490001 0.328367
29500001 0.330293
29510001 0.328153
29520001 0.33021
29530001 0.328587
29540001 0.330245
29550001 0.328128
29560001 0.329918
29570001 0.327781
29580001 0.329662
29590001 0.327632
29600001 0.32951
29610001 0.328202
29620001 0.329631
29630001 0.328286
29640001 0.329229
29650001 0.32877
29660001 0.32895
29670001 0.32852
29680001 0.328678
29690001 0.328436
29700001 0.328349
29710001 0.329174
29720001 0.328278
29730001 0.328727
29740001 0.328434
29750001 0.328376
29760001 0.328046
29770001 0.328356
29780001 0.327803
29790001 0.328428
29800001 0.327543
29810001 0.330913
29820001 0.328103
29830001 0.330789
29840001 0.329956
29850001 0.330207
29860001 0.331061
29870001 0.330061
29880001 0.330162
29890001 0.3299
29900001 0.329031
29910001 0.329811
29920001 0.328629
29930001 0.329845
29940001 0.328887
29950001 0.330633
29960001 0.328729
29970001 0.330691
29980001 0.328831
29990001 0.330506
