1 31.3626
10001 21.0739
20001 17.7107
30001 12.6439
40001 10.406
50001 8.75259
60001 6.68867
70001 5.67144
80001 4.88524
90001 3.96477
100001 3.45583
110001 3.05902
120001 2.57221
130001 2.33006
140001 2.12928
150001 1.85943
160001 1.7202
170001 1.60125
180001 1.44292
190001 1.36126
200001 1.28518
210001 1.18112
220001 1.1271
230001 1.07237
240001 1.00352
250001 0.965559
260001 0.922965
270001 0.872933
280001 0.844083
290001 0.810433
300001 0.774572
310001 0.750624
320001 0.722376
330001 0.694754
340001 0.67646
350001 0.652786
360001 0.631584
370001 0.616229
380001 0.595661
390001 0.579334
400001 0.56649
410001 0.548348
420001 0.535868
430001 0.524729
440001 0.508875
450001 0.499082
460001 0.489551
470001 0.475472
480001 0.467628
490001 0.459085
500001 0.448215
510001 0.44131
520001 0.433819
530001 0.422536
540001 0.418109
550001 0.411173
560001 0.402967
570001 0.398886
580001 0.391727
590001 0.384337
600001 0.381283
610001 0.374781
620001 0.368379
630001 0.365791
640001 0.360292
650001 0.353981
660001 0.352207
670001 0.34719
680001 0.3429
690001 0.340248
700001 0.335697
710001 0.332284
720001 0.331368
730001 0.325577
740001 0.323154
750001 0.322074
760001 0.316541
770001 0.315424
780001 0.313882
790001 0.309381
800001 0.307586
810001 0.307502
820001 0.302587
830001 0.300804
840001 0.302065
850001 0.296476
860001 0.296766
870001 0.297027
880001 0.29178
890001 0.294058
900001 0.291317
910001 0.28615
920001 0.288132
930001 0.287121
940001 0.281878
950001 0.28434
960001 0.283012
970001 0.277254
980001 0.280099
990001 0.279191
1000001 0.273217
1010001 0.276704
1020001 0.275796
1030001 0.269998
1040001 0.273215
1050001 0.272463
1060001 0.266775
1070001 0.270174
1080001 0.269269
1090001 0.265096
1100001 0.267797
1110001 0.267307
1120001 0.262367
1130001 0.26566
1140001 0.264547
1150001 0.262302
1160001 0.264711
1170001 0.262276
1180001 0.260671
1190001 0.262733
1200001 0.26035
1210001 0.258578
1220001 0.26068
1230001 0.259023
1240001 0.256567
1250001 0.258834
1260001 0.257067
1270001 0.256895
1280001 0.257146
1290001 0.255538
1300001 0.256064
1310001 0.257798
1320001 0.254117
1330001 0.25517
1340001 0.256382
1350001 0.252681
1360001 0.254587
1370001 0.255165
1380001 0.252443
1390001 0.253187
1400001 0.254605
1410001 0.25203
1420001 0.252518
1430001 0.255251
1440001 0.250656
1450001 0.25273
1460001 0.255105
1470001 0.250701
1480001 0.255214
1490001 0.25344
1500001 0.249061
1510001 0.25294
1520001 0.253086
1530001 0.248446
1540001 0.252674
1550001 0.252279
1560001 0.247015
1570001 0.251431
1580001 0.251418
1590001 0.245788
1600001 0.250496
1610001 0.25066
1620001 0.245128
1630001 0.249621
1640001 0.249532
1650001 0.245268
1660001 0.248756
1670001 0.24855
1680001 0.244797
1690001 0.248361
1700001 0.248184
1710001 0.243683
1720001 0.249091
1730001 0.247368
1740001 0.246275
1750001 0.248741
1760001 0.246685
1770001 0.245466
1780001 0.248114
1790001 0.246137
1800001 0.245138
1810001 0.247355
1820001 0.246076
1830001 0.243951
1840001 0.246657
1850001 0.245268
1860001 0.246373
1870001 0.246019
1880001 0.244595
1890001 0.245569
1900001 0.247719
1910001 0.244232
1920001 0.245672
1930001 0.24715
1940001 0.243623
1950001 0.245923
1960001 0.246672
1970001 0.244183
1980001 0.245248
1990001 0.246917
2000001 0.244515
2010001 0.245262
2020001 0.248457
2030001 0.245694
2040001 0.246109
2050001 0.248726
2060001 0.244376
2070001 0.247832
2080001 0.247573
2090001 0.243251
2100001 0.247391
2110001 0.247487
2120001 0.243127
2130001 0.247607
2140001 0.247357
2150001 0.242084
2160001 0.246789
2170001 0.246921
2180001 0.241275
2190001 0.246242
2200001 0.246322
2210001 0.240985
2220001 0.24554
2230001 0.245733
2240001 0.241459
2250001 0.24512
2260001 0.245053
2270001 0.241247
2280001 0.24505
2290001 0.244984
2300001 0.240759
2310001 0.246084
2320001 0.244448
2330001 0.243258
2340001 0.245966
2350001 0.243955
2360001 0.24281
2370001 0.245489
2380001 0.244636
2390001 0.242813
2400001 0.245
2410001 0.243796
2420001 0.242457
2430001 0.244509
2440001 0.243182
2450001 0.244237
2460001 0.244056
2470001 0.242723
2480001 0.243747
2490001 0.245938
2500001 0.242473
2510001 0.244001
2520001 0.245592
2530001 0.242038
2540001 0.244388
2550001 0.245183
2560001 0.242728
2570001 0.243848
2580001 0.245581
2590001 0.243189
2600001 0.244011
2610001 0.247145
2620001 0.244541
2630001 0.244983
2640001 0.247452
2650001 0.243225
2660001 0.24683
2670001 0.246592
2680001 0.242725
2690001 0.246184
2700001 0.246607
2710001 0.242238
2720001 0.246766
2730001 0.246552
2740001 0.241279
2750001 0.246029
2760001 0.246082
2770001 0.24077
2780001 0.245583
2790001 0.245676
2800001 0.240288
2810001 0.24496
2820001 0.245167
2830001 0.24091
2840001 0.245133
2850001 0.244544
2860001 0.240869
2870001 0.244568
2880001 0.244535
2890001 0.240282
2900001 0.245674
2910001 0.244053
2920001 0.242498
2930001 0.245615
2940001 0.243636
2950001 0.243455
2960001 0.245202
2970001 0.244311
2980001 0.242516
2990001 0.244658
3000001 0.243589
3010001 0.242044
3020001 0.24441
3030001 0.242974
3040001 0.244059
3050001 0.24434
3060001 0.242544
3070001 0.243559
3080001 0.245614
3090001 0.242371
3100001 0.244663
3110001 0.245477
3120001 0.243396
3130001 0.244385
3140001 0.245116
3150001 0.242663
3160001 0.243899
3170001 0.247918
3180001 0.243137
3190001 0.243988
3200001 0.247144
3210001 0.24449
3220001 0.244974
3230001 0.247399
3240001 0.243271
3250001 0.246863
3260001 0.246439
3270001 0.242794
3280001 0.246261
3290001 0.246676
3300001 0.242226
3310001 0.246714
3320001 0.246496
3330001 0.241359
3340001 0.246107
3350001 0.246194
3360001 0.240818
3370001 0.245688
3380001 0.245802
3390001 0.240436
3400001 0.245105
3410001 0.2453
3420001 0.240923
3430001 0.245303
3440001 0.244688
3450001 0.241033
3460001 0.244912
3470001 0.244699
3480001 0.240315
3490001 0.245832
3500001 0.24422
3510001 0.242396
3520001 0.2458
3530001 0.243818
3540001 0.243548
3550001 0.245403
3560001 0.244519
3570001 0.241806
3580001 0.244878
3590001 0.243825
3600001 0.242244
3610001 0.244636
3620001 0.24312
3630001 0.244225
3640001 0.244572
3650001 0.242759
3660001 0.243637
3670001 0.24585
3680001 0.242592
3690001 0.244643
3700001 0.245722
3710001 0.243672
3720001 0.24438
3730001 0.245366
3740001 0.243196
3750001 0.244132
3760001 0.248162
3770001 0.243394
3780001 0.244088
3790001 0.247422
3800001 0.24473
3810001 0.245262
3820001 0.247681
3830001 0.243472
3840001 0.247126
3850001 0.246727
3860001 0.243035
3870001 0.246547
3880001 0.24761
3890001 0.242516
3900001 0.247023
3910001 0.246781
3920001 0.241655
3930001 0.246482
3940001 0.246491
3950001 0.241041
3960001 0.245964
3970001 0.246073
3980001 0.240631
3990001 0.245384
4000001 0.245502
4010001 0.241885
4020001 0.245622
4030001 0.244876
4040001 0.241318
4050001 0.245241
4060001 0.244936
4070001 0.243956
4080001 0.246731
4090001 0.244512
4100001 0.242613
4110001 0.246086
4120001 0.244124
4130001 0.243844
4140001 0.245711
4150001 0.244814
4160001 0.241878
4170001 0.245189
4180001 0.244144
4190001 0.242535
4200001 0.244955
4210001 0.243463
4220001 0.244606
4230001 0.244895
4240001 0.243087
4250001 0.243775
4260001 0.246177
4270001 0.242906
4280001 0.244985
4290001 0.246032
4300001 0.243972
4310001 0.244724
4320001 0.245691
4330001 0.243545
4340001 0.244478
4350001 0.248492
4360001 0.243569
4370001 0.244433
4380001 0.248244
4390001 0.244949
4400001 0.245288
4410001 0.248016
4420001 0.24377
4430001 0.24718
4440001 0.24706
4450001 0.243331
4460001 0.246859
4470001 0.247918
4480001 0.242762
4490001 0.247355
4500001 0.247103
4510001 0.241898
4520001 0.246828
4530001 0.24684
4540001 0.241451
4550001 0.246124
4560001 0.246277
4570001 0.24099
4580001 0.245705
4590001 0.24584
4600001 0.242157
4610001 0.245931
4620001 0.245207
4630001 0.241562
4640001 0.245579
4650001 0.245284
4660001 0.244244
4670001 0.247077
4680001 0.244769
4690001 0.244132
4700001 0.246389
4710001 0.244829
4720001 0.244111
4730001 0.246083
4740001 0.24513
4750001 0.242214
4760001 0.245489
4770001 0.244464
4780001 0.243681
4790001 0.245272
4800001 0.243787
4810001 0.244904
4820001 0.245213
4830001 0.243434
4840001 0.244112
4850001 0.246469
4860001 0.243126
4870001 0.245312
4880001 0.246465
4890001 0.244286
4900001 0.245053
4910001 0.245996
4920001 0.243841
4930001 0.2448
4940001 0.248818
4950001 0.243913
4960001 0.244766
4970001 0.248575
4980001 0.245119
4990001 0.245629
5000001 0.248154
5010001 0.243868
5020001 0.247512
5030001 0.248119
5040001 0.24364
5050001 0.247371
5060001 0.248239
5070001 0.243056
5080001 0.247644
5090001 0.247702
5100001 0.242206
5110001 0.247141
5120001 0.247146
5130001 0.241666
5140001 0.24646
5150001 0.246585
5160001 0.241533
5170001 0.245967
5180001 0.246137
5190001 0.24238
5200001 0.246229
5210001 0.245528
5220001 0.243733
5230001 0.245884
5240001 0.245592
5250001 0.244544
5260001 0.247396
5270001 0.245087
5280001 0.244387
5290001 0.246719
5300001 0.245161
5310001 0.243244
5320001 0.246318
5330001 0.245399
5340001 0.242503
5350001 0.245776
5360001 0.244765
5370001 0.24382
5380001 0.245438
5390001 0.244081
5400001 0.245218
5410001 0.248474
5420001 0.243733
5430001 0.244397
5440001 0.246807
5450001 0.24345
5460001 0.245579
5470001 0.24675
5480001 0.244256
5490001 0.245354
5500001 0.246307
5510001 0.244131
5520001 0.245111
5530001 0.248749
5540001 0.244163
5550001 0.245051
5560001 0.248881
5570001 0.24539
5580001 0.245913
5590001 0.248466
5600001 0.24419
5610001 0.247822
5620001 0.248377
5630001 0.244245
5640001 0.247687
5650001 0.248534
5660001 0.243202
5670001 0.247695
5680001 0.247886
5690001 0.242461
5700001 0.247403
5710001 0.247453
5720001 0.241916
5730001 0.246756
5740001 0.246885
5750001 0.241836
5760001 0.246281
5770001 0.246423
5780001 0.244406
5790001 0.246496
5800001 0.245811
5810001 0.243995
5820001 0.246135
5830001 0.245874
5840001 0.2446
5850001 0.247668
5860001 0.245362
5870001 0.24454
5880001 0.247005
5890001 0.245444
5900001 0.24342
5910001 0.246605
5920001 0.245708
5930001 0.243218
5940001 0.246069
5950001 0.244833
5960001 0.244121
5970001 0.245725
5980001 0.244361
5990001 0.245503
6000001 0.248757
6010001 0.244013
6020001 0.245721
6030001 0.247078
6040001 0.243727
6050001 0.246351
6060001 0.247034
6070001 0.244555
6080001 0.245475
6090001 0.247935
6100001 0.244458
6110001 0.245099
6120001 0.249003
6130001 0.244432
6140001 0.24721
6150001 0.249235
6160001 0.245662
6170001 0.246186
6180001 0.248759
6190001 0.244418
6200001 0.248096
6210001 0.248663
6220001 0.244528
6230001 0.247973
6240001 0.248441
6250001 0.243499
6260001 0.247989
6270001 0.24817
6280001 0.242756
6290001 0.247664
6300001 0.247726
6310001 0.24213
6320001 0.247018
6330001 0.247155
6340001 0.242
6350001 0.246557
6360001 0.246496
6370001 0.24466
6380001 0.246787
6390001 0.246832
6400001 0.244269
6410001 0.246487
6420001 0.246158
6430001 0.243064
6440001 0.247857
6450001 0.245615
6460001 0.244367
6470001 0.247257
6480001 0.245687
6490001 0.243694
6500001 0.246872
6510001 0.24597
6520001 0.243329
6530001 0.246334
6540001 0.24512
6550001 0.244368
6560001 0.245991
6570001 0.244707
6580001 0.245543
6590001 0.249018
6600001 0.244265
6610001 0.245839
6620001 0.247331
6630001 0.243985
6640001 0.246628
6650001 0.247297
6660001 0.244803
6670001 0.245756
6680001 0.24805
6690001 0.244738
6700001 0.245378
6710001 0.249266
6720001 0.244646
6730001 0.24739
6740001 0.249479
6750001 0.245894
6760001 0.250204
6770001 0.248597
6780001 0.244646
6790001 0.248344
6800001 0.248924
6810001 0.244692
6820001 0.248209
6830001 0.248682
6840001 0.243666
6850001 0.248255
6860001 0.248421
6870001 0.242906
6880001 0.247936
6890001 0.248024
6900001 0.242529
6910001 0.247209
6920001 0.247461
6930001 0.24235
6940001 0.246801
6950001 0.246766
6960001 0.244904
6970001 0.247042
6980001 0.247102
6990001 0.244343
7000001 0.246755
7010001 0.246316
7020001 0.243404
7030001 0.247769
7040001 0.245882
7050001 0.244651
7060001 0.24746
7070001 0.245936
7080001 0.24435
7090001 0.247095
7100001 0.246201
7110001 0.243577
7120001 0.246572
7130001 0.245355
7140001 0.245598
7150001 0.246236
7160001 0.244976
7170001 0.245659
7180001 0.249255
7190001 0.244671
7200001 0.246098
7210001 0.24754
7220001 0.244219
7230001 0.24688
7240001 0.247461
7250001 0.245043
7260001 0.246011
7270001 0.248304
7280001 0.244952
7290001 0.245634
7300001 0.249442
7310001 0.244912
7320001 0.247647
7330001 0.249729
7340001 0.245684
7350001 0.250463
7360001 0.248855
7370001 0.244822
7380001 0.248776
7390001 0.249089
7400001 0.244935
7410001 0.248447
7420001 0.248928
7430001 0.24389
7440001 0.248485
7450001 0.24852
7460001 0.243107
7470001 0.248188
7480001 0.248257
7490001 0.242929
7500001 0.24747
7510001 0.247698
7520001 0.242513
7530001 0.246976
7540001 0.246995
7550001 0.245053
7560001 0.247253
7570001 0.247332
7580001 0.242728
7590001 0.246996
7600001 0.246553
7610001 0.243529
7620001 0.248017
7630001 0.246141
7640001 0.244852
7650001 0.247717
7660001 0.24585
7670001 0.244485
7680001 0.247206
7690001 0.24606
7700001 0.244152
7710001 0.246756
7720001 0.245574
7730001 0.245687
7740001 0.246343
7750001 0.245196
7760001 0.245896
7770001 0.248257
7780001 0.244928
7790001 0.246316
7800001 0.247908
7810001 0.244475
7820001 0.246837
7830001 0.247665
7840001 0.245263
7850001 0.246221
7860001 0.248538
7870001 0.245166
7880001 0.245819
7890001 0.249469
7900001 0.245114
7910001 0.247856
7920001 0.249961
7930001 0.245937
7940001 0.250702
7950001 0.249093
7960001 0.244907
7970001 0.249024
7980001 0.249332
7990001 0.244911
8000001 0.2493
8010001 0.249146
8020001 0.244
8030001 0.248693
8040001 0.248746
8050001 0.243312
8060001 0.248398
8070001 0.248491
8080001 0.243133
8090001 0.24771
8100001 0.247925
8110001 0.242657
8120001 0.247222
8130001 0.247224
8140001 0.243557
8150001 0.247186
8160001 0.247542
8170001 0.242971
8180001 0.247199
8190001 0.24677
8200001 0.244978
8210001 0.248233
8220001 0.24635
8230001 0.245078
8240001 0.247947
8250001 0.246077
8260001 0.244696
8270001 0.247435
8280001 0.246277
8290001 0.244159
8300001 0.246998
8310001 0.245676
8320001 0.245919
8330001 0.246584
8340001 0.245407
8350001 0.246354
8360001 0.248475
8370001 0.245119
8380001 0.246383
8390001 0.248106
8400001 0.244717
8410001 0.247
8420001 0.247884
8430001 0.245419
8440001 0.246489
8450001 0.248228
8460001 0.245379
8470001 0.246681
8480001 0.249691
8490001 0.245286
8500001 0.248059
8510001 0.250288
8520001 0.246083
8530001 0.250885
8540001 0.249303
8550001 0.245087
8560001 0.249232
8570001 0.249552
8580001 0.245146
8590001 0.249532
8600001 0.249296
8610001 0.244236
8620001 0.248792
8630001 0.248967
8640001 0.243547
8650001 0.248598
8660001 0.248694
8670001 0.243279
8680001 0.247912
8690001 0.248138
8700001 0.243832
8710001 0.247445
8720001 0.247516
8730001 0.243755
8740001 0.247415
8750001 0.24748
8760001 0.243048
8770001 0.248492
8780001 0.246972
8790001 0.245846
8800001 0.248423
8810001 0.24654
8820001 0.24543
8830001 0.248148
8840001 0.246286
8850001 0.245338
8860001 0.247639
8870001 0.24648
8880001 0.244367
8890001 0.247195
8900001 0.2459
8910001 0.247276
8920001 0.24678
8930001 0.245455
8940001 0.246491
8950001 0.248676
8960001 0.245305
8970001 0.246772
8980001 0.248308
8990001 0.244895
9000001 0.247213
9010001 0.248072
9020001 0.245643
9030001 0.246707
9040001 0.248413
9050001 0.246097
9060001 0.246878
9070001 0.24989
9080001 0.245481
9090001 0.247856
9100001 0.2505
9110001 0.246272
9120001 0.249801
9130001 0.249485
9140001 0.245262
9150001 0.249417
9160001 0.249554
9170001 0.245251
9180001 0.249727
9190001 0.249505
9200001 0.244361
9210001 0.249008
9220001 0.249165
9230001 0.24364
9240001 0.24855
9250001 0.248669
9260001 0.24343
9270001 0.248105
9280001 0.248191
9290001 0.244017
9300001 0.247633
9310001 0.247603
9320001 0.243962
9330001 0.247621
9340001 0.247592
9350001 0.243409
9360001 0.248704
9370001 0.247109
9380001 0.245941
9390001 0.248643
9400001 0.246691
9410001 0.245568
9420001 0.2483
9430001 0.246461
9440001 0.245618
9450001 0.247818
9460001 0.246651
9470001 0.244577
9480001 0.247378
9490001 0.246088
9500001 0.247218
9510001 0.246967
9520001 0.245663
9530001 0.246668
9540001 0.248867
9550001 0.245462
9560001 0.246972
9570001 0.248472
9580001 0.245074
9590001 0.247409
9600001 0.248175
9610001 0.245796
9620001 0.246901
9630001 0.248603
9640001 0.246304
9650001 0.247079
9660001 0.250203
9670001 0.24762
9680001 0.24806
9690001 0.25069
9700001 0.246348
9710001 0.2499
9720001 0.249679
9730001 0.24544
9740001 0.24929
9750001 0.249714
9760001 0.245423
9770001 0.249897
9780001 0.249691
9790001 0.244509
9800001 0.249195
9810001 0.249247
9820001 0.243808
9830001 0.24875
9840001 0.248849
9850001 0.243598
9860001 0.248138
9870001 0.248368
9880001 0.244166
9890001 0.247788
9900001 0.247769
9910001 0.244017
9920001 0.247789
9930001 0.247765
9940001 0.243534
9950001 0.248889
9960001 0.247293
9970001 0.245767
9980001 0.248839
9990001 0.246881
10000001 0.245734
10010001 0.248421
10020001 0.24755
10030001 0.245787
10040001 0.247888
10050001 0.246812
10060001 0.245435
10070001 0.247727
10080001 0.246249
10090001 0.247294
10100001 0.247614
10110001 0.245831
10120001 0.246844
10130001 0.248838
10140001 0.245648
10150001 0.247092
10160001 0.248732
10170001 0.246667
10180001 0.247635
10190001 0.248359
10200001 0.245961
10210001 0.247166
10220001 0.248777
10230001 0.246439
10240001 0.247221
10250001 0.250354
10260001 0.247803
10270001 0.248231
10280001 0.250598
10290001 0.246537
10300001 0.250082
10310001 0.249856
10320001 0.24606
10330001 0.249476
10340001 0.249888
10350001 0.245495
10360001 0.249922
10370001 0.249704
10380001 0.24464
10390001 0.249338
10400001 0.24941
10410001 0.244101
10420001 0.248919
10430001 0.249022
10440001 0.243729
10450001 0.248324
10460001 0.248528
10470001 0.244246
10480001 0.248507
10490001 0.247922
10500001 0.244305
10510001 0.247945
10520001 0.247925
10530001 0.243706
10540001 0.249049
10550001 0.247453
10560001 0.245622
10570001 0.249004
10580001 0.247038
10590001 0.246843
10600001 0.248588
10610001 0.247733
10620001 0.245914
10630001 0.24807
10640001 0.247021
10650001 0.24544
10660001 0.247828
10670001 0.246404
10680001 0.247441
10690001 0.247761
10700001 0.245974
10710001 0.246823
10720001 0.249
10730001 0.245797
10740001 0.248066
10750001 0.248871
10760001 0.246842
10770001 0.247567
10780001 0.248517
10790001 0.24637
10800001 0.247307
10810001 0.251286
10820001 0.246577
10830001 0.247397
10840001 0.25052
10850001 0.247881
10860001 0.248384
10870001 0.250769
10880001 0.24665
10890001 0.250229
10900001 0.249816
10910001 0.246236
10920001 0.249646
10930001 0.250048
10940001 0.245672
10950001 0.250095
10960001 0.249854
10970001 0.244816
10980001 0.24955
10990001 0.249568
11000001 0.244278
11010001 0.249052
11020001 0.249176
11030001 0.243801
11040001 0.248476
11050001 0.24868
11060001 0.245017
11070001 0.248679
11080001 0.24806
11090001 0.244421
11100001 0.248288
11110001 0.248067
11120001 0.243632
11130001 0.249177
11140001 0.247581
11150001 0.245765
11160001 0.24914
11170001 0.247185
11180001 0.246903
11190001 0.248738
11200001 0.247876
11210001 0.245158
11220001 0.248215
11230001 0.247191
11240001 0.245594
11250001 0.24797
11260001 0.246488
11270001 0.24765
11280001 0.247901
11290001 0.246111
11300001 0.246787
11310001 0.249152
11320001 0.24594
11330001 0.247965
11340001 0.249013
11350001 0.24697
11360001 0.247698
11370001 0.248647
11380001 0.246533
11390001 0.247446
11400001 0.251413
11410001 0.246549
11420001 0.24739
11430001 0.251295
11440001 0.248022
11450001 0.24823
11460001 0.250924
11470001 0.246753
11480001 0.250354
11490001 0.249974
11500001 0.246312
11510001 0.249778
11520001 0.250834
11530001 0.245752
11540001 0.250252
11550001 0.250006
11560001 0.244895
11570001 0.249712
11580001 0.249694
11590001 0.244324
11600001 0.249008
11610001 0.249156
11620001 0.243947
11630001 0.248599
11640001 0.248725
11650001 0.245094
11660001 0.248823
11670001 0.248098
11680001 0.244556
11690001 0.248448
11700001 0.248148
11710001 0.247138
11720001 0.249911
11730001 0.247629
11740001 0.245805
11750001 0.249244
11760001 0.2473
11770001 0.247018
11780001 0.248861
11790001 0.247985
11800001 0.245075
11810001 0.248348
11820001 0.247323
11830001 0.246565
11840001 0.248106
11850001 0.246647
11860001 0.247726
11870001 0.248036
11880001 0.246264
11890001 0.246932
11900001 0.249291
11910001 0.246066
11920001 0.248113
11930001 0.24933
11940001 0.247097
11950001 0.247847
11960001 0.24877
11970001 0.246651
11980001 0.247593
11990001 0.251552
12000001 0.246704
12010001 0.247546
12020001 0.251301
12030001 0.247884
12040001 0.248382
12050001 0.250908
12060001 0.246866
12070001 0.250235
12080001 0.250114
12090001 0.246417
12100001 0.249905
12110001 0.250952
12120001 0.245841
12130001 0.250371
12140001 0.250132
12150001 0.244983
12160001 0.249856
12170001 0.249865
12180001 0.244538
12190001 0.249159
12200001 0.249286
12210001 0.244302
12220001 0.248662
12230001 0.248846
12240001 0.24523
12250001 0.248933
12260001 0.248227
12270001 0.244492
12280001 0.248579
12290001 0.24828
12300001 0.247253
12310001 0.250053
12320001 0.24778
12330001 0.24713
12340001 0.249371
12350001 0.247829
12360001 0.245942
12370001 0.248965
12380001 0.248126
12390001 0.245203
12400001 0.248506
12410001 0.247439
12420001 0.246644
12430001 0.248218
12440001 0.246757
12450001 0.247862
12460001 0.248135
12470001 0.246413
12480001 0.247063
12490001 0.249413
12500001 0.246094
12510001 0.248221
12520001 0.249353
12530001 0.247225
12540001 0.247942
12550001 0.248907
12560001 0.246766
12570001 0.247711
12580001 0.251433
12590001 0.246794
12600001 0.247672
12610001 0.251436
12620001 0.248029
12630001 0.24852
12640001 0.251017
12650001 0.246784
12660001 0.250379
12670001 0.250933
12680001 0.246829
12690001 0.25023
12700001 0.251074
12710001 0.245811
12720001 0.250477
12730001 0.250439
12740001 0.245057
12750001 0.249965
12760001 0.249985
12770001 0.244501
12780001 0.249292
12790001 0.249414
12800001 0.244431
12810001 0.248804
12820001 0.248961
12830001 0.245239
12840001 0.24901
12850001 0.248351
12860001 0.246563
12870001 0.248669
12880001 0.248404
12890001 0.247252
12900001 0.250178
12910001 0.247891
12920001 0.247197
12930001 0.2495
12940001 0.247965
12950001 0.245936
12960001 0.249105
12970001 0.248196
12980001 0.245738
12990001 0.24856
13000001 0.247328
13010001 0.246612
13020001 0.248216
13030001 0.246866
13040001 0.247978
13050001 0.25121
13060001 0.246513
13070001 0.248208
13080001 0.249528
13090001 0.246233
13100001 0.248313
13110001 0.249478
13120001 0.247015
13130001 0.248085
13140001 0.249031
13150001 0.246863
13160001 0.247838
13170001 0.251405
13180001 0.246891
13190001 0.247754
13200001 0.251555
13210001 0.248109
13220001 0.24861
13230001 0.251147
13240001 0.246917
13250001 0.250501
13260001 0.251051
13270001 0.246965
13280001 0.250365
13290001 0.25102
13300001 0.245926
13310001 0.250364
13320001 0.250545
13330001 0.245184
13340001 0.250056
13350001 0.250106
13360001 0.244636
13370001 0.249395
13380001 0.249535
13390001 0.244453
13400001 0.248931
13410001 0.24906
13420001 0.247064
13430001 0.249142
13440001 0.248451
13450001 0.246658
13460001 0.248839
13470001 0.2485
13480001 0.245463
13490001 0.250261
13500001 0.247987
13510001 0.247175
13520001 0.249607
13530001 0.248053
13540001 0.246055
13550001 0.249211
13560001 0.24831
13570001 0.245695
13580001 0.248672
13590001 0.247454
13600001 0.246727
13610001 0.248323
13620001 0.247041
13630001 0.247865
13640001 0.251314
13650001 0.246609
13660001 0.248153
13670001 0.249636
13680001 0.246328
13690001 0.248921
13700001 0.249589
13710001 0.247146
13720001 0.24805
13730001 0.250352
13740001 0.247039
13750001 0.247668
13760001 0.251522
13770001 0.246982
13780001 0.249654
13790001 0.251722
13800001 0.248197
13810001 0.248716
13820001 0.250938
13830001 0.246954
13840001 0.2506
13850001 0.251163
13860001 0.247009
13870001 0.250478
13880001 0.250915
13890001 0.245968
13900001 0.250491
13910001 0.250655
13920001 0.245225
13930001 0.25016
13940001 0.250207
13950001 0.244659
13960001 0.249505
13970001 0.24968
13980001 0.244639
13990001 0.249032
14000001 0.248985
14010001 0.247142
14020001 0.249262
14030001 0.249311
14040001 0.246635
14050001 0.248964
14060001 0.248525
14070001 0.245636
14080001 0.249958
14090001 0.248072
14100001 0.246833
14110001 0.249702
14120001 0.248142
14130001 0.245774
14140001 0.249302
14150001 0.248401
14160001 0.245803
14170001 0.248771
14180001 0.247557
14190001 0.247828
14200001 0.248424
14210001 0.247162
14220001 0.247833
14230001 0.251417
14240001 0.246863
14250001 0.248268
14260001 0.249726
14270001 0.246423
14280001 0.249042
14290001 0.249602
14300001 0.247232
14310001 0.248167
14320001 0.250437
14330001 0.247162
14340001 0.247791
14350001 0.251629
14360001 0.247063
14370001 0.249775
14380001 0.251838
14390001 0.247861
14400001 0.252554
14410001 0.25096
14420001 0.247026
14430001 0.25088
14440001 0.251242
14450001 0.247081
14460001 0.250557
14470001 0.251026
14480001 0.246031
14490001 0.250593
14500001 0.250748
14510001 0.245274
14520001 0.250279
14530001 0.250363
14540001 0.244904
14550001 0.249551
14560001 0.24978
14570001 0.244642
14580001 0.249128
14590001 0.249076
14600001 0.247256
14610001 0.249346
14620001 0.249407
14630001 0.244862
14640001 0.24907
14650001 0.248644
14660001 0.24567
14670001 0.250076
14680001 0.248206
14690001 0.246945
14700001 0.249762
14710001 0.247911
14720001 0.246665
14730001 0.249258
14740001 0.248487
14750001 0.245882
14760001 0.248851
14770001 0.247642
14780001 0.247743
14790001 0.248505
14800001 0.247256
14810001 0.247946
14820001 0.251502
14830001 0.246969
14840001 0.248369
14850001 0.249917
14860001 0.246523
14870001 0.249122
14880001 0.249672
14890001 0.247312
14900001 0.248248
14910001 0.250537
14920001 0.247215
14930001 0.247877
14940001 0.251489
14950001 0.247177
14960001 0.24987
14970001 0.251937
14980001 0.247936
14990001 0.252668
15000001 0.251066
15010001 0.246909
15020001 0.250988
15030001 0.251294
15040001 0.246946
15050001 0.251257
15060001 0.251127
15070001 0.246124
15080001 0.250673
15090001 0.250718
15100001 0.245419
15110001 0.250372
15120001 0.250446
15130001 0.245123
15140001 0.249665
15150001 0.249884
15160001 0.244751
15170001 0.249167
15180001 0.249179
15190001 0.247226
15200001 0.249419
15210001 0.2495
15220001 0.244945
15230001 0.249153
15240001 0.248721
15250001 0.246219
15260001 0.250172
15270001 0.248297
15280001 0.247012
15290001 0.249865
15300001 0.248023
15310001 0.246661
15320001 0.249361
15330001 0.248198
15340001 0.246217
15350001 0.248907
15360001 0.24772
15370001 0.247839
15380001 0.24849
15390001 0.247339
15400001 0.24802
15410001 0.250381
15420001 0.247048
15430001 0.248299
15440001 0.249996
15450001 0.246625
15460001 0.248955
15470001 0.249771
15480001 0.247322
15490001 0.248314
15500001 0.250626
15510001 0.247282
15520001 0.247922
15530001 0.251551
15540001 0.247202
15550001 0.249932
15560001 0.252152
15570001 0.247991
15580001 0.252747
15590001 0.251163
15600001 0.247019
15610001 0.251091
15620001 0.251395
15630001 0.247015
15640001 0.251363
15650001 0.251149
15660001 0.246105
15670001 0.250624
15680001 0.250801
15690001 0.245416
15700001 0.250439
15710001 0.250539
15720001 0.245232
15730001 0.249761
15740001 0.249973
15750001 0.244744
15760001 0.249274
15770001 0.249254
15780001 0.245614
15790001 0.249231
15800001 0.249566
15810001 0.245042
15820001 0.249221
15830001 0.248801
15840001 0.247021
15850001 0.250243
15860001 0.248372
15870001 0.247248
15880001 0.24996
15890001 0.248108
15900001 0.246722
15910001 0.249444
15920001 0.248304
15930001 0.246178
15940001 0.248994
15950001 0.247699
15960001 0.247928
15970001 0.248575
15980001 0.247419
15990001 0.24834
16000001 0.250454
16010001 0.247116
16020001 0.248555
16030001 0.250085
16040001 0.246697
16050001 0.248981
16060001 0.24985
16070001 0.247422
16080001 0.248474
16090001 0.250198
16100001 0.24787
16110001 0.248637
16120001 0.251637
16130001 0.24727
16140001 0.249623
16150001 0.25223
16160001 0.248039
16170001 0.252809
16180001 0.251216
16190001 0.247045
16200001 0.251153
16210001 0.251484
16220001 0.247029
16230001 0.251456
16240001 0.251228
16250001 0.246142
16260001 0.250725
16270001 0.250888
16280001 0.245422
16290001 0.250266
16300001 0.250608
16310001 0.24523
16320001 0.249827
16330001 0.249903
16340001 0.24577
16350001 0.249361
16360001 0.249312
16370001 0.245697
16380001 0.249333
16390001 0.249296
16400001 0.244944
16410001 0.250396
16420001 0.248817
16430001 0.247761
16440001 0.250462
16450001 0.248441
16460001 0.247279
16470001 0.250019
16480001 0.248174
16490001 0.247216
16500001 0.249522
16510001 0.248366
16520001 0.246286
16530001 0.249069
16540001 0.2478
16550001 0.248932
16560001 0.248659
16570001 0.24735
16580001 0.248344
16590001 0.250537
16600001 0.247187
16610001 0.248648
16620001 0.250157
16630001 0.246767
16640001 0.24908
16650001 0.249861
16660001 0.247488
16670001 0.248573
16680001 0.250259
16690001 0.247966
16700001 0.248736
16710001 0.251713
16720001 0.249269
16730001 0.249701
16740001 0.25232
16750001 0.2481
16760001 0.251524
16770001 0.251308
16780001 0.24711
16790001 0.251225
16800001 0.251361
16810001 0.247083
16820001 0.251525
16830001 0.251313
16840001 0.24618
16850001 0.250816
16860001 0.250957
16870001 0.245478
16880001 0.250362
16890001 0.250478
16900001 0.245271
16910001 0.24975
16920001 0.249982
16930001 0.245804
16940001 0.249421
16950001 0.249385
16960001 0.245683
16970001 0.249415
16980001 0.249392
16990001 0.245207
17000001 0.250491
17010001 0.248909
17020001 0.247724
17030001 0.250426
17040001 0.24848
17050001 0.24734
17060001 0.250006
17070001 0.248247
17080001 0.247387
17090001 0.249573
17100001 0.24842
17110001 0.245423
17120001 0.249133
17130001 0.247861
17140001 0.248874
17150001 0.248731
17160001 0.247446
17170001 0.248436
17180001 0.250608
17190001 0.247232
17200001 0.248731
17210001 0.250292
17220001 0.246838
17230001 0.249147
17240001 0.249921
17250001 0.247545
17260001 0.248643
17270001 0.25034
17280001 0.248019
17290001 0.248821
17300001 0.251893
17310001 0.249362
17320001 0.249788
17330001 0.252383
17340001 0.248092
17350001 0.251617
17360001 0.251391
17370001 0.247624
17380001 0.251005
17390001 0.251422
17400001 0.247153
17410001 0.251598
17420001 0.251386
17430001 0.24623
17440001 0.250881
17450001 0.250951
17460001 0.245529
17470001 0.250448
17480001 0.250547
17490001 0.245279
17500001 0.249842
17510001 0.250059
17520001 0.245894
17530001 0.250023
17540001 0.249458
17550001 0.245762
17560001 0.24948
17570001 0.24945
17580001 0.245251
17590001 0.250558
17600001 0.248979
17610001 0.247427
17620001 0.250507
17630001 0.248572
17640001 0.248816
17650001 0.250098
17660001 0.249233
17670001 0.24745
17680001 0.249563
17690001 0.248587
17700001 0.247117
17710001 0.249318
17720001 0.247924
17730001 0.248961
17740001 0.249247
17750001 0.247501
17760001 0.248477
17770001 0.250492
17780001 0.247324
17790001 0.24957
17800001 0.250352
17810001 0.248325
17820001 0.249289
17830001 0.249995
17840001 0.247605
17850001 0.248804
17860001 0.252796
17870001 0.248068
17880001 0.248887
17890001 0.251974
17900001 0.249384
17910001 0.249848
17920001 0.252217
17930001 0.248182
17940001 0.251695
17950001 0.251292
17960001 0.247704
17970001 0.251095
17980001 0.251497
17990001 0.247137
18000001 0.251532
18010001 0.251313
18020001 0.246282
18030001 0.250936
18040001 0.251012
18050001 0.245744
18060001 0.250507
18070001 0.250621
18080001 0.245367
18090001 0.249924
18100001 0.250121
18110001 0.245836
18120001 0.250108
18130001 0.249508
18140001 0.24592
18150001 0.249717
18160001 0.249511
18170001 0.245186
18180001 0.250613
18190001 0.249032
18200001 0.247216
18210001 0.250574
18220001 0.248623
18230001 0.248386
18240001 0.250165
18250001 0.249301
18260001 0.246624
18270001 0.249638
18280001 0.248608
18290001 0.247032
18300001 0.249389
18310001 0.24791
18320001 0.248973
18330001 0.249316
18340001 0.247542
18350001 0.248384
18360001 0.250556
18370001 0.247364
18380001 0.24937
18390001 0.250416
18400001 0.248413
18410001 0.249094
18420001 0.250061
18430001 0.247934
18440001 0.24884
18450001 0.252786
18460001 0.248126
18470001 0.248784
18480001 0.25205
18490001 0.249413
18500001 0.249923
18510001 0.252293
18520001 0.248177
18530001 0.251741
18540001 0.251345
18550001 0.247724
18560001 0.251165
18570001 0.252228
18580001 0.247218
18590001 0.251617
18600001 0.251373
18610001 0.246362
18620001 0.25107
18630001 0.251079
18640001 0.245735
18650001 0.250551
18660001 0.250661
18670001 0.245328
18680001 0.249969
18690001 0.250082
18700001 0.246536
18710001 0.250186
18720001 0.249454
18730001 0.245958
18740001 0.249799
18750001 0.249503
18760001 0.248533
18770001 0.25125
18780001 0.249071
18790001 0.247187
18800001 0.250612
18810001 0.248678
18820001 0.248407
18830001 0.250222
18840001 0.249342
18850001 0.246459
18860001 0.249698
18870001 0.248672
18880001 0.247076
18890001 0.249453
18900001 0.247989
18910001 0.249098
18920001 0.249382
18930001 0.247622
18940001 0.248266
18950001 0.250624
18960001 0.247417
18970001 0.249446
18980001 0.250473
18990001 0.248449
19000001 0.249177
19010001 0.250118
19020001 0.248018
19030001 0.248922
19040001 0.252859
19050001 0.248027
19060001 0.248863
19070001 0.252625
19080001 0.249463
19090001 0.24969
19100001 0.252368
19110001 0.248203
19120001 0.251578
19130001 0.251414
19140001 0.247755
19150001 0.251218
19160001 0.252245
19170001 0.247186
19180001 0.251685
19190001 0.251431
19200001 0.246328
19210001 0.251152
19220001 0.251201
19230001 0.245867
19240001 0.250447
19250001 0.250594
19260001 0.245404
19270001 0.25002
19280001 0.25016
19290001 0.246534
19300001 0.250236
19310001 0.249534
19320001 0.245932
19330001 0.249871
19340001 0.24958
19350001 0.248545
19360001 0.25133
19370001 0.249061
19380001 0.248424
19390001 0.250641
19400001 0.249108
19410001 0.248431
19420001 0.250256
19430001 0.249391
19440001 0.24651
19450001 0.249735
19460001 0.248725
19470001 0.247959
19480001 0.249508
19490001 0.248046
19500001 0.249127
19510001 0.249434
19520001 0.247684
19530001 0.248344
19540001 0.250669
19550001 0.247378
19560001 0.249511
19570001 0.250635
19580001 0.2485
19590001 0.249244
19600001 0.250162
19610001 0.248048
19620001 0.248986
19630001 0.252926
19640001 0.248107
19650001 0.248934
19660001 0.252673
19670001 0.249277
19680001 0.249769
19690001 0.252247
19700001 0.248036
19710001 0.251609
19720001 0.252364
19730001 0.247797
19740001 0.25146
19750001 0.252309
19760001 0.247216
19770001 0.251721
19780001 0.251469
19790001 0.246362
19800001 0.25121
19810001 0.25121
19820001 0.245909
19830001 0.250525
19840001 0.250645
19850001 0.245678
19860001 0.250026
19870001 0.250199
19880001 0.246584
19890001 0.250284
19900001 0.249583
19910001 0.247808
19920001 0.249921
19930001 0.249634
19940001 0.248606
19950001 0.251397
19960001 0.249123
19970001 0.248422
19980001 0.250719
19990001 0.249184
20000001 0.247286
20010001 0.25031
20020001 0.249406
20030001 0.246549
20040001 0.249765
20050001 0.248776
20060001 0.24783
20070001 0.24942
20080001 0.248089
20090001 0.249191
20100001 0.252397
20110001 0.247731
20120001 0.248383
20130001 0.250742
20140001 0.247441
20150001 0.249535
20160001 0.250674
20170001 0.248228
20180001 0.249296
20190001 0.250227
20200001 0.248089
20210001 0.249046
20220001 0.252618
20230001 0.24811
20240001 0.248978
20250001 0.252737
20260001 0.249345
20270001 0.249817
20280001 0.252318
20290001 0.248111
20300001 0.251678
20310001 0.25222
20320001 0.248151
20330001 0.251533
20340001 0.252366
20350001 0.247114
20360001 0.251531
20370001 0.251716
20380001 0.246373
20390001 0.251235
20400001 0.251276
20410001 0.245826
20420001 0.250584
20430001 0.250707
20440001 0.245748
20450001 0.250101
20460001 0.250241
20470001 0.246475
20480001 0.250302
20490001 0.249631
20500001 0.247832
20510001 0.24994
20520001 0.249683
20530001 0.248513
20540001 0.251437
20550001 0.249163
20560001 0.248341
20570001 0.250773
20580001 0.249234
20590001 0.247228
20600001 0.250366
20610001 0.24948
20620001 0.247016
20630001 0.249836
20640001 0.248607
20650001 0.247896
20660001 0.249493
20670001 0.248134
20680001 0.248936
20690001 0.252452
20700001 0.247778
20710001 0.249454
20720001 0.250785
20730001 0.247486
20740001 0.250068
20750001 0.25073
20760001 0.24829
20770001 0.24919
20780001 0.250276
20790001 0.24819
20800001 0.248809
20810001 0.25265
20820001 0.248152
20830001 0.249003
20840001 0.252893
20850001 0.249352
20860001 0.249858
20870001 0.252387
20880001 0.248116
20890001 0.25173
20900001 0.252284
20910001 0.24822
20920001 0.251598
20930001 0.252053
20940001 0.247186
20950001 0.251601
20960001 0.251776
20970001 0.246444
20980001 0.25127
20990001 0.251333
21000001 0.245815
21010001 0.250625
21020001 0.250757
21030001 0.245684
21040001 0.250159
21050001 0.250106
21060001 0.248286
21070001 0.250373
21080001 0.250421
21090001 0.247893
21100001 0.250067
21110001 0.249723
21120001 0.246685
21130001 0.251453
21140001 0.249198
21150001 0.247446
21160001 0.250808
21170001 0.249258
21180001 0.247284
21190001 0.250418
21200001 0.249526
21210001 0.246913
21220001 0.249876
21230001 0.248678
21240001 0.247937
21250001 0.249527
21260001 0.248261
21270001 0.249075
21280001 0.252505
21290001 0.247818
21300001 0.249357
21310001 0.250829
21320001 0.247533
21330001 0.250128
21340001 0.250783
21350001 0.248326
21360001 0.249258
21370001 0.25152
21380001 0.248251
21390001 0.248875
21400001 0.252706
21410001 0.248151
21420001 0.250848
21430001 0.252905
21440001 0.249375
21450001 0.253615
21460001 0.252025
21470001 0.248135
21480001 0.251776
21490001 0.252341
21500001 0.248175
21510001 0.25164
21520001 0.252091
21530001 0.247147
21540001 0.251664
21550001 0.251826
21560001 0.246391
21570001 0.251338
21580001 0.251427
21590001 0.246018
21600001 0.250612
21610001 0.250857
21620001 0.245822
21630001 0.2502
21640001 0.250163
21650001 0.248325
21660001 0.250426
21670001 0.250484
21680001 0.247759
21690001 0.250136
21700001 0.249699
21710001 0.24682
21720001 0.251123
21730001 0.24926
21740001 0.248006
21750001 0.250816
21760001 0.249306
21770001 0.247732
21780001 0.250441
21790001 0.249562
21800001 0.246961
21810001 0.249921
21820001 0.248717
21830001 0.248941
21840001 0.249579
21850001 0.248329
21860001 0.248992
21870001 0.252546
21880001 0.248017
21890001 0.249422
21900001 0.250852
21910001 0.247567
21920001 0.250182
21930001 0.25075
21940001 0.248369
21950001 0.249315
21960001 0.251576
21970001 0.24827
21980001 0.248936
21990001 0.252751
22000001 0.248217
22010001 0.250914
22020001 0.252962
22030001 0.248968
22040001 0.253679
22050001 0.25209
22060001 0.248148
22070001 0.252004
22080001 0.252338
22090001 0.248213
22100001 0.251678
22110001 0.252143
22120001 0.247172
22130001 0.2517
22140001 0.251739
22150001 0.246393
22160001 0.251396
22170001 0.251462
22180001 0.246033
22190001 0.250677
22200001 0.2509
22210001 0.245783
22220001 0.250181
22230001 0.250197
22240001 0.248279
22250001 0.250452
22260001 0.250521
22270001 0.245977
22280001 0.250181
22290001 0.249743
22300001 0.246756
22310001 0.25118
22320001 0.249326
22330001 0.248066
22340001 0.250874
22350001 0.24903
22360001 0.247677
22370001 0.25036
22380001 0.249597
22390001 0.24735
22400001 0.249908
22410001 0.248739
22420001 0.248842
22430001 0.249494
22440001 0.24836
22450001 0.24904
22460001 0.251369
22470001 0.248083
22480001 0.249452
22490001 0.251016
22500001 0.247626
22510001 0.24997
22520001 0.250766
22530001 0.248398
22540001 0.24934
22550001 0.25162
22560001 0.248291
22570001 0.248937
22580001 0.25253
22590001 0.248236
22600001 0.250939
22610001 0.253014
22620001 0.249033
22630001 0.253734
22640001 0.252143
22650001 0.248008
22660001 0.252068
22670001 0.25237
22680001 0.248001
22690001 0.252331
22700001 0.252189
22710001 0.247094
22720001 0.251724
22730001 0.251773
22740001 0.246405
22750001 0.251433
22760001 0.251514
22770001 0.246221
22780001 0.250734
22790001 0.250949
22800001 0.2458
22810001 0.250242
22820001 0.250246
22830001 0.246625
22840001 0.250207
22850001 0.250552
22860001 0.246029
22870001 0.250207
22880001 0.249779
22890001 0.248011
22900001 0.251216
22910001 0.249356
22920001 0.248087
22930001 0.250925
22940001 0.249077
22950001 0.247705
22960001 0.250416
22970001 0.249265
22980001 0.247275
22990001 0.249969
23000001 0.248671
23010001 0.248898
23020001 0.249551
23030001 0.248393
23040001 0.249304
23050001 0.251412
23060001 0.248098
23070001 0.249338
23080001 0.251039
23090001 0.247689
23100001 0.249958
23110001 0.25081
23120001 0.248375
23130001 0.24943
23140001 0.251142
23150001 0.248327
23160001 0.249701
23170001 0.25258
23180001 0.248234
23190001 0.250963
23200001 0.253161
23210001 0.249012
23220001 0.253748
23230001 0.25218
23240001 0.248057
23250001 0.252107
23260001 0.252419
23270001 0.248063
23280001 0.252392
23290001 0.252166
23300001 0.247156
23310001 0.251653
23320001 0.251825
23330001 0.246467
23340001 0.251453
23350001 0.251555
23360001 0.246196
23370001 0.250769
23380001 0.25099
23390001 0.245796
23400001 0.250296
23410001 0.250254
23420001 0.246682
23430001 0.250258
23440001 0.250563
23450001 0.245939
23460001 0.251317
23470001 0.249816
23480001 0.248693
23490001 0.251243
23500001 0.249382
23510001 0.248274
23520001 0.250963
23530001 0.24912
23540001 0.248331
23550001 0.250448
23560001 0.249302
23570001 0.247207
23580001 0.250005
23590001 0.24872
23600001 0.249614
23610001 0.249583
23620001 0.248302
23630001 0.249464
23640001 0.251452
23650001 0.248118
23660001 0.24956
23670001 0.251082
23680001 0.247704
23690001 0.24999
23700001 0.25084
23710001 0.248436
23720001 0.249482
23730001 0.251165
23740001 0.248876
23750001 0.249643
23760001 0.25262
23770001 0.248262
23780001 0.250602
23790001 0.253215
23800001 0.249035
23810001 0.253777
23820001 0.252204
23830001 0.248031
23840001 0.252132
23850001 0.252305
23860001 0.248018
23870001 0.252432
23880001 0.25221
23890001 0.24713
23900001 0.251712
23910001 0.251866
23920001 0.246409
23930001 0.251251
23940001 0.251369
23950001 0.246173
23960001 0.250803
23970001 0.250887
23980001 0.246759
23990001 0.250339
24000001 0.250298
24010001 0.246696
24020001 0.25031
24030001 0.250279
24040001 0.24615
24050001 0.251373
24060001 0.249795
24070001 0.24864
24080001 0.251306
24090001 0.249444
24100001 0.248259
24110001 0.25097
24120001 0.249141
24130001 0.248429
24140001 0.250476
24150001 0.249325
24160001 0.247264
24170001 0.250033
24180001 0.248757
24190001 0.249888
24200001 0.24962
24210001 0.248328
24220001 0.249316
24230001 0.251491
24240001 0.248141
24250001 0.249615
24260001 0.25111
24270001 0.247732
24280001 0.250036
24290001 0.250823
24300001 0.248443
24310001 0.249529
24320001 0.25121
24330001 0.248934
24340001 0.249695
24350001 0.252786
24360001 0.250228
24370001 0.250659
24380001 0.253262
24390001 0.24897
24400001 0.252473
24410001 0.252253
24420001 0.248063
24430001 0.251867
24440001 0.25228
24450001 0.248037
24460001 0.252458
24470001 0.252252
24480001 0.24713
24490001 0.251755
24500001 0.251805
24510001 0.246423
24520001 0.251308
24530001 0.251405
24540001 0.246224
24550001 0.250695
24560001 0.250922
24570001 0.246762
24580001 0.250343
24590001 0.250321
24600001 0.246621
24610001 0.250338
24620001 0.250312
24630001 0.246128
24640001 0.251419
24650001 0.24985
24660001 0.248682
24670001 0.251362
24680001 0.249422
24690001 0.248284
24700001 0.250941
24710001 0.250078
24720001 0.248328
24730001 0.250407
24740001 0.249345
24750001 0.247985
24760001 0.250025
24770001 0.248779
24780001 0.249806
24790001 0.250187
24800001 0.24836
24810001 0.249357
24820001 0.251327
24830001 0.248169
24840001 0.249628
24850001 0.251216
24860001 0.249192
24870001 0.250191
24880001 0.250839
24890001 0.248467
24900001 0.249643
24910001 0.251249
24920001 0.248932
24930001 0.249723
24940001 0.252802
24950001 0.250281
24960001 0.2507
24970001 0.253038
24980001 0.249016
24990001 0.252527
25000001 0.25229
25010001 0.248537
25020001 0.251916
25030001 0.252323
25040001 0.247973
25050001 0.252351
25060001 0.252145
25070001 0.247124
25080001 0.251766
25090001 0.251838
25100001 0.246579
25110001 0.251351
25120001 0.251449
25130001 0.246204
25140001 0.250749
25150001 0.250951
25160001 0.246714
25170001 0.250923
25180001 0.250351
25190001 0.246761
25200001 0.250367
25210001 0.250344
25220001 0.246166
25230001 0.251449
25240001 0.24987
25250001 0.248327
25260001 0.251399
25270001 0.249451
25280001 0.249253
25290001 0.25098
25300001 0.250132
25310001 0.248338
25320001 0.25046
25330001 0.24942
25340001 0.24785
25350001 0.250214
25360001 0.248809
25370001 0.249828
25380001 0.250142
25390001 0.248372
25400001 0.249198
25410001 0.251364
25420001 0.248191
25430001 0.250434
25440001 0.251231
25450001 0.249219
25460001 0.250153
25470001 0.250876
25480001 0.248783
25490001 0.249786
25500001 0.25361
25510001 0.248946
25520001 0.24976
25530001 0.252845
25540001 0.25024
25550001 0.250722
25560001 0.253087
25570001 0.249009
25580001 0.25255
25590001 0.252135
25600001 0.24859
25610001 0.251964
25620001 0.25236
25630001 0.248024
25640001 0.252402
25650001 0.252162
25660001 0.24717
25670001 0.251857
25680001 0.251877
25690001 0.246632
25700001 0.251358
25710001 0.251479
25720001 0.246155
25730001 0.250784
25740001 0.250982
25750001 0.247353
25760001 0.250976
25770001 0.250372
25780001 0.246758
25790001 0.250582
25800001 0.250364
25810001 0.246038
25820001 0.25146
25830001 0.249877
25840001 0.248081
25850001 0.251418
25860001 0.24948
25870001 0.249196
25880001 0.251013
25890001 0.250158
25900001 0.247461
25910001 0.250491
25920001 0.249472
25930001 0.247893
25940001 0.250242
25950001 0.248769
25960001 0.249928
25970001 0.250165
25980001 0.248393
25990001 0.249074
26000001 0.251401
26010001 0.248218
26020001 0.250218
26030001 0.251256
26040001 0.249231
26050001 0.249948
26060001 0.250918
26070001 0.248792
26080001 0.249693
26090001 0.253623
26100001 0.248804
26110001 0.249632
26120001 0.252885
26130001 0.250258
26140001 0.25046
26150001 0.253128
26160001 0.248996
26170001 0.252564
26180001 0.252181
26190001 0.248555
26200001 0.251994
26210001 0.253028
26220001 0.247993
26230001 0.252448
26240001 0.252204
26250001 0.247141
26260001 0.251906
26270001 0.251897
26280001 0.246569
26290001 0.251204
26300001 0.25135
26310001 0.246185
26320001 0.250792
26330001 0.250915
26340001 0.247375
26350001 0.251014
26360001 0.250289
26370001 0.246796
26380001 0.250632
26390001 0.250333
26400001 0.249331
26410001 0.252076
26420001 0.249815
26430001 0.24802
26440001 0.251496
26450001 0.249499
26460001 0.249205
26470001 0.251029
26480001 0.250158
26490001 0.247269
26500001 0.250513
26510001 0.249496
26520001 0.247873
26530001 0.250268
26540001 0.248819
26550001 0.249907
26560001 0.250193
26570001 0.248434
26580001 0.249093
26590001 0.251433
26600001 0.248238
26610001 0.250266
26620001 0.251228
26630001 0.249257
26640001 0.249991
26650001 0.250905
26660001 0.248805
26670001 0.249734
26680001 0.253659
26690001 0.24885
26700001 0.249681
26710001 0.253404
26720001 0.250015
26730001 0.250505
26740001 0.253014
26750001 0.249002
26760001 0.252338
26770001 0.252217
26780001 0.24856
26790001 0.252006
26800001 0.253044
26810001 0.247975
26820001 0.252466
26830001 0.252225
26840001 0.247127
26850001 0.251948
26860001 0.251954
26870001 0.246673
26880001 0.25125
26890001 0.251377
26900001 0.246215
26910001 0.250756
26920001 0.250936
26930001 0.247348
26940001 0.25102
26950001 0.250316
26960001 0.246693
26970001 0.250662
26980001 0.250363
26990001 0.249342
27000001 0.252123
27010001 0.249862
27020001 0.249215
27030001 0.251436
27040001 0.249906
27050001 0.248037
27060001 0.251028
27070001 0.250166
27080001 0.247295
27090001 0.250513
27100001 0.249512
27110001 0.248721
27120001 0.250285
27130001 0.248833
27140001 0.249921
27150001 0.250203
27160001 0.248482
27170001 0.249128
27180001 0.251453
27190001 0.248161
27200001 0.250276
27210001 0.251419
27220001 0.249281
27230001 0.25
27240001 0.250942
27250001 0.248825
27260001 0.24975
27270001 0.25369
27280001 0.248847
27290001 0.24971
27300001 0.253442
27310001 0.250062
27320001 0.250546
27330001 0.253021
27340001 0.248822
27350001 0.252384
27360001 0.252955
27370001 0.248863
27380001 0.252232
27390001 0.25307
27400001 0.247973
27410001 0.252477
27420001 0.252434
27430001 0.247139
27440001 0.251965
27450001 0.251979
27460001 0.24654
27470001 0.251288
27480001 0.251409
27490001 0.246466
27500001 0.250799
27510001 0.250956
27520001 0.247268
27530001 0.251006
27540001 0.250346
27550001 0.248574
27560001 0.250669
27570001 0.250395
27580001 0.249249
27590001 0.252151
27600001 0.249883
27610001 0.249189
27620001 0.251473
27630001 0.249952
27640001 0.247937
27650001 0.251074
27660001 0.250172
27670001 0.247756
27680001 0.250529
27690001 0.249388
27700001 0.248593
27710001 0.250184
27720001 0.248844
27730001 0.24995
27740001 0.25315
27750001 0.24849
27760001 0.250175
27770001 0.251477
27780001 0.248207
27790001 0.250271
27800001 0.251423
27810001 0.248978
27820001 0.250042
27830001 0.250975
27840001 0.248832
27850001 0.249788
27860001 0.253326
27870001 0.24885
27880001 0.24971
27890001 0.253474
27900001 0.250052
27910001 0.250551
27920001 0.253061
27930001 0.248866
27940001 0.25242
27950001 0.252962
27960001 0.248907
27970001 0.252277
27980001 0.253006
27990001 0.247871
28000001 0.252272
28010001 0.252451
28020001 0.247131
28030001 0.251964
28040001 0.252012
28050001 0.246584
28060001 0.251305
28070001 0.251441
28080001 0.246398
28090001 0.250837
28100001 0.250965
28110001 0.248983
28120001 0.251042
28130001 0.25036
28140001 0.248575
28150001 0.250744
28160001 0.250404
28170001 0.247415
28180001 0.252157
28190001 0.249891
28200001 0.24908
28210001 0.251493
28220001 0.249953
28230001 0.247946
28240001 0.251094
28250001 0.250199
28260001 0.247685
28270001 0.250556
28280001 0.249345
28290001 0.248625
28300001 0.250204
28310001 0.249035
28320001 0.249746
28330001 0.253172
28340001 0.2485
28350001 0.25004
28360001 0.2515
28370001 0.248218
28380001 0.250786
28390001 0.251449
28400001 0.249023
28410001 0.249918
28420001 0.252201
28430001 0.248912
28440001 0.249534
28450001 0.253361
28460001 0.248854
28470001 0.251503
28480001 0.253555
28490001 0.250054
28500001 0.25057
28510001 0.252927
28520001 0.248826
28530001 0.252433
28540001 0.25299
28550001 0.24887
28560001 0.252308
28570001 0.25274
28580001 0.247833
28590001 0.252315
28600001 0.252481
28610001 0.247092
28620001 0.251983
28630001 0.252032
28640001 0.246535
28650001 0.251331
28660001 0.251502
28670001 0.246499
28680001 0.250858
28690001 0.250808
28700001 0.248979
28710001 0.25108
28720001 0.251127
28730001 0.248475
28740001 0.250779
28750001 0.250343
28760001 0.247477
28770001 0.251763
28780001 0.249891
28790001 0.248659
28800001 0.251507
28810001 0.249956
28820001 0.247869
28830001 0.251113
28840001 0.250212
28850001 0.247627
28860001 0.250575
28870001 0.249367
28880001 0.249648
28890001 0.250225
28900001 0.24897
28910001 0.249636
28920001 0.253193
28930001 0.24874
28940001 0.250062
28950001 0.251512
28960001 0.248233
28970001 0.250827
28980001 0.251387
28990001 0.249029
29000001 0.249959
29010001 0.252207
29020001 0.248955
29030001 0.249577
29040001 0.253387
29050001 0.248853
29060001 0.251543
29070001 0.253591
29080001 0.250045
29090001 0.254299
29100001 0.252714
29110001 0.248811
29120001 0.252656
29130001 0.253118
29140001 0.248861
29150001 0.252312
29160001 0.252773
29170001 0.247814
29180001 0.25234
29190001 0.252495
29200001 0.247062
29210001 0.252025
29220001 0.252107
29230001 0.246688
29240001 0.251298
29250001 0.251526
29260001 0.246435
29270001 0.250877
29280001 0.250822
29290001 0.249016
29300001 0.25109
29310001 0.251147
29320001 0.24665
29330001 0.250812
29340001 0.250385
29350001 0.247497
29360001 0.251804
29370001 0.249946
29380001 0.248693
29390001 0.251488
29400001 0.249649
29410001 0.24841
29420001 0.251095
29430001 0.25022
29440001 0.247631
29450001 0.250583
29460001 0.249379
29470001 0.249498
29480001 0.25023
29490001 0.248988
29500001 0.249672
29510001 0.253205
29520001 0.248699
29530001 0.250091
29540001 0.251624
29550001 0.248313
29560001 0.250834
29570001 0.251379
29580001 0.249033
29590001 0.249972
29600001 0.252235
29610001 0.248936
29620001 0.249601
29630001 0.253174
29640001 0.248893
29650001 0.25157
29660001 0.253618
29670001 0.249642
29680001 0.254339
29690001 0.252749
29700001 0.248618
29710001 0.252667
29720001 0.25297
29730001 0.248905
29740001 0.252932
29750001 0.2528
29760001 0.247832
29770001 0.252351
29780001 0.25239
29790001 0.247049
29800001 0.252047
29810001 0.252117
29820001 0.246832
29830001 0.251338
29840001 0.251556
29850001 0.246457
29860001 0.25084
29870001 0.250853
29880001 0.248929
29890001 0.251097
29900001 0.251168
29910001 0.246651
29920001 0.250822
29930001 0.25039
29940001 0.247359
29950001 0.251829
29960001 0.249966
29970001 0.248686
29980001 0.251528
29990001 0.249689
