1 2195.01
10001 609.009
20001 355.559
30001 226.685
40001 138.048
50001 141.266
60001 91.3653
70001 68.3274
80001 53.4877
90001 52.4551
100001 33.5232
110001 31.2312
120001 26.0318
130001 26.3496
140001 18.3674
150001 19.1844
160001 16.0585
170001 17.0557
180001 13.186
190001 14.6944
200001 12.502
210001 13.5645
220001 11.4856
230001 12.7783
240001 11.3039
250001 12.394
260001 10.9772
270001 11.885
280001 10.8152
290001 11.5077
300001 10.7385
310001 11.2403
320001 10.701
330001 10.9528
340001 10.6432
350001 10.7169
360001 10.6723
370001 10.4936
380001 10.6443
390001 10.2288
400001 10.6651
410001 10.0524
420001 11.0208
430001 10.1117
440001 10.8249
450001 9.58379
460001 10.927
470001 10.5776
480001 10.8727
490001 8.96712
500001 10.8766
510001 8.81489
520001 10.8503
530001 9.00331
540001 10.781
550001 8.68269
560001 10.7705
570001 8.60201
580001 10.6575
590001 8.76574
600001 10.5563
610001 8.98209
620001 10.5263
630001 9.10356
640001 10.4641
650001 9.27543
660001 10.4523
670001 9.62751
680001 10.4795
690001 9.5327
700001 10.5312
710001 9.61634
720001 10.4949
730001 9.65517
740001 10.3482
750001 9.75212
760001 10.2667
770001 9.89145
780001 10.0861
790001 10.0114
800001 9.95366
810001 10.06
820001 9.85408
830001 10.1003
840001 9.78436
850001 10.1895
860001 9.69274
870001 10.3617
880001 9.04383
890001 10.3741
900001 9.24432
910001 10.4878
920001 10.2498
930001 10.5452
940001 8.67973
950001 10.6188
960001 8.60069
970001 10.5894
980001 8.94961
990001 10.5279
1000001 8.43834
1010001 10.4792
1020001 8.56957
1030001 10.4313
1040001 8.72748
1050001 10.4247
1060001 8.79388
1070001 10.3602
1080001 8.98986
1090001 10.2823
1100001 9.12264
1110001 10.2819
1120001 9.39101
1130001 10.5752
1140001 9.44571
1150001 10.3787
1160001 9.51417
1170001 10.3225
1180001 9.60525
1190001 10.1679
1200001 9.67237
1210001 10.1095
1220001 9.8415
1230001 9.98228
1240001 9.93206
1250001 9.88083
1260001 9.98335
1270001 10.3967
1280001 10.0511
1290001 9.94239
1300001 10.1031
1310001 9.25197
1320001 10.3412
1330001 9.08108
1340001 10.3292
1350001 10.5528
1360001 10.4429
1370001 8.70327
1380001 10.486
1390001 8.55108
1400001 10.5628
1410001 8.71599
1420001 10.4946
1430001 8.9315
1440001 10.5386
1450001 8.40539
1460001 10.4185
1470001 8.78806
1480001 10.3778
1490001 8.78952
1500001 10.3114
1510001 8.80731
1520001 10.307
1530001 9.11571
1540001 10.2989
1550001 9.17953
1560001 10.3657
1570001 9.35257
1580001 10.374
1590001 9.47626
1600001 10.3104
1610001 9.54737
1620001 10.2437
1630001 9.67197
1640001 10.1664
1650001 9.75958
1660001 10.0242
1670001 9.81411
1680001 9.91774
1690001 9.95604
1700001 9.77299
1710001 9.98201
1720001 9.60079
1730001 10.0404
1740001 9.46094
1750001 10.4889
1760001 9.54808
1770001 10.3074
1780001 9.87016
1790001 10.4852
1800001 10.3193
1810001 10.4776
1820001 8.6078
1830001 10.5077
1840001 8.83964
1850001 10.5108
1860001 8.89237
1870001 10.477
1880001 8.45287
1890001 10.4862
1900001 8.5367
1910001 10.3912
1920001 8.5569
1930001 10.3337
1940001 8.74584
1950001 10.2993
1960001 8.91719
1970001 10.2538
1980001 9.07763
1990001 10.2531
2000001 9.47284
2010001 10.3022
2020001 9.38721
2030001 10.3601
2040001 9.48451
2050001 10.3447
2060001 9.52251
2070001 10.1576
2080001 9.64094
2090001 10.1153
2100001 9.77623
2110001 9.98252
2120001 9.90326
2130001 9.91245
2140001 9.95782
2150001 9.69675
2160001 10.0388
2170001 9.56828
2180001 10.0998
2190001 9.53002
2200001 10.3337
2210001 9.06193
2220001 10.3269
2230001 9.13489
2240001 10.4173
2250001 10.0999
2260001 10.4815
2270001 8.57951
2280001 10.554
2290001 8.49262
2300001 10.5222
2310001 8.99591
2320001 10.5239
2330001 8.38602
2340001 10.4161
2350001 8.76281
2360001 10.3716
2370001 8.67193
2380001 10.3515
2390001 8.78852
2400001 10.3252
2410001 8.94115
2420001 10.2301
2430001 9.08129
2440001 10.3525
2450001 9.34993
2460001 10.5163
2470001 9.41124
2480001 10.3058
2490001 9.53351
2500001 10.2716
2510001 9.58972
2520001 10.1662
2530001 9.75293
2540001 10.044
2550001 9.8184
2560001 9.95343
2570001 9.90395
2580001 9.78503
2590001 9.96633
2600001 9.66995
2610001 10.0338
2620001 9.8276
2630001 10.4899
2640001 9.65835
2650001 10.3174
2660001 9.27011
2670001 10.3122
2680001 10.4604
2690001 10.4247
2700001 8.68792
2710001 10.4692
2720001 8.46995
2730001 10.5412
2740001 8.75369
2750001 10.4704
2760001 8.46914
2770001 10.4811
2780001 8.38876
2790001 10.407
2800001 8.55508
2810001 10.3396
2820001 8.77161
2830001 10.2985
2840001 8.79142
2850001 10.2695
2860001 9.09887
2870001 10.2743
2880001 9.14459
2890001 10.301
2900001 9.37862
2910001 10.3577
2920001 9.4708
2930001 10.2865
2940001 9.52327
2950001 10.2151
2960001 9.66189
2970001 10.1544
2980001 9.76791
2990001 9.97899
3000001 9.80517
3010001 9.88298
3020001 9.94579
3030001 9.77534
3040001 9.99876
3050001 9.65477
3060001 10.1025
3070001 9.63208
3080001 10.273
3090001 9.06646
3100001 10.2899
3110001 9.78997
3120001 10.4775
3130001 10.34
3140001 10.4866
3150001 8.59523
3160001 10.506
3170001 8.8389
3180001 10.5044
3190001 8.902
3200001 10.4656
3210001 8.39294
3220001 10.4246
3230001 8.53287
3240001 10.3826
3250001 8.52538
3260001 10.3825
3270001 8.73835
3280001 10.3004
3290001 8.92616
3300001 10.2332
3310001 9.07263
3320001 10.2392
3330001 9.46987
3340001 10.3146
3350001 9.40711
3360001 10.3519
3370001 9.47829
3380001 10.3391
3390001 9.58032
3400001 10.1515
3410001 9.64747
3420001 10.1079
3430001 9.81141
3440001 9.94462
3450001 9.9005
3460001 9.89344
3470001 9.95369
3480001 10.3898
3490001 10.0222
3500001 9.60206
3510001 10.0752
3520001 9.26932
3530001 10.3198
3540001 9.05656
3550001 10.3333
3560001 9.15273
3570001 10.4334
3580001 9.38121
3590001 10.4738
3600001 8.59073
3610001 10.5533
3620001 8.49199
3630001 10.5215
3640001 8.91199
3650001 10.5127
3660001 8.3645
3670001 10.4036
3680001 8.75831
3690001 10.3706
3700001 8.65934
3710001 10.3012
3720001 8.78613
3730001 10.3137
3740001 8.93631
3750001 10.2937
3760001 9.1601
3770001 10.343
3780001 9.3503
3790001 10.5013
3800001 9.4612
3810001 10.3045
3820001 9.53236
3830001 10.2629
3840001 9.66265
3850001 10.1626
3860001 9.74995
3870001 10.0272
3880001 9.80998
3890001 9.91888
3900001 9.90362
3910001 9.81511
3920001 9.96341
3930001 9.64891
3940001 10.0269
3950001 9.50342
3960001 10.482
3970001 9.71598
3980001 10.3191
3990001 9.23525
4000001 10.4943
4010001 10.2446
4020001 10.4718
4030001 8.68676
4040001 10.5108
4050001 8.7157
4060001 10.5131
4070001 8.74954
4080001 10.4716
4090001 8.44626
4100001 10.4764
4110001 8.38731
4120001 10.4023
4130001 8.54305
4140001 10.3304
4150001 8.77483
4160001 10.2968
4170001 8.91088
4180001 10.2608
4190001 9.09747
4200001 10.2749
4210001 9.46608
4220001 10.3005
4230001 9.3787
4240001 10.365
4250001 9.47911
4260001 10.3438
4270001 9.5231
4280001 10.2013
4290001 9.63762
4300001 10.1261
4310001 9.77023
4320001 9.96385
4330001 9.90124
4340001 9.84241
4350001 9.94961
4360001 9.75217
4370001 10.004
4380001 9.69063
4390001 10.0954
4400001 9.61921
4410001 10.2759
4420001 8.97471
4430001 10.2955
4440001 9.20684
4450001 10.4151
4460001 10.2046
4470001 10.4776
4480001 8.61772
4490001 10.5519
4500001 8.52175
4510001 10.5241
4520001 8.89754
4530001 10.4677
4540001 8.38437
4550001 10.4211
4560001 8.52097
4570001 10.3772
4580001 8.66105
4590001 10.3813
4600001 8.74256
4610001 10.3045
4620001 8.93847
4630001 10.2329
4640001 9.07339
4650001 10.2336
4660001 9.34757
4670001 10.5239
4680001 9.40607
4690001 10.3335
4700001 9.47754
4710001 10.2826
4720001 9.57762
4730001 10.1254
4740001 9.64626
4750001 10.0636
4760001 9.81282
4770001 9.94687
4780001 9.90154
4790001 9.84907
4800001 9.95399
4810001 10.3618
4820001 10.0252
4830001 9.91922
4840001 10.08
4850001 9.2239
4860001 10.3218
4870001 9.07651
4880001 10.3105
4890001 10.5227
4900001 10.4251
4910001 8.68541
4920001 10.4683
4930001 8.48759
4940001 10.5437
4950001 8.68722
4960001 10.4774
4970001 8.90714
4980001 10.5156
4990001 8.38871
5000001 10.399
5010001 8.75156
5020001 10.3633
5030001 8.76895
5040001 10.2976
5050001 8.78708
5060001 10.2932
5070001 9.0966
5080001 10.2849
5090001 9.16333
5100001 10.3425
5110001 9.32693
5120001 10.3595
5130001 9.46179
5140001 10.2938
5150001 9.53658
5160001 10.2311
5170001 9.66541
5180001 10.1501
5190001 9.7517
5200001 10.0091
5210001 9.80363
5220001 9.9057
5230001 9.94603
5240001 9.76267
5250001 9.97843
5260001 9.59759
5270001 10.0317
5280001 9.44817
5290001 10.4838
5300001 9.54496
5310001 10.2979
5320001 9.86336
5330001 10.4831
5340001 10.3152
5350001 10.4749
5360001 8.60175
5370001 10.5049
5380001 8.83706
5390001 10.5081
5400001 8.89571
5410001 10.4732
5420001 8.4469
5430001 10.4795
5440001 8.53276
5450001 10.3871
5460001 8.54578
5470001 10.3361
5480001 8.73818
5490001 10.2969
5500001 8.91018
5510001 10.2507
5520001 9.07017
5530001 10.2511
5540001 9.46675
5550001 10.2965
5560001 9.38142
5570001 10.3548
5580001 9.48023
5590001 10.3392
5600001 9.52221
5610001 10.1522
5620001 9.64173
5630001 10.1057
5640001 9.77492
5650001 9.97685
5660001 9.90211
5670001 9.90704
5680001 9.95634
5690001 9.69487
5700001 10.0386
5710001 9.56651
5720001 10.0994
5730001 9.53441
5740001 10.335
5750001 9.06214
5760001 10.3282
5770001 9.13384
5780001 10.4192
5790001 10.0996
5800001 10.4846
5810001 8.57774
5820001 10.5551
5830001 8.49185
5840001 10.5216
5850001 8.98915
5860001 10.5212
5870001 8.38436
5880001 10.4157
5890001 8.75431
5900001 10.3694
5910001 8.66431
5920001 10.353
5930001 8.7854
5940001 10.3272
5950001 8.93795
5960001 10.2302
5970001 9.07701
5980001 10.3529
5990001 9.34838
6000001 10.5133
6010001 9.409
6020001 10.3056
6030001 9.5351
6040001 10.2696
6050001 9.59296
6060001 10.1638
6070001 9.7545
6080001 10.0407
6090001 9.81922
6100001 9.95252
6110001 9.90398
6120001 9.78197
6130001 9.96708
6140001 9.66168
6150001 10.0354
6160001 9.80583
6170001 10.4917
6180001 9.67518
6190001 10.321
6200001 9.2697
6210001 10.3161
6220001 10.4694
6230001 10.4276
6240001 8.68777
6250001 10.4721
6260001 8.47023
6270001 10.5432
6280001 8.75254
6290001 10.4726
6300001 8.46787
6310001 10.4815
6320001 8.38872
6330001 10.4089
6340001 8.54919
6350001 10.3437
6360001 8.77116
6370001 10.3016
6380001 8.77435
6390001 10.272
6400001 9.09726
6410001 10.277
6420001 9.14114
6430001 10.3016
6440001 9.37813
6450001 10.3592
6460001 9.47041
6470001 10.2867
6480001 9.52498
6490001 10.2184
6500001 9.66479
6510001 10.1343
6520001 9.76777
6530001 9.97831
6540001 9.80468
6550001 9.88312
6560001 9.94706
6570001 9.78223
6580001 10.002
6590001 9.65552
6600001 10.1047
6610001 9.63666
6620001 10.2767
6630001 9.06868
6640001 10.2936
6650001 9.79385
6660001 10.4839
6670001 10.3409
6680001 10.483
6690001 8.59556
6700001 10.509
6710001 8.84497
6720001 10.5077
6730001 8.9021
6740001 10.468
6750001 8.39646
6760001 10.4247
6770001 8.53415
6780001 10.3821
6790001 8.5257
6800001 10.3875
6810001 8.7391
6820001 10.3032
6830001 8.92725
6840001 10.2357
6850001 9.07272
6860001 10.2412
6870001 9.46968
6880001 10.5181
6890001 9.40805
6900001 10.3479
6910001 9.47875
6920001 10.3425
6930001 9.58374
6940001 10.1518
6950001 9.6507
6960001 10.1061
6970001 9.8129
6980001 9.94514
6990001 9.90672
7000001 9.8941
7010001 9.95597
7020001 10.3683
7030001 10.0246
7040001 9.60811
7050001 10.0779
7060001 9.27284
7070001 10.3235
7080001 9.05914
7090001 10.3364
7100001 9.15901
7110001 10.4368
7120001 9.0779
7130001 10.477
7140001 8.57264
7150001 10.5616
7160001 8.49418
7170001 10.524
7180001 8.9127
7190001 10.5128
7200001 8.36474
7210001 10.4048
7220001 8.75692
7230001 10.3688
7240001 8.65977
7250001 10.3046
7260001 8.78704
7270001 10.3159
7280001 8.93668
7290001 10.2884
7300001 9.16115
7310001 10.347
7320001 9.35407
7330001 10.5041
7340001 9.46197
7350001 10.3065
7360001 9.53425
7370001 10.2631
7380001 9.66687
7390001 10.1638
7400001 9.7518
7410001 10.0279
7420001 9.81073
7430001 9.92042
7440001 9.9044
7450001 9.81587
7460001 9.96543
7470001 9.64919
7480001 10.0292
7490001 9.50381
7500001 10.4854
7510001 9.71891
7520001 10.3232
7530001 9.24193
7540001 10.4967
7550001 10.2724
7560001 10.4755
7570001 8.68115
7580001 10.5135
7590001 8.66178
7600001 10.5167
7610001 8.75324
7620001 10.4731
7630001 8.44801
7640001 10.4774
7650001 8.3913
7660001 10.3889
7670001 8.54334
7680001 10.3309
7690001 8.77645
7700001 10.299
7710001 8.91199
7720001 10.2633
7730001 9.09974
7740001 10.278
7750001 9.46706
7760001 10.302
7770001 9.38006
7780001 10.3652
7790001 9.48086
7800001 10.3456
7810001 9.52522
7820001 10.2048
7830001 9.64181
7840001 10.1261
7850001 9.77183
7860001 9.96518
7870001 9.9033
7880001 9.844
7890001 9.95128
7900001 9.75288
7910001 10.0081
7920001 9.6929
7930001 10.0977
7940001 9.62262
7950001 10.2792
7960001 8.97569
7970001 10.2993
7980001 9.17012
7990001 10.4183
8000001 10.1982
8010001 10.4803
8020001 8.61771
8030001 10.554
8040001 8.51989
8050001 10.5264
8060001 8.90148
8070001 10.4703
8080001 8.38638
8090001 10.422
8100001 8.52453
8110001 10.3773
8120001 8.66063
8130001 10.3791
8140001 8.74319
8150001 10.3076
8160001 8.93941
8170001 10.2337
8180001 9.07477
8190001 10.2371
8200001 9.34933
8210001 10.5258
8220001 9.40817
8230001 10.3356
8240001 9.48116
8250001 10.2846
8260001 9.58042
8270001 10.1271
8280001 9.6451
8290001 10.064
8300001 9.81363
8310001 9.94885
8320001 9.90302
8330001 9.85599
8340001 9.9564
8350001 10.36
8360001 10.0266
8370001 9.92178
8380001 10.0841
8390001 9.20478
8400001 10.3249
8410001 9.10027
8420001 10.3137
8430001 10.5157
8440001 10.4273
8450001 8.68817
8460001 10.4713
8470001 8.47902
8480001 10.5459
8490001 8.68456
8500001 10.4801
8510001 8.91389
8520001 10.5144
8530001 8.39081
8540001 10.3999
8550001 8.75551
8560001 10.365
8570001 8.7709
8580001 10.3
8590001 8.78857
8600001 10.2905
8610001 9.09731
8620001 10.2874
8630001 9.16454
8640001 10.3436
8650001 9.37657
8660001 10.3611
8670001 9.46222
8680001 10.2934
8690001 9.53955
8700001 10.2334
8710001 9.66965
8720001 10.1511
8730001 9.75455
8740001 10.0107
8750001 9.805
8760001 9.90807
8770001 9.94769
8780001 9.76022
8790001 9.9858
8800001 9.59836
8810001 10.0327
8820001 9.45186
8830001 10.4925
8840001 9.55273
8850001 10.2945
8860001 9.85618
8870001 10.4858
8880001 10.3186
8890001 10.4782
8900001 8.60444
8910001 10.5076
8920001 8.84115
8930001 10.5114
8940001 8.89569
8950001 10.4753
8960001 8.44909
8970001 10.4793
8980001 8.53436
8990001 10.3889
9000001 8.54369
9010001 10.3406
9020001 8.74014
9030001 10.2992
9040001 8.91145
9050001 10.2526
9060001 9.07251
9070001 10.2534
9080001 9.46822
9090001 10.296
9100001 9.38276
9110001 10.3562
9120001 9.48195
9130001 10.3396
9140001 9.52495
9150001 10.1536
9160001 9.64518
9170001 10.1055
9180001 9.77534
9190001 9.9782
9200001 9.90477
9210001 9.90802
9220001 9.95835
9230001 9.69541
9240001 10.0349
9250001 9.56733
9260001 10.1026
9270001 9.55161
9280001 10.3381
9290001 9.06413
9300001 10.3311
9310001 9.13643
9320001 10.4216
9330001 10.1029
9340001 10.4849
9350001 8.57997
9360001 10.5581
9370001 8.49478
9380001 10.5232
9390001 8.99598
9400001 10.522
9410001 8.3866
9420001 10.4166
9430001 8.75602
9440001 10.3704
9450001 8.66497
9460001 10.3553
9470001 8.78737
9480001 10.3296
9490001 8.93874
9500001 10.2324
9510001 9.07876
9520001 10.355
9530001 9.35015
9540001 10.5127
9550001 9.41041
9560001 10.3073
9570001 9.53701
9580001 10.2736
9590001 9.59186
9600001 10.1649
9610001 9.75627
9620001 10.0417
9630001 9.81951
9640001 9.95392
9650001 9.90561
9660001 9.78256
9670001 9.96913
9680001 9.66251
9690001 10.0374
9700001 9.72153
9710001 10.4938
9720001 9.68896
9730001 10.324
9740001 9.27133
9750001 10.3193
9760001 10.441
9770001 10.4309
9780001 8.69058
9790001 10.4741
9800001 8.47228
9810001 10.546
9820001 8.75422
9830001 10.4748
9840001 8.47084
9850001 10.4832
9860001 8.39072
9870001 10.4111
9880001 8.54497
9890001 10.3457
9900001 8.77359
9910001 10.303
9920001 8.773
9930001 10.2743
9940001 9.09816
9950001 10.28
9960001 9.14093
9970001 10.3032
9980001 9.37954
9990001 10.3647
