1 2696.77
10001 772.998
20001 739.751
30001 695.951
40001 810.904
50001 870.095
60001 526.293
70001 216.575
80001 208.612
90001 198.631
100001 202.149
110001 215.03
120001 212.723
130001 171.517
140001 167.346
150001 160.515
160001 162.916
170001 177.245
180001 171.855
190001 128.308
200001 125.15
210001 121.266
220001 119.054
230001 121.465
240001 125.642
250001 115.601
260001 114.545
270001 111.364
280001 106.183
290001 100.875
300001 104.351
310001 100.433
320001 92.8948
330001 90.0113
340001 85.5003
350001 87.6293
360001 89.2728
370001 88.758
380001 83.7611
390001 81.1695
400001 78.9727
410001 78.9716
420001 79.4061
430001 76.7764
440001 70.8611
450001 69.1341
460001 68.4788
470001 66.9136
480001 67.2306
490001 67.8153
500001 64.4308
510001 63.2694
520001 63.0091
530001 60.6242
540001 61.3613
550001 63.3848
560001 60.8101
570001 56.851
580001 55.6787
590001 53.2398
600001 54.4708
610001 55.2217
620001 54.8867
630001 52.3794
640001 50.6092
650001 49.298
660001 50.2411
670001 52.8872
680001 51.4401
690001 47.319
700001 45.3958
710001 45.146
720001 44.7721
730001 45.6626
740001 45.6906
750001 42.447
760001 41.4117
770001 41.3288
780001 40.6111
790001 41.8659
800001 43.5171
810001 38.9859
820001 38.3338
830001 37.8259
840001 36.4393
850001 37.0735
860001 38.6637
870001 38.1746
880001 34.7204
890001 33.727
900001 32.5048
910001 34.1054
920001 37.3283
930001 35.7041
940001 32.0386
950001 30.6479
960001 30.3854
970001 30.8451
980001 33.3773
990001 32.8002
1000001 28.3317
1010001 27.6336
1020001 27.5382
1030001 28.0758
1040001 30.3945
1050001 31.1077
1060001 26.3845
1070001 25.8171
1080001 25.6539
1090001 25.3695
1100001 26.9118
1110001 28.8971
1120001 28.3258
1130001 23.5166
1140001 22.9985
1150001 22.0245
1160001 24.6838
1170001 28.1925
1180001 26.2672
1190001 22.0785
1200001 21.1175
1210001 20.8491
1220001 22.5606
1230001 26.2118
1240001 25.491
1250001 19.7128
1260001 19.2891
1270001 19.1377
1280001 20.7574
1290001 24.4728
1300001 24.2658
1310001 18.5225
1320001 18.0659
1330001 17.9613
1340001 18.9488
1350001 21.0908
1360001 23.395
1370001 17.1839
1380001 16.6086
1390001 16.5244
1400001 15.7958
1410001 19.7333
1420001 23.262
1430001 21.1676
1440001 15.8359
1450001 15.2383
1460001 15.1508
1470001 18.0523
1480001 22.1934
1490001 21.2104
1500001 14.4895
1510001 14.214
1520001 13.9191
1530001 16.8499
1540001 22.0041
1550001 20.7822
1560001 13.9255
1570001 13.3761
1580001 13.3494
1590001 15.3642
1600001 18.3133
1610001 20.2845
1620001 13.7033
1630001 12.6009
1640001 12.4254
1650001 12.7007
1660001 17.405
1670001 20.6837
1680001 18.8498
1690001 12.2303
1700001 11.7509
1710001 12.2309
1720001 15.8785
1730001 19.9779
1740001 18.8342
1750001 11.4725
1760001 11.2813
1770001 10.9827
1780001 15.0284
1790001 20.6969
1800001 18.946
1810001 11.1252
1820001 10.804
1830001 10.6484
1840001 13.5517
1850001 17.83
1860001 18.7366
1870001 11.0792
1880001 10.664
1890001 10.1704
1900001 11.9257
1910001 16.3475
1920001 19.3999
1930001 17.7609
1940001 10.297
1950001 9.84399
1960001 9.85677
1970001 15.0662
1980001 18.9694
1990001 17.5002
2000001 9.74692
2010001 9.54912
2020001 9.2563
2030001 14.1811
2040001 19.8297
2050001 17.9548
2060001 9.73318
2070001 9.52596
2080001 9.50471
2090001 12.8861
2100001 18.3637
2110001 17.9902
2120001 9.38515
2130001 9.38923
2140001 8.85782
2150001 11.8182
2160001 16.1546
2170001 18.5586
2180001 11.0597
2190001 9.18094
2200001 8.93758
2210001 9.34014
2220001 14.8713
2230001 18.4446
2240001 17.0316
2250001 9.01432
2260001 8.67884
2270001 8.41924
2280001 13.8742
2290001 19.3389
2300001 17.3631
2310001 8.98788
2320001 8.65653
2330001 8.42103
2340001 12.9228
2350001 18.9005
2360001 17.5529
2370001 8.714
2380001 8.68943
2390001 8.21009
2400001 11.8741
2410001 16.8101
2420001 18.1244
2430001 9.19395
2440001 8.61318
2450001 8.24452
2460001 10.0526
2470001 14.9425
2480001 18.1527
2490001 16.8213
2500001 8.57104
2510001 8.17304
2520001 8.61292
2530001 14.0764
2540001 18.8727
2550001 16.9303
2560001 8.71658
2570001 8.22002
2580001 8.18208
2590001 13.1286
2600001 18.8227
2610001 17.3009
2620001 8.483
2630001 8.40618
2640001 7.92921
2650001 12.0875
2660001 17.8078
2670001 17.7967
2680001 8.86414
2690001 8.37246
2700001 7.9123
2710001 10.9115
2720001 15.1949
2730001 17.9438
2740001 8.71647
2750001 8.22195
2760001 7.88737
2770001 8.15674
2780001 14.4359
2790001 18.5216
2800001 16.6791
2810001 8.55351
2820001 8.0258
2830001 8.38725
2840001 13.2976
2850001 18.7921
2860001 17.0785
2870001 8.17279
2880001 8.12959
2890001 7.80558
2900001 12.4546
2910001 18.801
2920001 17.4893
2930001 8.62028
2940001 8.23255
2950001 8.02365
2960001 11.3988
2970001 15.9043
2980001 17.8198
2990001 8.9165
3000001 8.38368
3010001 7.80689
3020001 9.08869
3030001 14.7484
3040001 18.2283
3050001 16.6403
3060001 8.19724
3070001 7.90442
3080001 8.12033
3090001 13.6751
3100001 18.6193
3110001 16.8987
3120001 8.15477
3130001 8.01664
3140001 7.66181
3150001 12.8804
3160001 18.8995
3170001 17.2583
3180001 9.03293
3190001 8.17975
3200001 7.84202
3210001 11.7188
3220001 17.0744
3230001 17.7006
3240001 8.26901
3250001 8.44239
3260001 7.68944
3270001 10.398
3280001 15.0179
3290001 18.0657
3300001 16.6251
3310001 8.10897
3320001 7.77145
3330001 7.91763
3340001 14.1582
3350001 18.4342
3360001 16.6243
3370001 8.07094
3380001 7.79964
3390001 8.00477
3400001 13.2003
3410001 18.8767
3420001 17.0897
3430001 8.1007
3440001 8.40224
3450001 7.64467
3460001 12.1316
3470001 18.2152
3480001 17.502
3490001 9.51934
3500001 8.1841
3510001 7.64922
3520001 11.1045
3530001 15.569
3540001 17.8888
3550001 12.0563
3560001 8.204
3570001 7.8969
3580001 8.53986
3590001 14.5297
3600001 18.1907
3610001 16.6176
3620001 8.30874
3630001 7.85118
3640001 8.25723
3650001 13.4383
3660001 18.8393
3670001 16.9666
3680001 8.20821
3690001 7.94715
3700001 7.98107
3710001 12.6634
3720001 18.8122
3730001 17.3021
3740001 8.16124
3750001 8.43807
3760001 8.06051
3770001 11.5498
3780001 16.6289
3790001 17.8087
3800001 8.59493
3810001 8.10414
3820001 7.6804
3830001 9.81206
3840001 14.8549
3850001 18.0553
3860001 16.6162
3870001 8.05978
3880001 7.80427
3890001 7.86149
3900001 13.954
3910001 18.5787
3920001 16.6979
3930001 8.31188
3940001 8.05414
3950001 8.02728
3960001 13.0325
3970001 18.8225
3980001 17.1684
3990001 8.09043
4000001 8.09534
4010001 7.65464
4020001 11.9564
4030001 17.7897
4040001 17.6046
4050001 8.2434
4060001 8.17577
4070001 8.02301
4080001 10.8397
4090001 15.2802
4100001 17.9158
4110001 9.76048
4120001 8.17592
4130001 7.68397
4140001 8.1207
4150001 14.4003
4160001 18.349
4170001 16.616
4180001 8.09384
4190001 8.04857
4200001 7.92067
4210001 13.2628
4220001 18.8306
4230001 17.0172
4240001 8.05789
4250001 8.02566
4260001 7.79206
4270001 12.4719
4280001 18.8532
4290001 17.4039
4300001 8.32148
4310001 8.12405
4320001 7.63256
4330001 11.3778
4340001 16.1286
4350001 17.8108
4360001 8.55727
4370001 8.13808
4380001 7.6418
4390001 9.24691
4400001 14.7401
4410001 18.1431
4420001 16.6172
4430001 8.06864
4440001 7.73128
4450001 7.87921
4460001 13.7365
4470001 18.6481
4480001 16.7956
4490001 8.07323
4500001 7.84896
4510001 7.74152
4520001 12.8829
4530001 18.8529
4540001 17.2242
4550001 8.94075
4560001 8.12688
4570001 7.67097
4580001 11.7568
4590001 17.2943
4600001 17.6862
4610001 8.43196
4620001 8.12524
4630001 7.66887
4640001 10.4961
4650001 15.0708
4660001 18.0018
4670001 11.6949
4680001 8.0994
4690001 8.02406
4700001 7.89955
4710001 14.2235
4720001 18.4587
4730001 16.6192
4740001 8.05998
4750001 7.85626
4760001 7.96667
4770001 13.2059
4780001 18.8535
4790001 17.0659
4800001 8.05953
4810001 8.05902
4820001 7.64514
4830001 12.2364
4840001 18.4148
4850001 17.5097
4860001 8.18895
4870001 8.10749
4880001 7.80001
4890001 11.1811
4900001 15.6659
4910001 17.863
4920001 10.2314
4930001 8.13
4940001 7.71451
4950001 8.71236
4960001 14.6085
4970001 18.1904
4980001 16.6206
4990001 8.21296
5000001 7.76269
5010001 8.68639
5020001 13.5561
5030001 18.7544
5040001 16.9383
5050001 8.1481
5060001 7.91139
5070001 7.64774
5080001 12.7289
5090001 18.8484
5100001 17.2951
5110001 8.18763
5120001 8.14367
5130001 7.74354
5140001 11.5877
5150001 16.8296
5160001 17.7834
5170001 8.76451
5180001 8.16346
5190001 7.6736
5200001 10.0056
5210001 14.9249
5220001 18.0507
5230001 16.6219
5240001 8.12325
5250001 7.71186
5260001 7.83895
5270001 14.0449
5280001 18.5482
5290001 16.6222
5300001 8.20847
5310001 7.83638
5320001 7.72105
5330001 13.0674
5340001 18.8515
5350001 17.1454
5360001 8.13577
5370001 8.11404
5380001 7.67455
5390001 12.0108
5400001 17.9632
5410001 17.5915
5420001 8.22145
5430001 8.24133
5440001 7.99239
5450001 10.9591
5460001 15.3993
5470001 17.9115
5480001 9.7352
5490001 8.08094
5500001 7.80052
5510001 8.2557
5520001 14.4552
5530001 18.3195
5540001 16.6231
5550001 8.37553
5560001 7.92997
5570001 7.8046
5580001 13.3177
5590001 18.8539
5600001 16.9886
5610001 8.18821
5620001 7.94864
5630001 7.64976
5640001 12.5328
5650001 18.8572
5660001 17.3732
5670001 8.14886
5680001 8.1912
5690001 7.65136
5700001 11.4255
5710001 16.3283
5720001 17.807
5730001 9.01207
5740001 8.07323
5750001 7.75021
5760001 9.45801
5770001 14.799
5780001 18.1083
5790001 16.6239
5800001 8.18378
5810001 7.74404
5820001 7.75814
5830001 13.8409
5840001 18.6225
5850001 16.7814
5860001 8.1428
5870001 7.85202
5880001 7.89271
5890001 12.969
5900001 18.8582
5910001 17.2194
5920001 8.07808
5930001 8.20527
5940001 7.80228
5950001 11.8269
5960001 17.4913
5970001 17.656
5980001 8.47315
5990001 8.20193
6000001 7.645
6010001 10.6128
6020001 15.1505
6030001 17.9905
6040001 8.7019
6050001 8.04691
6060001 7.72082
6070001 7.96814
6080001 14.3063
6090001 18.4357
6100001 16.6247
6110001 8.08961
6120001 7.83405
6130001 8.28982
6140001 13.2247
6150001 18.859
6160001 17.0553
6170001 8.07224
6180001 8.1282
6190001 7.67885
6200001 12.326
6210001 18.6168
6220001 17.4651
6230001 8.48483
6240001 8.14348
6250001 7.78612
6260001 11.2592
6270001 15.8343
6280001 17.8552
6290001 9.62581
6300001 8.07156
6310001 7.72057
6320001 8.90292
6330001 14.6773
6340001 18.1755
6350001 16.6252
6360001 8.06215
6370001 7.73242
6380001 8.57479
6390001 13.6518
6400001 18.7056
6410001 16.9034
6420001 8.10998
6430001 8.03692
6440001 7.80197
6450001 12.7986
6460001 18.8591
6470001 17.2762
6480001 8.17744
6490001 8.10655
6500001 7.76663
6510001 11.6331
6520001 16.9946
6530001 17.7501
6540001 8.24822
6550001 8.41361
6560001 7.71006
6570001 10.2162
6580001 14.9936
6590001 18.0544
6600001 16.6256
6610001 8.0775
6620001 7.71538
6630001 7.83777
6640001 14.1039
6650001 18.5227
6660001 16.6257
6670001 8.05525
6680001 7.84972
6690001 7.61888
6700001 13.1145
6710001 18.86
6720001 17.1136
6730001 8.13477
6740001 8.1635
6750001 8.08002
6760001 12.1061
6770001 18.1598
6780001 17.5639
6790001 8.20722
6800001 8.1894
6810001 7.65093
6820001 11.0585
6830001 15.4781
6840001 17.8894
6850001 12.2449
6860001 8.10517
6870001 7.89909
6880001 8.41538
6890001 14.4986
6900001 18.2779
6910001 16.626
6920001 8.20907
6930001 7.84272
6940001 7.65842
6950001 13.4404
6960001 18.8607
6970001 16.9783
6980001 8.18011
6990001 7.93725
7000001 7.96056
7010001 12.6194
7020001 18.8612
7030001 17.3561
7040001 8.16518
7050001 8.12837
7060001 8.08847
7070001 11.4857
7080001 16.5089
7090001 17.8111
7100001 8.74515
7110001 8.06995
7120001 7.67213
7130001 9.63253
7140001 14.8747
7150001 18.0898
7160001 16.6261
7170001 8.19556
7180001 7.7878
7190001 8.24761
7200001 13.8778
7210001 18.6051
7220001 16.7521
7230001 8.30086
7240001 8.06127
7250001 8.00988
7260001 13.0256
7270001 18.8616
7280001 17.214
7290001 8.2445
7300001 8.14369
7310001 7.6644
7320001 11.9141
7330001 17.6632
7340001 17.6216
7350001 8.51108
7360001 8.11135
7370001 7.62732
7380001 10.8059
7390001 15.2416
7400001 17.9525
7410001 9.78381
7420001 8.17012
7430001 7.67381
7440001 8.07821
7450001 14.3642
7460001 18.3931
7470001 16.6263
7480001 8.34319
7490001 7.83911
7500001 7.8519
7510001 13.2758
7520001 18.8619
7530001 17.0345
7540001 8.04397
7550001 8.00154
7560001 7.67122
7570001 12.4027
7580001 18.8105
7590001 17.4382
7600001 8.27778
7610001 8.1117
7620001 7.87893
7630001 11.3243
7640001 16.0187
7650001 17.8509
7660001 8.88917
7670001 8.31446
7680001 7.65368
7690001 9.10385
7700001 14.7399
7710001 18.1511
7720001 16.6264
7730001 8.08823
7740001 7.81306
7750001 8.01553
7760001 13.6922
7770001 18.6737
7780001 16.8379
7790001 8.07251
7800001 7.9565
7810001 7.61878
7820001 12.8687
7830001 18.8622
7840001 17.2434
7850001 8.97288
7860001 8.1265
7870001 7.67451
7880001 11.7035
7890001 17.1663
7900001 17.7016
7910001 8.32158
7920001 8.10706
7930001 7.65512
7940001 10.4306
7950001 15.0407
7960001 18.037
7970001 16.6265
7980001 8.04946
7990001 7.72538
8000001 7.87092
8010001 14.199
8020001 18.488
8030001 16.6265
8040001 8.06306
8050001 7.76654
8060001 7.98705
8070001 13.1956
8080001 18.8624
8090001 17.0797
8100001 8.06116
8110001 8.38173
8120001 7.60965
8130001 12.1845
8140001 18.3488
8150001 17.5339
8160001 9.51797
8170001 8.1071
8180001 7.64026
8190001 11.1251
8200001 15.5842
8210001 17.8791
8220001 10.4118
8230001 8.15828
8240001 7.74392
8250001 8.59377
8260001 14.5732
8270001 18.2352
8280001 16.6265
8290001 8.30753
8300001 7.76308
8310001 8.73933
8320001 13.4758
8330001 18.7968
8340001 16.9596
8350001 8.17952
8360001 7.91594
8370001 7.7053
8380001 12.6973
8390001 18.8628
8400001 17.3258
8410001 8.19396
8420001 8.43017
8430001 8.04053
8440001 11.5521
8450001 16.6674
8460001 17.7885
8470001 8.42967
8480001 8.10397
8490001 7.6559
8500001 9.82993
8510001 14.9157
8520001 18.0704
8530001 16.6265
8540001 8.05479
8550001 7.7606
8560001 7.84776
8570001 13.9908
8580001 18.5788
8590001 16.681
8600001 8.21781
8610001 7.84233
8620001 7.75889
8630001 13.0676
8640001 18.8629
8650001 17.153
8660001 8.09481
8670001 8.09269
8680001 7.68637
8690001 11.9834
8700001 17.8466
8710001 17.5968
8720001 8.23665
8730001 8.16917
8740001 8.01519
8750001 10.8901
8760001 15.3319
8770001 17.9408
8780001 10.0601
8790001 8.06662
8800001 7.69138
8810001 8.18863
8820001 14.418
8830001 18.3531
8840001 16.6265
8850001 8.36511
8860001 8.05266
8870001 7.80671
8880001 13.3027
8890001 18.863
8900001 17.0186
8910001 8.0714
8920001 8.02301
8930001 7.80023
8940001 12.4911
8950001 18.8631
8960001 17.4139
8970001 8.23227
8980001 8.12149
8990001 7.63406
9000001 11.3807
9010001 16.1844
9020001 17.8193
9030001 8.53026
9040001 8.13858
9050001 7.72614
9060001 9.28015
9070001 14.7927
9080001 18.1352
9090001 16.6265
9100001 8.06365
9110001 7.72902
9120001 7.95333
9130001 13.7672
9140001 18.6579
9150001 16.794
9160001 8.07412
9170001 7.86095
9180001 7.72164
9190001 12.913
9200001 18.8631
9210001 17.2328
9220001 8.07799
9230001 8.12743
9240001 7.66521
9250001 11.8061
9260001 17.3535
9270001 17.6855
9280001 8.42187
9290001 8.20786
9300001 7.68196
9310001 10.5487
9320001 15.0913
9330001 18.0077
9340001 10.5248
9350001 8.09802
9360001 8.03145
9370001 7.93467
9380001 14.2493
9390001 18.4736
9400001 16.6264
9410001 8.09176
9420001 7.85507
9430001 8.0789
9440001 13.2266
9450001 18.8632
9460001 17.0585
9470001 8.06112
9480001 8.05968
9490001 7.64937
9500001 12.2792
9510001 18.5298
9520001 17.5218
9530001 8.19072
9540001 8.13681
9550001 7.80237
9560001 11.1849
9570001 15.7242
9580001 17.8674
9590001 9.73188
9600001 8.08026
9610001 7.72759
9620001 8.74491
9630001 14.6702
9640001 18.1824
9650001 16.6264
9660001 8.09202
9670001 7.74023
9680001 8.69129
9690001 13.5623
9700001 18.7516
9710001 16.9456
9720001 8.13075
9730001 8.04602
9740001 7.6336
9750001 12.7546
9760001 18.8633
9770001 17.3019
9780001 8.15048
9790001 8.14556
9800001 7.76126
9810001 11.6113
9820001 16.8628
9830001 17.7635
9840001 8.82903
9850001 8.16138
9860001 7.71364
9870001 10.0646
9880001 14.9566
9890001 18.0598
9900001 16.6263
9910001 8.12599
9920001 7.71398
9930001 7.83304
9940001 14.077
9950001 18.5518
9960001 16.6263
9970001 8.21442
9980001 7.87322
9990001 7.62384
10000001 13.1136
10010001 18.8633
10020001 17.1254
10030001 8.13913
10040001 8.11497
10050001 8.08643
10060001 12.0579
10070001 18.051
10080001 17.5966
10090001 8.20339
10100001 8.23918
10110001 7.6349
10120001 10.9611
10130001 15.4162
10140001 17.9183
10150001 10.1047
10160001 8.08278
10170001 7.82561
10180001 8.30749
10190001 14.4805
10200001 18.2878
10210001 16.6262
10220001 8.21032
10230001 7.92983
10240001 7.72736
10250001 13.3768
10260001 18.8633
10270001 16.9938
10280001 8.18085
10290001 7.94473
10300001 7.65175
10310001 12.5694
10320001 18.8633
10330001 17.3769
10340001 8.15386
10350001 8.19349
10360001 7.64851
10370001 11.438
10380001 16.3637
10390001 17.8123
10400001 9.04029
10410001 8.07659
10420001 7.76467
10430001 9.50081
10440001 14.8264
10450001 18.1118
10460001 16.6261
10470001 8.19695
10480001 7.77898
10490001 8.29178
10500001 13.8591
10510001 18.6225
10520001 16.783
10530001 8.14003
10540001 7.84856
10550001 7.79083
10560001 12.9754
10570001 18.8633
10580001 17.2147
10590001 8.25333
10600001 8.20458
10610001 7.80313
10620001 11.8807
10630001 17.5751
10640001 17.6602
10650001 8.47735
10660001 8.11333
10670001 7.62195
10680001 10.7036
10690001 15.1542
10700001 17.9931
10710001 8.53878
10720001 8.05009
10730001 7.70693
10740001 8.01818
10750001 14.3204
10760001 18.4335
10770001 16.626
10780001 8.09134
10790001 7.83774
10800001 8.23018
10810001 13.2543
10820001 18.8632
10830001 17.0503
10840001 8.07195
10850001 8.12117
10860001 7.69525
10870001 12.3563
10880001 18.7047
10890001 17.4682
10900001 8.48605
10910001 8.11087
10920001 7.88494
10930001 11.272
10940001 15.8801
10950001 17.8512
10960001 8.83057
10970001 8.31557
10980001 7.72326
10990001 8.92481
11000001 14.7124
11010001 18.1686
11020001 16.6259
11030001 8.08946
11040001 7.73433
11050001 7.8692
11060001 13.6682
11070001 18.6923
11080001 16.8939
11090001 8.10713
11100001 7.9751
11110001 7.81061
11120001 12.8139
11130001 18.8632
11140001 17.2454
11150001 8.16515
11160001 8.10873
11170001 7.76776
11180001 11.6849
11190001 17.0597
11200001 17.7377
11210001 8.23793
11220001 8.4204
11230001 7.71148
11240001 10.2965
11250001 14.9961
11260001 18.0564
11270001 16.6259
11280001 8.07854
11290001 7.71993
11300001 7.85767
11310001 14.1222
11320001 18.5201
11330001 16.6258
11340001 8.04755
11350001 7.85775
11360001 8.00046
11370001 13.1956
11380001 18.8632
11390001 17.0942
11400001 8.06039
11410001 8.15697
11420001 8.0845
11430001 12.127
11440001 18.2565
11450001 17.5652
11460001 9.29575
11470001 8.18734
11480001 7.639
11490001 11.0603
11500001 15.5124
11510001 17.8869
11520001 12.0417
11530001 8.10186
11540001 7.93296
11550001 8.43976
11560001 14.5598
11570001 18.2356
11580001 16.6257
11590001 8.20642
11600001 7.84109
11610001 8.26239
11620001 13.4446
11630001 18.8369
11640001 16.9772
11650001 8.18018
11660001 7.93499
11670001 7.96645
11680001 12.6457
11690001 18.8631
11700001 17.3568
11710001 8.16397
11720001 8.24564
11730001 8.05203
11740001 11.535
11750001 16.5374
11760001 17.8091
11770001 8.74412
11780001 8.08902
11790001 7.66989
11800001 9.72164
11810001 14.8794
11820001 18.0903
11830001 16.6256
11840001 8.05881
11850001 7.79853
11860001 7.86008
11870001 13.8994
11880001 18.599
11890001 16.7517
11900001 8.30069
11910001 8.07202
11920001 8.01518
11930001 13.0469
11940001 18.863
11950001 17.1874
11960001 8.27265
11970001 8.14431
11980001 7.66898
11990001 11.9521
12000001 17.7396
12010001 17.622
12020001 8.50612
12030001 8.16832
12040001 7.63381
12050001 10.8093
12060001 15.2613
12070001 17.9522
12080001 9.82402
12090001 8.17019
12100001 7.67374
12110001 8.1037
12120001 14.3962
12130001 18.3527
12140001 16.6255
12150001 8.34029
12160001 8.00958
12170001 7.95419
12180001 13.2758
12190001 18.863
12200001 17.0347
12210001 8.06011
12220001 8.00196
12230001 7.79241
12240001 12.428
12250001 18.8597
12260001 17.4384
12270001 8.31912
12280001 8.12192
12290001 7.62734
12300001 11.3504
12310001 16.0569
12320001 17.8297
12330001 8.54894
12340001 8.31483
12350001 7.65826
12360001 9.15464
12370001 14.751
12380001 18.1512
12390001 16.6254
12400001 8.12955
12410001 7.81192
12420001 7.9311
12430001 13.717
12440001 18.6716
12450001 16.8345
12460001 8.07229
12470001 7.86875
12480001 7.63215
12490001 12.8869
12500001 18.8629
12510001 17.2332
12520001 8.97473
12530001 8.12158
12540001 7.67582
12550001 11.7478
12560001 17.2706
12570001 17.7014
12580001 8.43454
12590001 8.11787
12600001 7.6667
12610001 10.4803
12620001 15.0416
12630001 18.0368
12640001 15.8923
12650001 8.09897
12660001 8.02052
12670001 7.89272
12680001 14.2196
12690001 18.4755
12700001 16.6253
12710001 8.06273
12720001 7.76277
12730001 7.75654
12740001 13.2114
12750001 18.8628
12760001 17.0794
12770001 8.07457
12780001 8.3307
12790001 7.60541
12800001 12.2184
12810001 18.4162
12820001 17.5335
12830001 8.31531
12840001 8.10964
12850001 7.64098
12860001 11.1399
12870001 15.6025
12880001 17.8681
12890001 10.2992
12900001 8.16453
12910001 7.74405
12920001 8.61602
12930001 14.6191
12940001 18.2063
12950001 16.6252
12960001 8.30812
12970001 7.76091
12980001 8.65831
12990001 13.5037
13000001 18.7611
13010001 16.9578
13020001 8.14659
13030001 7.91301
13040001 7.64186
13050001 12.7129
13060001 18.8627
13070001 17.3029
13080001 8.19284
13090001 8.14365
13100001 7.74313
13110001 11.5908
13120001 16.7583
13130001 17.7878
13140001 8.43081
13150001 8.16473
13160001 7.66247
13170001 9.9764
13180001 14.9155
13190001 18.0696
13200001 16.6251
13210001 8.04439
13220001 7.75116
13230001 7.84592
13240001 14.0196
13250001 18.5765
13260001 16.6795
13270001 8.21737
13280001 7.83833
13290001 7.71883
13300001 13.0701
13310001 18.8627
13320001 17.1524
13330001 8.07746
13340001 8.11802
13350001 7.68754
13360001 12.008
13370001 17.952
13380001 17.5961
13390001 8.23363
13400001 8.24425
13410001 8.01316
13420001 10.9091
13430001 15.3472
13440001 17.9174
13450001 10.1999
13460001 8.06849
13470001 7.81032
13480001 8.20096
13490001 14.4546
13500001 18.323
13510001 16.625
13520001 8.35546
13530001 7.95393
13540001 7.82053
13550001 13.3019
13560001 18.8626
13570001 17.0118
13580001 8.19405
13590001 8.01651
13600001 7.79632
13610001 12.5068
13620001 18.8626
13630001 17.3766
13640001 8.14965
13650001 8.19357
13660001 7.65605
13670001 11.4281
13680001 16.2672
13690001 17.8114
13700001 8.96952
13710001 8.14021
13720001 7.72828
13730001 9.39296
13740001 14.7922
13750001 18.1342
13760001 16.6249
13770001 8.0811
13780001 7.74745
13790001 7.76415
13800001 13.7819
13810001 18.6522
13820001 16.7926
13830001 8.1455
13840001 7.86316
13850001 7.70087
13860001 12.9487
13870001 18.8625
13880001 17.2219
13890001 8.0778
13900001 8.20445
13910001 7.80268
13920001 11.8256
13930001 17.469
13940001 17.6845
13950001 8.45435
13960001 8.20633
13970001 7.67766
13980001 10.585
13990001 15.1095
14000001 18.0066
14010001 9.00454
14020001 8.04667
14030001 8.00882
14040001 7.94849
14050001 14.2869
14060001 18.4389
14070001 16.6248
14080001 8.09056
14090001 7.85741
14100001 8.06224
14110001 13.2255
14120001 18.8625
14130001 17.0574
14140001 8.06447
14150001 8.14014
14160001 7.64742
14170001 12.2992
14180001 18.5685
14190001 17.4886
14200001 8.50414
14210001 8.13109
14220001 7.78367
14230001 11.227
14240001 15.7584
14250001 17.8562
14260001 9.6592
14270001 8.07658
14280001 7.71685
14290001 8.81622
14300001 14.6692
14310001 18.1812
14320001 16.6247
14330001 8.09228
14340001 7.73855
14350001 8.63401
14360001 13.5891
14370001 18.7111
14380001 16.9412
14390001 8.09967
14400001 8.04153
14410001 7.80018
14420001 12.7876
14430001 18.8624
14440001 17.2774
14450001 8.1729
14460001 8.10767
14470001 7.74962
14480001 11.6346
14490001 16.9642
14500001 17.7623
14510001 8.82775
14520001 8.40995
14530001 7.71601
14540001 10.1701
14550001 14.9616
14560001 18.0566
14570001 16.6246
14580001 8.17752
14590001 7.72171
14600001 7.84173
14610001 14.0927
14620001 18.523
14630001 16.6246
14640001 8.05622
14650001 7.84994
14660001 7.62401
14670001 13.1126
14680001 18.8623
14690001 17.1243
14700001 8.14994
14710001 8.16365
14720001 8.08482
14730001 12.0754
14740001 18.1218
14750001 17.5872
14760001 8.2025
14770001 8.22355
14780001 7.63591
14790001 10.9971
14800001 15.455
14810001 17.8896
14820001 10.2129
14830001 8.1053
14840001 7.84195
14850001 8.346
14860001 14.4991
14870001 18.2865
14880001 16.6245
14890001 8.20948
14900001 7.84334
14910001 7.66568
14920001 13.3886
14930001 18.8622
14940001 16.9926
14950001 8.17722
14960001 7.947
14970001 7.6292
14980001 12.6155
14990001 18.8622
15000001 17.3558
15010001 8.16151
15020001 8.12881
15030001 7.64012
15040001 11.4873
15050001 16.4644
15060001 17.811
15070001 8.69697
15080001 8.0761
15090001 7.67778
15100001 9.61124
15110001 14.8254
15120001 18.1092
15130001 16.6245
15140001 8.20107
15150001 7.76844
15160001 8.32169
15170001 13.8727
15180001 18.6213
15190001 16.7816
15200001 8.30267
15210001 7.853
15220001 7.78881
15230001 13.0099
15240001 18.8622
15250001 17.2135
15260001 8.25365
15270001 8.14386
15280001 7.66295
15290001 11.8994
15300001 17.6443
15310001 17.6588
15320001 8.58994
15330001 8.1151
15340001 7.6221
15350001 10.7197
15360001 15.1929
15370001 17.9517
15380001 8.54511
15390001 8.05591
15400001 7.69768
15410001 8.03022
15420001 14.3507
15430001 18.3937
15440001 16.6244
15450001 8.34391
15460001 7.84041
15470001 8.20163
15480001 13.253
15490001 18.8621
15500001 17.0459
15510001 8.07109
15520001 8.00491
15530001 7.69542
15540001 12.3681
15550001 18.7216
15560001 17.4375
15570001 8.49456
15580001 8.11377
15590001 7.88275
15600001 11.3256
15610001 15.9629
15620001 17.8499
15630001 8.84987
15640001 8.31238
15650001 7.70267
15660001 9.05622
15670001 14.7113
15680001 18.1672
15690001 16.6243
15700001 8.09012
15710001 7.81254
15720001 8.02121
15730001 13.671
15740001 18.691
15750001 16.8926
15760001 8.11163
15770001 7.95564
15780001 7.61781
15790001 12.8399
15800001 18.862
15810001 17.2441
15820001 8.98258
15830001 8.12556
15840001 7.777
15850001 11.6978
15860001 17.1464
15870001 17.7364
15880001 8.23939
15890001 8.24641
15900001 7.65412
15910001 10.3885
15920001 15.0037
15930001 18.0358
15940001 16.6242
15950001 8.05371
15960001 7.72091
15970001 7.86105
15980001 14.1746
15990001 18.4916
16000001 16.6242
16010001 8.06048
16020001 7.77589
16030001 7.98724
16040001 13.1943
16050001 18.8619
16060001 17.093
16070001 8.05987
16080001 8.38022
16090001 7.60961
16100001 12.1388
16110001 18.2782
16120001 17.5326
16130001 9.51097
16140001 8.18553
16150001 7.63876
16160001 11.115
16170001 15.5659
16180001 17.8776
16190001 12.0359
16200001 8.17206
16210001 7.86901
16220001 8.51859
16230001 14.5585
16240001 18.2343
16250001 16.6241
16260001 8.30602
16270001 7.85352
16280001 8.26344
16290001 13.4431
16300001 18.8356
16310001 16.976
16320001 8.18664
16330001 7.9337
16340001 7.96341
16350001 12.6784
16360001 18.8619
16370001 17.3243
16380001 8.16163
16390001 8.43389
16400001 8.05177
16410001 11.5506
16420001 16.6364
16430001 17.8077
16440001 8.57846
16450001 8.09249
16460001 7.66365
16470001 9.8023
16480001 14.8843
16490001 18.0869
16500001 16.6241
16510001 8.06082
16520001 7.803
16530001 7.86622
16540001 13.9654
16550001 18.5773
16560001 16.6921
16570001 8.29954
16580001 8.04982
16590001 8.02049
16600001 13.0508
16610001 18.8618
16620001 17.1862
16630001 8.09558
16640001 8.09473
16650001 7.66564
16660001 11.958
16670001 17.7974
16680001 17.5971
16690001 8.23469
16700001 8.17117
16710001 8.01458
16720001 10.8474
16730001 15.3152
16740001 17.939
16750001 9.78913
16760001 8.17308
16770001 7.68907
16780001 8.12715
16790001 14.411
16800001 18.3513
16810001 16.624
16820001 8.38132
16830001 8.04771
16840001 7.9262
16850001 13.2745
16860001 18.8618
16870001 17.0309
16880001 8.06153
16890001 8.02642
16900001 7.79424
16910001 12.4751
16920001 18.8617
16930001 17.4122
16940001 8.31821
16950001 8.12289
16960001 7.62833
16970001 11.3816
16980001 16.1616
16990001 17.8284
17000001 8.55778
17010001 8.14091
17020001 7.64448
17030001 9.25628
17040001 14.7507
17050001 18.1474
17060001 16.6239
17070001 8.0651
17080001 7.7255
17090001 7.87448
17100001 13.7464
17110001 18.6704
17120001 16.8045
17130001 8.08054
17140001 7.85073
17150001 7.72022
17160001 12.8875
17170001 18.8617
17180001 17.2319
17190001 8.95642
17200001 8.12659
17210001 7.667
17220001 11.7624
17230001 17.3167
17240001 17.7001
17250001 8.43403
17260001 8.13751
17270001 7.67071
17280001 10.5013
17290001 15.0868
17300001 18.0057
17310001 11.6355
17320001 8.09738
17330001 8.01543
17340001 7.89714
17350001 14.2346
17360001 18.4741
17370001 16.6238
17380001 8.06388
17390001 7.85784
17400001 8.06776
17410001 13.2101
17420001 18.8616
17430001 17.0731
17440001 8.05764
17450001 8.05926
17460001 7.65291
17470001 12.2528
17480001 18.432
17490001 17.5199
17500001 8.19222
17510001 8.10808
17520001 7.80396
17530001 11.1856
17540001 15.6733
17550001 17.8669
17560001 10.2112
17570001 8.13858
17580001 7.71162
17590001 8.71226
17600001 14.618
17610001 18.2016
17620001 16.6238
17630001 8.09439
17640001 7.76236
17650001 8.72583
17660001 13.5603
17670001 18.76
17680001 16.9437
17690001 8.14739
17700001 7.91231
17710001 7.64918
17720001 12.7343
17730001 18.8616
17740001 17.3017
17750001 8.18671
17760001 8.14595
17770001 7.74463
17780001 11.591
17790001 16.8376
17800001 17.7866
17810001 8.76995
17820001 8.16236
17830001 7.6838
17840001 10.0077
17850001 14.9371
17860001 18.0578
17870001 16.6237
17880001 8.12553
17890001 7.71306
17900001 7.84046
17910001 14.0509
17920001 18.5514
17930001 16.6237
17940001 8.20587
17950001 7.83545
17960001 7.72375
17970001 13.0707
17980001 18.8615
17990001 17.1503
18000001 8.13693
18010001 8.11515
18020001 7.67677
18030001 12.0149
18040001 17.975
18050001 17.5946
18060001 8.22233
18070001 8.24357
18080001 7.98257
18090001 10.9616
18100001 15.4063
18110001 17.9161
18120001 9.85073
18130001 8.0805
18140001 7.802
18150001 8.26888
18160001 14.4585
18170001 18.3218
18180001 16.6236
18190001 8.38311
18200001 7.92877
18210001 7.80422
18220001 13.3364
18230001 18.8614
18240001 16.9919
18250001 8.18949
18260001 7.95
18270001 7.65097
18280001 12.5355
18290001 18.8614
18300001 17.3754
18310001 8.14886
18320001 8.19091
18330001 7.65128
18340001 11.4284
18350001 16.3393
18360001 17.8102
18370001 9.01149
18380001 8.07432
18390001 7.74527
18400001 9.4608
18410001 14.8021
18420001 18.1096
18430001 16.6236
18440001 8.19917
18450001 7.74486
18460001 7.75404
18470001 13.8422
18480001 18.6267
18490001 16.7821
18500001 8.1439
18510001 7.85148
18520001 7.89485
18530001 12.9713
18540001 18.8614
18550001 17.2208
18560001 8.08028
18570001 8.20603
18580001 7.80616
18590001 11.8299
18600001 17.4961
18610001 17.658
18620001 8.47395
18630001 8.2044
18640001 7.65218
18650001 10.62
18660001 15.1523
18670001 17.9909
18680001 8.58823
18690001 8.04748
18700001 7.72028
18710001 7.9725
18720001 14.3075
18730001 18.4376
18740001 16.6235
18750001 8.09126
18760001 7.83673
18770001 8.28632
18780001 13.2243
18790001 18.8613
18800001 17.0561
18810001 8.07225
18820001 8.1308
18830001 7.67871
18840001 12.3284
18850001 18.6241
18860001 17.4661
18870001 8.48639
18880001 8.14359
18890001 7.70705
18900001 11.2619
18910001 15.836
18920001 17.8551
18930001 9.66544
18940001 8.07205
18950001 7.72314
18960001 8.90384
18970001 14.6786
18980001 18.1763
18990001 16.6234
19000001 8.05824
19010001 7.7336
19020001 8.55851
19030001 13.6515
19040001 18.7025
19050001 16.9031
19060001 8.11062
19070001 8.03897
19080001 7.80114
19090001 12.8022
19100001 18.8613
19110001 17.2763
19120001 8.1806
19130001 8.10882
19140001 7.76726
19150001 11.6348
19160001 16.9962
19170001 17.7356
19180001 8.24813
19190001 8.41582
19200001 7.71037
19210001 10.2181
19220001 14.9942
19230001 18.0542
19240001 16.6234
19250001 8.07946
19260001 7.76267
19270001 7.8382
19280001 14.1088
19290001 18.5218
19300001 16.6234
19310001 8.05598
19320001 7.84895
19330001 7.61999
19340001 13.1134
19350001 18.8612
19360001 17.1133
19370001 8.13367
19380001 8.16435
19390001 8.08564
19400001 12.108
19410001 18.1658
19420001 17.5632
19430001 8.19894
19440001 8.19029
19450001 7.6494
19460001 11.06
19470001 15.4786
19480001 17.8884
19490001 12.2137
19500001 8.10711
19510001 7.89993
19520001 8.41619
19530001 14.498
19540001 18.277
19550001 16.6233
19560001 8.21051
19570001 7.84454
19580001 7.77417
19590001 13.4388
19600001 18.8611
19610001 16.9775
19620001 8.1789
19630001 7.93743
19640001 7.95884
19650001 12.6207
19660001 18.8611
19670001 17.3547
19680001 8.16529
19690001 8.12929
19700001 8.06052
19710001 11.4876
19720001 16.5093
19730001 17.8099
19740001 8.74508
19750001 8.07154
19760001 7.67332
19770001 9.63357
19780001 14.8777
19790001 18.0881
19800001 16.6232
19810001 8.19381
19820001 7.79297
19830001 8.25509
19840001 13.8768
19850001 18.6045
19860001 16.7494
19870001 8.30122
19880001 8.06109
19890001 8.00874
19900001 13.0243
19910001 18.8611
19920001 17.2124
19930001 8.2466
19940001 8.14401
19950001 7.66492
19960001 11.9156
19970001 17.6632
19980001 17.6199
19990001 8.5113
20000001 8.11353
20010001 7.62899
20020001 10.8073
20030001 15.2402
20040001 17.9505
20050001 9.77365
20060001 8.1696
20070001 7.67428
20080001 8.07878
20090001 14.3625
20100001 18.3914
20110001 16.6232
20120001 8.34424
20130001 7.83886
20140001 7.85412
20150001 13.2737
20160001 18.861
20170001 17.0327
20180001 8.04455
20190001 8.00077
20200001 7.67577
20210001 12.4059
20220001 18.8148
20230001 17.4364
20240001 8.27713
20250001 8.11263
20260001 7.87913
20270001 11.3259
20280001 16.0195
20290001 17.8488
20300001 8.90901
20310001 8.31361
20320001 7.6536
20330001 9.10523
20340001 14.7432
20350001 18.1491
20360001 16.6231
20370001 8.09137
20380001 7.81555
20390001 8.02326
20400001 13.6901
20410001 18.672
20420001 16.8358
20430001 8.07199
20440001 7.9571
20450001 7.61875
20460001 12.8685
20470001 18.861
20480001 17.2414
20490001 8.97898
20500001 8.12599
20510001 7.67597
20520001 11.7046
20530001 17.1663
20540001 17.6994
20550001 8.29088
20560001 8.10727
20570001 7.653
20580001 10.4317
20590001 15.0389
20600001 18.0347
20610001 16.6231
20620001 8.0511
20630001 7.72262
20640001 7.87409
20650001 14.197
20660001 18.4856
20670001 16.6231
20680001 8.06321
20690001 7.7665
20700001 7.99022
20710001 13.1932
20720001 18.8609
20730001 17.0776
20740001 8.0617
20750001 8.37788
20760001 7.61074
20770001 12.1855
20780001 18.3493
20790001 17.5316
20800001 9.50153
20810001 8.10773
20820001 7.63705
20830001 11.1263
20840001 15.5826
20850001 17.8765
20860001 10.3398
20870001 8.15778
20880001 7.74317
20890001 8.59666
20900001 14.5732
20910001 18.2251
20920001 16.623
20930001 8.30864
20940001 7.76352
20950001 8.30177
20960001 13.4728
20970001 18.7947
20980001 16.9572
20990001 8.17704
21000001 7.91645
21010001 7.6352
21020001 12.7016
21030001 18.8608
21040001 17.3232
21050001 8.19261
21060001 8.43008
21070001 8.04833
21080001 11.5545
21090001 16.6653
21100001 17.7859
21110001 8.42999
21120001 8.10259
21130001 7.65546
21140001 9.84155
21150001 14.9138
21160001 18.0676
21170001 16.623
21180001 8.05464
21190001 7.75654
21200001 7.84662
21210001 13.989
21220001 18.5755
21230001 16.6773
21240001 8.217
21250001 7.84293
21260001 7.75636
21270001 13.0651
21280001 18.8608
21290001 17.1506
21300001 8.09521
21310001 8.09422
21320001 7.68622
21330001 11.9843
21340001 17.852
21350001 17.5943
21360001 8.2371
21370001 8.16995
21380001 8.01478
21390001 10.891
21400001 15.3294
21410001 17.9379
21420001 10.0737
21430001 8.06674
21440001 7.69405
21450001 8.19029
21460001 14.4174
21470001 18.3503
21480001 16.6229
21490001 8.36639
21500001 8.04897
21510001 7.80639
21520001 13.3
21530001 18.8608
21540001 17.0159
21550001 8.0723
21560001 8.02306
21570001 7.79869
21580001 12.4951
21590001 18.8607
21600001 17.4112
21610001 8.23828
21620001 8.12199
21630001 7.63893
21640001 11.3841
21650001 16.1834
21660001 17.8095
21670001 8.52844
21680001 8.13885
21690001 7.72677
21700001 9.28304
21710001 14.7906
21720001 18.1323
21730001 16.6229
21740001 8.06424
21750001 7.72783
21760001 7.90033
21770001 13.7664
21780001 18.6553
21790001 16.7907
21800001 8.07386
21810001 7.86198
21820001 7.72283
21830001 12.9123
21840001 18.8607
21850001 17.23
21860001 8.07886
21870001 8.1275
21880001 7.66514
21890001 11.807
21900001 17.3566
21910001 17.6826
21920001 8.3854
21930001 8.20786
21940001 7.68244
21950001 10.5495
21960001 15.0888
21970001 18.0047
21980001 10.4365
21990001 8.10046
22000001 8.0342
22010001 7.93702
22020001 14.2464
22030001 18.4705
22040001 16.6228
22050001 8.09227
22060001 7.85523
22070001 8.07849
22080001 13.2236
22090001 18.8607
22100001 17.0557
22110001 8.06004
22120001 8.05979
22130001 7.64915
22140001 12.281
22150001 18.5287
22160001 17.519
22170001 8.19098
22180001 8.1355
22190001 7.80341
22200001 11.1858
22210001 15.7217
22220001 17.8644
22230001 9.71659
22240001 8.08062
22250001 7.72595
22260001 8.74531
22270001 14.6675
22280001 18.1794
22290001 16.6228
22300001 8.09226
22310001 7.74072
22320001 8.66641
22330001 13.5594
22340001 18.736
22350001 16.9428
22360001 8.12938
22370001 8.04431
22380001 7.63348
22390001 12.755
22400001 18.8606
22410001 17.2989
22420001 8.1373
22430001 8.14501
22440001 7.7527
22450001 11.6122
22460001 16.8623
22470001 17.7605
22480001 8.82929
22490001 8.16525
22500001 7.71271
22510001 10.0737
22520001 14.9542
22530001 18.0568
22540001 16.6227
22550001 8.12889
22560001 7.71493
22570001 7.83297
22580001 14.0741
22590001 18.5488
22600001 16.6227
22610001 8.21591
22620001 7.87311
22630001 7.60859
22640001 13.1109
22650001 18.8606
22660001 17.1227
22670001 8.13938
22680001 8.11559
22690001 8.06838
22700001 12.0597
22710001 18.0572
22720001 17.5937
22730001 8.20349
22740001 8.23838
22750001 7.63495
22760001 10.9618
22770001 15.4146
22780001 17.9152
22790001 10.108
22800001 8.08287
22810001 7.82825
22820001 8.3076
22830001 14.4891
22840001 18.2848
22850001 16.6227
22860001 8.21019
22870001 7.93343
22880001 7.7228
22890001 13.3737
22900001 18.8605
22910001 16.991
22920001 8.17918
22930001 7.94531
22940001 7.65086
22950001 12.5701
22960001 18.8605
22970001 17.3739
22980001 8.14693
22990001 8.19678
23000001 7.65015
23010001 11.44
23020001 16.3637
23030001 17.8093
23040001 9.05272
23050001 8.07664
23060001 7.76688
23070001 9.50293
23080001 14.8239
23090001 18.1086
23100001 16.6226
23110001 8.19712
23120001 7.77929
23130001 8.27051
23140001 13.8561
23150001 18.6196
23160001 16.7799
23170001 8.13993
23180001 7.85247
23190001 7.79068
23200001 12.9746
23210001 18.8605
23220001 17.2119
23230001 8.25439
23240001 8.20114
23250001 7.80244
23260001 11.8814
23270001 17.5772
23280001 17.6572
23290001 8.47204
23300001 8.11374
23310001 7.62179
23320001 10.7042
23330001 15.1514
23340001 17.99
23350001 8.53604
23360001 8.05048
23370001 7.70595
23380001 8.01944
23390001 14.3184
23400001 18.4303
23410001 16.6226
23420001 8.09184
23430001 7.83834
23440001 8.22866
23450001 13.2512
23460001 18.8604
23470001 17.0475
23480001 8.07216
23490001 8.12315
23500001 7.69571
23510001 12.3589
23520001 18.7028
23530001 17.4653
23540001 8.48699
23550001 8.11096
23560001 7.88464
23570001 11.274
23580001 15.8773
23590001 17.8482
23600001 8.82538
23610001 8.31327
23620001 7.72447
23630001 8.92846
23640001 14.7098
23650001 18.1655
23660001 16.6225
23670001 8.08936
23680001 7.73391
23690001 7.86748
23700001 13.6654
23710001 18.6894
23720001 16.891
23730001 8.10668
23740001 7.96487
23750001 7.82033
23760001 12.8137
23770001 18.8604
23780001 17.2425
23790001 8.17121
23800001 8.10985
23810001 7.76661
23820001 11.6857
23830001 17.0702
23840001 17.7347
23850001 8.23815
23860001 8.42206
23870001 7.71306
23880001 10.2972
23890001 14.9934
23900001 18.0534
23910001 16.6225
23920001 8.0793
23930001 7.72021
23940001 7.85765
23950001 14.121
23960001 18.5169
23970001 16.6225
23980001 8.04817
23990001 7.8523
24000001 8.04077
24010001 13.1926
24020001 18.8603
24030001 17.0915
24040001 8.06028
24050001 8.1546
24060001 8.08694
24070001 12.1316
24080001 18.2555
24090001 17.5624
24100001 9.30949
24110001 8.18731
24120001 7.63807
24130001 11.0619
24140001 15.51
24150001 17.8779
24160001 12.039
24170001 8.1013
24180001 7.93805
24190001 8.44196
24200001 14.557
24210001 18.2326
24220001 16.6225
24230001 8.20525
24240001 7.83992
24250001 8.25526
24260001 13.4412
24270001 18.834
24280001 16.9745
24290001 8.18079
24300001 7.93444
24310001 7.96496
24320001 12.6463
24330001 18.8603
24340001 17.3487
24350001 8.16328
24360001 8.44069
24370001 8.05297
24380001 11.547
24390001 16.5365
24400001 17.8062
24410001 8.74184
24420001 8.08852
24430001 7.67076
24440001 9.73137
24450001 14.877
24460001 18.0873
24470001 16.6224
24480001 8.05962
24490001 7.80685
24500001 7.86559
24510001 13.8967
24520001 18.5962
24530001 16.7486
24540001 8.30082
24550001 8.07191
24560001 8.01543
24570001 13.0449
24580001 18.8603
24590001 17.1847
24600001 8.26511
24610001 8.15938
24620001 7.68055
24630001 11.9537
24640001 17.7416
24650001 17.6191
24660001 8.5008
24670001 8.16876
24680001 7.62835
24690001 10.8107
24700001 15.2585
24710001 17.9493
24720001 9.81917
24730001 8.17005
24740001 7.67397
24750001 8.10369
24760001 14.3935
24770001 18.3497
24780001 16.6224
24790001 8.33852
24800001 8.00862
24810001 7.95508
24820001 13.2728
24830001 18.8602
24840001 17.032
24850001 8.06021
24860001 8.0024
24870001 7.78871
24880001 12.4287
24890001 18.8579
24900001 17.4356
24910001 8.31969
24920001 8.12263
24930001 7.62816
24940001 11.3543
24950001 16.0542
24960001 17.8269
24970001 8.5518
24980001 8.31049
24990001 7.65293
25000001 9.15535
25010001 14.7486
25020001 18.1483
25030001 16.6223
25040001 8.13618
25050001 7.81421
25060001 7.9249
25070001 13.7141
25080001 18.6689
25090001 16.8319
25100001 8.07235
25110001 7.86013
25120001 7.62738
25130001 12.886
25140001 18.8602
25150001 17.2305
25160001 8.98168
25170001 8.11955
25180001 7.67636
25190001 11.7537
25200001 17.2679
25210001 17.6986
25220001 8.43688
25230001 8.11872
25240001 7.66547
25250001 10.4821
25260001 15.0394
25270001 18.031
25280001 15.4939
25290001 8.09929
25300001 8.01956
25310001 7.89268
25320001 14.2171
25330001 18.4725
25340001 16.6223
25350001 8.06159
25360001 7.76346
25370001 7.62221
25380001 13.2086
25390001 18.8601
25400001 17.0769
25410001 8.05666
25420001 8.07218
25430001 7.60859
25440001 12.2186
25450001 18.4135
25460001 17.5308
25470001 8.31917
25480001 8.11192
25490001 7.63906
25500001 11.1427
25510001 15.6049
25520001 17.8654
25530001 10.2992
25540001 8.15785
25550001 7.74336
25560001 8.61803
25570001 14.6166
25580001 18.2035
25590001 16.6223
25600001 8.30812
25610001 7.75928
25620001 8.6527
25630001 13.5007
25640001 18.7585
25650001 16.9552
25660001 8.14618
25670001 7.91155
25680001 7.64348
25690001 12.7154
25700001 18.8601
25710001 17.3003
25720001 8.19217
25730001 8.14479
25740001 7.74355
25750001 11.5914
25760001 16.7643
25770001 17.7851
25780001 8.42503
25790001 8.16494
25800001 7.66412
25810001 9.97994
25820001 14.9131
25830001 18.0668
25840001 16.6222
25850001 8.04591
25860001 7.75326
25870001 7.84591
25880001 14.0241
25890001 18.5738
25900001 16.6766
25910001 8.21685
25920001 7.83956
25930001 7.72007
25940001 13.0677
25950001 18.8601
25960001 17.1499
25970001 8.07634
25980001 8.11871
25990001 7.68632
26000001 12.0086
26010001 17.9493
26020001 17.5936
26030001 8.23304
26040001 8.24134
26050001 8.01414
26060001 10.9095
26070001 15.3447
26080001 17.9147
26090001 10.2017
26100001 8.06846
26110001 7.81056
26120001 8.20263
26130001 14.4521
26140001 18.3203
26150001 16.6222
26160001 8.35408
26170001 7.95532
26180001 7.82312
26190001 13.2992
26200001 18.86
26210001 17.0094
26220001 8.19785
26230001 8.01744
26240001 7.79769
26250001 12.5077
26260001 18.86
26270001 17.374
26280001 8.14976
26290001 8.19516
26300001 7.66201
26310001 11.4288
26320001 16.2646
26330001 17.8088
26340001 8.98553
26350001 8.13874
26360001 7.72748
26370001 9.39776
26380001 14.79
26390001 18.1315
26400001 16.6222
26410001 8.08077
26420001 7.74933
26430001 7.76161
26440001 13.7791
26450001 18.6496
26460001 16.79
26470001 8.1456
26480001 7.86728
26490001 7.71215
26500001 12.9478
26510001 18.86
26520001 17.2195
26530001 8.08024
26540001 8.20265
26550001 7.80257
26560001 11.83
26570001 17.4718
26580001 17.6819
26590001 8.44451
26600001 8.2057
26610001 7.67349
26620001 10.5876
26630001 15.107
26640001 18.0039
26650001 9.00397
26660001 8.04949
26670001 8.0166
26680001 7.94842
26690001 14.2844
26700001 18.4362
26710001 16.6221
26720001 8.09055
26730001 7.8576
26740001 8.11458
26750001 13.2229
26760001 18.86
26770001 17.0551
26780001 8.06679
26790001 8.1424
26800001 7.65009
26810001 12.2993
26820001 18.566
26830001 17.4648
26840001 8.48505
26850001 8.13171
26860001 7.78572
26870001 11.2333
26880001 15.756
26890001 17.8537
26900001 9.65604
26910001 8.07662
26920001 7.71704
26930001 8.81931
26940001 14.6669
26950001 18.1787
26960001 16.6221
26970001 8.09454
26980001 7.73809
26990001 8.64251
27000001 13.5866
27010001 18.7088
27020001 16.9388
27030001 8.10739
27040001 8.03724
27050001 7.79995
27060001 12.7881
27070001 18.8599
27080001 17.275
27090001 8.17372
27100001 8.108
27110001 7.74563
27120001 11.6352
27130001 16.9653
27140001 17.7598
27150001 8.8256
27160001 8.41123
27170001 7.71571
27180001 10.1739
27190001 14.9619
27200001 18.0541
27210001 16.6221
27220001 8.185
27230001 7.72237
27240001 7.84173
27250001 14.0903
27260001 18.5205
27270001 16.6221
27280001 8.05641
27290001 7.85128
27300001 7.62801
27310001 13.1103
27320001 18.8599
27330001 17.1221
27340001 8.14773
27350001 8.1639
27360001 8.08682
27370001 12.0757
27380001 18.1199
27390001 17.5849
27400001 8.20258
27410001 8.19653
27420001 7.63466
27430001 10.9979
27440001 15.4539
27450001 17.8871
27460001 10.2153
27470001 8.10545
27480001 7.88088
27490001 8.34886
27500001 14.4968
27510001 18.2841
27520001 16.622
27530001 8.20996
27540001 7.84311
27550001 7.66436
27560001 13.3858
27570001 18.8599
27580001 16.9904
27590001 8.17873
27600001 7.94617
27610001 7.63153
27620001 12.6161
27630001 18.8599
27640001 17.3535
27650001 8.15756
27660001 8.12899
27670001 7.64421
27680001 11.488
27690001 16.4639
27700001 17.8086
27710001 8.70381
27720001 8.07382
27730001 7.67743
27740001 9.61145
27750001 14.8233
27760001 18.1068
27770001 16.622
27780001 8.20595
27790001 7.76287
27800001 8.3181
27810001 13.8702
27820001 18.619
27830001 16.7793
27840001 8.30382
27850001 7.85331
27860001 7.7899
27870001 13.0092
27880001 18.8598
27890001 17.2113
27900001 8.25421
27910001 8.14403
27920001 7.66081
27930001 11.8999
27940001 17.6436
27950001 17.6565
27960001 8.58074
27970001 8.11585
27980001 7.62203
27990001 10.7214
28000001 15.1971
28010001 17.9493
28020001 8.53912
28030001 8.05748
28040001 7.69914
28050001 8.03085
28060001 14.3488
28070001 18.3913
28080001 16.622
28090001 8.34454
28100001 7.84104
28110001 8.16699
28120001 13.2506
28130001 18.8598
28140001 17.0437
28150001 8.07979
28160001 8.00772
28170001 7.69606
28180001 12.3685
28190001 18.7206
28200001 17.4353
28210001 8.46742
28220001 8.11435
28230001 7.88387
28240001 11.3262
28250001 15.9737
28260001 17.8476
28270001 8.84556
28280001 8.31275
28290001 7.66586
28300001 9.05774
28310001 14.7093
28320001 18.1648
28330001 16.6219
28340001 8.09018
28350001 7.81279
28360001 8.02097
28370001 13.6788
28380001 18.6888
28390001 16.8904
28400001 8.11134
28410001 7.95784
28420001 7.61548
28430001 12.8398
28440001 18.8598
28450001 17.2419
28460001 8.9798
28470001 8.12638
28480001 7.77695
28490001 11.6984
28500001 17.1475
28510001 17.7341
28520001 8.2365
28530001 8.10079
28540001 7.65421
28550001 10.389
28560001 15.0043
28570001 18.0336
28580001 16.6219
28590001 8.05624
28600001 7.72351
28610001 7.86075
28620001 14.1726
28630001 18.4894
28640001 16.6219
28650001 8.0627
28660001 7.77554
28670001 7.98613
28680001 13.1921
28690001 18.8598
28700001 17.091
28710001 8.06017
28720001 8.38076
28730001 7.60926
28740001 12.1391
28750001 18.2763
28760001 17.5305
28770001 9.51092
28780001 8.18182
28790001 7.63936
28800001 11.123
28810001 15.5638
28820001 17.8753
28830001 12.0282
28840001 8.15943
28850001 7.86578
28860001 8.51875
28870001 14.5565
28880001 18.2321
28890001 16.6219
28900001 8.30627
28910001 7.84805
28920001 8.25639
28930001 13.4405
28940001 18.8335
28950001 16.974
28960001 8.18289
28970001 7.93379
28980001 7.96371
28990001 12.6791
29000001 18.8597
29010001 17.3222
29020001 8.16152
29030001 8.43428
29040001 8.05312
29050001 11.5513
29060001 16.6376
29070001 17.8056
29080001 8.55951
29090001 8.09145
29100001 7.66343
29110001 9.8036
29120001 14.8825
29130001 18.0847
29140001 16.6219
29150001 8.06013
29160001 7.80572
29170001 7.86618
29180001 13.9633
29190001 18.5751
29200001 16.6893
29210001 8.30331
29220001 8.05663
29230001 8.02008
29240001 13.0503
29250001 18.8597
29260001 17.1842
29270001 8.09565
29280001 8.09516
29290001 7.65861
29300001 11.9585
29310001 17.7953
29320001 17.5932
29330001 8.22576
29340001 8.17124
29350001 8.01475
29360001 10.8501
29370001 15.3148
29380001 17.9368
29390001 9.76519
29400001 8.17772
29410001 7.69645
29420001 8.13005
29430001 14.4091
29440001 18.3492
29450001 16.6218
29460001 8.36664
29470001 8.04704
29480001 7.90304
29490001 13.2723
29500001 18.8597
29510001 17.029
29520001 8.06448
29530001 8.02663
29540001 7.79513
29550001 12.4759
29560001 18.8597
29570001 17.4102
29580001 8.31938
29590001 8.12344
29600001 7.62901
29610001 11.3822
29620001 16.1596
29630001 17.8264
29640001 8.55953
29650001 8.14112
29660001 7.64697
29670001 9.25773
29680001 14.7519
29690001 18.1453
29700001 16.6218
29710001 8.06508
29720001 7.72549
29730001 7.87742
29740001 13.7443
29750001 18.6629
29760001 16.8025
29770001 8.07782
29780001 7.85356
29790001 7.7249
29800001 12.8869
29810001 18.8597
29820001 17.23
29830001 8.94624
29840001 8.12682
29850001 7.66564
29860001 11.763
29870001 17.3147
29880001 17.6981
29890001 8.43337
29900001 8.1314
29910001 7.67412
29920001 10.5028
29930001 15.0858
29940001 18.0036
29950001 11.6068
29960001 8.09821
29970001 8.01792
29980001 7.89793
29990001 14.2343
