1 2195.68
10001 609.726
20001 356.019
30001 227.641
40001 138.249
50001 141.683
60001 90.7886
70001 68.0915
80001 52.6724
90001 51.1025
100001 32.2189
110001 30.1123
120001 24.5083
130001 23.706
140001 16.297
150001 16.9296
160001 13.3964
170001 13.4452
180001 10.3099
190001 11.3061
200001 8.78487
210001 9.25198
220001 7.6283
230001 8.35633
240001 6.77868
250001 7.24262
260001 6.39026
270001 6.80639
280001 5.88548
290001 6.20076
300001 5.67999
310001 5.86636
320001 5.41906
330001 5.51232
340001 5.28709
350001 5.19747
360001 5.11079
370001 4.84257
380001 4.98253
390001 4.56955
400001 4.88421
410001 4.27079
420001 4.78599
430001 4.01923
440001 4.67596
450001 3.91027
460001 4.5725
470001 3.83653
480001 4.46183
490001 3.49316
500001 4.38001
510001 3.52577
520001 4.2906
530001 3.38496
540001 4.21547
550001 3.34916
560001 4.13973
570001 3.31227
580001 4.06592
590001 3.3458
600001 3.96849
610001 3.40533
620001 3.99057
630001 3.39931
640001 3.88482
650001 3.36986
660001 3.82331
670001 3.36853
680001 3.73409
690001 3.33779
700001 3.65634
710001 3.34664
720001 3.64314
730001 3.4229
740001 3.55506
750001 3.40714
760001 3.53559
770001 3.41943
780001 3.43518
790001 3.44281
800001 3.34894
810001 3.44259
820001 3.25369
830001 3.42608
840001 3.21011
850001 3.44678
860001 3.10759
870001 3.46337
880001 2.97396
890001 3.4684
900001 2.93172
910001 3.45501
920001 2.91081
930001 3.44698
940001 2.92674
950001 3.44027
960001 2.80672
970001 3.4234
980001 2.7893
990001 3.42476
1000001 2.78007
1010001 3.37792
1020001 2.80161
1030001 3.35815
1040001 2.95548
1050001 3.3003
1060001 2.92899
1070001 3.37521
1080001 2.95267
1090001 3.35901
1100001 2.98031
1110001 3.35249
1120001 2.96241
1130001 3.25913
1140001 2.97818
1150001 3.20833
1160001 2.98201
1170001 3.20809
1180001 3.08767
1190001 3.15254
1200001 3.09469
1210001 3.17251
1220001 3.11795
1230001 3.09366
1240001 3.13207
1250001 3.01774
1260001 3.14348
1270001 2.98537
1280001 3.1739
1290001 2.89428
1300001 3.18037
1310001 2.9284
1320001 3.1967
1330001 2.79976
1340001 3.22959
1350001 2.79866
1360001 3.22003
1370001 2.64681
1380001 3.23032
1390001 2.69082
1400001 3.214
1410001 2.65499
1420001 3.21133
1430001 2.65183
1440001 3.20537
1450001 2.65733
1460001 3.19791
1470001 2.74016
1480001 3.16947
1490001 2.81781
1500001 3.13612
1510001 2.82924
1520001 3.18647
1530001 2.84744
1540001 3.20367
1550001 2.85011
1560001 3.17338
1570001 2.86406
1580001 3.11192
1590001 2.88065
1600001 3.09406
1610001 2.92017
1620001 3.07645
1630001 3.00095
1640001 3.0361
1650001 3.02479
1660001 3.03207
1670001 3.04333
1680001 2.98292
1690001 3.07029
1700001 2.91286
1710001 3.06166
1720001 2.88801
1730001 3.08679
1740001 2.78667
1750001 3.11187
1760001 2.74352
1770001 3.14432
1780001 2.83784
1790001 3.14703
1800001 2.94951
1810001 3.15151
1820001 2.64791
1830001 3.14813
1840001 2.61665
1850001 3.14126
1860001 2.60733
1870001 3.17116
1880001 2.60466
1890001 3.13267
1900001 2.63741
1910001 3.11292
1920001 2.68089
1930001 3.09137
1940001 2.77902
1950001 3.15833
1960001 2.80753
1970001 3.11608
1980001 2.83847
1990001 3.17361
2000001 2.84327
2010001 3.10259
2020001 2.8304
2030001 3.05417
2040001 2.85998
2050001 3.08478
2060001 2.99236
2070001 3.00892
2080001 2.97377
2090001 3.02634
2100001 2.992
2110001 2.97314
2120001 3.02753
2130001 2.92733
2140001 3.03165
2150001 2.85885
2160001 3.05922
2170001 2.84393
2180001 3.06135
2190001 2.804
2200001 3.08907
2210001 2.72728
2220001 3.13778
2230001 2.66977
2240001 3.12169
2250001 2.67804
2260001 3.12829
2270001 2.6507
2280001 3.1322
2290001 2.59659
2300001 3.12508
2310001 2.59525
2320001 3.12384
2330001 2.5885
2340001 3.10403
2350001 2.67856
2360001 3.10768
2370001 2.77672
2380001 3.04085
2390001 2.77833
2400001 3.11237
2410001 2.79029
2420001 3.13873
2430001 2.82482
2440001 3.11222
2450001 2.81371
2460001 3.06409
2470001 2.8379
2480001 3.038
2490001 2.87181
2500001 3.02409
2510001 2.95973
2520001 2.98654
2530001 2.9749
2540001 2.99586
2550001 2.99296
2560001 2.94718
2570001 3.01078
2580001 2.88218
2590001 3.0188
2600001 2.87975
2610001 3.04617
2620001 2.7631
2630001 3.0731
2640001 2.73572
2650001 3.07444
2660001 2.81658
2670001 3.11534
2680001 2.70049
2690001 3.10904
2700001 2.57061
2710001 3.12317
2720001 2.60541
2730001 3.10754
2740001 2.5811
2750001 3.10855
2760001 2.58913
2770001 3.09615
2780001 2.59196
2790001 3.10303
2800001 2.64242
2810001 3.05353
2820001 2.75997
2830001 3.04185
2840001 2.77238
2850001 3.0914
2860001 2.79216
2870001 3.11878
2880001 2.79877
2890001 3.07893
2900001 2.81294
2910001 3.03931
2920001 2.82949
2930001 3.0265
2940001 2.97152
2950001 3.00308
2960001 2.95708
2970001 3.00432
2980001 2.97522
2990001 2.96062
3000001 2.99537
3010001 2.92265
3020001 3.02522
3030001 2.85778
3040001 3.01721
3050001 2.82359
3060001 3.04658
3070001 2.81835
3080001 3.07697
3090001 2.71212
3100001 3.09755
3110001 2.78553
3120001 3.10308
3130001 2.92455
3140001 3.11735
3150001 2.61882
3160001 3.10598
3170001 2.58806
3180001 3.10477
3190001 2.58252
3200001 3.12865
3210001 2.57721
3220001 3.08989
3230001 2.61338
3240001 3.07976
3250001 2.6604
3260001 3.03481
3270001 2.7551
3280001 3.11917
3290001 2.78883
3300001 3.12855
3310001 2.81841
3320001 3.13965
3330001 2.82562
3340001 3.07104
3350001 2.82794
3360001 3.02296
3370001 2.8406
3380001 3.05202
3390001 2.95167
3400001 2.97867
3410001 2.95394
3420001 2.99688
3430001 2.98102
3440001 2.93514
3450001 3.01001
3460001 2.88633
3470001 3.0119
3480001 2.85742
3490001 3.04188
3500001 2.80099
3510001 3.05076
3520001 2.8283
3530001 3.06744
3540001 2.71003
3550001 3.11948
3560001 2.65214
3570001 3.10297
3580001 2.58414
3590001 3.11393
3600001 2.63226
3610001 3.10363
3620001 2.5828
3630001 3.10533
3640001 2.57905
3650001 3.10258
3660001 2.57206
3670001 3.09592
3680001 2.66304
3690001 3.07285
3700001 2.75894
3710001 3.03809
3720001 2.76806
3730001 3.09029
3740001 2.78057
3750001 3.12418
3760001 2.79528
3770001 3.09376
3780001 2.80414
3790001 3.04735
3800001 2.82614
3810001 3.02247
3820001 2.86265
3830001 3.00035
3840001 2.95424
3850001 2.96994
3860001 2.96563
3870001 2.97314
3880001 2.99127
3890001 2.92235
3900001 3.00341
3910001 2.86622
3920001 3.01069
3930001 2.86151
3940001 3.03635
3950001 2.75598
3960001 3.06144
3970001 2.72371
3980001 3.06562
3990001 2.80535
4000001 3.10203
4010001 2.91117
4020001 3.10292
4030001 2.56826
4040001 3.10168
4050001 2.60715
4060001 3.09717
4070001 2.57345
4080001 3.09743
4090001 2.57385
4100001 3.08499
4110001 2.58579
4120001 3.07208
4130001 2.65302
4140001 3.05077
4150001 2.75582
4160001 3.11676
4170001 2.78374
4180001 3.07942
4190001 2.78686
4200001 3.10868
4210001 2.82152
4220001 3.07
4230001 2.80766
4240001 3.0334
4250001 2.83657
4260001 3.0492
4270001 2.96873
4280001 2.99435
4290001 2.95113
4300001 2.99157
4310001 2.96921
4320001 2.94445
4330001 3.0064
4340001 2.90074
4350001 3.0217
4360001 2.84903
4370001 3.01336
4380001 2.84779
4390001 3.04081
4400001 2.79732
4410001 3.07255
4420001 2.68411
4430001 3.09369
4440001 2.66926
4450001 3.09903
4460001 2.6746
4470001 3.10624
4480001 2.70393
4490001 3.11047
4500001 2.58634
4510001 3.10427
4520001 2.57806
4530001 3.12488
4540001 2.57495
4550001 3.0846
4560001 2.60899
4570001 3.07119
4580001 2.75874
4590001 3.02668
4600001 2.75136
4610001 3.11097
4620001 2.77984
4630001 3.12275
4640001 2.81535
4650001 3.13269
4660001 2.80308
4670001 3.05327
4680001 2.82653
4690001 3.00787
4700001 2.84215
4710001 3.00869
4720001 2.94917
4730001 2.96568
4740001 2.95063
4750001 2.98025
4760001 2.98069
4770001 2.92519
4780001 2.99983
4790001 2.86625
4800001 3.00733
4810001 2.84666
4820001 3.03964
4830001 2.77391
4840001 3.04817
4850001 2.81931
4860001 3.06545
4870001 2.70887
4880001 3.10424
4890001 2.70953
4900001 3.09785
4910001 2.56166
4920001 3.10938
4930001 2.59812
4940001 3.0969
4950001 2.57654
4960001 3.10011
4970001 2.57611
4980001 3.09748
4990001 2.58435
5000001 3.09121
5010001 2.65851
5020001 3.06392
5030001 2.75406
5040001 3.03276
5050001 2.76633
5060001 3.08645
5070001 2.78728
5080001 3.11318
5090001 2.79398
5100001 3.08716
5110001 2.805
5120001 3.03312
5130001 2.8244
5140001 3.01512
5150001 2.86314
5160001 2.99648
5170001 2.95393
5180001 2.95939
5190001 2.96816
5200001 2.95517
5210001 2.98743
5220001 2.91307
5230001 3.02027
5240001 2.85022
5250001 3.01122
5260001 2.83554
5270001 3.03487
5280001 2.73863
5290001 3.06045
5300001 2.69854
5310001 3.0932
5320001 2.79755
5330001 3.09812
5340001 2.91266
5350001 3.10181
5360001 2.61352
5370001 3.09925
5380001 2.58327
5390001 3.0947
5400001 2.57425
5410001 3.12502
5420001 2.57158
5430001 3.0848
5440001 2.60985
5450001 3.06776
5460001 2.65192
5470001 3.04962
5480001 2.75165
5490001 3.11353
5500001 2.78304
5510001 3.07289
5520001 2.81507
5530001 3.13783
5540001 2.82052
5550001 3.06494
5560001 2.80695
5570001 3.01741
5580001 2.83582
5590001 3.0444
5600001 2.97319
5610001 2.97208
5620001 2.95074
5630001 2.98311
5640001 2.96993
5650001 2.9357
5660001 3.0054
5670001 2.89281
5680001 3.00919
5690001 2.82878
5700001 3.03884
5710001 2.81852
5720001 3.03903
5730001 2.77863
5740001 3.06688
5750001 2.7056
5760001 3.11479
5770001 2.64956
5780001 3.09846
5790001 2.65877
5800001 3.1053
5810001 2.6342
5820001 3.10853
5830001 2.57986
5840001 3.10145
5850001 2.57921
5860001 3.10464
5870001 2.57364
5880001 3.07853
5890001 2.65791
5900001 3.07991
5910001 2.75745
5920001 3.01949
5930001 2.76603
5940001 3.08832
5950001 2.77873
5960001 3.11736
5970001 2.81426
5980001 3.09325
5990001 2.80246
6000001 3.04574
6010001 2.82847
6020001 3.01865
6030001 2.86133
6040001 3.00062
6050001 2.94861
6060001 2.96528
6070001 2.96273
6080001 2.96914
6090001 2.97898
6100001 2.92593
6110001 3.00104
6120001 2.86352
6130001 3.0078
6140001 2.88392
6150001 3.03486
6160001 2.74985
6170001 3.06183
6180001 2.72312
6190001 3.06329
6200001 2.80552
6210001 3.10384
6220001 2.69046
6230001 3.09749
6240001 2.56068
6250001 3.11027
6260001 2.59498
6270001 3.09563
6280001 2.57139
6290001 3.09648
6300001 2.57915
6310001 3.0826
6320001 2.58323
6330001 3.08943
6340001 2.66371
6350001 3.04628
6360001 2.7535
6370001 3.02876
6380001 2.76577
6390001 3.07801
6400001 2.78704
6410001 3.10766
6420001 2.79489
6430001 3.06715
6440001 2.80679
6450001 3.02904
6460001 2.82345
6470001 3.01279
6480001 2.96667
6490001 2.99087
6500001 2.95399
6510001 2.98822
6520001 2.96734
6530001 2.94674
6540001 2.98782
6550001 2.90986
6560001 3.01942
6570001 2.84938
6580001 3.01132
6590001 2.81464
6600001 3.04014
6610001 2.81216
6620001 3.07149
6630001 2.70477
6640001 3.09195
6650001 2.7786
6660001 3.09689
6670001 2.9141
6680001 3.11209
6690001 2.61376
6700001 3.10013
6710001 2.5824
6720001 3.09818
6730001 2.57678
6740001 3.1235
6750001 2.57209
6760001 3.0807
6770001 2.60944
6780001 3.07289
6790001 2.65543
6800001 3.0279
6810001 2.75135
6820001 3.11052
6830001 2.78609
6840001 3.12148
6850001 2.81526
6860001 3.1326
6870001 2.82237
6880001 3.06752
6890001 2.82535
6900001 3.01394
6910001 2.8369
6920001 3.04397
6930001 2.94809
6940001 2.97116
6950001 2.95047
6960001 2.98933
6970001 2.97853
6980001 2.92615
6990001 3.0078
7000001 2.8783
7010001 3.00814
7020001 2.84666
7030001 3.03865
7040001 2.79818
7050001 3.04788
7060001 2.82318
7070001 3.06428
7080001 2.70646
7090001 3.11566
7100001 2.64867
7110001 3.09942
7120001 2.57718
7130001 3.1099
7140001 2.63613
7150001 3.09876
7160001 2.57915
7170001 3.10041
7180001 2.57518
7190001 3.0996
7200001 2.56855
7210001 3.08999
7220001 2.65743
7230001 3.06693
7240001 2.75457
7250001 3.03321
7260001 2.76588
7270001 3.08508
7280001 2.77976
7290001 3.1129
7300001 2.79363
7310001 3.08994
7320001 2.80198
7330001 3.0427
7340001 2.82395
7350001 3.01783
7360001 2.86067
7370001 2.99506
7380001 2.95384
7390001 2.96471
7400001 2.96294
7410001 2.96602
7420001 2.98791
7430001 2.91651
7440001 3.00108
7450001 2.86122
7460001 3.00851
7470001 2.85778
7480001 3.03413
7490001 2.75087
7500001 3.05956
7510001 2.72081
7520001 3.06405
7530001 2.80336
7540001 3.09993
7550001 2.90422
7560001 3.10088
7570001 2.56569
7580001 3.09921
7590001 2.57353
7600001 3.09538
7610001 2.57067
7620001 3.09437
7630001 2.57099
7640001 3.08117
7650001 2.58317
7660001 3.06678
7670001 2.65136
7680001 3.04908
7690001 2.7546
7700001 3.11303
7710001 2.78262
7720001 3.07413
7730001 2.78601
7740001 3.10581
7750001 2.82015
7760001 3.06665
7770001 2.80634
7780001 3.02969
7790001 2.83522
7800001 3.04511
7810001 2.9668
7820001 2.99028
7830001 2.94994
7840001 2.98681
7850001 2.96737
7860001 2.94039
7870001 3.00534
7880001 2.89672
7890001 3.01941
7900001 2.84569
7910001 3.01196
7920001 2.84521
7930001 3.03946
7940001 2.79568
7950001 3.07162
7960001 2.68172
7970001 3.0934
7980001 2.6701
7990001 3.09769
8000001 2.6725
8010001 3.1055
8020001 2.7045
8030001 3.10965
8040001 2.58368
8050001 3.10229
8060001 2.57619
8070001 3.1245
8080001 2.57316
8090001 3.08024
8100001 2.60929
8110001 3.06652
8120001 2.75579
8130001 3.02245
8140001 2.75049
8150001 3.10931
8160001 2.77889
8170001 3.12018
8180001 2.81405
8190001 3.1315
8200001 2.80207
8210001 3.05094
8220001 2.82543
8230001 3.00615
8240001 2.83843
8250001 3.006
8260001 2.94797
8270001 2.96315
8280001 2.94963
8290001 2.97601
8300001 2.98048
8310001 2.9221
8320001 2.99909
8330001 2.86365
8340001 3.00697
8350001 2.84409
8360001 3.03886
8370001 2.77226
8380001 3.04788
8390001 2.8141
8400001 3.06566
8410001 2.69834
8420001 3.10342
8430001 2.70734
8440001 3.09696
8450001 2.56045
8460001 3.10804
8470001 2.59506
8480001 3.09586
8490001 2.57601
8500001 3.09921
8510001 2.5746
8520001 3.09686
8530001 2.583
8540001 3.08783
8550001 2.65695
8560001 3.06422
8570001 2.75334
8580001 3.03103
8590001 2.76559
8600001 3.08534
8610001 2.78691
8620001 3.11168
8630001 2.79343
8640001 3.08534
8650001 2.80534
8660001 3.03156
8670001 2.82358
8680001 3.01313
8690001 2.86214
8700001 2.99492
8710001 2.95348
8720001 2.95788
8730001 2.96691
8740001 2.95331
8750001 2.98629
8760001 2.91202
8770001 3.01959
8780001 2.8471
8790001 3.01038
8800001 2.83374
8810001 3.03384
8820001 2.73779
8830001 3.06015
8840001 2.69675
8850001 3.09154
8860001 2.79498
8870001 3.09767
8880001 2.91145
8890001 3.10141
8900001 2.61293
8910001 3.09895
8920001 2.58242
8930001 3.09529
8940001 2.57326
8950001 3.12469
8960001 2.57048
8970001 3.08271
8980001 2.60926
8990001 3.06659
9000001 2.65119
9010001 3.04925
9020001 2.75126
9030001 3.1125
9040001 2.78253
9050001 3.0721
9060001 2.81467
9070001 3.13677
9080001 2.81976
9090001 3.06341
9100001 2.80755
9110001 3.01605
9120001 2.83526
9130001 3.04217
9140001 2.97258
9150001 2.97108
9160001 2.9502
9170001 2.98109
9180001 2.97108
9190001 2.93403
9200001 3.00505
9210001 2.89142
9220001 3.00858
9230001 2.82643
9240001 3.03805
9250001 2.8163
9260001 3.03855
9270001 2.77746
9280001 3.06684
9290001 2.70505
9300001 3.11456
9310001 2.649
9320001 3.09824
9330001 2.65787
9340001 3.10513
9350001 2.63376
9360001 3.10856
9370001 2.57903
9380001 3.10067
9390001 2.5787
9400001 3.10468
9410001 2.57287
9420001 3.07623
9430001 2.65671
9440001 3.07783
9450001 2.75578
9460001 3.01915
9470001 2.76568
9480001 3.08747
9490001 2.77825
9500001 3.11601
9510001 2.81542
9520001 3.09239
9530001 2.80199
9540001 3.04425
9550001 2.8286
9560001 3.01751
9570001 2.86086
9580001 3.00019
9590001 2.94821
9600001 2.96431
9610001 2.96233
9620001 2.96645
9630001 2.97752
9640001 2.92468
9650001 3.00047
9660001 2.86245
9670001 3.00754
9680001 2.87686
9690001 3.03463
9700001 2.74884
9710001 3.06173
9720001 2.72222
9730001 3.06333
9740001 2.80504
9750001 3.10358
9760001 2.68791
9770001 3.09726
9780001 2.56036
9790001 3.10921
9800001 2.5943
9810001 3.09507
9820001 2.57066
9830001 3.09623
9840001 2.57844
9850001 3.08209
9860001 2.58253
9870001 3.08824
9880001 2.6534
9890001 3.04679
9900001 2.7534
9910001 3.02784
9920001 2.76633
9930001 3.0773
9940001 2.78689
9950001 3.10686
9960001 2.7955
9970001 3.06634
9980001 2.80642
9990001 3.02935
