1 15.8474
10001 10.1192
20001 8.19644
30001 7.0117
40001 6.21247
50001 5.62743
60001 5.00147
70001 4.56716
80001 4.21207
90001 3.74979
100001 3.46573
110001 3.22865
120001 2.90882
130001 2.73109
140001 2.57161
150001 2.38481
160001 2.26695
170001 2.15302
180001 2.03893
190001 1.93549
200001 1.82971
210001 1.7517
220001 1.66885
230001 1.57983
240001 1.52655
250001 1.47231
260001 1.41017
270001 1.3637
280001 1.3198
290001 1.26763
300001 1.22739
310001 1.18206
320001 1.13944
330001 1.11007
340001 1.07139
350001 1.03064
360001 1.01381
370001 0.981755
380001 0.945899
390001 0.927226
400001 0.899449
410001 0.869112
420001 0.848958
430001 0.829137
440001 0.812108
450001 0.786655
460001 0.774983
470001 0.758141
480001 0.73908
490001 0.735079
500001 0.716848
510001 0.702358
520001 0.70166
530001 0.686878
540001 0.672882
550001 0.671628
560001 0.662456
570001 0.650703
580001 0.651634
590001 0.645256
600001 0.630381
610001 0.632896
620001 0.629489
630001 0.615777
640001 0.618168
650001 0.621734
660001 0.603187
670001 0.606229
680001 0.609912
690001 0.596203
700001 0.594671
710001 0.60051
720001 0.585493
730001 0.584697
740001 0.593384
750001 0.578839
760001 0.576811
770001 0.58641
780001 0.572962
790001 0.569614
800001 0.578436
810001 0.568342
820001 0.564339
830001 0.571286
840001 0.564237
850001 0.558085
860001 0.570333
870001 0.562785
880001 0.553572
890001 0.562192
900001 0.564295
910001 0.549965
920001 0.562071
930001 0.563744
940001 0.547322
950001 0.555996
960001 0.563262
970001 0.556829
980001 0.553934
990001 0.561096
1000001 0.547789
1010001 0.551087
1020001 0.560558
1030001 0.551709
1040001 0.549605
1050001 0.56093
1060001 0.550027
1070001 0.548213
1080001 0.558932
1090001 0.548767
1100001 0.546953
1110001 0.558638
1120001 0.551128
1130001 0.54635
1140001 0.555699
1150001 0.552483
1160001 0.546885
1170001 0.556004
1180001 0.555245
1190001 0.544377
1200001 0.554417
1210001 0.555674
1220001 0.544437
1230001 0.553908
1240001 0.562312
1250001 0.544888
1260001 0.553753
1270001 0.56195
1280001 0.549744
1290001 0.552808
1300001 0.562533
1310001 0.548743
1320001 0.552116
1330001 0.564633
1340001 0.550967
1350001 0.552395
1360001 0.565289
1370001 0.552967
1380001 0.552309
1390001 0.563835
1400001 0.55497
1410001 0.553226
1420001 0.562474
1430001 0.556595
1440001 0.552266
1450001 0.56628
1460001 0.560152
1470001 0.552345
1480001 0.56228
1490001 0.56581
1500001 0.552483
1510001 0.565771
1520001 0.568769
1530001 0.553014
1540001 0.562791
1550001 0.571055
1560001 0.565131
1570001 0.56319
1580001 0.57124
1590001 0.558538
1600001 0.562523
1610001 0.572806
1620001 0.564274
1630001 0.562841
1640001 0.574853
1650001 0.564393
1660001 0.562987
1670001 0.574295
1680001 0.564522
1690001 0.563126
1700001 0.575298
1710001 0.568111
1720001 0.563774
1730001 0.573539
1740001 0.570544
1750001 0.565328
1760001 0.574757
1770001 0.574253
1780001 0.563781
1790001 0.574012
1800001 0.575449
1810001 0.564554
1820001 0.5742
1830001 0.582526
1840001 0.565587
1850001 0.57462
1860001 0.582673
1870001 0.570766
1880001 0.574194
1890001 0.583664
1900001 0.570279
1910001 0.573873
1920001 0.586105
1930001 0.57278
1940001 0.574445
1950001 0.587041
1960001 0.575018
1970001 0.574573
1980001 0.585851
1990001 0.57723
2000001 0.575658
2010001 0.584704
2020001 0.579036
2030001 0.574918
2040001 0.588478
2050001 0.582624
2060001 0.575104
2070001 0.584738
2080001 0.588216
2090001 0.575318
2100001 0.588159
2110001 0.591147
2120001 0.575882
2130001 0.585358
2140001 0.593363
2150001 0.587552
2160001 0.585745
2170001 0.593562
2180001 0.581226
2190001 0.585098
2200001 0.595098
2210001 0.586718
2220001 0.58537
2230001 0.597043
2240001 0.586825
2250001 0.585447
2260001 0.596463
2270001 0.586903
2280001 0.585532
2290001 0.597393
2300001 0.59035
2310001 0.586126
2320001 0.595639
2330001 0.592664
2340001 0.587567
2350001 0.596746
2360001 0.596237
2370001 0.586011
2380001 0.59595
2390001 0.597303
2400001 0.586674
2410001 0.596049
2420001 0.604052
2430001 0.587581
2440001 0.596372
2450001 0.604096
2460001 0.592474
2470001 0.595872
2480001 0.604969
2490001 0.591931
2500001 0.595447
2510001 0.607251
2520001 0.594243
2530001 0.595892
2540001 0.608061
2550001 0.596309
2560001 0.595889
2570001 0.606808
2580001 0.598367
2590001 0.596829
2600001 0.605589
2610001 0.600045
2620001 0.596019
2630001 0.609117
2640001 0.603432
2650001 0.596083
2660001 0.605397
2670001 0.608751
2680001 0.596179
2690001 0.608588
2700001 0.611464
2710001 0.596614
2720001 0.60578
2730001 0.61349
2740001 0.607774
2750001 0.606036
2760001 0.613581
2770001 0.601554
2780001 0.605294
2790001 0.614976
2800001 0.606749
2810001 0.605439
2820001 0.616752
2830001 0.606749
2840001 0.605386
2850001 0.616081
2860001 0.606716
2870001 0.605355
2880001 0.61688
2890001 0.609968
2900001 0.60583
2910001 0.615071
2920001 0.612123
2930001 0.607119
2940001 0.616035
2950001 0.615516
2960001 0.605505
2970001 0.615155
2980001 0.616427
2990001 0.60604
3000001 0.615145
3010001 0.622866
3020001 0.606811
3030001 0.615355
3040001 0.622801
3050001 0.611444
3060001 0.614765
3070001 0.623557
3080001 0.610824
3090001 0.614236
3100001 0.625679
3110001 0.612958
3120001 0.61456
3130001 0.626367
3140001 0.614861
3150001 0.614442
3160001 0.62505
3170001 0.61677
3180001 0.615249
3190001 0.623765
3200001 0.618324
3210001 0.614369
3220001 0.627087
3230001 0.621535
3240001 0.614325
3250001 0.623375
3260001 0.626617
3270001 0.61432
3280001 0.626373
3290001 0.629141
3300001 0.614643
3310001 0.623552
3320001 0.631009
3330001 0.625385
3340001 0.623701
3350001 0.631011
3360001 0.619249
3370001 0.622879
3380001 0.632285
3390001 0.624201
3400001 0.62292
3410001 0.633921
3420001 0.624109
3430001 0.622763
3440001 0.633177
3450001 0.623988
3460001 0.622637
3470001 0.633866
3480001 0.627074
3490001 0.623012
3500001 0.632014
3510001 0.629096
3520001 0.624174
3530001 0.63286
3540001 0.632333
3550001 0.622514
3560001 0.631913
3570001 0.63312
3580001 0.622944
3590001 0.631817
3600001 0.639302
3610001 0.623606
3620001 0.631934
3630001 0.63915
3640001 0.628027
3650001 0.631273
3660001 0.639813
3670001 0.627344
3680001 0.630661
3690001 0.641804
3700001 0.629334
3710001 0.630888
3720001 0.642393
3730001 0.631104
3740001 0.63068
3750001 0.641026
3760001 0.632888
3770001 0.631382
3780001 0.639691
3790001 0.634339
3800001 0.630445
3810001 0.642847
3820001 0.637405
3830001 0.630316
3840001 0.639144
3850001 0.64229
3860001 0.630229
3870001 0.641986
3880001 0.64466
3890001 0.630465
3900001 0.639158
3910001 0.646403
3920001 0.640861
3930001 0.639223
3940001 0.646332
3950001 0.6348
3960001 0.638336
3970001 0.647507
3980001 0.639554
3990001 0.638296
4000001 0.649031
4010001 0.639388
4020001 0.638056
4030001 0.64823
4040001 0.639195
4050001 0.637855
4060001 0.64883
4070001 0.642144
4080001 0.63815
4090001 0.646945
4100001 0.644057
4110001 0.639209
4120001 0.647697
4130001 0.647163
4140001 0.637512
4150001 0.646697
4160001 0.647849
4170001 0.637859
4180001 0.646533
4190001 0.653819
4200001 0.638433
4210001 0.646576
4220001 0.653599
4230001 0.642679
4240001 0.645857
4250001 0.654186
4260001 0.641945
4270001 0.64518
4280001 0.656068
4290001 0.643818
4300001 0.645329
4310001 0.656577
4320001 0.64548
4330001 0.645051
4340001 0.655172
4350001 0.647159
4360001 0.645668
4370001 0.653798
4380001 0.648525
4390001 0.644685
4400001 0.656818
4410001 0.65147
4420001 0.644487
4430001 0.653127
4440001 0.656191
4450001 0.644336
4460001 0.655842
4470001 0.658434
4480001 0.6445
4490001 0.65301
4500001 0.660076
4510001 0.654607
4520001 0.653007
4530001 0.659947
4540001 0.648612
4550001 0.65207
4560001 0.66104
4570001 0.653203
4580001 0.651965
4590001 0.662471
4600001 0.652977
4610001 0.651659
4620001 0.661625
4630001 0.652727
4640001 0.651397
4650001 0.662152
4660001 0.65556
4670001 0.651626
4680001 0.660242
4690001 0.657384
4700001 0.652601
4710001 0.660917
4720001 0.660377
4730001 0.650876
4740001 0.659876
4750001 0.660983
4760001 0.651156
4770001 0.659658
4780001 0.666774
4790001 0.651657
4800001 0.659641
4810001 0.666499
4820001 0.655757
4830001 0.658876
4840001 0.667026
4850001 0.654984
4860001 0.658147
4870001 0.668817
4880001 0.656759
4890001 0.658234
4900001 0.66926
4910001 0.658332
4920001 0.657898
4930001 0.667826
4940001 0.659924
4950001 0.658446
4960001 0.666422
4970001 0.661218
4980001 0.657428
4990001 0.669329
5000001 0.664061
5010001 0.657174
5020001 0.665651
5030001 0.668644
5040001 0.65697
5050001 0.66826
5060001 0.670784
5070001 0.657077
5080001 0.665429
5090001 0.672341
5100001 0.666938
5110001 0.665371
5120001 0.672165
5130001 0.661004
5140001 0.664394
5150001 0.67319
5160001 0.665457
5170001 0.664236
5180001 0.674544
5190001 0.665183
5200001 0.663877
5210001 0.673662
5220001 0.664887
5230001 0.663567
5240001 0.67413
5250001 0.667623
5260001 0.663741
5270001 0.672202
5280001 0.66937
5290001 0.664647
5300001 0.672815
5310001 0.672269
5320001 0.662901
5330001 0.671741
5340001 0.67281
5350001 0.663126
5360001 0.671479
5370001 0.678449
5380001 0.663568
5390001 0.671414
5400001 0.67813
5410001 0.667546
5420001 0.670613
5430001 0.678607
5440001 0.666741
5450001 0.669842
5460001 0.680322
5470001 0.668435
5480001 0.669878
5490001 0.680711
5500001 0.669934
5510001 0.669497
5520001 0.679255
5530001 0.671453
5540001 0.669987
5550001 0.677829
5560001 0.672688
5570001 0.668941
5580001 0.68064
5590001 0.675445
5600001 0.668643
5610001 0.676978
5620001 0.679909
5630001 0.668397
5640001 0.679498
5650001 0.681962
5660001 0.668457
5670001 0.67667
5680001 0.68345
5690001 0.678107
5700001 0.676569
5710001 0.683236
5720001 0.672229
5730001 0.675561
5740001 0.684204
5750001 0.676566
5760001 0.675359
5770001 0.685494
5780001 0.676253
5790001 0.674958
5800001 0.684584
5810001 0.675919
5820001 0.674609
5830001 0.685003
5840001 0.678574
5850001 0.67474
5860001 0.683064
5870001 0.680257
5880001 0.675588
5890001 0.683625
5900001 0.683075
5910001 0.673827
5920001 0.682527
5930001 0.683564
5940001 0.674008
5950001 0.68223
5960001 0.689071
5970001 0.674401
5980001 0.682126
5990001 0.688718
6000001 0.678274
6010001 0.681296
6020001 0.689154
6030001 0.677446
6040001 0.680492
6050001 0.690805
6060001 0.679072
6070001 0.680487
6080001 0.69115
6090001 0.680509
6100001 0.68007
6110001 0.689678
6120001 0.681967
6130001 0.680513
6140001 0.688235
6150001 0.683152
6160001 0.679447
6170001 0.690967
6180001 0.685836
6190001 0.679112
6200001 0.687321
6210001 0.690198
6220001 0.678833
6230001 0.689766
6240001 0.69218
6250001 0.678855
6260001 0.686946
6270001 0.693609
6280001 0.688322
6290001 0.686809
6300001 0.693365
6310001 0.682497
6320001 0.685777
6330001 0.694286
6340001 0.686734
6350001 0.685541
6360001 0.695522
6370001 0.68639
6380001 0.685107
6390001 0.694592
6400001 0.686026
6410001 0.684727
6420001 0.69497
6430001 0.688612
6440001 0.684822
6450001 0.693025
6460001 0.690242
6470001 0.685622
6480001 0.693543
6490001 0.692991
6500001 0.683852
6510001 0.692426
6520001 0.693436
6530001 0.683997
6540001 0.692102
6550001 0.698832
6560001 0.684351
6570001 0.691967
6580001 0.69845
6590001 0.688134
6600001 0.691115
6610001 0.698853
6620001 0.687287
6630001 0.690287
6640001 0.70045
6650001 0.688858
6660001 0.690248
6670001 0.70076
6680001 0.690243
6690001 0.689802
6700001 0.699276
6710001 0.691649
6720001 0.690208
6730001 0.697823
6740001 0.692793
6750001 0.689126
6760001 0.700486
6770001 0.695414
6780001 0.688762
6790001 0.696859
6800001 0.699689
6810001 0.688456
6820001 0.699241
6830001 0.701611
6840001 0.688448
6850001 0.696431
6860001 0.702991
6870001 0.697755
6880001 0.696265
6890001 0.702723
6900001 0.691981
6910001 0.695216
6920001 0.703605
6930001 0.696132
6940001 0.694953
6950001 0.704796
6960001 0.695764
6970001 0.694492
6980001 0.70385
6990001 0.695377
7000001 0.694088
7010001 0.704196
7020001 0.697903
7030001 0.694154
7040001 0.702248
7050001 0.699488
7060001 0.694915
7070001 0.702731
7080001 0.702178
7090001 0.69314
7100001 0.701602
7110001 0.702589
7120001 0.693256
7130001 0.701257
7140001 0.707886
7150001 0.693577
7160001 0.701096
7170001 0.707483
7180001 0.697284
7190001 0.700229
7200001 0.707859
7210001 0.696424
7220001 0.699381
7230001 0.709411
7240001 0.697947
7250001 0.699316
7260001 0.709691
7270001 0.699289
7280001 0.698849
7290001 0.708201
7300001 0.700651
7310001 0.699223
7320001 0.706742
7330001 0.701761
7340001 0.69813
7350001 0.709346
7360001 0.704328
7370001 0.697744
7380001 0.70574
7390001 0.708528
7400001 0.697417
7410001 0.708067
7420001 0.710398
7430001 0.697386
7440001 0.705269
7450001 0.711738
7460001 0.706549
7470001 0.705081
7480001 0.711452
7490001 0.700826
7500001 0.70402
7510001 0.712301
7520001 0.704902
7530001 0.703735
7540001 0.713455
7550001 0.704516
7560001 0.703254
7570001 0.712497
7580001 0.70411
7590001 0.702832
7600001 0.712817
7610001 0.706586
7620001 0.702875
7630001 0.71087
7640001 0.708132
7650001 0.703604
7660001 0.711326
7670001 0.710772
7680001 0.701827
7690001 0.710187
7700001 0.711155
7710001 0.70192
7720001 0.709826
7730001 0.716366
7740001 0.702216
7750001 0.709646
7760001 0.715946
7770001 0.705855
7780001 0.708768
7790001 0.7163
7800001 0.704986
7810001 0.707906
7820001 0.717814
7830001 0.706469
7840001 0.70782
7850001 0.718071
7860001 0.707775
7870001 0.707336
7880001 0.716578
7890001 0.709101
7900001 0.707685
7910001 0.715116
7920001 0.710182
7930001 0.706586
7940001 0.71767
7950001 0.712704
7960001 0.706183
7970001 0.714086
7980001 0.716836
7990001 0.70584
8000001 0.716367
8010001 0.718664
8020001 0.70579
8030001 0.713583
8040001 0.719969
8050001 0.714826
8060001 0.713378
8070001 0.719669
8080001 0.709151
8090001 0.712309
8100001 0.720491
8110001 0.713162
8120001 0.712007
8130001 0.721613
8140001 0.712762
8150001 0.711512
8160001 0.720649
8170001 0.712342
8180001 0.711075
8190001 0.720947
8200001 0.714775
8210001 0.711101
8220001 0.719004
8230001 0.716288
8240001 0.711803
8250001 0.719437
8260001 0.718884
8270001 0.710027
8280001 0.718294
8290001 0.719245
8300001 0.710103
8310001 0.717921
8320001 0.724379
8330001 0.710377
8340001 0.717726
8350001 0.723948
8360001 0.713957
8370001 0.71684
8380001 0.724284
8390001 0.713083
8400001 0.71597
8410001 0.725766
8420001 0.714533
8430001 0.715867
8440001 0.726004
8450001 0.715808
8460001 0.715371
8470001 0.72451
8480001 0.717103
8490001 0.715699
8500001 0.723049
8510001 0.718161
8520001 0.714597
8530001 0.725559
8540001 0.720642
8550001 0.714181
8560001 0.721999
8570001 0.724715
8580001 0.713827
8590001 0.72424
8600001 0.726506
8610001 0.713762
8620001 0.721472
8630001 0.727782
8640001 0.722682
8650001 0.721254
8660001 0.727472
8670001 0.717056
8680001 0.72018
8690001 0.728272
8700001 0.721009
8710001 0.719866
8720001 0.729368
8730001 0.720599
8740001 0.71936
8750001 0.728399
8760001 0.720169
8770001 0.718913
8780001 0.728681
8790001 0.722564
8800001 0.718925
8810001 0.726744
8820001 0.72405
8830001 0.719605
8840001 0.727159
8850001 0.726607
8860001 0.717834
8870001 0.726014
8880001 0.72695
8890001 0.717895
8900001 0.725633
8910001 0.732016
8920001 0.718153
8930001 0.725426
8940001 0.731576
8950001 0.721681
8960001 0.724536
8970001 0.731899
8980001 0.720804
8990001 0.72366
9000001 0.733352
9010001 0.722225
9020001 0.723544
9030001 0.733575
9040001 0.723474
9050001 0.72304
9060001 0.732085
9070001 0.724744
9080001 0.723352
9090001 0.730626
9100001 0.725781
9110001 0.722249
9120001 0.733098
9130001 0.728227
9140001 0.721824
9150001 0.729562
9160001 0.732248
9170001 0.721461
9180001 0.731768
9190001 0.734007
9200001 0.721386
9210001 0.729018
9220001 0.735259
9230001 0.7302
9240001 0.72879
9250001 0.734942
9260001 0.724622
9270001 0.727715
9280001 0.735722
9290001 0.728523
9300001 0.727392
9310001 0.736796
9320001 0.728106
9330001 0.726878
9340001 0.735826
9350001 0.727669
9360001 0.726425
9370001 0.736094
9380001 0.730031
9390001 0.726425
9400001 0.734166
9410001 0.731493
9420001 0.727087
9430001 0.734566
9440001 0.734017
9450001 0.725323
9460001 0.733421
9470001 0.734345
9480001 0.725373
9490001 0.733035
9500001 0.739349
9510001 0.725617
9520001 0.73282
9530001 0.738903
9540001 0.729099
9550001 0.731929
9560001 0.739215
9570001 0.728222
9580001 0.731049
9590001 0.740644
9600001 0.729619
9610001 0.730924
9620001 0.740855
9630001 0.730845
9640001 0.730414
9650001 0.73937
9660001 0.732093
9670001 0.730713
9680001 0.737917
9690001 0.733114
9700001 0.729612
9710001 0.740355
9720001 0.735528
9730001 0.72918
9740001 0.736844
9750001 0.739502
9760001 0.728812
9770001 0.739019
9780001 0.741233
9790001 0.728729
9800001 0.736288
9810001 0.742464
9820001 0.737446
9830001 0.736053
9840001 0.742142
9850001 0.731914
9860001 0.734979
9870001 0.742907
9880001 0.735768
9890001 0.734649
9900001 0.743961
9910001 0.735347
9920001 0.734131
9930001 0.742993
9940001 0.734906
9950001 0.733673
9960001 0.74325
9970001 0.737238
9980001 0.733665
9990001 0.741332
