1 31.3626
10001 21.0848
20001 16.6201
30001 14.8407
40001 13.0835
50001 12.0392
60001 10.9302
70001 10.1923
80001 9.3879
90001 8.80496
100001 8.22418
110001 7.75707
120001 7.32854
130001 6.96657
140001 6.63291
150001 6.36138
160001 6.11271
170001 5.91643
180001 5.73413
190001 5.6018
200001 5.46253
210001 5.35641
220001 5.2521
230001 5.15297
240001 5.07233
250001 4.98126
260001 4.91344
270001 4.83584
280001 4.77601
290001 4.71526
300001 4.66078
310001 4.61392
320001 4.56526
330001 4.52839
340001 4.48793
350001 4.45423
360001 4.41919
370001 4.38918
380001 4.35859
390001 4.3284
400001 4.30058
410001 4.27372
420001 4.24934
430001 4.22422
440001 4.20244
450001 4.17993
460001 4.1602
470001 4.14027
480001 4.12087
490001 4.10379
500001 4.0849
510001 4.07002
520001 4.05209
530001 4.03832
540001 4.02265
550001 4.00924
560001 3.99505
570001 3.9821
580001 3.96937
590001 3.95697
600001 3.94519
610001 3.93399
620001 3.92193
630001 3.91203
640001 3.90077
650001 3.89193
660001 3.88028
670001 3.8722
680001 3.86149
690001 3.85372
700001 3.84332
710001 3.83578
720001 3.82618
730001 3.81907
740001 3.80963
750001 3.80243
760001 3.79391
770001 3.78718
780001 3.77883
790001 3.77217
800001 3.76445
810001 3.75789
820001 3.75046
830001 3.74417
840001 3.73753
850001 3.73117
860001 3.72442
870001 3.71833
880001 3.71241
890001 3.70609
900001 3.69989
910001 3.69404
920001 3.6887
930001 3.6825
940001 3.67707
950001 3.67127
960001 3.66608
970001 3.66018
980001 3.65504
990001 3.64935
1000001 3.64455
1010001 3.63881
1020001 3.63428
1030001 3.62858
1040001 3.6244
1050001 3.61896
1060001 3.61461
1070001 3.60921
1080001 3.60524
1090001 3.59983
1100001 3.59601
1110001 3.59063
1120001 3.58707
1130001 3.5817
1140001 3.57819
1150001 3.57305
1160001 3.5698
1170001 3.56452
1180001 3.56116
1190001 3.55637
1200001 3.55285
1210001 3.5482
1220001 3.54475
1230001 3.54034
1240001 3.53696
1250001 3.53258
1260001 3.52916
1270001 3.52572
1280001 3.52201
1290001 3.51795
1300001 3.51457
1310001 3.51129
1320001 3.50745
1330001 3.50405
1340001 3.5004
1350001 3.49757
1360001 3.49358
1370001 3.49025
1380001 3.48691
1390001 3.48383
1400001 3.48022
1410001 3.47714
1420001 3.47363
1430001 3.47075
1440001 3.46706
1450001 3.46432
1460001 3.46074
1470001 3.45815
1480001 3.4549
1490001 3.45201
1500001 3.44864
1510001 3.44607
1520001 3.4427
1530001 3.44016
1540001 3.43673
1550001 3.43444
1560001 3.4309
1570001 3.4287
1580001 3.4253
1590001 3.42326
1600001 3.41972
1610001 3.41767
1620001 3.41428
1630001 3.41217
1640001 3.40892
1650001 3.40683
1660001 3.40363
1670001 3.40156
1680001 3.39838
1690001 3.39631
1700001 3.39349
1710001 3.3914
1720001 3.38859
1730001 3.38644
1740001 3.38378
1750001 3.38169
1760001 3.37937
1770001 3.37672
1780001 3.37462
1790001 3.37209
1800001 3.36994
1810001 3.36762
1820001 3.36538
1830001 3.36283
1840001 3.36076
1850001 3.35823
1860001 3.35627
1870001 3.35366
1880001 3.35182
1890001 3.34917
1900001 3.34747
1910001 3.3448
1920001 3.34313
1930001 3.3408
1940001 3.33892
1950001 3.33654
1960001 3.33475
1970001 3.33236
1980001 3.33073
1990001 3.32821
2000001 3.32669
2010001 3.32413
2020001 3.32265
2030001 3.32017
2040001 3.31878
2050001 3.31624
2060001 3.31488
2070001 3.31247
2080001 3.31094
2090001 3.3086
2100001 3.30719
2110001 3.30488
2120001 3.30338
2130001 3.30106
2140001 3.29968
2150001 3.29756
2160001 3.29635
2170001 3.29438
2180001 3.29266
2190001 3.29082
2200001 3.28917
2210001 3.28775
2220001 3.28569
2230001 3.28412
2240001 3.28229
2250001 3.28109
2260001 3.27897
2270001 3.2777
2280001 3.27571
2290001 3.27441
2300001 3.27232
2310001 3.27104
2320001 3.269
2330001 3.26779
2340001 3.26576
2350001 3.26463
2360001 3.26296
2370001 3.2615
2380001 3.25969
2390001 3.25842
2400001 3.2567
2410001 3.25542
2420001 3.25357
2430001 3.25242
2440001 3.25051
2450001 3.24947
2460001 3.24756
2470001 3.24653
2480001 3.24467
2490001 3.24373
2500001 3.24177
2510001 3.2408
2520001 3.23898
2530001 3.23802
2540001 3.23615
2550001 3.23514
2560001 3.23335
2570001 3.23238
2580001 3.23066
2590001 3.22979
2600001 3.22827
2610001 3.22715
2620001 3.2257
2630001 3.22464
2640001 3.22356
2650001 3.22192
2660001 3.22078
2670001 3.21931
2680001 3.21879
2690001 3.21682
2700001 3.21577
2710001 3.21445
2720001 3.2135
2730001 3.21193
2740001 3.211
2750001 3.20941
2760001 3.2086
2770001 3.20693
2780001 3.20615
2790001 3.2045
2800001 3.20379
2810001 3.20247
2820001 3.20147
2830001 3.20008
2840001 3.19917
2850001 3.19783
2860001 3.19692
2870001 3.1955
2880001 3.1947
2890001 3.19323
2900001 3.19249
2910001 3.19104
2920001 3.19037
2930001 3.18884
2940001 3.18821
2950001 3.18668
2960001 3.18599
2970001 3.18458
2980001 3.18393
2990001 3.18245
3000001 3.1818
3010001 3.18035
3020001 3.17969
3030001 3.17852
3040001 3.17777
3050001 3.17683
3060001 3.17581
3070001 3.1748
3080001 3.17385
3090001 3.17326
3100001 3.17188
3110001 3.1713
3120001 3.17005
3130001 3.16941
3140001 3.1682
3150001 3.16757
3160001 3.16631
3170001 3.16566
3180001 3.16438
3190001 3.16382
3200001 3.16247
3210001 3.16198
3220001 3.16061
3230001 3.16018
3240001 3.15876
3250001 3.15838
3260001 3.1573
3270001 3.15663
3280001 3.15559
3290001 3.15491
3300001 3.15384
3310001 3.15325
3320001 3.15211
3330001 3.15159
3340001 3.15038
3350001 3.14988
3360001 3.14874
3370001 3.14829
3380001 3.14706
3390001 3.14665
3400001 3.14551
3410001 3.14498
3420001 3.14385
3430001 3.14341
3440001 3.14228
3450001 3.14178
3460001 3.14073
3470001 3.1402
3480001 3.13987
3490001 3.13893
3500001 3.13805
3510001 3.13733
3520001 3.13709
3530001 3.13586
3540001 3.13553
3550001 3.13437
3560001 3.13389
3570001 3.13294
3580001 3.13278
3590001 3.13167
3600001 3.13132
3610001 3.13021
3620001 3.12989
3630001 3.12872
3640001 3.12844
3650001 3.12728
3660001 3.12702
3670001 3.12587
3680001 3.12567
3690001 3.12486
3700001 3.12432
3710001 3.12346
3720001 3.123
3730001 3.12219
3740001 3.12174
3750001 3.12085
3760001 3.12048
3770001 3.11952
3780001 3.11919
3790001 3.11825
3800001 3.11799
3810001 3.11702
3820001 3.11675
3830001 3.11575
3840001 3.11548
3850001 3.11457
3860001 3.11431
3870001 3.11332
3880001 3.11307
3890001 3.11209
3900001 3.11183
3910001 3.1111
3920001 3.1108
3930001 3.11012
3940001 3.10968
3950001 3.10909
3960001 3.10868
3970001 3.10841
3980001 3.10744
3990001 3.10712
4000001 3.10642
4010001 3.10624
4020001 3.10552
4030001 3.10519
4040001 3.10431
4050001 3.10415
4060001 3.10318
4070001 3.10301
4080001 3.10207
4090001 3.10198
4100001 3.10099
4110001 3.10091
4120001 3.09992
4130001 3.0999
4140001 3.09923
4150001 3.0989
4160001 3.09825
4170001 3.09793
4180001 3.09726
4190001 3.09695
4200001 3.09626
4210001 3.09606
4220001 3.09526
4230001 3.09507
4240001 3.09433
4250001 3.09419
4260001 3.09339
4270001 3.09327
4280001 3.09244
4290001 3.0923
4300001 3.09155
4310001 3.09143
4320001 3.09061
4330001 3.0905
4340001 3.0897
4350001 3.08958
4360001 3.08897
4370001 3.08882
4380001 3.08852
4390001 3.08802
4400001 3.08765
4410001 3.08722
4420001 3.08729
4430001 3.08636
4440001 3.08622
4450001 3.08555
4460001 3.08573
4470001 3.08483
4480001 3.08491
4490001 3.08411
4500001 3.08411
4510001 3.08323
4520001 3.08325
4530001 3.08241
4540001 3.08246
4550001 3.08161
4560001 3.08171
4570001 3.0808
4580001 3.08095
4590001 3.08037
4600001 3.0802
4610001 3.07968
4620001 3.07952
4630001 3.07896
4640001 3.07881
4650001 3.07821
4660001 3.07813
4670001 3.07749
4680001 3.07742
4690001 3.07681
4700001 3.07678
4710001 3.07612
4720001 3.07609
4730001 3.07548
4740001 3.07538
4750001 3.07478
4760001 3.07474
4770001 3.07411
4780001 3.07408
4790001 3.07348
4800001 3.07339
4810001 3.07356
4820001 3.07301
4830001 3.07265
4840001 3.07233
4850001 3.07257
4860001 3.07175
4870001 3.07188
4880001 3.07112
4890001 3.07166
4900001 3.07056
4910001 3.07059
4920001 3.07015
4930001 3.07024
4940001 3.06954
4950001 3.06959
4960001 3.06891
4970001 3.06907
4980001 3.06831
4990001 3.06848
5000001 3.06773
5010001 3.06794
5020001 3.06751
5030001 3.06742
5040001 3.06695
5050001 3.06689
5060001 3.06648
5070001 3.06639
5080001 3.06595
5090001 3.06592
5100001 3.06541
5110001 3.06542
5120001 3.06492
5130001 3.06498
5140001 3.06444
5150001 3.0645
5160001 3.06393
5170001 3.06398
5180001 3.06348
5190001 3.06357
5200001 3.06298
5210001 3.06308
5220001 3.06249
5230001 3.06259
5240001 3.06224
5250001 3.06227
5260001 3.062
5270001 3.06187
5280001 3.06168
5290001 3.06158
5300001 3.06171
5310001 3.06104
5320001 3.06129
5330001 3.06073
5340001 3.06093
5350001 3.06051
5360001 3.06057
5370001 3.06
5380001 3.06016
5390001 3.05955
5400001 3.05976
5410001 3.05912
5420001 3.05938
5430001 3.05871
5440001 3.05901
5450001 3.05831
5460001 3.05862
5470001 3.05825
5480001 3.05826
5490001 3.05793
5500001 3.05793
5510001 3.05759
5520001 3.05762
5530001 3.05725
5540001 3.05732
5550001 3.05687
5560001 3.05696
5570001 3.05657
5580001 3.05669
5590001 3.05623
5600001 3.05637
5610001 3.05595
5620001 3.05603
5630001 3.0556
5640001 3.05575
5650001 3.05532
5660001 3.05543
5670001 3.05493
5680001 3.05512
5690001 3.05482
5700001 3.05507
5710001 3.05496
5720001 3.05472
5730001 3.05466
5740001 3.0545
5750001 3.05486
5760001 3.0542
5770001 3.05438
5780001 3.05398
5790001 3.05445
5800001 3.05381
5810001 3.05419
5820001 3.05365
5830001 3.05394
5840001 3.05332
5850001 3.05364
5860001 3.05306
5870001 3.05339
5880001 3.05281
5890001 3.05317
5900001 3.0529
5910001 3.05295
5920001 3.05263
5930001 3.05274
5940001 3.05249
5950001 3.05257
5960001 3.05227
5970001 3.05237
5980001 3.05205
5990001 3.05221
6000001 3.05184
6010001 3.05201
6020001 3.05169
6030001 3.05189
6040001 3.05148
6050001 3.05168
6060001 3.05133
6070001 3.05156
6080001 3.05113
6090001 3.05133
6100001 3.05094
6110001 3.05116
6120001 3.05081
6130001 3.05115
6140001 3.05102
6150001 3.05103
6160001 3.05096
6170001 3.05102
6180001 3.0513
6190001 3.05078
6200001 3.05099
6210001 3.0506
6220001 3.0514
6230001 3.05051
6240001 3.05078
6250001 3.05056
6260001 3.05089
6270001 3.05042
6280001 3.05072
6290001 3.05024
6300001 3.05065
6310001 3.0501
6320001 3.0505
6330001 3.04996
6340001 3.05041
6350001 3.05017
6360001 3.05032
6370001 3.05007
6380001 3.05022
6390001 3.05003
6400001 3.05016
6410001 3.04994
6420001 3.0501
6430001 3.04983
6440001 3.05004
6450001 3.04977
6460001 3.05002
6470001 3.0497
6480001 3.04997
6490001 3.04962
6500001 3.04986
6510001 3.04957
6520001 3.04985
6530001 3.04948
6540001 3.04978
6550001 3.04943
6560001 3.04971
6570001 3.0496
6580001 3.04978
6590001 3.04993
6600001 3.04979
6610001 3.04984
6620001 3.04981
6630001 3.05026
6640001 3.04976
6650001 3.05022
6660001 3.04984
6670001 3.05024
6680001 3.04985
6690001 3.05028
6700001 3.04988
6710001 3.05025
6720001 3.04983
6730001 3.05024
6740001 3.04978
6750001 3.05023
6760001 3.04975
6770001 3.05023
6780001 3.04971
6790001 3.05022
6800001 3.05002
6810001 3.05023
6820001 3.05007
6830001 3.05026
6840001 3.0501
6850001 3.05031
6860001 3.05012
6870001 3.05037
6880001 3.05011
6890001 3.05038
6900001 3.05016
6910001 3.05045
6920001 3.05018
6930001 3.05048
6940001 3.05024
6950001 3.05049
6960001 3.05024
6970001 3.05057
6980001 3.0503
6990001 3.05058
7000001 3.05036
7010001 3.05062
7020001 3.05111
7030001 3.05091
7040001 3.05091
7050001 3.05091
7060001 3.05151
7070001 3.05102
7080001 3.05152
7090001 3.05106
7100001 3.05141
7110001 3.05116
7120001 3.05151
7130001 3.05142
7140001 3.05187
7150001 3.05148
7160001 3.05193
7170001 3.05149
7180001 3.05199
7190001 3.05155
7200001 3.05204
7210001 3.0516
7220001 3.05214
7230001 3.052
7240001 3.05222
7250001 3.05208
7260001 3.05233
7270001 3.05223
7280001 3.05246
7290001 3.05233
7300001 3.05259
7310001 3.05241
7320001 3.05271
7330001 3.05251
7340001 3.05287
7350001 3.05265
7360001 3.05299
7370001 3.05276
7380001 3.05308
7390001 3.05289
7400001 3.05326
7410001 3.05298
7420001 3.05337
7430001 3.05309
7440001 3.05346
7450001 3.0534
7460001 3.05373
7470001 3.05375
7480001 3.05391
7490001 3.05402
7500001 3.05419
7510001 3.0546
7520001 3.05423
7530001 3.05459
7540001 3.05447
7550001 3.05497
7560001 3.05481
7570001 3.05517
7580001 3.05486
7590001 3.05537
7600001 3.05498
7610001 3.05544
7620001 3.0551
7630001 3.05563
7640001 3.05524
7650001 3.05576
7660001 3.05537
7670001 3.05594
7680001 3.05583
7690001 3.05612
7700001 3.05603
7710001 3.05631
7720001 3.05622
7730001 3.05648
7740001 3.0564
7750001 3.05673
7760001 3.05656
7770001 3.05689
7780001 3.05675
7790001 3.05712
7800001 3.05695
7810001 3.05732
7820001 3.05711
7830001 3.05749
7840001 3.05731
7850001 3.05772
7860001 3.05748
7870001 3.05791
7880001 3.05767
7890001 3.05809
7900001 3.05803
7910001 3.0584
7920001 3.05866
7930001 3.05867
7940001 3.05885
7950001 3.05893
7960001 3.05955
7970001 3.05912
7980001 3.05955
7990001 3.05936
8000001 3.06007
8010001 3.05969
8020001 3.0603
8030001 3.05999
8040001 3.06052
8050001 3.06015
8060001 3.06069
8070001 3.06034
8080001 3.06091
8090001 3.06055
8100001 3.06115
8110001 3.06074
8120001 3.06137
8130001 3.06127
8140001 3.0616
8150001 3.06156
8160001 3.06188
8170001 3.06182
8180001 3.06213
8190001 3.06204
8200001 3.06241
8210001 3.06228
8220001 3.06266
8230001 3.06254
8240001 3.06294
8250001 3.0628
8260001 3.06319
8270001 3.06307
8280001 3.06343
8290001 3.06329
8300001 3.06372
8310001 3.06355
8320001 3.06398
8330001 3.06383
8340001 3.06421
8350001 3.0648
8360001 3.06471
8370001 3.06482
8380001 3.06493
8390001 3.06562
8400001 3.06525
8410001 3.06585
8420001 3.06549
8430001 3.0665
8440001 3.06581
8450001 3.06631
8460001 3.06627
8470001 3.06682
8480001 3.06654
8490001 3.06703
8500001 3.06677
8510001 3.06736
8520001 3.06702
8530001 3.06762
8540001 3.06729
8550001 3.06791
8560001 3.06786
8570001 3.06821
8580001 3.06815
8590001 3.06851
8600001 3.0685
8610001 3.06882
8620001 3.0688
8630001 3.06915
8640001 3.06908
8650001 3.06947
8660001 3.06938
8670001 3.06982
8680001 3.0697
8690001 3.07013
8700001 3.06999
8710001 3.07041
8720001 3.07031
8730001 3.07078
8740001 3.07059
8750001 3.07108
8760001 3.07088
8770001 3.07138
8780001 3.07139
8790001 3.07181
8800001 3.07193
8810001 3.07218
8820001 3.07239
8830001 3.07264
8840001 3.07314
8850001 3.07286
8860001 3.0735
8870001 3.07329
8880001 3.07388
8890001 3.0738
8900001 3.07426
8910001 3.07404
8920001 3.07458
8930001 3.07434
8940001 3.07492
8950001 3.07463
8960001 3.07526
8970001 3.07495
8980001 3.0756
8990001 3.07526
9000001 3.07592
9010001 3.07588
9020001 3.07627
9030001 3.07627
9040001 3.07663
9050001 3.07663
9060001 3.077
9070001 3.07698
9080001 3.07739
9090001 3.0773
9100001 3.07772
9110001 3.07768
9120001 3.07812
9130001 3.07803
9140001 3.07848
9150001 3.0784
9160001 3.07882
9170001 3.07872
9180001 3.07921
9190001 3.07911
9200001 3.07956
9210001 3.07939
9220001 3.07991
9230001 3.07992
9240001 3.0805
9250001 3.08072
9260001 3.08081
9270001 3.08107
9280001 3.08123
9290001 3.08192
9300001 3.08158
9310001 3.0821
9320001 3.08199
9330001 3.08277
9340001 3.08247
9350001 3.08316
9360001 3.08293
9370001 3.08353
9380001 3.08323
9390001 3.08386
9400001 3.0836
9410001 3.08423
9420001 3.08396
9430001 3.08462
9440001 3.08462
9450001 3.08501
9460001 3.08498
9470001 3.0854
9480001 3.08543
9490001 3.08581
9500001 3.08582
9510001 3.08621
9520001 3.08619
9530001 3.08663
9540001 3.08657
9550001 3.08703
9560001 3.087
9570001 3.08747
9580001 3.08739
9590001 3.08785
9600001 3.08779
9610001 3.08831
9620001 3.08817
9630001 3.08866
9640001 3.08855
9650001 3.08907
9660001 3.08899
9670001 3.08961
9680001 3.08976
9690001 3.09006
9700001 3.09023
9710001 3.0906
9720001 3.09114
9730001 3.09092
9740001 3.09141
9750001 3.09129
9760001 3.09237
9770001 3.09174
9780001 3.09231
9790001 3.09234
9800001 3.09296
9810001 3.09275
9820001 3.09333
9830001 3.09312
9840001 3.09379
9850001 3.09352
9860001 3.09417
9870001 3.0939
9880001 3.0946
9890001 3.0946
9900001 3.09503
9910001 3.09502
9920001 3.09545
9930001 3.0955
9940001 3.0959
9950001 3.09593
9960001 3.09634
9970001 3.09634
9980001 3.0968
9990001 3.09678
