1 31.3626
10001 22.4868
20001 20.4317
30001 17.8172
40001 16.6722
50001 15.5498
60001 14.4956
70001 13.7929
80001 12.9847
90001 12.3149
100001 11.8627
110001 11.1883
120001 10.6463
130001 10.3267
140001 9.74786
150001 9.30408
160001 9.06719
170001 8.54885
180001 8.166
190001 7.99637
200001 7.54697
210001 7.20773
220001 7.081
230001 6.70507
240001 6.42406
250001 6.33624
260001 6.03548
270001 5.79621
280001 5.71494
290001 5.49143
300001 5.32033
310001 5.2367
320001 5.0799
330001 4.91175
340001 4.82006
350001 4.69605
360001 4.57472
370001 4.47543
380001 4.3756
390001 4.26069
400001 4.15381
410001 4.07924
420001 3.9846
430001 3.88033
440001 3.82701
450001 3.74654
460001 3.65913
470001 3.61885
480001 3.53368
490001 3.47042
500001 3.42847
510001 3.37323
520001 3.32399
530001 3.28591
540001 3.21568
550001 3.17044
560001 3.12955
570001 3.09638
580001 3.04788
590001 3.0022
600001 2.95934
610001 2.91645
620001 2.87639
630001 2.85119
640001 2.80767
650001 2.76804
660001 2.74211
670001 2.70086
680001 2.67117
690001 2.65206
700001 2.60488
710001 2.58905
720001 2.56946
730001 2.52031
740001 2.50119
750001 2.48499
760001 2.43842
770001 2.43009
780001 2.40813
790001 2.3703
800001 2.35316
810001 2.33448
820001 2.31034
830001 2.28977
840001 2.27077
850001 2.2531
860001 2.2322
870001 2.21332
880001 2.20039
890001 2.17924
900001 2.16358
910001 2.15124
920001 2.13443
930001 2.11888
940001 2.10848
950001 2.099
960001 2.08231
970001 2.07152
980001 2.06434
990001 2.04626
1000001 2.03732
1010001 2.03457
1020001 2.0189
1030001 2.01025
1040001 2.00379
1050001 1.98936
1060001 1.98074
1070001 1.98123
1080001 1.97027
1090001 1.9627
1100001 1.96008
1110001 1.94788
1120001 1.94341
1130001 1.94253
1140001 1.9312
1150001 1.92785
1160001 1.92585
1170001 1.91412
1180001 1.91198
1190001 1.90961
1200001 1.90013
1210001 1.90339
1220001 1.8982
1230001 1.88932
1240001 1.88987
1250001 1.88355
1260001 1.87644
1270001 1.87921
1280001 1.87698
1290001 1.86799
1300001 1.86947
1310001 1.86662
1320001 1.85754
1330001 1.86395
1340001 1.85919
1350001 1.84976
1360001 1.85746
1370001 1.85039
1380001 1.84162
1390001 1.85016
1400001 1.84347
1410001 1.8375
1420001 1.84388
1430001 1.83849
1440001 1.833
1450001 1.83937
1460001 1.83156
1470001 1.82661
1480001 1.8345
1490001 1.82761
1500001 1.82257
1510001 1.82899
1520001 1.82249
1530001 1.81883
1540001 1.82579
1550001 1.81914
1560001 1.8152
1570001 1.82206
1580001 1.8157
1590001 1.81308
1600001 1.81935
1610001 1.8125
1620001 1.81007
1630001 1.81608
1640001 1.81066
1650001 1.81014
1660001 1.81382
1670001 1.80926
1680001 1.80731
1690001 1.81542
1700001 1.80804
1710001 1.81011
1720001 1.81277
1730001 1.80627
1740001 1.80866
1750001 1.81261
1760001 1.80505
1770001 1.80767
1780001 1.81089
1790001 1.80583
1800001 1.8134
1810001 1.81099
1820001 1.80529
1830001 1.81178
1840001 1.81059
1850001 1.80615
1860001 1.81234
1870001 1.81183
1880001 1.80526
1890001 1.81371
1900001 1.8139
1910001 1.80725
1920001 1.81502
1930001 1.81319
1940001 1.80682
1950001 1.819
1960001 1.81401
1970001 1.80827
1980001 1.81939
1990001 1.81513
2000001 1.81167
2010001 1.82029
2020001 1.81668
2030001 1.81305
2040001 1.8241
2050001 1.81844
2060001 1.81541
2070001 1.82491
2080001 1.81984
2090001 1.81645
2100001 1.82668
2110001 1.82232
2120001 1.82015
2130001 1.82813
2140001 1.82374
2150001 1.82132
2160001 1.83047
2170001 1.82578
2180001 1.82462
2190001 1.83293
2200001 1.82841
2210001 1.82744
2220001 1.83402
2230001 1.82977
2240001 1.83024
2250001 1.83678
2260001 1.83344
2270001 1.83304
2280001 1.84144
2290001 1.83534
2300001 1.83962
2310001 1.84324
2320001 1.8379
2330001 1.84147
2340001 1.84591
2350001 1.83987
2360001 1.84328
2370001 1.84738
2380001 1.8433
2390001 1.85221
2400001 1.85059
2410001 1.84605
2420001 1.85119
2430001 1.85262
2440001 1.84866
2450001 1.85657
2460001 1.85669
2470001 1.85102
2480001 1.85934
2490001 1.86033
2500001 1.85406
2510001 1.86348
2520001 1.86224
2530001 1.85645
2540001 1.86871
2550001 1.86461
2560001 1.85942
2570001 1.87091
2580001 1.86729
2590001 1.86431
2600001 1.87373
2610001 1.87078
2620001 1.86766
2630001 1.87838
2640001 1.87364
2650001 1.87119
2660001 1.88127
2670001 1.87667
2680001 1.87636
2690001 1.88359
2700001 1.8798
2710001 1.8779
2720001 1.88654
2730001 1.88254
2740001 1.88065
2750001 1.88964
2760001 1.88551
2770001 1.88424
2780001 1.8931
2790001 1.88882
2800001 1.88818
2810001 1.89521
2820001 1.89139
2830001 1.89209
2840001 1.90015
2850001 1.89528
2860001 1.89593
2870001 1.90395
2880001 1.89829
2890001 1.90269
2900001 1.90608
2910001 1.90107
2920001 1.90567
2930001 1.90955
2940001 1.90392
2950001 1.9101
2960001 1.91153
2970001 1.90765
2980001 1.91657
2990001 1.91485
3000001 1.91151
3010001 1.91596
3020001 1.91954
3030001 1.91386
3040001 1.92155
3050001 1.92183
3060001 1.9163
3070001 1.9248
3080001 1.92513
3090001 1.9199
3100001 1.92916
3110001 1.9279
3120001 1.92429
3130001 1.93274
3140001 1.93058
3150001 1.92553
3160001 1.93671
3170001 1.93407
3180001 1.93042
3190001 1.93967
3200001 1.93689
3210001 1.9337
3220001 1.94444
3230001 1.94004
3240001 1.93765
3250001 1.94727
3260001 1.94361
3270001 1.94255
3280001 1.94989
3290001 1.9462
3300001 1.94433
3310001 1.95292
3320001 1.949
3330001 1.94865
3340001 1.95576
3350001 1.95182
3360001 1.95053
3370001 1.95917
3380001 1.95505
3390001 1.95449
3400001 1.96121
3410001 1.95748
3420001 1.95816
3430001 1.9662
3440001 1.96133
3450001 1.96204
3460001 1.96926
3470001 1.96413
3480001 1.96839
3490001 1.97184
3500001 1.96693
3510001 1.97137
3520001 1.97497
3530001 1.96953
3540001 1.97558
3550001 1.977
3560001 1.97314
3570001 1.98472
3580001 1.98013
3590001 1.97688
3600001 1.9811
3610001 1.98455
3620001 1.97869
3630001 1.98647
3640001 1.98675
3650001 1.98127
3660001 1.98964
3670001 1.98977
3680001 1.98455
3690001 1.99401
3700001 1.99237
3710001 1.98883
3720001 1.997
3730001 1.99479
3740001 1.99005
3750001 2.00043
3760001 1.99808
3770001 1.99435
3780001 2.00342
3790001 2.00068
3800001 1.99743
3810001 2.0078
3820001 2.00353
3830001 2.00101
3840001 2.01045
3850001 2.0069
3860001 2.00573
3870001 2.0127
3880001 2.00893
3890001 2.00723
3900001 2.01566
3910001 2.01173
3920001 2.01133
3930001 2.01778
3940001 2.01422
3950001 2.01292
3960001 2.02125
3970001 2.01713
3980001 2.01661
3990001 2.02307
4000001 2.02008
4010001 2.01933
4020001 2.02771
4030001 2.02267
4040001 2.02362
4050001 2.03057
4060001 2.02552
4070001 2.03069
4080001 2.03338
4090001 2.02788
4100001 2.03227
4110001 2.0356
4120001 2.03029
4130001 2.03616
4140001 2.03738
4150001 2.03351
4160001 2.04471
4170001 2.04023
4180001 2.03699
4190001 2.04114
4200001 2.04433
4210001 2.03858
4220001 2.04824
4230001 2.04623
4240001 2.04111
4250001 2.04893
4260001 2.049
4270001 2.04377
4280001 2.0529
4290001 2.05127
4300001 2.04768
4310001 2.05567
4320001 2.0536
4330001 2.04874
4340001 2.0588
4350001 2.0564
4360001 2.05283
4370001 2.06148
4380001 2.05855
4390001 2.05659
4400001 2.06595
4410001 2.06128
4420001 2.05868
4430001 2.06786
4440001 2.06429
4450001 2.063
4460001 2.06971
4470001 2.06605
4480001 2.06424
4490001 2.07234
4500001 2.06851
4510001 2.06803
4520001 2.07432
4530001 2.07058
4540001 2.06929
4550001 2.07718
4560001 2.07336
4570001 2.0728
4580001 2.07895
4590001 2.07596
4600001 2.07608
4610001 2.08327
4620001 2.07829
4630001 2.07912
4640001 2.0858
4650001 2.08082
4660001 2.08574
4670001 2.0884
4680001 2.08293
4690001 2.08816
4700001 2.09003
4710001 2.0854
4720001 2.0907
4730001 2.09287
4740001 2.08792
4750001 2.09878
4760001 2.09431
4770001 2.09104
4780001 2.09533
4790001 2.09809
4800001 2.09241
4810001 2.10197
4820001 2.09972
4830001 2.09468
4840001 2.10226
4850001 2.1022
4860001 2.09673
4870001 2.1059
4880001 2.10473
4890001 2.10057
4900001 2.10831
4910001 2.10627
4920001 2.10136
4930001 2.1112
4940001 2.10875
4950001 2.10522
4960001 2.11352
4970001 2.11067
4980001 2.10862
4990001 2.11774
5000001 2.11331
5010001 2.11045
5020001 2.1194
5030001 2.11636
5040001 2.11441
5050001 2.12107
5060001 2.11729
5070001 2.11545
5080001 2.12328
5090001 2.11948
5100001 2.11894
5110001 2.12495
5120001 2.12124
5130001 2.12028
5140001 2.12763
5150001 2.12375
5160001 2.12292
5170001 2.12917
5180001 2.12609
5190001 2.12618
5200001 2.1331
5210001 2.12813
5220001 2.13171
5230001 2.13536
5240001 2.1304
5250001 2.13519
5260001 2.13763
5270001 2.13227
5280001 2.13735
5290001 2.13913
5300001 2.13451
5310001 2.14009
5320001 2.14167
5330001 2.13658
5340001 2.14733
5350001 2.1433
5360001 2.13954
5370001 2.14376
5380001 2.14598
5390001 2.14064
5400001 2.15
5410001 2.14817
5420001 2.14273
5430001 2.15002
5440001 2.15016
5450001 2.14455
5460001 2.15389
5470001 2.15224
5480001 2.14696
5490001 2.15672
5500001 2.15356
5510001 2.14862
5520001 2.15822
5530001 2.15536
5540001 2.15213
5550001 2.16024
5560001 2.15743
5570001 2.15534
5580001 2.16417
5590001 2.15982
5600001 2.15698
5610001 2.16565
5620001 2.16262
5630001 2.15995
5640001 2.1671
5650001 2.1633
5660001 2.16168
5670001 2.16917
5680001 2.16526
5690001 2.16394
5700001 2.17049
5710001 2.16679
5720001 2.16571
5730001 2.1729
5740001 2.16905
5750001 2.1682
5760001 2.17429
5770001 2.17116
5780001 2.17114
5790001 2.1785
5800001 2.17295
5810001 2.17635
5820001 2.17986
5830001 2.17497
5840001 2.17965
5850001 2.18197
5860001 2.17661
5870001 2.18166
5880001 2.18319
5890001 2.17861
5900001 2.18414
5910001 2.18558
5920001 2.18053
5930001 2.18888
5940001 2.18701
5950001 2.18283
5960001 2.18728
5970001 2.18945
5980001 2.18406
5990001 2.19306
6000001 2.19142
6010001 2.18594
6020001 2.19428
6030001 2.19317
6040001 2.18761
6050001 2.19676
6060001 2.19501
6070001 2.1898
6080001 2.19945
6090001 2.19609
6100001 2.19392
6110001 2.20084
6120001 2.19775
6130001 2.19445
6140001 2.20586
6150001 2.1997
6160001 2.19732
6170001 2.20611
6180001 2.20176
6190001 2.19882
6200001 2.20731
6210001 2.20434
6220001 2.20165
6230001 2.20858
6240001 2.20494
6250001 2.20319
6260001 2.21052
6270001 2.20656
6280001 2.20522
6290001 2.21181
6300001 2.20787
6310001 2.20679
6320001 2.21381
6330001 2.20989
6340001 2.20904
6350001 2.21495
6360001 2.212
6370001 2.2118
6380001 2.21899
6390001 2.21411
6400001 2.21673
6410001 2.22044
6420001 2.2155
6430001 2.2205
6440001 2.22197
6450001 2.21667
6460001 2.21948
6470001 2.22305
6480001 2.21848
6490001 2.22396
6500001 2.22525
6510001 2.22019
6520001 2.2284
6530001 2.2265
6540001 2.22237
6550001 2.22664
6560001 2.22874
6570001 2.22372
6580001 2.23224
6590001 2.23051
6600001 2.22504
6610001 2.23329
6620001 2.23209
6630001 2.2265
6640001 2.23548
6650001 2.2337
6660001 2.22856
6670001 2.23801
6680001 2.23463
6690001 2.23243
6700001 2.23924
6710001 2.23612
6720001 2.23406
6730001 2.24396
6740001 2.23791
6750001 2.23543
6760001 2.24386
6770001 2.23943
6780001 2.23675
6790001 2.24508
6800001 2.24213
6810001 2.23937
6820001 2.24618
6830001 2.24258
6840001 2.24076
6850001 2.24793
6860001 2.24401
6870001 2.24261
6880001 2.24912
6890001 2.24534
6900001 2.24437
6910001 2.25076
6920001 2.24689
6930001 2.24591
6940001 2.25187
6950001 2.24893
6960001 2.24828
6970001 2.25564
6980001 2.25087
6990001 2.25335
7000001 2.25703
7010001 2.25204
7020001 2.25727
7030001 2.25827
7040001 2.25312
7050001 2.25586
7060001 2.25935
7070001 2.25469
7080001 2.26205
7090001 2.26129
7100001 2.25625
7110001 2.26428
7120001 2.26239
7130001 2.25821
7140001 2.26326
7150001 2.26446
7160001 2.25949
7170001 2.26781
7180001 2.26605
7190001 2.26127
7200001 2.26874
7210001 2.26747
7220001 2.26187
7230001 2.27074
7240001 2.26871
7250001 2.26372
7260001 2.27307
7270001 2.26972
7280001 2.26749
7290001 2.27417
7300001 2.27196
7310001 2.26897
7320001 2.27864
7330001 2.27268
7340001 2.27002
7350001 2.27847
7360001 2.27406
7370001 2.27127
7380001 2.27948
7390001 2.2756
7400001 2.27377
7410001 2.28045
7420001 2.27685
7430001 2.27504
7440001 2.28203
7450001 2.27833
7460001 2.27672
7470001 2.2831
7480001 2.27932
7490001 2.27847
7500001 2.28463
7510001 2.28071
7520001 2.27982
7530001 2.28627
7540001 2.28259
7550001 2.28191
7560001 2.28912
7570001 2.28432
7580001 2.28666
7590001 2.29034
7600001 2.28539
7610001 2.29055
7620001 2.2915
7630001 2.28638
7640001 2.28908
7650001 2.29246
7660001 2.28845
7670001 2.29507
7680001 2.29393
7690001 2.28973
7700001 2.29531
7710001 2.29487
7720001 2.29097
7730001 2.29602
7740001 2.29704
7750001 2.29206
7760001 2.30031
7770001 2.29937
7780001 2.2938
7790001 2.30108
7800001 2.29963
7810001 2.29439
7820001 2.30408
7830001 2.30092
7840001 2.29591
7850001 2.30489
7860001 2.3018
7870001 2.29948
7880001 2.30611
7890001 2.30389
7900001 2.30084
7910001 2.31027
7920001 2.30448
7930001 2.30184
7940001 2.31004
7950001 2.30573
7960001 2.30292
7970001 2.31102
7980001 2.30713
7990001 2.30526
8000001 2.31216
8010001 2.30823
8020001 2.30623
8030001 2.31318
8040001 2.30958
8050001 2.30833
8060001 2.31415
8070001 2.31043
8080001 2.30952
8090001 2.31558
8100001 2.31167
8110001 2.31078
8120001 2.31716
8130001 2.31342
8140001 2.3133
8150001 2.3202
8160001 2.31499
8170001 2.31734
8180001 2.32089
8190001 2.31597
8200001 2.31901
8210001 2.32186
8220001 2.31679
8230001 2.31953
8240001 2.32275
8250001 2.31878
8260001 2.32529
8270001 2.32414
8280001 2.31992
8290001 2.32551
8300001 2.32497
8310001 2.32108
8320001 2.32597
8330001 2.327
8340001 2.32199
8350001 2.32884
8360001 2.32918
8370001 2.32362
8380001 2.33111
8390001 2.32933
8400001 2.32412
8410001 2.33399
8420001 2.33048
8430001 2.32534
8440001 2.33464
8450001 2.33124
8460001 2.32888
8470001 2.33562
8480001 2.33321
8490001 2.33011
8500001 2.33941
8510001 2.33369
8520001 2.33093
8530001 2.33907
8540001 2.33488
8550001 2.332
8560001 2.33988
8570001 2.33607
8580001 2.33423
8590001 2.34102
8600001 2.33702
8610001 2.33507
8620001 2.34217
8630001 2.33826
8640001 2.33704
8650001 2.34269
8660001 2.33897
8670001 2.33811
8680001 2.344
8690001 2.34014
8700001 2.34043
8710001 2.34551
8720001 2.34201
8730001 2.34171
8740001 2.34846
8750001 2.34303
8760001 2.34556
8770001 2.34888
8780001 2.34405
8790001 2.34705
8800001 2.3498
8810001 2.3448
8820001 2.34761
8830001 2.35061
8840001 2.34663
8850001 2.35372
8860001 2.35191
8870001 2.34773
8880001 2.35321
8890001 2.35263
8900001 2.34878
8910001 2.35479
8920001 2.35457
8930001 2.34942
8940001 2.3562
8950001 2.35664
8960001 2.35105
8970001 2.35827
8980001 2.35666
8990001 2.35145
9000001 2.36118
9010001 2.35763
9020001 2.35263
9030001 2.36178
9040001 2.35838
9050001 2.35518
9060001 2.36265
9070001 2.36022
9080001 2.35703
9090001 2.36514
9100001 2.36058
9110001 2.3578
9120001 2.36596
9130001 2.36171
9140001 2.35873
9150001 2.36657
9160001 2.36297
9170001 2.36087
9180001 2.36756
9190001 2.36363
9200001 2.36162
9210001 2.36869
9220001 2.36474
9230001 2.36346
9240001 2.37005
9250001 2.36582
9260001 2.365
9270001 2.37029
9280001 2.36643
9290001 2.36677
9300001 2.37164
9310001 2.36819
9320001 2.36786
9330001 2.37446
9340001 2.36908
9350001 2.3724
9360001 2.37488
9370001 2.36996
9380001 2.373
9390001 2.37596
9400001 2.37073
9410001 2.37345
9420001 2.37632
9430001 2.37237
9440001 2.3795
9450001 2.37753
9460001 2.37333
9470001 2.3788
9480001 2.3782
9490001 2.37436
9500001 2.38043
9510001 2.38004
9520001 2.37493
9530001 2.38157
9540001 2.38197
9550001 2.37615
9560001 2.38358
9570001 2.38189
9580001 2.3767
9590001 2.38634
9600001 2.38264
9610001 2.3778
9620001 2.38686
9630001 2.38345
9640001 2.3803
9650001 2.38766
9660001 2.38473
9670001 2.38154
9680001 2.39005
9690001 2.38548
9700001 2.38305
9710001 2.39075
9720001 2.3865
9730001 2.3835
9740001 2.39123
9750001 2.38766
9760001 2.38556
9770001 2.39213
9780001 2.38823
9790001 2.38626
9800001 2.39315
9810001 2.38915
9820001 2.38792
9830001 2.3945
9840001 2.39024
9850001 2.3894
9860001 2.39459
9870001 2.39075
9880001 2.39093
9890001 2.39585
9900001 2.39242
9910001 2.39211
9920001 2.39853
9930001 2.39321
9940001 2.3965
9950001 2.39887
9960001 2.39404
9970001 2.39764
9980001 2.39995
9990001 2.39472
