1 31.3626
10001 22.4868
20001 20.4317
30001 17.8172
40001 16.6722
50001 15.5498
60001 14.4956
70001 13.7929
80001 12.9847
90001 12.3149
100001 11.8627
110001 11.1883
120001 10.6463
130001 10.3267
140001 9.74786
150001 9.30408
160001 9.06719
170001 8.54885
180001 8.166
190001 7.99637
200001 7.54697
210001 7.20773
220001 7.081
230001 6.70507
240001 6.42406
250001 6.33624
260001 6.03548
270001 5.79621
280001 5.71494
290001 5.49143
300001 5.32033
310001 5.2367
320001 5.0799
330001 4.91175
340001 4.82006
350001 4.69605
360001 4.57472
370001 4.47543
380001 4.3756
390001 4.26069
400001 4.15381
410001 4.07924
420001 3.9846
430001 3.88033
440001 3.82701
450001 3.74654
460001 3.65913
470001 3.61885
480001 3.53368
490001 3.47042
500001 3.42847
510001 3.37323
520001 3.32399
530001 3.28591
540001 3.21568
550001 3.17044
560001 3.12955
570001 3.09638
580001 3.04788
590001 3.0022
600001 2.95934
610001 2.91645
620001 2.87639
630001 2.85119
640001 2.80767
650001 2.76804
660001 2.74211
670001 2.70086
680001 2.67117
690001 2.65206
700001 2.60488
710001 2.58905
720001 2.56946
730001 2.52031
740001 2.50119
750001 2.48499
760001 2.43842
770001 2.43009
780001 2.40813
790001 2.3703
800001 2.35316
810001 2.33448
820001 2.31034
830001 2.28977
840001 2.27077
850001 2.2531
860001 2.2322
870001 2.21332
880001 2.20039
890001 2.17924
900001 2.16358
910001 2.15124
920001 2.13443
930001 2.11888
940001 2.10848
950001 2.099
960001 2.08231
970001 2.07152
980001 2.06434
990001 2.04626
1000001 2.03732
1010001 2.03457
1020001 2.0189
1030001 2.01025
1040001 2.00379
1050001 1.98936
1060001 1.98074
1070001 1.98123
1080001 1.97027
1090001 1.9627
1100001 1.96008
1110001 1.94788
1120001 1.94341
1130001 1.94253
1140001 1.9312
1150001 1.92785
1160001 1.92585
1170001 1.91412
1180001 1.91198
1190001 1.90961
1200001 1.90013
1210001 1.90339
1220001 1.8982
1230001 1.88932
1240001 1.88987
1250001 1.88355
1260001 1.87644
1270001 1.87921
1280001 1.87698
1290001 1.86799
1300001 1.86947
1310001 1.86662
1320001 1.85754
1330001 1.86395
1340001 1.85919
1350001 1.84976
1360001 1.85746
1370001 1.85039
1380001 1.84162
1390001 1.85016
1400001 1.84347
1410001 1.8375
1420001 1.84388
1430001 1.83849
1440001 1.833
1450001 1.83937
1460001 1.83156
1470001 1.82661
1480001 1.8345
1490001 1.82761
1500001 1.82257
1510001 1.82899
1520001 1.82249
1530001 1.81883
1540001 1.82579
1550001 1.81914
1560001 1.8152
1570001 1.82206
1580001 1.8157
1590001 1.81308
1600001 1.81935
1610001 1.8125
1620001 1.81007
1630001 1.81608
1640001 1.81066
1650001 1.81014
1660001 1.81382
1670001 1.80926
1680001 1.80731
1690001 1.81542
1700001 1.80804
1710001 1.81011
1720001 1.81277
1730001 1.80627
1740001 1.80866
1750001 1.81261
1760001 1.80505
1770001 1.80767
1780001 1.81089
1790001 1.80583
1800001 1.8134
1810001 1.81099
1820001 1.80529
1830001 1.81178
1840001 1.81059
1850001 1.80615
1860001 1.81234
1870001 1.81183
1880001 1.80526
1890001 1.81371
1900001 1.8139
1910001 1.80725
1920001 1.81502
1930001 1.81319
1940001 1.80682
1950001 1.819
1960001 1.81401
1970001 1.80827
1980001 1.81939
1990001 1.81513
2000001 1.81167
2010001 1.82029
2020001 1.81668
2030001 1.81305
2040001 1.8241
2050001 1.81844
2060001 1.81541
2070001 1.82491
2080001 1.81984
2090001 1.81645
2100001 1.82668
2110001 1.82232
2120001 1.82015
2130001 1.82813
2140001 1.82374
2150001 1.82132
2160001 1.83047
2170001 1.82578
2180001 1.82462
2190001 1.83293
2200001 1.82841
2210001 1.82744
2220001 1.83402
2230001 1.82977
2240001 1.83024
2250001 1.83678
2260001 1.83344
2270001 1.83304
2280001 1.84144
2290001 1.83534
2300001 1.83962
2310001 1.84324
2320001 1.8379
2330001 1.84147
2340001 1.84591
2350001 1.83987
2360001 1.84328
2370001 1.84738
2380001 1.8433
2390001 1.85221
2400001 1.85059
2410001 1.84605
2420001 1.85119
2430001 1.85262
2440001 1.84866
2450001 1.85657
2460001 1.85669
2470001 1.85102
2480001 1.85934
2490001 1.86033
2500001 1.85406
2510001 1.86348
2520001 1.86224
2530001 1.85645
2540001 1.86871
2550001 1.86461
2560001 1.85942
2570001 1.87091
2580001 1.86729
2590001 1.86431
2600001 1.87373
2610001 1.87078
2620001 1.86766
2630001 1.87838
2640001 1.87364
2650001 1.87119
2660001 1.88127
2670001 1.87667
2680001 1.87636
2690001 1.88359
2700001 1.8798
2710001 1.8779
2720001 1.88654
2730001 1.88254
2740001 1.88065
2750001 1.88964
2760001 1.88551
2770001 1.88424
2780001 1.8931
2790001 1.88882
2800001 1.88818
2810001 1.89521
2820001 1.89139
2830001 1.89209
2840001 1.90015
2850001 1.89528
2860001 1.89593
2870001 1.90395
2880001 1.89829
2890001 1.90269
2900001 1.90608
2910001 1.90107
2920001 1.90567
2930001 1.90955
2940001 1.90392
2950001 1.9101
2960001 1.91153
2970001 1.90765
2980001 1.91657
2990001 1.91485
3000001 1.91151
3010001 1.91596
3020001 1.91954
3030001 1.91386
3040001 1.92155
3050001 1.92183
3060001 1.9163
3070001 1.9248
3080001 1.92513
3090001 1.9199
3100001 1.92916
3110001 1.9279
3120001 1.92429
3130001 1.93274
3140001 1.93058
3150001 1.92553
3160001 1.93671
3170001 1.93407
3180001 1.93042
3190001 1.93967
3200001 1.93689
3210001 1.9337
3220001 1.94444
3230001 1.94004
3240001 1.93765
3250001 1.94727
3260001 1.94361
3270001 1.94255
3280001 1.94989
3290001 1.9462
3300001 1.94433
3310001 1.95292
3320001 1.949
3330001 1.94865
3340001 1.95576
3350001 1.95182
3360001 1.95053
3370001 1.95917
3380001 1.95505
3390001 1.95449
3400001 1.96121
3410001 1.95748
3420001 1.95816
3430001 1.9662
3440001 1.96133
3450001 1.96204
3460001 1.96926
3470001 1.96413
3480001 1.96839
3490001 1.97184
3500001 1.96693
3510001 1.97137
3520001 1.97497
3530001 1.96953
3540001 1.97558
3550001 1.977
3560001 1.97314
3570001 1.98472
3580001 1.98013
3590001 1.97688
3600001 1.9811
3610001 1.98455
3620001 1.97869
3630001 1.98647
3640001 1.98675
3650001 1.98127
3660001 1.98964
3670001 1.98977
3680001 1.98455
3690001 1.99401
3700001 1.99237
3710001 1.98883
3720001 1.997
3730001 1.99479
3740001 1.99005
3750001 2.00043
3760001 1.99808
3770001 1.99435
3780001 2.00342
3790001 2.00068
3800001 1.99743
3810001 2.0078
3820001 2.00353
3830001 2.00101
3840001 2.01045
3850001 2.0069
3860001 2.00573
3870001 2.0127
3880001 2.00893
3890001 2.00723
3900001 2.01566
3910001 2.01173
3920001 2.01133
3930001 2.01778
3940001 2.01422
3950001 2.01292
3960001 2.02125
3970001 2.01713
3980001 2.01661
3990001 2.02307
4000001 2.02008
4010001 2.01933
4020001 2.02771
4030001 2.02267
4040001 2.02362
4050001 2.03057
4060001 2.02552
4070001 2.03069
4080001 2.03338
4090001 2.02788
4100001 2.03227
4110001 2.0356
4120001 2.03029
4130001 2.03616
4140001 2.03738
4150001 2.03351
4160001 2.04471
4170001 2.04023
4180001 2.03699
4190001 2.04114
4200001 2.04433
4210001 2.03858
4220001 2.04824
4230001 2.04623
4240001 2.04111
4250001 2.04893
4260001 2.049
4270001 2.04377
4280001 2.0529
4290001 2.05127
4300001 2.04768
4310001 2.05567
4320001 2.0536
4330001 2.04874
4340001 2.0588
4350001 2.0564
4360001 2.05283
4370001 2.06148
4380001 2.05855
4390001 2.05659
4400001 2.06595
4410001 2.06128
4420001 2.05868
4430001 2.06786
4440001 2.06429
4450001 2.063
4460001 2.06971
4470001 2.06605
4480001 2.06424
4490001 2.07234
4500001 2.06851
4510001 2.06803
4520001 2.07432
4530001 2.07058
4540001 2.06929
4550001 2.07718
4560001 2.07336
4570001 2.0728
4580001 2.07895
4590001 2.07596
4600001 2.07608
4610001 2.08327
4620001 2.07829
4630001 2.07912
4640001 2.0858
4650001 2.08082
4660001 2.08574
4670001 2.0884
4680001 2.08293
4690001 2.08816
4700001 2.09003
4710001 2.0854
4720001 2.0907
4730001 2.09287
4740001 2.08792
4750001 2.09878
4760001 2.09431
4770001 2.09104
4780001 2.09533
4790001 2.09809
4800001 2.09241
4810001 2.10197
4820001 2.09972
4830001 2.09468
4840001 2.10226
4850001 2.1022
4860001 2.09673
4870001 2.1059
4880001 2.10473
4890001 2.10057
4900001 2.10831
4910001 2.10627
4920001 2.10136
4930001 2.1112
4940001 2.10875
4950001 2.10522
4960001 2.11352
4970001 2.11067
4980001 2.10862
4990001 2.11774
5000001 2.11331
5010001 2.11045
5020001 2.1194
5030001 2.11636
5040001 2.11441
5050001 2.12107
5060001 2.11729
5070001 2.11545
5080001 2.12328
5090001 2.11948
5100001 2.11894
5110001 2.12495
5120001 2.12124
5130001 2.12028
5140001 2.12763
5150001 2.12375
5160001 2.12292
5170001 2.12917
5180001 2.12609
5190001 2.12618
5200001 2.1331
5210001 2.12813
5220001 2.13171
5230001 2.13536
5240001 2.1304
5250001 2.13519
5260001 2.13763
5270001 2.13227
5280001 2.13735
5290001 2.13913
5300001 2.13451
5310001 2.14009
5320001 2.14167
5330001 2.13658
5340001 2.14733
5350001 2.1433
5360001 2.13954
5370001 2.14376
5380001 2.14598
5390001 2.14064
5400001 2.15
5410001 2.14817
5420001 2.14273
5430001 2.15002
5440001 2.15016
5450001 2.14455
5460001 2.15389
5470001 2.15224
5480001 2.14696
5490001 2.15672
5500001 2.15356
5510001 2.14862
5520001 2.15822
5530001 2.15536
5540001 2.15213
5550001 2.16024
5560001 2.15743
5570001 2.15534
5580001 2.16417
5590001 2.15982
5600001 2.15698
5610001 2.16565
5620001 2.16262
5630001 2.15995
5640001 2.1671
5650001 2.1633
5660001 2.16168
5670001 2.16917
5680001 2.16526
5690001 2.16394
5700001 2.17049
5710001 2.16679
5720001 2.16571
5730001 2.1729
5740001 2.16905
5750001 2.1682
5760001 2.17429
5770001 2.17116
5780001 2.17114
5790001 2.1785
5800001 2.17295
5810001 2.17635
5820001 2.17986
5830001 2.17497
5840001 2.17965
5850001 2.18197
5860001 2.17661
5870001 2.18166
5880001 2.18319
5890001 2.17861
5900001 2.18414
5910001 2.18558
5920001 2.18053
5930001 2.18888
5940001 2.18701
5950001 2.18283
5960001 2.18728
5970001 2.18945
5980001 2.18406
5990001 2.19306
6000001 2.19142
6010001 2.18594
6020001 2.19428
6030001 2.19317
6040001 2.18761
6050001 2.19676
6060001 2.19501
6070001 2.1898
6080001 2.19945
6090001 2.19609
6100001 2.19392
6110001 2.20084
6120001 2.19775
6130001 2.19445
6140001 2.20586
6150001 2.1997
6160001 2.19732
6170001 2.20611
6180001 2.20176
6190001 2.19882
6200001 2.20731
6210001 2.20434
6220001 2.20165
6230001 2.20858
6240001 2.20494
6250001 2.20319
6260001 2.21052
6270001 2.20656
6280001 2.20522
6290001 2.21181
6300001 2.20787
6310001 2.20679
6320001 2.21381
6330001 2.20989
6340001 2.20904
6350001 2.21495
6360001 2.212
6370001 2.2118
6380001 2.21899
6390001 2.21411
6400001 2.21673
6410001 2.22044
6420001 2.2155
6430001 2.2205
6440001 2.22197
6450001 2.21667
6460001 2.21948
6470001 2.22305
6480001 2.21848
6490001 2.22396
6500001 2.22525
6510001 2.22019
6520001 2.2284
6530001 2.2265
6540001 2.22237
6550001 2.22664
6560001 2.22874
6570001 2.22372
6580001 2.23224
6590001 2.23051
6600001 2.22504
6610001 2.23329
6620001 2.23209
6630001 2.2265
6640001 2.23548
6650001 2.2337
6660001 2.22856
6670001 2.23801
6680001 2.23463
6690001 2.23243
6700001 2.23924
6710001 2.23612
6720001 2.23406
6730001 2.24396
6740001 2.23791
6750001 2.23543
6760001 2.24386
6770001 2.23943
6780001 2.23675
6790001 2.24508
6800001 2.24213
6810001 2.23937
6820001 2.24618
6830001 2.24258
6840001 2.24076
6850001 2.24793
6860001 2.24401
6870001 2.24261
6880001 2.24912
6890001 2.24534
6900001 2.24437
6910001 2.25076
6920001 2.24689
6930001 2.24591
6940001 2.25187
6950001 2.24893
6960001 2.24828
6970001 2.25564
6980001 2.25087
6990001 2.25335
7000001 2.25703
7010001 2.25204
7020001 2.25727
7030001 2.25827
7040001 2.25312
7050001 2.25586
7060001 2.25935
7070001 2.25469
7080001 2.26205
7090001 2.26129
7100001 2.25625
7110001 2.26428
7120001 2.26239
7130001 2.25821
7140001 2.26326
7150001 2.26446
7160001 2.25949
7170001 2.26781
7180001 2.26605
7190001 2.26127
7200001 2.26874
7210001 2.26747
7220001 2.26187
7230001 2.27074
7240001 2.26871
7250001 2.26372
7260001 2.27307
7270001 2.26972
7280001 2.26749
7290001 2.27417
7300001 2.27196
7310001 2.26897
7320001 2.27864
7330001 2.27268
7340001 2.27002
7350001 2.27847
7360001 2.27406
7370001 2.27127
7380001 2.27948
7390001 2.2756
7400001 2.27377
7410001 2.28045
7420001 2.27685
7430001 2.27504
7440001 2.28203
7450001 2.27833
7460001 2.27672
7470001 2.2831
7480001 2.27932
7490001 2.27847
7500001 2.28463
7510001 2.28071
7520001 2.27982
7530001 2.28627
7540001 2.28259
7550001 2.28191
7560001 2.28912
7570001 2.28432
7580001 2.28666
7590001 2.29034
7600001 2.28539
7610001 2.29055
7620001 2.2915
7630001 2.28638
7640001 2.28908
7650001 2.29246
7660001 2.28845
7670001 2.29507
7680001 2.29393
7690001 2.28973
7700001 2.29531
7710001 2.29487
7720001 2.29097
7730001 2.29602
7740001 2.29704
7750001 2.29206
7760001 2.30031
7770001 2.29937
7780001 2.2938
7790001 2.30108
7800001 2.29963
7810001 2.29439
7820001 2.30408
7830001 2.30092
7840001 2.29591
7850001 2.30489
7860001 2.3018
7870001 2.29948
7880001 2.30611
7890001 2.30389
7900001 2.30084
7910001 2.31027
7920001 2.30448
7930001 2.30184
7940001 2.31004
7950001 2.30573
7960001 2.30292
7970001 2.31102
7980001 2.30713
7990001 2.30526
8000001 2.31216
8010001 2.30823
8020001 2.30623
8030001 2.31318
8040001 2.30958
8050001 2.30833
8060001 2.31415
8070001 2.31043
8080001 2.30952
8090001 2.31558
8100001 2.31167
8110001 2.31078
8120001 2.31716
8130001 2.31342
8140001 2.3133
8150001 2.3202
8160001 2.31499
8170001 2.31734
8180001 2.32089
8190001 2.31597
8200001 2.31901
8210001 2.32186
8220001 2.31679
8230001 2.31953
8240001 2.32275
8250001 2.31878
8260001 2.32529
8270001 2.32414
8280001 2.31992
8290001 2.32551
8300001 2.32497
8310001 2.32108
8320001 2.32597
8330001 2.327
8340001 2.32199
8350001 2.32884
8360001 2.32918
8370001 2.32362
8380001 2.33111
8390001 2.32933
8400001 2.32412
8410001 2.33399
8420001 2.33048
8430001 2.32534
8440001 2.33464
8450001 2.33124
8460001 2.32888
8470001 2.33562
8480001 2.33321
8490001 2.33011
8500001 2.33941
8510001 2.33369
8520001 2.33093
8530001 2.33907
8540001 2.33488
8550001 2.332
8560001 2.33988
8570001 2.33607
8580001 2.33423
8590001 2.34102
8600001 2.33702
8610001 2.33507
8620001 2.34217
8630001 2.33826
8640001 2.33704
8650001 2.34269
8660001 2.33897
8670001 2.33811
8680001 2.344
8690001 2.34014
8700001 2.34043
8710001 2.34551
8720001 2.34201
8730001 2.34171
8740001 2.34846
8750001 2.34303
8760001 2.34556
8770001 2.34888
8780001 2.34405
8790001 2.34705
8800001 2.3498
8810001 2.3448
8820001 2.34761
8830001 2.35061
8840001 2.34663
8850001 2.35372
8860001 2.35191
8870001 2.34773
8880001 2.35321
8890001 2.35263
8900001 2.34878
8910001 2.35479
8920001 2.35457
8930001 2.34942
8940001 2.3562
8950001 2.35664
8960001 2.35105
8970001 2.35827
8980001 2.35666
8990001 2.35145
9000001 2.36118
9010001 2.35763
9020001 2.35263
9030001 2.36178
9040001 2.35838
9050001 2.35518
9060001 2.36265
9070001 2.36022
9080001 2.35703
9090001 2.36514
9100001 2.36058
9110001 2.3578
9120001 2.36596
9130001 2.36171
9140001 2.35873
9150001 2.36657
9160001 2.36297
9170001 2.36087
9180001 2.36756
9190001 2.36363
9200001 2.36162
9210001 2.36869
9220001 2.36474
9230001 2.36346
9240001 2.37005
9250001 2.36582
9260001 2.365
9270001 2.37029
9280001 2.36643
9290001 2.36677
9300001 2.37164
9310001 2.36819
9320001 2.36786
9330001 2.37446
9340001 2.36908
9350001 2.3724
9360001 2.37488
9370001 2.36996
9380001 2.373
9390001 2.37596
9400001 2.37073
9410001 2.37345
9420001 2.37632
9430001 2.37237
9440001 2.3795
9450001 2.37753
9460001 2.37333
9470001 2.3788
9480001 2.3782
9490001 2.37436
9500001 2.38043
9510001 2.38004
9520001 2.37493
9530001 2.38157
9540001 2.38197
9550001 2.37615
9560001 2.38358
9570001 2.38189
9580001 2.3767
9590001 2.38634
9600001 2.38264
9610001 2.3778
9620001 2.38686
9630001 2.38345
9640001 2.3803
9650001 2.38766
9660001 2.38473
9670001 2.38154
9680001 2.39005
9690001 2.38548
9700001 2.38305
9710001 2.39075
9720001 2.3865
9730001 2.3835
9740001 2.39123
9750001 2.38766
9760001 2.38556
9770001 2.39213
9780001 2.38823
9790001 2.38626
9800001 2.39315
9810001 2.38915
9820001 2.38792
9830001 2.3945
9840001 2.39024
9850001 2.3894
9860001 2.39459
9870001 2.39075
9880001 2.39093
9890001 2.39585
9900001 2.39242
9910001 2.39211
9920001 2.39853
9930001 2.39321
9940001 2.3965
9950001 2.39887
9960001 2.39404
9970001 2.39764
9980001 2.39995
9990001 2.39472
10000001 2.3974
10010001 2.4001
10020001 2.39612
10030001 2.40332
10040001 2.40113
10050001 2.3971
10060001 2.40114
10070001 2.40337
10080001 2.398
10090001 2.40408
10100001 2.40368
10110001 2.39855
10120001 2.4051
10130001 2.40477
10140001 2.3997
10150001 2.40695
10160001 2.40544
10170001 2.40175
10180001 2.40832
10190001 2.40598
10200001 2.40114
10210001 2.41003
10220001 2.40669
10230001 2.4035
10240001 2.4108
10250001 2.40791
10260001 2.40473
10270001 2.41303
10280001 2.40877
10290001 2.40616
10300001 2.41374
10310001 2.41013
10320001 2.40856
10330001 2.41417
10340001 2.41055
10350001 2.40843
10360001 2.41513
10370001 2.4112
10380001 2.41042
10390001 2.41588
10400001 2.4119
10410001 2.41037
10420001 2.41709
10430001 2.41287
10440001 2.41204
10450001 2.4172
10460001 2.41334
10470001 2.4135
10480001 2.41968
10490001 2.41488
10500001 2.41512
10510001 2.42086
10520001 2.41561
10530001 2.41887
10540001 2.42117
10550001 2.41634
10560001 2.41985
10570001 2.42216
10580001 2.41698
10590001 2.42172
10600001 2.4223
10610001 2.41832
10620001 2.42542
10630001 2.42326
10640001 2.41982
10650001 2.42313
10660001 2.42539
10670001 2.42
10680001 2.42601
10690001 2.42563
10700001 2.42043
10710001 2.42712
10720001 2.42664
10730001 2.42158
10740001 2.42888
10750001 2.42721
10760001 2.42352
10770001 2.43007
10780001 2.42768
10790001 2.42311
10800001 2.43142
10810001 2.42886
10820001 2.42509
10830001 2.43232
10840001 2.42943
10850001 2.42614
10860001 2.43441
10870001 2.43026
10880001 2.42761
10890001 2.43509
10900001 2.43149
10910001 2.42997
10920001 2.43545
10930001 2.43185
10940001 2.42976
10950001 2.43639
10960001 2.43244
10970001 2.43164
10980001 2.43667
10990001 2.43303
11000001 2.43153
11010001 2.43813
11020001 2.43394
11030001 2.43312
11040001 2.43819
11050001 2.43433
11060001 2.43403
11070001 2.44064
11080001 2.43578
11090001 2.43612
11100001 2.44145
11110001 2.43646
11120001 2.43965
11130001 2.44189
11140001 2.43712
11150001 2.44063
11160001 2.44285
11170001 2.43765
11180001 2.44244
11190001 2.44292
11200001 2.43895
11210001 2.44832
11220001 2.44383
11230001 2.44043
11240001 2.4437
11250001 2.44587
11260001 2.44033
11270001 2.4482
11280001 2.44605
11290001 2.44084
11300001 2.44751
11310001 2.44699
11320001 2.44189
11330001 2.44937
11340001 2.44749
11350001 2.44382
11360001 2.4503
11370001 2.44802
11380001 2.44329
11390001 2.45158
11400001 2.44902
11410001 2.44535
11420001 2.45245
11430001 2.4494
11440001 2.44617
11450001 2.45478
11460001 2.45028
11470001 2.44758
11480001 2.45498
11490001 2.45143
11500001 2.44985
11510001 2.45526
11520001 2.45154
11530001 2.44959
11540001 2.45615
11550001 2.45224
11560001 2.45143
11570001 2.45645
11580001 2.45277
11590001 2.45124
11600001 2.45756
11610001 2.45362
11620001 2.45291
11630001 2.45776
11640001 2.45452
11650001 2.45439
11660001 2.46013
11670001 2.45517
11680001 2.45564
11690001 2.46095
11700001 2.45601
11710001 2.46005
11720001 2.46183
11730001 2.45652
11740001 2.45999
11750001 2.46194
11760001 2.45696
11770001 2.46177
11780001 2.46219
11790001 2.45821
11800001 2.46742
11810001 2.46303
11820001 2.4596
11830001 2.4624
11840001 2.46497
11850001 2.45952
11860001 2.46741
11870001 2.46512
11880001 2.46018
11890001 2.4665
11900001 2.46598
11910001 2.46091
11920001 2.46835
11930001 2.46685
11940001 2.46271
11950001 2.46919
11960001 2.46693
11970001 2.4622
11980001 2.47041
11990001 2.46783
12000001 2.46421
12010001 2.47124
12020001 2.46817
12030001 2.4659
12040001 2.47349
12050001 2.46916
12060001 2.46627
12070001 2.47367
12080001 2.47007
12090001 2.46845
12100001 2.47379
12110001 2.47013
12120001 2.46815
12130001 2.47462
12140001 2.47074
12150001 2.46992
12160001 2.47488
12170001 2.47106
12180001 2.46963
12190001 2.47598
12200001 2.47202
12210001 2.47106
12220001 2.47612
12230001 2.47285
12240001 2.4727
12250001 2.47837
12260001 2.47344
12270001 2.47384
12280001 2.47911
12290001 2.47424
12300001 2.47818
12310001 2.47999
12320001 2.4747
12330001 2.479
12340001 2.48004
12350001 2.47544
12360001 2.48024
12370001 2.48108
12380001 2.47619
12390001 2.48535
12400001 2.48138
12410001 2.47756
12420001 2.48103
12430001 2.48284
12440001 2.47742
12450001 2.48525
12460001 2.48288
12470001 2.47807
12480001 2.4843
12490001 2.48391
12500001 2.4785
12510001 2.48606
12520001 2.48459
12530001 2.48042
12540001 2.48777
12550001 2.48462
12560001 2.47983
12570001 2.488
12580001 2.48509
12590001 2.4818
12600001 2.48866
12610001 2.48573
12620001 2.4835
12630001 2.49097
12640001 2.48669
12650001 2.4838
12660001 2.49115
12670001 2.488
12680001 2.4853
12690001 2.49129
12700001 2.48748
12710001 2.48576
12720001 2.49193
12730001 2.48809
12740001 2.48668
12750001 2.49213
12760001 2.48835
12770001 2.48713
12780001 2.4932
12790001 2.48924
12800001 2.48828
12810001 2.49333
12820001 2.49003
12830001 2.48986
12840001 2.49595
12850001 2.49055
12860001 2.49332
12870001 2.49614
12880001 2.49128
12890001 2.49523
12900001 2.4969
12910001 2.49169
12920001 2.49598
12930001 2.49697
12940001 2.49242
12950001 2.49717
12960001 2.49801
12970001 2.49303
12980001 2.50033
12990001 2.49823
13000001 2.49405
13010001 2.49787
13020001 2.49935
13030001 2.49416
13040001 2.50198
13050001 2.50007
13060001 2.4948
13070001 2.50196
13080001 2.50061
13090001 2.49523
13100001 2.50309
13110001 2.50122
13120001 2.49614
13130001 2.50437
13140001 2.50119
13150001 2.4964
13160001 2.50454
13170001 2.50162
13180001 2.49828
13190001 2.50512
13200001 2.50221
13210001 2.49983
13220001 2.50737
13230001 2.5031
13240001 2.50025
13250001 2.50748
13260001 2.50439
13270001 2.5017
13280001 2.50764
13290001 2.50391
13300001 2.50208
13310001 2.50833
13320001 2.50436
13330001 2.50291
13340001 2.50832
13350001 2.50455
13360001 2.50335
13370001 2.50935
13380001 2.50539
13390001 2.50443
13400001 2.50944
13410001 2.50613
13420001 2.50594
13430001 2.51204
13440001 2.50659
13450001 2.50931
13460001 2.51235
13470001 2.50725
13480001 2.5118
13490001 2.51285
13500001 2.50763
13510001 2.51197
13520001 2.51284
13530001 2.5083
13540001 2.51311
13550001 2.51386
13560001 2.50892
13570001 2.51609
13580001 2.51404
13590001 2.50989
13600001 2.51363
13610001 2.51513
13620001 2.51021
13630001 2.51769
13640001 2.51579
13650001 2.5105
13660001 2.51768
13670001 2.51628
13680001 2.5109
13690001 2.5187
13700001 2.51683
13710001 2.51181
13720001 2.52007
13730001 2.51673
13740001 2.51433
13750001 2.52026
13760001 2.51716
13770001 2.51376
13780001 2.52354
13790001 2.5178
13800001 2.51525
13810001 2.52278
13820001 2.51826
13830001 2.5156
13840001 2.52281
13850001 2.51976
13860001 2.51706
13870001 2.52292
13880001 2.51926
13890001 2.51739
13900001 2.52366
13910001 2.51965
13920001 2.51818
13930001 2.52378
13940001 2.5198
13950001 2.51858
13960001 2.52455
13970001 2.52048
13980001 2.51946
13990001 2.52457
14000001 2.52144
14010001 2.52072
14020001 2.52713
14030001 2.52232
14040001 2.52438
14050001 2.52745
14060001 2.52253
14070001 2.52709
14080001 2.52772
14090001 2.52258
14100001 2.5251
14110001 2.52778
14120001 2.52324
14130001 2.52784
14140001 2.52876
14150001 2.52382
14160001 2.53093
14170001 2.52892
14180001 2.52479
14190001 2.52915
14200001 2.52994
14210001 2.52507
14220001 2.53244
14230001 2.53057
14240001 2.52587
14250001 2.53242
14260001 2.53102
14270001 2.52559
14280001 2.53343
14290001 2.53129
14300001 2.5265
14310001 2.53473
14320001 2.53139
14330001 2.52902
14340001 2.5349
14350001 2.53176
14360001 2.52952
14370001 2.53813
14380001 2.53239
14390001 2.52971
14400001 2.53712
14410001 2.5328
14420001 2.53009
14430001 2.53726
14440001 2.53338
14450001 2.5315
14460001 2.53735
14470001 2.53371
14480001 2.53184
14490001 2.53799
14500001 2.53406
14510001 2.53256
14520001 2.53817
14530001 2.53433
14540001 2.53322
14550001 2.53875
14560001 2.53481
14570001 2.53384
14580001 2.53882
14590001 2.53573
14600001 2.53499
14610001 2.54129
14620001 2.53654
14630001 2.53854
14640001 2.54162
14650001 2.53675
14660001 2.54126
14670001 2.5419
14680001 2.53683
14690001 2.53926
14700001 2.54198
14710001 2.53795
14720001 2.54387
14730001 2.54255
14740001 2.53783
14750001 2.54495
14760001 2.54293
14770001 2.53878
14780001 2.54322
14790001 2.54392
14800001 2.53907
14810001 2.54638
14820001 2.54445
14830001 2.53982
14840001 2.54633
14850001 2.54472
14860001 2.53965
14870001 2.5473
14880001 2.54515
14890001 2.5403
14900001 2.5485
14910001 2.54523
14920001 2.5428
14930001 2.54865
14940001 2.54636
14950001 2.54332
14960001 2.55173
14970001 2.54614
14980001 2.54346
14990001 2.55084
15000001 2.54652
15010001 2.54372
15020001 2.55092
15030001 2.54707
15040001 2.54518
15050001 2.55124
15060001 2.54733
15070001 2.54547
15080001 2.55154
15090001 2.54782
15100001 2.54652
15110001 2.55168
15120001 2.54788
15130001 2.54688
15140001 2.55228
15150001 2.54831
15160001 2.54735
15170001 2.55296
15180001 2.5492
15190001 2.54843
15200001 2.55466
15210001 2.54994
15220001 2.55197
15230001 2.55498
15240001 2.55011
15250001 2.55461
15260001 2.55519
15270001 2.5502
15280001 2.55263
15290001 2.55531
15300001 2.5513
15310001 2.5572
15320001 2.55585
15330001 2.55163
15340001 2.55661
15350001 2.55592
15360001 2.55197
15370001 2.55643
15380001 2.55708
15390001 2.55219
15400001 2.5595
15410001 2.55841
15420001 2.55301
15430001 2.55975
15440001 2.55786
15450001 2.55279
15460001 2.56137
15470001 2.55825
15480001 2.55324
15490001 2.56136
15500001 2.55827
15510001 2.5558
15520001 2.56167
15530001 2.55939
15540001 2.55628
15550001 2.56467
15560001 2.55912
15570001 2.55645
15580001 2.56369
15590001 2.55948
15600001 2.5567
15610001 2.56381
15620001 2.55998
15630001 2.55806
15640001 2.56414
15650001 2.56015
15660001 2.55818
15670001 2.56455
15680001 2.56065
15690001 2.55933
15700001 2.56442
15710001 2.56067
15720001 2.55968
15730001 2.565
15740001 2.56106
15750001 2.5601
15760001 2.56572
15770001 2.56191
15780001 2.56167
15790001 2.56774
15800001 2.5626
15810001 2.56464
15820001 2.56758
15830001 2.56275
15840001 2.56544
15850001 2.56776
15860001 2.56279
15870001 2.56533
15880001 2.56787
15890001 2.56385
15900001 2.56975
15910001 2.56839
15920001 2.56422
15930001 2.56922
15940001 2.56843
15950001 2.56455
15960001 2.56889
15970001 2.56958
15980001 2.56467
15990001 2.57074
16000001 2.57086
16010001 2.56544
16020001 2.57203
16030001 2.57027
16040001 2.56523
16050001 2.57402
16060001 2.57062
16070001 2.56564
16080001 2.57397
16090001 2.57062
16100001 2.56745
16110001 2.57416
16120001 2.57168
16130001 2.56853
16140001 2.57585
16150001 2.57141
16160001 2.56863
16170001 2.57589
16180001 2.5718
16190001 2.56891
16200001 2.57596
16210001 2.57216
16220001 2.57027
16230001 2.5763
16240001 2.57234
16250001 2.57035
16260001 2.57672
16270001 2.57277
16280001 2.57146
16290001 2.57737
16300001 2.57273
16310001 2.5718
16320001 2.57702
16330001 2.57313
16340001 2.57333
16350001 2.57771
16360001 2.57416
16370001 2.57376
16380001 2.57977
16390001 2.5744
16400001 2.57664
16410001 2.57949
16420001 2.57466
16430001 2.57739
16440001 2.57993
16450001 2.57471
16460001 2.57728
16470001 2.57973
16480001 2.57574
16490001 2.58221
16500001 2.58024
16510001 2.57606
16520001 2.58106
16530001 2.58027
16540001 2.57644
16550001 2.58194
16560001 2.5814
16570001 2.57638
16580001 2.58247
16590001 2.58263
16600001 2.57721
16610001 2.58374
16620001 2.58202
16630001 2.57693
16640001 2.58574
16650001 2.5821
16660001 2.5774
16670001 2.58567
16680001 2.58232
16690001 2.57911
16700001 2.58584
16710001 2.58321
16720001 2.57971
16730001 2.58749
16740001 2.58301
16750001 2.58024
16760001 2.58758
16770001 2.5834
16780001 2.58045
16790001 2.58751
16800001 2.5839
16810001 2.58181
16820001 2.58779
16830001 2.58389
16840001 2.58187
16850001 2.5882
16860001 2.58425
16870001 2.58291
16880001 2.58888
16890001 2.58464
16900001 2.58373
16910001 2.58844
16920001 2.58458
16930001 2.58462
16940001 2.58911
16950001 2.58559
16960001 2.58521
16970001 2.59107
16980001 2.58581
16990001 2.58877
17000001 2.59087
17010001 2.58603
17020001 2.58875
17030001 2.59127
17040001 2.58612
17050001 2.58862
17060001 2.59088
17070001 2.58702
17080001 2.59356
17090001 2.59149
17100001 2.58731
17110001 2.59094
17120001 2.59151
17130001 2.58765
17140001 2.59317
17150001 2.5926
17160001 2.58763
17170001 2.59365
17180001 2.59376
17190001 2.58815
17200001 2.59489
17210001 2.59322
17220001 2.58808
17230001 2.59684
17240001 2.59323
17250001 2.58849
17260001 2.59676
17270001 2.5934
17280001 2.59022
17290001 2.59688
17300001 2.59398
17310001 2.5908
17320001 2.59849
17330001 2.59424
17340001 2.59163
17350001 2.59861
17360001 2.59442
17370001 2.59337
17380001 2.59847
17390001 2.59489
17400001 2.59278
17410001 2.59871
17420001 2.59482
17430001 2.59286
17440001 2.5991
17450001 2.59511
17460001 2.59381
17470001 2.59976
17480001 2.59552
17490001 2.59461
17500001 2.59933
17510001 2.59545
17520001 2.59548
17530001 2.60115
17540001 2.59642
17550001 2.59607
17560001 2.60182
17570001 2.5966
17580001 2.59956
17590001 2.60158
17600001 2.59678
17610001 2.60009
17620001 2.60203
17630001 2.5969
17640001 2.60133
17650001 2.60164
17660001 2.59765
17670001 2.60428
17680001 2.60203
17690001 2.59863
17700001 2.60163
17710001 2.60354
17720001 2.5983
17730001 2.60381
17740001 2.60328
17750001 2.59825
17760001 2.60422
17770001 2.60376
17780001 2.5988
17790001 2.60559
17800001 2.60383
17810001 2.60013
17820001 2.60615
17830001 2.60379
17840001 2.59905
17850001 2.60721
17860001 2.60441
17870001 2.6007
17880001 2.60737
17890001 2.60448
17900001 2.60123
17910001 2.60889
17920001 2.60474
17930001 2.60214
17940001 2.60903
17950001 2.60542
17960001 2.60383
17970001 2.60893
17980001 2.60529
17990001 2.60318
18000001 2.60929
18010001 2.60536
18020001 2.60447
18030001 2.60945
18040001 2.60549
18050001 2.60392
18060001 2.61004
18070001 2.60586
18080001 2.60497
18090001 2.60964
18100001 2.60578
18110001 2.60582
18120001 2.61147
18130001 2.60669
18140001 2.60683
18150001 2.61176
18160001 2.60686
18170001 2.60981
18180001 2.61178
18190001 2.60703
18200001 2.61024
18210001 2.61219
18220001 2.60708
18230001 2.61151
18240001 2.61183
18250001 2.60787
18260001 2.61662
18270001 2.61223
18280001 2.60877
18290001 2.61174
18300001 2.61368
18310001 2.60827
18320001 2.61392
18330001 2.61342
18340001 2.60831
18350001 2.61448
18360001 2.61386
18370001 2.6089
18380001 2.61587
18390001 2.61389
18400001 2.61023
18410001 2.61625
18420001 2.61383
18430001 2.60928
18440001 2.617
18450001 2.61444
18460001 2.61068
18470001 2.6174
18480001 2.61446
18490001 2.6112
18500001 2.61879
18510001 2.61471
18520001 2.61207
18530001 2.61891
18540001 2.61539
18550001 2.61378
18560001 2.61878
18570001 2.61504
18580001 2.6131
18590001 2.61922
18600001 2.61526
18610001 2.61438
18620001 2.619
18630001 2.61533
18640001 2.61379
18650001 2.61986
18660001 2.61566
18670001 2.61482
18680001 2.61944
18690001 2.61613
18700001 2.61521
18710001 2.62128
18720001 2.61632
18730001 2.61669
18740001 2.62156
18750001 2.61669
18760001 2.62043
18770001 2.62197
18780001 2.61675
18790001 2.62
18800001 2.62189
18810001 2.61681
18820001 2.62125
18830001 2.6215
18840001 2.61753
18850001 2.62618
18860001 2.6219
18870001 2.61847
18880001 2.62146
18890001 2.62332
18900001 2.61795
18910001 2.62517
18920001 2.62304
18930001 2.61819
18940001 2.62408
18950001 2.62344
18960001 2.61847
18970001 2.6254
18980001 2.62347
18990001 2.61981
19000001 2.62583
19010001 2.62352
19020001 2.61889
19030001 2.62657
19040001 2.62399
19050001 2.62035
19060001 2.62694
19070001 2.62387
19080001 2.62063
19090001 2.62865
19100001 2.62422
19110001 2.62155
19120001 2.62843
19130001 2.62485
19140001 2.62321
19150001 2.62817
19160001 2.62449
19170001 2.62251
19180001 2.62856
19190001 2.62469
19200001 2.62379
19210001 2.62844
19220001 2.62461
19230001 2.62315
19240001 2.62904
19250001 2.6251
19260001 2.62431
19270001 2.62877
19280001 2.6255
19290001 2.62527
19300001 2.63055
19310001 2.62568
19320001 2.62601
19330001 2.63087
19340001 2.62603
19350001 2.6297
19360001 2.6313
19370001 2.62608
19380001 2.63012
19390001 2.63095
19400001 2.6264
19410001 2.63052
19420001 2.63073
19430001 2.62679
19440001 2.63537
19450001 2.63111
19460001 2.62767
19470001 2.63089
19480001 2.6325
19490001 2.62718
19500001 2.63449
19510001 2.6322
19520001 2.62739
19530001 2.63325
19540001 2.6326
19550001 2.62744
19560001 2.63456
19570001 2.633
19580001 2.6289
19590001 2.63491
19600001 2.63266
19610001 2.62799
19620001 2.63565
19630001 2.63305
19640001 2.62949
19650001 2.63596
19660001 2.63297
19670001 2.63067
19680001 2.63772
19690001 2.63347
19700001 2.63062
19710001 2.63748
19720001 2.63434
19730001 2.63221
19740001 2.63729
19750001 2.63351
19760001 2.63153
19770001 2.63752
19780001 2.63365
19790001 2.63278
19800001 2.63736
19810001 2.63357
19820001 2.63213
19830001 2.63802
19840001 2.63404
19850001 2.63305
19860001 2.63775
19870001 2.63443
19880001 2.63421
19890001 2.63944
19900001 2.63458
19910001 2.6371
19920001 2.63974
19930001 2.63491
19940001 2.63858
19950001 2.6401
19960001 2.63497
19970001 2.63896
19980001 2.63983
19990001 2.63528
20000001 2.63976
20010001 2.64041
20020001 2.6355
20030001 2.64416
20040001 2.64027
20050001 2.63646
20060001 2.63971
20070001 2.64098
20080001 2.63592
20090001 2.64325
20100001 2.64131
20110001 2.63618
20120001 2.64194
20130001 2.64149
20140001 2.63621
20150001 2.64362
20160001 2.64174
20170001 2.63677
20180001 2.6445
20190001 2.64138
20200001 2.63667
20210001 2.64433
20220001 2.64142
20230001 2.63812
20240001 2.64454
20250001 2.64162
20260001 2.63935
20270001 2.64631
20280001 2.64211
20290001 2.6393
20300001 2.64611
20310001 2.64298
20320001 2.64031
20330001 2.6459
20340001 2.64209
20350001 2.64035
20360001 2.64622
20370001 2.64227
20380001 2.64079
20390001 2.64591
20400001 2.64214
20410001 2.64089
20420001 2.64654
20430001 2.64259
20440001 2.64161
20450001 2.64632
20460001 2.64297
20470001 2.64268
20480001 2.64841
20490001 2.64309
20500001 2.64556
20510001 2.64816
20520001 2.64339
20530001 2.64706
20540001 2.64856
20550001 2.64342
20560001 2.64748
20570001 2.64823
20580001 2.64373
20590001 2.64823
20600001 2.64886
20610001 2.64398
20620001 2.65077
20630001 2.64871
20640001 2.64456
20650001 2.64809
20660001 2.6494
20670001 2.64429
20680001 2.65193
20690001 2.64971
20700001 2.64453
20710001 2.65123
20720001 2.64985
20730001 2.6446
20740001 2.652
20750001 2.65005
20760001 2.64512
20770001 2.65295
20780001 2.64968
20790001 2.64724
20800001 2.65282
20810001 2.64973
20820001 2.64639
20830001 2.65277
20840001 2.65001
20850001 2.64752
20860001 2.6546
20870001 2.65038
20880001 2.64752
20890001 2.65432
20900001 2.65124
20910001 2.64858
20920001 2.65411
20930001 2.65043
20940001 2.6486
20950001 2.65446
20960001 2.65049
20970001 2.64901
20980001 2.65428
20990001 2.65033
21000001 2.6491
21010001 2.65472
21020001 2.65077
21030001 2.64977
21040001 2.65444
21050001 2.65127
21060001 2.65087
21070001 2.65658
21080001 2.6518
21090001 2.65369
21100001 2.65653
21110001 2.6515
21120001 2.65573
21130001 2.65661
21140001 2.65151
21150001 2.65473
21160001 2.65629
21170001 2.65179
21180001 2.65634
21190001 2.65691
21200001 2.65203
21210001 2.65881
21220001 2.65675
21230001 2.65266
21240001 2.65611
21250001 2.65743
21260001 2.6526
21270001 2.65962
21280001 2.65772
21290001 2.65254
21300001 2.65927
21310001 2.65785
21320001 2.65257
21330001 2.65995
21340001 2.65802
21350001 2.65313
21360001 2.66091
21370001 2.65761
21380001 2.65519
21390001 2.66078
21400001 2.65767
21410001 2.6554
21420001 2.66354
21430001 2.65796
21440001 2.6554
21450001 2.66231
21460001 2.65804
21470001 2.65539
21480001 2.66217
21490001 2.65913
21500001 2.65642
21510001 2.66196
21520001 2.65833
21530001 2.65645
21540001 2.6623
21550001 2.65837
21560001 2.65686
21570001 2.66216
21580001 2.65833
21590001 2.65721
21600001 2.66242
21610001 2.6585
21620001 2.65743
21630001 2.66223
21640001 2.6591
21650001 2.65833
21660001 2.66432
21670001 2.65962
21680001 2.66147
21690001 2.66434
21700001 2.65949
21710001 2.66376
21720001 2.66429
21730001 2.65929
21740001 2.6616
21750001 2.66409
21760001 2.65952
21770001 2.66573
21780001 2.66462
21790001 2.65976
21800001 2.66648
21810001 2.66447
21820001 2.66035
21830001 2.66447
21840001 2.66512
21850001 2.66034
21860001 2.66728
21870001 2.6654
21880001 2.66076
21890001 2.66695
21900001 2.66551
21910001 2.66021
21920001 2.66761
21930001 2.66547
21940001 2.6607
21950001 2.66853
21960001 2.66526
21970001 2.66285
21980001 2.66839
21990001 2.66528
22000001 2.66303
22010001 2.67115
22020001 2.66556
22030001 2.66289
22040001 2.66991
22050001 2.66565
22060001 2.66296
22070001 2.6697
22080001 2.66589
22090001 2.66398
22100001 2.66951
22110001 2.66588
22120001 2.66402
22130001 2.6698
22140001 2.66611
22150001 2.6644
22160001 2.66968
22170001 2.66586
22180001 2.66473
22190001 2.66996
22200001 2.66601
22210001 2.66502
22220001 2.67034
22230001 2.6666
22240001 2.66583
22250001 2.67176
22260001 2.66704
22270001 2.66892
22280001 2.67177
22290001 2.66695
22300001 2.67122
22310001 2.67175
22320001 2.66677
22330001 2.66908
22340001 2.67155
22350001 2.66754
22360001 2.67319
22370001 2.67179
22380001 2.66718
22390001 2.67237
22400001 2.6716
22410001 2.66773
22420001 2.67192
22430001 2.67245
22440001 2.66767
22450001 2.67464
22460001 2.67347
22470001 2.66817
22480001 2.67428
22490001 2.67269
22500001 2.6677
22510001 2.6759
22520001 2.67281
22530001 2.66802
22540001 2.67563
22550001 2.67259
22560001 2.67011
22570001 2.67569
22580001 2.67338
22590001 2.67032
22600001 2.67829
22610001 2.67287
22620001 2.67022
22630001 2.67714
22640001 2.67294
22650001 2.67019
22660001 2.677
22670001 2.67317
22680001 2.67124
22690001 2.67702
22700001 2.67312
22710001 2.67113
22720001 2.67699
22730001 2.67332
22740001 2.67198
22750001 2.67685
22760001 2.67308
22770001 2.67206
22780001 2.67715
22790001 2.6732
22800001 2.67223
22810001 2.67756
22820001 2.67379
22830001 2.67351
22840001 2.67926
22850001 2.6742
22860001 2.67611
22870001 2.6789
22880001 2.67411
22890001 2.67666
22900001 2.67882
22910001 2.67391
22920001 2.67625
22930001 2.67866
22940001 2.6747
22950001 2.68031
22960001 2.67892
22970001 2.67476
22980001 2.67955
22990001 2.67873
23000001 2.67487
23010001 2.67899
23020001 2.67956
23030001 2.67475
23040001 2.68059
23050001 2.68055
23060001 2.67526
23070001 2.68165
23080001 2.67976
23090001 2.6748
23100001 2.68325
23110001 2.67985
23120001 2.67494
23130001 2.68293
23140001 2.67962
23150001 2.67712
23160001 2.68287
23170001 2.6804
23180001 2.6773
23190001 2.68526
23200001 2.67988
23210001 2.67717
23220001 2.68407
23230001 2.68001
23240001 2.6772
23250001 2.68391
23260001 2.68014
23270001 2.67825
23280001 2.68402
23290001 2.68005
23300001 2.6781
23310001 2.68414
23320001 2.68027
23330001 2.67893
23340001 2.68374
23350001 2.68
23360001 2.67901
23370001 2.68401
23380001 2.68013
23390001 2.67967
23400001 2.68447
23410001 2.68038
23420001 2.68048
23430001 2.68617
23440001 2.68106
23450001 2.68303
23460001 2.68568
23470001 2.68095
23480001 2.68349
23490001 2.68563
23500001 2.68076
23510001 2.6832
23520001 2.68548
23530001 2.68151
23540001 2.68765
23550001 2.68575
23560001 2.68163
23570001 2.68637
23580001 2.68554
23590001 2.68171
23600001 2.68582
23610001 2.68638
23620001 2.68144
23630001 2.68729
23640001 2.68736
23650001 2.68203
23660001 2.68827
23670001 2.68654
23680001 2.68157
23690001 2.68998
23700001 2.6866
23710001 2.68175
23720001 2.68969
23730001 2.68638
23740001 2.68317
23750001 2.68963
23760001 2.68714
23770001 2.68397
23780001 2.69099
23790001 2.68661
23800001 2.68385
23810001 2.69075
23820001 2.68675
23830001 2.68387
23840001 2.69059
23850001 2.68701
23860001 2.68493
23870001 2.69067
23880001 2.68677
23890001 2.68477
23900001 2.69085
23910001 2.68692
23920001 2.68558
23930001 2.69124
23940001 2.68705
23950001 2.68614
23960001 2.69066
23970001 2.68679
23980001 2.6869
23990001 2.69106
24000001 2.68755
24010001 2.68711
24020001 2.69277
24030001 2.68752
24040001 2.69037
24050001 2.69231
24060001 2.68752
24070001 2.69012
24080001 2.69248
24090001 2.68742
24100001 2.68981
24110001 2.69202
24120001 2.68808
24130001 2.69436
24140001 2.69229
24150001 2.68816
24160001 2.69294
24170001 2.6921
24180001 2.6883
24190001 2.69352
24200001 2.69294
24210001 2.68803
24220001 2.69382
24230001 2.69388
24240001 2.68834
24250001 2.69481
24260001 2.69305
24270001 2.68807
24280001 2.6965
24290001 2.69293
24300001 2.68827
24310001 2.6962
24320001 2.69288
24330001 2.68972
24340001 2.69613
24350001 2.69322
24360001 2.69006
24370001 2.6975
24380001 2.69308
24390001 2.69067
24400001 2.69735
24410001 2.69321
24420001 2.6903
24430001 2.69702
24440001 2.69347
24450001 2.69138
24460001 2.69708
24470001 2.69321
24480001 2.69125
24490001 2.69724
24500001 2.69328
24510001 2.69197
24520001 2.69769
24530001 2.69348
24540001 2.69254
24550001 2.69704
24560001 2.69319
24570001 2.69318
24580001 2.69745
24590001 2.69394
24600001 2.69354
24610001 2.69908
24620001 2.69391
24630001 2.69674
24640001 2.69864
24650001 2.69393
24660001 2.69707
24670001 2.69887
24680001 2.69379
24690001 2.69618
24700001 2.69828
24710001 2.69432
24720001 2.70071
24730001 2.69846
24740001 2.69448
24750001 2.69797
24760001 2.6984
24770001 2.69458
24780001 2.69986
24790001 2.69929
24800001 2.69437
24810001 2.70011
24820001 2.69955
24830001 2.69466
24840001 2.70104
24850001 2.69943
24860001 2.69583
24870001 2.70159
24880001 2.69921
24890001 2.69454
24900001 2.70239
24910001 2.69913
24920001 2.69594
24930001 2.70236
24940001 2.69949
24950001 2.69634
24960001 2.70366
24970001 2.69951
24980001 2.69694
24990001 2.70359
25000001 2.69946
25010001 2.69838
25020001 2.70327
25030001 2.69969
25040001 2.69757
25050001 2.70344
25060001 2.69956
25070001 2.69866
25080001 2.70342
25090001 2.69948
25100001 2.69792
25110001 2.70383
25120001 2.69965
25130001 2.69874
25140001 2.70325
25150001 2.69938
25160001 2.69937
25170001 2.70479
25180001 2.70009
25190001 2.70016
25200001 2.70516
25210001 2.70005
25220001 2.70288
25230001 2.70475
25240001 2.70004
25250001 2.70319
25260001 2.70497
25270001 2.69994
25280001 2.70415
25290001 2.70442
25300001 2.70048
25310001 2.70682
25320001 2.7046
25330001 2.70115
25340001 2.70402
25350001 2.70584
25360001 2.70067
25370001 2.70594
25380001 2.70539
25390001 2.7004
25400001 2.70631
25410001 2.70564
25420001 2.70077
25430001 2.70725
25440001 2.7055
25450001 2.70184
25460001 2.70753
25470001 2.70526
25480001 2.70083
25490001 2.70836
25500001 2.70565
25510001 2.70196
25520001 2.70838
25530001 2.70549
25540001 2.70226
25550001 2.70959
25560001 2.70556
25570001 2.70296
25580001 2.70956
25590001 2.70601
25600001 2.70442
25610001 2.70924
25620001 2.70566
25630001 2.70359
25640001 2.70945
25650001 2.70554
25660001 2.70463
25670001 2.70906
25680001 2.70543
25690001 2.7039
25700001 2.70974
25710001 2.7056
25720001 2.70471
25730001 2.70917
25740001 2.70533
25750001 2.70491
25760001 2.71076
25770001 2.706
25780001 2.70618
25790001 2.71084
25800001 2.70598
25810001 2.70877
25820001 2.71062
25830001 2.70596
25840001 2.70904
25850001 2.71086
25860001 2.70581
25870001 2.71008
25880001 2.7103
25890001 2.70637
25900001 2.71478
25910001 2.7105
25920001 2.70708
25930001 2.7099
25940001 2.71171
25950001 2.70639
25960001 2.71338
25970001 2.71125
25980001 2.70625
25990001 2.71219
26000001 2.7115
26010001 2.70659
26020001 2.71326
26030001 2.71134
26040001 2.70772
26050001 2.7135
26060001 2.71122
26070001 2.70663
26080001 2.71405
26090001 2.71149
26100001 2.70789
26110001 2.71424
26120001 2.71111
26130001 2.70805
26140001 2.71573
26150001 2.71136
26160001 2.70874
26170001 2.71532
26180001 2.7118
26190001 2.71017
26200001 2.715
26210001 2.71129
26220001 2.70935
26230001 2.71519
26240001 2.71132
26250001 2.71041
26260001 2.71486
26270001 2.71121
26280001 2.70966
26290001 2.71529
26300001 2.71137
26310001 2.71058
26320001 2.71489
26330001 2.7116
26340001 2.71064
26350001 2.71646
26360001 2.71161
26370001 2.71192
26380001 2.7166
26390001 2.71178
26400001 2.71536
26410001 2.71681
26420001 2.71168
26430001 2.71476
26440001 2.71636
26450001 2.7115
26460001 2.71581
26470001 2.71599
26480001 2.71205
26490001 2.72038
26500001 2.71617
26510001 2.71274
26520001 2.71561
26530001 2.71735
26540001 2.71211
26550001 2.71917
26560001 2.71691
26570001 2.71214
26580001 2.71782
26590001 2.71713
26600001 2.71224
26610001 2.71892
26620001 2.71689
26630001 2.71332
26640001 2.71915
26650001 2.71686
26660001 2.71229
26670001 2.71968
26680001 2.71711
26690001 2.71355
26700001 2.71988
26710001 2.71684
26720001 2.71454
26730001 2.72136
26740001 2.71715
26750001 2.71434
26760001 2.72097
26770001 2.71741
26780001 2.71576
26790001 2.72053
26800001 2.7169
26810001 2.71493
26820001 2.72073
26830001 2.71689
26840001 2.71598
26850001 2.72042
26860001 2.71663
26870001 2.71519
26880001 2.72088
26890001 2.71695
26900001 2.71613
26910001 2.72047
26920001 2.71717
26930001 2.71692
26940001 2.72198
26950001 2.71716
26960001 2.71744
26970001 2.72211
26980001 2.71734
26990001 2.72085
27000001 2.72237
27010001 2.71723
27020001 2.7211
27030001 2.72187
27040001 2.71737
27050001 2.72175
27060001 2.72228
27070001 2.71756
27080001 2.72584
27090001 2.72159
27100001 2.71824
27110001 2.72135
27120001 2.72281
27130001 2.71759
27140001 2.72465
27150001 2.72237
27160001 2.71766
27170001 2.72329
27180001 2.72273
27190001 2.71753
27200001 2.72437
27210001 2.72283
27220001 2.71875
27230001 2.72457
27240001 2.72233
27250001 2.71771
27260001 2.7251
27270001 2.72253
27280001 2.71899
27290001 2.72517
27300001 2.72226
27310001 2.72002
27320001 2.72678
27330001 2.7226
27340001 2.7198
27350001 2.72642
27360001 2.72327
27370001 2.72064
27380001 2.72603
27390001 2.72227
27400001 2.72055
27410001 2.72611
27420001 2.72231
27430001 2.72088
27440001 2.72579
27450001 2.72203
27460001 2.72079
27470001 2.72626
27480001 2.72233
27490001 2.72134
27500001 2.72587
27510001 2.72255
27520001 2.7223
27530001 2.72778
27540001 2.72252
27550001 2.72494
27560001 2.72743
27570001 2.72268
27580001 2.72622
27590001 2.72764
27600001 2.72256
27610001 2.72645
27620001 2.7272
27630001 2.72274
27640001 2.72707
27650001 2.72764
27660001 2.7228
27670001 2.72946
27680001 2.72734
27690001 2.72327
27700001 2.72669
27710001 2.72787
27720001 2.72286
27730001 2.72994
27740001 2.72804
27750001 2.72297
27760001 2.72943
27770001 2.72805
27780001 2.72286
27790001 2.73001
27800001 2.72812
27810001 2.72322
27820001 2.73072
27830001 2.72761
27840001 2.72297
27850001 2.73038
27860001 2.7275
27870001 2.72421
27880001 2.73043
27890001 2.72753
27900001 2.72519
27910001 2.732
27920001 2.72784
27930001 2.72509
27940001 2.73163
27950001 2.72854
27960001 2.72591
27970001 2.7313
27980001 2.72752
27990001 2.72578
28000001 2.73145
28010001 2.72754
28020001 2.72606
28030001 2.73098
28040001 2.72724
28050001 2.72601
28060001 2.73145
28070001 2.72753
28080001 2.72655
28090001 2.73107
28100001 2.72774
28110001 2.72747
28120001 2.73299
28130001 2.7277
28140001 2.73008
28150001 2.7328
28160001 2.72784
28170001 2.73194
28180001 2.73279
28190001 2.72774
28200001 2.73167
28210001 2.73232
28220001 2.72787
28230001 2.73225
28240001 2.7328
28250001 2.72799
28260001 2.73454
28270001 2.7325
28280001 2.72842
28290001 2.73181
28300001 2.73302
28310001 2.72826
28320001 2.7351
28330001 2.73318
28340001 2.72808
28350001 2.73462
28360001 2.73318
28370001 2.728
28380001 2.73512
28390001 2.73322
28400001 2.72837
28410001 2.73593
28420001 2.73268
28430001 2.73024
28440001 2.73565
28450001 2.73262
28460001 2.72926
28470001 2.73822
28480001 2.73272
28490001 2.73021
28500001 2.73708
28510001 2.73269
28520001 2.73011
28530001 2.73666
28540001 2.73362
28550001 2.73098
28560001 2.73631
28570001 2.7327
28580001 2.73086
28590001 2.73655
28600001 2.73261
28610001 2.73112
28620001 2.73623
28630001 2.7323
28640001 2.73107
28650001 2.7365
28660001 2.73248
28670001 2.73143
28680001 2.73608
28690001 2.73293
28700001 2.73217
28710001 2.73801
28720001 2.7333
28730001 2.73511
28740001 2.73785
28750001 2.73306
28760001 2.73719
28770001 2.73768
28780001 2.7327
28790001 2.73498
28800001 2.7373
28810001 2.73287
28820001 2.73727
28830001 2.73778
28840001 2.73296
28850001 2.73949
28860001 2.73749
28870001 2.73343
28880001 2.73739
28890001 2.738
28900001 2.73326
28910001 2.74004
28920001 2.73814
28930001 2.73358
28940001 2.73957
28950001 2.73815
28960001 2.73292
28970001 2.7401
28980001 2.73797
28990001 2.73333
29000001 2.74089
29010001 2.73764
29020001 2.73523
29030001 2.74062
29040001 2.73754
29050001 2.73526
29060001 2.74318
29070001 2.73769
29080001 2.73511
29090001 2.74184
29100001 2.73763
29110001 2.735
29120001 2.74155
29130001 2.73774
29140001 2.73587
29150001 2.74122
29160001 2.73763
29170001 2.73577
29180001 2.7414
29190001 2.73752
29200001 2.73602
29210001 2.74116
29220001 2.73736
29230001 2.73623
29240001 2.74128
29250001 2.73739
29260001 2.7364
29270001 2.74095
29280001 2.73783
29290001 2.73707
29300001 2.74282
29310001 2.7382
29320001 2.73996
29330001 2.74273
29340001 2.73796
29350001 2.74207
29360001 2.74257
29370001 2.73764
29380001 2.73987
29390001 2.74224
29400001 2.73828
29410001 2.74374
29420001 2.74237
29430001 2.73779
29440001 2.74433
29450001 2.74232
29460001 2.73824
29470001 2.7423
29480001 2.74282
29490001 2.73812
29500001 2.74486
29510001 2.74293
29520001 2.73842
29530001 2.7444
29540001 2.74277
29550001 2.73788
29560001 2.74492
29570001 2.74278
29580001 2.73807
29590001 2.74565
29600001 2.74245
29610001 2.74002
29620001 2.7454
29630001 2.7431
29640001 2.7401
29650001 2.74785
29660001 2.74248
29670001 2.73985
29680001 2.74665
29690001 2.74243
29700001 2.73971
29710001 2.74632
29720001 2.74254
29730001 2.74063
29740001 2.74624
29750001 2.74239
29760001 2.74055
29770001 2.74613
29780001 2.74245
29790001 2.74079
29800001 2.74588
29810001 2.74212
29820001 2.74109
29830001 2.74606
29840001 2.74214
29850001 2.74115
29860001 2.74631
29870001 2.74258
29880001 2.7418
29890001 2.74751
29900001 2.74289
29910001 2.74471
29920001 2.74742
29930001 2.74267
29940001 2.74677
29950001 2.74726
29960001 2.74238
29970001 2.74462
29980001 2.74698
29990001 2.74302
