1 960.473
10001 260.82
20001 166.631
30001 153.745
40001 114.243
50001 104.222
60001 92.2217
70001 86.3077
80001 66.8302
90001 61.698
100001 57.163
110001 54.3864
120001 45.3787
130001 43.2409
140001 40.0238
150001 37.1876
160001 35.1236
170001 32.6794
180001 32.2533
190001 29.5796
200001 29.0135
210001 27.3386
220001 26.0969
230001 24.691
240001 23.1935
250001 22.4479
260001 21.2203
270001 19.7963
280001 18.9766
290001 18.0477
300001 17.2067
310001 16.3306
320001 15.5927
330001 15.1659
340001 13.8747
350001 13.7886
360001 12.7952
370001 12.5177
380001 11.7054
390001 11.1412
400001 10.65
410001 10.0366
420001 9.51442
430001 9.10442
440001 8.56371
450001 8.32913
460001 7.75461
470001 7.48441
480001 7.20071
490001 6.98813
500001 6.66601
510001 6.21342
520001 6.16487
530001 5.73808
540001 5.5658
550001 5.31737
560001 5.04885
570001 4.81401
580001 4.56041
590001 4.36979
600001 4.27893
610001 3.93221
620001 3.92512
630001 3.66191
640001 3.70662
650001 3.38013
660001 3.21718
670001 3.19962
680001 2.94324
690001 2.90347
700001 2.80895
710001 2.69391
720001 2.54734
730001 2.42467
740001 2.39693
750001 2.30139
760001 2.13794
770001 2.21463
780001 2.02661
790001 2.25875
800001 1.85338
810001 2.2888
820001 1.80812
830001 1.67911
840001 1.66748
850001 1.62562
860001 1.61544
870001 1.61572
880001 1.45962
890001 1.46801
900001 1.46053
910001 1.33603
920001 1.4114
930001 1.31346
940001 1.57932
950001 1.22046
960001 1.68306
970001 1.2149
980001 1.70903
990001 1.15479
1000001 1.20514
1010001 1.19539
1020001 1.10066
1030001 1.07989
1040001 1.10595
1050001 1.07939
1060001 1.05589
1070001 1.04759
1080001 1.04777
1090001 1.24562
1100001 1.00309
1110001 1.40349
1120001 1.0193
1130001 1.60388
1140001 0.977071
1150001 1.06132
1160001 1.00496
1170001 0.981923
1180001 0.964016
1190001 1.00792
1200001 0.979232
1210001 0.96487
1220001 0.951807
1230001 0.977323
1240001 0.998217
1250001 0.945481
1260001 1.22655
1270001 0.956799
1280001 1.44521
1290001 0.937107
1300001 1.6821
1310001 0.958539
1320001 0.956115
1330001 0.951184
1340001 0.955077
1350001 0.966265
1360001 1.0919
1370001 0.932515
1380001 0.955178
1390001 0.963569
1400001 0.933175
1410001 1.08055
1420001 0.94796
1430001 1.30733
1440001 0.938285
1450001 1.50069
1460001 0.935981
1470001 1.50379
1480001 0.941421
1490001 1.00013
1500001 0.992114
1510001 0.941541
1520001 0.925568
1530001 0.940823
1540001 0.932226
1550001 0.951226
1560001 0.947792
1570001 0.933128
1580001 1.1553
1590001 0.929525
1600001 1.35394
1610001 0.938367
1620001 1.56082
1630001 0.924836
1640001 1.00467
1650001 0.942935
1660001 0.943688
1670001 0.92848
1680001 0.960236
1690001 0.938069
1700001 0.939239
1710001 0.92453
1720001 0.942625
1730001 0.968243
1740001 0.928832
1750001 1.21413
1760001 0.931944
1770001 1.42707
1780001 0.927149
1790001 1.67289
1800001 0.945052
1810001 0.942805
1820001 0.944536
1830001 0.939225
1840001 0.953016
1850001 0.936282
1860001 0.926593
1870001 0.944298
1880001 0.940956
1890001 0.930229
1900001 1.08079
1910001 0.942664
1920001 1.30092
1930001 0.936575
1940001 1.49679
1950001 0.929417
1960001 1.46693
1970001 0.94035
1980001 0.998943
1990001 0.987213
2000001 0.941219
2010001 0.925772
2020001 0.936416
2030001 0.9296
2040001 0.934051
2050001 0.947826
2060001 0.929947
2070001 1.1548
2080001 0.929602
2090001 1.35196
2100001 0.936771
2110001 1.55918
2120001 0.924381
2130001 1.00286
2140001 0.941066
2150001 0.943504
2160001 0.928785
2170001 0.958297
2180001 0.936439
2190001 0.939167
2200001 0.925272
2210001 0.940977
2220001 0.967424
2230001 0.928959
2240001 1.21423
2250001 0.930853
2260001 1.42379
2270001 0.926383
2280001 1.67108
2290001 0.94529
2300001 0.942943
2310001 0.941935
2320001 0.937741
2330001 0.951492
2340001 0.936302
2350001 0.938713
2360001 0.938869
2370001 0.939453
2380001 0.930191
2390001 1.08178
2400001 0.938459
2410001 1.29985
2420001 0.936644
2430001 1.49441
2440001 0.928996
2450001 1.4146
2460001 0.940324
2470001 0.993254
2480001 0.986599
2490001 0.941135
2500001 0.9421
2510001 0.935725
2520001 0.946506
2530001 0.934408
2540001 0.951745
2550001 0.929485
2560001 1.15455
2570001 0.929411
2580001 1.35003
2590001 0.931379
2600001 1.55901
2610001 0.924462
2620001 1.00234
2630001 0.940142
2640001 0.943176
2650001 0.928656
2660001 0.963825
2670001 0.936248
2680001 0.93856
2690001 0.925653
2700001 0.940327
2710001 0.967937
2720001 0.928682
2730001 1.21421
2740001 0.930505
2750001 1.42144
2760001 0.926396
2770001 1.66984
2780001 0.929611
2790001 0.942643
2800001 0.940228
2810001 0.936655
2820001 0.948331
2830001 0.935995
2840001 0.93816
2850001 0.939644
2860001 0.94201
2870001 0.929814
2880001 1.08259
2890001 0.938632
2900001 1.29916
2910001 0.935674
2920001 1.49229
2930001 0.929493
2940001 1.35052
2950001 0.940169
2960001 0.993855
2970001 0.98641
2980001 0.940943
2990001 0.942225
3000001 0.935324
3010001 0.958276
3020001 0.934261
3030001 0.944164
3040001 0.930177
3050001 1.15447
3060001 0.929177
3070001 1.34829
3080001 0.930606
3090001 1.55695
3100001 0.924002
3110001 1.00197
3120001 0.938663
3130001 0.942649
3140001 0.9281
3150001 0.958357
3160001 0.934854
3170001 0.938833
3180001 0.923318
3190001 0.939645
3200001 0.96891
3210001 0.928469
3220001 1.21501
3230001 0.930116
3240001 1.42218
3250001 0.925883
3260001 1.66916
3270001 0.927304
3280001 0.943065
3290001 0.931957
3300001 0.94035
3310001 0.951704
3320001 0.935709
3330001 0.937849
3340001 0.939777
3350001 0.945658
3360001 0.929784
3370001 1.08374
3380001 0.938323
3390001 1.29858
3400001 0.935313
3410001 1.49041
3420001 0.929998
3430001 1.30358
3440001 0.940769
3450001 0.988047
3460001 0.986201
3470001 0.939334
3480001 0.942729
3490001 0.935015
3500001 0.963294
3510001 0.934039
3520001 0.947346
3530001 0.928495
3540001 1.15442
3550001 0.928964
3560001 1.34674
3570001 0.930165
3580001 1.55513
3590001 0.924012
3600001 1.00251
3610001 0.938778
3620001 0.942832
3630001 0.927874
3640001 0.958334
3650001 0.937058
3660001 0.939278
3670001 0.931824
3680001 0.938663
3690001 0.969587
3700001 0.928207
3710001 1.21611
3720001 0.929785
3730001 1.4241
3740001 0.925614
3750001 1.6726
3760001 0.927114
3770001 1.00867
3780001 0.922728
3790001 0.93997
3800001 0.954817
3810001 0.935462
3820001 0.937681
3830001 0.936927
3840001 0.949808
3850001 0.929207
3860001 1.09098
3870001 0.938067
3880001 1.29902
3890001 0.935762
3900001 1.48872
3910001 0.928931
3920001 1.2206
3930001 0.940009
3940001 0.977061
3950001 0.986046
3960001 0.938719
3970001 0.942532
3980001 0.934676
3990001 0.958644
4000001 0.933816
4010001 0.946607
4020001 0.928571
4030001 1.15437
4040001 0.928693
4050001 1.34531
4060001 0.929877
4070001 1.55349
4080001 0.924287
4090001 1.00345
4100001 0.936439
4110001 0.941781
4120001 0.928194
4130001 0.964585
4140001 0.93559
4150001 0.938108
4160001 0.927084
4170001 0.938334
4180001 0.970597
4190001 0.928046
4200001 1.21826
4210001 0.929805
4220001 1.42387
4230001 0.925745
4240001 1.67156
4250001 0.926958
4260001 0.972577
4270001 0.922388
4280001 0.93987
4290001 0.951007
4300001 0.935253
4310001 0.937727
4320001 0.935126
4330001 0.9483
4340001 0.945425
4350001 1.09091
4360001 0.938037
4370001 1.30305
4380001 0.935656
4390001 1.48734
4400001 0.929299
4410001 1.22605
4420001 0.93817
4430001 0.965768
4440001 0.985854
4450001 0.93723
4460001 0.942394
4470001 0.934238
4480001 0.956225
4490001 0.933649
4500001 0.9624
4510001 0.928723
4520001 1.15435
4530001 0.928772
4540001 1.34425
4550001 0.929512
4560001 1.5522
4570001 0.923607
4580001 1.00199
4590001 0.930905
4600001 0.941535
4610001 0.927443
4620001 0.960384
4630001 0.935252
4640001 0.939194
4650001 0.925809
4660001 0.938202
4670001 0.971637
4680001 0.928074
4690001 1.22048
4700001 0.929693
4710001 1.42746
4720001 0.925563
4730001 1.67289
4740001 0.926819
4750001 0.991814
4760001 0.922143
4770001 0.939684
4780001 0.949693
4790001 0.935073
4800001 0.937548
4810001 0.934643
4820001 0.949076
4830001 0.945804
4840001 1.09086
4850001 0.936886
4860001 1.30271
4870001 0.936175
4880001 1.48613
4890001 0.928994
4900001 1.17427
4910001 0.936191
4920001 0.966586
4930001 0.985606
4940001 0.936599
4950001 0.942284
4960001 0.934054
4970001 0.956148
4980001 0.933479
4990001 0.960187
5000001 0.927299
5010001 1.15433
5020001 0.928732
5030001 1.34843
5040001 0.929191
5050001 1.55103
5060001 0.923209
5070001 1.00303
5080001 0.930773
5090001 0.941893
5100001 0.928275
5110001 0.936077
5120001 0.934201
5130001 0.937595
5140001 0.924392
5150001 0.938556
5160001 0.971943
5170001 0.927673
5180001 1.22327
5190001 0.929518
5200001 1.42632
5210001 0.92516
5220001 1.67243
5230001 0.926715
5240001 1.00751
5250001 0.922077
5260001 0.939529
5270001 0.949863
5280001 0.934926
5290001 0.937485
5300001 0.928914
5310001 0.948501
5320001 0.945668
5330001 1.09106
5340001 0.93654
5350001 1.30284
5360001 0.931632
5370001 1.48507
5380001 0.928822
5390001 1.13482
5400001 0.936206
5410001 0.955891
5420001 0.984697
5430001 0.936941
5440001 0.942268
5450001 0.93408
5460001 0.948336
5470001 0.933339
5480001 0.962441
5490001 0.927035
5500001 1.15431
5510001 0.928623
5520001 1.34754
5530001 0.929107
5540001 1.55136
5550001 0.922598
5560001 1.00379
5570001 0.92974
5580001 0.942046
5590001 0.928516
5600001 0.935128
5610001 0.942409
5620001 0.938575
5630001 0.924727
5640001 0.938247
5650001 0.973864
5660001 0.927318
5670001 1.2233
5680001 0.929479
5690001 1.42532
5700001 0.925018
5710001 1.67356
5720001 0.926607
5730001 1.01467
5740001 0.922039
5750001 0.939407
5760001 0.933778
5770001 0.934795
5780001 0.937462
5790001 0.927831
5800001 0.948505
5810001 0.945463
5820001 1.09264
5830001 0.935867
5840001 1.30339
5850001 0.931105
5860001 1.48412
5870001 0.928763
5880001 1.09361
5890001 0.939977
5900001 0.956545
5910001 0.984715
5920001 0.935609
5930001 0.942008
5940001 0.934313
5950001 0.948193
5960001 0.933231
5970001 0.963069
5980001 0.927282
5990001 1.1543
6000001 0.928669
6010001 1.34674
6020001 0.928585
6030001 1.55174
6040001 0.922625
6050001 0.992167
6060001 0.956937
6070001 0.943326
6080001 0.928679
6090001 0.935028
6100001 0.953844
6110001 0.936544
6120001 0.924202
6130001 0.938972
6140001 0.973906
6150001 0.927393
6160001 1.22332
6170001 0.929366
6180001 1.42441
6190001 0.925151
6200001 1.67311
6210001 0.926453
6220001 1.02366
6230001 0.921957
6240001 0.939262
6250001 0.921611
6260001 0.934618
6270001 0.937488
6280001 0.92773
6290001 0.948984
6300001 0.945429
6310001 1.09272
6320001 0.935783
6330001 1.30283
6340001 0.930561
6350001 1.48327
6360001 0.92866
6370001 1.03313
6380001 0.940355
6390001 0.948701
6400001 0.985457
6410001 0.953558
6420001 0.942021
6430001 0.93363
6440001 0.948313
6450001 0.933257
6460001 0.963545
6470001 0.927425
6480001 1.15429
6490001 0.928384
6500001 1.34599
6510001 0.92902
6520001 1.55247
6530001 0.922706
6540001 0.9935
6550001 0.966078
6560001 0.931893
6570001 0.931189
6580001 0.934938
6590001 0.943715
6600001 0.936322
6610001 0.924016
6620001 0.939703
6630001 0.974984
6640001 0.927155
6650001 1.22335
6660001 0.929281
6670001 1.42361
6680001 0.926338
6690001 1.67431
6700001 0.926303
6710001 1.04886
6720001 0.92187
6730001 0.939171
6740001 0.920998
6750001 0.934325
6760001 0.937383
6770001 0.927644
6780001 0.948526
6790001 0.945287
6800001 1.09416
6810001 0.935698
6820001 1.30231
6830001 0.930399
6840001 1.48251
6850001 0.928795
6860001 0.976805
6870001 0.942706
6880001 0.948382
6890001 0.983464
6900001 0.968507
6910001 0.942246
6920001 0.93369
6930001 0.948262
6940001 0.932985
6950001 0.964067
6960001 0.925796
6970001 1.15439
6980001 0.928329
6990001 1.3453
7000001 0.928328
7010001 1.55219
7020001 0.92238
7030001 0.983369
7040001 0.966082
7050001 0.938333
7060001 0.92959
7070001 0.934853
7080001 0.952114
7090001 0.936507
7100001 0.924092
7110001 0.939785
7120001 0.976275
7130001 0.927746
7140001 1.22337
7150001 0.92919
7160001 1.42287
7170001 0.925077
7180001 1.67419
7190001 0.926091
7200001 1.0492
7210001 0.921822
7220001 0.939005
7230001 0.920905
7240001 0.934274
7250001 0.937449
7260001 0.927573
7270001 0.948701
7280001 0.94519
7290001 1.09762
7300001 0.935518
7310001 1.30184
7320001 0.930375
7330001 1.48373
7340001 0.928543
7350001 0.945827
7360001 0.945967
7370001 0.948466
7380001 0.983008
7390001 0.971036
7400001 0.942093
7410001 0.933536
7420001 0.948267
7430001 0.933967
7440001 0.964169
7450001 0.932016
7460001 1.15684
7470001 0.928548
7480001 1.3447
7490001 0.928138
7500001 1.55233
7510001 0.921425
7520001 0.983833
7530001 0.965998
7540001 0.950942
7550001 0.927953
7560001 0.934769
7570001 0.944487
7580001 0.936781
7590001 0.923953
7600001 0.937707
7610001 0.977623
7620001 0.928776
7630001 1.22522
7640001 0.929127
7650001 1.42266
7660001 0.926073
7670001 1.67355
7680001 0.926037
7690001 1.04984
7700001 0.921681
7710001 0.939101
7720001 0.920889
7730001 0.933812
7740001 0.937656
7750001 0.927546
7760001 0.943775
7770001 0.945121
7780001 1.09777
7790001 0.935614
7800001 1.30218
7810001 0.930296
7820001 1.48336
7830001 0.928343
7840001 0.940296
7850001 0.943719
7860001 0.948572
7870001 0.980367
7880001 0.959916
7890001 0.940881
7900001 0.938071
7910001 0.948297
7920001 0.93171
7930001 0.963748
7940001 0.930988
7950001 1.15691
7960001 0.928492
7970001 1.34688
7980001 0.928319
7990001 1.55342
8000001 0.921619
8010001 0.98393
8020001 0.96623
8030001 0.94279
8040001 0.923563
8050001 0.934711
8060001 0.945047
8070001 0.937753
8080001 0.923913
8090001 0.939319
8100001 0.97759
8110001 0.928331
8120001 1.22557
8130001 0.929077
8140001 1.42287
8150001 0.925422
8160001 1.67394
8170001 0.926154
8180001 1.04901
8190001 0.921817
8200001 0.938389
8210001 0.920865
8220001 0.933714
8230001 0.949725
8240001 0.927457
8250001 0.939614
8260001 0.944472
8270001 1.09852
8280001 0.935407
8290001 1.30542
8300001 0.930389
8310001 1.48427
8320001 0.928422
8330001 0.940321
8340001 0.93789
8350001 0.948482
8360001 0.979862
8370001 0.954946
8380001 0.941452
8390001 0.938701
8400001 0.948899
8410001 0.931792
8420001 0.963796
8430001 0.929241
8440001 1.1591
8450001 0.927744
8460001 1.35154
8470001 0.927472
8480001 1.5544
8490001 0.92149
8500001 0.985098
8510001 0.966029
8520001 0.941566
8530001 0.923894
8540001 0.93466
8550001 0.9453
8560001 0.937872
8570001 0.923853
8580001 0.941769
8590001 0.977561
8600001 0.928846
8610001 1.22819
8620001 0.929152
8630001 1.42386
8640001 0.924823
8650001 1.67341
8660001 0.926456
8670001 1.04897
8680001 0.92181
8690001 0.939185
8700001 0.920831
8710001 0.933749
8720001 0.949887
8730001 0.927394
8740001 0.94126
8750001 0.944627
8760001 1.09912
8770001 0.935814
8780001 1.30629
8790001 0.930471
8800001 1.4865
8810001 0.929181
8820001 0.940274
8830001 0.939429
8840001 0.948421
8850001 0.977338
8860001 1.00007
8870001 0.94244
8880001 0.940246
8890001 0.948353
8900001 0.932241
8910001 0.96376
8920001 0.930001
8930001 1.16052
8940001 0.9302
8950001 1.35106
8960001 0.928318
8970001 1.55401
8980001 0.921476
8990001 0.991012
9000001 0.96602
9010001 0.940863
9020001 0.923384
9030001 0.934616
9040001 0.945428
9050001 0.937817
9060001 0.923838
9070001 0.927748
9080001 0.977782
9090001 0.931272
9100001 1.22821
9110001 0.928985
9120001 1.42337
9130001 0.925147
9140001 1.67547
9150001 0.925868
9160001 1.04884
9170001 0.922304
9180001 0.938421
9190001 0.920788
9200001 0.934207
9210001 0.949218
9220001 0.927353
9230001 0.942819
9240001 0.942705
9250001 1.09939
9260001 0.932255
9270001 1.30598
9280001 0.930019
9290001 1.48828
9300001 0.929241
9310001 0.941224
9320001 0.930682
9330001 0.948365
9340001 0.973095
9350001 0.994469
9360001 0.941886
9370001 0.938335
9380001 0.948445
9390001 0.931655
9400001 0.963613
9410001 0.930093
9420001 1.16259
9430001 0.931877
9440001 1.3507
9450001 0.925884
9460001 1.55653
9470001 0.921463
9480001 0.990494
9490001 0.965978
9500001 0.940681
9510001 0.925325
9520001 0.934584
9530001 0.945187
9540001 0.937808
9550001 0.923866
9560001 0.927908
9570001 0.978823
9580001 0.928431
9590001 1.22823
9600001 0.929303
9610001 1.42312
9620001 0.927877
9630001 1.67651
9640001 0.926266
9650001 1.0489
9660001 0.922234
9670001 0.938671
9680001 0.920824
9690001 0.934175
9700001 0.945059
9710001 0.927311
9720001 0.943942
9730001 0.941132
9740001 1.10059
9750001 0.930854
9760001 1.30582
9770001 0.930304
9780001 1.48814
9790001 0.928655
9800001 0.940998
9810001 0.926555
9820001 0.948321
9830001 0.971943
9840001 0.993987
9850001 0.943307
9860001 0.933321
9870001 0.950815
9880001 0.931584
9890001 0.963469
9900001 0.929967
9910001 1.1626
9920001 0.931942
9930001 1.35046
9940001 0.92535
9950001 1.55664
9960001 0.921464
9970001 0.990447
9980001 0.966026
9990001 0.940758
10000001 0.923657
10010001 0.934524
10020001 0.944922
10030001 0.937807
10040001 0.923739
10050001 0.927873
10060001 0.979913
10070001 0.931178
10080001 1.22825
10090001 0.928613
10100001 1.42299
10110001 0.927507
10120001 1.67836
10130001 0.927388
10140001 1.04947
10150001 0.923022
10160001 0.938335
10170001 0.920789
10180001 0.933831
10190001 0.939315
10200001 0.927371
10210001 0.969697
10220001 0.940476
10230001 1.10157
10240001 0.930908
10250001 1.30569
10260001 0.93017
10270001 1.48805
10280001 0.928083
10290001 0.948986
10300001 0.926558
10310001 0.948333
10320001 0.973374
10330001 0.994495
10340001 0.936135
10350001 0.930955
10360001 0.954032
10370001 0.932019
10380001 0.967563
10390001 0.929938
10400001 1.1626
10410001 0.931958
10420001 1.35025
10430001 0.924829
10440001 1.55726
10450001 0.921547
10460001 0.990573
10470001 0.965908
10480001 0.940743
10490001 0.923554
10500001 0.934664
10510001 0.944978
10520001 0.937813
10530001 0.923149
10540001 0.927912
10550001 0.98057
10560001 0.932905
10570001 1.22827
10580001 0.928697
10590001 1.42288
10600001 0.925029
10610001 1.67915
10620001 0.926499
10630001 1.05024
10640001 0.921929
10650001 0.938456
10660001 0.920782
10670001 0.934074
10680001 0.938409
10690001 0.927492
10700001 0.973675
10710001 0.940138
10720001 1.10477
10730001 0.931602
10740001 1.30557
10750001 0.929946
10760001 1.48797
10770001 0.928604
10780001 0.948423
10790001 0.926542
10800001 0.94835
10810001 0.964988
10820001 0.994634
10830001 0.939909
10840001 0.931281
10850001 0.946412
10860001 0.932944
10870001 0.956706
10880001 0.929891
10890001 1.16261
10900001 0.931807
10910001 1.35006
10920001 0.924528
10930001 1.55734
10940001 0.921496
10950001 0.990687
10960001 0.966297
10970001 0.94067
10980001 0.923638
10990001 0.934865
11000001 0.94498
11010001 0.937826
11020001 0.922336
11030001 0.927904
11040001 0.980862
11050001 0.936328
11060001 1.22943
11070001 0.928977
11080001 1.42278
11090001 0.925578
11100001 1.68093
11110001 0.928524
11120001 1.04969
11130001 0.920891
11140001 0.937718
11150001 0.920489
11160001 0.934257
11170001 0.939114
11180001 0.927479
11190001 0.970085
11200001 0.940144
11210001 1.10476
11220001 0.932337
11230001 1.30546
11240001 0.929998
11250001 1.48789
11260001 0.928313
11270001 0.948487
11280001 0.926521
11290001 0.949797
11300001 0.961449
11310001 0.994678
11320001 0.938627
11330001 0.931138
11340001 0.945391
11350001 0.928869
11360001 0.954528
11370001 0.929867
11380001 1.16261
11390001 0.93181
11400001 1.34988
11410001 0.924258
11420001 1.55747
11430001 0.921282
11440001 0.990356
11450001 0.967605
11460001 0.940576
11470001 0.923553
11480001 0.934364
11490001 0.944973
11500001 0.937832
11510001 0.92664
11520001 0.927857
11530001 0.981385
11540001 0.955966
11550001 1.23208
11560001 0.930578
11570001 1.42477
11580001 0.924595
11590001 1.68509
11600001 0.933559
11610001 1.04516
11620001 0.920924
11630001 0.936347
11640001 0.920714
11650001 0.934093
11660001 0.93687
11670001 0.928421
11680001 0.971442
11690001 0.939898
11700001 1.10475
11710001 0.93248
11720001 1.30579
11730001 0.929993
11740001 1.48783
11750001 0.928706
11760001 1.0833
11770001 0.926502
11780001 0.950659
11790001 0.945524
11800001 0.994682
11810001 0.934114
11820001 0.931113
11830001 0.940226
11840001 0.929364
11850001 0.956578
11860001 0.929872
11870001 1.16261
11880001 0.931657
11890001 1.34989
11900001 0.923533
11910001 1.55741
11920001 0.921285
11930001 0.989527
11940001 0.971377
11950001 0.940596
11960001 0.923696
11970001 0.934684
11980001 0.944853
11990001 0.937826
12000001 0.926195
12010001 0.927855
12020001 0.982032
12030001 0.956619
12040001 1.23477
12050001 0.929696
12060001 1.42838
12070001 0.924545
12080001 1.68541
12090001 0.929275
12100001 1.04427
12110001 0.92063
12120001 0.950236
12130001 0.920563
12140001 0.934688
12150001 0.939994
12160001 0.929316
12170001 0.974755
12180001 0.939967
12190001 1.10474
12200001 0.932414
12210001 1.30793
12220001 0.930937
12230001 1.48777
12240001 0.929274
12250001 1.0366
12260001 0.926497
12270001 0.950371
12280001 0.926502
12290001 0.994617
12300001 0.937467
12310001 0.931097
12320001 0.922446
12330001 0.92854
12340001 0.935572
12350001 0.93002
12360001 1.16262
12370001 0.931521
12380001 1.3508
12390001 0.924002
12400001 1.55811
12410001 0.921265
12420001 0.977195
12430001 0.972752
12440001 0.940541
12450001 0.923689
12460001 0.93438
12470001 0.945321
12480001 0.937773
12490001 0.955268
12500001 0.927828
12510001 0.98279
12520001 0.956607
12530001 1.23878
12540001 0.929656
12550001 1.42833
12560001 0.924513
12570001 1.68601
12580001 0.929787
12590001 1.04111
12600001 0.92112
12610001 0.94525
12620001 0.921874
12630001 0.931556
12640001 0.924419
12650001 0.92765
12660001 0.979821
12670001 0.939384
12680001 1.10474
12690001 0.932429
12700001 1.31259
12710001 0.930094
12720001 1.48773
12730001 0.928281
12740001 1.03808
12750001 0.926412
12760001 0.950532
12770001 0.926867
12780001 0.994669
12790001 0.959506
12800001 0.931082
12810001 0.928047
12820001 0.934223
12830001 0.929807
12840001 0.929881
12850001 1.16263
12860001 0.931434
12870001 1.35134
12880001 0.92381
12890001 1.55945
12900001 0.921248
12910001 0.978357
12920001 0.96374
12930001 0.940516
12940001 0.923735
12950001 0.933655
12960001 0.945419
12970001 0.937788
12980001 0.975128
12990001 0.927887
13000001 0.985036
13010001 0.956672
13020001 1.2421
13030001 0.929736
13040001 1.42829
13050001 0.924535
13060001 1.68777
13070001 0.931208
13080001 1.06729
13090001 0.920743
13100001 0.958098
13110001 0.920785
13120001 0.932779
13130001 0.925216
13140001 0.927346
13150001 0.980475
13160001 0.939527
13170001 1.10473
13180001 0.932428
13190001 1.32029
13200001 0.93023
13210001 1.48769
13220001 0.92633
13230001 1.04163
13240001 0.92634
13250001 0.955881
13260001 0.926918
13270001 0.994841
13280001 0.979821
13290001 0.931069
13300001 0.926546
13310001 0.9342
13320001 0.931947
13330001 0.929468
13340001 1.16263
13350001 0.93178
13360001 1.35166
13370001 0.92392
13380001 1.56302
13390001 0.923391
13400001 0.976072
13410001 0.966092
13420001 0.9408
13430001 0.923744
13440001 0.931085
13450001 0.945554
13460001 0.937958
13470001 0.967533
13480001 0.927613
13490001 0.985714
13500001 0.956551
13510001 1.2421
13520001 0.930064
13530001 1.42825
13540001 0.924373
13550001 1.68806
13560001 0.950451
13570001 1.06307
13580001 0.92098
13590001 0.952798
13600001 0.920799
13610001 0.932922
13620001 0.925
13630001 0.926898
13640001 0.979745
13650001 0.937587
13660001 1.10473
13670001 0.932404
13680001 1.32038
13690001 0.931197
13700001 1.48766
13710001 0.928318
13720001 1.04255
13730001 0.926358
13740001 0.938697
13750001 0.926798
13760001 0.99445
13770001 0.981066
13780001 0.931052
13790001 0.925021
13800001 0.934087
13810001 0.933392
13820001 0.929429
13830001 1.16263
13840001 0.931419
13850001 1.35158
13860001 0.923988
13870001 1.56344
13880001 0.924886
13890001 0.976964
13900001 0.96583
13910001 0.93995
13920001 0.923715
13930001 0.935273
13940001 0.943639
13950001 0.93759
13960001 0.968235
13970001 0.927337
13980001 0.987754
13990001 0.95657
14000001 1.24209
14010001 0.929875
14020001 1.42822
14030001 0.924564
14040001 1.68913
14050001 0.944564
14060001 1.06412
14070001 0.920061
14080001 0.952611
14090001 0.920344
14100001 0.932955
14110001 0.92504
14120001 0.926742
14130001 0.979395
14140001 0.937277
14150001 1.10605
14160001 0.93255
14170001 1.32028
14180001 0.929768
14190001 1.48763
14200001 0.92515
14210001 1.04262
14220001 0.9263
14230001 0.938471
14240001 0.926827
14250001 0.993718
14260001 0.981345
14270001 0.931018
14280001 0.926252
14290001 0.933997
14300001 0.931454
14310001 0.929139
14320001 1.16264
14330001 0.931434
14340001 1.3515
14350001 0.923933
14360001 1.56366
14370001 0.923895
14380001 0.982287
14390001 0.963834
14400001 0.940811
14410001 0.923746
14420001 0.936679
14430001 0.944112
14440001 0.938057
14450001 0.970074
14460001 0.928056
14470001 0.98909
14480001 0.95669
14490001 1.24209
14500001 0.92989
14510001 1.42819
14520001 0.92453
14530001 1.68974
14540001 0.944366
14550001 1.06829
14560001 0.919714
14570001 0.952603
14580001 0.919945
14590001 0.932918
14600001 0.925087
14610001 0.929747
14620001 0.979366
14630001 0.937327
14640001 1.10747
14650001 0.932204
14660001 1.32019
14670001 0.929727
14680001 1.48853
14690001 0.924115
14700001 1.04204
14710001 0.926203
14720001 0.93355
14730001 0.926819
14740001 0.996136
14750001 0.981403
14760001 0.930982
14770001 0.928928
14780001 0.933984
14790001 0.931478
14800001 0.929409
14810001 1.16265
14820001 0.930846
14830001 1.35143
14840001 0.924245
14850001 1.56645
14860001 0.923123
14870001 0.932366
14880001 0.967332
14890001 0.939567
14900001 0.924725
14910001 0.941362
14920001 0.942136
14930001 0.938078
14940001 0.969625
14950001 0.928815
14960001 0.991362
14970001 0.957366
14980001 1.2421
14990001 0.929828
15000001 1.42817
15010001 0.924597
15020001 1.69038
15030001 0.944223
15040001 1.06852
15050001 0.919852
15060001 0.952527
15070001 0.919831
15080001 0.93292
15090001 0.924988
15100001 0.934582
15110001 0.979017
15120001 0.92623
15130001 1.10783
15140001 0.932155
15150001 1.32011
15160001 0.929753
15170001 1.48851
15180001 0.924251
15190001 1.04204
15200001 0.926284
15210001 0.934429
15220001 0.926808
15230001 1.00024
15240001 0.981154
15250001 0.930951
15260001 0.926371
15270001 0.934063
15280001 0.9327
15290001 0.930248
15300001 1.16274
15310001 0.932675
15320001 1.35137
15330001 0.924071
15340001 1.56669
15350001 0.923508
15360001 0.949414
15370001 0.959671
15380001 0.944098
15390001 0.923645
15400001 0.943092
15410001 0.940148
15420001 0.937356
15430001 0.97104
15440001 0.930193
15450001 0.991865
15460001 0.95537
15470001 1.2421
15480001 0.92968
15490001 1.42923
15500001 0.924446
15510001 1.69085
15520001 0.944209
15530001 1.06818
15540001 0.919634
15550001 0.952508
15560001 0.919675
15570001 0.933034
15580001 0.925094
15590001 0.935439
15600001 0.979365
15610001 0.926316
15620001 1.10971
15630001 0.932262
15640001 1.32004
15650001 0.929729
15660001 1.48888
15670001 0.924344
15680001 1.04204
15690001 0.92626
15700001 0.935061
15710001 0.926796
15720001 1.00185
15730001 0.981144
15740001 0.930744
15750001 0.926324
15760001 0.934017
15770001 0.932666
15780001 0.929592
15790001 1.1648
15800001 0.933799
15810001 1.35168
15820001 0.924001
15830001 1.56725
15840001 0.922485
15850001 0.946956
15860001 0.963853
15870001 0.943818
15880001 0.923483
15890001 0.943748
15900001 0.927271
15910001 0.939129
15920001 0.970147
15930001 0.927762
15940001 0.992121
15950001 0.956688
15960001 1.24414
15970001 0.929801
15980001 1.43293
15990001 0.924243
16000001 1.69139
16010001 0.944253
16020001 1.06804
16030001 0.919637
16040001 0.952493
16050001 0.919117
16060001 0.93303
16070001 0.925016
16080001 0.934256
16090001 0.984762
16100001 0.926343
16110001 1.10971
16120001 0.932673
16130001 1.32098
16140001 0.929732
16150001 1.48951
16160001 0.924424
16170001 1.04206
16180001 0.929649
16190001 0.937618
16200001 0.926787
16210001 0.999817
16220001 0.981126
16230001 0.930888
16240001 0.926283
16250001 0.934014
16260001 0.932728
16270001 0.929363
16280001 1.16535
16290001 0.931751
16300001 1.35241
16310001 0.924066
16320001 1.56724
16330001 0.923235
16340001 0.951562
16350001 0.956121
16360001 0.964247
16370001 0.923956
16380001 0.945439
16390001 0.924054
16400001 0.935712
16410001 0.970188
16420001 0.927678
16430001 0.992282
16440001 0.955179
16450001 1.24689
16460001 0.92982
16470001 1.43389
16480001 0.924017
16490001 1.69243
16500001 0.944342
16510001 1.06817
16520001 0.919639
16530001 0.952494
16540001 0.921394
16550001 0.933014
16560001 0.925326
16570001 0.936485
16580001 0.980501
16590001 0.926334
16600001 1.11057
16610001 0.932484
16620001 1.3215
16630001 0.929721
16640001 1.49094
16650001 0.924519
16660001 1.04214
16670001 0.92611
16680001 0.937404
16690001 0.926763
16700001 0.987092
16710001 0.981102
16720001 0.930787
16730001 0.926283
16740001 0.934012
16750001 0.932766
16760001 0.929051
16770001 1.16565
16780001 0.931535
16790001 1.35237
16800001 0.924254
16810001 1.5709
16820001 0.923842
16830001 0.946308
16840001 0.946549
16850001 0.978605
16860001 0.924551
16870001 0.945216
16880001 0.924754
16890001 0.933856
16900001 0.970356
16910001 0.927523
16920001 0.992463
16930001 0.951469
16940001 1.24689
16950001 0.929485
16960001 1.43486
16970001 0.923996
16980001 1.69262
16990001 0.944182
17000001 1.06808
17010001 0.919645
17020001 0.952465
17030001 0.988907
17040001 0.932996
17050001 0.925351
17060001 0.936621
17070001 0.962486
17080001 0.926329
17090001 1.11107
17100001 0.932541
17110001 1.32145
17120001 0.929756
17130001 1.49218
17140001 0.924744
17150001 1.04205
17160001 0.925602
17170001 0.937426
17180001 0.926738
17190001 0.957728
17200001 0.981141
17210001 0.932447
17220001 0.926276
17230001 0.933988
17240001 0.932881
17250001 0.926764
17260001 1.1659
17270001 0.931916
17280001 1.35235
17290001 0.9243
17300001 1.57158
17310001 0.921676
17320001 0.947198
17330001 0.923447
17340001 0.959288
17350001 0.926683
17360001 0.94527
17370001 0.926338
17380001 0.936044
17390001 0.970317
17400001 0.92671
17410001 0.992908
17420001 0.951873
17430001 1.24689
17440001 0.92942
17450001 1.43488
17460001 0.924014
17470001 1.69358
17480001 0.943909
17490001 1.06798
17500001 0.919648
17510001 0.952494
17520001 0.986708
17530001 0.933015
17540001 0.923433
17550001 0.936629
17560001 0.953763
17570001 0.926322
17580001 1.11221
17590001 0.9317
17600001 1.32141
17610001 0.929753
17620001 1.49324
17630001 0.924656
17640001 1.04457
17650001 0.924807
17660001 0.937533
17670001 0.926807
17680001 0.961088
17690001 0.980942
17700001 0.935395
17710001 0.926362
17720001 0.934106
17730001 0.93298
17740001 0.926429
17750001 1.16591
17760001 0.935293
17770001 1.35233
17780001 0.924751
17790001 1.57369
17800001 0.922215
17810001 0.959772
17820001 0.92292
17830001 0.959472
17840001 0.924313
17850001 0.945238
17860001 0.937142
17870001 0.934942
17880001 0.970068
17890001 0.926997
17900001 0.993498
17910001 0.951256
17920001 1.24689
17930001 0.931425
17940001 1.43489
17950001 0.924071
17960001 1.69561
17970001 0.943763
17980001 1.06782
17990001 0.919635
18000001 0.952445
18010001 0.988432
18020001 0.932974
18030001 0.921454
18040001 0.936621
18050001 0.958722
18060001 0.926314
18070001 1.11322
18080001 0.93197
18090001 1.32137
18100001 0.929878
18110001 1.49325
18120001 0.924956
18130001 1.05836
18140001 0.92469
18150001 0.93755
18160001 0.926722
18170001 0.960406
18180001 0.982855
18190001 0.934997
18200001 0.926069
18210001 0.934264
18220001 0.93312
18230001 0.926143
18240001 1.16591
18250001 0.93498
18260001 1.35239
18270001 0.924922
18280001 1.57414
18290001 0.921272
18300001 0.959901
18310001 0.922928
18320001 0.96741
18330001 0.925099
18340001 0.945235
18350001 0.935729
18360001 0.93645
18370001 0.970272
18380001 0.926857
18390001 0.994335
18400001 0.951214
18410001 1.24689
18420001 0.930844
18430001 1.43501
18440001 0.92412
18450001 1.69597
18460001 0.943672
18470001 1.06797
18480001 0.91964
18490001 0.952508
18500001 0.98843
18510001 0.933006
18520001 0.922481
18530001 0.936598
18540001 0.986257
18550001 0.926306
18560001 1.11437
18570001 0.9317
18580001 1.32141
18590001 0.929747
18600001 1.4934
18610001 0.924391
18620001 1.05688
18630001 0.924959
18640001 0.93753
18650001 0.926404
18660001 0.963228
18670001 0.983298
18680001 0.93205
18690001 0.92661
18700001 0.934881
18710001 0.933275
18720001 0.924634
18730001 1.16591
18740001 0.934995
18750001 1.35248
18760001 0.924116
18770001 1.57697
18780001 0.921023
18790001 0.959692
18800001 0.922917
18810001 0.968813
18820001 0.928211
18830001 0.945242
18840001 1.05109
18850001 0.927083
18860001 0.970908
18870001 0.926916
18880001 0.995805
18890001 0.9465
18900001 1.24825
18910001 0.931168
18920001 1.43826
18930001 0.924421
18940001 1.6967
18950001 0.945151
18960001 1.06772
18970001 0.919645
18980001 0.952496
18990001 0.988299
19000001 0.932961
19010001 0.923108
19020001 0.936588
19030001 0.976179
19040001 0.92613
19050001 1.11437
19060001 0.928867
19070001 1.32143
19080001 0.929768
19090001 1.49345
19100001 0.924678
19110001 1.0675
19120001 0.928266
19130001 0.937537
19140001 0.92662
19150001 0.9633
19160001 0.983201
19170001 0.937178
19180001 0.926425
19190001 0.934052
19200001 0.933313
19210001 0.924812
19220001 1.16591
19230001 0.935067
19240001 1.35251
19250001 0.925606
19260001 1.57757
19270001 0.920988
19280001 0.959718
19290001 0.922925
19300001 1.00006
19310001 0.929679
19320001 0.945282
19330001 1.05263
19340001 0.927054
19350001 0.976579
19360001 0.926817
19370001 0.997178
19380001 0.944662
19390001 1.24997
19400001 0.934018
19410001 1.44354
19420001 0.924496
19430001 1.69833
19440001 0.947255
19450001 1.0677
19460001 0.919621
19470001 0.952351
19480001 0.988283
19490001 0.933043
19500001 0.923228
19510001 0.936586
19520001 0.976601
19530001 0.925759
19540001 1.11436
19550001 0.928469
19560001 1.32144
19570001 0.929747
19580001 1.49347
19590001 0.925765
19600001 0.963695
19610001 0.931888
19620001 0.937556
19630001 0.926054
19640001 0.943044
19650001 0.982119
19660001 0.933738
19670001 0.926219
19680001 0.933684
19690001 0.933745
19700001 0.92495
19710001 1.1659
19720001 0.935193
19730001 1.35482
19740001 0.924382
19750001 1.57856
19760001 0.920994
19770001 0.959709
19780001 0.923051
19790001 0.998529
19800001 0.927431
19810001 0.945242
19820001 1.05386
19830001 0.927073
19840001 0.97096
19850001 0.927635
19860001 0.99842
19870001 0.940483
19880001 1.25374
19890001 0.934786
19900001 1.44515
19910001 0.922929
19920001 1.70098
19930001 0.946249
19940001 1.06805
19950001 0.919613
19960001 0.952424
19970001 0.988264
19980001 0.933515
19990001 0.922469
20000001 0.936584
20010001 0.972439
20020001 0.926227
20030001 1.11436
20040001 0.928145
20050001 1.32157
20060001 0.929817
20070001 1.49349
20080001 0.925498
20090001 0.951175
20100001 0.925747
20110001 0.937577
20120001 0.92322
20130001 0.942426
20140001 0.98399
20150001 0.937589
20160001 0.926857
20170001 0.934198
20180001 0.933872
20190001 0.924844
20200001 1.1659
20210001 0.935074
20220001 1.35732
20230001 0.924494
20240001 1.58165
20250001 0.920972
20260001 0.959812
20270001 0.923044
20280001 0.99805
20290001 0.927391
20300001 0.945228
20310001 1.05376
20320001 0.927059
20330001 0.968357
20340001 0.927436
20350001 1.00171
20360001 0.941304
20370001 1.25649
20380001 0.934835
20390001 1.44516
20400001 0.923825
20410001 1.70209
20420001 0.944655
20430001 1.0689
20440001 0.919527
20450001 0.9523
20460001 0.988295
20470001 0.933727
20480001 0.940287
20490001 0.936583
20500001 0.96893
20510001 0.926259
20520001 1.11436
20530001 0.928571
20540001 1.3216
20550001 0.930796
20560001 1.49349
20570001 0.925501
20580001 0.950862
20590001 0.930411
20600001 0.937486
20610001 0.922359
20620001 0.942471
20630001 0.982752
20640001 0.939155
20650001 0.925168
20660001 0.934508
20670001 0.934155
20680001 0.924779
20690001 1.1659
20700001 0.934853
20710001 1.3594
20720001 0.925855
20730001 1.582
20740001 0.921018
20750001 0.959652
20760001 0.923003
20770001 0.997888
20780001 0.936206
20790001 0.945321
20800001 1.05367
20810001 0.927056
20820001 0.986093
20830001 0.92728
20840001 1.00475
20850001 0.936947
20860001 1.2568
20870001 0.934776
20880001 1.44517
20890001 0.923229
20900001 1.70505
20910001 0.94435
20920001 1.06158
20930001 0.920456
20940001 0.952263
20950001 0.988226
20960001 0.933165
20970001 0.950786
20980001 0.936499
20990001 0.968625
21000001 0.925735
21010001 1.11436
21020001 0.92863
21030001 1.32176
21040001 0.929812
21050001 1.4935
21060001 0.924866
21070001 0.950548
21080001 0.929552
21090001 0.93737
21100001 0.923295
21110001 0.94246
21120001 0.989676
21130001 0.933705
21140001 0.92816
21150001 0.934395
21160001 0.934484
21170001 0.92478
21180001 1.1659
21190001 0.935622
21200001 1.36063
21210001 0.924574
21220001 1.58249
21230001 0.921105
21240001 0.957759
21250001 0.92298
21260001 0.997866
21270001 0.935982
21280001 0.945246
21290001 1.05383
21300001 0.927056
21310001 0.925198
21320001 0.927338
21330001 1.00571
21340001 0.931054
21350001 1.25679
21360001 0.934836
21370001 1.44517
21380001 0.929243
21390001 1.70631
21400001 0.944915
21410001 1.06504
21420001 0.919257
21430001 0.955317
21440001 0.988396
21450001 0.933767
21460001 0.947955
21470001 0.93646
21480001 0.970116
21490001 0.925336
21500001 1.11436
21510001 0.928643
21520001 1.32352
21530001 0.929914
21540001 1.49351
21550001 0.926015
21560001 0.950646
21570001 0.929434
21580001 0.937732
21590001 0.925583
21600001 0.942436
21610001 0.990452
21620001 1.04292
21630001 0.925057
21640001 0.933896
21650001 0.934473
21660001 0.924795
21670001 1.1659
21680001 0.935698
21690001 1.36064
21700001 0.924892
21710001 1.58327
21720001 0.921112
21730001 0.957897
21740001 0.9231
21750001 0.997845
21760001 0.935742
21770001 0.945254
21780001 1.05382
21790001 0.927056
21800001 0.933386
21810001 0.927322
21820001 1.00711
21830001 0.931627
21840001 1.25679
21850001 0.935182
21860001 1.44518
21870001 0.929189
21880001 1.70691
21890001 0.944506
21900001 1.05515
21910001 0.919218
21920001 0.94896
21930001 0.988714
21940001 0.934467
21950001 0.945539
21960001 0.937163
21970001 0.969989
21980001 0.926036
21990001 1.11627
22000001 0.928648
22010001 1.32352
22020001 0.929821
22030001 1.49351
22040001 0.92624
22050001 0.951084
22060001 0.929607
22070001 0.938282
22080001 0.923214
22090001 0.942425
22100001 0.995544
22110001 1.04429
22120001 0.928121
22130001 0.937979
22140001 0.935402
22150001 0.924888
22160001 1.1659
22170001 0.935053
22180001 1.36065
22190001 0.924791
22200001 1.58471
22210001 0.920995
22220001 0.956939
22230001 0.922721
22240001 0.998053
22250001 0.935753
22260001 0.94602
22270001 1.05376
22280001 0.927061
22290001 0.945711
22300001 0.927301
22310001 1.00849
22320001 0.93176
22330001 1.25678
22340001 0.934584
22350001 1.44519
22360001 0.928926
22370001 1.707
22380001 0.942794
22390001 0.947276
22400001 0.919084
22410001 0.949528
22420001 0.989541
22430001 0.933555
22440001 0.944949
22450001 0.93712
22460001 0.969958
22470001 0.926939
22480001 1.11714
22490001 0.928657
22500001 1.32353
22510001 0.937773
22520001 1.49599
22530001 0.927011
22540001 0.951743
22550001 0.929569
22560001 0.938778
22570001 0.922907
22580001 0.942439
22590001 0.9876
22600001 1.04377
22610001 0.956548
22620001 0.936286
22630001 0.935493
22640001 0.925059
22650001 1.1659
22660001 0.935751
22670001 1.36066
22680001 0.924813
22690001 1.58473
22700001 0.921102
22710001 0.956781
22720001 0.922358
22730001 0.997999
22740001 0.935669
22750001 0.945953
22760001 1.05379
22770001 0.927076
22780001 0.947792
22790001 0.927324
22800001 1.00849
22810001 0.931795
22820001 1.25678
22830001 0.934202
22840001 1.4452
22850001 0.928836
22860001 1.70706
22870001 0.94265
22880001 0.951031
22890001 0.919685
22900001 0.949898
22910001 0.985654
22920001 0.930635
22930001 0.944716
22940001 0.937085
22950001 0.970259
22960001 0.92792
22970001 1.11798
22980001 0.928816
22990001 1.32354
23000001 0.93574
23010001 1.4984
23020001 0.930361
23030001 0.951701
23040001 0.929558
23050001 0.945517
23060001 0.928952
23070001 0.942442
23080001 0.971851
23090001 1.04385
23100001 0.953714
23110001 0.935699
23120001 0.936111
23130001 0.925332
23140001 1.16746
23150001 0.934806
23160001 1.36067
23170001 0.924649
23180001 1.58717
23190001 0.920824
23200001 0.956185
23210001 0.921997
23220001 0.998108
23230001 0.935442
23240001 0.945069
23250001 1.05345
23260001 0.927037
23270001 0.948928
23280001 0.927311
23290001 1.01079
23300001 0.931772
23310001 1.25678
23320001 0.93408
23330001 1.44735
23340001 0.928816
23350001 1.70731
23360001 0.943304
23370001 0.938289
23380001 0.91897
23390001 0.951958
23400001 0.983449
23410001 0.92983
23420001 0.94434
23430001 0.937278
23440001 0.970352
23450001 0.929842
23460001 1.11803
23470001 0.928963
23480001 1.32355
23490001 0.936008
23500001 1.49868
23510001 0.933353
23520001 0.951687
23530001 0.929524
23540001 0.935599
23550001 0.926424
23560001 0.942366
23570001 0.920074
23580001 1.0439
23590001 0.94885
23600001 0.949644
23610001 0.936511
23620001 0.92511
23630001 1.1684
23640001 0.934014
23650001 1.36345
23660001 0.924663
23670001 1.58717
23680001 0.920443
23690001 1.00087
23700001 0.922114
23710001 0.997676
23720001 0.93548
23730001 0.946425
23740001 1.0538
23750001 0.927175
23760001 0.955128
23770001 0.927364
23780001 1.01096
23790001 0.931963
23800001 1.25753
23810001 0.934046
23820001 1.45235
23830001 0.92867
23840001 1.70822
23850001 0.941759
23860001 0.935845
23870001 0.919089
23880001 0.929338
23890001 0.985804
23900001 0.93803
23910001 0.944405
23920001 0.937218
23930001 0.969979
23940001 0.927699
23950001 1.12013
23960001 0.9287
23970001 1.32489
23980001 0.935856
23990001 1.49923
24000001 0.927743
24010001 0.951788
24020001 0.929556
24030001 0.93824
24040001 0.926307
24050001 0.942511
24060001 0.921062
24070001 1.04389
24080001 0.941059
24090001 0.934714
24100001 0.936704
24110001 0.925013
24120001 1.16953
24130001 0.935154
24140001 1.36549
24150001 0.924624
24160001 1.59019
24170001 0.919723
24180001 0.968259
24190001 0.922166
24200001 1.0015
24210001 0.935511
24220001 0.940996
24230001 1.05329
24240001 0.927331
24250001 0.946097
24260001 0.927275
24270001 1.01145
24280001 0.931773
24290001 1.25922
24300001 0.934758
24310001 1.45601
24320001 0.928693
24330001 1.70888
24340001 0.95057
24350001 0.935056
24360001 0.920693
24370001 0.929477
24380001 0.988189
24390001 0.93816
24400001 0.944443
24410001 0.938534
24420001 0.969849
24430001 0.932715
24440001 1.12067
24450001 0.928573
24460001 1.32522
24470001 0.9356
24480001 1.50028
24490001 0.92303
24500001 0.951671
24510001 0.929312
24520001 0.93446
24530001 0.926233
24540001 0.942537
24550001 0.920769
24560001 1.04388
24570001 0.945429
24580001 0.934759
24590001 0.936754
24600001 0.924952
24610001 1.17136
24620001 0.935734
24630001 1.36549
24640001 0.924704
24650001 1.59065
24660001 0.920016
24670001 0.967659
24680001 0.922489
24690001 0.998067
24700001 0.93556
24710001 0.927448
24720001 1.05378
24730001 0.92687
24740001 0.945882
24750001 0.927226
24760001 1.01194
24770001 0.932068
24780001 1.25922
24790001 0.934967
24800001 1.45601
24810001 0.928701
24820001 1.70973
24830001 0.952149
24840001 0.9344
24850001 0.920556
24860001 0.929587
24870001 0.984221
24880001 0.938158
24890001 0.944408
24900001 0.942224
24910001 0.97459
24920001 0.930967
24930001 1.12299
24940001 0.92879
24950001 1.32522
24960001 0.935453
24970001 1.50619
24980001 0.923454
24990001 0.951661
25000001 0.929226
25010001 0.934662
25020001 0.926226
25030001 0.941798
25040001 0.920872
25050001 1.04392
25060001 0.946779
25070001 0.934716
25080001 0.936957
25090001 0.925145
25100001 1.17468
25110001 0.937653
25120001 1.3655
25130001 0.924675
25140001 1.59238
25150001 0.91959
25160001 0.969317
25170001 0.922142
25180001 0.986804
25190001 0.935457
25200001 0.926343
25210001 1.05901
25220001 0.925993
25230001 0.946214
25240001 0.926725
25250001 1.01282
25260001 0.932026
25270001 1.25922
25280001 0.933648
25290001 1.45602
25300001 0.928787
25310001 1.71081
25320001 0.95205
25330001 0.934275
25340001 0.920701
25350001 0.929429
25360001 0.983604
25370001 0.938169
25380001 0.944453
25390001 0.933696
25400001 0.962635
25410001 0.930599
25420001 1.12555
25430001 0.928965
25440001 1.32523
25450001 0.935431
25460001 1.50841
25470001 0.923859
25480001 0.952294
25490001 0.929234
25500001 0.940065
25510001 0.926242
25520001 0.942997
25530001 0.920921
25540001 1.04385
25550001 0.946125
25560001 0.934729
25570001 0.937126
25580001 0.924937
25590001 1.17468
25600001 0.932023
25610001 1.36551
25620001 0.925449
25630001 1.59391
25640001 0.91892
25650001 0.963243
25660001 0.922095
25670001 0.990444
25680001 0.935334
25690001 0.92594
25700001 1.06039
25710001 0.927464
25720001 0.946003
25730001 0.926702
25740001 1.01282
25750001 0.931923
25760001 1.25922
25770001 0.93118
25780001 1.45602
25790001 0.928905
25800001 1.71153
25810001 0.95201
25820001 0.934202
25830001 0.936782
25840001 0.929474
25850001 0.985062
25860001 0.938154
25870001 0.944511
25880001 0.932136
25890001 0.961312
25900001 0.930646
25910001 1.12697
25920001 0.928759
25930001 1.32524
25940001 0.935903
25950001 1.50842
25960001 0.923838
25970001 0.952185
25980001 0.929236
25990001 0.932536
26000001 0.926251
26010001 0.944823
26020001 0.920903
26030001 1.04392
26040001 0.946289
26050001 0.934734
26060001 0.937218
26070001 0.925084
26080001 1.17468
26090001 0.929684
26100001 1.36551
26110001 0.92623
26120001 1.59577
26130001 0.918994
26140001 0.954958
26150001 0.922964
26160001 0.993883
26170001 0.935182
26180001 0.925579
26190001 1.06862
26200001 0.927094
26210001 0.946068
26220001 0.926338
26230001 1.01353
26240001 0.931904
26250001 1.25922
26260001 0.931364
26270001 1.45602
26280001 0.928689
26290001 1.71219
26300001 0.951959
26310001 0.934216
26320001 0.937442
26330001 0.929484
26340001 0.98378
26350001 0.937824
26360001 0.944428
26370001 0.931394
26380001 0.971294
26390001 0.930678
26400001 1.12762
26410001 0.929045
26420001 1.32524
26430001 0.935984
26440001 1.50842
26450001 0.923666
26460001 0.953137
26470001 0.929775
26480001 0.932492
26490001 0.926271
26500001 0.943305
26510001 0.920924
26520001 1.04394
26530001 0.946219
26540001 0.934728
26550001 0.937632
26560001 0.925116
26570001 1.17468
26580001 0.929615
26590001 1.36552
26600001 0.925828
26610001 1.59836
26620001 0.919333
26630001 0.953082
26640001 0.921967
26650001 0.963016
26660001 0.93554
26670001 0.930017
26680001 1.07811
26690001 0.927095
26700001 0.946043
26710001 0.926271
26720001 1.0147
26730001 0.931985
26740001 1.25937
26750001 0.931128
26760001 1.45603
26770001 0.928655
26780001 1.71419
26790001 0.95196
26800001 0.934241
26810001 0.937634
26820001 0.92946
26830001 0.981395
26840001 0.937816
26850001 0.944431
26860001 0.930993
26870001 1.0467
26880001 0.930681
26890001 1.12762
26900001 0.929345
26910001 1.32525
26920001 0.936172
26930001 1.50842
26940001 0.923639
26950001 0.953
26960001 0.93106
26970001 0.932572
26980001 0.926225
26990001 0.942571
27000001 0.920897
27010001 1.04505
27020001 0.946253
27030001 0.934726
27040001 0.937774
27050001 0.925368
27060001 1.1772
27070001 0.929793
27080001 1.36552
27090001 0.927533
27100001 1.59836
27110001 0.920171
27120001 0.953339
27130001 0.922088
27140001 0.942211
27150001 0.936883
27160001 1.00961
27170001 1.11694
27180001 0.927452
27190001 0.946282
27200001 0.926233
27210001 1.01687
27220001 0.931948
27230001 1.26205
27240001 0.931445
27250001 1.45603
27260001 0.928699
27270001 1.71607
27280001 0.951919
27290001 0.934258
27300001 0.93776
27310001 0.929442
27320001 0.981837
27330001 0.937821
27340001 0.943808
27350001 0.970095
27360001 0.959839
27370001 0.930712
27380001 1.12762
27390001 0.928247
27400001 1.32525
27410001 0.935554
27420001 1.50843
27430001 0.924063
27440001 0.962724
27450001 0.931921
27460001 0.932539
27470001 0.926307
27480001 0.938806
27490001 0.921003
27500001 1.04451
27510001 0.946322
27520001 0.934753
27530001 0.937886
27540001 0.926694
27550001 1.18027
27560001 0.929751
27570001 1.36791
27580001 0.926528
27590001 1.60036
27600001 0.919541
27610001 0.953352
27620001 0.922937
27630001 0.943587
27640001 0.936344
27650001 1.00988
27660001 1.09065
27670001 0.928324
27680001 0.946073
27690001 0.926098
27700001 1.01779
27710001 0.931715
27720001 1.2639
27730001 0.931153
27740001 1.45603
27750001 0.928686
27760001 1.7188
27770001 0.9519
27780001 0.934295
27790001 0.937763
27800001 0.929454
27810001 0.919937
27820001 0.9378
27830001 0.943594
27840001 0.965168
27850001 0.955069
27860001 0.930686
27870001 1.12762
27880001 0.927727
27890001 1.32526
27900001 0.935293
27910001 1.50843
27920001 0.923177
27930001 0.96204
27940001 0.932179
27950001 0.932535
27960001 0.927065
27970001 0.930369
27980001 0.921007
27990001 1.04575
28000001 0.946395
28010001 0.934872
28020001 0.938125
28030001 0.928487
28040001 1.18027
28050001 0.929747
28060001 1.37135
28070001 0.929156
28080001 1.60051
28090001 0.919248
28100001 0.953343
28110001 0.920236
28120001 0.943297
28130001 0.938723
28140001 1.01043
28150001 1.07245
28160001 0.927118
28170001 0.951269
28180001 0.926342
28190001 1.02291
28200001 0.931772
28210001 1.26445
28220001 0.93113
28230001 1.45604
28240001 0.928515
28250001 1.71959
28260001 0.951822
28270001 0.934384
28280001 0.93777
28290001 0.929508
28300001 0.919521
28310001 0.937842
28320001 0.942338
28330001 0.965221
28340001 0.95758
28350001 0.930679
28360001 1.12762
28370001 0.92817
28380001 1.32526
28390001 0.93524
28400001 1.50843
28410001 0.923606
28420001 0.945777
28430001 0.930691
28440001 0.932534
28450001 0.926359
28460001 0.929128
28470001 0.920936
28480001 1.05016
28490001 0.946355
28500001 0.935028
28510001 0.939187
28520001 0.929049
28530001 1.18027
28540001 0.929747
28550001 1.37211
28560001 0.940695
28570001 1.6051
28580001 0.919789
28590001 0.953303
28600001 0.924672
28610001 0.941166
28620001 0.937453
28630001 1.01034
28640001 1.06686
28650001 0.930384
28660001 0.948887
28670001 0.926115
28680001 1.0246
28690001 0.931901
28700001 1.26705
28710001 0.930997
28720001 1.45604
28730001 0.928547
28740001 1.72049
28750001 0.951702
28760001 0.934312
28770001 0.937771
28780001 0.929515
28790001 0.91952
28800001 0.937838
28810001 0.95091
28820001 0.965298
28830001 0.960847
28840001 0.930609
28850001 1.12762
28860001 0.927823
28870001 1.32526
28880001 0.935679
28890001 1.50843
28900001 0.924705
28910001 0.940784
28920001 0.931681
28930001 0.932519
28940001 0.924856
28950001 0.928139
28960001 0.92076
28970001 1.05004
28980001 0.947443
28990001 0.935728
29000001 0.939187
29010001 0.933826
29020001 1.18027
29030001 0.929754
29040001 1.37211
29050001 0.937497
29060001 1.60557
29070001 0.934295
29080001 0.953222
29090001 0.926321
29100001 0.939339
29110001 0.945931
29120001 1.01049
29130001 0.937761
29140001 0.932033
29150001 0.94781
29160001 0.926684
29170001 1.02535
29180001 0.932486
29190001 1.27152
29200001 0.93108
29210001 1.45604
29220001 0.928257
29230001 1.72189
29240001 0.951706
29250001 0.933675
29260001 0.937783
29270001 0.929443
29280001 0.919522
29290001 0.937915
29300001 0.950352
29310001 0.965433
29320001 0.956159
29330001 0.930357
29340001 1.12762
29350001 0.927533
29360001 1.32527
29370001 0.935199
29380001 1.50844
29390001 0.925108
29400001 0.940309
29410001 0.931728
29420001 0.932527
29430001 0.92486
29440001 0.932645
29450001 0.920638
29460001 1.04727
29470001 0.949539
29480001 0.935351
29490001 0.939565
29500001 0.936126
29510001 1.18027
29520001 0.929549
29530001 1.37211
29540001 0.934563
29550001 1.60562
29560001 0.934254
29570001 0.953186
29580001 0.926429
29590001 1.02893
29600001 0.939765
29610001 1.01048
29620001 0.938377
29630001 0.933225
29640001 0.956212
29650001 0.927281
29660001 1.02735
29670001 0.932491
29680001 1.27152
29690001 0.930918
29700001 1.45604
29710001 0.929245
29720001 1.72245
29730001 0.95177
29740001 0.933394
29750001 0.937767
29760001 0.929623
29770001 0.919528
29780001 0.937156
29790001 0.953605
29800001 0.965434
29810001 0.955993
29820001 0.930207
29830001 1.12819
29840001 0.927209
29850001 1.32527
29860001 0.933032
29870001 1.50979
29880001 0.926432
29890001 0.940109
29900001 0.932177
29910001 0.932595
29920001 0.925477
29930001 0.929748
29940001 0.921948
29950001 1.03993
29960001 0.957512
29970001 0.935623
29980001 0.940656
29990001 0.935829
