1 960.473
10001 233.761
20001 114.134
30001 67.3204
40001 60.3533
50001 35.5024
60001 24.3263
70001 21.5617
80001 14.8753
90001 10.494
100001 9.31876
110001 7.60608
120001 5.38485
130001 4.91286
140001 4.63981
150001 3.31232
160001 3.15906
170001 3.19085
180001 2.49694
190001 2.35697
200001 2.46918
210001 2.06714
220001 1.95888
230001 2.13087
240001 1.93419
250001 1.77793
260001 1.94035
270001 1.85263
280001 1.62854
290001 1.82032
300001 1.82191
310001 1.53522
320001 1.75026
330001 1.81288
340001 1.49612
350001 1.71649
360001 1.79049
370001 1.50091
380001 1.66761
390001 1.8131
400001 1.52119
410001 1.6337
420001 1.797
430001 1.53388
440001 1.62109
450001 1.78859
460001 1.5596
470001 1.61533
480001 1.7758
490001 1.63836
500001 1.61212
510001 1.7465
520001 1.7131
530001 1.5415
540001 1.7295
550001 1.71039
560001 1.49692
570001 1.71857
580001 1.69927
590001 1.44529
600001 1.67264
610001 1.74746
620001 1.4492
630001 1.68355
640001 1.74326
650001 1.43273
660001 1.64574
670001 1.79696
680001 1.45106
690001 1.613
700001 1.76913
710001 1.48883
720001 1.57983
730001 1.76867
740001 1.52908
750001 1.57926
760001 1.75529
770001 1.67465
780001 1.59694
790001 1.74111
800001 1.62404
810001 1.55229
820001 1.72765
830001 1.67504
840001 1.53663
850001 1.69945
860001 1.6875
870001 1.46925
880001 1.67621
890001 1.71201
900001 1.43024
910001 1.65794
920001 1.73279
930001 1.41709
940001 1.6453
950001 1.73068
960001 1.44139
970001 1.61214
980001 1.7653
990001 1.47253
1000001 1.58436
1010001 1.75578
1020001 1.49534
1030001 1.57818
1040001 1.75227
1050001 1.52424
1060001 1.57362
1070001 1.74053
1080001 1.60816
1090001 1.57657
1100001 1.7138
1110001 1.68709
1120001 1.50879
1130001 1.69886
1140001 1.68607
1150001 1.4659
1160001 1.69081
1170001 1.67523
1180001 1.41692
1190001 1.64675
1200001 1.72523
1210001 1.42223
1220001 1.65842
1230001 1.72121
1240001 1.4057
1250001 1.62053
1260001 1.77651
1270001 1.42581
1280001 1.58783
1290001 1.7484
1300001 1.46468
1310001 1.55497
1320001 1.74817
1330001 1.50627
1340001 1.55447
1350001 1.73441
1360001 1.65441
1370001 1.57355
1380001 1.71975
1390001 1.60447
1400001 1.52976
1410001 1.70666
1420001 1.657
1430001 1.51523
1440001 1.67946
1450001 1.67016
1460001 1.44828
1470001 1.65817
1480001 1.69617
1490001 1.41075
1500001 1.64054
1510001 1.71686
1520001 1.39721
1530001 1.62729
1540001 1.71525
1550001 1.42231
1560001 1.59439
1570001 1.75062
1580001 1.45372
1590001 1.56679
1600001 1.74111
1610001 1.47846
1620001 1.56055
1630001 1.73812
1640001 1.50781
1650001 1.55559
1660001 1.72545
1670001 1.59346
1680001 1.55964
1690001 1.69905
1700001 1.67366
1710001 1.49251
1720001 1.6846
1730001 1.67357
1740001 1.45017
1750001 1.67782
1760001 1.66326
1770001 1.40204
1780001 1.63435
1790001 1.71399
1800001 1.4079
1810001 1.64571
1820001 1.70995
1830001 1.39093
1840001 1.60795
1850001 1.7662
1860001 1.41202
1870001 1.57516
1880001 1.73809
1890001 1.45156
1900001 1.54241
1910001 1.73825
1920001 1.4939
1930001 1.5415
1940001 1.72405
1950001 1.64373
1960001 1.56097
1970001 1.70953
1980001 1.59428
1990001 1.51783
2000001 1.69626
2010001 1.64781
2020001 1.50372
2030001 1.66961
2040001 1.6614
2050001 1.43701
2060001 1.64952
2070001 1.68835
2080001 1.40024
2090001 1.63205
2100001 1.70888
2110001 1.38639
2120001 1.61814
2130001 1.70753
2140001 1.412
2150001 1.58534
2160001 1.74347
2170001 1.44373
2180001 1.55748
2190001 1.73403
2200001 1.46961
2210001 1.55104
2220001 1.73128
2230001 1.49929
2240001 1.5459
2250001 1.71831
2260001 1.5859
2270001 1.5504
2280001 1.69184
2290001 1.6669
2300001 1.4836
2310001 1.67767
2320001 1.66746
2330001 1.44153
2340001 1.67155
2350001 1.65743
2360001 1.39395
2370001 1.62816
2380001 1.7085
2390001 1.40009
2400001 1.63929
2410001 1.70445
2420001 1.38293
2430001 1.60147
2440001 1.76122
2450001 1.40474
2460001 1.56838
2470001 1.73321
2480001 1.44483
2490001 1.53518
2500001 1.73363
2510001 1.48759
2520001 1.53402
2530001 1.71916
2540001 1.63838
2550001 1.55396
2560001 1.70476
2570001 1.5892
2580001 1.51119
2590001 1.69129
2600001 1.64334
2610001 1.49725
2620001 1.66474
2630001 1.65727
2640001 1.43074
2650001 1.645
2660001 1.68473
2670001 1.39444
2680001 1.62764
2690001 1.70516
2700001 1.38048
2710001 1.61328
2720001 1.70387
2730001 1.40649
2740001 1.58033
2750001 1.74013
2760001 1.43849
2770001 1.55205
2780001 1.7308
2790001 1.46515
2800001 1.54554
2810001 1.72824
2820001 1.49508
2830001 1.54061
2840001 1.71504
2850001 1.58219
2860001 1.54521
2870001 1.68846
2880001 1.66365
2890001 1.47858
2900001 1.67435
2910001 1.66467
2920001 1.43669
2930001 1.66839
2940001 1.65476
2950001 1.38949
2960001 1.62508
2970001 1.70599
2980001 1.39584
2990001 1.63604
3000001 1.7019
3010001 1.37856
3020001 1.59804
3030001 1.75884
3040001 1.4009
3050001 1.56456
3060001 1.73097
3070001 1.44134
3080001 1.53106
3090001 1.73156
3100001 1.48442
3110001 1.52992
3120001 1.7169
3130001 1.63571
3140001 1.55005
3150001 1.70255
3160001 1.58671
3170001 1.50745
3180001 1.68889
3190001 1.64121
3200001 1.49356
3210001 1.66225
3220001 1.65539
3230001 1.42719
3240001 1.64278
3250001 1.68315
3260001 1.39123
3270001 1.62551
3280001 1.70349
3290001 1.37723
3300001 1.61076
3310001 1.70216
3320001 1.40351
3330001 1.57746
3340001 1.7385
3350001 1.43573
3360001 1.54884
3370001 1.72932
3380001 1.46289
3390001 1.54241
3400001 1.72689
3410001 1.49295
3420001 1.53763
3430001 1.71354
3440001 1.58036
3450001 1.54222
3460001 1.68692
3470001 1.66208
3480001 1.47568
3490001 1.6727
3500001 1.6634
3510001 1.43389
3520001 1.66679
3530001 1.65358
3540001 1.38697
3550001 1.62368
3560001 1.70488
3570001 1.39347
3580001 1.63432
3590001 1.70075
3600001 1.37624
3610001 1.59609
3620001 1.75778
3630001 1.39894
3640001 1.56236
3650001 1.72987
3660001 1.43959
3670001 1.52878
3680001 1.73066
3690001 1.48283
3700001 1.5276
3710001 1.71587
3720001 1.63437
3730001 1.54782
3740001 1.70151
3750001 1.58547
3760001 1.50528
3770001 1.68774
3780001 1.6402
3790001 1.49141
3800001 1.66098
3810001 1.65456
3820001 1.42509
3830001 1.64173
3840001 1.68249
3850001 1.38941
3860001 1.62441
3870001 1.70276
3880001 1.37545
3890001 1.60936
3900001 1.7014
3910001 1.40191
3920001 1.57587
3930001 1.73775
3940001 1.43427
3950001 1.54703
3960001 1.72867
3970001 1.46174
3980001 1.54065
3990001 1.7263
4000001 1.49188
4010001 1.53594
4020001 1.71281
4030001 1.57946
4040001 1.54046
4050001 1.68621
4060001 1.66134
4070001 1.47397
4080001 1.67193
4090001 1.66287
4100001 1.43224
4110001 1.66603
4120001 1.65307
4130001 1.3855
4140001 1.62306
4150001 1.70444
4160001 1.39209
4170001 1.63342
4180001 1.70028
4190001 1.37493
4200001 1.595
4210001 1.7573
4220001 1.39786
4230001 1.56116
4240001 1.7294
4250001 1.43865
4260001 1.52751
4270001 1.73028
4280001 1.48202
4290001 1.52624
4300001 1.71548
4310001 1.63375
4320001 1.54643
4330001 1.70113
4340001 1.58494
4350001 1.50394
4360001 1.68727
4370001 1.63982
4380001 1.49013
4390001 1.66037
4400001 1.6543
4410001 1.42385
4420001 1.64134
4430001 1.68231
4440001 1.38834
4450001 1.62395
4460001 1.70257
4470001 1.37439
4480001 1.6087
4490001 1.70114
4500001 1.40101
4510001 1.57507
4520001 1.73749
4530001 1.43347
4540001 1.54595
4550001 1.7285
4560001 1.46116
4570001 1.53956
4580001 1.72618
4590001 1.49144
4600001 1.53483
4610001 1.71262
4620001 1.57915
4630001 1.53935
4640001 1.68601
4650001 1.66112
4660001 1.47293
4670001 1.67163
4680001 1.66276
4690001 1.43126
4700001 1.66578
4710001 1.65298
4720001 1.38465
4730001 1.62292
4740001 1.70437
4750001 1.39132
4760001 1.63311
4770001 1.70018
4780001 1.3742
4790001 1.59453
4800001 1.75721
4810001 1.39728
4820001 1.5604
4830001 1.7293
4840001 1.43816
4850001 1.52661
4860001 1.73022
4870001 1.48164
4880001 1.52537
4890001 1.71543
4900001 1.63353
4910001 1.54559
4920001 1.70105
4930001 1.58477
4940001 1.50313
4950001 1.6871
4960001 1.63973
4970001 1.48936
4980001 1.66007
4990001 1.65427
5000001 1.42311
5010001 1.64119
5020001 1.6823
5030001 1.38773
5040001 1.62371
5050001 1.70255
5060001 1.37383
5070001 1.60816
5080001 1.70106
5090001 1.40057
5100001 1.57436
5110001 1.73742
5120001 1.43311
5130001 1.54512
5140001 1.72845
5150001 1.46094
5160001 1.53875
5170001 1.72615
5180001 1.49127
5190001 1.5341
5200001 1.71257
5210001 1.57903
5220001 1.53864
5230001 1.68593
5240001 1.66105
5250001 1.47229
5260001 1.67143
5270001 1.66275
5280001 1.43071
5290001 1.66556
5300001 1.65297
5310001 1.38425
5320001 1.62271
5330001 1.70436
5340001 1.39097
5350001 1.63262
5360001 1.70016
5370001 1.37394
5380001 1.59393
5390001 1.75719
5400001 1.39712
5410001 1.55979
5420001 1.72928
5430001 1.43809
5440001 1.526
5450001 1.73016
5460001 1.4816
5470001 1.52481
5480001 1.71541
5490001 1.63351
5500001 1.54509
5510001 1.70108
5520001 1.58472
5530001 1.50273
5540001 1.68707
5550001 1.63972
5560001 1.48905
5570001 1.65996
5580001 1.65429
5590001 1.42285
5600001 1.64104
5610001 1.68234
5620001 1.38756
5630001 1.62346
5640001 1.7026
5650001 1.3737
5660001 1.6079
5670001 1.70109
5680001 1.40049
5690001 1.57409
5700001 1.73745
5710001 1.43306
5720001 1.54484
5730001 1.72849
5740001 1.46094
5750001 1.5385
5760001 1.72618
5770001 1.49128
5780001 1.53387
5790001 1.71261
5800001 1.57905
5810001 1.53845
5820001 1.68596
5830001 1.66108
5840001 1.47213
5850001 1.67142
5860001 1.66278
5870001 1.43057
5880001 1.66554
5890001 1.65301
5900001 1.38415
5910001 1.62264
5920001 1.70441
5930001 1.39089
5940001 1.63252
5950001 1.7002
5960001 1.37389
5970001 1.59381
5980001 1.75723
5990001 1.3971
6000001 1.55967
6010001 1.72933
6020001 1.43809
6030001 1.52587
6040001 1.73019
6050001 1.48163
6060001 1.5247
6070001 1.71545
6080001 1.63353
6090001 1.54498
6100001 1.70112
6110001 1.58474
6120001 1.50262
6130001 1.6871
6140001 1.63975
6150001 1.48898
6160001 1.65997
6170001 1.65432
6180001 1.42277
6190001 1.64104
6200001 1.68237
6210001 1.38751
6220001 1.62342
6230001 1.70264
6240001 1.37366
6250001 1.60787
6260001 1.70112
6270001 1.40048
6280001 1.57403
6290001 1.73749
6300001 1.43304
6310001 1.54477
6320001 1.72853
6330001 1.46095
6340001 1.53842
6350001 1.72622
6360001 1.4913
6370001 1.5338
6380001 1.71264
6390001 1.57907
6400001 1.53839
6410001 1.68599
6420001 1.6611
6430001 1.47206
6440001 1.67142
6450001 1.6628
6460001 1.43053
6470001 1.66555
6480001 1.65303
6490001 1.38411
6500001 1.62263
6510001 1.70444
6520001 1.39086
6530001 1.63249
6540001 1.70022
6550001 1.37387
6560001 1.59378
6570001 1.75725
6580001 1.39709
6590001 1.55963
6600001 1.72935
6610001 1.43809
6620001 1.52582
6630001 1.7302
6640001 1.48164
6650001 1.52466
6660001 1.71548
6670001 1.63354
6680001 1.54493
6690001 1.70115
6700001 1.58476
6710001 1.50258
6720001 1.68712
6730001 1.63976
6740001 1.48895
6750001 1.65998
6760001 1.65433
6770001 1.42274
6780001 1.64105
6790001 1.68239
6800001 1.38748
6810001 1.62342
6820001 1.70266
6830001 1.37365
6840001 1.60785
6850001 1.70113
6860001 1.40047
6870001 1.574
6880001 1.7375
6890001 1.43304
6900001 1.54474
6910001 1.72855
6920001 1.46095
6930001 1.53839
6940001 1.72624
6950001 1.49131
6960001 1.53376
6970001 1.71265
6980001 1.57907
6990001 1.53836
7000001 1.68601
7010001 1.66111
7020001 1.47204
7030001 1.67143
7040001 1.66281
7050001 1.4305
7060001 1.66555
7070001 1.65304
7080001 1.3841
7090001 1.62263
7100001 1.70445
7110001 1.39085
7120001 1.63249
7130001 1.70023
7140001 1.37386
7150001 1.59377
7160001 1.75726
7170001 1.39709
7180001 1.55961
7190001 1.72936
7200001 1.43809
7210001 1.52579
7220001 1.73021
7230001 1.48165
7240001 1.52464
7250001 1.71549
7260001 1.63354
7270001 1.54492
7280001 1.70116
7290001 1.58476
7300001 1.50256
7310001 1.68713
7320001 1.63976
7330001 1.48894
7340001 1.65998
7350001 1.65434
7360001 1.42273
7370001 1.64105
7380001 1.68239
7390001 1.38747
7400001 1.62341
7410001 1.70266
7420001 1.37364
7430001 1.60785
7440001 1.70114
7450001 1.40047
7460001 1.574
7470001 1.73751
7480001 1.43303
7490001 1.54473
7500001 1.72855
7510001 1.46095
7520001 1.53838
7530001 1.72624
7540001 1.49131
7550001 1.53375
7560001 1.71266
7570001 1.57908
7580001 1.53835
7590001 1.68601
7600001 1.66112
7610001 1.47202
7620001 1.67143
7630001 1.66281
7640001 1.43049
7650001 1.66556
7660001 1.65305
7670001 1.38409
7680001 1.62263
7690001 1.70445
7700001 1.39084
7710001 1.63248
7720001 1.70024
7730001 1.37386
7740001 1.59376
7750001 1.75727
7760001 1.39709
7770001 1.5596
7780001 1.72937
7790001 1.43809
7800001 1.52579
7810001 1.73022
7820001 1.48165
7830001 1.52463
7840001 1.71549
7850001 1.63355
7860001 1.54491
7870001 1.70117
7880001 1.58476
7890001 1.50256
7900001 1.68713
7910001 1.63977
7920001 1.48893
7930001 1.65998
7940001 1.65434
7950001 1.42272
7960001 1.64105
7970001 1.6824
7980001 1.38747
7990001 1.62341
8000001 1.70267
8010001 1.37363
8020001 1.60785
8030001 1.70114
8040001 1.40047
8050001 1.57399
8060001 1.73751
8070001 1.43303
8080001 1.54472
8090001 1.72856
8100001 1.46095
8110001 1.53837
8120001 1.72625
8130001 1.49131
8140001 1.53375
8150001 1.71266
8160001 1.57908
8170001 1.53834
8180001 1.68602
8190001 1.66112
8200001 1.47202
8210001 1.67144
8220001 1.66281
8230001 1.43049
8240001 1.66556
8250001 1.65305
8260001 1.38408
8270001 1.62263
8280001 1.70446
8290001 1.39084
8300001 1.63248
8310001 1.70024
8320001 1.37386
8330001 1.59376
8340001 1.75727
8350001 1.39709
8360001 1.5596
8370001 1.72937
8380001 1.4381
8390001 1.52578
8400001 1.73022
8410001 1.48165
8420001 1.52463
8430001 1.7155
8440001 1.63355
8450001 1.54491
8460001 1.70117
8470001 1.58477
8480001 1.50255
8490001 1.68714
8500001 1.63977
8510001 1.48893
8520001 1.65999
8530001 1.65434
8540001 1.42272
8550001 1.64105
8560001 1.6824
8570001 1.38747
8580001 1.62341
8590001 1.70267
8600001 1.37363
8610001 1.60785
8620001 1.70114
8630001 1.40047
8640001 1.57399
8650001 1.73751
8660001 1.43303
8670001 1.54472
8680001 1.72856
8690001 1.46095
8700001 1.53837
8710001 1.72625
8720001 1.49131
8730001 1.53374
8740001 1.71267
8750001 1.57908
8760001 1.53834
8770001 1.68602
8780001 1.66112
8790001 1.47202
8800001 1.67144
8810001 1.66281
8820001 1.43049
8830001 1.66556
8840001 1.65305
8850001 1.38408
8860001 1.62263
8870001 1.70446
8880001 1.39084
8890001 1.63248
8900001 1.70024
8910001 1.37386
8920001 1.59376
8930001 1.75727
8940001 1.39709
8950001 1.5596
8960001 1.72937
8970001 1.4381
8980001 1.52578
8990001 1.73022
9000001 1.48165
9010001 1.52463
9020001 1.7155
9030001 1.63355
9040001 1.54491
9050001 1.70117
9060001 1.58477
9070001 1.50255
9080001 1.68714
9090001 1.63977
9100001 1.48893
9110001 1.65999
9120001 1.65434
9130001 1.42272
9140001 1.64105
9150001 1.6824
9160001 1.38747
9170001 1.62341
9180001 1.70267
9190001 1.37363
9200001 1.60785
9210001 1.70114
9220001 1.40047
9230001 1.57399
9240001 1.73751
9250001 1.43303
9260001 1.54472
9270001 1.72856
9280001 1.46095
9290001 1.53837
9300001 1.72625
9310001 1.49132
9320001 1.53374
9330001 1.71267
9340001 1.57908
9350001 1.53834
9360001 1.68602
9370001 1.66112
9380001 1.47202
9390001 1.67144
9400001 1.66281
9410001 1.43049
9420001 1.66556
9430001 1.65305
9440001 1.38408
9450001 1.62263
9460001 1.70446
9470001 1.39084
9480001 1.63248
9490001 1.70024
9500001 1.37386
9510001 1.59376
9520001 1.75727
9530001 1.39709
9540001 1.5596
9550001 1.72938
9560001 1.4381
9570001 1.52578
9580001 1.73022
9590001 1.48165
9600001 1.52463
9610001 1.7155
9620001 1.63355
9630001 1.5449
9640001 1.70117
9650001 1.58477
9660001 1.50255
9670001 1.68714
9680001 1.63977
9690001 1.48893
9700001 1.65999
9710001 1.65435
9720001 1.42272
9730001 1.64105
9740001 1.6824
9750001 1.38747
9760001 1.62341
9770001 1.70267
9780001 1.37363
9790001 1.60785
9800001 1.70114
9810001 1.40047
9820001 1.57399
9830001 1.73752
9840001 1.43303
9850001 1.54472
9860001 1.72856
9870001 1.46095
9880001 1.53837
9890001 1.72625
9900001 1.49132
9910001 1.53374
9920001 1.71267
9930001 1.57908
9940001 1.53834
9950001 1.68602
9960001 1.66112
9970001 1.47202
9980001 1.67144
9990001 1.66282
10000001 1.43049
10010001 1.66556
10020001 1.65305
10030001 1.38408
10040001 1.62263
10050001 1.70446
10060001 1.39084
10070001 1.63248
10080001 1.70024
10090001 1.37386
10100001 1.59376
10110001 1.75727
10120001 1.39709
10130001 1.5596
10140001 1.72938
10150001 1.4381
10160001 1.52578
10170001 1.73022
10180001 1.48165
10190001 1.52463
10200001 1.7155
10210001 1.63355
10220001 1.5449
10230001 1.70117
10240001 1.58477
10250001 1.50255
10260001 1.68714
10270001 1.63977
10280001 1.48893
10290001 1.65999
10300001 1.65435
10310001 1.42272
10320001 1.64105
10330001 1.6824
10340001 1.38747
10350001 1.62341
10360001 1.70267
10370001 1.37363
10380001 1.60785
10390001 1.70114
10400001 1.40047
10410001 1.57399
10420001 1.73752
10430001 1.43303
10440001 1.54472
10450001 1.72856
10460001 1.46095
10470001 1.53837
10480001 1.72625
10490001 1.49132
10500001 1.53374
10510001 1.71267
10520001 1.57908
10530001 1.53834
10540001 1.68602
10550001 1.66112
10560001 1.47202
10570001 1.67144
10580001 1.66282
10590001 1.43049
10600001 1.66556
10610001 1.65305
10620001 1.38408
10630001 1.62263
10640001 1.70446
10650001 1.39084
10660001 1.63248
10670001 1.70024
10680001 1.37386
10690001 1.59376
10700001 1.75727
10710001 1.39709
10720001 1.5596
10730001 1.72938
10740001 1.4381
10750001 1.52578
10760001 1.73022
10770001 1.48165
10780001 1.52463
10790001 1.7155
10800001 1.63355
10810001 1.5449
10820001 1.70117
10830001 1.58477
10840001 1.50255
10850001 1.68714
10860001 1.63977
10870001 1.48893
10880001 1.65999
10890001 1.65435
10900001 1.42272
10910001 1.64105
10920001 1.6824
10930001 1.38747
10940001 1.62341
10950001 1.70267
10960001 1.37363
10970001 1.60785
10980001 1.70114
10990001 1.40047
11000001 1.57399
11010001 1.73752
11020001 1.43303
11030001 1.54472
11040001 1.72856
11050001 1.46095
11060001 1.53837
11070001 1.72625
11080001 1.49132
11090001 1.53374
11100001 1.71267
11110001 1.57908
11120001 1.53834
11130001 1.68602
11140001 1.66112
11150001 1.47202
11160001 1.67144
11170001 1.66282
11180001 1.43049
11190001 1.66556
11200001 1.65305
11210001 1.38408
11220001 1.62263
11230001 1.70446
11240001 1.39084
11250001 1.63248
11260001 1.70024
11270001 1.37386
11280001 1.59376
11290001 1.75727
11300001 1.39709
11310001 1.5596
11320001 1.72938
11330001 1.4381
11340001 1.52578
11350001 1.73022
11360001 1.48165
11370001 1.52463
11380001 1.7155
11390001 1.63355
11400001 1.5449
11410001 1.70117
11420001 1.58477
11430001 1.50255
11440001 1.68714
11450001 1.63977
11460001 1.48893
11470001 1.65999
11480001 1.65435
11490001 1.42272
11500001 1.64105
11510001 1.6824
11520001 1.38747
11530001 1.62341
11540001 1.70267
11550001 1.37363
11560001 1.60785
11570001 1.70114
11580001 1.40047
11590001 1.57399
11600001 1.73752
11610001 1.43303
11620001 1.54472
11630001 1.72856
11640001 1.46095
11650001 1.53837
11660001 1.72625
11670001 1.49132
11680001 1.53374
11690001 1.71267
11700001 1.57908
11710001 1.53834
11720001 1.68602
11730001 1.66112
11740001 1.47202
11750001 1.67144
11760001 1.66282
11770001 1.43049
11780001 1.66556
11790001 1.65305
11800001 1.38408
11810001 1.62263
11820001 1.70446
11830001 1.39084
11840001 1.63248
11850001 1.70024
11860001 1.37386
11870001 1.59376
11880001 1.75727
11890001 1.39709
11900001 1.5596
11910001 1.72938
11920001 1.4381
11930001 1.52578
11940001 1.73022
11950001 1.48165
11960001 1.52463
11970001 1.7155
11980001 1.63355
11990001 1.5449
12000001 1.70117
12010001 1.58477
12020001 1.50255
12030001 1.68714
12040001 1.63977
12050001 1.48893
12060001 1.65999
12070001 1.65435
12080001 1.42272
12090001 1.64105
12100001 1.6824
12110001 1.38747
12120001 1.62341
12130001 1.70267
12140001 1.37363
12150001 1.60785
12160001 1.70114
12170001 1.40047
12180001 1.57399
12190001 1.73752
12200001 1.43303
12210001 1.54472
12220001 1.72856
12230001 1.46095
12240001 1.53837
12250001 1.72625
12260001 1.49132
12270001 1.53374
12280001 1.71267
12290001 1.57908
12300001 1.53834
12310001 1.68602
12320001 1.66112
12330001 1.47202
12340001 1.67144
12350001 1.66282
12360001 1.43049
12370001 1.66556
12380001 1.65305
12390001 1.38408
12400001 1.62263
12410001 1.70446
12420001 1.39084
12430001 1.63248
12440001 1.70024
12450001 1.37386
12460001 1.59376
12470001 1.75727
12480001 1.39709
12490001 1.5596
12500001 1.72938
12510001 1.4381
12520001 1.52578
12530001 1.73022
12540001 1.48165
12550001 1.52463
12560001 1.7155
12570001 1.63355
12580001 1.5449
12590001 1.70117
12600001 1.58477
12610001 1.50255
12620001 1.68714
12630001 1.63977
12640001 1.48893
12650001 1.65999
12660001 1.65435
12670001 1.42272
12680001 1.64105
12690001 1.6824
12700001 1.38747
12710001 1.62341
12720001 1.70267
12730001 1.37363
12740001 1.60785
12750001 1.70114
12760001 1.40047
12770001 1.57399
12780001 1.73752
12790001 1.43303
12800001 1.54472
12810001 1.72856
12820001 1.46095
12830001 1.53837
12840001 1.72625
12850001 1.49132
12860001 1.53374
12870001 1.71267
12880001 1.57908
12890001 1.53834
12900001 1.68602
12910001 1.66112
12920001 1.47202
12930001 1.67144
12940001 1.66282
12950001 1.43049
12960001 1.66556
12970001 1.65305
12980001 1.38408
12990001 1.62263
13000001 1.70446
13010001 1.39084
13020001 1.63248
13030001 1.70024
13040001 1.37386
13050001 1.59376
13060001 1.75727
13070001 1.39709
13080001 1.5596
13090001 1.72938
13100001 1.4381
13110001 1.52578
13120001 1.73022
13130001 1.48165
13140001 1.52463
13150001 1.7155
13160001 1.63355
13170001 1.5449
13180001 1.70117
13190001 1.58477
13200001 1.50255
13210001 1.68714
13220001 1.63977
13230001 1.48893
13240001 1.65999
13250001 1.65435
13260001 1.42272
13270001 1.64105
13280001 1.6824
13290001 1.38747
13300001 1.62341
13310001 1.70267
13320001 1.37363
13330001 1.60785
13340001 1.70114
13350001 1.40047
13360001 1.57399
13370001 1.73752
13380001 1.43303
13390001 1.54472
13400001 1.72856
13410001 1.46095
13420001 1.53837
13430001 1.72625
13440001 1.49132
13450001 1.53374
13460001 1.71267
13470001 1.57908
13480001 1.53834
13490001 1.68602
13500001 1.66112
13510001 1.47202
13520001 1.67144
13530001 1.66282
13540001 1.43049
13550001 1.66556
13560001 1.65305
13570001 1.38408
13580001 1.62263
13590001 1.70446
13600001 1.39084
13610001 1.63248
13620001 1.70024
13630001 1.37386
13640001 1.59376
13650001 1.75727
13660001 1.39709
13670001 1.5596
13680001 1.72938
13690001 1.4381
13700001 1.52578
13710001 1.73022
13720001 1.48165
13730001 1.52463
13740001 1.7155
13750001 1.63355
13760001 1.5449
13770001 1.70117
13780001 1.58477
13790001 1.50255
13800001 1.68714
13810001 1.63977
13820001 1.48893
13830001 1.65999
13840001 1.65435
13850001 1.42272
13860001 1.64105
13870001 1.6824
13880001 1.38747
13890001 1.62341
13900001 1.70267
13910001 1.37363
13920001 1.60785
13930001 1.70114
13940001 1.40047
13950001 1.57399
13960001 1.73752
13970001 1.43303
13980001 1.54472
13990001 1.72856
14000001 1.46095
14010001 1.53837
14020001 1.72625
14030001 1.49132
14040001 1.53374
14050001 1.71267
14060001 1.57908
14070001 1.53834
14080001 1.68602
14090001 1.66112
14100001 1.47202
14110001 1.67144
14120001 1.66282
14130001 1.43049
14140001 1.66556
14150001 1.65305
14160001 1.38408
14170001 1.62263
14180001 1.70446
14190001 1.39084
14200001 1.63248
14210001 1.70024
14220001 1.37386
14230001 1.59376
14240001 1.75727
14250001 1.39709
14260001 1.5596
14270001 1.72938
14280001 1.4381
14290001 1.52578
14300001 1.73022
14310001 1.48165
14320001 1.52463
14330001 1.7155
14340001 1.63355
14350001 1.5449
14360001 1.70117
14370001 1.58477
14380001 1.50255
14390001 1.68714
14400001 1.63977
14410001 1.48893
14420001 1.65999
14430001 1.65435
14440001 1.42272
14450001 1.64105
14460001 1.6824
14470001 1.38747
14480001 1.62341
14490001 1.70267
14500001 1.37363
14510001 1.60785
14520001 1.70114
14530001 1.40047
14540001 1.57399
14550001 1.73752
14560001 1.43303
14570001 1.54472
14580001 1.72856
14590001 1.46095
14600001 1.53837
14610001 1.72625
14620001 1.49132
14630001 1.53374
14640001 1.71267
14650001 1.57908
14660001 1.53834
14670001 1.68602
14680001 1.66112
14690001 1.47202
14700001 1.67144
14710001 1.66282
14720001 1.43049
14730001 1.66556
14740001 1.65305
14750001 1.38408
14760001 1.62263
14770001 1.70446
14780001 1.39084
14790001 1.63248
14800001 1.70024
14810001 1.37386
14820001 1.59376
14830001 1.75727
14840001 1.39709
14850001 1.5596
14860001 1.72938
14870001 1.4381
14880001 1.52578
14890001 1.73022
14900001 1.48165
14910001 1.52463
14920001 1.7155
14930001 1.63355
14940001 1.5449
14950001 1.70117
14960001 1.58477
14970001 1.50255
14980001 1.68714
14990001 1.63977
15000001 1.48893
15010001 1.65999
15020001 1.65435
15030001 1.42272
15040001 1.64105
15050001 1.6824
15060001 1.38747
15070001 1.62341
15080001 1.70267
15090001 1.37363
15100001 1.60785
15110001 1.70114
15120001 1.40047
15130001 1.57399
15140001 1.73752
15150001 1.43303
15160001 1.54472
15170001 1.72856
15180001 1.46095
15190001 1.53837
15200001 1.72625
15210001 1.49132
15220001 1.53374
15230001 1.71267
15240001 1.57908
15250001 1.53834
15260001 1.68602
15270001 1.66112
15280001 1.47202
15290001 1.67144
15300001 1.66282
15310001 1.43049
15320001 1.66556
15330001 1.65305
15340001 1.38408
15350001 1.62263
15360001 1.70446
15370001 1.39084
15380001 1.63248
15390001 1.70024
15400001 1.37386
15410001 1.59376
15420001 1.75727
15430001 1.39709
15440001 1.5596
15450001 1.72938
15460001 1.4381
15470001 1.52578
15480001 1.73022
15490001 1.48165
15500001 1.52463
15510001 1.7155
15520001 1.63355
15530001 1.5449
15540001 1.70117
15550001 1.58477
15560001 1.50255
15570001 1.68714
15580001 1.63977
15590001 1.48893
15600001 1.65999
15610001 1.65435
15620001 1.42272
15630001 1.64105
15640001 1.6824
15650001 1.38747
15660001 1.62341
15670001 1.70267
15680001 1.37363
15690001 1.60785
15700001 1.70114
15710001 1.40047
15720001 1.57399
15730001 1.73752
15740001 1.43303
15750001 1.54472
15760001 1.72856
15770001 1.46095
15780001 1.53837
15790001 1.72625
15800001 1.49132
15810001 1.53374
15820001 1.71267
15830001 1.57908
15840001 1.53834
15850001 1.68602
15860001 1.66112
15870001 1.47202
15880001 1.67144
15890001 1.66282
15900001 1.43049
15910001 1.66556
15920001 1.65305
15930001 1.38408
15940001 1.62263
15950001 1.70446
15960001 1.39084
15970001 1.63248
15980001 1.70024
15990001 1.37386
16000001 1.59376
16010001 1.75727
16020001 1.39709
16030001 1.5596
16040001 1.72938
16050001 1.4381
16060001 1.52578
16070001 1.73022
16080001 1.48165
16090001 1.52463
16100001 1.7155
16110001 1.63355
16120001 1.5449
16130001 1.70117
16140001 1.58477
16150001 1.50255
16160001 1.68714
16170001 1.63977
16180001 1.48893
16190001 1.65999
16200001 1.65435
16210001 1.42272
16220001 1.64105
16230001 1.6824
16240001 1.38747
16250001 1.62341
16260001 1.70267
16270001 1.37363
16280001 1.60785
16290001 1.70114
16300001 1.40047
16310001 1.57399
16320001 1.73752
16330001 1.43303
16340001 1.54472
16350001 1.72856
16360001 1.46095
16370001 1.53837
16380001 1.72625
16390001 1.49132
16400001 1.53374
16410001 1.71267
16420001 1.57908
16430001 1.53834
16440001 1.68602
16450001 1.66112
16460001 1.47202
16470001 1.67144
16480001 1.66282
16490001 1.43049
16500001 1.66556
16510001 1.65305
16520001 1.38408
16530001 1.62263
16540001 1.70446
16550001 1.39084
16560001 1.63248
16570001 1.70024
16580001 1.37386
16590001 1.59376
16600001 1.75727
16610001 1.39709
16620001 1.5596
16630001 1.72938
16640001 1.4381
16650001 1.52578
16660001 1.73022
16670001 1.48165
16680001 1.52463
16690001 1.7155
16700001 1.63355
16710001 1.5449
16720001 1.70117
16730001 1.58477
16740001 1.50255
16750001 1.68714
16760001 1.63977
16770001 1.48893
16780001 1.65999
16790001 1.65435
16800001 1.42272
16810001 1.64105
16820001 1.6824
16830001 1.38747
16840001 1.62341
16850001 1.70267
16860001 1.37363
16870001 1.60785
16880001 1.70114
16890001 1.40047
16900001 1.57399
16910001 1.73752
16920001 1.43303
16930001 1.54472
16940001 1.72856
16950001 1.46095
16960001 1.53837
16970001 1.72625
16980001 1.49132
16990001 1.53374
17000001 1.71267
17010001 1.57908
17020001 1.53834
17030001 1.68602
17040001 1.66112
17050001 1.47202
17060001 1.67144
17070001 1.66282
17080001 1.43049
17090001 1.66556
17100001 1.65305
17110001 1.38408
17120001 1.62263
17130001 1.70446
17140001 1.39084
17150001 1.63248
17160001 1.70024
17170001 1.37386
17180001 1.59376
17190001 1.75727
17200001 1.39709
17210001 1.5596
17220001 1.72938
17230001 1.4381
17240001 1.52578
17250001 1.73022
17260001 1.48165
17270001 1.52463
17280001 1.7155
17290001 1.63355
17300001 1.5449
17310001 1.70117
17320001 1.58477
17330001 1.50255
17340001 1.68714
17350001 1.63977
17360001 1.48893
17370001 1.65999
17380001 1.65435
17390001 1.42272
17400001 1.64105
17410001 1.6824
17420001 1.38747
17430001 1.62341
17440001 1.70267
17450001 1.37363
17460001 1.60785
17470001 1.70114
17480001 1.40047
17490001 1.57399
17500001 1.73752
17510001 1.43303
17520001 1.54472
17530001 1.72856
17540001 1.46095
17550001 1.53837
17560001 1.72625
17570001 1.49132
17580001 1.53374
17590001 1.71267
17600001 1.57908
17610001 1.53834
17620001 1.68602
17630001 1.66112
17640001 1.47202
17650001 1.67144
17660001 1.66282
17670001 1.43049
17680001 1.66556
17690001 1.65305
17700001 1.38408
17710001 1.62263
17720001 1.70446
17730001 1.39084
17740001 1.63248
17750001 1.70024
17760001 1.37386
17770001 1.59376
17780001 1.75727
17790001 1.39709
17800001 1.5596
17810001 1.72938
17820001 1.4381
17830001 1.52578
17840001 1.73022
17850001 1.48165
17860001 1.52463
17870001 1.7155
17880001 1.63355
17890001 1.5449
17900001 1.70117
17910001 1.58477
17920001 1.50255
17930001 1.68714
17940001 1.63977
17950001 1.48893
17960001 1.65999
17970001 1.65435
17980001 1.42272
17990001 1.64105
18000001 1.6824
18010001 1.38747
18020001 1.62341
18030001 1.70267
18040001 1.37363
18050001 1.60785
18060001 1.70114
18070001 1.40047
18080001 1.57399
18090001 1.73752
18100001 1.43303
18110001 1.54472
18120001 1.72856
18130001 1.46095
18140001 1.53837
18150001 1.72625
18160001 1.49132
18170001 1.53374
18180001 1.71267
18190001 1.57908
18200001 1.53834
18210001 1.68602
18220001 1.66112
18230001 1.47202
18240001 1.67144
18250001 1.66282
18260001 1.43049
18270001 1.66556
18280001 1.65305
18290001 1.38408
18300001 1.62263
18310001 1.70446
18320001 1.39084
18330001 1.63248
18340001 1.70024
18350001 1.37386
18360001 1.59376
18370001 1.75727
18380001 1.39709
18390001 1.5596
18400001 1.72938
18410001 1.4381
18420001 1.52578
18430001 1.73022
18440001 1.48165
18450001 1.52463
18460001 1.7155
18470001 1.63355
18480001 1.5449
18490001 1.70117
18500001 1.58477
18510001 1.50255
18520001 1.68714
18530001 1.63977
18540001 1.48893
18550001 1.65999
18560001 1.65435
18570001 1.42272
18580001 1.64105
18590001 1.6824
18600001 1.38747
18610001 1.62341
18620001 1.70267
18630001 1.37363
18640001 1.60785
18650001 1.70114
18660001 1.40047
18670001 1.57399
18680001 1.73752
18690001 1.43303
18700001 1.54472
18710001 1.72856
18720001 1.46095
18730001 1.53837
18740001 1.72625
18750001 1.49132
18760001 1.53374
18770001 1.71267
18780001 1.57908
18790001 1.53834
18800001 1.68602
18810001 1.66112
18820001 1.47202
18830001 1.67144
18840001 1.66282
18850001 1.43049
18860001 1.66556
18870001 1.65305
18880001 1.38408
18890001 1.62263
18900001 1.70446
18910001 1.39084
18920001 1.63248
18930001 1.70024
18940001 1.37386
18950001 1.59376
18960001 1.75727
18970001 1.39709
18980001 1.5596
18990001 1.72938
19000001 1.4381
19010001 1.52578
19020001 1.73022
19030001 1.48165
19040001 1.52463
19050001 1.7155
19060001 1.63355
19070001 1.5449
19080001 1.70117
19090001 1.58477
19100001 1.50255
19110001 1.68714
19120001 1.63977
19130001 1.48893
19140001 1.65999
19150001 1.65435
19160001 1.42272
19170001 1.64105
19180001 1.6824
19190001 1.38747
19200001 1.62341
19210001 1.70267
19220001 1.37363
19230001 1.60785
19240001 1.70114
19250001 1.40047
19260001 1.57399
19270001 1.73752
19280001 1.43303
19290001 1.54472
19300001 1.72856
19310001 1.46095
19320001 1.53837
19330001 1.72625
19340001 1.49132
19350001 1.53374
19360001 1.71267
19370001 1.57908
19380001 1.53834
19390001 1.68602
19400001 1.66112
19410001 1.47202
19420001 1.67144
19430001 1.66282
19440001 1.43049
19450001 1.66556
19460001 1.65305
19470001 1.38408
19480001 1.62263
19490001 1.70446
19500001 1.39084
19510001 1.63248
19520001 1.70024
19530001 1.37386
19540001 1.59376
19550001 1.75727
19560001 1.39709
19570001 1.5596
19580001 1.72938
19590001 1.4381
19600001 1.52578
19610001 1.73022
19620001 1.48165
19630001 1.52463
19640001 1.7155
19650001 1.63355
19660001 1.5449
19670001 1.70117
19680001 1.58477
19690001 1.50255
19700001 1.68714
19710001 1.63977
19720001 1.48893
19730001 1.65999
19740001 1.65435
19750001 1.42272
19760001 1.64105
19770001 1.6824
19780001 1.38747
19790001 1.62341
19800001 1.70267
19810001 1.37363
19820001 1.60785
19830001 1.70114
19840001 1.40047
19850001 1.57399
19860001 1.73752
19870001 1.43303
19880001 1.54472
19890001 1.72856
19900001 1.46095
19910001 1.53837
19920001 1.72625
19930001 1.49132
19940001 1.53374
19950001 1.71267
19960001 1.57908
19970001 1.53834
19980001 1.68602
19990001 1.66112
20000001 1.47202
20010001 1.67144
20020001 1.66282
20030001 1.43049
20040001 1.66556
20050001 1.65305
20060001 1.38408
20070001 1.62263
20080001 1.70446
20090001 1.39084
20100001 1.63248
20110001 1.70024
20120001 1.37386
20130001 1.59376
20140001 1.75727
20150001 1.39709
20160001 1.5596
20170001 1.72938
20180001 1.4381
20190001 1.52578
20200001 1.73022
20210001 1.48165
20220001 1.52463
20230001 1.7155
20240001 1.63355
20250001 1.5449
20260001 1.70117
20270001 1.58477
20280001 1.50255
20290001 1.68714
20300001 1.63977
20310001 1.48893
20320001 1.65999
20330001 1.65435
20340001 1.42272
20350001 1.64105
20360001 1.6824
20370001 1.38747
20380001 1.62341
20390001 1.70267
20400001 1.37363
20410001 1.60785
20420001 1.70114
20430001 1.40047
20440001 1.57399
20450001 1.73752
20460001 1.43303
20470001 1.54472
20480001 1.72856
20490001 1.46095
20500001 1.53837
20510001 1.72625
20520001 1.49132
20530001 1.53374
20540001 1.71267
20550001 1.57908
20560001 1.53834
20570001 1.68602
20580001 1.66112
20590001 1.47202
20600001 1.67144
20610001 1.66282
20620001 1.43049
20630001 1.66556
20640001 1.65305
20650001 1.38408
20660001 1.62263
20670001 1.70446
20680001 1.39084
20690001 1.63248
20700001 1.70024
20710001 1.37386
20720001 1.59376
20730001 1.75727
20740001 1.39709
20750001 1.5596
20760001 1.72938
20770001 1.4381
20780001 1.52578
20790001 1.73022
20800001 1.48165
20810001 1.52463
20820001 1.7155
20830001 1.63355
20840001 1.5449
20850001 1.70117
20860001 1.58477
20870001 1.50255
20880001 1.68714
20890001 1.63977
20900001 1.48893
20910001 1.65999
20920001 1.65435
20930001 1.42272
20940001 1.64105
20950001 1.6824
20960001 1.38747
20970001 1.62341
20980001 1.70267
20990001 1.37363
21000001 1.60785
21010001 1.70114
21020001 1.40047
21030001 1.57399
21040001 1.73752
21050001 1.43303
21060001 1.54472
21070001 1.72856
21080001 1.46095
21090001 1.53837
21100001 1.72625
21110001 1.49132
21120001 1.53374
21130001 1.71267
21140001 1.57908
21150001 1.53834
21160001 1.68602
21170001 1.66112
21180001 1.47202
21190001 1.67144
21200001 1.66282
21210001 1.43049
21220001 1.66556
21230001 1.65305
21240001 1.38408
21250001 1.62263
21260001 1.70446
21270001 1.39084
21280001 1.63248
21290001 1.70024
21300001 1.37386
21310001 1.59376
21320001 1.75727
21330001 1.39709
21340001 1.5596
21350001 1.72938
21360001 1.4381
21370001 1.52578
21380001 1.73022
21390001 1.48165
21400001 1.52463
21410001 1.7155
21420001 1.63355
21430001 1.5449
21440001 1.70117
21450001 1.58477
21460001 1.50255
21470001 1.68714
21480001 1.63977
21490001 1.48893
21500001 1.65999
21510001 1.65435
21520001 1.42272
21530001 1.64105
21540001 1.6824
21550001 1.38747
21560001 1.62341
21570001 1.70267
21580001 1.37363
21590001 1.60785
21600001 1.70114
21610001 1.40047
21620001 1.57399
21630001 1.73752
21640001 1.43303
21650001 1.54472
21660001 1.72856
21670001 1.46095
21680001 1.53837
21690001 1.72625
21700001 1.49132
21710001 1.53374
21720001 1.71267
21730001 1.57908
21740001 1.53834
21750001 1.68602
21760001 1.66112
21770001 1.47202
21780001 1.67144
21790001 1.66282
21800001 1.43049
21810001 1.66556
21820001 1.65305
21830001 1.38408
21840001 1.62263
21850001 1.70446
21860001 1.39084
21870001 1.63248
21880001 1.70024
21890001 1.37386
21900001 1.59376
21910001 1.75727
21920001 1.39709
21930001 1.5596
21940001 1.72938
21950001 1.4381
21960001 1.52578
21970001 1.73022
21980001 1.48165
21990001 1.52463
22000001 1.7155
22010001 1.63355
22020001 1.5449
22030001 1.70117
22040001 1.58477
22050001 1.50255
22060001 1.68714
22070001 1.63977
22080001 1.48893
22090001 1.65999
22100001 1.65435
22110001 1.42272
22120001 1.64105
22130001 1.6824
22140001 1.38747
22150001 1.62341
22160001 1.70267
22170001 1.37363
22180001 1.60785
22190001 1.70114
22200001 1.40047
22210001 1.57399
22220001 1.73752
22230001 1.43303
22240001 1.54472
22250001 1.72856
22260001 1.46095
22270001 1.53837
22280001 1.72625
22290001 1.49132
22300001 1.53374
22310001 1.71267
22320001 1.57908
22330001 1.53834
22340001 1.68602
22350001 1.66112
22360001 1.47202
22370001 1.67144
22380001 1.66282
22390001 1.43049
22400001 1.66556
22410001 1.65305
22420001 1.38408
22430001 1.62263
22440001 1.70446
22450001 1.39084
22460001 1.63248
22470001 1.70024
22480001 1.37386
22490001 1.59376
22500001 1.75727
22510001 1.39709
22520001 1.5596
22530001 1.72938
22540001 1.4381
22550001 1.52578
22560001 1.73022
22570001 1.48165
22580001 1.52463
22590001 1.7155
22600001 1.63355
22610001 1.5449
22620001 1.70117
22630001 1.58477
22640001 1.50255
22650001 1.68714
22660001 1.63977
22670001 1.48893
22680001 1.65999
22690001 1.65435
22700001 1.42272
22710001 1.64105
22720001 1.6824
22730001 1.38747
22740001 1.62341
22750001 1.70267
22760001 1.37363
22770001 1.60785
22780001 1.70114
22790001 1.40047
22800001 1.57399
22810001 1.73752
22820001 1.43303
22830001 1.54472
22840001 1.72856
22850001 1.46095
22860001 1.53837
22870001 1.72625
22880001 1.49132
22890001 1.53374
22900001 1.71267
22910001 1.57908
22920001 1.53834
22930001 1.68602
22940001 1.66112
22950001 1.47202
22960001 1.67144
22970001 1.66282
22980001 1.43049
22990001 1.66556
23000001 1.65305
23010001 1.38408
23020001 1.62263
23030001 1.70446
23040001 1.39084
23050001 1.63248
23060001 1.70024
23070001 1.37386
23080001 1.59376
23090001 1.75727
23100001 1.39709
23110001 1.5596
23120001 1.72938
23130001 1.4381
23140001 1.52578
23150001 1.73022
23160001 1.48165
23170001 1.52463
23180001 1.7155
23190001 1.63355
23200001 1.5449
23210001 1.70117
23220001 1.58477
23230001 1.50255
23240001 1.68714
23250001 1.63977
23260001 1.48893
23270001 1.65999
23280001 1.65435
23290001 1.42272
23300001 1.64105
23310001 1.6824
23320001 1.38747
23330001 1.62341
23340001 1.70267
23350001 1.37363
23360001 1.60785
23370001 1.70114
23380001 1.40047
23390001 1.57399
23400001 1.73752
23410001 1.43303
23420001 1.54472
23430001 1.72856
23440001 1.46095
23450001 1.53837
23460001 1.72625
23470001 1.49132
23480001 1.53374
23490001 1.71267
23500001 1.57908
23510001 1.53834
23520001 1.68602
23530001 1.66112
23540001 1.47202
23550001 1.67144
23560001 1.66282
23570001 1.43049
23580001 1.66556
23590001 1.65305
23600001 1.38408
23610001 1.62263
23620001 1.70446
23630001 1.39084
23640001 1.63248
23650001 1.70024
23660001 1.37386
23670001 1.59376
23680001 1.75727
23690001 1.39709
23700001 1.5596
23710001 1.72938
23720001 1.4381
23730001 1.52578
23740001 1.73022
23750001 1.48165
23760001 1.52463
23770001 1.7155
23780001 1.63355
23790001 1.5449
23800001 1.70117
23810001 1.58477
23820001 1.50255
23830001 1.68714
23840001 1.63977
23850001 1.48893
23860001 1.65999
23870001 1.65435
23880001 1.42272
23890001 1.64105
23900001 1.6824
23910001 1.38747
23920001 1.62341
23930001 1.70267
23940001 1.37363
23950001 1.60785
23960001 1.70114
23970001 1.40047
23980001 1.57399
23990001 1.73752
24000001 1.43303
24010001 1.54472
24020001 1.72856
24030001 1.46095
24040001 1.53837
24050001 1.72625
24060001 1.49132
24070001 1.53374
24080001 1.71267
24090001 1.57908
24100001 1.53834
24110001 1.68602
24120001 1.66112
24130001 1.47202
24140001 1.67144
24150001 1.66282
24160001 1.43049
24170001 1.66556
24180001 1.65305
24190001 1.38408
24200001 1.62263
24210001 1.70446
24220001 1.39084
24230001 1.63248
24240001 1.70024
24250001 1.37386
24260001 1.59376
24270001 1.75727
24280001 1.39709
24290001 1.5596
24300001 1.72938
24310001 1.4381
24320001 1.52578
24330001 1.73022
24340001 1.48165
24350001 1.52463
24360001 1.7155
24370001 1.63355
24380001 1.5449
24390001 1.70117
24400001 1.58477
24410001 1.50255
24420001 1.68714
24430001 1.63977
24440001 1.48893
24450001 1.65999
24460001 1.65435
24470001 1.42272
24480001 1.64105
24490001 1.6824
24500001 1.38747
24510001 1.62341
24520001 1.70267
24530001 1.37363
24540001 1.60785
24550001 1.70114
24560001 1.40047
24570001 1.57399
24580001 1.73752
24590001 1.43303
24600001 1.54472
24610001 1.72856
24620001 1.46095
24630001 1.53837
24640001 1.72625
24650001 1.49132
24660001 1.53374
24670001 1.71267
24680001 1.57908
24690001 1.53834
24700001 1.68602
24710001 1.66112
24720001 1.47202
24730001 1.67144
24740001 1.66282
24750001 1.43049
24760001 1.66556
24770001 1.65305
24780001 1.38408
24790001 1.62263
24800001 1.70446
24810001 1.39084
24820001 1.63248
24830001 1.70024
24840001 1.37386
24850001 1.59376
24860001 1.75727
24870001 1.39709
24880001 1.5596
24890001 1.72938
24900001 1.4381
24910001 1.52578
24920001 1.73022
24930001 1.48165
24940001 1.52463
24950001 1.7155
24960001 1.63355
24970001 1.5449
24980001 1.70117
24990001 1.58477
25000001 1.50255
25010001 1.68714
25020001 1.63977
25030001 1.48893
25040001 1.65999
25050001 1.65435
25060001 1.42272
25070001 1.64105
25080001 1.6824
25090001 1.38747
25100001 1.62341
25110001 1.70267
25120001 1.37363
25130001 1.60785
25140001 1.70114
25150001 1.40047
25160001 1.57399
25170001 1.73752
25180001 1.43303
25190001 1.54472
25200001 1.72856
25210001 1.46095
25220001 1.53837
25230001 1.72625
25240001 1.49132
25250001 1.53374
25260001 1.71267
25270001 1.57908
25280001 1.53834
25290001 1.68602
25300001 1.66112
25310001 1.47202
25320001 1.67144
25330001 1.66282
25340001 1.43049
25350001 1.66556
25360001 1.65305
25370001 1.38408
25380001 1.62263
25390001 1.70446
25400001 1.39084
25410001 1.63248
25420001 1.70024
25430001 1.37386
25440001 1.59376
25450001 1.75727
25460001 1.39709
25470001 1.5596
25480001 1.72938
25490001 1.4381
25500001 1.52578
25510001 1.73022
25520001 1.48165
25530001 1.52463
25540001 1.7155
25550001 1.63355
25560001 1.5449
25570001 1.70117
25580001 1.58477
25590001 1.50255
25600001 1.68714
25610001 1.63977
25620001 1.48893
25630001 1.65999
25640001 1.65435
25650001 1.42272
25660001 1.64105
25670001 1.6824
25680001 1.38747
25690001 1.62341
25700001 1.70267
25710001 1.37363
25720001 1.60785
25730001 1.70114
25740001 1.40047
25750001 1.57399
25760001 1.73752
25770001 1.43303
25780001 1.54472
25790001 1.72856
25800001 1.46095
25810001 1.53837
25820001 1.72625
25830001 1.49132
25840001 1.53374
25850001 1.71267
25860001 1.57908
25870001 1.53834
25880001 1.68602
25890001 1.66112
25900001 1.47202
25910001 1.67144
25920001 1.66282
25930001 1.43049
25940001 1.66556
25950001 1.65305
25960001 1.38408
25970001 1.62263
25980001 1.70446
25990001 1.39084
26000001 1.63248
26010001 1.70024
26020001 1.37386
26030001 1.59376
26040001 1.75727
26050001 1.39709
26060001 1.5596
26070001 1.72938
26080001 1.4381
26090001 1.52578
26100001 1.73022
26110001 1.48165
26120001 1.52463
26130001 1.7155
26140001 1.63355
26150001 1.5449
26160001 1.70117
26170001 1.58477
26180001 1.50255
26190001 1.68714
26200001 1.63977
26210001 1.48893
26220001 1.65999
26230001 1.65435
26240001 1.42272
26250001 1.64105
26260001 1.6824
26270001 1.38747
26280001 1.62341
26290001 1.70267
26300001 1.37363
26310001 1.60785
26320001 1.70114
26330001 1.40047
26340001 1.57399
26350001 1.73752
26360001 1.43303
26370001 1.54472
26380001 1.72856
26390001 1.46095
26400001 1.53837
26410001 1.72625
26420001 1.49132
26430001 1.53374
26440001 1.71267
26450001 1.57908
26460001 1.53834
26470001 1.68602
26480001 1.66112
26490001 1.47202
26500001 1.67144
26510001 1.66282
26520001 1.43049
26530001 1.66556
26540001 1.65305
26550001 1.38408
26560001 1.62263
26570001 1.70446
26580001 1.39084
26590001 1.63248
26600001 1.70024
26610001 1.37386
26620001 1.59376
26630001 1.75727
26640001 1.39709
26650001 1.5596
26660001 1.72938
26670001 1.4381
26680001 1.52578
26690001 1.73022
26700001 1.48165
26710001 1.52463
26720001 1.7155
26730001 1.63355
26740001 1.5449
26750001 1.70117
26760001 1.58477
26770001 1.50255
26780001 1.68714
26790001 1.63977
26800001 1.48893
26810001 1.65999
26820001 1.65435
26830001 1.42272
26840001 1.64105
26850001 1.6824
26860001 1.38747
26870001 1.62341
26880001 1.70267
26890001 1.37363
26900001 1.60785
26910001 1.70114
26920001 1.40047
26930001 1.57399
26940001 1.73752
26950001 1.43303
26960001 1.54472
26970001 1.72856
26980001 1.46095
26990001 1.53837
27000001 1.72625
27010001 1.49132
27020001 1.53374
27030001 1.71267
27040001 1.57908
27050001 1.53834
27060001 1.68602
27070001 1.66112
27080001 1.47202
27090001 1.67144
27100001 1.66282
27110001 1.43049
27120001 1.66556
27130001 1.65305
27140001 1.38408
27150001 1.62263
27160001 1.70446
27170001 1.39084
27180001 1.63248
27190001 1.70024
27200001 1.37386
27210001 1.59376
27220001 1.75727
27230001 1.39709
27240001 1.5596
27250001 1.72938
27260001 1.4381
27270001 1.52578
27280001 1.73022
27290001 1.48165
27300001 1.52463
27310001 1.7155
27320001 1.63355
27330001 1.5449
27340001 1.70117
27350001 1.58477
27360001 1.50255
27370001 1.68714
27380001 1.63977
27390001 1.48893
27400001 1.65999
27410001 1.65435
27420001 1.42272
27430001 1.64105
27440001 1.6824
27450001 1.38747
27460001 1.62341
27470001 1.70267
27480001 1.37363
27490001 1.60785
27500001 1.70114
27510001 1.40047
27520001 1.57399
27530001 1.73752
27540001 1.43303
27550001 1.54472
27560001 1.72856
27570001 1.46095
27580001 1.53837
27590001 1.72625
27600001 1.49132
27610001 1.53374
27620001 1.71267
27630001 1.57908
27640001 1.53834
27650001 1.68602
27660001 1.66112
27670001 1.47202
27680001 1.67144
27690001 1.66282
27700001 1.43049
27710001 1.66556
27720001 1.65305
27730001 1.38408
27740001 1.62263
27750001 1.70446
27760001 1.39084
27770001 1.63248
27780001 1.70024
27790001 1.37386
27800001 1.59376
27810001 1.75727
27820001 1.39709
27830001 1.5596
27840001 1.72938
27850001 1.4381
27860001 1.52578
27870001 1.73022
27880001 1.48165
27890001 1.52463
27900001 1.7155
27910001 1.63355
27920001 1.5449
27930001 1.70117
27940001 1.58477
27950001 1.50255
27960001 1.68714
27970001 1.63977
27980001 1.48893
27990001 1.65999
28000001 1.65435
28010001 1.42272
28020001 1.64105
28030001 1.6824
28040001 1.38747
28050001 1.62341
28060001 1.70267
28070001 1.37363
28080001 1.60785
28090001 1.70114
28100001 1.40047
28110001 1.57399
28120001 1.73752
28130001 1.43303
28140001 1.54472
28150001 1.72856
28160001 1.46095
28170001 1.53837
28180001 1.72625
28190001 1.49132
28200001 1.53374
28210001 1.71267
28220001 1.57908
28230001 1.53834
28240001 1.68602
28250001 1.66112
28260001 1.47202
28270001 1.67144
28280001 1.66282
28290001 1.43049
28300001 1.66556
28310001 1.65305
28320001 1.38408
28330001 1.62263
28340001 1.70446
28350001 1.39084
28360001 1.63248
28370001 1.70024
28380001 1.37386
28390001 1.59376
28400001 1.75727
28410001 1.39709
28420001 1.5596
28430001 1.72938
28440001 1.4381
28450001 1.52578
28460001 1.73022
28470001 1.48165
28480001 1.52463
28490001 1.7155
28500001 1.63355
28510001 1.5449
28520001 1.70117
28530001 1.58477
28540001 1.50255
28550001 1.68714
28560001 1.63977
28570001 1.48893
28580001 1.65999
28590001 1.65435
28600001 1.42272
28610001 1.64105
28620001 1.6824
28630001 1.38747
28640001 1.62341
28650001 1.70267
28660001 1.37363
28670001 1.60785
28680001 1.70114
28690001 1.40047
28700001 1.57399
28710001 1.73752
28720001 1.43303
28730001 1.54472
28740001 1.72856
28750001 1.46095
28760001 1.53837
28770001 1.72625
28780001 1.49132
28790001 1.53374
28800001 1.71267
28810001 1.57908
28820001 1.53834
28830001 1.68602
28840001 1.66112
28850001 1.47202
28860001 1.67144
28870001 1.66282
28880001 1.43049
28890001 1.66556
28900001 1.65305
28910001 1.38408
28920001 1.62263
28930001 1.70446
28940001 1.39084
28950001 1.63248
28960001 1.70024
28970001 1.37386
28980001 1.59376
28990001 1.75727
29000001 1.39709
29010001 1.5596
29020001 1.72938
29030001 1.4381
29040001 1.52578
29050001 1.73022
29060001 1.48165
29070001 1.52463
29080001 1.7155
29090001 1.63355
29100001 1.5449
29110001 1.70117
29120001 1.58477
29130001 1.50255
29140001 1.68714
29150001 1.63977
29160001 1.48893
29170001 1.65999
29180001 1.65435
29190001 1.42272
29200001 1.64105
29210001 1.6824
29220001 1.38747
29230001 1.62341
29240001 1.70267
29250001 1.37363
29260001 1.60785
29270001 1.70114
29280001 1.40047
29290001 1.57399
29300001 1.73752
29310001 1.43303
29320001 1.54472
29330001 1.72856
29340001 1.46095
29350001 1.53837
29360001 1.72625
29370001 1.49132
29380001 1.53374
29390001 1.71267
29400001 1.57908
29410001 1.53834
29420001 1.68602
29430001 1.66112
29440001 1.47202
29450001 1.67144
29460001 1.66282
29470001 1.43049
29480001 1.66556
29490001 1.65305
29500001 1.38408
29510001 1.62263
29520001 1.70446
29530001 1.39084
29540001 1.63248
29550001 1.70024
29560001 1.37386
29570001 1.59376
29580001 1.75727
29590001 1.39709
29600001 1.5596
29610001 1.72938
29620001 1.4381
29630001 1.52578
29640001 1.73022
29650001 1.48165
29660001 1.52463
29670001 1.7155
29680001 1.63355
29690001 1.5449
29700001 1.70117
29710001 1.58477
29720001 1.50255
29730001 1.68714
29740001 1.63977
29750001 1.48893
29760001 1.65999
29770001 1.65435
29780001 1.42272
29790001 1.64105
29800001 1.6824
29810001 1.38747
29820001 1.62341
29830001 1.70267
29840001 1.37363
29850001 1.60785
29860001 1.70114
29870001 1.40047
29880001 1.57399
29890001 1.73752
29900001 1.43303
29910001 1.54472
29920001 1.72856
29930001 1.46095
29940001 1.53837
29950001 1.72625
29960001 1.49132
29970001 1.53374
29980001 1.71267
29990001 1.57908
