1 31.3626
10001 21.1205
20001 17.7916
30001 12.7713
40001 10.7945
50001 9.18739
60001 7.26664
70001 6.19282
80001 5.43258
90001 4.59902
100001 4.06989
110001 3.67291
120001 3.16211
130001 2.81662
140001 2.60332
150001 2.30251
160001 2.11906
170001 1.98334
180001 1.7661
190001 1.65185
200001 1.56321
210001 1.42548
220001 1.35785
230001 1.29433
240001 1.19866
250001 1.15293
260001 1.10314
270001 1.03934
280001 1.00546
290001 0.966798
300001 0.922229
310001 0.894421
320001 0.861964
330001 0.828553
340001 0.80663
350001 0.779768
360001 0.754086
370001 0.735435
380001 0.712134
390001 0.692055
400001 0.676308
410001 0.656104
420001 0.640343
430001 0.626443
440001 0.608363
450001 0.596026
460001 0.583827
470001 0.567868
480001 0.557957
490001 0.546864
500001 0.533909
510001 0.525362
520001 0.515456
530001 0.502444
540001 0.496631
550001 0.487287
560001 0.47736
570001 0.471862
580001 0.462804
590001 0.453964
600001 0.449689
610001 0.441157
620001 0.433586
630001 0.429924
640001 0.422219
650001 0.415207
660001 0.412389
670001 0.405144
680001 0.400083
690001 0.396916
700001 0.390119
710001 0.386069
720001 0.38429
730001 0.376795
740001 0.373739
750001 0.372023
760001 0.364639
770001 0.363133
780001 0.360929
790001 0.354637
800001 0.352776
810001 0.351848
820001 0.3453
830001 0.343723
840001 0.343058
850001 0.336929
860001 0.337222
870001 0.335516
880001 0.329841
890001 0.332767
900001 0.327974
910001 0.322379
920001 0.32456
930001 0.322003
940001 0.316306
950001 0.319082
960001 0.316119
970001 0.310275
980001 0.313272
990001 0.310858
1000001 0.304861
1010001 0.308527
1020001 0.306128
1030001 0.300353
1040001 0.30402
1050001 0.301517
1060001 0.295874
1070001 0.299896
1080001 0.297269
1090001 0.292872
1100001 0.296478
1110001 0.294389
1120001 0.289032
1130001 0.293258
1140001 0.290432
1150001 0.287895
1160001 0.290842
1170001 0.287282
1180001 0.285352
1190001 0.288168
1200001 0.284446
1210001 0.282601
1220001 0.285368
1230001 0.282141
1240001 0.280041
1250001 0.282823
1260001 0.279449
1270001 0.279539
1280001 0.280579
1290001 0.277223
1300001 0.278177
1310001 0.28011
1320001 0.275279
1330001 0.276801
1340001 0.278237
1350001 0.273095
1360001 0.275749
1370001 0.276396
1380001 0.27227
1390001 0.274059
1400001 0.274901
1410001 0.271357
1420001 0.273094
1430001 0.274312
1440001 0.269654
1450001 0.272882
1460001 0.273406
1470001 0.269009
1480001 0.275265
1490001 0.271566
1500001 0.267125
1510001 0.272019
1520001 0.2709
1530001 0.266153
1540001 0.271458
1550001 0.269656
1560001 0.264619
1570001 0.269904
1580001 0.268596
1590001 0.263216
1600001 0.268976
1610001 0.267614
1620001 0.26239
1630001 0.267932
1640001 0.266318
1650001 0.262131
1660001 0.26695
1670001 0.265159
1680001 0.261369
1690001 0.266395
1700001 0.264504
1710001 0.260004
1720001 0.267045
1730001 0.263521
1740001 0.262308
1750001 0.265827
1760001 0.262635
1770001 0.261315
1780001 0.265091
1790001 0.261857
1800001 0.260924
1810001 0.26419
1820001 0.261435
1830001 0.259815
1840001 0.263353
1850001 0.260433
1860001 0.261949
1870001 0.262675
1880001 0.259623
1890001 0.26125
1900001 0.263731
1910001 0.259135
1920001 0.261284
1930001 0.26315
1940001 0.258197
1950001 0.261489
1960001 0.262372
1970001 0.258598
1980001 0.260909
1990001 0.262117
2000001 0.258802
2010001 0.260988
2020001 0.262597
2030001 0.260019
2040001 0.261765
2050001 0.262593
2060001 0.258286
2070001 0.262931
2080001 0.261557
2090001 0.257214
2100001 0.262569
2110001 0.261412
2120001 0.257007
2130001 0.262742
2140001 0.261121
2150001 0.256097
2160001 0.261847
2170001 0.26062
2180001 0.255345
2190001 0.261526
2200001 0.260093
2210001 0.255106
2220001 0.260878
2230001 0.259562
2240001 0.255409
2250001 0.260504
2260001 0.258897
2270001 0.255097
2280001 0.260458
2290001 0.258715
2300001 0.254462
2310001 0.261597
2320001 0.25817
2330001 0.256939
2340001 0.260757
2350001 0.257606
2360001 0.256412
2370001 0.260309
2380001 0.2583
2390001 0.256546
2400001 0.259785
2410001 0.257143
2420001 0.256222
2430001 0.259298
2440001 0.256465
2450001 0.258048
2460001 0.258923
2470001 0.255976
2480001 0.2577
2490001 0.260264
2500001 0.255578
2510001 0.257994
2520001 0.260147
2530001 0.255033
2540001 0.258445
2550001 0.259405
2560001 0.255683
2570001 0.258083
2580001 0.25939
2590001 0.2561
2600001 0.258393
2610001 0.260001
2620001 0.257573
2630001 0.259387
2640001 0.259912
2650001 0.255961
2660001 0.260756
2670001 0.259419
2680001 0.255511
2690001 0.260372
2700001 0.259438
2710001 0.255027
2720001 0.260859
2730001 0.259284
2740001 0.254255
2750001 0.260106
2760001 0.258854
2770001 0.253868
2780001 0.259941
2790001 0.258535
2800001 0.25347
2810001 0.259424
2820001 0.258135
2830001 0.254008
2840001 0.259791
2850001 0.257579
2860001 0.25381
2870001 0.259184
2880001 0.257504
2890001 0.253224
2900001 0.260455
2910001 0.257062
2920001 0.255513
2930001 0.259722
2940001 0.256607
2950001 0.25631
2960001 0.259375
2970001 0.257357
2980001 0.255617
2990001 0.258881
3000001 0.256297
3010001 0.255283
3020001 0.258744
3030001 0.25569
3040001 0.257312
3050001 0.258613
3060001 0.255262
3070001 0.256987
3080001 0.259565
3090001 0.254967
3100001 0.258076
3110001 0.259552
3120001 0.255803
3130001 0.257963
3140001 0.258883
3150001 0.255158
3160001 0.257688
3170001 0.261291
3180001 0.255618
3190001 0.257957
3200001 0.259594
3210001 0.257136
3220001 0.25899
3230001 0.25948
3240001 0.255626
3250001 0.260426
3260001 0.258954
3270001 0.255221
3280001 0.260103
3290001 0.259168
3300001 0.254715
3310001 0.260577
3320001 0.258897
3330001 0.254033
3340001 0.25987
3350001 0.258659
3360001 0.25363
3370001 0.259752
3380001 0.258373
3390001 0.25333
3400001 0.25929
3410001 0.257998
3420001 0.25377
3430001 0.259697
3440001 0.257466
3450001 0.253709
3460001 0.259373
3470001 0.257427
3480001 0.253068
3490001 0.260379
3500001 0.256988
3510001 0.255081
3520001 0.25968
3530001 0.256569
3540001 0.256229
3550001 0.259364
3560001 0.257361
3570001 0.254711
3580001 0.2589
3590001 0.256336
3600001 0.255297
3610001 0.258781
3620001 0.255679
3630001 0.257297
3640001 0.258669
3650001 0.255288
3660001 0.256871
3670001 0.25963
3680001 0.255027
3690001 0.25798
3700001 0.259635
3710001 0.25592
3720001 0.25782
3730001 0.258983
3740001 0.255535
3750001 0.257804
3760001 0.261394
3770001 0.255708
3780001 0.257933
3790001 0.259736
3800001 0.257233
3810001 0.259123
3820001 0.259633
3830001 0.255715
3840001 0.26056
3850001 0.259117
3860001 0.255353
3870001 0.260269
3880001 0.26
3890001 0.254891
3900001 0.260767
3910001 0.25907
3920001 0.254221
3930001 0.260222
3940001 0.258845
3950001 0.25377
3960001 0.259916
3970001 0.258529
3980001 0.253447
3990001 0.259464
4000001 0.258089
4010001 0.254561
4020001 0.259916
4030001 0.25762
4040001 0.253887
4050001 0.259606
4060001 0.257585
4070001 0.256455
4080001 0.260738
4090001 0.257185
4100001 0.255246
4110001 0.259865
4120001 0.256792
4130001 0.25645
4140001 0.259589
4150001 0.257582
4160001 0.254747
4170001 0.25913
4180001 0.256578
4190001 0.255507
4200001 0.25902
4210001 0.255944
4220001 0.25763
4230001 0.25892
4240001 0.255535
4250001 0.256967
4260001 0.259884
4270001 0.255246
4280001 0.25825
4290001 0.259875
4300001 0.256156
4310001 0.258095
4320001 0.259194
4330001 0.255817
4340001 0.258081
4350001 0.261659
4360001 0.255902
4370001 0.258211
4380001 0.260438
4390001 0.256946
4400001 0.259115
4410001 0.259912
4420001 0.25596
4430001 0.260654
4440001 0.259392
4450001 0.255587
4460001 0.260516
4470001 0.260255
4480001 0.255088
4490001 0.26104
4500001 0.259339
4510001 0.254425
4520001 0.260509
4530001 0.259116
4540001 0.25412
4550001 0.260077
4560001 0.258726
4570001 0.253747
4580001 0.259723
4590001 0.258375
4600001 0.254789
4610001 0.260173
4620001 0.257901
4630001 0.254109
4640001 0.25989
4650001 0.25788
4660001 0.256702
4670001 0.26103
4680001 0.257426
4690001 0.256668
4700001 0.260104
4710001 0.257394
4720001 0.256677
4730001 0.259876
4740001 0.257824
4750001 0.255033
4760001 0.259384
4770001 0.256847
4780001 0.256534
4790001 0.259281
4800001 0.256224
4810001 0.257927
4820001 0.259184
4830001 0.255834
4840001 0.257254
4850001 0.260142
4860001 0.255376
4870001 0.25853
4880001 0.260146
4890001 0.256413
4900001 0.258369
4910001 0.259457
4920001 0.256074
4930001 0.258351
4940001 0.261935
4950001 0.2562
4960001 0.25849
4970001 0.260724
4980001 0.257109
4990001 0.259409
5000001 0.260066
5010001 0.256084
5020001 0.260939
5030001 0.260565
5040001 0.255838
5050001 0.26092
5060001 0.260532
5070001 0.255349
5080001 0.261284
5090001 0.25985
5100001 0.25469
5110001 0.260773
5120001 0.259384
5130001 0.254325
5140001 0.260367
5150001 0.258992
5160001 0.25426
5170001 0.260023
5180001 0.258635
5190001 0.254996
5200001 0.260424
5210001 0.258179
5220001 0.256038
5230001 0.260146
5240001 0.258147
5250001 0.256963
5260001 0.261304
5270001 0.257703
5280001 0.256894
5290001 0.260389
5300001 0.257682
5310001 0.255815
5320001 0.260117
5330001 0.257746
5340001 0.255272
5350001 0.259652
5360001 0.257075
5370001 0.256689
5380001 0.259353
5390001 0.256484
5400001 0.258197
5410001 0.262698
5420001 0.256091
5430001 0.257491
5440001 0.260445
5450001 0.255658
5460001 0.258767
5470001 0.26039
5480001 0.256495
5490001 0.258629
5500001 0.259721
5510001 0.256311
5520001 0.258628
5530001 0.261248
5540001 0.256422
5550001 0.258741
5560001 0.260988
5570001 0.257348
5580001 0.259644
5590001 0.260336
5600001 0.256362
5610001 0.261205
5620001 0.260789
5630001 0.256502
5640001 0.261191
5650001 0.260787
5660001 0.25551
5670001 0.261178
5680001 0.260029
5690001 0.25493
5700001 0.260989
5710001 0.259646
5720001 0.254533
5730001 0.260622
5740001 0.259245
5750001 0.254524
5760001 0.260291
5770001 0.25888
5780001 0.256862
5790001 0.260583
5800001 0.258427
5810001 0.256261
5820001 0.26034
5830001 0.258394
5840001 0.257033
5850001 0.261529
5860001 0.257936
5870001 0.25705
5880001 0.260632
5890001 0.257927
5900001 0.256
5910001 0.260361
5920001 0.258011
5930001 0.255914
5940001 0.259901
5950001 0.257126
5960001 0.256946
5970001 0.259596
5980001 0.256674
5990001 0.258438
6000001 0.262937
6010001 0.256325
6020001 0.258722
6030001 0.260673
6040001 0.255893
6050001 0.259554
6060001 0.260629
6070001 0.256749
6080001 0.258824
6090001 0.261347
6100001 0.256595
6110001 0.258666
6120001 0.261466
6130001 0.256641
6140001 0.260653
6150001 0.261158
6160001 0.257568
6170001 0.259862
6180001 0.260586
6190001 0.256562
6200001 0.26143
6210001 0.26103
6220001 0.256744
6230001 0.261431
6240001 0.260514
6250001 0.255761
6260001 0.261425
6270001 0.260268
6280001 0.255179
6290001 0.261215
6300001 0.259876
6310001 0.254725
6320001 0.260835
6330001 0.259464
6340001 0.254661
6350001 0.260517
6360001 0.258967
6370001 0.257066
6380001 0.260827
6390001 0.259536
6400001 0.256494
6410001 0.260525
6420001 0.258612
6430001 0.255492
6440001 0.261705
6450001 0.25814
6460001 0.256799
6470001 0.260842
6480001 0.258122
6490001 0.256235
6500001 0.26058
6510001 0.258232
6520001 0.256061
6530001 0.260117
6540001 0.257368
6550001 0.257134
6560001 0.259818
6570001 0.256952
6580001 0.258447
6590001 0.263155
6600001 0.256492
6610001 0.258878
6620001 0.260886
6630001 0.256105
6640001 0.259787
6650001 0.260846
6660001 0.256958
6670001 0.25906
6680001 0.26144
6690001 0.25683
6700001 0.258899
6710001 0.261686
6720001 0.256838
6730001 0.260832
6740001 0.261364
6750001 0.257753
6760001 0.264215
6770001 0.260659
6780001 0.256751
6790001 0.261626
6800001 0.26125
6810001 0.256875
6820001 0.261615
6830001 0.260715
6840001 0.255921
6850001 0.261646
6860001 0.260478
6870001 0.25531
6880001 0.261442
6890001 0.260289
6900001 0.255088
6910001 0.261037
6920001 0.25974
6930001 0.254953
6940001 0.260715
6950001 0.259192
6960001 0.257268
6970001 0.261031
6980001 0.259761
6990001 0.256546
7000001 0.260747
7010001 0.258752
7020001 0.255783
7030001 0.261212
7040001 0.258353
7050001 0.257041
7060001 0.261097
7070001 0.258305
7080001 0.256841
7090001 0.260745
7100001 0.258423
7110001 0.256261
7120001 0.260311
7130001 0.257563
7140001 0.258306
7150001 0.260015
7160001 0.257174
7170001 0.258549
7180001 0.263342
7190001 0.256923
7200001 0.259089
7210001 0.261047
7220001 0.25626
7230001 0.259989
7240001 0.260827
7250001 0.257154
7260001 0.259259
7270001 0.261649
7280001 0.257008
7290001 0.259093
7300001 0.261555
7310001 0.257056
7320001 0.26104
7330001 0.261568
7340001 0.25755
7350001 0.264426
7360001 0.260871
7370001 0.256804
7380001 0.262091
7390001 0.261201
7400001 0.257066
7410001 0.261803
7420001 0.260915
7430001 0.256098
7440001 0.261819
7450001 0.260645
7460001 0.255457
7470001 0.261644
7480001 0.260479
7490001 0.255425
7500001 0.261248
7510001 0.259928
7520001 0.254996
7530001 0.260892
7540001 0.259379
7550001 0.257406
7560001 0.261185
7570001 0.259945
7580001 0.254965
7590001 0.260939
7600001 0.258942
7610001 0.255909
7620001 0.261409
7630001 0.258562
7640001 0.257196
7650001 0.261303
7660001 0.258229
7670001 0.25698
7680001 0.260835
7690001 0.258244
7700001 0.256793
7710001 0.260411
7720001 0.257727
7730001 0.258401
7740001 0.260123
7750001 0.257347
7760001 0.25874
7770001 0.261554
7780001 0.25713
7790001 0.259258
7800001 0.261329
7810001 0.256494
7820001 0.259926
7830001 0.260984
7840001 0.25732
7850001 0.259426
7860001 0.261831
7870001 0.257158
7880001 0.259241
7890001 0.261587
7900001 0.257221
7910001 0.261201
7920001 0.261759
7930001 0.257753
7940001 0.264615
7950001 0.261062
7960001 0.256859
7970001 0.26229
7980001 0.261396
7990001 0.25688
8000001 0.262617
8010001 0.26109
8020001 0.256195
8030001 0.261963
8040001 0.260825
8050001 0.255635
8060001 0.261804
8070001 0.260662
8080001 0.255584
8090001 0.261438
8100001 0.260103
8110001 0.255115
8120001 0.261088
8130001 0.259561
8140001 0.255843
8150001 0.261138
8160001 0.260105
8170001 0.255164
8180001 0.261088
8190001 0.259109
8200001 0.25722
8210001 0.261574
8220001 0.258727
8230001 0.257374
8240001 0.261483
8250001 0.258414
8260001 0.25714
8270001 0.261018
8280001 0.258417
8290001 0.256835
8300001 0.260605
8310001 0.257791
8320001 0.258586
8330001 0.260315
8340001 0.257493
8350001 0.259121
8360001 0.261727
8370001 0.257282
8380001 0.259283
8390001 0.261483
8400001 0.256689
8410001 0.260027
8420001 0.261161
8430001 0.25736
8440001 0.259737
8450001 0.261062
8460001 0.257313
8470001 0.260109
8480001 0.261764
8490001 0.257354
8500001 0.261356
8510001 0.262036
8520001 0.257878
8530001 0.264761
8540001 0.261261
8550001 0.257011
8560001 0.26245
8570001 0.261574
8580001 0.25707
8590001 0.262804
8600001 0.261222
8610001 0.256386
8620001 0.262063
8630001 0.261002
8640001 0.255824
8650001 0.261963
8660001 0.260827
8670001 0.255707
8680001 0.261598
8690001 0.260255
8700001 0.25616
8710001 0.261267
8720001 0.259769
8730001 0.256024
8740001 0.261323
8750001 0.259687
8760001 0.255248
8770001 0.262572
8780001 0.259247
8790001 0.258061
8800001 0.261721
8810001 0.258881
8820001 0.257645
8830001 0.261644
8840001 0.258574
8850001 0.257712
8860001 0.261179
8870001 0.258585
8880001 0.257006
8890001 0.260762
8900001 0.257974
8910001 0.259795
8920001 0.260472
8930001 0.257547
8940001 0.259284
8950001 0.261889
8960001 0.25743
8970001 0.25966
8980001 0.261645
8990001 0.256831
9000001 0.2602
9010001 0.261298
9020001 0.257543
9030001 0.259914
9040001 0.26121
9050001 0.258002
9060001 0.260273
9070001 0.26193
9080001 0.257512
9090001 0.261305
9100001 0.26221
9110001 0.258021
9120001 0.262765
9130001 0.261408
9140001 0.257157
9150001 0.262592
9160001 0.261507
9170001 0.257164
9180001 0.262959
9190001 0.261393
9200001 0.256493
9210001 0.262241
9220001 0.261161
9230001 0.255908
9240001 0.262084
9250001 0.260722
9260001 0.255823
9270001 0.261743
9280001 0.260371
9290001 0.256297
9300001 0.261407
9310001 0.259862
9320001 0.256193
9330001 0.261492
9340001 0.259808
9350001 0.255584
9360001 0.262746
9370001 0.259383
9380001 0.258166
9390001 0.262025
9400001 0.258947
9410001 0.257772
9420001 0.261747
9430001 0.258702
9440001 0.258008
9450001 0.261324
9460001 0.258719
9470001 0.257179
9480001 0.260912
9490001 0.25813
9500001 0.259736
9510001 0.260622
9520001 0.25772
9530001 0.259434
9540001 0.262045
9550001 0.257415
9560001 0.259825
9570001 0.261765
9580001 0.256957
9590001 0.260361
9600001 0.261313
9610001 0.257675
9620001 0.260073
9630001 0.261366
9640001 0.258176
9650001 0.26044
9660001 0.262063
9670001 0.259658
9680001 0.261476
9690001 0.262375
9700001 0.258114
9710001 0.262878
9720001 0.261572
9730001 0.257304
9740001 0.262553
9750001 0.261642
9760001 0.257302
9770001 0.2631
9780001 0.261546
9790001 0.256598
9800001 0.262394
9810001 0.261161
9820001 0.256047
9830001 0.262253
9840001 0.260876
9850001 0.255919
9860001 0.261766
9870001 0.260521
9880001 0.256436
9890001 0.261534
9900001 0.260006
9910001 0.256241
9920001 0.261627
9930001 0.259955
9940001 0.255685
9950001 0.262902
9960001 0.259541
9970001 0.258012
9980001 0.262192
9990001 0.259109
