1 960.473
10001 233.761
20001 114.134
30001 67.3204
40001 60.3533
50001 35.5024
60001 24.3263
70001 21.5617
80001 14.8753
90001 10.494
100001 9.31876
110001 7.60608
120001 5.38485
130001 4.91286
140001 4.63981
150001 3.31232
160001 3.15906
170001 3.19085
180001 2.49694
190001 2.35697
200001 2.46918
210001 2.06714
220001 1.95888
230001 2.13087
240001 1.93419
250001 1.77793
260001 1.94035
270001 1.85263
280001 1.62854
290001 1.82032
300001 1.82191
310001 1.53522
320001 1.75026
330001 1.81288
340001 1.49612
350001 1.71649
360001 1.79049
370001 1.50091
380001 1.66761
390001 1.8131
400001 1.52119
410001 1.6337
420001 1.797
430001 1.53388
440001 1.62109
450001 1.78859
460001 1.5596
470001 1.61533
480001 1.7758
490001 1.63836
500001 1.61212
510001 1.7465
520001 1.7131
530001 1.5415
540001 1.7295
550001 1.71039
560001 1.49692
570001 1.71857
580001 1.69927
590001 1.44529
600001 1.67264
610001 1.74746
620001 1.4492
630001 1.68355
640001 1.74326
650001 1.43273
660001 1.64574
670001 1.79696
680001 1.45106
690001 1.613
700001 1.76913
710001 1.48883
720001 1.57983
730001 1.76867
740001 1.52908
750001 1.57926
760001 1.75529
770001 1.67465
780001 1.59694
790001 1.74111
800001 1.62404
810001 1.55229
820001 1.72765
830001 1.67504
840001 1.53663
850001 1.69945
860001 1.6875
870001 1.46925
880001 1.67621
890001 1.71201
900001 1.43024
910001 1.65794
920001 1.73279
930001 1.41709
940001 1.6453
950001 1.73068
960001 1.44139
970001 1.61214
980001 1.7653
990001 1.47253
1000001 1.58436
1010001 1.75578
1020001 1.49534
1030001 1.57818
1040001 1.75227
1050001 1.52424
1060001 1.57362
1070001 1.74053
1080001 1.60816
1090001 1.57657
1100001 1.7138
1110001 1.68709
1120001 1.50879
1130001 1.69886
1140001 1.68607
1150001 1.4659
1160001 1.69081
1170001 1.67523
1180001 1.41692
1190001 1.64675
1200001 1.72523
1210001 1.42223
1220001 1.65842
1230001 1.72121
1240001 1.4057
1250001 1.62053
1260001 1.77651
1270001 1.42581
1280001 1.58783
1290001 1.7484
1300001 1.46468
1310001 1.55497
1320001 1.74817
1330001 1.50627
1340001 1.55447
1350001 1.73441
1360001 1.65441
1370001 1.57355
1380001 1.71975
1390001 1.60447
1400001 1.52976
1410001 1.70666
1420001 1.657
1430001 1.51523
1440001 1.67946
1450001 1.67016
1460001 1.44828
1470001 1.65817
1480001 1.69617
1490001 1.41075
1500001 1.64054
1510001 1.71686
1520001 1.39721
1530001 1.62729
1540001 1.71525
1550001 1.42231
1560001 1.59439
1570001 1.75062
1580001 1.45372
1590001 1.56679
1600001 1.74111
1610001 1.47846
1620001 1.56055
1630001 1.73812
1640001 1.50781
1650001 1.55559
1660001 1.72545
1670001 1.59346
1680001 1.55964
1690001 1.69905
1700001 1.67366
1710001 1.49251
1720001 1.6846
1730001 1.67357
1740001 1.45017
1750001 1.67782
1760001 1.66326
1770001 1.40204
1780001 1.63435
1790001 1.71399
1800001 1.4079
1810001 1.64571
1820001 1.70995
1830001 1.39093
1840001 1.60795
1850001 1.7662
1860001 1.41202
1870001 1.57516
1880001 1.73809
1890001 1.45156
1900001 1.54241
1910001 1.73825
1920001 1.4939
1930001 1.5415
1940001 1.72405
1950001 1.64373
1960001 1.56097
1970001 1.70953
1980001 1.59428
1990001 1.51783
2000001 1.69626
2010001 1.64781
2020001 1.50372
2030001 1.66961
2040001 1.6614
2050001 1.43701
2060001 1.64952
2070001 1.68835
2080001 1.40024
2090001 1.63205
2100001 1.70888
2110001 1.38639
2120001 1.61814
2130001 1.70753
2140001 1.412
2150001 1.58534
2160001 1.74347
2170001 1.44373
2180001 1.55748
2190001 1.73403
2200001 1.46961
2210001 1.55104
2220001 1.73128
2230001 1.49929
2240001 1.5459
2250001 1.71831
2260001 1.5859
2270001 1.5504
2280001 1.69184
2290001 1.6669
2300001 1.4836
2310001 1.67767
2320001 1.66746
2330001 1.44153
2340001 1.67155
2350001 1.65743
2360001 1.39395
2370001 1.62816
2380001 1.7085
2390001 1.40009
2400001 1.63929
2410001 1.70445
2420001 1.38293
2430001 1.60147
2440001 1.76122
2450001 1.40474
2460001 1.56838
2470001 1.73321
2480001 1.44483
2490001 1.53518
2500001 1.73363
2510001 1.48759
2520001 1.53402
2530001 1.71916
2540001 1.63838
2550001 1.55396
2560001 1.70476
2570001 1.5892
2580001 1.51119
2590001 1.69129
2600001 1.64334
2610001 1.49725
2620001 1.66474
2630001 1.65727
2640001 1.43074
2650001 1.645
2660001 1.68473
2670001 1.39444
2680001 1.62764
2690001 1.70516
2700001 1.38048
2710001 1.61328
2720001 1.70387
2730001 1.40649
2740001 1.58033
2750001 1.74013
2760001 1.43849
2770001 1.55205
2780001 1.7308
2790001 1.46515
2800001 1.54554
2810001 1.72824
2820001 1.49508
2830001 1.54061
2840001 1.71504
2850001 1.58219
2860001 1.54521
2870001 1.68846
2880001 1.66365
2890001 1.47858
2900001 1.67435
2910001 1.66467
2920001 1.43669
2930001 1.66839
2940001 1.65476
2950001 1.38949
2960001 1.62508
2970001 1.70599
2980001 1.39584
2990001 1.63604
3000001 1.7019
3010001 1.37856
3020001 1.59804
3030001 1.75884
3040001 1.4009
3050001 1.56456
3060001 1.73097
3070001 1.44134
3080001 1.53106
3090001 1.73156
3100001 1.48442
3110001 1.52992
3120001 1.7169
3130001 1.63571
3140001 1.55005
3150001 1.70255
3160001 1.58671
3170001 1.50745
3180001 1.68889
3190001 1.64121
3200001 1.49356
3210001 1.66225
3220001 1.65539
3230001 1.42719
3240001 1.64278
3250001 1.68315
3260001 1.39123
3270001 1.62551
3280001 1.70349
3290001 1.37723
3300001 1.61076
3310001 1.70216
3320001 1.40351
3330001 1.57746
3340001 1.7385
3350001 1.43573
3360001 1.54884
3370001 1.72932
3380001 1.46289
3390001 1.54241
3400001 1.72689
3410001 1.49295
3420001 1.53763
3430001 1.71354
3440001 1.58036
3450001 1.54222
3460001 1.68692
3470001 1.66208
3480001 1.47568
3490001 1.6727
3500001 1.6634
3510001 1.43389
3520001 1.66679
3530001 1.65358
3540001 1.38697
3550001 1.62368
3560001 1.70488
3570001 1.39347
3580001 1.63432
3590001 1.70075
3600001 1.37624
3610001 1.59609
3620001 1.75778
3630001 1.39894
3640001 1.56236
3650001 1.72987
3660001 1.43959
3670001 1.52878
3680001 1.73066
3690001 1.48283
3700001 1.5276
3710001 1.71587
3720001 1.63437
3730001 1.54782
3740001 1.70151
3750001 1.58547
3760001 1.50528
3770001 1.68774
3780001 1.6402
3790001 1.49141
3800001 1.66098
3810001 1.65456
3820001 1.42509
3830001 1.64173
3840001 1.68249
3850001 1.38941
3860001 1.62441
3870001 1.70276
3880001 1.37545
3890001 1.60936
3900001 1.7014
3910001 1.40191
3920001 1.57587
3930001 1.73775
3940001 1.43427
3950001 1.54703
3960001 1.72867
3970001 1.46174
3980001 1.54065
3990001 1.7263
4000001 1.49188
4010001 1.53594
4020001 1.71281
4030001 1.57946
4040001 1.54046
4050001 1.68621
4060001 1.66134
4070001 1.47397
4080001 1.67193
4090001 1.66287
4100001 1.43224
4110001 1.66603
4120001 1.65307
4130001 1.3855
4140001 1.62306
4150001 1.70444
4160001 1.39209
4170001 1.63342
4180001 1.70028
4190001 1.37493
4200001 1.595
4210001 1.7573
4220001 1.39786
4230001 1.56116
4240001 1.7294
4250001 1.43865
4260001 1.52751
4270001 1.73028
4280001 1.48202
4290001 1.52624
4300001 1.71548
4310001 1.63375
4320001 1.54643
4330001 1.70113
4340001 1.58494
4350001 1.50394
4360001 1.68727
4370001 1.63982
4380001 1.49013
4390001 1.66037
4400001 1.6543
4410001 1.42385
4420001 1.64134
4430001 1.68231
4440001 1.38834
4450001 1.62395
4460001 1.70257
4470001 1.37439
4480001 1.6087
4490001 1.70114
4500001 1.40101
4510001 1.57507
4520001 1.73749
4530001 1.43347
4540001 1.54595
4550001 1.7285
4560001 1.46116
4570001 1.53956
4580001 1.72618
4590001 1.49144
4600001 1.53483
4610001 1.71262
4620001 1.57915
4630001 1.53935
4640001 1.68601
4650001 1.66112
4660001 1.47293
4670001 1.67163
4680001 1.66276
4690001 1.43126
4700001 1.66578
4710001 1.65298
4720001 1.38465
4730001 1.62292
4740001 1.70437
4750001 1.39132
4760001 1.63311
4770001 1.70018
4780001 1.3742
4790001 1.59453
4800001 1.75721
4810001 1.39728
4820001 1.5604
4830001 1.7293
4840001 1.43816
4850001 1.52661
4860001 1.73022
4870001 1.48164
4880001 1.52537
4890001 1.71543
4900001 1.63353
4910001 1.54559
4920001 1.70105
4930001 1.58477
4940001 1.50313
4950001 1.6871
4960001 1.63973
4970001 1.48936
4980001 1.66007
4990001 1.65427
5000001 1.42311
5010001 1.64119
5020001 1.6823
5030001 1.38773
5040001 1.62371
5050001 1.70255
5060001 1.37383
5070001 1.60816
5080001 1.70106
5090001 1.40057
5100001 1.57436
5110001 1.73742
5120001 1.43311
5130001 1.54512
5140001 1.72845
5150001 1.46094
5160001 1.53875
5170001 1.72615
5180001 1.49127
5190001 1.5341
5200001 1.71257
5210001 1.57903
5220001 1.53864
5230001 1.68593
5240001 1.66105
5250001 1.47229
5260001 1.67143
5270001 1.66275
5280001 1.43071
5290001 1.66556
5300001 1.65297
5310001 1.38425
5320001 1.62271
5330001 1.70436
5340001 1.39097
5350001 1.63262
5360001 1.70016
5370001 1.37394
5380001 1.59393
5390001 1.75719
5400001 1.39712
5410001 1.55979
5420001 1.72928
5430001 1.43809
5440001 1.526
5450001 1.73016
5460001 1.4816
5470001 1.52481
5480001 1.71541
5490001 1.63351
5500001 1.54509
5510001 1.70108
5520001 1.58472
5530001 1.50273
5540001 1.68707
5550001 1.63972
5560001 1.48905
5570001 1.65996
5580001 1.65429
5590001 1.42285
5600001 1.64104
5610001 1.68234
5620001 1.38756
5630001 1.62346
5640001 1.7026
5650001 1.3737
5660001 1.6079
5670001 1.70109
5680001 1.40049
5690001 1.57409
5700001 1.73745
5710001 1.43306
5720001 1.54484
5730001 1.72849
5740001 1.46094
5750001 1.5385
5760001 1.72618
5770001 1.49128
5780001 1.53387
5790001 1.71261
5800001 1.57905
5810001 1.53845
5820001 1.68596
5830001 1.66108
5840001 1.47213
5850001 1.67142
5860001 1.66278
5870001 1.43057
5880001 1.66554
5890001 1.65301
5900001 1.38415
5910001 1.62264
5920001 1.70441
5930001 1.39089
5940001 1.63252
5950001 1.7002
5960001 1.37389
5970001 1.59381
5980001 1.75723
5990001 1.3971
6000001 1.55967
6010001 1.72933
6020001 1.43809
6030001 1.52587
6040001 1.73019
6050001 1.48163
6060001 1.5247
6070001 1.71545
6080001 1.63353
6090001 1.54498
6100001 1.70112
6110001 1.58474
6120001 1.50262
6130001 1.6871
6140001 1.63975
6150001 1.48898
6160001 1.65997
6170001 1.65432
6180001 1.42277
6190001 1.64104
6200001 1.68237
6210001 1.38751
6220001 1.62342
6230001 1.70264
6240001 1.37366
6250001 1.60787
6260001 1.70112
6270001 1.40048
6280001 1.57403
6290001 1.73749
6300001 1.43304
6310001 1.54477
6320001 1.72853
6330001 1.46095
6340001 1.53842
6350001 1.72622
6360001 1.4913
6370001 1.5338
6380001 1.71264
6390001 1.57907
6400001 1.53839
6410001 1.68599
6420001 1.6611
6430001 1.47206
6440001 1.67142
6450001 1.6628
6460001 1.43053
6470001 1.66555
6480001 1.65303
6490001 1.38411
6500001 1.62263
6510001 1.70444
6520001 1.39086
6530001 1.63249
6540001 1.70022
6550001 1.37387
6560001 1.59378
6570001 1.75725
6580001 1.39709
6590001 1.55963
6600001 1.72935
6610001 1.43809
6620001 1.52582
6630001 1.7302
6640001 1.48164
6650001 1.52466
6660001 1.71548
6670001 1.63354
6680001 1.54493
6690001 1.70115
6700001 1.58476
6710001 1.50258
6720001 1.68712
6730001 1.63976
6740001 1.48895
6750001 1.65998
6760001 1.65433
6770001 1.42274
6780001 1.64105
6790001 1.68239
6800001 1.38748
6810001 1.62342
6820001 1.70266
6830001 1.37365
6840001 1.60785
6850001 1.70113
6860001 1.40047
6870001 1.574
6880001 1.7375
6890001 1.43304
6900001 1.54474
6910001 1.72855
6920001 1.46095
6930001 1.53839
6940001 1.72624
6950001 1.49131
6960001 1.53376
6970001 1.71265
6980001 1.57907
6990001 1.53836
7000001 1.68601
7010001 1.66111
7020001 1.47204
7030001 1.67143
7040001 1.66281
7050001 1.4305
7060001 1.66555
7070001 1.65304
7080001 1.3841
7090001 1.62263
7100001 1.70445
7110001 1.39085
7120001 1.63249
7130001 1.70023
7140001 1.37386
7150001 1.59377
7160001 1.75726
7170001 1.39709
7180001 1.55961
7190001 1.72936
7200001 1.43809
7210001 1.52579
7220001 1.73021
7230001 1.48165
7240001 1.52464
7250001 1.71549
7260001 1.63354
7270001 1.54492
7280001 1.70116
7290001 1.58476
7300001 1.50256
7310001 1.68713
7320001 1.63976
7330001 1.48894
7340001 1.65998
7350001 1.65434
7360001 1.42273
7370001 1.64105
7380001 1.68239
7390001 1.38747
7400001 1.62341
7410001 1.70266
7420001 1.37364
7430001 1.60785
7440001 1.70114
7450001 1.40047
7460001 1.574
7470001 1.73751
7480001 1.43303
7490001 1.54473
7500001 1.72855
7510001 1.46095
7520001 1.53838
7530001 1.72624
7540001 1.49131
7550001 1.53375
7560001 1.71266
7570001 1.57908
7580001 1.53835
7590001 1.68601
7600001 1.66112
7610001 1.47202
7620001 1.67143
7630001 1.66281
7640001 1.43049
7650001 1.66556
7660001 1.65305
7670001 1.38409
7680001 1.62263
7690001 1.70445
7700001 1.39084
7710001 1.63248
7720001 1.70024
7730001 1.37386
7740001 1.59376
7750001 1.75727
7760001 1.39709
7770001 1.5596
7780001 1.72937
7790001 1.43809
7800001 1.52579
7810001 1.73022
7820001 1.48165
7830001 1.52463
7840001 1.71549
7850001 1.63355
7860001 1.54491
7870001 1.70117
7880001 1.58476
7890001 1.50256
7900001 1.68713
7910001 1.63977
7920001 1.48893
7930001 1.65998
7940001 1.65434
7950001 1.42272
7960001 1.64105
7970001 1.6824
7980001 1.38747
7990001 1.62341
8000001 1.70267
8010001 1.37363
8020001 1.60785
8030001 1.70114
8040001 1.40047
8050001 1.57399
8060001 1.73751
8070001 1.43303
8080001 1.54472
8090001 1.72856
8100001 1.46095
8110001 1.53837
8120001 1.72625
8130001 1.49131
8140001 1.53375
8150001 1.71266
8160001 1.57908
8170001 1.53834
8180001 1.68602
8190001 1.66112
8200001 1.47202
8210001 1.67144
8220001 1.66281
8230001 1.43049
8240001 1.66556
8250001 1.65305
8260001 1.38408
8270001 1.62263
8280001 1.70446
8290001 1.39084
8300001 1.63248
8310001 1.70024
8320001 1.37386
8330001 1.59376
8340001 1.75727
8350001 1.39709
8360001 1.5596
8370001 1.72937
8380001 1.4381
8390001 1.52578
8400001 1.73022
8410001 1.48165
8420001 1.52463
8430001 1.7155
8440001 1.63355
8450001 1.54491
8460001 1.70117
8470001 1.58477
8480001 1.50255
8490001 1.68714
8500001 1.63977
8510001 1.48893
8520001 1.65999
8530001 1.65434
8540001 1.42272
8550001 1.64105
8560001 1.6824
8570001 1.38747
8580001 1.62341
8590001 1.70267
8600001 1.37363
8610001 1.60785
8620001 1.70114
8630001 1.40047
8640001 1.57399
8650001 1.73751
8660001 1.43303
8670001 1.54472
8680001 1.72856
8690001 1.46095
8700001 1.53837
8710001 1.72625
8720001 1.49131
8730001 1.53374
8740001 1.71267
8750001 1.57908
8760001 1.53834
8770001 1.68602
8780001 1.66112
8790001 1.47202
8800001 1.67144
8810001 1.66281
8820001 1.43049
8830001 1.66556
8840001 1.65305
8850001 1.38408
8860001 1.62263
8870001 1.70446
8880001 1.39084
8890001 1.63248
8900001 1.70024
8910001 1.37386
8920001 1.59376
8930001 1.75727
8940001 1.39709
8950001 1.5596
8960001 1.72937
8970001 1.4381
8980001 1.52578
8990001 1.73022
9000001 1.48165
9010001 1.52463
9020001 1.7155
9030001 1.63355
9040001 1.54491
9050001 1.70117
9060001 1.58477
9070001 1.50255
9080001 1.68714
9090001 1.63977
9100001 1.48893
9110001 1.65999
9120001 1.65434
9130001 1.42272
9140001 1.64105
9150001 1.6824
9160001 1.38747
9170001 1.62341
9180001 1.70267
9190001 1.37363
9200001 1.60785
9210001 1.70114
9220001 1.40047
9230001 1.57399
9240001 1.73751
9250001 1.43303
9260001 1.54472
9270001 1.72856
9280001 1.46095
9290001 1.53837
9300001 1.72625
9310001 1.49132
9320001 1.53374
9330001 1.71267
9340001 1.57908
9350001 1.53834
9360001 1.68602
9370001 1.66112
9380001 1.47202
9390001 1.67144
9400001 1.66281
9410001 1.43049
9420001 1.66556
9430001 1.65305
9440001 1.38408
9450001 1.62263
9460001 1.70446
9470001 1.39084
9480001 1.63248
9490001 1.70024
9500001 1.37386
9510001 1.59376
9520001 1.75727
9530001 1.39709
9540001 1.5596
9550001 1.72938
9560001 1.4381
9570001 1.52578
9580001 1.73022
9590001 1.48165
9600001 1.52463
9610001 1.7155
9620001 1.63355
9630001 1.5449
9640001 1.70117
9650001 1.58477
9660001 1.50255
9670001 1.68714
9680001 1.63977
9690001 1.48893
9700001 1.65999
9710001 1.65435
9720001 1.42272
9730001 1.64105
9740001 1.6824
9750001 1.38747
9760001 1.62341
9770001 1.70267
9780001 1.37363
9790001 1.60785
9800001 1.70114
9810001 1.40047
9820001 1.57399
9830001 1.73752
9840001 1.43303
9850001 1.54472
9860001 1.72856
9870001 1.46095
9880001 1.53837
9890001 1.72625
9900001 1.49132
9910001 1.53374
9920001 1.71267
9930001 1.57908
9940001 1.53834
9950001 1.68602
9960001 1.66112
9970001 1.47202
9980001 1.67144
9990001 1.66282
