1 960.5
10001 260.835
20001 235.042
30001 213.766
40001 196.72
50001 181.827
60001 167.235
70001 156.97
80001 149.72
90001 137.634
100001 131.168
110001 124.821
120001 116.792
130001 114.345
140001 110.002
150001 105.333
160001 100.743
170001 97.1399
180001 93.5886
190001 88.5003
200001 84.6642
210001 82.7182
220001 78.9738
230001 75.0792
240001 73.2939
250001 70.4779
260001 67.7133
270001 65.4885
280001 62.0546
290001 60.753
300001 57.4032
310001 54.9869
320001 53.4495
330001 50.6777
340001 49.3553
350001 46.7722
360001 45.5293
370001 43.651
380001 41.2146
390001 40.9017
400001 38.361
410001 37.9358
420001 36.7445
430001 34.6854
440001 34.2924
450001 32.915
460001 32.2207
470001 31.0738
480001 30.4609
490001 30.1
500001 29.1385
510001 28.4206
520001 27.8031
530001 27.1813
540001 26.597
550001 26.2443
560001 25.2538
570001 24.9611
580001 24.6724
590001 23.6191
600001 23.4543
610001 22.7404
620001 22.2162
630001 21.9816
640001 21.1703
650001 20.7742
660001 20.3576
670001 19.8903
680001 19.2669
690001 18.984
700001 18.4716
710001 17.9039
720001 17.6493
730001 17.0598
740001 16.7397
750001 16.3259
760001 15.882
770001 15.7058
780001 15.1022
790001 14.8772
800001 14.5414
810001 14.1209
820001 13.8904
830001 13.5802
840001 13.2048
850001 12.9479
860001 12.7981
870001 12.3621
880001 12.1378
890001 11.9278
900001 11.5627
910001 11.46
920001 11.0993
930001 10.8694
940001 10.7481
950001 10.4554
960001 10.2273
970001 10.0885
980001 9.85705
990001 9.58364
1000001 9.457
1010001 9.22426
1020001 9.03705
1030001 8.88819
1040001 8.65779
1050001 8.56651
1060001 8.30789
1070001 8.16364
1080001 8.04325
1090001 7.776
1100001 7.67834
1110001 7.55246
1120001 7.33505
1130001 7.21942
1140001 7.11991
1150001 6.93691
1160001 6.79401
1170001 6.70382
1180001 6.55511
1190001 6.41298
1200001 6.27159
1210001 6.21282
1220001 6.07681
1230001 5.911
1240001 5.85331
1250001 5.72241
1260001 5.59566
1270001 5.49288
1280001 5.40208
1290001 5.26659
1300001 5.3245
1310001 5.09795
1320001 4.98641
1330001 4.87516
1340001 4.82073
1350001 4.71474
1360001 4.66214
1370001 4.53607
1380001 4.46994
1390001 4.43168
1400001 4.34023
1410001 4.2662
1420001 4.18581
1430001 4.10278
1440001 4.03788
1450001 4.04987
1460001 4.05941
1470001 3.86482
1480001 3.82012
1490001 3.75025
1500001 3.6772
1510001 3.60349
1520001 3.58834
1530001 3.52202
1540001 3.43366
1550001 3.40702
1560001 3.43198
1570001 3.29404
1580001 3.27592
1590001 3.20247
1600001 3.16326
1610001 3.13516
1620001 3.16421
1630001 3.02244
1640001 3.07068
1650001 2.96928
1660001 2.90289
1670001 2.91195
1680001 2.83188
1690001 2.80704
1700001 2.78521
1710001 2.74985
1720001 2.70034
1730001 2.73321
1740001 2.71898
1750001 2.61993
1760001 2.6227
1770001 2.69214
1780001 2.54615
1790001 2.50879
1800001 2.69111
1810001 2.48142
1820001 2.44153
1830001 2.58399
1840001 2.40939
1850001 2.38788
1860001 2.39763
1870001 2.35869
1880001 2.31455
1890001 2.68644
1900001 2.30633
1910001 2.26551
1920001 2.24571
1930001 2.25565
1940001 2.21516
1950001 2.22271
1960001 2.19171
1970001 2.17207
1980001 2.2091
1990001 2.20425
2000001 2.1909
2010001 2.13502
2020001 2.13975
2030001 2.10994
2040001 2.20642
2050001 2.40129
2060001 2.10293
2070001 2.10963
2080001 2.15331
2090001 2.05678
2100001 2.05064
2110001 2.13978
2120001 2.0595
2130001 2.01885
2140001 2.04083
2150001 2.14773
2160001 2.00154
2170001 2.07058
2180001 2.00202
2190001 1.99557
2200001 2.01312
2210001 2.14615
2220001 1.95851
2230001 2.07516
2240001 1.99626
2250001 1.93971
2260001 1.99759
2270001 1.94758
2280001 1.94949
2290001 1.94225
2300001 1.96287
2310001 1.91785
2320001 1.998
2330001 2.02281
2340001 1.91206
2350001 1.94599
2360001 2.08205
2370001 1.91844
2380001 1.90113
2390001 2.15714
2400001 1.9067
2410001 1.89302
2420001 2.10174
2430001 1.89574
2440001 1.89267
2450001 1.92781
2460001 1.90053
2470001 1.87557
2480001 2.34449
2490001 1.9018
2500001 1.87211
2510001 1.87865
2520001 1.88892
2530001 1.8659
2540001 1.88376
2550001 1.87023
2560001 1.85997
2570001 1.91405
2580001 1.92184
2590001 1.92013
2600001 1.87002
2610001 1.88882
2620001 1.86305
2630001 1.97661
2640001 2.20763
2650001 1.88306
2660001 1.89643
2670001 1.96226
2680001 1.85996
2690001 1.86488
2700001 1.97538
2710001 1.88935
2720001 1.8541
2730001 1.88074
2740001 2.00642
2750001 1.85315
2760001 1.93819
2770001 1.872
2780001 1.86523
2790001 1.88674
2800001 2.04405
2810001 1.84253
2820001 1.96737
2830001 1.89274
2840001 1.8367
2850001 1.90503
2860001 1.85582
2870001 1.86138
2880001 1.85455
2890001 1.88373
2900001 1.83885
2910001 1.9255
2920001 1.95322
2930001 1.84088
2940001 1.87872
2950001 2.02342
2960001 1.85833
2970001 1.84343
2980001 2.10558
2990001 1.85032
3000001 1.83987
3010001 2.05695
3020001 1.84702
3030001 1.84429
3040001 1.88155
3050001 1.8574
3060001 1.83493
3070001 2.31456
3080001 1.86439
3090001 1.83612
3100001 1.84727
3110001 1.85389
3120001 1.83456
3130001 1.85252
3140001 1.8414
3150001 1.83229
3160001 1.88797
3170001 1.89647
3180001 1.89586
3190001 1.84809
3200001 1.86709
3210001 1.84167
3220001 1.95639
3230001 2.19088
3240001 1.86373
3250001 1.87711
3260001 1.9458
3270001 1.84306
3280001 1.84933
3290001 1.96271
3300001 1.87561
3310001 1.84062
3320001 1.86659
3330001 1.99634
3340001 1.84062
3350001 1.92753
3360001 1.86271
3370001 1.85445
3380001 1.87534
3390001 2.03799
3400001 1.83325
3410001 1.95801
3420001 1.88443
3430001 1.82854
3440001 1.89978
3450001 1.84907
3460001 1.85479
3470001 1.84761
3480001 1.87809
3490001 1.83317
3500001 1.92043
3510001 1.94792
3520001 1.83585
3530001 1.87375
3540001 2.01928
3550001 1.85448
3560001 1.84002
3570001 2.10137
3580001 1.84609
3590001 1.83599
3600001 2.05394
3610001 1.84382
3620001 1.84058
3630001 1.87762
3640001 1.85479
3650001 1.83238
3660001 2.31274
3670001 1.8622
3680001 1.83397
3690001 1.84578
3700001 1.85138
3710001 1.83281
3720001 1.85038
3730001 1.83969
3740001 1.83086
3750001 1.88648
3760001 1.89512
3770001 1.89443
3780001 1.84772
3790001 1.8661
3800001 1.84066
3810001 1.95531
3820001 2.19003
3830001 1.8627
3840001 1.87596
3850001 1.94508
3860001 1.84233
3870001 1.8489
3880001 1.96286
3890001 1.87549
3900001 1.84037
3910001 1.86591
3920001 1.99742
3930001 1.84023
3940001 1.92727
3950001 1.86311
3960001 1.85431
3970001 1.87464
3980001 2.03928
3990001 1.83328
4000001 1.95772
4010001 1.88458
4020001 1.82866
4030001 1.90159
4040001 1.84959
4050001 1.85505
4060001 1.84774
4070001 1.87864
4080001 1.83363
4090001 1.92093
4100001 1.94825
4110001 1.83661
4120001 1.87413
4130001 2.0197
4140001 1.85514
4150001 1.84092
4160001 2.10135
4170001 1.84647
4180001 1.83637
4190001 2.05444
4200001 1.84445
4210001 1.84096
4220001 1.87768
4230001 1.85573
4240001 1.83298
4250001 2.31336
4260001 1.86307
4270001 1.83463
4280001 1.84633
4290001 1.85193
4300001 1.83347
4310001 1.85081
4320001 1.84024
4330001 1.83158
4340001 1.88702
4350001 1.89585
4360001 1.89499
4370001 1.84891
4380001 1.86679
4390001 1.84128
4400001 1.95585
4410001 2.19057
4420001 1.86325
4430001 1.87652
4440001 1.9457
4450001 1.84294
4460001 1.84967
4470001 1.96386
4480001 1.87635
4490001 1.84113
4500001 1.86649
4510001 1.99922
4520001 1.84086
4530001 1.92775
4540001 1.86402
4550001 1.85505
4560001 1.87503
4570001 2.04078
4580001 1.83403
4590001 1.95827
4600001 1.88554
4610001 1.82943
4620001 1.90369
4630001 1.85062
4640001 1.85579
4650001 1.84844
4660001 1.87962
4670001 1.83448
4680001 1.92179
4690001 1.94901
4700001 1.83781
4710001 1.87491
4720001 2.02041
4730001 1.85602
4740001 1.84201
4750001 2.10169
4760001 1.84722
4770001 1.83707
4780001 2.05519
4790001 1.84533
4800001 1.84172
4810001 1.87815
4820001 1.85692
4830001 1.83378
4840001 2.31429
4850001 1.86414
4860001 1.83546
4870001 1.84689
4880001 1.85274
4890001 1.83424
4900001 1.85144
4910001 1.84092
4920001 1.8324
4930001 1.88767
4940001 1.89671
4950001 1.89568
4960001 1.85007
4970001 1.86755
4980001 1.84197
4990001 1.95648
5000001 2.19119
5010001 1.86392
5020001 1.87725
5030001 1.9464
5040001 1.84362
5050001 1.85047
5060001 1.96479
5070001 1.87716
5080001 1.8419
5090001 1.86717
5100001 2.00093
5110001 1.84153
5120001 1.9282
5130001 1.86484
5140001 1.85581
5150001 1.87555
5160001 2.04205
5170001 1.83479
5180001 1.95887
5190001 1.8866
5200001 1.8302
5210001 1.90559
5220001 1.85161
5230001 1.8565
5240001 1.84913
5250001 1.88057
5260001 1.8353
5270001 1.92262
5280001 1.94975
5290001 1.83896
5300001 1.87566
5310001 2.02108
5320001 1.85683
5330001 1.84301
5340001 2.10205
5350001 1.84798
5360001 1.83776
5370001 2.05591
5380001 1.84617
5390001 1.84248
5400001 1.87866
5410001 1.85806
5420001 1.83453
5430001 2.31531
5440001 1.86516
5450001 1.83623
5460001 1.84737
5470001 1.85351
5480001 1.83497
5490001 1.85205
5500001 1.84156
5510001 1.83317
5520001 1.88829
5530001 1.89752
5540001 1.89635
5550001 1.85113
5560001 1.86826
5570001 1.84261
5580001 1.95706
5590001 2.1918
5600001 1.86456
5610001 1.87796
5620001 1.94704
5630001 1.84425
5640001 1.85122
5650001 1.96563
5660001 1.87785
5670001 1.8426
5680001 1.86783
5690001 2.00251
5700001 1.84216
5710001 1.9286
5720001 1.86558
5730001 1.85652
5740001 1.87609
5750001 2.04315
5760001 1.83548
5770001 1.95943
5780001 1.88767
5790001 1.83091
5800001 1.9073
5810001 1.85251
5820001 1.85717
5830001 1.84977
5840001 1.88145
5850001 1.83605
5860001 1.92341
5870001 1.95044
5880001 1.84002
5890001 1.87635
5900001 2.0217
5910001 1.85756
5920001 1.84393
5930001 2.10239
5940001 1.84869
5950001 1.83839
5960001 2.05659
5970001 1.84696
5980001 1.8432
5990001 1.87915
6000001 1.85912
6010001 1.83523
6020001 2.31638
6030001 1.86611
6040001 1.83695
6050001 1.84781
6060001 1.85421
6070001 1.83564
6080001 1.85263
6090001 1.84216
6100001 1.83387
6110001 1.88887
6120001 1.89826
6130001 1.89695
6140001 1.85208
6150001 1.86892
6160001 1.84321
6170001 1.9576
6180001 2.19237
6190001 1.86517
6200001 1.87863
6210001 1.94764
6220001 1.84484
6230001 1.85192
6240001 1.9664
6250001 1.87843
6260001 1.84325
6270001 1.86845
6280001 2.00398
6290001 1.84275
6300001 1.92894
6310001 1.86626
6320001 1.85718
6330001 1.87662
6340001 2.04411
6350001 1.83613
6360001 1.95994
6370001 1.88874
6380001 1.83157
6390001 1.90886
6400001 1.85334
6410001 1.85778
6420001 1.85036
6430001 1.88228
6440001 1.83675
6450001 1.92416
6460001 1.95107
6470001 1.84099
6480001 1.87698
6490001 2.02228
6500001 1.85822
6510001 1.84478
6520001 2.10271
6530001 1.84937
6540001 1.83898
6550001 2.05722
6560001 1.8477
6570001 1.84386
6580001 1.87962
6590001 1.86012
6600001 1.83588
6610001 2.31747
6620001 1.86698
6630001 1.83762
6640001 1.84822
6650001 1.85486
6660001 1.83625
6670001 1.85318
6680001 1.84271
6690001 1.83452
6700001 1.88941
6710001 1.89895
6720001 1.89752
6730001 1.85295
6740001 1.86953
6750001 1.84376
6760001 1.95809
6770001 2.19291
6780001 1.86575
6790001 1.87927
6800001 1.9482
6810001 1.84538
6820001 1.85258
6830001 1.96709
6840001 1.87892
6850001 1.84385
6860001 1.86904
6870001 2.00536
6880001 1.8433
6890001 1.92924
6900001 1.86689
6910001 1.8578
6920001 1.87713
6930001 2.04497
6940001 1.83673
6950001 1.9604
6960001 1.88978
6970001 1.83218
6980001 1.91029
6990001 1.85411
7000001 1.85836
7010001 1.8509
7020001 1.88307
7030001 1.83739
7040001 1.92489
7050001 1.95166
7060001 1.84188
7070001 1.87755
7080001 2.02282
7090001 1.85884
7100001 1.84557
7110001 2.10301
7120001 1.85
7130001 1.83953
7140001 2.05781
7150001 1.84839
7160001 1.84448
7170001 1.88006
7180001 1.86105
7190001 1.83648
7200001 2.31857
7210001 1.8678
7220001 1.83824
7230001 1.8486
7240001 1.85545
7250001 1.83683
7260001 1.85369
7270001 1.84324
7280001 1.83512
7290001 1.88992
7300001 1.89958
7310001 1.89803
7320001 1.85374
7330001 1.87011
7340001 1.84427
7350001 1.95855
7360001 2.19342
7370001 1.86629
7380001 1.87988
7390001 1.94871
7400001 1.84589
7410001 1.85319
7420001 1.96774
7430001 1.87934
7440001 1.8444
7450001 1.86959
7460001 2.00666
7470001 1.84381
7480001 1.92951
7490001 1.86748
7500001 1.85837
7510001 1.87763
7520001 2.04575
7530001 1.83729
7540001 1.96083
7550001 1.89079
7560001 1.83275
7570001 1.91161
7580001 1.85482
7590001 1.8589
7600001 1.8514
7610001 1.88381
7620001 1.838
7630001 1.92559
7640001 1.9522
7650001 1.84271
7660001 1.87808
7670001 2.02333
7680001 1.8594
7690001 1.8463
7700001 2.10328
7710001 1.8506
7720001 1.84004
7730001 2.05837
7740001 1.84904
7750001 1.84506
7760001 1.88047
7770001 1.86192
7780001 1.83704
7790001 2.31968
7800001 1.86856
7810001 1.83881
7820001 1.84896
7830001 1.85602
7840001 1.83737
7850001 1.85418
7860001 1.84373
7870001 1.83569
7880001 1.8904
7890001 1.90016
7900001 1.89852
7910001 1.85447
7920001 1.87065
7930001 1.84474
7940001 1.95899
7950001 2.19391
7960001 1.8668
7970001 1.88045
7980001 1.94919
7990001 1.84637
8000001 1.85376
8010001 1.96834
8020001 1.87969
8030001 1.84491
8040001 1.87011
8050001 2.00789
8060001 1.84429
8070001 1.92974
8080001 1.86803
8090001 1.85891
8100001 1.8781
8110001 2.04646
8120001 1.83781
8130001 1.96123
8140001 1.89176
8150001 1.83328
8160001 1.91283
8170001 1.85548
8180001 1.85941
8190001 1.85187
8200001 1.88451
8210001 1.83857
8220001 1.92626
8230001 1.9527
8240001 1.84347
8250001 1.87857
8260001 2.02381
8270001 1.85993
8280001 1.84699
8290001 2.10354
8300001 1.85118
8310001 1.84052
8320001 2.05889
8330001 1.84966
8340001 1.8456
8350001 1.88087
8360001 1.86273
8370001 1.83757
8380001 2.32077
8390001 1.86926
8400001 1.83936
8410001 1.8493
8420001 1.85654
8430001 1.83787
8440001 1.85464
8450001 1.8442
8460001 1.83621
8470001 1.89085
8480001 1.9007
8490001 1.89896
8500001 1.85514
8510001 1.87116
8520001 1.84519
8530001 1.9594
8540001 2.19437
8550001 1.86728
8560001 1.88099
8570001 1.94963
8580001 1.84681
8590001 1.8543
8600001 1.9689
8610001 1.87999
8620001 1.84539
8630001 1.87059
8640001 2.00906
8650001 1.84474
8660001 1.92996
8670001 1.86856
8680001 1.85941
8690001 1.87856
8700001 2.04711
8710001 1.8383
8720001 1.96159
8730001 1.8927
8740001 1.83377
8750001 1.91397
8760001 1.85609
8770001 1.85989
8780001 1.8523
8790001 1.88518
8800001 1.8391
8810001 1.92692
8820001 1.95318
8830001 1.84417
8840001 1.87902
8850001 2.02426
8860001 1.86042
8870001 1.84763
8880001 2.10377
8890001 1.85172
8900001 1.84097
8910001 2.05938
8920001 1.85025
8930001 1.84611
8940001 1.88125
8950001 1.86351
8960001 1.83806
8970001 2.32186
8980001 1.86993
8990001 1.83987
9000001 1.84962
9010001 1.85705
9020001 1.83835
9030001 1.85508
9040001 1.84464
9050001 1.83671
9060001 1.89127
9070001 1.9012
9080001 1.89938
9090001 1.85576
9100001 1.87164
9110001 1.84561
9120001 1.95979
9130001 2.19481
9140001 1.86774
9150001 1.88151
9160001 1.95005
9170001 1.84722
9180001 1.85481
9190001 1.96942
9200001 1.88024
9210001 1.84584
9220001 1.87105
9230001 2.01018
9240001 1.84516
9250001 1.93015
9260001 1.86905
9270001 1.85988
9280001 1.87898
9290001 2.04771
9300001 1.83877
9310001 1.96194
9320001 1.8936
9330001 1.83424
9340001 1.91503
9350001 1.85666
9360001 1.86034
9370001 1.8527
9380001 1.88582
9390001 1.8396
9400001 1.92755
9410001 1.95362
9420001 1.84483
9430001 1.87943
9440001 2.02469
9450001 1.86088
9460001 1.84823
9470001 2.10399
9480001 1.85224
9490001 1.8414
9500001 2.05985
9510001 1.85081
9520001 1.84659
9530001 1.8816
9540001 1.86423
9550001 1.83853
9560001 2.32293
9570001 1.87055
9580001 1.84035
9590001 1.84992
9600001 1.85752
9610001 1.83879
9620001 1.85549
9630001 1.84506
9640001 1.83718
9650001 1.89166
9660001 1.90167
9670001 1.89977
9680001 1.85633
9690001 1.87209
9700001 1.846
9710001 1.96016
9720001 2.19523
9730001 1.86817
9740001 1.882
9750001 1.95044
9760001 1.84762
9770001 1.8553
9780001 1.96992
9790001 1.88045
9800001 1.84626
9810001 1.87149
9820001 2.01125
9830001 1.84556
9840001 1.93032
9850001 1.86952
9860001 1.86033
9870001 1.87939
9880001 2.04826
9890001 1.8392
9900001 1.96226
9910001 1.89447
9920001 1.83467
9930001 1.91604
9940001 1.85719
9950001 1.86077
9960001 1.85308
9970001 1.88642
9980001 1.84008
9990001 1.92817
