1 960.488
10001 260.845
20001 235.072
30001 213.76
40001 196.763
50001 181.86
60001 167.214
70001 157.032
80001 149.695
90001 137.729
100001 131.22
110001 124.846
120001 116.87
130001 114.385
140001 110.032
150001 105.409
160001 100.771
170001 97.18
180001 93.64
190001 88.5007
200001 84.7085
210001 82.7806
220001 78.9476
230001 75.1545
240001 73.3783
250001 70.4803
260001 67.7684
270001 65.4856
280001 62.1681
290001 60.8151
300001 57.4555
310001 55.0578
320001 53.489
330001 50.7458
340001 49.4317
350001 46.8696
360001 45.6376
370001 43.7687
380001 41.3594
390001 41.0383
400001 38.5108
410001 38.1013
420001 36.9192
430001 34.8371
440001 34.4011
450001 33.083
460001 32.4488
470001 31.2096
480001 30.6345
490001 30.28
500001 29.4211
510001 28.6253
520001 28.0108
530001 27.467
540001 26.7951
550001 26.5102
560001 25.5031
570001 25.2353
580001 24.8823
590001 23.8687
600001 23.6792
610001 22.9679
620001 22.3918
630001 22.217
640001 21.4068
650001 20.9938
660001 20.6184
670001 20.092
680001 19.5479
690001 19.2913
700001 18.728
710001 18.161
720001 17.9577
730001 17.3348
740001 17.113
750001 16.6328
760001 16.1746
770001 15.9884
780001 15.3955
790001 15.1844
800001 14.8673
810001 14.4028
820001 14.263
830001 13.9722
840001 13.5608
850001 13.2946
860001 13.1717
870001 12.7495
880001 12.5188
890001 12.3089
900001 12.0473
910001 11.8743
920001 11.549
930001 11.3372
940001 11.1928
950001 10.9197
960001 10.7512
970001 10.8448
980001 10.3621
990001 10.1016
1000001 10.026
1010001 9.76014
1020001 9.59433
1030001 9.50267
1040001 9.23137
1050001 9.16594
1060001 8.92348
1070001 8.76663
1080001 8.66098
1090001 8.51712
1100001 8.32617
1110001 8.25147
1120001 8.15414
1130001 7.89166
1140001 7.8727
1150001 7.72716
1160001 7.64185
1170001 7.45612
1180001 7.37262
1190001 7.155
1200001 7.05698
1210001 6.91769
1220001 6.85877
1230001 6.70366
1240001 6.83906
1250001 6.56545
1260001 6.40871
1270001 6.4
1280001 6.35666
1290001 6.12175
1300001 6.07037
1310001 6.01667
1320001 5.87947
1330001 5.92828
1340001 5.77895
1350001 5.64842
1360001 5.66348
1370001 5.54007
1380001 5.44135
1390001 5.4533
1400001 5.36668
1410001 5.32228
1420001 5.27259
1430001 5.21027
1440001 5.12011
1450001 5.27019
1460001 5.0628
1470001 4.9648
1480001 4.95408
1490001 5.1065
1500001 4.88607
1510001 4.92315
1520001 4.82801
1530001 4.70921
1540001 4.65392
1550001 4.74155
1560001 5.26439
1570001 4.56807
1580001 4.54973
1590001 4.59259
1600001 4.46728
1610001 4.49639
1620001 4.67462
1630001 4.37228
1640001 4.44107
1650001 4.47555
1660001 4.29575
1670001 4.30258
1680001 4.38174
1690001 4.21762
1700001 4.31991
1710001 4.42608
1720001 4.15386
1730001 4.26936
1740001 4.34083
1750001 4.31725
1760001 4.18237
1770001 4.2999
1780001 4.04913
1790001 4.09872
1800001 4.09116
1810001 4.03635
1820001 3.99125
1830001 4.41557
1840001 4.01
1850001 3.98255
1860001 4.064
1870001 4.09276
1880001 3.89928
1890001 3.94169
1900001 3.9239
1910001 3.86366
1920001 4.02813
1930001 3.90342
1940001 3.83238
1950001 3.94746
1960001 3.88918
1970001 3.8078
1980001 3.88773
1990001 3.895
2000001 3.85375
2010001 3.84053
2020001 3.88989
2030001 3.81333
2040001 4.05521
2050001 3.86264
2060001 3.76964
2070001 3.8235
2080001 4.09406
2090001 3.83397
2100001 3.9692
2110001 3.87266
2120001 3.74733
2130001 3.73288
2140001 3.87237
2150001 4.53504
2160001 3.73955
2170001 3.77286
2180001 3.84729
2190001 3.72699
2200001 3.80365
2210001 4.06805
2220001 3.70693
2230001 3.8185
2240001 3.91371
2250001 3.70651
2260001 3.73315
2270001 3.84422
2280001 3.68633
2290001 3.82908
2300001 3.96608
2310001 3.68499
2320001 3.83256
2330001 3.94125
2340001 3.90884
2350001 3.79007
2360001 3.94306
2370001 3.68225
2380001 3.75827
2390001 3.76733
2400001 3.71524
2410001 3.68018
2420001 4.15424
2430001 3.72213
2440001 3.7194
2450001 3.80717
2460001 3.84757
2470001 3.66105
2480001 3.7134
2490001 3.69724
2500001 3.65091
2510001 3.82998
2520001 3.70278
2530001 3.64635
2540001 3.77838
2550001 3.72345
2560001 3.6458
2570001 3.73324
2580001 3.75189
2590001 3.70447
2600001 3.6964
2610001 3.76688
2620001 3.68889
2630001 3.93732
2640001 3.74784
2650001 3.65533
2660001 3.71932
2670001 4.0002
2680001 3.7368
2690001 3.88668
2700001 3.7835
2710001 3.65884
2720001 3.64621
2730001 3.78872
2740001 4.47133
2750001 3.66137
2760001 3.70245
2770001 3.78053
2780001 3.65809
2790001 3.74025
2800001 4.01749
2810001 3.6443
2820001 3.76225
2830001 3.86679
2840001 3.65179
2850001 3.6807
2860001 3.79239
2870001 3.63618
2880001 3.78529
2890001 3.92253
2900001 3.64224
2910001 3.7966
2920001 3.90566
2930001 3.86911
2940001 3.75435
2950001 3.9116
2960001 3.65025
2970001 3.72975
2980001 3.73943
2990001 3.6889
3000001 3.65302
3010001 4.13188
3020001 3.69739
3030001 3.69852
3040001 3.78477
3050001 3.82739
3060001 3.64232
3070001 3.6944
3080001 3.67734
3090001 3.63395
3100001 3.81329
3110001 3.68496
3120001 3.63207
3130001 3.76651
3140001 3.71042
3150001 3.63414
3160001 3.7216
3170001 3.74128
3180001 3.6916
3190001 3.68424
3200001 3.75903
3210001 3.68041
3220001 3.92689
3230001 3.73924
3240001 3.6472
3250001 3.7123
3260001 3.99322
3270001 3.73102
3280001 3.88176
3290001 3.77676
3300001 3.6532
3310001 3.63946
3320001 3.78158
3330001 4.46832
3340001 3.65508
3350001 3.69771
3360001 3.77616
3370001 3.65271
3380001 3.73566
3390001 4.01474
3400001 3.6391
3410001 3.75837
3420001 3.8646
3430001 3.64732
3440001 3.67656
3450001 3.78759
3460001 3.63187
3470001 3.7821
3480001 3.91814
3490001 3.63899
3500001 3.79662
3510001 3.90279
3520001 3.86532
3530001 3.75161
3540001 3.90934
3550001 3.64821
3560001 3.7283
3570001 3.73766
3580001 3.68799
3590001 3.65134
3600001 4.1305
3610001 3.69593
3620001 3.69792
3630001 3.78327
3640001 3.82677
3650001 3.6419
3660001 3.69342
3670001 3.67595
3680001 3.63346
3690001 3.81231
3700001 3.68389
3710001 3.63191
3720001 3.76693
3730001 3.70982
3740001 3.63435
3750001 3.72153
3760001 3.74132
3770001 3.69093
3780001 3.6837
3790001 3.75968
3800001 3.68107
3810001 3.926
3820001 3.73936
3830001 3.64772
3840001 3.71257
3850001 3.99339
3860001 3.73245
3870001 3.882
3880001 3.7769
3890001 3.65424
3900001 3.63951
3910001 3.78158
3920001 4.47015
3930001 3.65513
3940001 3.69832
3950001 3.77674
3960001 3.65292
3970001 3.73606
3980001 4.01536
3990001 3.63919
4000001 3.759
4010001 3.86541
4020001 3.64744
4030001 3.67675
4040001 3.78754
4050001 3.632
4060001 3.78238
4070001 3.9176
4080001 3.63936
4090001 3.79933
4100001 3.90282
4110001 3.8654
4120001 3.75201
4130001 3.9096
4140001 3.64871
4150001 3.72892
4160001 3.73809
4170001 3.68897
4180001 3.65187
4190001 4.13088
4200001 3.69642
4210001 3.69872
4220001 3.78361
4230001 3.82759
4240001 3.64272
4250001 3.69385
4260001 3.67623
4270001 3.63413
4280001 3.81264
4290001 3.68441
4300001 3.63266
4310001 3.76794
4320001 3.71003
4330001 3.63517
4340001 3.72219
4350001 3.742
4360001 3.69138
4370001 3.68422
4380001 3.76055
4390001 3.68216
4400001 3.92612
4410001 3.74005
4420001 3.64871
4430001 3.71309
4440001 3.99405
4450001 3.73403
4460001 3.88229
4470001 3.77753
4480001 3.6556
4490001 3.64008
4500001 3.78228
4510001 4.47212
4520001 3.65572
4530001 3.69921
4540001 3.77754
4550001 3.65359
4560001 3.73676
4570001 4.01602
4580001 3.63978
4590001 3.75998
4600001 3.86608
4610001 3.64798
4620001 3.67729
4630001 3.78802
4640001 3.63261
4650001 3.7829
4660001 3.91752
4670001 3.64005
4680001 3.80185
4690001 3.90311
4700001 3.86597
4710001 3.75271
4720001 3.91004
4730001 3.64936
4740001 3.72957
4750001 3.73865
4760001 3.68994
4770001 3.65256
4780001 4.13134
4790001 3.69704
4800001 3.69947
4810001 3.7841
4820001 3.82836
4830001 3.64349
4840001 3.6943
4850001 3.67663
4860001 3.63479
4870001 3.81308
4880001 3.68504
4890001 3.63335
4900001 3.76878
4910001 3.71024
4920001 3.63586
4930001 3.7228
4940001 3.7426
4950001 3.69192
4960001 3.6848
4970001 3.76123
4980001 3.68311
4990001 3.92643
5000001 3.74068
5010001 3.64957
5020001 3.7135
5030001 3.99466
5040001 3.73526
5050001 3.88247
5060001 3.77811
5070001 3.6568
5080001 3.64064
5090001 3.78299
5100001 4.47388
5110001 3.6563
5120001 3.69999
5130001 3.77822
5140001 3.65422
5150001 3.73736
5160001 4.01656
5170001 3.64038
5180001 3.7609
5190001 3.86654
5200001 3.6485
5210001 3.6778
5220001 3.78852
5230001 3.63324
5240001 3.78337
5250001 3.91752
5260001 3.64072
5270001 3.80396
5280001 3.90342
5290001 3.86656
5300001 3.7534
5310001 3.91044
5320001 3.64994
5330001 3.73012
5340001 3.73916
5350001 3.69079
5360001 3.65318
5370001 4.13175
5380001 3.69762
5390001 3.70011
5400001 3.78456
5410001 3.82899
5420001 3.64414
5430001 3.69468
5440001 3.677
5450001 3.63537
5460001 3.81349
5470001 3.68561
5480001 3.63392
5490001 3.76946
5500001 3.7104
5510001 3.63643
5520001 3.72332
5530001 3.74311
5540001 3.69242
5550001 3.68531
5560001 3.76177
5570001 3.68391
5580001 3.9268
5590001 3.74122
5600001 3.65029
5610001 3.71383
5620001 3.9952
5630001 3.73619
5640001 3.8826
5650001 3.77861
5660001 3.65781
5670001 3.64114
5680001 3.78362
5690001 4.47544
5700001 3.65681
5710001 3.70065
5720001 3.77879
5730001 3.65478
5740001 3.73786
5750001 4.01701
5760001 3.64091
5770001 3.76174
5780001 3.86685
5790001 3.64897
5800001 3.67823
5810001 3.78896
5820001 3.63381
5830001 3.78375
5840001 3.91754
5850001 3.64132
5860001 3.80572
5870001 3.90371
5880001 3.86708
5890001 3.75402
5900001 3.91078
5910001 3.65044
5920001 3.7306
5930001 3.7396
5940001 3.69152
5950001 3.65373
5960001 4.13209
5970001 3.69813
5980001 3.70064
5990001 3.78498
6000001 3.8295
6010001 3.6447
6020001 3.69498
6030001 3.67733
6040001 3.63586
6050001 3.81385
6060001 3.68609
6070001 3.63441
6080001 3.77003
6090001 3.71053
6100001 3.6369
6110001 3.72376
6120001 3.74352
6130001 3.69286
6140001 3.68573
6150001 3.76222
6160001 3.68461
6170001 3.92719
6180001 3.74169
6190001 3.6509
6200001 3.7141
6210001 3.99567
6220001 3.73689
6230001 3.88271
6240001 3.77904
6250001 3.65866
6260001 3.64157
6270001 3.78416
6280001 4.47683
6290001 3.65726
6300001 3.7012
6310001 3.77925
6320001 3.65525
6330001 3.73828
6340001 4.01738
6350001 3.64137
6360001 3.76248
6370001 3.86705
6380001 3.64936
6390001 3.6786
6400001 3.78932
6410001 3.63431
6420001 3.78404
6430001 3.91754
6440001 3.64184
6450001 3.80715
6460001 3.90396
6470001 3.86751
6480001 3.75457
6490001 3.91107
6500001 3.65086
6510001 3.73099
6520001 3.73999
6530001 3.69214
6540001 3.6542
6550001 4.13237
6560001 3.6986
6570001 3.70108
6580001 3.78535
6590001 3.82992
6600001 3.64517
6610001 3.69522
6620001 3.6776
6630001 3.63629
6640001 3.81418
6650001 3.68651
6660001 3.63483
6670001 3.77049
6680001 3.71063
6690001 3.63729
6700001 3.72414
6710001 3.74387
6720001 3.69324
6730001 3.68604
6740001 3.76258
6750001 3.6852
6760001 3.92757
6770001 3.74208
6780001 3.65141
6790001 3.71432
6800001 3.99607
6810001 3.7374
6820001 3.88278
6830001 3.77941
6840001 3.65936
6850001 3.64194
6860001 3.78461
6870001 4.47806
6880001 3.65764
6890001 3.70165
6900001 3.77963
6910001 3.65565
6920001 3.73864
6930001 4.01769
6940001 3.64177
6950001 3.76314
6960001 3.86716
6970001 3.6497
6980001 3.6789
6990001 3.78961
7000001 3.63475
7010001 3.78427
7020001 3.91753
7030001 3.64229
7040001 3.80831
7050001 3.90418
7060001 3.86786
7070001 3.75505
7080001 3.91131
7090001 3.65121
7100001 3.73133
7110001 3.74031
7120001 3.69268
7130001 3.65461
7140001 4.13259
7150001 3.69901
7160001 3.70144
7170001 3.78568
7180001 3.83028
7190001 3.64556
7200001 3.69541
7210001 3.67782
7220001 3.63665
7230001 3.81447
7240001 3.68687
7250001 3.63517
7260001 3.77087
7270001 3.71072
7280001 3.63762
7290001 3.72445
7300001 3.74415
7310001 3.69358
7320001 3.68627
7330001 3.76288
7340001 3.68572
7350001 3.92794
7360001 3.74241
7370001 3.65183
7380001 3.7145
7390001 3.99643
7400001 3.73777
7410001 3.88284
7420001 3.77971
7430001 3.65993
7440001 3.64226
7450001 3.785
7460001 4.47916
7470001 3.65796
7480001 3.70202
7490001 3.77994
7500001 3.65598
7510001 3.73895
7520001 4.01795
7530001 3.64211
7540001 3.76371
7550001 3.86721
7560001 3.64997
7570001 3.67916
7580001 3.78984
7590001 3.63512
7600001 3.78443
7610001 3.9175
7620001 3.64268
7630001 3.80923
7640001 3.90437
7650001 3.86814
7660001 3.75547
7670001 3.9115
7680001 3.6515
7690001 3.7316
7700001 3.74059
7710001 3.69314
7720001 3.65496
7730001 4.13277
7740001 3.69937
7750001 3.70174
7760001 3.78597
7770001 3.83058
7780001 3.6459
7790001 3.69554
7800001 3.67801
7810001 3.63696
7820001 3.81471
7830001 3.68717
7840001 3.63546
7850001 3.77118
7860001 3.71078
7870001 3.63789
7880001 3.7247
7890001 3.74439
7900001 3.69386
7910001 3.68641
7920001 3.76313
7930001 3.68618
7940001 3.92829
7950001 3.74269
7960001 3.65219
7970001 3.71465
7980001 3.99673
7990001 3.73803
8000001 3.88288
8010001 3.77995
8020001 3.6604
8030001 3.64254
8040001 3.78532
8050001 4.48015
8060001 3.65824
8070001 3.70233
8080001 3.78018
8090001 3.65626
8100001 3.73923
8110001 4.01816
8120001 3.6424
8130001 3.7642
8140001 3.8672
8150001 3.65019
8160001 3.67938
8170001 3.79001
8180001 3.63544
8190001 3.78454
8200001 3.91745
8210001 3.64302
8220001 3.80996
8230001 3.90453
8240001 3.86835
8250001 3.75583
8260001 3.91165
8270001 3.65174
8280001 3.73183
8290001 3.74083
8300001 3.69353
8310001 3.65525
8320001 4.1329
8330001 3.69969
8340001 3.70198
8350001 3.78623
8360001 3.83084
8370001 3.64618
8380001 3.69564
8390001 3.67815
8400001 3.63722
8410001 3.81493
8420001 3.68744
8430001 3.6357
8440001 3.77143
8450001 3.71082
8460001 3.63812
8470001 3.72491
8480001 3.74457
8490001 3.69411
8500001 3.68649
8510001 3.76334
8520001 3.68658
8530001 3.92863
8540001 3.74293
8550001 3.65249
8560001 3.71477
8570001 3.99699
8580001 3.73819
8590001 3.8829
8600001 3.78016
8610001 3.66078
8620001 3.64277
8630001 3.78558
8640001 4.48104
8650001 3.65847
8660001 3.70257
8670001 3.78038
8680001 3.65649
8690001 3.73948
8700001 4.01834
8710001 3.64265
8720001 3.76463
8730001 3.86715
8740001 3.65037
8750001 3.67957
8760001 3.79015
8770001 3.63572
8780001 3.7846
8790001 3.91738
8800001 3.64331
8810001 3.81053
8820001 3.90467
8830001 3.8685
8840001 3.75615
8850001 3.91177
8860001 3.65193
8870001 3.73201
8880001 3.74103
8890001 3.69387
8900001 3.65551
8910001 4.133
8920001 3.69998
8930001 3.70218
8940001 3.78646
8950001 3.83106
8960001 3.64641
8970001 3.6957
8980001 3.67827
8990001 3.63745
9000001 3.81511
9010001 3.68767
9020001 3.63589
9030001 3.77163
9040001 3.71085
9050001 3.6383
9060001 3.72507
9070001 3.74472
9080001 3.69433
9090001 3.68651
9100001 3.76351
9110001 3.68693
9120001 3.92894
9130001 3.74313
9140001 3.65275
9150001 3.71487
9160001 3.99722
9170001 3.73828
9180001 3.88291
9190001 3.78032
9200001 3.66107
9210001 3.64297
9220001 3.78581
9230001 4.48185
9240001 3.65866
9250001 3.70277
9260001 3.78053
9270001 3.65668
9280001 3.73971
9290001 4.01848
9300001 3.64286
9310001 3.76501
9320001 3.86706
9330001 3.65052
9340001 3.67973
9350001 3.79025
9360001 3.63596
9370001 3.78462
9380001 3.9173
9390001 3.64356
9400001 3.81096
9410001 3.90478
9420001 3.86861
9430001 3.75643
9440001 3.91186
9450001 3.65209
9460001 3.73216
9470001 3.74119
9480001 3.69417
9490001 3.65572
9500001 4.13307
9510001 3.70023
9520001 3.70234
9530001 3.78666
9540001 3.83125
9550001 3.64661
9560001 3.69573
9570001 3.67837
9580001 3.63765
9590001 3.81527
9600001 3.68787
9610001 3.63606
9620001 3.77179
9630001 3.71087
9640001 3.63844
9650001 3.7252
9660001 3.74485
9670001 3.69452
9680001 3.68649
9690001 3.76364
9700001 3.68724
9710001 3.92924
9720001 3.74329
9730001 3.65297
9740001 3.71495
9750001 3.99743
9760001 3.73831
9770001 3.88291
9780001 3.78045
9790001 3.66131
9800001 3.64313
9810001 3.78599
9820001 4.48259
9830001 3.65883
9840001 3.70292
9850001 3.78066
9860001 3.65683
9870001 3.73992
9880001 4.0186
9890001 3.64304
9900001 3.76533
9910001 3.86694
9920001 3.65063
9930001 3.67987
9940001 3.79032
9950001 3.63617
9960001 3.7846
9970001 3.9172
9980001 3.64378
9990001 3.81127
