1 960.488
10001 260.845
20001 235.072
30001 213.76
40001 196.763
50001 181.86
60001 167.214
70001 157.032
80001 149.695
90001 137.729
100001 131.22
110001 124.846
120001 116.87
130001 114.385
140001 110.032
150001 105.409
160001 100.771
170001 97.18
180001 93.64
190001 88.5007
200001 84.7085
210001 82.7806
220001 78.9476
230001 75.1545
240001 73.3783
250001 70.4803
260001 67.7684
270001 65.4856
280001 62.1681
290001 60.8151
300001 57.4555
310001 55.0578
320001 53.489
330001 50.7458
340001 49.4317
350001 46.8696
360001 45.6376
370001 43.7687
380001 41.3594
390001 41.0383
400001 38.5108
410001 38.1013
420001 36.9192
430001 34.8371
440001 34.4011
450001 33.083
460001 32.4488
470001 31.2096
480001 30.6345
490001 30.28
500001 29.4211
510001 28.6253
520001 28.0108
530001 27.467
540001 26.7951
550001 26.5102
560001 25.5031
570001 25.2353
580001 24.8823
590001 23.8687
600001 23.6792
610001 22.9679
620001 22.3918
630001 22.217
640001 21.4068
650001 20.9938
660001 20.6184
670001 20.092
680001 19.5479
690001 19.2913
700001 18.728
710001 18.161
720001 17.9577
730001 17.3348
740001 17.113
750001 16.6328
760001 16.1746
770001 15.9884
780001 15.3955
790001 15.1844
800001 14.8673
810001 14.4028
820001 14.263
830001 13.9722
840001 13.5608
850001 13.2946
860001 13.1717
870001 12.7495
880001 12.5188
890001 12.3089
900001 12.0473
910001 11.8743
920001 11.549
930001 11.3372
940001 11.1928
950001 10.9197
960001 10.7512
970001 10.8448
980001 10.3621
990001 10.1016
1000001 10.026
1010001 9.76014
1020001 9.59433
1030001 9.50267
1040001 9.23137
1050001 9.16594
1060001 8.92348
1070001 8.76663
1080001 8.66098
1090001 8.51712
1100001 8.32617
1110001 8.25147
1120001 8.15414
1130001 7.89166
1140001 7.8727
1150001 7.72716
1160001 7.64185
1170001 7.45612
1180001 7.37262
1190001 7.155
1200001 7.05698
1210001 6.91769
1220001 6.85877
1230001 6.70366
1240001 6.83906
1250001 6.56545
1260001 6.40871
1270001 6.4
1280001 6.35666
1290001 6.12175
1300001 6.07037
1310001 6.01667
1320001 5.87947
1330001 5.92828
1340001 5.77895
1350001 5.64842
1360001 5.66348
1370001 5.54007
1380001 5.44135
1390001 5.4533
1400001 5.36668
1410001 5.32228
1420001 5.27259
1430001 5.21027
1440001 5.12011
1450001 5.27019
1460001 5.0628
1470001 4.9648
1480001 4.95408
1490001 5.1065
1500001 4.88607
1510001 4.92315
1520001 4.82801
1530001 4.70921
1540001 4.65392
1550001 4.74155
1560001 5.26439
1570001 4.56807
1580001 4.54973
1590001 4.59259
1600001 4.46728
1610001 4.49639
1620001 4.67462
1630001 4.37228
1640001 4.44107
1650001 4.47555
1660001 4.29575
1670001 4.30258
1680001 4.38174
1690001 4.21762
1700001 4.31991
1710001 4.42608
1720001 4.15386
1730001 4.26936
1740001 4.34083
1750001 4.31725
1760001 4.18237
1770001 4.2999
1780001 4.04913
1790001 4.09872
1800001 4.09116
1810001 4.03635
1820001 3.99125
1830001 4.41557
1840001 4.01
1850001 3.98255
1860001 4.064
1870001 4.09276
1880001 3.89928
1890001 3.94169
1900001 3.9239
1910001 3.86366
1920001 4.02813
1930001 3.90342
1940001 3.83238
1950001 3.94746
1960001 3.88918
1970001 3.8078
1980001 3.88773
1990001 3.895
2000001 3.85375
2010001 3.84053
2020001 3.88989
2030001 3.81333
2040001 4.05521
2050001 3.86264
2060001 3.76964
2070001 3.8235
2080001 4.09406
2090001 3.83397
2100001 3.9692
2110001 3.87266
2120001 3.74733
2130001 3.73288
2140001 3.87237
2150001 4.53504
2160001 3.73955
2170001 3.77286
2180001 3.84729
2190001 3.72699
2200001 3.80365
2210001 4.06805
2220001 3.70693
2230001 3.8185
2240001 3.91371
2250001 3.70651
2260001 3.73315
2270001 3.84422
2280001 3.68633
2290001 3.82908
2300001 3.96608
2310001 3.68499
2320001 3.83256
2330001 3.94125
2340001 3.90884
2350001 3.79007
2360001 3.94306
2370001 3.68225
2380001 3.75827
2390001 3.76733
2400001 3.71524
2410001 3.68018
2420001 4.15424
2430001 3.72213
2440001 3.7194
2450001 3.80717
2460001 3.84757
2470001 3.66105
2480001 3.7134
2490001 3.69724
2500001 3.65091
2510001 3.82998
2520001 3.70278
2530001 3.64635
2540001 3.77838
2550001 3.72345
2560001 3.6458
2570001 3.73324
2580001 3.75189
2590001 3.70447
2600001 3.6964
2610001 3.76688
2620001 3.68889
2630001 3.93732
2640001 3.74784
2650001 3.65533
2660001 3.71932
2670001 4.0002
2680001 3.7368
2690001 3.88668
2700001 3.7835
2710001 3.65884
2720001 3.64621
2730001 3.78872
2740001 4.47133
2750001 3.66137
2760001 3.70245
2770001 3.78053
2780001 3.65809
2790001 3.74025
2800001 4.01749
2810001 3.6443
2820001 3.76225
2830001 3.86679
2840001 3.65179
2850001 3.6807
2860001 3.79239
2870001 3.63618
2880001 3.78529
2890001 3.92253
2900001 3.64224
2910001 3.7966
2920001 3.90566
2930001 3.86911
2940001 3.75435
2950001 3.9116
2960001 3.65025
2970001 3.72975
2980001 3.73943
2990001 3.6889
3000001 3.65302
3010001 4.13188
3020001 3.69739
3030001 3.69852
3040001 3.78477
3050001 3.82739
3060001 3.64232
3070001 3.6944
3080001 3.67734
3090001 3.63395
3100001 3.81329
3110001 3.68496
3120001 3.63207
3130001 3.76651
3140001 3.71042
3150001 3.63414
3160001 3.7216
3170001 3.74128
3180001 3.6916
3190001 3.68424
3200001 3.75903
3210001 3.68041
3220001 3.92689
3230001 3.73924
3240001 3.6472
3250001 3.7123
3260001 3.99322
3270001 3.73102
3280001 3.88176
3290001 3.77676
3300001 3.6532
3310001 3.63946
3320001 3.78158
3330001 4.46832
3340001 3.65508
3350001 3.69771
3360001 3.77616
3370001 3.65271
3380001 3.73566
3390001 4.01474
3400001 3.6391
3410001 3.75837
3420001 3.8646
3430001 3.64732
3440001 3.67656
3450001 3.78759
3460001 3.63187
3470001 3.7821
3480001 3.91814
3490001 3.63899
3500001 3.79662
3510001 3.90279
3520001 3.86532
3530001 3.75161
3540001 3.90934
3550001 3.64821
3560001 3.7283
3570001 3.73766
3580001 3.68799
3590001 3.65134
3600001 4.1305
3610001 3.69593
3620001 3.69792
3630001 3.78327
3640001 3.82677
3650001 3.6419
3660001 3.69342
3670001 3.67595
3680001 3.63346
3690001 3.81231
3700001 3.68389
3710001 3.63191
3720001 3.76693
3730001 3.70982
3740001 3.63435
3750001 3.72153
3760001 3.74132
3770001 3.69093
3780001 3.6837
3790001 3.75968
3800001 3.68107
3810001 3.926
3820001 3.73936
3830001 3.64772
3840001 3.71257
3850001 3.99339
3860001 3.73245
3870001 3.882
3880001 3.7769
3890001 3.65424
3900001 3.63951
3910001 3.78158
3920001 4.47015
3930001 3.65513
3940001 3.69832
3950001 3.77674
3960001 3.65292
3970001 3.73606
3980001 4.01536
3990001 3.63919
4000001 3.759
4010001 3.86541
4020001 3.64744
4030001 3.67675
4040001 3.78754
4050001 3.632
4060001 3.78238
4070001 3.9176
4080001 3.63936
4090001 3.79933
4100001 3.90282
4110001 3.8654
4120001 3.75201
4130001 3.9096
4140001 3.64871
4150001 3.72892
4160001 3.73809
4170001 3.68897
4180001 3.65187
4190001 4.13088
4200001 3.69642
4210001 3.69872
4220001 3.78361
4230001 3.82759
4240001 3.64272
4250001 3.69385
4260001 3.67623
4270001 3.63413
4280001 3.81264
4290001 3.68441
4300001 3.63266
4310001 3.76794
4320001 3.71003
4330001 3.63517
4340001 3.72219
4350001 3.742
4360001 3.69138
4370001 3.68422
4380001 3.76055
4390001 3.68216
4400001 3.92612
4410001 3.74005
4420001 3.64871
4430001 3.71309
4440001 3.99405
4450001 3.73403
4460001 3.88229
4470001 3.77753
4480001 3.6556
4490001 3.64008
4500001 3.78228
4510001 4.47212
4520001 3.65572
4530001 3.69921
4540001 3.77754
4550001 3.65359
4560001 3.73676
4570001 4.01602
4580001 3.63978
4590001 3.75998
4600001 3.86608
4610001 3.64798
4620001 3.67729
4630001 3.78802
4640001 3.63261
4650001 3.7829
4660001 3.91752
4670001 3.64005
4680001 3.80185
4690001 3.90311
4700001 3.86597
4710001 3.75271
4720001 3.91004
4730001 3.64936
4740001 3.72957
4750001 3.73865
4760001 3.68994
4770001 3.65256
4780001 4.13134
4790001 3.69704
4800001 3.69947
4810001 3.7841
4820001 3.82836
4830001 3.64349
4840001 3.6943
4850001 3.67663
4860001 3.63479
4870001 3.81308
4880001 3.68504
4890001 3.63335
4900001 3.76878
4910001 3.71024
4920001 3.63586
4930001 3.7228
4940001 3.7426
4950001 3.69192
4960001 3.6848
4970001 3.76123
4980001 3.68311
4990001 3.92643
5000001 3.74068
5010001 3.64957
5020001 3.7135
5030001 3.99466
5040001 3.73526
5050001 3.88247
5060001 3.77811
5070001 3.6568
5080001 3.64064
5090001 3.78299
5100001 4.47388
5110001 3.6563
5120001 3.69999
5130001 3.77822
5140001 3.65422
5150001 3.73736
5160001 4.01656
5170001 3.64038
5180001 3.7609
5190001 3.86654
5200001 3.6485
5210001 3.6778
5220001 3.78852
5230001 3.63324
5240001 3.78337
5250001 3.91752
5260001 3.64072
5270001 3.80396
5280001 3.90342
5290001 3.86656
5300001 3.7534
5310001 3.91044
5320001 3.64994
5330001 3.73012
5340001 3.73916
5350001 3.69079
5360001 3.65318
5370001 4.13175
5380001 3.69762
5390001 3.70011
5400001 3.78456
5410001 3.82899
5420001 3.64414
5430001 3.69468
5440001 3.677
5450001 3.63537
5460001 3.81349
5470001 3.68561
5480001 3.63392
5490001 3.76946
5500001 3.7104
5510001 3.63643
5520001 3.72332
5530001 3.74311
5540001 3.69242
5550001 3.68531
5560001 3.76177
5570001 3.68391
5580001 3.9268
5590001 3.74122
5600001 3.65029
5610001 3.71383
5620001 3.9952
5630001 3.73619
5640001 3.8826
5650001 3.77861
5660001 3.65781
5670001 3.64114
5680001 3.78362
5690001 4.47544
5700001 3.65681
5710001 3.70065
5720001 3.77879
5730001 3.65478
5740001 3.73786
5750001 4.01701
5760001 3.64091
5770001 3.76174
5780001 3.86685
5790001 3.64897
5800001 3.67823
5810001 3.78896
5820001 3.63381
5830001 3.78375
5840001 3.91754
5850001 3.64132
5860001 3.80572
5870001 3.90371
5880001 3.86708
5890001 3.75402
5900001 3.91078
5910001 3.65044
5920001 3.7306
5930001 3.7396
5940001 3.69152
5950001 3.65373
5960001 4.13209
5970001 3.69813
5980001 3.70064
5990001 3.78498
6000001 3.8295
6010001 3.6447
6020001 3.69498
6030001 3.67733
6040001 3.63586
6050001 3.81385
6060001 3.68609
6070001 3.63441
6080001 3.77003
6090001 3.71053
6100001 3.6369
6110001 3.72376
6120001 3.74352
6130001 3.69286
6140001 3.68573
6150001 3.76222
6160001 3.68461
6170001 3.92719
6180001 3.74169
6190001 3.6509
6200001 3.7141
6210001 3.99567
6220001 3.73689
6230001 3.88271
6240001 3.77904
6250001 3.65866
6260001 3.64157
6270001 3.78416
6280001 4.47683
6290001 3.65726
6300001 3.7012
6310001 3.77925
6320001 3.65525
6330001 3.73828
6340001 4.01738
6350001 3.64137
6360001 3.76248
6370001 3.86705
6380001 3.64936
6390001 3.6786
6400001 3.78932
6410001 3.63431
6420001 3.78404
6430001 3.91754
6440001 3.64184
6450001 3.80715
6460001 3.90396
6470001 3.86751
6480001 3.75457
6490001 3.91107
6500001 3.65086
6510001 3.73099
6520001 3.73999
6530001 3.69214
6540001 3.6542
6550001 4.13237
6560001 3.6986
6570001 3.70108
6580001 3.78535
6590001 3.82992
6600001 3.64517
6610001 3.69522
6620001 3.6776
6630001 3.63629
6640001 3.81418
6650001 3.68651
6660001 3.63483
6670001 3.77049
6680001 3.71063
6690001 3.63729
6700001 3.72414
6710001 3.74387
6720001 3.69324
6730001 3.68604
6740001 3.76258
6750001 3.6852
6760001 3.92757
6770001 3.74208
6780001 3.65141
6790001 3.71432
6800001 3.99607
6810001 3.7374
6820001 3.88278
6830001 3.77941
6840001 3.65936
6850001 3.64194
6860001 3.78461
6870001 4.47806
6880001 3.65764
6890001 3.70165
6900001 3.77963
6910001 3.65565
6920001 3.73864
6930001 4.01769
6940001 3.64177
6950001 3.76314
6960001 3.86716
6970001 3.6497
6980001 3.6789
6990001 3.78961
7000001 3.63475
7010001 3.78427
7020001 3.91753
7030001 3.64229
7040001 3.80831
7050001 3.90418
7060001 3.86786
7070001 3.75505
7080001 3.91131
7090001 3.65121
7100001 3.73133
7110001 3.74031
7120001 3.69268
7130001 3.65461
7140001 4.13259
7150001 3.69901
7160001 3.70144
7170001 3.78568
7180001 3.83028
7190001 3.64556
7200001 3.69541
7210001 3.67782
7220001 3.63665
7230001 3.81447
7240001 3.68687
7250001 3.63517
7260001 3.77087
7270001 3.71072
7280001 3.63762
7290001 3.72445
7300001 3.74415
7310001 3.69358
7320001 3.68627
7330001 3.76288
7340001 3.68572
7350001 3.92794
7360001 3.74241
7370001 3.65183
7380001 3.7145
7390001 3.99643
7400001 3.73777
7410001 3.88284
7420001 3.77971
7430001 3.65993
7440001 3.64226
7450001 3.785
7460001 4.47916
7470001 3.65796
7480001 3.70202
7490001 3.77994
7500001 3.65598
7510001 3.73895
7520001 4.01795
7530001 3.64211
7540001 3.76371
7550001 3.86721
7560001 3.64997
7570001 3.67916
7580001 3.78984
7590001 3.63512
7600001 3.78443
7610001 3.9175
7620001 3.64268
7630001 3.80923
7640001 3.90437
7650001 3.86814
7660001 3.75547
7670001 3.9115
7680001 3.6515
7690001 3.7316
7700001 3.74059
7710001 3.69314
7720001 3.65496
7730001 4.13277
7740001 3.69937
7750001 3.70174
7760001 3.78597
7770001 3.83058
7780001 3.6459
7790001 3.69554
7800001 3.67801
7810001 3.63696
7820001 3.81471
7830001 3.68717
7840001 3.63546
7850001 3.77118
7860001 3.71078
7870001 3.63789
7880001 3.7247
7890001 3.74439
7900001 3.69386
7910001 3.68641
7920001 3.76313
7930001 3.68618
7940001 3.92829
7950001 3.74269
7960001 3.65219
7970001 3.71465
7980001 3.99673
7990001 3.73803
8000001 3.88288
8010001 3.77995
8020001 3.6604
8030001 3.64254
8040001 3.78532
8050001 4.48015
8060001 3.65824
8070001 3.70233
8080001 3.78018
8090001 3.65626
8100001 3.73923
8110001 4.01816
8120001 3.6424
8130001 3.7642
8140001 3.8672
8150001 3.65019
8160001 3.67938
8170001 3.79001
8180001 3.63544
8190001 3.78454
8200001 3.91745
8210001 3.64302
8220001 3.80996
8230001 3.90453
8240001 3.86835
8250001 3.75583
8260001 3.91165
8270001 3.65174
8280001 3.73183
8290001 3.74083
8300001 3.69353
8310001 3.65525
8320001 4.1329
8330001 3.69969
8340001 3.70198
8350001 3.78623
8360001 3.83084
8370001 3.64618
8380001 3.69564
8390001 3.67815
8400001 3.63722
8410001 3.81493
8420001 3.68744
8430001 3.6357
8440001 3.77143
8450001 3.71082
8460001 3.63812
8470001 3.72491
8480001 3.74457
8490001 3.69411
8500001 3.68649
8510001 3.76334
8520001 3.68658
8530001 3.92863
8540001 3.74293
8550001 3.65249
8560001 3.71477
8570001 3.99699
8580001 3.73819
8590001 3.8829
8600001 3.78016
8610001 3.66078
8620001 3.64277
8630001 3.78558
8640001 4.48104
8650001 3.65847
8660001 3.70257
8670001 3.78038
8680001 3.65649
8690001 3.73948
8700001 4.01834
8710001 3.64265
8720001 3.76463
8730001 3.86715
8740001 3.65037
8750001 3.67957
8760001 3.79015
8770001 3.63572
8780001 3.7846
8790001 3.91738
8800001 3.64331
8810001 3.81053
8820001 3.90467
8830001 3.8685
8840001 3.75615
8850001 3.91177
8860001 3.65193
8870001 3.73201
8880001 3.74103
8890001 3.69387
8900001 3.65551
8910001 4.133
8920001 3.69998
8930001 3.70218
8940001 3.78646
8950001 3.83106
8960001 3.64641
8970001 3.6957
8980001 3.67827
8990001 3.63745
9000001 3.81511
9010001 3.68767
9020001 3.63589
9030001 3.77163
9040001 3.71085
9050001 3.6383
9060001 3.72507
9070001 3.74472
9080001 3.69433
9090001 3.68651
9100001 3.76351
9110001 3.68693
9120001 3.92894
9130001 3.74313
9140001 3.65275
9150001 3.71487
9160001 3.99722
9170001 3.73828
9180001 3.88291
9190001 3.78032
9200001 3.66107
9210001 3.64297
9220001 3.78581
9230001 4.48185
9240001 3.65866
9250001 3.70277
9260001 3.78053
9270001 3.65668
9280001 3.73971
9290001 4.01848
9300001 3.64286
9310001 3.76501
9320001 3.86706
9330001 3.65052
9340001 3.67973
9350001 3.79025
9360001 3.63596
9370001 3.78462
9380001 3.9173
9390001 3.64356
9400001 3.81096
9410001 3.90478
9420001 3.86861
9430001 3.75643
9440001 3.91186
9450001 3.65209
9460001 3.73216
9470001 3.74119
9480001 3.69417
9490001 3.65572
9500001 4.13307
9510001 3.70023
9520001 3.70234
9530001 3.78666
9540001 3.83125
9550001 3.64661
9560001 3.69573
9570001 3.67837
9580001 3.63765
9590001 3.81527
9600001 3.68787
9610001 3.63606
9620001 3.77179
9630001 3.71087
9640001 3.63844
9650001 3.7252
9660001 3.74485
9670001 3.69452
9680001 3.68649
9690001 3.76364
9700001 3.68724
9710001 3.92924
9720001 3.74329
9730001 3.65297
9740001 3.71495
9750001 3.99743
9760001 3.73831
9770001 3.88291
9780001 3.78045
9790001 3.66131
9800001 3.64313
9810001 3.78599
9820001 4.48259
9830001 3.65883
9840001 3.70292
9850001 3.78066
9860001 3.65683
9870001 3.73992
9880001 4.0186
9890001 3.64304
9900001 3.76533
9910001 3.86694
9920001 3.65063
9930001 3.67987
9940001 3.79032
9950001 3.63617
9960001 3.7846
9970001 3.9172
9980001 3.64378
9990001 3.81127
10000001 3.90488
10010001 3.86868
10020001 3.75667
10030001 3.91193
10040001 3.65222
10050001 3.73227
10060001 3.74134
10070001 3.69442
10080001 3.65591
10090001 4.13311
10100001 3.70047
10110001 3.70246
10120001 3.78684
10130001 3.83143
10140001 3.64678
10150001 3.69575
10160001 3.67844
10170001 3.63781
10180001 3.81541
10190001 3.68804
10200001 3.63619
10210001 3.77191
10220001 3.71088
10230001 3.63856
10240001 3.72531
10250001 3.74494
10260001 3.69468
10270001 3.68643
10280001 3.76375
10290001 3.68753
10300001 3.92954
10310001 3.74344
10320001 3.65315
10330001 3.71501
10340001 3.9976
10350001 3.73829
10360001 3.8829
10370001 3.78056
10380001 3.66149
10390001 3.64328
10400001 3.78615
10410001 4.48328
10420001 3.65897
10430001 3.70305
10440001 3.78075
10450001 3.65696
10460001 3.74012
10470001 4.0187
10480001 3.6432
10490001 3.76562
10500001 3.8668
10510001 3.65073
10520001 3.67999
10530001 3.79036
10540001 3.63635
10550001 3.78456
10560001 3.9171
10570001 3.64397
10580001 3.81148
10590001 3.90496
10600001 3.86872
10610001 3.75689
10620001 3.91198
10630001 3.65232
10640001 3.73236
10650001 3.74146
10660001 3.69464
10670001 3.65607
10680001 4.13314
10690001 3.70068
10700001 3.70256
10710001 3.78701
10720001 3.83159
10730001 3.64692
10740001 3.69574
10750001 3.6785
10760001 3.63796
10770001 3.81553
10780001 3.6882
10790001 3.6363
10800001 3.77201
10810001 3.71088
10820001 3.63866
10830001 3.72539
10840001 3.74502
10850001 3.69483
10860001 3.68634
10870001 3.76384
10880001 3.68778
10890001 3.92982
10900001 3.74356
10910001 3.65332
10920001 3.71505
10930001 3.99776
10940001 3.73823
10950001 3.88289
10960001 3.78064
10970001 3.66162
10980001 3.6434
10990001 3.78628
11000001 4.48391
11010001 3.65909
11020001 3.70314
11030001 3.78082
11040001 3.65706
11050001 3.7403
11060001 4.01878
11070001 3.64334
11080001 3.76587
11090001 3.86664
11100001 3.6508
11110001 3.6801
11120001 3.79039
11130001 3.63651
11140001 3.7845
11150001 3.91698
11160001 3.64414
11170001 3.81161
11180001 3.90503
11190001 3.86873
11200001 3.75709
11210001 3.91201
11220001 3.65241
11230001 3.73243
11240001 3.74156
11250001 3.69484
11260001 3.65622
11270001 4.13315
11280001 3.70088
11290001 3.70264
11300001 3.78716
11310001 3.83173
11320001 3.64704
11330001 3.69572
11340001 3.67855
11350001 3.63809
11360001 3.81564
11370001 3.68834
11380001 3.6364
11390001 3.77209
11400001 3.71088
11410001 3.63873
11420001 3.72545
11430001 3.74508
11440001 3.69496
11450001 3.68622
11460001 3.76392
11470001 3.68802
11480001 3.93009
11490001 3.74366
11500001 3.65346
11510001 3.71509
11520001 3.9979
11530001 3.73814
11540001 3.88287
11550001 3.78071
11560001 3.66172
11570001 3.64351
11580001 3.7864
11590001 4.48451
11600001 3.65919
11610001 3.70322
11620001 3.78088
11630001 3.65715
11640001 3.74048
11650001 4.01885
11660001 3.64347
11670001 3.76609
11680001 3.86647
11690001 3.65086
11700001 3.68019
11710001 3.7904
11720001 3.63665
11730001 3.78442
11740001 3.91686
11750001 3.6443
11760001 3.81168
11770001 3.90509
11780001 3.86873
11790001 3.75726
11800001 3.91203
11810001 3.65247
11820001 3.73249
11830001 3.74165
11840001 3.69502
11850001 3.65634
11860001 4.13314
11870001 3.70106
11880001 3.7027
11890001 3.78729
11900001 3.83186
11910001 3.64715
11920001 3.6957
11930001 3.67859
11940001 3.63821
11950001 3.81574
11960001 3.68847
11970001 3.63647
11980001 3.77215
11990001 3.71088
12000001 3.6388
12010001 3.72549
12020001 3.74513
12030001 3.69508
12040001 3.68609
12050001 3.76398
12060001 3.68823
12070001 3.93036
12080001 3.74376
12090001 3.65359
12100001 3.71511
12110001 3.99802
12120001 3.73803
12130001 3.88285
12140001 3.78077
12150001 3.6618
12160001 3.64361
12170001 3.78649
12180001 4.48507
12190001 3.65929
12200001 3.70327
12210001 3.78093
12220001 3.65722
12230001 3.74065
12240001 4.0189
12250001 3.64358
12260001 3.76629
12270001 3.86628
12280001 3.65091
12290001 3.68028
12300001 3.7904
12310001 3.63677
12320001 3.78433
12330001 3.91674
12340001 3.64444
12350001 3.81169
12360001 3.90514
12370001 3.8687
12380001 3.75742
12390001 3.91204
12400001 3.65253
12410001 3.73253
12420001 3.74173
12430001 3.69518
12440001 3.65645
12450001 4.13313
12460001 3.70123
12470001 3.70275
12480001 3.78742
12490001 3.83199
12500001 3.64724
12510001 3.69566
12520001 3.67862
12530001 3.63831
12540001 3.81582
12550001 3.68858
12560001 3.63654
12570001 3.7722
12580001 3.71088
12590001 3.63885
12600001 3.72553
12610001 3.74517
12620001 3.69519
12630001 3.68594
12640001 3.76403
12650001 3.68844
12660001 3.93062
12670001 3.74384
12680001 3.65371
12690001 3.71513
12700001 3.99814
12710001 3.73789
12720001 3.88283
12730001 3.78081
12740001 3.66184
12750001 3.64369
12760001 3.78658
12770001 4.48559
12780001 3.65937
12790001 3.70332
12800001 3.78096
12810001 3.65729
12820001 3.74082
12830001 4.01895
12840001 3.64369
12850001 3.76646
12860001 3.86609
12870001 3.65094
12880001 3.68037
12890001 3.79039
12900001 3.63689
12910001 3.78423
12920001 3.91661
12930001 3.64456
12940001 3.81166
12950001 3.90519
12960001 3.86866
12970001 3.75757
12980001 3.91204
12990001 3.65257
13000001 3.73256
13010001 3.7418
13020001 3.69533
13030001 3.65656
13040001 4.13311
13050001 3.70139
13060001 3.70278
13070001 3.78754
13080001 3.83211
13090001 3.64732
13100001 3.69562
13110001 3.67865
13120001 3.63841
13130001 3.8159
13140001 3.68869
13150001 3.6366
13160001 3.77223
13170001 3.71087
13180001 3.63889
13190001 3.72555
13200001 3.74521
13210001 3.69529
13220001 3.68579
13230001 3.76407
13240001 3.68863
13250001 3.93088
13260001 3.74391
13270001 3.65381
13280001 3.71515
13290001 3.99824
13300001 3.73775
13310001 3.88281
13320001 3.78085
13330001 3.66187
13340001 3.64377
13350001 3.78665
13360001 4.48609
13370001 3.65944
13380001 3.70335
13390001 3.78099
13400001 3.65734
13410001 3.74098
13420001 4.019
13430001 3.64378
13440001 3.76663
13450001 3.86589
13460001 3.65097
13470001 3.68045
13480001 3.79037
13490001 3.63699
13500001 3.78412
13510001 3.91648
13520001 3.64468
13530001 3.81159
13540001 3.90523
13550001 3.86861
13560001 3.75771
13570001 3.91203
13580001 3.65261
13590001 3.73257
13600001 3.74186
13610001 3.69547
13620001 3.65665
13630001 4.13308
13640001 3.70155
13650001 3.70281
13660001 3.78765
13670001 3.83223
13680001 3.6474
13690001 3.69558
13700001 3.67867
13710001 3.6385
13720001 3.81598
13730001 3.68879
13740001 3.63664
13750001 3.77226
13760001 3.71087
13770001 3.63892
13780001 3.72557
13790001 3.74524
13800001 3.69538
13810001 3.68563
13820001 3.7641
13830001 3.68881
13840001 3.93114
13850001 3.74398
13860001 3.65391
13870001 3.71516
13880001 3.99834
13890001 3.73759
13900001 3.88279
13910001 3.78088
13920001 3.66189
13930001 3.64384
13940001 3.78672
13950001 4.48657
13960001 3.65951
13970001 3.70337
13980001 3.78101
13990001 3.65738
14000001 3.74114
14010001 4.01904
14020001 3.64388
14030001 3.76677
14040001 3.86568
14050001 3.651
14060001 3.68053
14070001 3.79035
14080001 3.63709
14090001 3.78401
14100001 3.91635
14110001 3.6448
14120001 3.8115
14130001 3.90527
14140001 3.86855
14150001 3.75784
14160001 3.91202
14170001 3.65264
14180001 3.73259
14190001 3.74192
14200001 3.69559
14210001 3.65674
14220001 4.13305
14230001 3.70169
14240001 3.70283
14250001 3.78776
14260001 3.83235
14270001 3.64747
14280001 3.69553
14290001 3.67869
14300001 3.63859
14310001 3.81605
14320001 3.68888
14330001 3.63669
14340001 3.77229
14350001 3.71086
14360001 3.63895
14370001 3.72558
14380001 3.74526
14390001 3.69547
14400001 3.68546
14410001 3.76413
14420001 3.68899
14430001 3.93139
14440001 3.74404
14450001 3.65401
14460001 3.71517
14470001 3.99843
14480001 3.73742
14490001 3.88277
14500001 3.78091
14510001 3.66189
14520001 3.6439
14530001 3.78678
14540001 4.48703
14550001 3.65958
14560001 3.70339
14570001 3.78103
14580001 3.65742
14590001 3.74129
14600001 4.01907
14610001 3.64397
14620001 3.76691
14630001 3.86547
14640001 3.65102
14650001 3.6806
14660001 3.79032
14670001 3.63718
14680001 3.78389
14690001 3.91622
14700001 3.6449
14710001 3.81137
14720001 3.90531
14730001 3.86849
14740001 3.75797
14750001 3.91201
14760001 3.65267
14770001 3.73259
14780001 3.74198
14790001 3.69571
14800001 3.65682
14810001 4.13302
14820001 3.70184
14830001 3.70285
14840001 3.78787
14850001 3.83246
14860001 3.64753
14870001 3.69548
14880001 3.67871
14890001 3.63867
14900001 3.81611
14910001 3.68897
14920001 3.63673
14930001 3.77231
14940001 3.71086
14950001 3.63898
14960001 3.72559
14970001 3.74529
14980001 3.69555
14990001 3.68529
15000001 3.76416
15010001 3.68916
15020001 3.93165
15030001 3.7441
15040001 3.6541
15050001 3.71517
15060001 3.99852
15070001 3.73724
15080001 3.88276
15090001 3.78093
15100001 3.66188
15110001 3.64396
15120001 3.78684
15130001 4.48747
15140001 3.65964
15150001 3.7034
15160001 3.78104
15170001 3.65746
15180001 3.74144
15190001 4.0191
15200001 3.64405
15210001 3.76703
15220001 3.86526
15230001 3.65103
15240001 3.68068
15250001 3.79029
15260001 3.63726
15270001 3.78378
15280001 3.9161
15290001 3.64501
15300001 3.81123
15310001 3.90534
15320001 3.86842
15330001 3.75809
15340001 3.912
15350001 3.6527
15360001 3.7326
15370001 3.74203
15380001 3.69583
15390001 3.65689
15400001 4.13298
15410001 3.70198
15420001 3.70286
15430001 3.78797
15440001 3.83258
15450001 3.64759
15460001 3.69544
15470001 3.67872
15480001 3.63875
15490001 3.81618
15500001 3.68905
15510001 3.63677
15520001 3.77233
15530001 3.71086
15540001 3.639
15550001 3.7256
15560001 3.74531
15570001 3.69564
15580001 3.68512
15590001 3.76418
15600001 3.68932
15610001 3.9319
15620001 3.74415
15630001 3.65419
15640001 3.71518
15650001 3.9986
15660001 3.73706
15670001 3.88275
15680001 3.78095
15690001 3.66187
15700001 3.64402
15710001 3.7869
15720001 4.4879
15730001 3.65969
15740001 3.70341
15750001 3.78106
15760001 3.65749
15770001 3.74159
15780001 4.01914
15790001 3.64414
15800001 3.76715
15810001 3.86505
15820001 3.65105
15830001 3.68075
15840001 3.79026
15850001 3.63734
15860001 3.78366
15870001 3.91597
15880001 3.64511
15890001 3.81107
15900001 3.90538
15910001 3.86835
15920001 3.7582
15930001 3.91198
15940001 3.65272
15950001 3.7326
15960001 3.74208
15970001 3.69594
15980001 3.65697
15990001 4.13294
16000001 3.70212
16010001 3.70287
16020001 3.78807
16030001 3.83269
16040001 3.64765
16050001 3.69539
16060001 3.67874
16070001 3.63883
16080001 3.81624
16090001 3.68913
16100001 3.6368
16110001 3.77234
16120001 3.71086
16130001 3.63902
16140001 3.7256
16150001 3.74533
16160001 3.69572
16170001 3.68496
16180001 3.76421
16190001 3.68948
16200001 3.93215
16210001 3.74421
16220001 3.65428
16230001 3.71518
16240001 3.99868
16250001 3.73688
16260001 3.88274
16270001 3.78097
16280001 3.66185
16290001 3.64408
16300001 3.78695
16310001 4.48832
16320001 3.65975
16330001 3.70342
16340001 3.78107
16350001 3.65752
16360001 3.74174
16370001 4.01917
16380001 3.64422
16390001 3.76727
16400001 3.86485
16410001 3.65107
16420001 3.68083
16430001 3.79023
16440001 3.63742
16450001 3.78354
16460001 3.91585
16470001 3.6452
16480001 3.8109
16490001 3.90541
16500001 3.86827
16510001 3.75831
16520001 3.91196
16530001 3.65274
16540001 3.73259
16550001 3.74212
16560001 3.69605
16570001 3.65704
16580001 4.13291
16590001 3.70226
16600001 3.70288
16610001 3.78817
16620001 3.8328
16630001 3.64771
16640001 3.69534
16650001 3.67876
16660001 3.63891
16670001 3.8163
16680001 3.6892
16690001 3.63684
16700001 3.77236
16710001 3.71086
16720001 3.63904
16730001 3.7256
16740001 3.74535
16750001 3.6958
16760001 3.68479
16770001 3.76423
16780001 3.68964
16790001 3.93241
16800001 3.74426
16810001 3.65436
16820001 3.71519
16830001 3.99876
16840001 3.7367
16850001 3.88274
16860001 3.78099
16870001 3.66182
16880001 3.64413
16890001 3.787
16900001 4.48872
16910001 3.65981
16920001 3.70342
16930001 3.78109
16940001 3.65755
16950001 3.74188
16960001 4.0192
16970001 3.64431
16980001 3.76738
16990001 3.86464
17000001 3.65108
17010001 3.6809
17020001 3.7902
17030001 3.6375
17040001 3.78343
17050001 3.91573
17060001 3.6453
17070001 3.81073
17080001 3.90545
17090001 3.8682
17100001 3.75842
17110001 3.91195
17120001 3.65276
17130001 3.73259
17140001 3.74217
17150001 3.69615
17160001 3.65711
17170001 4.13287
17180001 3.70239
17190001 3.70289
17200001 3.78826
17210001 3.83291
17220001 3.64776
17230001 3.6953
17240001 3.67878
17250001 3.63898
17260001 3.81637
17270001 3.68928
17280001 3.63687
17290001 3.77238
17300001 3.71087
17310001 3.63906
17320001 3.72561
17330001 3.74537
17340001 3.69588
17350001 3.68462
17360001 3.76425
17370001 3.68979
17380001 3.93266
17390001 3.74431
17400001 3.65445
17410001 3.71519
17420001 3.99884
17430001 3.73652
17440001 3.88274
17450001 3.78101
17460001 3.6618
17470001 3.64418
17480001 3.78705
17490001 4.48911
17500001 3.65986
17510001 3.70342
17520001 3.7811
17530001 3.65758
17540001 3.74202
17550001 4.01923
17560001 3.64439
17570001 3.76748
17580001 3.86444
17590001 3.6511
17600001 3.68098
17610001 3.79018
17620001 3.63757
17630001 3.78331
17640001 3.91562
17650001 3.64539
17660001 3.81054
17670001 3.90549
17680001 3.86812
17690001 3.75853
17700001 3.91193
17710001 3.65278
17720001 3.73258
17730001 3.74222
17740001 3.69626
17750001 3.65718
17760001 4.13283
17770001 3.70253
17780001 3.7029
17790001 3.78836
17800001 3.83303
17810001 3.64782
17820001 3.69526
17830001 3.6788
17840001 3.63906
17850001 3.81643
17860001 3.68935
17870001 3.6369
17880001 3.77239
17890001 3.71088
17900001 3.63908
17910001 3.72561
17920001 3.74539
17930001 3.69596
17940001 3.68446
17950001 3.76427
17960001 3.68995
17970001 3.93291
17980001 3.74436
17990001 3.65453
18000001 3.7152
18010001 3.99891
18020001 3.73634
18030001 3.88274
18040001 3.78104
18050001 3.66177
18060001 3.64424
18070001 3.78711
18080001 4.4895
18090001 3.65992
18100001 3.70343
18110001 3.78112
18120001 3.65761
18130001 3.74216
18140001 4.01926
18150001 3.64447
18160001 3.76758
18170001 3.86424
18180001 3.65111
18190001 3.68106
18200001 3.79015
18210001 3.63764
18220001 3.7832
18230001 3.9155
18240001 3.64549
18250001 3.81035
18260001 3.90552
18270001 3.86804
18280001 3.75864
18290001 3.91192
18300001 3.6528
18310001 3.73258
18320001 3.74226
18330001 3.69636
18340001 3.65725
18350001 4.1328
18360001 3.70266
18370001 3.70291
18380001 3.78845
18390001 3.83314
18400001 3.64787
18410001 3.69522
18420001 3.67882
18430001 3.63914
18440001 3.81649
18450001 3.68941
18460001 3.63694
18470001 3.77241
18480001 3.71089
18490001 3.6391
18500001 3.72561
18510001 3.74542
18520001 3.69604
18530001 3.68431
18540001 3.76429
18550001 3.6901
18560001 3.93317
18570001 3.74441
18580001 3.65462
18590001 3.7152
18600001 3.99899
18610001 3.73616
18620001 3.88275
18630001 3.78106
18640001 3.66174
18650001 3.64429
18660001 3.78716
18670001 4.48987
18680001 3.65997
18690001 3.70343
18700001 3.78113
18710001 3.65763
18720001 3.7423
18730001 4.01929
18740001 3.64456
18750001 3.76768
18760001 3.86404
18770001 3.65113
18780001 3.68114
18790001 3.79012
18800001 3.63771
18810001 3.7831
18820001 3.9154
18830001 3.64558
18840001 3.81016
18850001 3.90556
18860001 3.86796
18870001 3.75874
18880001 3.9119
18890001 3.65283
18900001 3.73257
18910001 3.74231
18920001 3.69646
18930001 3.65733
18940001 4.13277
18950001 3.70279
18960001 3.70292
18970001 3.78855
18980001 3.83325
18990001 3.64792
19000001 3.69518
19010001 3.67885
19020001 3.63922
19030001 3.81655
19040001 3.68948
19050001 3.63697
19060001 3.77243
19070001 3.7109
19080001 3.63912
19090001 3.72562
19100001 3.74544
19110001 3.69611
19120001 3.68415
19130001 3.76432
19140001 3.69025
19150001 3.93342
19160001 3.74447
19170001 3.6547
19180001 3.71521
19190001 3.99906
19200001 3.73598
19210001 3.88276
19220001 3.78108
19230001 3.66171
19240001 3.64435
19250001 3.78721
19260001 4.49024
19270001 3.66003
19280001 3.70343
19290001 3.78115
19300001 3.65766
19310001 3.74244
19320001 4.01933
19330001 3.64465
19340001 3.76778
19350001 3.86384
19360001 3.65115
19370001 3.68122
19380001 3.79009
19390001 3.63778
19400001 3.78299
19410001 3.91529
19420001 3.64568
19430001 3.80996
19440001 3.9056
19450001 3.86789
19460001 3.75885
19470001 3.91189
19480001 3.65285
19490001 3.73257
19500001 3.74235
19510001 3.69656
19520001 3.6574
19530001 4.13273
19540001 3.70293
19550001 3.70293
19560001 3.78864
19570001 3.83337
19580001 3.64798
19590001 3.69515
19600001 3.67887
19610001 3.6393
19620001 3.81661
19630001 3.68954
19640001 3.63701
19650001 3.77245
19660001 3.71092
19670001 3.63915
19680001 3.72562
19690001 3.74547
19700001 3.69619
19710001 3.684
19720001 3.76434
19730001 3.6904
19740001 3.93367
19750001 3.74452
19760001 3.65479
19770001 3.71522
19780001 3.99913
19790001 3.73581
19800001 3.88278
19810001 3.78111
19820001 3.66169
19830001 3.6444
19840001 3.78726
19850001 4.4906
19860001 3.66008
19870001 3.70344
19880001 3.78117
19890001 3.65769
19900001 3.74258
19910001 4.01936
19920001 3.64474
19930001 3.76788
19940001 3.86365
19950001 3.65117
19960001 3.6813
19970001 3.79007
19980001 3.63785
19990001 3.78289
20000001 3.91519
20010001 3.64577
20020001 3.80977
20030001 3.90564
20040001 3.86781
20050001 3.75895
20060001 3.91188
20070001 3.65287
20080001 3.73256
20090001 3.7424
20100001 3.69666
20110001 3.65747
20120001 4.1327
20130001 3.70306
20140001 3.70294
20150001 3.78874
20160001 3.83348
20170001 3.64803
20180001 3.69511
20190001 3.6789
20200001 3.63938
20210001 3.81667
20220001 3.68961
20230001 3.63704
20240001 3.77248
20250001 3.71094
20260001 3.63917
20270001 3.72563
20280001 3.7455
20290001 3.69627
20300001 3.68386
20310001 3.76436
20320001 3.69055
20330001 3.93392
20340001 3.74457
20350001 3.65487
20360001 3.71522
20370001 3.9992
20380001 3.73564
20390001 3.88279
20400001 3.78113
20410001 3.66166
20420001 3.64445
20430001 3.78731
20440001 4.49096
20450001 3.66014
20460001 3.70344
20470001 3.78119
20480001 3.65772
20490001 3.74271
20500001 4.0194
20510001 3.64482
20520001 3.76797
20530001 3.86347
20540001 3.65119
20550001 3.68139
20560001 3.79005
20570001 3.63792
20580001 3.78279
20590001 3.9151
20600001 3.64586
20610001 3.80957
20620001 3.90569
20630001 3.86774
20640001 3.75906
20650001 3.91187
20660001 3.6529
20670001 3.73256
20680001 3.74245
20690001 3.69676
20700001 3.65754
20710001 4.13268
20720001 3.70319
20730001 3.70295
20740001 3.78883
20750001 3.8336
20760001 3.64809
20770001 3.69508
20780001 3.67893
20790001 3.63946
20800001 3.81674
20810001 3.68967
20820001 3.63708
20830001 3.7725
20840001 3.71096
20850001 3.63919
20860001 3.72564
20870001 3.74553
20880001 3.69635
20890001 3.68372
20900001 3.76439
20910001 3.6907
20920001 3.93417
20930001 3.74463
20940001 3.65496
20950001 3.71523
20960001 3.99927
20970001 3.73547
20980001 3.88282
20990001 3.78116
21000001 3.66164
21010001 3.64451
21020001 3.78737
21030001 4.49131
21040001 3.6602
21050001 3.70345
21060001 3.78121
21070001 3.65776
21080001 3.74284
21090001 4.01944
21100001 3.64492
21110001 3.76807
21120001 3.86328
21130001 3.65121
21140001 3.68147
21150001 3.79003
21160001 3.63799
21170001 3.7827
21180001 3.91501
21190001 3.64596
21200001 3.80938
21210001 3.90573
21220001 3.86767
21230001 3.75916
21240001 3.91186
21250001 3.65293
21260001 3.73256
21270001 3.7425
21280001 3.69686
21290001 3.65761
21300001 4.13265
21310001 3.70332
21320001 3.70296
21330001 3.78893
21340001 3.83372
21350001 3.64815
21360001 3.69506
21370001 3.67896
21380001 3.63955
21390001 3.8168
21400001 3.68973
21410001 3.63712
21420001 3.77253
21430001 3.71098
21440001 3.63922
21450001 3.72565
21460001 3.74556
21470001 3.69643
21480001 3.68358
21490001 3.76441
21500001 3.69084
21510001 3.93442
21520001 3.74468
21530001 3.65505
21540001 3.71524
21550001 3.99934
21560001 3.73531
21570001 3.88284
21580001 3.78119
21590001 3.66161
21600001 3.64456
21610001 3.78742
21620001 4.49165
21630001 3.66026
21640001 3.70345
21650001 3.78124
21660001 3.65779
21670001 3.74298
21680001 4.01947
21690001 3.64501
21700001 3.76816
21710001 3.86311
21720001 3.65124
21730001 3.68156
21740001 3.79001
21750001 3.63806
21760001 3.78261
21770001 3.91492
21780001 3.64606
21790001 3.80919
21800001 3.90578
21810001 3.8676
21820001 3.75926
21830001 3.91185
21840001 3.65295
21850001 3.73256
21860001 3.74255
21870001 3.69696
21880001 3.65768
21890001 4.13263
21900001 3.70346
21910001 3.70298
21920001 3.78902
21930001 3.83383
21940001 3.6482
21950001 3.69503
21960001 3.67899
21970001 3.63963
21980001 3.81687
21990001 3.68979
22000001 3.63716
22010001 3.77256
22020001 3.711
22030001 3.63924
22040001 3.72566
22050001 3.74559
22060001 3.69652
22070001 3.68345
22080001 3.76444
22090001 3.69099
22100001 3.93467
22110001 3.74474
22120001 3.65514
22130001 3.71526
22140001 3.99942
22150001 3.73515
22160001 3.88287
22170001 3.78122
22180001 3.66159
22190001 3.64462
22200001 3.78747
22210001 4.49199
22220001 3.66032
22230001 3.70346
22240001 3.78127
22250001 3.65782
22260001 3.74311
22270001 4.01951
22280001 3.6451
22290001 3.76825
22300001 3.86293
22310001 3.65127
22320001 3.68165
22330001 3.78999
22340001 3.63813
22350001 3.78252
22360001 3.91484
22370001 3.64615
22380001 3.80899
22390001 3.90583
22400001 3.86753
22410001 3.75937
22420001 3.91184
22430001 3.65298
22440001 3.73256
22450001 3.7426
22460001 3.69706
22470001 3.65776
22480001 4.1326
22490001 3.70359
22500001 3.70299
22510001 3.78912
22520001 3.83395
22530001 3.64826
22540001 3.69501
22550001 3.67903
22560001 3.63972
22570001 3.81693
22580001 3.68985
22590001 3.6372
22600001 3.77259
22610001 3.71103
22620001 3.63927
22630001 3.72568
22640001 3.74562
22650001 3.6966
22660001 3.68332
22670001 3.76447
22680001 3.69114
22690001 3.93492
22700001 3.74479
22710001 3.65523
22720001 3.71527
22730001 3.99949
22740001 3.73499
22750001 3.8829
22760001 3.78126
22770001 3.66157
22780001 3.64468
22790001 3.78753
22800001 4.49232
22810001 3.66038
22820001 3.70347
22830001 3.78129
22840001 3.65786
22850001 3.74323
22860001 4.01956
22870001 3.6452
22880001 3.76835
22890001 3.86276
22900001 3.65129
22910001 3.68174
22920001 3.78998
22930001 3.6382
22940001 3.78244
22950001 3.91476
22960001 3.64625
22970001 3.80881
22980001 3.90588
22990001 3.86747
23000001 3.75947
23010001 3.91184
23020001 3.65301
23030001 3.73256
23040001 3.74265
23050001 3.69716
23060001 3.65783
23070001 4.13258
23080001 3.70372
23090001 3.70301
23100001 3.78921
23110001 3.83407
23120001 3.64832
23130001 3.69499
23140001 3.67906
23150001 3.63981
23160001 3.817
23170001 3.68991
23180001 3.63725
23190001 3.77262
23200001 3.71106
23210001 3.6393
23220001 3.72569
23230001 3.74566
23240001 3.69668
23250001 3.6832
23260001 3.7645
23270001 3.69129
23280001 3.93517
23290001 3.74485
23300001 3.65532
23310001 3.71528
23320001 3.99956
23330001 3.73484
23340001 3.88294
23350001 3.78129
23360001 3.66155
23370001 3.64474
23380001 3.78759
23390001 4.49265
23400001 3.66045
23410001 3.70348
23420001 3.78133
23430001 3.65789
23440001 3.74336
23450001 4.0196
23460001 3.64529
23470001 3.76844
23480001 3.8626
23490001 3.65132
23500001 3.68183
23510001 3.78997
23520001 3.63827
23530001 3.78235
23540001 3.91469
23550001 3.64635
23560001 3.80862
23570001 3.90593
23580001 3.8674
23590001 3.75958
23600001 3.91183
23610001 3.65305
23620001 3.73256
23630001 3.7427
23640001 3.69726
23650001 3.65791
23660001 4.13257
23670001 3.70385
23680001 3.70303
23690001 3.78931
23700001 3.83419
23710001 3.64838
23720001 3.69498
23730001 3.6791
23740001 3.6399
23750001 3.81706
23760001 3.68996
23770001 3.63729
23780001 3.77266
23790001 3.71109
23800001 3.63933
23810001 3.72571
23820001 3.7457
23830001 3.69677
23840001 3.68308
23850001 3.76453
23860001 3.69143
23870001 3.93542
23880001 3.74491
23890001 3.65541
23900001 3.7153
23910001 3.99963
23920001 3.73469
23930001 3.88297
23940001 3.78133
23950001 3.66153
23960001 3.6448
23970001 3.78765
23980001 4.49297
23990001 3.66051
24000001 3.7035
24010001 3.78136
24020001 3.65793
24030001 3.74349
24040001 4.01964
24050001 3.64539
24060001 3.76854
24070001 3.86244
24080001 3.65136
24090001 3.68193
24100001 3.78996
24110001 3.63835
24120001 3.78228
24130001 3.91462
24140001 3.64645
24150001 3.80844
24160001 3.90598
24170001 3.86734
24180001 3.75968
24190001 3.91183
24200001 3.65308
24210001 3.73257
24220001 3.74275
24230001 3.69736
24240001 3.65798
24250001 4.13255
24260001 3.70398
24270001 3.70305
24280001 3.78941
24290001 3.8343
24300001 3.64844
24310001 3.69496
24320001 3.67914
24330001 3.63999
24340001 3.81713
24350001 3.69002
24360001 3.63734
24370001 3.7727
24380001 3.71112
24390001 3.63936
24400001 3.72573
24410001 3.74573
24420001 3.69685
24430001 3.68297
24440001 3.76457
24450001 3.69158
24460001 3.93566
24470001 3.74497
24480001 3.65551
24490001 3.71532
24500001 3.9997
24510001 3.73454
24520001 3.88301
24530001 3.78137
24540001 3.66152
24550001 3.64486
24560001 3.78771
24570001 4.49329
24580001 3.66057
24590001 3.70351
24600001 3.78139
24610001 3.65797
24620001 3.74361
24630001 4.01969
24640001 3.64549
24650001 3.76863
24660001 3.86228
24670001 3.65139
24680001 3.68202
24690001 3.78995
24700001 3.63842
24710001 3.7822
24720001 3.91455
24730001 3.64655
24740001 3.80826
24750001 3.90603
24760001 3.86728
24770001 3.75979
24780001 3.91183
24790001 3.65311
24800001 3.73257
24810001 3.74281
24820001 3.69746
24830001 3.65806
24840001 4.13254
24850001 3.70412
24860001 3.70307
24870001 3.7895
24880001 3.83442
24890001 3.6485
24900001 3.69495
24910001 3.67918
24920001 3.64008
24930001 3.8172
24940001 3.69008
24950001 3.63738
24960001 3.77274
24970001 3.71115
24980001 3.6394
24990001 3.72575
25000001 3.74577
25010001 3.69694
25020001 3.68286
25030001 3.7646
25040001 3.69173
25050001 3.93591
25060001 3.74503
25070001 3.6556
25080001 3.71533
25090001 3.99977
25100001 3.7344
25110001 3.88306
25120001 3.78141
25130001 3.6615
25140001 3.64492
25150001 3.78777
25160001 4.4936
25170001 3.66064
25180001 3.70353
25190001 3.78143
25200001 3.65801
25210001 3.74374
25220001 4.01973
25230001 3.64559
25240001 3.76872
25250001 3.86213
25260001 3.65142
25270001 3.68211
25280001 3.78995
25290001 3.63849
25300001 3.78213
25310001 3.91449
25320001 3.64665
25330001 3.80808
25340001 3.90609
25350001 3.86722
25360001 3.75989
25370001 3.91184
25380001 3.65315
25390001 3.73258
25400001 3.74286
25410001 3.69756
25420001 3.65814
25430001 4.13253
25440001 3.70425
25450001 3.70309
25460001 3.7896
25470001 3.83454
25480001 3.64856
25490001 3.69494
25500001 3.67923
25510001 3.64017
25520001 3.81726
25530001 3.69013
25540001 3.63743
25550001 3.77278
25560001 3.71119
25570001 3.63943
25580001 3.72578
25590001 3.74581
25600001 3.69702
25610001 3.68275
25620001 3.76464
25630001 3.69187
25640001 3.93615
25650001 3.74509
25660001 3.6557
25670001 3.71535
25680001 3.99985
25690001 3.73426
25700001 3.8831
25710001 3.78145
25720001 3.66149
25730001 3.64498
25740001 3.78783
25750001 4.49391
25760001 3.66071
25770001 3.70355
25780001 3.78147
25790001 3.65805
25800001 3.74386
25810001 4.01978
25820001 3.64569
25830001 3.76882
25840001 3.86198
25850001 3.65146
25860001 3.68221
25870001 3.78994
25880001 3.63856
25890001 3.78207
25900001 3.91444
25910001 3.64675
25920001 3.80791
25930001 3.90614
25940001 3.86717
25950001 3.75999
25960001 3.91184
25970001 3.65319
25980001 3.73259
25990001 3.74292
26000001 3.69766
26010001 3.65822
26020001 4.13252
26030001 3.70438
26040001 3.70311
26050001 3.78969
26060001 3.83466
26070001 3.64863
26080001 3.69494
26090001 3.67927
26100001 3.64026
26110001 3.81733
26120001 3.69019
26130001 3.63748
26140001 3.77282
26150001 3.71122
26160001 3.63947
26170001 3.7258
26180001 3.74586
26190001 3.69711
26200001 3.68265
26210001 3.76467
26220001 3.69202
26230001 3.93639
26240001 3.74515
26250001 3.65579
26260001 3.71537
26270001 3.99992
26280001 3.73413
26290001 3.88315
26300001 3.7815
26310001 3.66148
26320001 3.64505
26330001 3.78789
26340001 4.49422
26350001 3.66077
26360001 3.70357
26370001 3.7815
26380001 3.65809
26390001 3.74398
26400001 4.01983
26410001 3.6458
26420001 3.76891
26430001 3.86184
26440001 3.6515
26450001 3.68231
26460001 3.78994
26470001 3.63863
26480001 3.782
26490001 3.91438
26500001 3.64685
26510001 3.80774
26520001 3.9062
26530001 3.86712
26540001 3.7601
26550001 3.91184
26560001 3.65323
26570001 3.7326
26580001 3.74297
26590001 3.69776
26600001 3.6583
26610001 4.13251
26620001 3.70451
26630001 3.70314
26640001 3.78979
26650001 3.83478
26660001 3.64869
26670001 3.69493
26680001 3.67932
26690001 3.64036
26700001 3.8174
26710001 3.69025
26720001 3.63753
26730001 3.77287
26740001 3.71126
26750001 3.63951
26760001 3.72583
26770001 3.7459
26780001 3.6972
26790001 3.68255
26800001 3.76471
26810001 3.69217
26820001 3.93663
26830001 3.74522
26840001 3.65589
26850001 3.71539
26860001 3.99999
26870001 3.734
26880001 3.8832
26890001 3.78154
26900001 3.66148
26910001 3.64511
26920001 3.78796
26930001 4.49452
26940001 3.66084
26950001 3.70359
26960001 3.78155
26970001 3.65814
26980001 3.74411
26990001 4.01988
27000001 3.6459
27010001 3.76901
27020001 3.8617
27030001 3.65154
27040001 3.68241
27050001 3.78994
27060001 3.63871
27070001 3.78194
27080001 3.91433
27090001 3.64695
27100001 3.80758
27110001 3.90626
27120001 3.86707
27130001 3.7602
27140001 3.91185
27150001 3.65327
27160001 3.73261
27170001 3.74303
27180001 3.69786
27190001 3.65838
27200001 4.1325
27210001 3.70464
27220001 3.70317
27230001 3.78989
27240001 3.8349
27250001 3.64875
27260001 3.69493
27270001 3.67936
27280001 3.64045
27290001 3.81747
27300001 3.6903
27310001 3.63758
27320001 3.77292
27330001 3.7113
27340001 3.63954
27350001 3.72586
27360001 3.74595
27370001 3.69728
27380001 3.68246
27390001 3.76475
27400001 3.69231
27410001 3.93687
27420001 3.74528
27430001 3.65598
27440001 3.71541
27450001 4.00006
27460001 3.73388
27470001 3.88325
27480001 3.78159
27490001 3.66147
27500001 3.64518
27510001 3.78802
27520001 4.49482
27530001 3.66091
27540001 3.70361
27550001 3.78159
27560001 3.65818
27570001 3.74422
27580001 4.01993
27590001 3.646
27600001 3.7691
27610001 3.86156
27620001 3.65158
27630001 3.68251
27640001 3.78994
27650001 3.63878
27660001 3.78189
27670001 3.91428
27680001 3.64705
27690001 3.80741
27700001 3.90632
27710001 3.86702
27720001 3.76031
27730001 3.91186
27740001 3.65331
27750001 3.73262
27760001 3.74308
27770001 3.69796
27780001 3.65846
27790001 4.1325
27800001 3.70477
27810001 3.7032
27820001 3.78999
27830001 3.83502
27840001 3.64882
27850001 3.69493
27860001 3.67941
27870001 3.64055
27880001 3.81754
27890001 3.69036
27900001 3.63763
27910001 3.77297
27920001 3.71134
27930001 3.63958
27940001 3.72589
27950001 3.74599
27960001 3.69737
27970001 3.68237
27980001 3.76479
27990001 3.69246
28000001 3.93711
28010001 3.74535
28020001 3.65608
28030001 3.71544
28040001 4.00014
28050001 3.73375
28060001 3.8833
28070001 3.78164
28080001 3.66147
28090001 3.64524
28100001 3.78809
28110001 4.49511
28120001 3.66098
28130001 3.70363
28140001 3.78163
28150001 3.65823
28160001 3.74434
28170001 4.01998
28180001 3.64611
28190001 3.7692
28200001 3.86143
28210001 3.65162
28220001 3.68261
28230001 3.78994
28240001 3.63885
28250001 3.78183
28260001 3.91424
28270001 3.64715
28280001 3.80726
28290001 3.90638
28300001 3.86697
28310001 3.76041
28320001 3.91187
28330001 3.65335
28340001 3.73264
28350001 3.74314
28360001 3.69807
28370001 3.65854
28380001 4.1325
28390001 3.70491
28400001 3.70322
28410001 3.79008
28420001 3.83514
28430001 3.64889
28440001 3.69493
28450001 3.67946
28460001 3.64065
28470001 3.81761
28480001 3.69041
28490001 3.63769
28500001 3.77302
28510001 3.71138
28520001 3.63963
28530001 3.72592
28540001 3.74604
28550001 3.69746
28560001 3.68229
28570001 3.76483
28580001 3.6926
28590001 3.93735
28600001 3.74541
28610001 3.65618
28620001 3.71546
28630001 4.00021
28640001 3.73364
28650001 3.88336
28660001 3.78169
28670001 3.66147
28680001 3.64531
28690001 3.78815
28700001 4.49541
28710001 3.66105
28720001 3.70366
28730001 3.78168
28740001 3.65827
28750001 3.74446
28760001 4.02004
28770001 3.64622
28780001 3.76929
28790001 3.8613
28800001 3.65167
28810001 3.68271
28820001 3.78995
28830001 3.63893
28840001 3.78178
28850001 3.9142
28860001 3.64726
28870001 3.8071
28880001 3.90644
28890001 3.86693
28900001 3.76052
28910001 3.91188
28920001 3.6534
28930001 3.73265
28940001 3.7432
28950001 3.69817
28960001 3.65862
28970001 4.1325
28980001 3.70504
28990001 3.70325
29000001 3.79018
29010001 3.83526
29020001 3.64895
29030001 3.69494
29040001 3.67951
29050001 3.64075
29060001 3.81768
29070001 3.69047
29080001 3.63774
29090001 3.77307
29100001 3.71143
29110001 3.63967
29120001 3.72595
29130001 3.74609
29140001 3.69755
29150001 3.6822
29160001 3.76488
29170001 3.69275
29180001 3.93759
29190001 3.74548
29200001 3.65628
29210001 3.71549
29220001 4.00028
29230001 3.73352
29240001 3.88341
29250001 3.78174
29260001 3.66147
29270001 3.64538
29280001 3.78822
29290001 4.49569
29300001 3.66112
29310001 3.70368
29320001 3.78172
29330001 3.65832
29340001 3.74458
29350001 4.02009
29360001 3.64632
29370001 3.76939
29380001 3.86118
29390001 3.65171
29400001 3.68281
29410001 3.78996
29420001 3.639
29430001 3.78173
29440001 3.91416
29450001 3.64736
29460001 3.80695
29470001 3.9065
29480001 3.86689
29490001 3.76063
29500001 3.91189
29510001 3.65344
29520001 3.73267
29530001 3.74326
29540001 3.69827
29550001 3.65871
29560001 4.1325
29570001 3.70517
29580001 3.70329
29590001 3.79028
29600001 3.83537
29610001 3.64902
29620001 3.69494
29630001 3.67957
29640001 3.64084
29650001 3.81776
29660001 3.69052
29670001 3.6378
29680001 3.77312
29690001 3.71147
29700001 3.63971
29710001 3.72598
29720001 3.74614
29730001 3.69764
29740001 3.68213
29750001 3.76492
29760001 3.69289
29770001 3.93782
29780001 3.74554
29790001 3.65637
29800001 3.71551
29810001 4.00035
29820001 3.73341
29830001 3.88347
29840001 3.78179
29850001 3.66147
29860001 3.64544
29870001 3.78829
29880001 4.49598
29890001 3.66119
29900001 3.70371
29910001 3.78177
29920001 3.65837
29930001 3.74469
29940001 4.02014
29950001 3.64643
29960001 3.76948
29970001 3.86106
29980001 3.65176
29990001 3.68291
