1 31.3626
10001 17.0933
20001 12.9959
30001 10.2735
40001 8.45031
50001 7.15845
60001 6.35643
70001 5.74218
80001 5.29712
90001 4.94399
100001 4.67036
110001 4.43832
120001 4.2365
130001 4.07024
140001 3.92267
150001 3.80157
160001 3.68578
170001 3.58196
180001 3.49113
190001 3.40946
200001 3.33654
210001 3.26739
220001 3.19847
230001 3.13904
240001 3.07323
250001 3.02219
260001 2.97181
270001 2.92251
280001 2.87966
290001 2.82896
300001 2.78758
310001 2.74489
320001 2.70538
330001 2.67157
340001 2.63542
350001 2.60639
360001 2.58147
370001 2.54366
380001 2.51397
390001 2.48955
400001 2.46021
410001 2.4399
420001 2.41528
430001 2.3885
440001 2.36089
450001 2.3409
460001 2.32217
470001 2.29639
480001 2.2844
490001 2.25927
500001 2.2391
510001 2.21382
520001 2.19112
530001 2.1808
540001 2.16166
550001 2.15014
560001 2.13425
570001 2.12246
580001 2.11123
590001 2.09057
600001 2.08076
610001 2.06882
620001 2.05659
630001 2.04591
640001 2.03679
650001 2.02444
660001 2.00713
670001 1.98494
680001 1.97874
690001 1.96652
700001 1.96498
710001 1.95527
720001 1.9317
730001 1.93249
740001 1.91967
750001 1.90574
760001 1.90758
770001 1.89488
780001 1.88068
790001 1.87836
800001 1.8707
810001 1.86431
820001 1.84703
830001 1.83269
840001 1.82308
850001 1.82062
860001 1.82551
870001 1.81774
880001 1.81441
890001 1.8046
900001 1.80135
910001 1.79088
920001 1.77345
930001 1.76575
940001 1.78112
950001 1.77477
960001 1.77678
970001 1.76568
980001 1.75282
990001 1.75001
1000001 1.74411
1010001 1.74071
1020001 1.73424
1030001 1.72818
1040001 1.72054
1050001 1.72087
1060001 1.71685
1070001 1.69864
1080001 1.70353
1090001 1.70306
1100001 1.69734
1110001 1.68409
1120001 1.68726
1130001 1.68589
1140001 1.68806
1150001 1.67826
1160001 1.66201
1170001 1.65473
1180001 1.64656
1190001 1.65225
1200001 1.64455
1210001 1.63298
1220001 1.64252
1230001 1.64214
1240001 1.65883
1250001 1.65636
1260001 1.64396
1270001 1.63599
1280001 1.62666
1290001 1.62684
1300001 1.61454
1310001 1.61197
1320001 1.6224
1330001 1.62759
1340001 1.62458
1350001 1.62158
1360001 1.61511
1370001 1.60549
1380001 1.5901
1390001 1.59662
1400001 1.60255
1410001 1.60201
1420001 1.59228
1430001 1.59553
1440001 1.58601
1450001 1.59966
1460001 1.59739
1470001 1.59315
1480001 1.59464
1490001 1.59297
1500001 1.59543
1510001 1.58463
1520001 1.5928
1530001 1.59507
1540001 1.59528
1550001 1.59989
1560001 1.59642
1570001 1.59554
1580001 1.58593
1590001 1.58515
1600001 1.57418
1610001 1.58183
1620001 1.56517
1630001 1.58339
1640001 1.57533
1650001 1.57803
1660001 1.591
1670001 1.5905
1680001 1.58869
1690001 1.57777
1700001 1.56961
1710001 1.56313
1720001 1.5691
1730001 1.56731
1740001 1.56223
1750001 1.55712
1760001 1.55594
1770001 1.57347
1780001 1.57021
1790001 1.57353
1800001 1.57438
1810001 1.56666
1820001 1.56661
1830001 1.56386
1840001 1.56101
1850001 1.5595
1860001 1.5706
1870001 1.56065
1880001 1.56021
1890001 1.56217
1900001 1.56675
1910001 1.56985
1920001 1.5628
1930001 1.54753
1940001 1.53935
1950001 1.54439
1960001 1.53929
1970001 1.54798
1980001 1.53882
1990001 1.53447
2000001 1.54157
2010001 1.54721
2020001 1.53824
2030001 1.54139
2040001 1.54002
2050001 1.54122
2060001 1.53129
2070001 1.52826
2080001 1.52158
2090001 1.53446
2100001 1.53064
2110001 1.54521
2120001 1.53979
2130001 1.53272
2140001 1.52544
2150001 1.53349
2160001 1.53934
2170001 1.53391
2180001 1.53298
2190001 1.52762
2200001 1.53435
2210001 1.54988
2220001 1.54541
2230001 1.5477
2240001 1.549
2250001 1.54321
2260001 1.5523
2270001 1.55867
2280001 1.56784
2290001 1.55195
2300001 1.54373
2310001 1.53522
2320001 1.52921
2330001 1.52743
2340001 1.5281
2350001 1.5384
2360001 1.53747
2370001 1.53863
2380001 1.53908
2390001 1.54703
2400001 1.54724
2410001 1.54212
2420001 1.56702
2430001 1.55574
2440001 1.56301
2450001 1.56089
2460001 1.55195
2470001 1.5433
2480001 1.54303
2490001 1.53508
2500001 1.54604
2510001 1.55585
2520001 1.55364
2530001 1.55621
2540001 1.56122
2550001 1.54799
2560001 1.54857
2570001 1.54566
2580001 1.55526
2590001 1.5602
2600001 1.55123
2610001 1.54623
2620001 1.55716
2630001 1.55942
2640001 1.56877
2650001 1.56323
2660001 1.55789
2670001 1.55206
2680001 1.55244
2690001 1.55428
2700001 1.55749
2710001 1.56155
2720001 1.57133
2730001 1.5666
2740001 1.56486
2750001 1.56521
2760001 1.56163
2770001 1.56909
2780001 1.55687
2790001 1.5599
2800001 1.56987
2810001 1.56393
2820001 1.56879
2830001 1.57011
2840001 1.56729
2850001 1.57398
2860001 1.56798
2870001 1.55046
2880001 1.5717
2890001 1.57655
2900001 1.57217
2910001 1.56363
2920001 1.56241
2930001 1.56328
2940001 1.56697
2950001 1.55747
2960001 1.55285
2970001 1.55954
2980001 1.54763
2990001 1.54957
3000001 1.55703
3010001 1.565
3020001 1.56542
3030001 1.57316
3040001 1.56971
3050001 1.57298
3060001 1.56456
3070001 1.57198
3080001 1.57466
3090001 1.56817
3100001 1.57591
3110001 1.57413
3120001 1.57789
3130001 1.5729
3140001 1.57728
3150001 1.567
3160001 1.5731
3170001 1.57392
3180001 1.57244
3190001 1.58621
3200001 1.58104
3210001 1.58321
3220001 1.58151
3230001 1.58012
3240001 1.57639
3250001 1.56641
3260001 1.57163
3270001 1.58551
3280001 1.58138
3290001 1.58563
3300001 1.58777
3310001 1.58912
3320001 1.5903
3330001 1.59012
3340001 1.58731
3350001 1.58641
3360001 1.59356
3370001 1.58763
3380001 1.57114
3390001 1.58618
3400001 1.58117
3410001 1.58986
3420001 1.58306
3430001 1.59337
3440001 1.59342
3450001 1.59412
3460001 1.6061
3470001 1.59972
3480001 1.59656
3490001 1.59859
3500001 1.60683
3510001 1.60105
3520001 1.60002
3530001 1.59479
3540001 1.58466
3550001 1.59878
3560001 1.59482
3570001 1.59079
3580001 1.5958
3590001 1.58777
3600001 1.58681
3610001 1.58898
3620001 1.58913
3630001 1.59161
3640001 1.60208
3650001 1.59362
3660001 1.59436
3670001 1.60273
3680001 1.60137
3690001 1.58951
3700001 1.59891
3710001 1.61158
3720001 1.61524
3730001 1.60112
3740001 1.5988
3750001 1.5969
3760001 1.59929
3770001 1.59427
3780001 1.59413
3790001 1.6111
3800001 1.61042
3810001 1.61409
3820001 1.60712
3830001 1.61068
3840001 1.60725
3850001 1.6097
3860001 1.61412
3870001 1.61101
3880001 1.60857
3890001 1.60972
3900001 1.61929
3910001 1.6149
3920001 1.60398
3930001 1.60785
3940001 1.60429
3950001 1.60966
3960001 1.6196
3970001 1.61349
3980001 1.60942
3990001 1.607
4000001 1.60632
4010001 1.60565
4020001 1.61656
4030001 1.63429
4040001 1.63579
4050001 1.62449
4060001 1.61852
4070001 1.62092
4080001 1.61608
4090001 1.62067
4100001 1.61101
4110001 1.62494
4120001 1.62937
4130001 1.62287
4140001 1.63715
4150001 1.63491
4160001 1.63268
4170001 1.63413
4180001 1.63337
4190001 1.63405
4200001 1.63476
4210001 1.64154
4220001 1.64213
4230001 1.63551
4240001 1.63657
4250001 1.6347
4260001 1.63254
4270001 1.63231
4280001 1.63638
4290001 1.63567
4300001 1.63907
4310001 1.64305
4320001 1.63987
4330001 1.63682
4340001 1.63481
4350001 1.63306
4360001 1.63643
4370001 1.62876
4380001 1.64094
4390001 1.64278
4400001 1.64343
4410001 1.64189
4420001 1.64088
4430001 1.64254
4440001 1.64932
4450001 1.64675
4460001 1.64921
4470001 1.66102
4480001 1.65068
4490001 1.65563
4500001 1.65821
4510001 1.64277
4520001 1.65265
4530001 1.63838
4540001 1.63423
4550001 1.63614
4560001 1.64125
4570001 1.64038
4580001 1.65171
4590001 1.64172
4600001 1.64816
4610001 1.64478
4620001 1.64884
4630001 1.63818
4640001 1.63778
4650001 1.63506
4660001 1.64167
4670001 1.63372
4680001 1.64775
4690001 1.64499
4700001 1.64039
4710001 1.64569
4720001 1.63855
4730001 1.64861
4740001 1.64503
4750001 1.64552
4760001 1.63951
4770001 1.63446
4780001 1.64701
4790001 1.63995
4800001 1.64345
4810001 1.63827
4820001 1.64223
4830001 1.6358
4840001 1.63087
4850001 1.64688
4860001 1.64368
4870001 1.63798
4880001 1.64113
4890001 1.6452
4900001 1.64407
4910001 1.63899
4920001 1.64375
4930001 1.63764
4940001 1.63635
4950001 1.64315
4960001 1.6449
4970001 1.6424
4980001 1.63296
4990001 1.62793
5000001 1.63851
5010001 1.64003
5020001 1.63228
5030001 1.62817
5040001 1.63801
5050001 1.63387
5060001 1.63625
5070001 1.64145
5080001 1.64089
5090001 1.64116
5100001 1.6346
5110001 1.62657
5120001 1.62761
5130001 1.6253
5140001 1.63268
5150001 1.6403
5160001 1.62871
5170001 1.63242
5180001 1.64047
5190001 1.64898
5200001 1.64141
5210001 1.64431
5220001 1.64406
5230001 1.65236
5240001 1.6486
5250001 1.65487
5260001 1.64315
5270001 1.63452
5280001 1.64096
5290001 1.64096
5300001 1.64152
5310001 1.64885
5320001 1.6495
5330001 1.64606
5340001 1.64713
5350001 1.65178
5360001 1.64211
5370001 1.64819
5380001 1.64829
5390001 1.64775
5400001 1.64826
5410001 1.64388
5420001 1.63187
5430001 1.63817
5440001 1.64376
5450001 1.63779
5460001 1.63944
5470001 1.63198
5480001 1.64916
5490001 1.64973
5500001 1.64637
5510001 1.64709
5520001 1.65486
5530001 1.65952
5540001 1.66588
5550001 1.66471
5560001 1.67337
5570001 1.6687
5580001 1.68085
5590001 1.6694
5600001 1.66146
5610001 1.66043
5620001 1.66767
5630001 1.65877
5640001 1.66007
5650001 1.66154
5660001 1.67081
5670001 1.67282
5680001 1.67141
5690001 1.67323
5700001 1.66384
5710001 1.67053
5720001 1.66575
5730001 1.66813
5740001 1.66928
5750001 1.67434
5760001 1.68447
5770001 1.68033
5780001 1.68316
5790001 1.68043
5800001 1.68111
5810001 1.6761
5820001 1.69264
5830001 1.69089
5840001 1.69142
5850001 1.67586
5860001 1.68105
5870001 1.67944
5880001 1.67618
5890001 1.6676
5900001 1.66698
5910001 1.66232
5920001 1.66318
5930001 1.65748
5940001 1.65708
5950001 1.66388
5960001 1.66569
5970001 1.66401
5980001 1.6711
5990001 1.66842
6000001 1.66187
6010001 1.66922
6020001 1.67587
6030001 1.68273
6040001 1.67528
6050001 1.67552
6060001 1.66713
6070001 1.67192
6080001 1.66649
6090001 1.66614
6100001 1.67735
6110001 1.66368
6120001 1.67942
6130001 1.67584
6140001 1.68448
6150001 1.67942
6160001 1.67036
6170001 1.69469
6180001 1.69219
6190001 1.68518
6200001 1.68244
6210001 1.6811
6220001 1.67733
6230001 1.68361
6240001 1.69118
6250001 1.67985
6260001 1.67171
6270001 1.67421
6280001 1.67368
6290001 1.67484
6300001 1.67281
6310001 1.67964
6320001 1.68294
6330001 1.6827
6340001 1.67708
6350001 1.6737
6360001 1.67064
6370001 1.66704
6380001 1.66745
6390001 1.66814
6400001 1.67536
6410001 1.66888
6420001 1.68109
6430001 1.6715
6440001 1.67252
6450001 1.68719
6460001 1.67828
6470001 1.69105
6480001 1.69119
6490001 1.68751
6500001 1.67883
6510001 1.68292
6520001 1.68431
6530001 1.67911
6540001 1.67948
6550001 1.67808
6560001 1.68117
6570001 1.67014
6580001 1.66718
6590001 1.66853
6600001 1.65832
6610001 1.66085
6620001 1.67312
6630001 1.67187
6640001 1.67525
6650001 1.66611
6660001 1.67003
6670001 1.67306
6680001 1.67696
6690001 1.67997
6700001 1.67682
6710001 1.68895
6720001 1.68284
6730001 1.68238
6740001 1.67568
6750001 1.67657
6760001 1.67861
6770001 1.68539
6780001 1.67419
6790001 1.67227
6800001 1.68874
6810001 1.67908
6820001 1.68615
6830001 1.68377
6840001 1.68012
6850001 1.67293
6860001 1.67903
6870001 1.68027
6880001 1.68043
6890001 1.6837
6900001 1.67582
6910001 1.68379
6920001 1.68355
6930001 1.69712
6940001 1.69372
6950001 1.69403
6960001 1.68579
6970001 1.68556
6980001 1.6897
6990001 1.69283
7000001 1.69215
7010001 1.70311
7020001 1.69558
7030001 1.70554
7040001 1.70043
7050001 1.69232
7060001 1.69593
7070001 1.69901
7080001 1.70523
7090001 1.69867
7100001 1.69396
7110001 1.68518
7120001 1.69055
7130001 1.70262
7140001 1.70084
7150001 1.70066
7160001 1.69414
7170001 1.6901
7180001 1.68472
7190001 1.68738
7200001 1.69141
7210001 1.68775
7220001 1.70291
7230001 1.6879
7240001 1.69924
7250001 1.70431
7260001 1.7035
7270001 1.70486
7280001 1.71226
7290001 1.69881
7300001 1.69333
7310001 1.68913
7320001 1.70735
7330001 1.70189
7340001 1.70102
7350001 1.69102
7360001 1.69959
7370001 1.70947
7380001 1.71602
7390001 1.71231
7400001 1.71914
7410001 1.70784
7420001 1.71718
7430001 1.71487
7440001 1.71965
7450001 1.71294
7460001 1.71085
7470001 1.71758
7480001 1.70615
7490001 1.71629
7500001 1.71742
7510001 1.70714
7520001 1.71451
7530001 1.71816
7540001 1.72346
7550001 1.73065
7560001 1.73508
7570001 1.74764
7580001 1.73134
7590001 1.72741
7600001 1.73076
7610001 1.73083
7620001 1.74027
7630001 1.74524
7640001 1.7359
7650001 1.73369
7660001 1.72361
7670001 1.72367
7680001 1.7322
7690001 1.72543
7700001 1.72806
7710001 1.72674
7720001 1.73339
7730001 1.73897
7740001 1.74035
7750001 1.74663
7760001 1.74179
7770001 1.73774
7780001 1.72654
7790001 1.7319
7800001 1.72754
7810001 1.73666
7820001 1.73717
7830001 1.74089
7840001 1.73968
7850001 1.73327
7860001 1.73352
7870001 1.74188
7880001 1.74029
7890001 1.73844
7900001 1.72912
7910001 1.72764
7920001 1.73596
7930001 1.72174
7940001 1.72469
7950001 1.72859
7960001 1.72085
7970001 1.73653
7980001 1.7363
7990001 1.74677
8000001 1.74415
8010001 1.73801
8020001 1.73045
8030001 1.73333
8040001 1.72982
8050001 1.73888
8060001 1.73513
8070001 1.74078
8080001 1.74846
8090001 1.74366
8100001 1.75025
8110001 1.74544
8120001 1.74302
8130001 1.74226
8140001 1.74205
8150001 1.73019
8160001 1.72907
8170001 1.74146
8180001 1.7308
8190001 1.73967
8200001 1.73159
8210001 1.72922
8220001 1.72991
8230001 1.73007
8240001 1.73739
8250001 1.73684
8260001 1.73926
8270001 1.73563
8280001 1.73136
8290001 1.72576
8300001 1.72169
8310001 1.73166
8320001 1.72624
8330001 1.735
8340001 1.72907
8350001 1.71945
8360001 1.71975
8370001 1.71753
8380001 1.71853
8390001 1.72117
8400001 1.72266
8410001 1.72724
8420001 1.73645
8430001 1.73018
8440001 1.7242
8450001 1.73003
8460001 1.73389
8470001 1.7285
8480001 1.72353
8490001 1.72871
8500001 1.72814
8510001 1.73715
8520001 1.74121
8530001 1.73761
8540001 1.73089
8550001 1.73813
8560001 1.72743
8570001 1.72421
8580001 1.71933
8590001 1.72456
8600001 1.73502
8610001 1.72792
8620001 1.72586
8630001 1.72619
8640001 1.7206
8650001 1.72587
8660001 1.72335
8670001 1.71279
8680001 1.71687
8690001 1.71941
8700001 1.72235
8710001 1.72526
8720001 1.72766
8730001 1.71583
8740001 1.72394
8750001 1.72812
8760001 1.72173
8770001 1.72392
8780001 1.73235
8790001 1.73201
8800001 1.73679
8810001 1.73406
8820001 1.7416
8830001 1.72948
8840001 1.73568
8850001 1.7292
8860001 1.72881
8870001 1.73353
8880001 1.71579
8890001 1.72771
8900001 1.72979
8910001 1.7316
8920001 1.73075
8930001 1.73687
8940001 1.72813
8950001 1.73922
8960001 1.73876
8970001 1.72736
8980001 1.7363
8990001 1.73154
9000001 1.72384
9010001 1.73659
9020001 1.7396
9030001 1.73313
9040001 1.72652
9050001 1.72083
9060001 1.72038
9070001 1.72458
9080001 1.7232
9090001 1.73427
9100001 1.7398
9110001 1.72793
9120001 1.7397
9130001 1.735
9140001 1.73868
9150001 1.74513
9160001 1.75145
9170001 1.74757
9180001 1.74472
9190001 1.75699
9200001 1.75626
9210001 1.74056
9220001 1.73932
9230001 1.74112
9240001 1.73598
9250001 1.73769
9260001 1.7465
9270001 1.75068
9280001 1.75101
9290001 1.75604
9300001 1.75153
9310001 1.74537
9320001 1.74785
9330001 1.75553
9340001 1.75995
9350001 1.74677
9360001 1.74452
9370001 1.75181
9380001 1.75346
9390001 1.74948
9400001 1.75262
9410001 1.74777
9420001 1.75402
9430001 1.75028
9440001 1.75606
9450001 1.75499
9460001 1.75953
9470001 1.74645
9480001 1.75651
9490001 1.74156
9500001 1.74687
9510001 1.73968
9520001 1.73336
9530001 1.73546
9540001 1.74688
9550001 1.74983
9560001 1.7423
9570001 1.74822
9580001 1.74513
9590001 1.75041
9600001 1.75167
9610001 1.75926
9620001 1.7644
9630001 1.75915
9640001 1.75464
9650001 1.74717
9660001 1.75238
9670001 1.74722
9680001 1.74792
9690001 1.74708
9700001 1.75107
9710001 1.7545
9720001 1.75473
9730001 1.74379
9740001 1.7432
9750001 1.7418
9760001 1.73498
9770001 1.73166
9780001 1.74418
9790001 1.75486
9800001 1.75051
9810001 1.74497
9820001 1.74671
9830001 1.74715
9840001 1.74563
9850001 1.74993
9860001 1.73629
9870001 1.73674
9880001 1.73779
9890001 1.73367
9900001 1.74688
9910001 1.7367
9920001 1.74284
9930001 1.73552
9940001 1.74118
9950001 1.7456
9960001 1.73508
9970001 1.73548
9980001 1.7397
9990001 1.73131
10000001 1.7374
10010001 1.73909
10020001 1.74757
10030001 1.75234
10040001 1.74699
10050001 1.75328
10060001 1.75047
10070001 1.75494
10080001 1.74773
10090001 1.75056
10100001 1.75389
10110001 1.75643
10120001 1.76284
10130001 1.74945
10140001 1.76193
10150001 1.75269
10160001 1.75341
10170001 1.75101
10180001 1.74884
10190001 1.758
10200001 1.7561
10210001 1.75594
10220001 1.75425
10230001 1.75342
10240001 1.75242
10250001 1.74353
10260001 1.76003
10270001 1.76465
10280001 1.75987
10290001 1.76838
10300001 1.75962
10310001 1.75191
10320001 1.74903
10330001 1.75927
10340001 1.76575
10350001 1.76097
10360001 1.75859
10370001 1.76186
10380001 1.76325
10390001 1.75355
10400001 1.75084
10410001 1.75178
10420001 1.75396
10430001 1.74213
10440001 1.74607
10450001 1.75211
10460001 1.75579
10470001 1.75348
10480001 1.76381
10490001 1.75609
10500001 1.75537
10510001 1.74968
10520001 1.74804
10530001 1.74531
10540001 1.75041
10550001 1.75594
10560001 1.74658
10570001 1.75183
10580001 1.75056
10590001 1.74879
10600001 1.74953
10610001 1.76133
10620001 1.7578
10630001 1.74641
10640001 1.749
10650001 1.74601
10660001 1.74494
10670001 1.74415
10680001 1.74472
10690001 1.75578
10700001 1.76034
10710001 1.75327
10720001 1.75616
10730001 1.74831
10740001 1.74815
10750001 1.74889
10760001 1.73924
10770001 1.75137
10780001 1.75689
10790001 1.76079
10800001 1.75547
10810001 1.75029
10820001 1.74629
10830001 1.74797
10840001 1.75753
10850001 1.75062
10860001 1.74765
10870001 1.76404
10880001 1.76533
10890001 1.76867
10900001 1.75691
10910001 1.7493
10920001 1.75945
10930001 1.75472
10940001 1.76327
10950001 1.7637
10960001 1.75909
10970001 1.76017
10980001 1.76915
10990001 1.76371
11000001 1.77039
11010001 1.77637
11020001 1.77563
11030001 1.77848
11040001 1.76742
11050001 1.76319
11060001 1.76675
11070001 1.76102
11080001 1.75773
11090001 1.76492
11100001 1.77359
11110001 1.78683
11120001 1.7823
11130001 1.77309
11140001 1.76459
11150001 1.76949
11160001 1.76241
11170001 1.7695
11180001 1.76362
11190001 1.74872
11200001 1.73736
11210001 1.74879
11220001 1.74843
11230001 1.74837
11240001 1.75713
11250001 1.74873
11260001 1.74059
11270001 1.73539
11280001 1.73228
11290001 1.7302
11300001 1.73983
11310001 1.74377
11320001 1.75142
11330001 1.75588
11340001 1.75068
11350001 1.74634
11360001 1.74891
11370001 1.75123
11380001 1.77108
11390001 1.76899
11400001 1.7752
11410001 1.77355
11420001 1.77718
11430001 1.78262
11440001 1.77367
11450001 1.77704
11460001 1.77796
11470001 1.77849
11480001 1.77576
11490001 1.77325
11500001 1.77147
11510001 1.77632
11520001 1.76902
11530001 1.77057
11540001 1.77594
11550001 1.77791
11560001 1.77085
11570001 1.77355
11580001 1.7717
11590001 1.77404
11600001 1.78564
11610001 1.78908
11620001 1.77765
11630001 1.77856
11640001 1.77607
11650001 1.77198
11660001 1.76863
11670001 1.77013
11680001 1.76626
11690001 1.76197
11700001 1.76857
11710001 1.75958
11720001 1.7744
11730001 1.77621
11740001 1.77826
11750001 1.77421
11760001 1.77512
11770001 1.776
11780001 1.77856
11790001 1.77688
11800001 1.77351
11810001 1.78097
11820001 1.76792
11830001 1.77687
11840001 1.76201
11850001 1.76656
11860001 1.76431
11870001 1.76774
11880001 1.7688
11890001 1.76286
11900001 1.76988
11910001 1.7676
11920001 1.76762
11930001 1.75829
11940001 1.76335
11950001 1.77107
11960001 1.77275
11970001 1.76796
11980001 1.7695
11990001 1.77663
12000001 1.77199
12010001 1.76433
12020001 1.76787
12030001 1.76299
12040001 1.76932
12050001 1.76416
12060001 1.76328
12070001 1.76509
12080001 1.772
12090001 1.77027
12100001 1.77847
12110001 1.77533
12120001 1.77045
12130001 1.75679
12140001 1.76772
12150001 1.75957
12160001 1.76482
12170001 1.75683
12180001 1.74965
12190001 1.75134
12200001 1.76125
12210001 1.75753
12220001 1.75816
12230001 1.76144
12240001 1.77069
12250001 1.77502
12260001 1.77086
12270001 1.76307
12280001 1.76984
12290001 1.76311
12300001 1.768
12310001 1.76342
12320001 1.7821
12330001 1.77948
12340001 1.77884
12350001 1.77693
12360001 1.77053
12370001 1.77537
12380001 1.78844
12390001 1.78384
12400001 1.7794
12410001 1.7812
12420001 1.78321
12430001 1.78089
12440001 1.79611
12450001 1.78436
12460001 1.77778
12470001 1.78162
12480001 1.79247
12490001 1.78958
12500001 1.78453
12510001 1.79203
12520001 1.78112
12530001 1.78076
12540001 1.79285
12550001 1.78712
12560001 1.7866
12570001 1.78503
12580001 1.78228
12590001 1.79394
12600001 1.78553
12610001 1.78737
12620001 1.78112
12630001 1.7855
12640001 1.78217
12650001 1.77512
12660001 1.78387
12670001 1.78398
12680001 1.79201
12690001 1.79208
12700001 1.79854
12710001 1.79693
12720001 1.78656
12730001 1.78769
12740001 1.77983
12750001 1.78131
12760001 1.787
12770001 1.78787
12780001 1.795
12790001 1.79032
12800001 1.79542
12810001 1.79511
12820001 1.79241
12830001 1.78299
12840001 1.78404
12850001 1.78541
12860001 1.77882
12870001 1.78155
12880001 1.78488
12890001 1.78223
12900001 1.77298
12910001 1.77415
12920001 1.77049
12930001 1.79194
12940001 1.78183
12950001 1.77755
12960001 1.77931
12970001 1.78618
12980001 1.78674
12990001 1.78558
13000001 1.79555
13010001 1.79778
13020001 1.80964
13030001 1.7999
13040001 1.80479
13050001 1.81012
13060001 1.79549
13070001 1.7993
13080001 1.80194
13090001 1.80391
13100001 1.79769
13110001 1.79897
13120001 1.79276
13130001 1.78934
13140001 1.781
13150001 1.77851
13160001 1.78243
13170001 1.78719
13180001 1.78677
13190001 1.79578
13200001 1.79208
13210001 1.78292
13220001 1.79057
13230001 1.79438
13240001 1.79945
13250001 1.79233
13260001 1.77966
13270001 1.78854
13280001 1.79653
13290001 1.79247
13300001 1.79283
13310001 1.79476
13320001 1.80733
13330001 1.80086
13340001 1.79949
13350001 1.79534
13360001 1.8096
13370001 1.80258
13380001 1.79929
13390001 1.80767
13400001 1.80498
13410001 1.80873
13420001 1.8028
13430001 1.79323
13440001 1.7921
13450001 1.79183
13460001 1.79188
13470001 1.79401
13480001 1.78932
13490001 1.78969
13500001 1.78942
13510001 1.80228
13520001 1.79311
13530001 1.79709
13540001 1.79628
13550001 1.79345
13560001 1.79605
13570001 1.79301
13580001 1.79518
13590001 1.78413
13600001 1.7779
13610001 1.78298
13620001 1.79117
13630001 1.78547
13640001 1.78832
13650001 1.7737
13660001 1.77663
13670001 1.78219
13680001 1.78433
13690001 1.79074
13700001 1.79177
13710001 1.7895
13720001 1.79208
13730001 1.78301
13740001 1.78913
13750001 1.79096
13760001 1.79367
13770001 1.79266
13780001 1.79701
13790001 1.7901
13800001 1.79211
13810001 1.78595
13820001 1.78924
13830001 1.78101
13840001 1.77693
13850001 1.78751
13860001 1.77757
13870001 1.76826
13880001 1.77447
13890001 1.78025
13900001 1.78938
13910001 1.79164
13920001 1.79807
13930001 1.78215
13940001 1.78244
13950001 1.78438
13960001 1.8025
13970001 1.80092
13980001 1.79779
13990001 1.80624
14000001 1.80258
14010001 1.79351
14020001 1.78926
14030001 1.80133
14040001 1.79
14050001 1.79156
14060001 1.79489
14070001 1.78629
14080001 1.78564
14090001 1.79446
14100001 1.79547
14110001 1.80239
14120001 1.79544
14130001 1.79572
14140001 1.79901
14150001 1.79888
14160001 1.7988
14170001 1.79651
14180001 1.80039
14190001 1.79271
14200001 1.80311
14210001 1.80616
14220001 1.80365
14230001 1.79899
14240001 1.80079
14250001 1.80046
14260001 1.80469
14270001 1.80522
14280001 1.79898
14290001 1.80708
14300001 1.80343
14310001 1.79998
14320001 1.79674
14330001 1.79295
14340001 1.80049
14350001 1.78402
14360001 1.79034
14370001 1.7942
14380001 1.79655
14390001 1.80505
14400001 1.80355
14410001 1.79024
14420001 1.79036
14430001 1.79599
14440001 1.79408
14450001 1.7973
14460001 1.7955
14470001 1.78992
14480001 1.80049
14490001 1.79811
14500001 1.79383
14510001 1.79655
14520001 1.80205
14530001 1.80524
14540001 1.79663
14550001 1.79741
14560001 1.80165
14570001 1.79533
14580001 1.79694
14590001 1.80378
14600001 1.81421
14610001 1.80389
14620001 1.79877
14630001 1.80337
14640001 1.79657
14650001 1.78447
14660001 1.78723
14670001 1.79772
14680001 1.79902
14690001 1.79026
14700001 1.79206
14710001 1.79844
14720001 1.79428
14730001 1.79656
14740001 1.79693
14750001 1.80665
14760001 1.80971
14770001 1.81415
14780001 1.80399
14790001 1.79314
14800001 1.80074
14810001 1.79822
14820001 1.7961
14830001 1.80988
14840001 1.80067
14850001 1.80699
14860001 1.80026
14870001 1.80415
14880001 1.8012
14890001 1.80096
14900001 1.79519
14910001 1.7935
14920001 1.80642
14930001 1.8073
14940001 1.79998
14950001 1.79477
14960001 1.79005
14970001 1.79769
14980001 1.79798
14990001 1.80802
15000001 1.80053
15010001 1.80093
15020001 1.79375
15030001 1.79779
15040001 1.79944
15050001 1.80166
15060001 1.79558
15070001 1.80065
15080001 1.80122
15090001 1.7927
15100001 1.79297
15110001 1.80233
15120001 1.80058
15130001 1.79858
15140001 1.79645
15150001 1.79274
15160001 1.79958
15170001 1.80822
15180001 1.80605
15190001 1.80197
15200001 1.80503
15210001 1.79549
15220001 1.78525
15230001 1.79471
15240001 1.79035
15250001 1.79136
15260001 1.80099
15270001 1.79193
15280001 1.81553
15290001 1.80263
15300001 1.82038
15310001 1.80842
15320001 1.80076
15330001 1.7934
15340001 1.79502
15350001 1.80507
15360001 1.79516
15370001 1.79769
15380001 1.79913
15390001 1.80749
15400001 1.81165
15410001 1.80384
15420001 1.80305
15430001 1.80635
15440001 1.80146
15450001 1.80132
15460001 1.81037
15470001 1.80968
15480001 1.80235
15490001 1.80227
15500001 1.78664
15510001 1.79226
15520001 1.799
15530001 1.8043
15540001 1.8106
15550001 1.80244
15560001 1.80583
15570001 1.8124
15580001 1.81798
15590001 1.80384
15600001 1.80522
15610001 1.81009
15620001 1.8118
15630001 1.81279
15640001 1.80946
15650001 1.80602
15660001 1.79246
15670001 1.79626
15680001 1.79595
15690001 1.78908
15700001 1.78924
15710001 1.78885
15720001 1.78691
15730001 1.78956
15740001 1.78425
15750001 1.79084
15760001 1.78729
15770001 1.7811
15780001 1.78802
15790001 1.7948
15800001 1.79229
15810001 1.80349
15820001 1.80102
15830001 1.80056
15840001 1.78949
15850001 1.78674
15860001 1.79492
15870001 1.785
15880001 1.79896
15890001 1.79245
15900001 1.79061
15910001 1.78805
15920001 1.78952
15930001 1.79025
15940001 1.78269
15950001 1.77592
15960001 1.77523
15970001 1.79299
15980001 1.79665
15990001 1.78524
16000001 1.78992
16010001 1.78641
16020001 1.78248
16030001 1.78451
16040001 1.78704
16050001 1.79258
16060001 1.79291
16070001 1.79736
16080001 1.79142
16090001 1.79437
16100001 1.7905
16110001 1.79591
16120001 1.80252
16130001 1.80066
16140001 1.79496
16150001 1.79494
16160001 1.79858
16170001 1.80177
16180001 1.7955
16190001 1.79062
16200001 1.79222
16210001 1.80114
16220001 1.80323
16230001 1.81304
16240001 1.8122
16250001 1.81287
16260001 1.81228
16270001 1.81557
16280001 1.80826
16290001 1.81134
16300001 1.80152
16310001 1.80589
16320001 1.80955
16330001 1.81317
16340001 1.81635
16350001 1.81347
16360001 1.81653
16370001 1.8314
16380001 1.83044
16390001 1.82166
16400001 1.82036
16410001 1.81799
16420001 1.80967
16430001 1.81567
16440001 1.80922
16450001 1.80815
16460001 1.80042
16470001 1.81029
16480001 1.8107
16490001 1.81297
16500001 1.80543
16510001 1.8145
16520001 1.80857
16530001 1.80093
16540001 1.81134
16550001 1.80762
16560001 1.80967
16570001 1.80779
16580001 1.80563
16590001 1.80016
16600001 1.80936
16610001 1.8121
16620001 1.8187
16630001 1.81619
16640001 1.81387
16650001 1.80915
16660001 1.80329
16670001 1.8048
16680001 1.80842
16690001 1.80814
16700001 1.80836
16710001 1.80568
16720001 1.80945
16730001 1.80074
16740001 1.8031
16750001 1.80678
16760001 1.8117
16770001 1.80559
16780001 1.8139
16790001 1.80659
16800001 1.81055
16810001 1.81307
16820001 1.81439
16830001 1.8167
16840001 1.81012
16850001 1.81001
16860001 1.80323
16870001 1.80561
16880001 1.80958
16890001 1.80859
16900001 1.80314
16910001 1.81098
16920001 1.81394
16930001 1.80972
16940001 1.82448
16950001 1.8132
16960001 1.82182
16970001 1.82321
16980001 1.82308
16990001 1.81703
17000001 1.81406
17010001 1.81507
17020001 1.81509
17030001 1.81396
17040001 1.81981
17050001 1.81651
17060001 1.82236
17070001 1.83213
17080001 1.82572
17090001 1.82833
17100001 1.83654
17110001 1.82569
17120001 1.83107
17130001 1.82976
17140001 1.82424
17150001 1.82195
17160001 1.82532
17170001 1.82063
17180001 1.8263
17190001 1.82888
17200001 1.82047
17210001 1.82004
17220001 1.81442
17230001 1.82285
17240001 1.82655
17250001 1.81984
17260001 1.8163
17270001 1.81903
17280001 1.81575
17290001 1.82312
17300001 1.82531
17310001 1.81755
17320001 1.82365
17330001 1.82287
17340001 1.82339
17350001 1.81647
17360001 1.81152
17370001 1.81128
17380001 1.81637
17390001 1.82093
17400001 1.81424
17410001 1.80363
17420001 1.80539
17430001 1.80514
17440001 1.81437
17450001 1.82711
17460001 1.81807
17470001 1.8215
17480001 1.81621
17490001 1.81951
17500001 1.82379
17510001 1.82352
17520001 1.82149
17530001 1.81156
17540001 1.81156
17550001 1.80529
17560001 1.82211
17570001 1.81722
17580001 1.81871
17590001 1.82967
17600001 1.8261
17610001 1.81961
17620001 1.82277
17630001 1.81955
17640001 1.82449
17650001 1.81746
17660001 1.82367
17670001 1.82456
17680001 1.81555
17690001 1.81816
17700001 1.81888
17710001 1.81574
17720001 1.83135
17730001 1.82234
17740001 1.81801
17750001 1.80444
17760001 1.81106
17770001 1.82934
17780001 1.82695
17790001 1.82246
17800001 1.81832
17810001 1.83563
17820001 1.83363
17830001 1.83215
17840001 1.82266
17850001 1.83096
17860001 1.83319
17870001 1.82537
17880001 1.82179
17890001 1.83055
17900001 1.82928
17910001 1.83109
17920001 1.83494
17930001 1.84522
17940001 1.83631
17950001 1.83501
17960001 1.83549
17970001 1.83317
17980001 1.84088
17990001 1.83248
18000001 1.83022
18010001 1.84109
18020001 1.8361
18030001 1.82713
18040001 1.843
18050001 1.83256
18060001 1.83814
18070001 1.8383
18080001 1.83632
18090001 1.83572
18100001 1.83068
18110001 1.83181
18120001 1.82436
18130001 1.82958
18140001 1.84124
18150001 1.8466
18160001 1.83588
18170001 1.84371
18180001 1.84873
18190001 1.8442
18200001 1.8365
18210001 1.83112
18220001 1.84332
18230001 1.83785
18240001 1.8439
18250001 1.84147
18260001 1.84226
18270001 1.83329
18280001 1.83982
18290001 1.837
18300001 1.84234
18310001 1.8359
18320001 1.83893
18330001 1.83478
18340001 1.8357
18350001 1.83149
18360001 1.82996
18370001 1.82587
18380001 1.83394
18390001 1.83716
18400001 1.82763
18410001 1.84019
18420001 1.83973
18430001 1.83925
18440001 1.83982
18450001 1.85164
18460001 1.84719
18470001 1.84247
18480001 1.84174
18490001 1.83938
18500001 1.85129
18510001 1.84064
18520001 1.84298
18530001 1.83797
18540001 1.84456
18550001 1.84593
18560001 1.84444
18570001 1.84125
18580001 1.84254
18590001 1.83667
18600001 1.8333
18610001 1.85111
18620001 1.84612
18630001 1.83853
18640001 1.8325
18650001 1.83263
18660001 1.84173
18670001 1.8505
18680001 1.84298
18690001 1.84848
18700001 1.83284
18710001 1.8316
18720001 1.83592
18730001 1.83705
18740001 1.8372
18750001 1.83645
18760001 1.83341
18770001 1.83777
18780001 1.83422
18790001 1.84479
18800001 1.84549
18810001 1.83691
18820001 1.83502
18830001 1.83165
18840001 1.82807
18850001 1.83305
18860001 1.83314
18870001 1.83827
18880001 1.84727
18890001 1.84588
18900001 1.84103
18910001 1.83296
18920001 1.84075
18930001 1.84266
18940001 1.84497
18950001 1.84242
18960001 1.84632
18970001 1.83769
18980001 1.84579
18990001 1.84551
19000001 1.83394
19010001 1.83779
19020001 1.84035
19030001 1.84261
19040001 1.83413
19050001 1.84234
19060001 1.83985
19070001 1.83954
19080001 1.83854
19090001 1.84028
19100001 1.82972
19110001 1.82718
19120001 1.81694
19130001 1.82016
19140001 1.83281
19150001 1.82975
19160001 1.83274
19170001 1.82784
19180001 1.83922
19190001 1.83731
19200001 1.8249
19210001 1.83607
19220001 1.83036
19230001 1.83479
19240001 1.83471
19250001 1.83133
19260001 1.82837
19270001 1.83332
19280001 1.83238
19290001 1.8388
19300001 1.83757
19310001 1.83415
19320001 1.82217
19330001 1.82673
19340001 1.82106
19350001 1.83448
19360001 1.82847
19370001 1.8286
19380001 1.8205
19390001 1.82024
19400001 1.8162
19410001 1.81575
19420001 1.80808
19430001 1.82146
19440001 1.82045
19450001 1.8152
19460001 1.81973
19470001 1.82457
19480001 1.8222
19490001 1.82509
19500001 1.82057
19510001 1.81848
19520001 1.81144
19530001 1.81654
19540001 1.81003
19550001 1.81536
19560001 1.81801
19570001 1.81527
19580001 1.81384
19590001 1.81437
19600001 1.82272
19610001 1.82697
19620001 1.81693
19630001 1.82522
19640001 1.8117
19650001 1.82037
19660001 1.82195
19670001 1.81989
19680001 1.82413
19690001 1.8384
19700001 1.83626
19710001 1.83893
19720001 1.83718
19730001 1.84241
19740001 1.83791
19750001 1.83612
19760001 1.83222
19770001 1.83095
19780001 1.83793
19790001 1.82844
19800001 1.82415
19810001 1.82782
19820001 1.83226
19830001 1.83545
19840001 1.82023
19850001 1.81898
19860001 1.82242
19870001 1.82347
19880001 1.8283
19890001 1.8258
19900001 1.83368
19910001 1.83262
19920001 1.83105
19930001 1.84045
19940001 1.83641
19950001 1.82537
19960001 1.81861
19970001 1.82993
19980001 1.83002
19990001 1.83015
20000001 1.83063
20010001 1.83743
20020001 1.83608
20030001 1.83847
20040001 1.83555
20050001 1.83441
20060001 1.83438
20070001 1.83023
20080001 1.83607
20090001 1.82657
20100001 1.83196
20110001 1.82892
20120001 1.8175
20130001 1.82105
20140001 1.81687
20150001 1.82838
20160001 1.82858
20170001 1.82114
20180001 1.82015
20190001 1.81742
20200001 1.82499
20210001 1.83329
20220001 1.82538
20230001 1.82533
20240001 1.82718
20250001 1.83012
20260001 1.82642
20270001 1.83014
20280001 1.83445
20290001 1.83389
20300001 1.82496
20310001 1.81957
20320001 1.82051
20330001 1.8179
20340001 1.8193
20350001 1.81255
20360001 1.8146
20370001 1.82138
20380001 1.82317
20390001 1.82204
20400001 1.81944
20410001 1.81646
20420001 1.81266
20430001 1.81684
20440001 1.82066
20450001 1.82382
20460001 1.81735
20470001 1.81648
20480001 1.82018
20490001 1.82294
20500001 1.82795
20510001 1.8269
20520001 1.83068
20530001 1.83027
20540001 1.8234
20550001 1.82618
20560001 1.83053
20570001 1.82691
20580001 1.81515
20590001 1.82421
20600001 1.82356
20610001 1.8223
20620001 1.82169
20630001 1.82463
20640001 1.8266
20650001 1.82302
20660001 1.83099
20670001 1.83015
20680001 1.83809
20690001 1.83735
20700001 1.82742
20710001 1.82433
20720001 1.82419
20730001 1.82884
20740001 1.81838
20750001 1.81151
20760001 1.81622
20770001 1.81703
20780001 1.81842
20790001 1.82354
20800001 1.82686
20810001 1.82041
20820001 1.81875
20830001 1.81304
20840001 1.81288
20850001 1.82296
20860001 1.81405
20870001 1.82209
20880001 1.83912
20890001 1.81944
20900001 1.82006
20910001 1.82158
20920001 1.82078
20930001 1.8246
20940001 1.81873
20950001 1.82066
20960001 1.82654
20970001 1.82133
20980001 1.83247
20990001 1.82785
21000001 1.83162
21010001 1.83917
21020001 1.84348
21030001 1.8305
21040001 1.82473
21050001 1.81554
21060001 1.82138
21070001 1.82042
21080001 1.82792
21090001 1.82261
21100001 1.81565
21110001 1.81561
21120001 1.82486
21130001 1.82673
21140001 1.82374
21150001 1.82463
21160001 1.83623
21170001 1.83182
21180001 1.84533
21190001 1.83278
21200001 1.83666
21210001 1.82934
21220001 1.83665
21230001 1.83987
21240001 1.83773
21250001 1.84519
21260001 1.8449
21270001 1.83896
21280001 1.84302
21290001 1.83145
21300001 1.83345
21310001 1.83547
21320001 1.82373
21330001 1.82281
21340001 1.81476
21350001 1.82502
21360001 1.8162
21370001 1.81746
21380001 1.81181
21390001 1.81672
21400001 1.81766
21410001 1.82735
21420001 1.82675
21430001 1.81704
21440001 1.82286
21450001 1.82257
21460001 1.82171
21470001 1.82146
21480001 1.82219
21490001 1.81556
21500001 1.81739
21510001 1.82098
21520001 1.82753
21530001 1.8351
21540001 1.83662
21550001 1.82991
21560001 1.83075
21570001 1.82233
21580001 1.81594
21590001 1.82267
21600001 1.8154
21610001 1.81514
21620001 1.82037
21630001 1.8187
21640001 1.82481
21650001 1.83116
21660001 1.8269
21670001 1.81866
21680001 1.82949
21690001 1.84103
21700001 1.84732
21710001 1.84305
21720001 1.83862
21730001 1.82931
21740001 1.82929
21750001 1.83644
21760001 1.83401
21770001 1.83768
21780001 1.84856
21790001 1.8342
21800001 1.82566
21810001 1.82734
21820001 1.82284
21830001 1.8291
21840001 1.83066
21850001 1.82937
21860001 1.83506
21870001 1.82451
21880001 1.82747
21890001 1.82738
21900001 1.82676
21910001 1.82784
21920001 1.82625
21930001 1.81965
21940001 1.8211
21950001 1.81836
21960001 1.82141
21970001 1.81936
21980001 1.82213
21990001 1.83137
22000001 1.82898
22010001 1.82445
22020001 1.82239
22030001 1.82126
22040001 1.81484
22050001 1.82945
22060001 1.82764
22070001 1.82706
22080001 1.82686
22090001 1.82856
22100001 1.82734
22110001 1.8175
22120001 1.8206
22130001 1.8122
22140001 1.81395
22150001 1.81361
22160001 1.82256
22170001 1.82803
22180001 1.82777
22190001 1.83076
22200001 1.8239
22210001 1.81811
22220001 1.81543
22230001 1.81985
22240001 1.82485
22250001 1.82462
22260001 1.82245
22270001 1.8266
22280001 1.82412
22290001 1.8215
22300001 1.81696
22310001 1.8228
22320001 1.83082
22330001 1.82648
22340001 1.82593
22350001 1.82726
22360001 1.83311
22370001 1.83486
22380001 1.83339
22390001 1.83692
22400001 1.82459
22410001 1.83102
22420001 1.82931
22430001 1.82903
22440001 1.8209
22450001 1.82735
22460001 1.83819
22470001 1.8373
22480001 1.84122
22490001 1.84016
22500001 1.82444
22510001 1.8337
22520001 1.82988
22530001 1.83144
22540001 1.83267
22550001 1.83274
22560001 1.83806
22570001 1.8342
22580001 1.83426
22590001 1.83065
22600001 1.84786
22610001 1.8496
22620001 1.84039
22630001 1.84792
22640001 1.84023
22650001 1.83179
22660001 1.84563
22670001 1.83832
22680001 1.84591
22690001 1.84225
22700001 1.84079
22710001 1.84921
22720001 1.83959
22730001 1.84305
22740001 1.84134
22750001 1.83975
22760001 1.84657
22770001 1.84211
22780001 1.84272
22790001 1.83912
22800001 1.83781
22810001 1.83494
22820001 1.8395
22830001 1.84117
22840001 1.84435
22850001 1.84847
22860001 1.8384
22870001 1.83715
22880001 1.85341
22890001 1.85659
22900001 1.84784
22910001 1.83419
22920001 1.837
22930001 1.84875
22940001 1.8468
22950001 1.84934
22960001 1.85436
22970001 1.8453
22980001 1.83918
22990001 1.83969
23000001 1.84008
23010001 1.8335
23020001 1.84629
23030001 1.84837
23040001 1.83899
23050001 1.84462
23060001 1.85095
23070001 1.858
23080001 1.85116
23090001 1.85936
23100001 1.85593
23110001 1.86237
23120001 1.85249
23130001 1.85379
23140001 1.84775
23150001 1.84869
23160001 1.85179
23170001 1.84682
23180001 1.8456
23190001 1.83695
23200001 1.83852
23210001 1.84175
23220001 1.83927
23230001 1.85536
23240001 1.8587
23250001 1.85475
23260001 1.85129
23270001 1.84963
23280001 1.85527
23290001 1.85366
23300001 1.85601
23310001 1.85452
23320001 1.85291
23330001 1.8596
23340001 1.86164
23350001 1.86266
23360001 1.8536
23370001 1.8535
23380001 1.85383
23390001 1.85356
23400001 1.85463
23410001 1.85737
23420001 1.86199
23430001 1.85254
23440001 1.85513
23450001 1.85474
23460001 1.85401
23470001 1.84552
23480001 1.84292
23490001 1.84502
23500001 1.85075
23510001 1.85111
23520001 1.85123
23530001 1.84346
23540001 1.84599
23550001 1.84339
23560001 1.84217
23570001 1.84232
23580001 1.84258
23590001 1.85212
23600001 1.85738
23610001 1.84741
23620001 1.84773
23630001 1.84517
23640001 1.85041
23650001 1.83626
23660001 1.82914
23670001 1.83654
23680001 1.83378
23690001 1.83676
23700001 1.83797
23710001 1.84069
23720001 1.85071
23730001 1.85322
23740001 1.84861
23750001 1.84487
23760001 1.84676
23770001 1.84403
23780001 1.84439
23790001 1.84456
23800001 1.84126
23810001 1.83524
23820001 1.84118
23830001 1.84487
23840001 1.83511
23850001 1.83605
23860001 1.83357
23870001 1.84163
23880001 1.85526
23890001 1.85176
23900001 1.84552
23910001 1.84494
23920001 1.85671
23930001 1.85628
23940001 1.85254
23950001 1.84902
23960001 1.85919
23970001 1.85343
23980001 1.85416
23990001 1.85848
24000001 1.87493
24010001 1.86771
24020001 1.86545
24030001 1.87297
24040001 1.86049
24050001 1.86532
24060001 1.85997
24070001 1.86751
24080001 1.86531
24090001 1.85579
24100001 1.86088
24110001 1.85427
24120001 1.85859
24130001 1.85553
24140001 1.85787
24150001 1.8677
24160001 1.86525
24170001 1.85717
24180001 1.86865
24190001 1.86732
24200001 1.85588
24210001 1.85496
24220001 1.86449
24230001 1.86228
24240001 1.8514
24250001 1.83976
24260001 1.83722
24270001 1.84364
24280001 1.83721
24290001 1.85052
24300001 1.84609
24310001 1.85148
24320001 1.84964
24330001 1.84538
24340001 1.84594
24350001 1.85214
24360001 1.85215
24370001 1.84782
24380001 1.85189
24390001 1.85495
24400001 1.84755
24410001 1.86073
24420001 1.8511
24430001 1.85049
24440001 1.85332
24450001 1.85135
24460001 1.85318
24470001 1.84851
24480001 1.84174
24490001 1.83372
24500001 1.84442
24510001 1.84453
24520001 1.84434
24530001 1.85155
24540001 1.85095
24550001 1.85404
24560001 1.85348
24570001 1.85613
24580001 1.85889
24590001 1.86299
24600001 1.85914
24610001 1.84881
24620001 1.85648
24630001 1.85071
24640001 1.84817
24650001 1.84733
24660001 1.84289
24670001 1.84161
24680001 1.83143
24690001 1.83823
24700001 1.83958
24710001 1.84974
24720001 1.85299
24730001 1.84987
24740001 1.85187
24750001 1.85503
24760001 1.85004
24770001 1.86413
24780001 1.86171
24790001 1.85734
24800001 1.86001
24810001 1.85871
24820001 1.86114
24830001 1.85087
24840001 1.86115
24850001 1.85817
24860001 1.85214
24870001 1.85081
24880001 1.85392
24890001 1.8592
24900001 1.86619
24910001 1.86084
24920001 1.85342
24930001 1.85801
24940001 1.85742
24950001 1.86408
24960001 1.85879
24970001 1.85625
24980001 1.8634
24990001 1.86222
25000001 1.86263
25010001 1.85743
25020001 1.86629
25030001 1.87003
25040001 1.86269
25050001 1.86362
25060001 1.85125
25070001 1.84582
25080001 1.84623
25090001 1.84504
25100001 1.85193
25110001 1.85175
25120001 1.84866
25130001 1.85998
25140001 1.87208
25150001 1.86069
25160001 1.86235
25170001 1.85685
25180001 1.85635
25190001 1.85222
25200001 1.85231
25210001 1.85905
25220001 1.85376
25230001 1.85621
25240001 1.85671
25250001 1.86711
25260001 1.86631
25270001 1.86761
25280001 1.86622
25290001 1.8646
25300001 1.86901
25310001 1.86694
25320001 1.87268
25330001 1.8568
25340001 1.85929
25350001 1.86451
25360001 1.8672
25370001 1.85959
25380001 1.86532
25390001 1.87022
25400001 1.86578
25410001 1.8711
25420001 1.86146
25430001 1.85104
25440001 1.84703
25450001 1.85911
25460001 1.85773
25470001 1.84897
25480001 1.85611
25490001 1.85625
25500001 1.84695
25510001 1.84128
25520001 1.84727
25530001 1.84972
25540001 1.84187
25550001 1.84411
25560001 1.84794
25570001 1.84754
25580001 1.846
25590001 1.85384
25600001 1.84793
25610001 1.85244
25620001 1.8556
25630001 1.85445
25640001 1.85487
25650001 1.85318
25660001 1.85281
25670001 1.86177
25680001 1.85449
25690001 1.85333
25700001 1.85492
25710001 1.84938
25720001 1.84546
25730001 1.85364
25740001 1.84856
25750001 1.84826
25760001 1.84733
25770001 1.84094
25780001 1.84716
25790001 1.84687
25800001 1.85196
25810001 1.86224
25820001 1.85929
25830001 1.85433
25840001 1.85445
25850001 1.85457
25860001 1.85579
25870001 1.85492
25880001 1.8586
25890001 1.8547
25900001 1.85774
25910001 1.87086
25920001 1.86717
25930001 1.85569
25940001 1.85622
25950001 1.85626
25960001 1.85884
25970001 1.85923
25980001 1.85321
25990001 1.85539
26000001 1.85402
26010001 1.85036
26020001 1.86021
26030001 1.86364
26040001 1.87077
26050001 1.87518
26060001 1.87181
26070001 1.8711
26080001 1.86629
26090001 1.86855
26100001 1.86776
26110001 1.86085
26120001 1.87127
26130001 1.87155
26140001 1.86984
26150001 1.87894
26160001 1.88719
26170001 1.88028
26180001 1.86519
26190001 1.87565
26200001 1.87616
26210001 1.87612
26220001 1.87158
26230001 1.86644
26240001 1.86463
26250001 1.87194
26260001 1.86624
26270001 1.86705
26280001 1.86771
26290001 1.86503
26300001 1.85741
26310001 1.85698
26320001 1.8697
26330001 1.87427
26340001 1.87942
26350001 1.87636
26360001 1.86006
26370001 1.86838
26380001 1.86237
26390001 1.86829
26400001 1.85915
26410001 1.8692
26420001 1.8603
26430001 1.86468
26440001 1.86149
26450001 1.86449
26460001 1.84943
26470001 1.85719
26480001 1.85293
26490001 1.86415
26500001 1.86822
26510001 1.87174
26520001 1.87029
26530001 1.86796
26540001 1.87574
26550001 1.86527
26560001 1.85882
26570001 1.85693
26580001 1.86651
26590001 1.87226
26600001 1.8775
26610001 1.87493
26620001 1.86618
26630001 1.8692
26640001 1.84664
26650001 1.85477
26660001 1.86782
26670001 1.86578
26680001 1.86134
26690001 1.87164
26700001 1.86896
26710001 1.86398
26720001 1.86129
26730001 1.86057
26740001 1.8658
26750001 1.86866
26760001 1.86914
26770001 1.86571
26780001 1.87766
26790001 1.87367
26800001 1.88004
26810001 1.8811
26820001 1.87963
26830001 1.8923
26840001 1.88576
26850001 1.87517
26860001 1.87898
26870001 1.88291
26880001 1.87321
26890001 1.86572
26900001 1.87224
26910001 1.87554
26920001 1.86685
26930001 1.87527
26940001 1.87416
26950001 1.87654
26960001 1.88462
26970001 1.87785
26980001 1.88245
26990001 1.88125
27000001 1.88009
27010001 1.88799
27020001 1.88798
27030001 1.88083
27040001 1.88125
27050001 1.88919
27060001 1.88079
27070001 1.89349
27080001 1.87898
27090001 1.88202
27100001 1.87699
27110001 1.88012
27120001 1.88949
27130001 1.89241
27140001 1.8888
27150001 1.88403
27160001 1.88131
27170001 1.89136
27180001 1.88694
27190001 1.88183
27200001 1.88688
27210001 1.88795
27220001 1.88137
27230001 1.88994
27240001 1.88311
27250001 1.88102
27260001 1.8881
27270001 1.88486
27280001 1.88104
27290001 1.88529
27300001 1.8802
27310001 1.87919
27320001 1.87377
27330001 1.86945
27340001 1.87965
27350001 1.8819
27360001 1.8807
27370001 1.87542
27380001 1.87704
27390001 1.87896
27400001 1.8769
27410001 1.87954
27420001 1.87559
27430001 1.86961
27440001 1.87321
27450001 1.86588
27460001 1.87666
27470001 1.87019
27480001 1.87203
27490001 1.88057
27500001 1.87785
27510001 1.88587
27520001 1.88827
27530001 1.88375
27540001 1.87254
27550001 1.87298
27560001 1.88118
27570001 1.87887
27580001 1.87782
27590001 1.87469
27600001 1.86838
27610001 1.87422
27620001 1.87848
27630001 1.88221
27640001 1.8699
27650001 1.86835
27660001 1.87032
27670001 1.86858
27680001 1.87367
27690001 1.8842
27700001 1.87725
27710001 1.86586
27720001 1.87511
27730001 1.87817
27740001 1.87765
27750001 1.86796
27760001 1.86298
27770001 1.86973
27780001 1.87056
27790001 1.87091
27800001 1.86305
27810001 1.86805
27820001 1.85423
27830001 1.86243
27840001 1.86821
27850001 1.87348
27860001 1.86794
27870001 1.86668
27880001 1.86871
27890001 1.86974
27900001 1.8761
27910001 1.87773
27920001 1.87417
27930001 1.87261
27940001 1.87119
27950001 1.87195
27960001 1.86608
27970001 1.86472
27980001 1.87347
27990001 1.86869
28000001 1.86378
28010001 1.86439
28020001 1.86748
28030001 1.87565
28040001 1.8673
28050001 1.86941
28060001 1.86221
28070001 1.86514
28080001 1.86822
28090001 1.85792
28100001 1.8656
28110001 1.87546
28120001 1.87299
28130001 1.87556
28140001 1.88318
28150001 1.88946
28160001 1.88279
28170001 1.881
28180001 1.88323
28190001 1.87862
28200001 1.8901
28210001 1.87509
28220001 1.88078
28230001 1.87906
28240001 1.87555
28250001 1.87077
28260001 1.87419
28270001 1.87808
28280001 1.87421
28290001 1.8708
28300001 1.87193
28310001 1.87972
28320001 1.87931
28330001 1.87364
28340001 1.87797
28350001 1.86761
28360001 1.87717
28370001 1.87307
28380001 1.87829
28390001 1.87619
28400001 1.8699
28410001 1.87393
28420001 1.87309
28430001 1.86961
28440001 1.87926
28450001 1.87967
28460001 1.87947
28470001 1.87293
28480001 1.87395
28490001 1.87029
28500001 1.87315
28510001 1.87422
28520001 1.88568
28530001 1.87803
28540001 1.86638
28550001 1.87431
28560001 1.87606
28570001 1.87837
28580001 1.8825
28590001 1.88625
28600001 1.88476
28610001 1.88428
28620001 1.87737
28630001 1.89282
28640001 1.89486
28650001 1.89643
28660001 1.88932
28670001 1.88825
28680001 1.88877
28690001 1.8952
28700001 1.89439
28710001 1.89221
28720001 1.89003
28730001 1.88724
28740001 1.88462
28750001 1.87828
28760001 1.89329
28770001 1.89851
28780001 1.89539
28790001 1.8943
28800001 1.89753
28810001 1.8884
28820001 1.88631
28830001 1.87566
28840001 1.88553
28850001 1.88021
28860001 1.88239
28870001 1.8881
28880001 1.88643
28890001 1.87157
28900001 1.88444
28910001 1.87644
28920001 1.87767
28930001 1.87922
28940001 1.87284
28950001 1.87439
28960001 1.87391
28970001 1.88473
28980001 1.8815
28990001 1.87311
29000001 1.87665
29010001 1.88058
29020001 1.88034
29030001 1.88383
29040001 1.88292
29050001 1.88485
29060001 1.8836
29070001 1.89243
29080001 1.88749
29090001 1.88509
29100001 1.88317
29110001 1.88674
29120001 1.88913
29130001 1.89474
29140001 1.89263
29150001 1.89363
29160001 1.9001
29170001 1.89792
29180001 1.89517
29190001 1.90068
29200001 1.90049
29210001 1.9067
29220001 1.89419
29230001 1.89009
29240001 1.88858
29250001 1.88642
29260001 1.899
29270001 1.89769
29280001 1.8915
29290001 1.89986
29300001 1.89372
29310001 1.89175
29320001 1.89012
29330001 1.88211
29340001 1.88084
29350001 1.87559
29360001 1.88174
29370001 1.87432
29380001 1.88081
29390001 1.87518
29400001 1.87926
29410001 1.87483
29420001 1.87465
29430001 1.87277
29440001 1.88142
29450001 1.89465
29460001 1.89952
29470001 1.89919
29480001 1.89696
29490001 1.89901
29500001 1.90566
29510001 1.89343
29520001 1.90333
29530001 1.90202
29540001 1.90399
29550001 1.90812
29560001 1.89621
29570001 1.89545
29580001 1.88161
29590001 1.8835
29600001 1.88465
29610001 1.8875
29620001 1.88726
29630001 1.8872
29640001 1.8786
29650001 1.88613
29660001 1.89101
29670001 1.88746
29680001 1.87373
29690001 1.88507
29700001 1.88663
29710001 1.88226
29720001 1.88631
29730001 1.87865
29740001 1.8806
29750001 1.87361
29760001 1.86949
29770001 1.87578
29780001 1.87558
29790001 1.87856
29800001 1.87756
29810001 1.87955
29820001 1.88089
29830001 1.87728
29840001 1.87895
29850001 1.87426
29860001 1.88396
29870001 1.88878
29880001 1.88199
29890001 1.88351
29900001 1.88874
29910001 1.8962
29920001 1.88438
29930001 1.88415
29940001 1.90465
29950001 1.88972
29960001 1.89451
29970001 1.89098
29980001 1.89584
29990001 1.8926
