1 960.372
10001 49.9092
20001 24.543
30001 16.1711
40001 13.2624
50001 11.7115
60001 10.7307
70001 10.9252
80001 10.1083
90001 9.36212
100001 9.6845
110001 9.38399
120001 9.49911
130001 8.6629
140001 9.18323
150001 9.06546
160001 8.75507
170001 8.94853
180001 9.00218
190001 9.24742
200001 8.72461
210001 8.88007
220001 8.74017
230001 8.9762
240001 8.73282
250001 8.80396
260001 8.56584
270001 9.13737
280001 8.77332
290001 8.77022
300001 8.69735
310001 8.78907
320001 8.91265
330001 8.61841
340001 8.98078
350001 8.74591
360001 8.56889
370001 8.63066
380001 8.74322
390001 9.28411
400001 8.9838
410001 9.56953
420001 9.20166
430001 8.77371
440001 8.78222
450001 9.19199
460001 8.69771
470001 8.75895
480001 8.89134
490001 8.70489
500001 8.81666
510001 9.01394
520001 8.72987
530001 8.92923
540001 9.41916
550001 9.13992
560001 8.8712
570001 8.73637
580001 8.6985
590001 8.81866
600001 9.0105
610001 8.66758
620001 8.94232
630001 8.82946
640001 8.96351
650001 8.64854
660001 8.62583
670001 8.54274
680001 8.9072
690001 8.79209
700001 8.98414
710001 8.83943
720001 8.86215
730001 8.78137
740001 8.96402
750001 9.2905
760001 8.73026
770001 8.9185
780001 8.91528
790001 8.83134
800001 9.4567
810001 8.60164
820001 8.89542
830001 8.81181
840001 8.3665
850001 9.04503
860001 8.42777
870001 8.3673
880001 8.86475
890001 8.4811
900001 8.75028
910001 8.60214
920001 8.63153
930001 8.33771
940001 9.21608
950001 9.21171
960001 8.61624
970001 8.61979
980001 8.89313
990001 8.51704
1000001 8.74406
1010001 9.20331
1020001 8.70357
1030001 8.53385
1040001 8.9861
1050001 8.97224
1060001 9.63619
1070001 8.76585
1080001 8.5922
1090001 8.62132
1100001 8.72267
1110001 8.48078
1120001 8.52356
1130001 9.04958
1140001 9.13073
1150001 8.47638
1160001 8.49931
1170001 8.64801
1180001 8.4463
1190001 9.30728
1200001 8.57932
1210001 8.87652
1220001 9.30515
1230001 9.08792
1240001 8.57251
1250001 9.01235
1260001 8.46743
1270001 8.99152
1280001 8.75172
1290001 8.98371
1300001 8.49516
1310001 8.5697
1320001 8.60694
1330001 9.28103
1340001 8.70061
1350001 9.25836
1360001 8.81892
1370001 8.68581
1380001 8.60746
1390001 9.06969
1400001 10.4697
1410001 8.87656
1420001 9.00768
1430001 8.78824
1440001 8.46163
1450001 8.78215
1460001 9.4373
1470001 9.1751
1480001 8.35187
1490001 9.0205
1500001 9.13839
1510001 8.8014
1520001 9.21707
1530001 8.73112
1540001 8.83901
1550001 8.66671
1560001 8.44749
1570001 8.70507
1580001 9.19904
1590001 8.93806
1600001 8.86038
1610001 8.43316
1620001 8.60054
1630001 9.15814
1640001 8.45691
1650001 8.64433
1660001 9.00411
1670001 8.69486
1680001 8.74837
1690001 8.56373
1700001 8.82709
1710001 8.62293
1720001 8.73718
1730001 9.01601
1740001 8.61346
1750001 8.82024
1760001 9.00345
1770001 9.04992
1780001 9.2235
1790001 8.8264
1800001 8.87268
1810001 9.46921
1820001 8.77707
1830001 9.35389
1840001 8.84854
1850001 8.81604
1860001 9.20965
1870001 9.01421
1880001 8.85305
1890001 8.42614
1900001 8.9135
1910001 8.68849
1920001 8.65213
1930001 8.9282
1940001 8.55255
1950001 8.58922
1960001 9.14295
1970001 9.21106
1980001 8.98693
1990001 8.46422
2000001 8.86384
2010001 8.88887
2020001 8.60088
2030001 8.94852
2040001 8.52158
2050001 8.92928
2060001 9.23432
2070001 8.79987
2080001 8.56476
2090001 8.93962
2100001 8.77984
2110001 9.03345
2120001 8.61031
2130001 8.75803
2140001 8.75687
2150001 8.79145
2160001 8.76717
2170001 8.73941
2180001 8.73695
2190001 8.86217
2200001 8.60199
2210001 8.56644
2220001 8.94758
2230001 9.04595
2240001 8.83346
2250001 9.12449
2260001 8.87374
2270001 8.54692
2280001 9.17308
2290001 8.8693
2300001 8.80591
2310001 9.34965
2320001 9.41188
2330001 8.60287
2340001 9.58309
2350001 8.93308
2360001 8.58055
2370001 8.45269
2380001 8.8491
2390001 9.63079
2400001 8.65912
2410001 8.79084
2420001 8.72474
2430001 9.0726
2440001 8.48009
2450001 8.94229
2460001 8.9364
2470001 8.75349
2480001 8.25445
2490001 8.41084
2500001 8.87332
2510001 8.25432
2520001 8.80219
2530001 8.89657
2540001 9.25979
2550001 8.51724
2560001 9.05174
2570001 9.38869
2580001 8.87928
2590001 8.65235
2600001 8.586
2610001 9.17078
2620001 8.78379
2630001 8.69811
2640001 8.71771
2650001 8.76855
2660001 8.51606
2670001 8.6468
2680001 9.41911
2690001 8.94358
2700001 8.56907
2710001 9.19768
2720001 8.69599
2730001 8.89431
2740001 9.01069
2750001 8.75613
2760001 8.89129
2770001 8.61777
2780001 8.74233
2790001 8.12193
2800001 8.91255
2810001 8.76763
2820001 8.90923
2830001 8.61972
2840001 8.83762
2850001 8.39481
2860001 8.82409
2870001 8.67887
2880001 9.14744
2890001 8.84607
2900001 8.43972
2910001 8.6318
2920001 8.6178
2930001 9.30416
2940001 9.12939
2950001 8.44528
2960001 9.07776
2970001 8.61402
2980001 9.57049
2990001 8.84738
3000001 8.90812
3010001 9.11227
3020001 9.20093
3030001 8.90383
3040001 8.74487
3050001 8.45965
3060001 10.0237
3070001 8.8208
3080001 9.05195
3090001 8.9074
3100001 8.82453
3110001 8.80106
3120001 8.70564
3130001 8.58943
3140001 8.81964
3150001 8.49384
3160001 9.04886
3170001 9.02348
3180001 8.824
3190001 8.55057
3200001 8.75526
3210001 9.32274
3220001 9.08215
3230001 8.41465
3240001 8.92244
3250001 8.45528
3260001 8.63574
3270001 8.3439
3280001 9.19245
3290001 9.07596
3300001 8.81476
3310001 9.14727
3320001 9.04312
3330001 8.75113
3340001 9.37759
3350001 8.74264
3360001 8.4805
3370001 8.81906
3380001 9.36147
3390001 8.8145
3400001 8.60625
3410001 8.91834
3420001 8.82542
3430001 8.41461
3440001 9.69758
3450001 8.82854
3460001 8.96111
3470001 8.89538
3480001 8.67303
3490001 8.74446
3500001 9.32737
3510001 8.82601
3520001 8.30912
3530001 8.30266
3540001 8.80554
3550001 8.90018
3560001 9.01453
3570001 8.63829
3580001 8.4386
3590001 8.48954
3600001 8.86418
3610001 8.90084
3620001 8.5798
3630001 8.81387
3640001 9.34379
3650001 9.02543
3660001 8.67803
3670001 8.31269
3680001 8.75674
3690001 8.72291
3700001 8.92811
3710001 8.99513
3720001 8.47112
3730001 8.61008
3740001 8.41574
3750001 8.95982
3760001 8.5258
3770001 8.98647
3780001 8.78303
3790001 8.71215
3800001 8.65074
3810001 8.66209
3820001 9.35868
3830001 8.49343
3840001 9.14002
3850001 9.02875
3860001 8.47192
3870001 8.86835
3880001 8.9824
3890001 9.04261
3900001 9.04972
3910001 8.63584
3920001 9.19522
3930001 8.57053
3940001 8.68012
3950001 9.23864
3960001 9.23444
3970001 8.96782
3980001 9.05304
3990001 8.8064
4000001 8.53955
4010001 8.99927
4020001 8.83758
4030001 8.74388
4040001 9.10582
4050001 8.6446
4060001 9.28483
4070001 8.50484
4080001 8.66499
4090001 8.52781
4100001 9.38762
4110001 8.64175
4120001 8.74449
4130001 8.48984
4140001 8.72513
4150001 9.17975
4160001 8.83943
4170001 9.0246
4180001 9.16457
4190001 9.11123
4200001 8.67784
4210001 8.53568
4220001 8.93862
4230001 10.1454
4240001 9.23481
4250001 8.45293
4260001 8.62055
4270001 8.72413
4280001 8.94761
4290001 8.78032
4300001 8.45259
4310001 8.67219
4320001 8.5336
4330001 8.5992
4340001 9.72458
4350001 8.64686
4360001 8.98071
4370001 8.6044
4380001 8.59789
4390001 8.98643
4400001 8.24265
4410001 9.17284
4420001 8.80978
4430001 8.8207
4440001 8.6502
4450001 9.06583
4460001 8.97207
4470001 8.89117
4480001 8.56573
4490001 9.25296
4500001 8.91132
4510001 8.69799
4520001 9.19778
4530001 9.03961
4540001 9.13171
4550001 8.71073
4560001 9.00841
4570001 8.60675
4580001 9.02514
4590001 8.68116
4600001 9.00971
4610001 8.58671
4620001 8.79318
4630001 8.40105
4640001 8.85926
4650001 8.63256
4660001 8.57285
4670001 8.66212
4680001 9.0293
4690001 8.82612
4700001 9.82255
4710001 9.18692
4720001 9.14004
4730001 8.7663
4740001 9.75662
4750001 8.76195
4760001 9.09924
4770001 9.30818
4780001 8.90491
4790001 8.63102
4800001 8.9602
4810001 8.6073
4820001 8.74513
4830001 9.17593
4840001 8.99628
4850001 8.68937
4860001 9.07524
4870001 8.50064
4880001 8.90107
4890001 8.89312
4900001 8.65096
4910001 9.28375
4920001 8.54674
4930001 8.66027
4940001 9.19936
4950001 9.20846
4960001 8.67347
4970001 8.61403
4980001 8.62455
4990001 8.83035
5000001 8.87983
5010001 9.43524
5020001 9.17394
5030001 8.62459
5040001 8.66857
5050001 9.14357
5060001 8.77448
5070001 9.13529
5080001 8.7297
5090001 8.67335
5100001 8.57558
5110001 8.7753
5120001 9.21108
5130001 8.68464
5140001 8.72451
5150001 8.79495
5160001 8.78771
5170001 8.81719
5180001 8.88261
5190001 9.07414
5200001 8.85334
5210001 8.69007
5220001 8.5281
5230001 8.59906
5240001 8.54589
5250001 8.69917
5260001 9.00229
5270001 9.16251
5280001 8.86179
5290001 9.21942
5300001 9.16223
5310001 8.65322
5320001 8.37604
5330001 8.82372
5340001 8.80136
5350001 8.72839
5360001 8.87346
5370001 9.09443
5380001 8.75229
5390001 8.56397
5400001 8.92945
5410001 8.27965
5420001 9.06132
5430001 8.86079
5440001 9.09653
5450001 8.51636
5460001 8.72844
5470001 8.56842
5480001 8.89478
5490001 8.60039
5500001 8.61071
5510001 8.45589
5520001 9.08573
5530001 9.08268
5540001 9.24216
5550001 8.88078
5560001 8.63359
5570001 8.53385
5580001 8.60253
5590001 8.59322
5600001 8.43032
5610001 8.83827
5620001 8.85419
5630001 8.6627
5640001 8.93043
5650001 8.71176
5660001 8.76568
5670001 9.04393
5680001 8.55813
5690001 8.666
5700001 8.81662
5710001 8.47191
5720001 8.79368
5730001 8.95102
5740001 8.45197
5750001 8.80739
5760001 9.60569
5770001 8.88006
5780001 8.57748
5790001 8.9793
5800001 8.53306
5810001 8.75817
5820001 8.96954
5830001 8.65621
5840001 8.59687
5850001 8.97766
5860001 9.1022
5870001 9.71317
5880001 8.80755
5890001 8.87814
5900001 8.43747
5910001 8.52456
5920001 8.41516
5930001 8.98377
5940001 9.1141
5950001 8.77814
5960001 8.53302
5970001 9.10026
5980001 8.85631
5990001 8.72232
6000001 8.97989
6010001 8.71213
6020001 8.8466
6030001 9.21553
6040001 8.61253
6050001 8.94675
6060001 8.69211
6070001 8.94512
6080001 8.78153
6090001 8.5531
6100001 8.77608
6110001 9.23058
6120001 8.24474
6130001 8.81754
6140001 8.67854
6150001 8.85865
6160001 8.6502
6170001 8.64903
6180001 8.78012
6190001 8.77256
6200001 8.93548
6210001 8.8522
6220001 9.28439
6230001 8.78851
6240001 8.50831
6250001 8.64198
6260001 8.77013
6270001 8.78714
6280001 8.6888
6290001 8.57916
6300001 9.36135
6310001 8.95049
6320001 9.64121
6330001 8.41453
6340001 8.3102
6350001 8.35913
6360001 8.8323
6370001 8.70823
6380001 8.88049
6390001 9.02455
6400001 8.64581
6410001 8.52728
6420001 9.0211
6430001 9.12892
6440001 8.55452
6450001 8.9363
6460001 8.78752
6470001 8.49092
6480001 8.91392
6490001 8.61265
6500001 9.18806
6510001 8.42136
6520001 8.65501
6530001 9.08366
6540001 8.74983
6550001 8.64907
6560001 8.64194
6570001 8.61093
6580001 8.58946
6590001 8.63205
6600001 8.56014
6610001 8.55876
6620001 8.51693
6630001 8.8507
6640001 8.95445
6650001 8.92845
6660001 8.75373
6670001 8.42668
6680001 8.99645
6690001 9.35487
6700001 9.29956
6710001 8.66922
6720001 8.40932
6730001 9.02978
6740001 8.68452
6750001 8.50445
6760001 8.92469
6770001 9.20188
6780001 8.71744
6790001 8.6256
6800001 8.54803
6810001 8.72624
6820001 9.10605
6830001 9.03858
6840001 9.03421
6850001 9.0052
6860001 8.98348
6870001 9.20165
6880001 8.69947
6890001 9.15583
6900001 8.50789
6910001 8.84001
6920001 8.74791
6930001 9.34079
6940001 8.71531
6950001 8.57493
6960001 9.17703
6970001 8.49467
6980001 8.53693
6990001 8.62999
7000001 9.07056
7010001 8.97626
7020001 8.9304
7030001 8.76085
7040001 8.58579
7050001 8.70877
7060001 8.61634
7070001 9.1435
7080001 9.20913
7090001 8.73954
7100001 8.89722
7110001 8.47607
7120001 9.05476
7130001 9.92355
7140001 8.84104
7150001 8.61494
7160001 8.72801
7170001 8.78481
7180001 9.39055
7190001 9.18802
7200001 8.59301
7210001 8.88132
7220001 9.07901
7230001 8.70351
7240001 8.79081
7250001 8.64176
7260001 9.0025
7270001 8.65578
7280001 8.64918
7290001 8.42673
7300001 8.8102
7310001 8.96751
7320001 8.79918
7330001 8.57388
7340001 8.97436
7350001 8.97729
7360001 8.64278
7370001 8.56613
7380001 8.71913
7390001 9.732
7400001 8.5958
7410001 8.64255
7420001 9.42271
7430001 8.59226
7440001 8.99204
7450001 8.53264
7460001 8.74333
7470001 8.67648
7480001 8.89078
7490001 8.8562
7500001 9.31497
7510001 8.80584
7520001 8.69544
7530001 8.6212
7540001 9.05048
7550001 8.95248
7560001 8.86406
7570001 8.72596
7580001 8.86046
7590001 8.58634
7600001 8.76384
7610001 8.39284
7620001 9.09615
7630001 8.84056
7640001 8.72991
7650001 8.77977
7660001 8.93945
7670001 8.57935
7680001 8.641
7690001 8.76487
7700001 8.71217
7710001 8.66367
7720001 8.58607
7730001 9.39207
7740001 8.44173
7750001 8.9621
7760001 8.79905
7770001 9.05111
7780001 8.98505
7790001 8.74353
7800001 8.61198
7810001 8.74433
7820001 8.74325
7830001 8.90202
7840001 8.96429
7850001 9.11471
7860001 8.75598
7870001 8.61943
7880001 9.01498
7890001 9.09641
7900001 9.23443
7910001 8.57341
7920001 9.48105
7930001 8.74866
7940001 9.11507
7950001 8.78365
7960001 8.80538
7970001 9.09344
7980001 8.85975
7990001 9.16579
8000001 8.60697
8010001 8.8459
8020001 8.69893
8030001 8.95157
8040001 8.72488
8050001 8.85858
8060001 8.59865
8070001 8.7918
8080001 9.33773
8090001 9.08577
8100001 9.04336
8110001 9.12433
8120001 8.88478
8130001 8.8664
8140001 8.33159
8150001 8.92886
8160001 8.72655
8170001 9.212
8180001 8.80532
8190001 8.51221
8200001 9.07782
8210001 8.74125
8220001 8.78123
8230001 8.75368
8240001 8.7263
8250001 8.46763
8260001 8.66372
8270001 8.8244
8280001 8.5137
8290001 8.46775
8300001 8.49635
8310001 8.94189
8320001 9.16019
8330001 9.21169
8340001 8.63287
8350001 8.62906
8360001 8.69826
8370001 8.45345
8380001 8.93376
8390001 8.4124
8400001 8.76861
8410001 8.59199
8420001 8.62882
8430001 8.62272
8440001 9.21475
8450001 8.95434
8460001 8.87298
8470001 8.71544
8480001 9.27192
8490001 8.82927
8500001 8.46096
8510001 8.78784
8520001 8.63161
8530001 8.90695
8540001 8.4968
8550001 8.669
8560001 8.40481
8570001 8.60914
8580001 9.03011
8590001 8.6548
8600001 8.61795
8610001 9.14182
8620001 8.6443
8630001 8.12979
8640001 8.32837
8650001 8.63616
8660001 8.99198
8670001 8.58738
8680001 9.4716
8690001 8.84797
8700001 8.76025
8710001 8.61406
8720001 8.64372
8730001 8.64663
8740001 8.79817
8750001 8.56639
8760001 8.96223
8770001 9.42818
8780001 8.75689
8790001 9.07752
8800001 8.40129
8810001 8.66506
8820001 8.56606
8830001 8.42923
8840001 8.56199
8850001 9.19231
8860001 8.64234
8870001 8.82365
8880001 8.58506
8890001 9.05037
8900001 8.51068
8910001 8.57216
8920001 8.45542
8930001 8.99023
8940001 8.73203
8950001 8.91344
8960001 8.78898
8970001 8.82425
8980001 8.88292
8990001 8.89998
9000001 8.64555
9010001 8.57528
9020001 8.59119
9030001 9.47483
9040001 8.62721
9050001 9.03742
9060001 8.46089
9070001 9.06265
9080001 8.74082
9090001 8.81415
9100001 8.94908
9110001 8.80176
9120001 8.79156
9130001 8.65013
9140001 9.02333
9150001 8.96143
9160001 9.37055
9170001 8.86894
9180001 8.71693
9190001 8.91975
9200001 8.70137
9210001 9.16992
9220001 8.76805
9230001 8.62118
9240001 8.75679
9250001 8.55684
9260001 9.37429
9270001 8.62882
9280001 8.6671
9290001 8.95515
9300001 9.10103
9310001 8.91111
9320001 9.0348
9330001 8.67362
9340001 8.81788
9350001 8.89722
9360001 8.62866
9370001 8.56489
9380001 8.66559
9390001 8.52332
9400001 8.89311
9410001 8.52976
9420001 8.72894
9430001 8.67577
9440001 8.50351
9450001 9.1615
9460001 8.67278
9470001 8.52027
9480001 8.78536
9490001 8.66878
9500001 8.5253
9510001 8.79152
9520001 8.82733
9530001 9.12372
9540001 8.9371
9550001 8.70834
9560001 8.65981
9570001 8.59917
9580001 8.68642
9590001 9.22534
9600001 8.89284
9610001 8.85427
9620001 8.64255
9630001 8.77368
9640001 9.05111
9650001 8.7099
9660001 8.68703
9670001 8.71973
9680001 8.5677
9690001 8.82805
9700001 8.68097
9710001 8.73693
9720001 8.54472
9730001 9.1941
9740001 8.67853
9750001 8.74345
9760001 9.43598
9770001 8.54489
9780001 8.98233
9790001 9.12925
9800001 8.82775
9810001 8.80575
9820001 9.05868
9830001 8.56539
9840001 8.60607
9850001 8.99599
9860001 8.95814
9870001 8.78501
9880001 8.75029
9890001 8.74033
9900001 9.2455
9910001 8.75665
9920001 8.7111
9930001 9.04599
9940001 8.73644
9950001 8.53513
9960001 8.73819
9970001 8.50961
9980001 8.50398
9990001 8.85143
