1 935.078
10001 34.556
20001 13.5961
30001 7.0105
40001 4.76322
50001 3.43708
60001 2.79721
70001 2.25731
80001 1.99833
90001 1.69357
100001 1.55574
110001 1.51251
120001 1.35285
130001 1.32364
140001 1.25697
150001 1.24943
160001 1.17
170001 1.2423
180001 1.16265
190001 1.16572
200001 1.21125
210001 1.186
220001 1.20426
230001 1.16286
240001 1.14802
250001 1.16291
260001 1.12005
270001 1.08254
280001 1.12504
290001 1.1328
300001 1.13859
310001 1.1175
320001 1.11479
330001 1.11879
340001 1.09158
350001 1.15037
360001 1.10615
370001 1.15381
380001 1.10786
390001 1.16
400001 1.17705
410001 1.13381
420001 1.1755
430001 1.12548
440001 1.16595
450001 1.13965
460001 1.2087
470001 1.19033
480001 1.15721
490001 1.14545
500001 1.14884
510001 1.12679
520001 1.13555
530001 1.11162
540001 1.18144
550001 1.13225
560001 1.12509
570001 1.12404
580001 1.14466
590001 1.20592
600001 1.21298
610001 1.09712
620001 1.15589
630001 1.11096
640001 1.1521
650001 1.13897
660001 1.09342
670001 1.15355
680001 1.19708
690001 1.1584
700001 1.1508
710001 1.12442
720001 1.2029
730001 1.1049
740001 1.11486
750001 1.10895
760001 1.12599
770001 1.10946
780001 1.14796
790001 1.11245
800001 1.12542
810001 1.10016
820001 1.15332
830001 1.11216
840001 1.1395
850001 1.07987
860001 1.17892
870001 1.14476
880001 1.14607
890001 1.12428
900001 1.12053
910001 1.17508
920001 1.17494
930001 1.11071
940001 1.18847
950001 1.14101
960001 1.12844
970001 1.11509
980001 1.10121
990001 1.08371
1000001 1.14167
1010001 1.20479
1020001 1.1105
1030001 1.1728
1040001 1.0974
1050001 1.14715
1060001 1.08148
1070001 1.16697
1080001 1.11342
1090001 1.13265
1100001 1.20173
1110001 1.13006
1120001 1.20151
1130001 1.16457
1140001 1.21779
1150001 1.12006
1160001 1.25754
1170001 1.10559
1180001 1.13219
1190001 1.08295
1200001 1.0808
1210001 1.11938
1220001 1.13533
1230001 1.08801
1240001 1.11441
1250001 1.09538
1260001 1.09845
1270001 1.16751
1280001 1.11486
1290001 1.10541
1300001 1.14863
1310001 1.10116
1320001 1.1241
1330001 1.15524
1340001 1.1201
1350001 1.12885
1360001 1.13606
1370001 1.07029
1380001 1.20037
1390001 1.11611
1400001 1.15176
1410001 1.12307
1420001 1.06839
1430001 1.14165
1440001 1.10098
1450001 1.12061
1460001 1.14951
1470001 1.12071
1480001 1.1511
1490001 1.16101
1500001 1.15715
1510001 1.14697
1520001 1.09652
1530001 1.13729
1540001 1.10786
1550001 1.19857
1560001 1.08927
1570001 1.10888
1580001 1.22322
1590001 1.1421
1600001 1.11722
1610001 1.12375
1620001 1.05662
1630001 1.1336
1640001 1.12528
1650001 1.13184
1660001 1.08477
1670001 1.11292
1680001 1.12184
1690001 1.14976
1700001 1.08593
1710001 1.10798
1720001 1.1696
1730001 1.15479
1740001 1.13914
1750001 1.1263
1760001 1.10897
1770001 1.20106
1780001 1.1525
1790001 1.15153
1800001 1.14461
1810001 1.13308
1820001 1.12247
1830001 1.09957
1840001 1.13507
1850001 1.14387
1860001 1.18765
1870001 1.25505
1880001 1.10626
1890001 1.18386
1900001 1.18712
1910001 1.09695
1920001 1.1087
1930001 1.13697
1940001 1.09491
1950001 1.08299
1960001 1.18706
1970001 1.11071
1980001 1.11963
1990001 1.17126
2000001 1.15994
2010001 1.11747
2020001 1.12
2030001 1.20374
2040001 1.13088
2050001 1.16101
2060001 1.2037
2070001 1.15949
2080001 1.15326
2090001 1.21263
2100001 1.08324
2110001 1.08812
2120001 1.13505
2130001 1.15296
2140001 1.19436
2150001 1.11767
2160001 1.10795
2170001 1.10683
2180001 1.13567
2190001 1.13893
2200001 1.15172
2210001 1.10774
2220001 1.08517
2230001 1.12502
2240001 1.15363
2250001 1.11195
2260001 1.21073
2270001 1.12984
2280001 1.08149
2290001 1.14423
2300001 1.11264
2310001 1.12335
2320001 1.22867
2330001 1.14531
2340001 1.12731
2350001 1.14743
2360001 1.09495
2370001 1.1558
2380001 1.1425
2390001 1.16442
2400001 1.07562
2410001 1.10358
2420001 1.08603
2430001 1.14897
2440001 1.2316
2450001 1.13665
2460001 1.19896
2470001 1.08107
2480001 1.23739
2490001 1.12869
2500001 1.14184
2510001 1.0973
2520001 1.19403
2530001 1.12361
2540001 1.1741
2550001 1.21844
2560001 1.1063
2570001 1.11709
2580001 1.16814
2590001 1.12349
2600001 1.10199
2610001 1.1447
2620001 1.28155
2630001 1.16793
2640001 1.09822
2650001 1.14515
2660001 1.13305
2670001 1.10023
2680001 1.08902
2690001 1.06597
2700001 1.34074
2710001 1.13323
2720001 1.1454
2730001 1.15687
2740001 1.14532
2750001 1.12513
2760001 1.13605
2770001 1.12702
2780001 1.15143
2790001 1.11019
2800001 1.18546
2810001 1.15908
2820001 1.11864
2830001 1.14497
2840001 1.12073
2850001 1.13092
2860001 1.12936
2870001 1.10574
2880001 1.10195
2890001 1.20786
2900001 1.13151
2910001 1.11212
2920001 1.1449
2930001 1.15965
2940001 1.15018
2950001 1.17313
2960001 1.16644
2970001 1.14317
2980001 1.14602
2990001 1.11799
3000001 1.15677
3010001 1.19242
3020001 1.21375
3030001 1.08227
3040001 1.18554
3050001 1.10583
3060001 1.16119
3070001 1.10208
3080001 1.08737
3090001 1.21554
3100001 1.07148
3110001 1.18301
3120001 1.1215
3130001 1.11229
3140001 1.13119
3150001 1.09145
3160001 1.09972
3170001 1.19632
3180001 1.09968
3190001 1.13102
3200001 1.15906
3210001 1.0958
3220001 1.1152
3230001 1.16424
3240001 1.11319
3250001 1.16415
3260001 1.1491
3270001 1.16595
3280001 1.09532
3290001 1.10622
3300001 1.13505
3310001 1.11246
3320001 1.18053
3330001 1.14621
3340001 1.13732
3350001 1.20615
3360001 1.14422
3370001 1.14627
3380001 1.13424
3390001 1.20094
3400001 1.11769
3410001 1.09748
3420001 1.23493
3430001 1.13012
3440001 1.16382
3450001 1.14098
3460001 1.19111
3470001 1.12137
3480001 1.14282
3490001 1.1749
3500001 1.08433
3510001 1.08156
3520001 1.07162
3530001 1.17277
3540001 1.1118
3550001 1.11966
3560001 1.07992
3570001 1.16783
3580001 1.13077
3590001 1.10623
3600001 1.1068
3610001 1.16158
3620001 1.14274
3630001 1.19409
3640001 1.09988
3650001 1.13727
3660001 1.18032
3670001 1.04397
3680001 1.10038
3690001 1.08891
3700001 1.24233
3710001 1.1222
3720001 1.189
3730001 1.1033
3740001 1.13906
3750001 1.18925
3760001 1.15664
3770001 1.16853
3780001 1.10705
3790001 1.1258
3800001 1.14888
3810001 1.14418
3820001 1.1686
3830001 1.07727
3840001 1.12738
3850001 1.17644
3860001 1.14959
3870001 1.13191
3880001 1.0943
3890001 1.1912
3900001 1.14002
3910001 1.11857
3920001 1.12646
3930001 1.09721
3940001 1.12041
3950001 1.12317
3960001 1.14028
3970001 1.12714
3980001 1.16505
3990001 1.12446
4000001 1.14802
4010001 1.11258
4020001 1.13751
4030001 1.1363
4040001 1.1129
4050001 1.14219
4060001 1.13526
4070001 1.13132
4080001 1.11069
4090001 1.12722
4100001 1.12204
4110001 1.13013
4120001 1.16893
4130001 1.09662
4140001 1.13879
4150001 1.14953
4160001 1.15082
4170001 1.07937
4180001 1.17996
4190001 1.0958
4200001 1.14724
4210001 1.15213
4220001 1.13442
4230001 1.09314
4240001 1.23682
4250001 1.12869
4260001 1.09701
4270001 1.14733
4280001 1.17012
4290001 1.14476
4300001 1.1433
4310001 1.17486
4320001 1.13172
4330001 1.14432
4340001 1.10872
4350001 1.14675
4360001 1.14228
4370001 1.08405
4380001 1.13496
4390001 1.14217
4400001 1.16445
4410001 1.17913
4420001 1.10046
4430001 1.15006
4440001 1.16277
4450001 1.12599
4460001 1.12769
4470001 1.12157
4480001 1.14171
4490001 1.10039
4500001 1.19213
4510001 1.12647
4520001 1.14226
4530001 1.12379
4540001 1.11128
4550001 1.08621
4560001 1.10875
4570001 1.10525
4580001 1.177
4590001 1.07716
4600001 1.14024
4610001 1.07959
4620001 1.21718
4630001 1.17751
4640001 1.22516
4650001 1.15932
4660001 1.15112
4670001 1.10931
4680001 1.10705
4690001 1.20958
4700001 1.17046
4710001 1.07621
4720001 1.09841
4730001 1.20998
4740001 1.13791
4750001 1.081
4760001 1.10287
4770001 1.18872
4780001 1.09415
4790001 1.15286
4800001 1.15977
4810001 1.19786
4820001 1.12755
4830001 1.11718
4840001 1.11405
4850001 1.14071
4860001 1.15627
4870001 1.16725
4880001 1.20259
4890001 1.13637
4900001 1.13541
4910001 1.16604
4920001 1.11555
4930001 1.08597
4940001 1.1303
4950001 1.11809
4960001 1.24857
4970001 1.28292
4980001 1.15934
4990001 1.22459
5000001 1.11511
5010001 1.16553
5020001 1.13595
5030001 1.11911
5040001 1.13781
5050001 1.24358
5060001 1.19415
5070001 1.18861
5080001 1.07039
5090001 1.11259
5100001 1.14136
5110001 1.13722
5120001 1.12525
5130001 1.17677
5140001 1.12367
5150001 1.19415
5160001 1.16989
5170001 1.14857
5180001 1.14337
5190001 1.09983
5200001 1.15268
5210001 1.08452
5220001 1.21284
5230001 1.10857
5240001 1.18608
5250001 1.10443
5260001 1.14141
5270001 1.11431
5280001 1.11307
5290001 1.23351
5300001 1.12374
5310001 1.18721
5320001 1.11047
5330001 1.11172
5340001 1.10345
5350001 1.11084
5360001 1.17382
5370001 1.09666
5380001 1.10911
5390001 1.16203
5400001 1.1578
5410001 1.07931
5420001 1.12928
5430001 1.09665
5440001 1.15536
5450001 1.14859
5460001 1.09808
5470001 1.10971
5480001 1.1153
5490001 1.12071
5500001 1.08789
5510001 1.09605
5520001 1.13606
5530001 1.09027
5540001 1.26196
5550001 1.07978
5560001 1.09857
5570001 1.07875
5580001 1.107
5590001 1.10495
5600001 1.14689
5610001 1.16611
5620001 1.09351
5630001 1.16191
5640001 1.0799
5650001 1.0707
5660001 1.09878
5670001 1.08993
5680001 1.16795
5690001 1.16562
5700001 1.11134
5710001 1.24331
5720001 1.16114
5730001 1.11658
5740001 1.13256
5750001 1.10713
5760001 1.11539
5770001 1.15067
5780001 1.11522
5790001 1.11313
5800001 1.17027
5810001 1.14581
5820001 1.09031
5830001 1.07511
5840001 1.12676
5850001 1.11048
5860001 1.11069
5870001 1.11701
5880001 1.14438
5890001 1.14672
5900001 1.11949
5910001 1.0974
5920001 1.17445
5930001 1.17409
5940001 1.13856
5950001 1.12286
5960001 1.13748
5970001 1.11447
5980001 1.21074
5990001 1.17398
6000001 1.14529
6010001 1.08532
6020001 1.12562
6030001 1.15356
6040001 1.30115
6050001 1.16127
6060001 1.15149
6070001 1.19705
6080001 1.13773
6090001 1.10592
6100001 1.14015
6110001 1.07798
6120001 1.14536
6130001 1.13705
6140001 1.13595
6150001 1.13905
6160001 1.23351
6170001 1.13504
6180001 1.09559
6190001 1.12792
6200001 1.20906
6210001 1.11162
6220001 1.07398
6230001 1.0938
6240001 1.10277
6250001 1.09996
6260001 1.19094
6270001 1.23291
6280001 1.10268
6290001 1.11501
6300001 1.06897
6310001 1.1463
6320001 1.10568
6330001 1.20315
6340001 1.19027
6350001 1.14427
6360001 1.08397
6370001 1.12443
6380001 1.10866
6390001 1.23814
6400001 1.08438
6410001 1.07848
6420001 1.12735
6430001 1.13971
6440001 1.08446
6450001 1.15065
6460001 1.16509
6470001 1.17012
6480001 1.13007
6490001 1.1367
6500001 1.08445
6510001 1.09419
6520001 1.09248
6530001 1.17165
6540001 1.13461
6550001 1.09004
6560001 1.3442
6570001 1.11089
6580001 1.13201
6590001 1.11876
6600001 1.1611
6610001 1.13032
6620001 1.14261
6630001 1.13774
6640001 1.10154
6650001 1.10509
6660001 1.10508
6670001 1.1105
6680001 1.13703
6690001 1.14875
6700001 1.15046
6710001 1.13559
6720001 1.14687
6730001 1.09798
6740001 1.12859
6750001 1.12733
6760001 1.08966
6770001 1.11599
6780001 1.15737
6790001 1.16247
6800001 1.16818
6810001 1.13843
6820001 1.18961
6830001 1.12449
6840001 1.10849
6850001 1.10785
6860001 1.23634
6870001 1.07355
6880001 1.13592
6890001 1.12731
6900001 1.16838
6910001 1.14193
6920001 1.13571
6930001 1.17809
6940001 1.15614
6950001 1.1152
6960001 1.14108
6970001 1.10504
6980001 1.18599
6990001 1.09935
7000001 1.14205
7010001 1.12082
7020001 1.24183
7030001 1.13747
7040001 1.17573
7050001 1.17883
7060001 1.13846
7070001 1.12792
7080001 1.19821
7090001 1.21073
7100001 1.17489
7110001 1.15303
7120001 1.21341
7130001 1.1297
7140001 1.18626
7150001 1.10389
7160001 1.11646
7170001 1.15402
7180001 1.22091
7190001 1.14958
7200001 1.11922
7210001 1.17124
7220001 1.16615
7230001 1.12993
7240001 1.12398
7250001 1.13403
7260001 1.14391
7270001 1.21173
7280001 1.11253
7290001 1.1482
7300001 1.18748
7310001 1.15901
7320001 1.14632
7330001 1.17835
7340001 1.15228
7350001 1.1784
7360001 1.137
7370001 1.19209
7380001 1.11853
7390001 1.1505
7400001 1.16914
7410001 1.13792
7420001 1.15252
7430001 1.16423
7440001 1.1138
7450001 1.17147
7460001 1.16648
7470001 1.09803
7480001 1.09985
7490001 1.20276
7500001 1.10265
7510001 1.13691
7520001 1.15336
7530001 1.08812
7540001 1.10726
7550001 1.12626
7560001 1.19361
7570001 1.11808
7580001 1.12843
7590001 1.14917
7600001 1.15737
7610001 1.16968
7620001 1.10876
7630001 1.15039
7640001 1.13156
7650001 1.14857
7660001 1.26696
7670001 1.15047
7680001 1.12293
7690001 1.12577
7700001 1.19715
7710001 1.11269
7720001 1.11194
7730001 1.07982
7740001 1.16594
7750001 1.17961
7760001 1.17653
7770001 1.07818
7780001 1.20323
7790001 1.12506
7800001 1.13227
7810001 1.13367
7820001 1.14127
7830001 1.1513
7840001 1.09399
7850001 1.07379
7860001 1.12541
7870001 1.15239
7880001 1.18698
7890001 1.15472
7900001 1.11956
7910001 1.18037
7920001 1.17676
7930001 1.1259
7940001 1.16706
7950001 1.1488
7960001 1.09211
7970001 1.15339
7980001 1.1286
7990001 1.10468
8000001 1.16784
8010001 1.0695
8020001 1.1327
8030001 1.18605
8040001 1.15591
8050001 1.16219
8060001 1.10884
8070001 1.12836
8080001 1.06526
8090001 1.10631
8100001 1.14992
8110001 1.1228
8120001 1.16158
8130001 1.2157
8140001 1.0763
8150001 1.10061
8160001 1.18052
8170001 1.08109
8180001 1.1746
8190001 1.18411
8200001 1.15817
8210001 1.14196
8220001 1.09053
8230001 1.17456
8240001 1.09374
8250001 1.10625
8260001 1.17404
8270001 1.11681
8280001 1.14116
8290001 1.23316
8300001 1.09359
8310001 1.14809
8320001 1.20893
8330001 1.23403
8340001 1.11647
8350001 1.16822
8360001 1.1182
8370001 1.12874
8380001 1.15146
8390001 1.16299
8400001 1.15073
8410001 1.11107
8420001 1.1347
8430001 1.11114
8440001 1.09027
8450001 1.11562
8460001 1.09851
8470001 1.11949
8480001 1.18875
8490001 1.11424
8500001 1.16932
8510001 1.12788
8520001 1.0905
8530001 1.12561
8540001 1.12172
8550001 1.1248
8560001 1.15679
8570001 1.10636
8580001 1.12709
8590001 1.1618
8600001 1.21541
8610001 1.17235
8620001 1.11331
8630001 1.15444
8640001 1.18748
8650001 1.21675
8660001 1.04335
8670001 1.11938
8680001 1.18078
8690001 1.18562
8700001 1.16262
8710001 1.09131
8720001 1.09485
8730001 1.15676
8740001 1.16293
8750001 1.11222
8760001 1.20167
8770001 1.13362
8780001 1.1124
8790001 1.13385
8800001 1.11169
8810001 1.14083
8820001 1.07437
8830001 1.13531
8840001 1.12852
8850001 1.10275
8860001 1.08369
8870001 1.19115
8880001 1.16358
8890001 1.07205
8900001 1.10433
8910001 1.11445
8920001 1.12278
8930001 1.12632
8940001 1.08126
8950001 1.12101
8960001 1.18782
8970001 1.09109
8980001 1.08149
8990001 1.19668
9000001 1.15283
9010001 1.08881
9020001 1.14052
9030001 1.06702
9040001 1.12559
9050001 1.13537
9060001 1.15049
9070001 1.10093
9080001 1.17659
9090001 1.1312
9100001 1.21292
9110001 1.13937
9120001 1.16104
9130001 1.11242
9140001 1.2657
9150001 1.11709
9160001 1.15812
9170001 1.1262
9180001 1.08843
9190001 1.13359
9200001 1.12334
9210001 1.13291
9220001 1.14527
9230001 1.10843
9240001 1.15492
9250001 1.12075
9260001 1.16311
9270001 1.13445
9280001 1.13394
9290001 1.12081
9300001 1.11588
9310001 1.14853
9320001 1.18592
9330001 1.16209
9340001 1.21204
9350001 1.08917
9360001 1.1524
9370001 1.09522
9380001 1.09283
9390001 1.10598
9400001 1.09049
9410001 1.14339
9420001 1.13671
9430001 1.14721
9440001 1.14275
9450001 1.10666
9460001 1.11771
9470001 1.09349
9480001 1.16331
9490001 1.15655
9500001 1.14087
9510001 1.13634
9520001 1.19196
9530001 1.1638
9540001 1.20344
9550001 1.17226
9560001 1.12408
9570001 1.09874
9580001 1.21336
9590001 1.15933
9600001 1.17655
9610001 1.11369
9620001 1.15821
9630001 1.12377
9640001 1.09153
9650001 1.13578
9660001 1.15977
9670001 1.13958
9680001 1.10285
9690001 1.19592
9700001 1.1941
9710001 1.16502
9720001 1.09752
9730001 1.08856
9740001 1.13889
9750001 1.17733
9760001 1.10585
9770001 1.06934
9780001 1.158
9790001 1.10449
9800001 1.04854
9810001 1.12948
9820001 1.18632
9830001 1.16479
9840001 1.11686
9850001 1.11983
9860001 1.14247
9870001 1.1096
9880001 1.06066
9890001 1.09576
9900001 1.16435
9910001 1.09041
9920001 1.10731
9930001 1.1042
9940001 1.12387
9950001 1.17629
9960001 1.1566
9970001 1.13587
9980001 1.11741
9990001 1.19257
10000001 1.14184
10010001 1.17405
10020001 1.14705
10030001 1.1409
10040001 1.09242
10050001 1.21811
10060001 1.12571
10070001 1.20116
10080001 1.13483
10090001 1.17358
10100001 1.11833
10110001 1.17425
10120001 1.11525
10130001 1.13727
10140001 1.16757
10150001 1.12884
10160001 1.24043
10170001 1.16698
10180001 1.19632
10190001 1.13436
10200001 1.18498
10210001 1.1378
10220001 1.14322
10230001 1.15945
10240001 1.1313
10250001 1.19564
10260001 1.18575
10270001 1.11497
10280001 1.12189
10290001 1.13517
10300001 1.1267
10310001 1.1507
10320001 1.15504
10330001 1.15045
10340001 1.20493
10350001 1.1026
10360001 1.14194
10370001 1.16605
10380001 1.14421
10390001 1.15878
10400001 1.24882
10410001 1.12397
10420001 1.24793
10430001 1.13151
10440001 1.11505
10450001 1.09178
10460001 1.11984
10470001 1.1414
10480001 1.12688
10490001 1.12904
10500001 1.08425
10510001 1.15353
10520001 1.0772
10530001 1.12846
10540001 1.09245
10550001 1.1932
10560001 1.15123
10570001 1.09457
10580001 1.22142
10590001 1.12523
10600001 1.14671
10610001 1.1661
10620001 1.13046
10630001 1.11239
10640001 1.20678
10650001 1.17457
10660001 1.10859
10670001 1.12797
10680001 1.12674
10690001 1.11607
10700001 1.10569
10710001 1.15405
10720001 1.10047
10730001 1.06994
10740001 1.2007
10750001 1.09209
10760001 1.10969
10770001 1.19186
10780001 1.11552
10790001 1.1273
10800001 1.13178
10810001 1.10131
10820001 1.16219
10830001 1.15013
10840001 1.13131
10850001 1.16192
10860001 1.11836
10870001 1.12821
10880001 1.16475
10890001 1.13568
10900001 1.09382
10910001 1.19545
10920001 1.10739
10930001 1.07122
10940001 1.05119
10950001 1.13225
10960001 1.17225
10970001 1.14632
10980001 1.11088
10990001 1.1189
11000001 1.16665
11010001 1.14299
11020001 1.11729
11030001 1.12267
11040001 1.11685
11050001 1.13598
11060001 1.14326
11070001 1.11843
11080001 1.0741
11090001 1.15766
11100001 1.13984
11110001 1.0847
11120001 1.10362
11130001 1.13497
11140001 1.14318
11150001 1.06927
11160001 1.11735
11170001 1.14176
11180001 1.16833
11190001 1.15707
11200001 1.13106
11210001 1.14395
11220001 1.17496
11230001 1.11266
11240001 1.09283
11250001 1.10245
11260001 1.10908
11270001 1.1497
11280001 1.12549
11290001 1.12963
11300001 1.15514
11310001 1.11002
11320001 1.1249
11330001 1.11024
11340001 1.10871
11350001 1.14543
11360001 1.1404
11370001 1.10647
11380001 1.07361
11390001 1.16914
11400001 1.09608
11410001 1.19452
11420001 1.07187
11430001 1.16883
11440001 1.14319
11450001 1.21257
11460001 1.08685
11470001 1.13548
11480001 1.21205
11490001 1.10275
11500001 1.12213
11510001 1.20674
11520001 1.1141
11530001 1.1743
11540001 1.13518
11550001 1.05444
11560001 1.12615
11570001 1.11604
11580001 1.1438
11590001 1.09947
11600001 1.11902
11610001 1.09077
11620001 1.17652
11630001 1.13113
11640001 1.11877
11650001 1.12612
11660001 1.12493
11670001 1.1575
11680001 1.10306
11690001 1.12923
11700001 1.1856
11710001 1.11928
11720001 1.12793
11730001 1.17644
11740001 1.14231
11750001 1.16306
11760001 1.14947
11770001 1.10203
11780001 1.18815
11790001 1.16323
11800001 1.15804
11810001 1.05888
11820001 1.19736
11830001 1.11789
11840001 1.1506
11850001 1.13128
11860001 1.16045
11870001 1.12122
11880001 1.13764
11890001 1.10312
11900001 1.10852
11910001 1.10305
11920001 1.10629
11930001 1.12621
11940001 1.13418
11950001 1.09097
11960001 1.15732
11970001 1.12851
11980001 1.13563
11990001 1.13682
12000001 1.09732
12010001 1.13314
12020001 1.13037
12030001 1.19042
12040001 1.12079
12050001 1.10225
12060001 1.17898
12070001 1.14987
12080001 1.09437
12090001 1.13079
12100001 1.1882
12110001 1.18612
12120001 1.126
12130001 1.13163
12140001 1.11154
12150001 1.07191
12160001 1.16017
12170001 1.11778
12180001 1.10064
12190001 1.0686
12200001 1.18447
12210001 1.07105
12220001 1.08289
12230001 1.15468
12240001 1.13888
12250001 1.15611
12260001 1.11685
12270001 1.12437
12280001 1.29768
12290001 1.11513
12300001 1.14142
12310001 1.12301
12320001 1.13657
12330001 1.16055
12340001 1.13937
12350001 1.16445
12360001 1.11658
12370001 1.13227
12380001 1.14803
12390001 1.12128
12400001 1.08535
12410001 1.14966
12420001 1.11469
12430001 1.15216
12440001 1.14167
12450001 1.08157
12460001 1.18058
12470001 1.1468
12480001 1.08154
12490001 1.13621
12500001 1.14094
12510001 1.09369
12520001 1.16146
12530001 1.1751
12540001 1.14402
12550001 1.10298
12560001 1.13038
12570001 1.13875
12580001 1.11484
12590001 1.13207
12600001 1.17727
12610001 1.10779
12620001 1.09341
12630001 1.15784
12640001 1.14158
12650001 1.11797
12660001 1.1963
12670001 1.13492
12680001 1.18778
12690001 1.09782
12700001 1.17295
12710001 1.13739
12720001 1.13373
12730001 1.16036
12740001 1.07927
12750001 1.13268
12760001 1.23304
12770001 1.16579
12780001 1.18044
12790001 1.12106
12800001 1.11198
12810001 1.13572
12820001 1.14226
12830001 1.11479
12840001 1.12299
12850001 1.16895
12860001 1.11388
12870001 1.13324
12880001 1.10399
12890001 1.15926
12900001 1.08001
12910001 1.15109
12920001 1.12822
12930001 1.14847
12940001 1.11162
12950001 1.10421
12960001 1.21813
12970001 1.12284
12980001 1.13761
12990001 1.12055
13000001 1.0851
13010001 1.09529
13020001 1.13112
13030001 1.15886
13040001 1.10221
13050001 1.10909
13060001 1.12952
13070001 1.12178
13080001 1.1279
13090001 1.14769
13100001 1.17605
13110001 1.07998
13120001 1.13952
13130001 1.10011
13140001 1.17678
13150001 1.14419
13160001 1.22189
13170001 1.10922
13180001 1.2007
13190001 1.17999
13200001 1.08482
13210001 1.14428
13220001 1.13196
13230001 1.10199
13240001 1.09328
13250001 1.17833
13260001 1.14979
13270001 1.20117
13280001 1.10163
13290001 1.16484
13300001 1.11422
13310001 1.15245
13320001 1.19904
13330001 1.09
13340001 1.09722
13350001 1.10768
13360001 1.15529
13370001 1.1116
13380001 1.13684
13390001 1.16271
13400001 1.12682
13410001 1.15255
13420001 1.14771
13430001 1.15814
13440001 1.12808
13450001 1.17625
13460001 1.15921
13470001 1.19208
13480001 1.13945
13490001 1.12744
13500001 1.15993
13510001 1.11606
13520001 1.13076
13530001 1.11465
13540001 1.11302
13550001 1.14819
13560001 1.17693
13570001 1.12979
13580001 1.09282
13590001 1.1288
13600001 1.16082
13610001 1.1231
13620001 1.1285
13630001 1.09208
13640001 1.09443
13650001 1.15333
13660001 1.09068
13670001 1.13896
13680001 1.09501
13690001 1.19787
13700001 1.16056
13710001 1.14248
13720001 1.1439
13730001 1.0702
13740001 1.10447
13750001 1.13212
13760001 1.11049
13770001 1.20165
13780001 1.16909
13790001 1.06004
13800001 1.09788
13810001 1.16689
13820001 1.13417
13830001 1.09721
13840001 1.11882
13850001 1.24
13860001 1.11235
13870001 1.12521
13880001 1.16624
13890001 1.11185
13900001 1.151
13910001 1.1737
13920001 1.1118
13930001 1.13486
13940001 1.16417
13950001 1.09707
13960001 1.16516
13970001 1.12612
13980001 1.15817
13990001 1.0612
14000001 1.06574
14010001 1.11507
14020001 1.19774
14030001 1.11233
14040001 1.18374
14050001 1.13894
14060001 1.09562
14070001 1.14162
14080001 1.09899
14090001 1.25307
14100001 1.09249
14110001 1.09594
14120001 1.11379
14130001 1.25608
14140001 1.11834
14150001 1.17145
14160001 1.12053
14170001 1.15062
14180001 1.11716
14190001 1.14971
14200001 1.11322
14210001 1.1316
14220001 1.27653
14230001 1.12865
14240001 1.18175
14250001 1.12254
14260001 1.1397
14270001 1.1047
14280001 1.0705
14290001 1.12061
14300001 1.15571
14310001 1.14749
14320001 1.09523
14330001 1.22544
14340001 1.10093
14350001 1.13162
14360001 1.10025
14370001 1.1882
14380001 1.10531
14390001 1.08912
14400001 1.15876
14410001 1.13919
14420001 1.12433
14430001 1.08621
14440001 1.10323
14450001 1.11811
14460001 1.14812
14470001 1.12058
14480001 1.07665
14490001 1.10758
14500001 1.25612
14510001 1.10831
14520001 1.13988
14530001 1.1305
14540001 1.13578
14550001 1.13534
14560001 1.1151
14570001 1.12618
14580001 1.12148
14590001 1.14136
14600001 1.17036
14610001 1.13565
14620001 1.17619
14630001 1.12115
14640001 1.13298
14650001 1.13052
14660001 1.09312
14670001 1.16181
14680001 1.14949
14690001 1.15013
14700001 1.14812
14710001 1.09083
14720001 1.09414
14730001 1.2129
14740001 1.1576
14750001 1.14359
14760001 1.13292
14770001 1.10664
14780001 1.18467
14790001 1.18302
14800001 1.13521
14810001 1.11848
14820001 1.13643
14830001 1.08531
14840001 1.1039
14850001 1.13173
14860001 1.1035
14870001 1.15119
14880001 1.107
14890001 1.07979
14900001 1.11222
14910001 1.11214
14920001 1.11599
14930001 1.17645
14940001 1.10209
14950001 1.09952
14960001 1.1337
14970001 1.22129
14980001 1.0671
14990001 1.21333
15000001 1.10977
15010001 1.13595
15020001 1.13761
15030001 1.16039
15040001 1.13431
15050001 1.18467
15060001 1.1681
15070001 1.10686
15080001 1.16669
15090001 1.11958
15100001 1.1692
15110001 1.11196
15120001 1.10904
15130001 1.17257
15140001 1.19273
15150001 1.07567
15160001 1.13105
15170001 1.12637
15180001 1.0777
15190001 1.11812
15200001 1.10003
15210001 1.10281
15220001 1.10908
15230001 1.15737
15240001 1.14014
15250001 1.1245
15260001 1.07866
15270001 1.09505
15280001 1.14396
15290001 1.14627
15300001 1.0819
15310001 1.18895
15320001 1.10058
15330001 1.16121
15340001 1.1896
15350001 1.14729
15360001 1.18729
15370001 1.16718
15380001 1.17162
15390001 1.18201
15400001 1.12986
15410001 1.14017
15420001 1.12494
15430001 1.10812
15440001 1.10043
15450001 1.07227
15460001 1.09446
15470001 1.1331
15480001 1.10363
15490001 1.09449
15500001 1.18444
15510001 1.07583
15520001 1.14376
15530001 1.08535
15540001 1.19333
15550001 1.20075
15560001 1.20979
15570001 1.1298
15580001 1.11485
15590001 1.09771
15600001 1.13457
15610001 1.13425
15620001 1.12447
15630001 1.17728
15640001 1.17804
15650001 1.14305
15660001 1.13422
15670001 1.13343
15680001 1.11448
15690001 1.14037
15700001 1.14005
15710001 1.13434
15720001 1.11426
15730001 1.13146
15740001 1.12815
15750001 1.19397
15760001 1.09685
15770001 1.16757
15780001 1.10541
15790001 1.094
15800001 1.17759
15810001 1.13836
15820001 1.16755
15830001 1.11806
15840001 1.1322
15850001 1.1052
15860001 1.08625
15870001 1.09754
15880001 1.12284
15890001 1.14763
15900001 1.11706
15910001 1.17509
15920001 1.20679
15930001 1.12427
15940001 1.15149
15950001 1.13896
15960001 1.25267
15970001 1.10776
15980001 1.14392
15990001 1.10328
16000001 1.08772
16010001 1.07889
16020001 1.10517
16030001 1.14183
16040001 1.14897
16050001 1.06867
16060001 1.19964
16070001 1.12135
16080001 1.21994
16090001 1.12544
16100001 1.10276
16110001 1.11718
16120001 1.1826
16130001 1.13001
16140001 1.1347
16150001 1.15457
16160001 1.11091
16170001 1.1536
16180001 1.19412
16190001 1.11463
16200001 1.12429
16210001 1.13458
16220001 1.16878
16230001 1.15052
16240001 1.08956
16250001 1.1533
16260001 1.1187
16270001 1.25535
16280001 1.10204
16290001 1.16674
16300001 1.14764
16310001 1.14962
16320001 1.13002
16330001 1.09196
16340001 1.08745
16350001 1.16624
16360001 1.11541
16370001 1.11346
16380001 1.09604
16390001 1.09759
16400001 1.14805
16410001 1.24525
16420001 1.12778
16430001 1.12523
16440001 1.14359
16450001 1.11164
16460001 1.16964
16470001 1.2238
16480001 1.10138
16490001 1.17885
16500001 1.12096
16510001 1.21601
16520001 1.12837
16530001 1.0997
16540001 1.1061
16550001 1.11433
16560001 1.12739
16570001 1.04422
16580001 1.10355
16590001 1.07551
16600001 1.21023
16610001 1.10842
16620001 1.19675
16630001 1.12118
16640001 1.11341
16650001 1.17601
16660001 1.19712
16670001 1.11252
16680001 1.12974
16690001 1.14481
16700001 1.10995
16710001 1.1636
16720001 1.10247
16730001 1.16406
16740001 1.14575
16750001 1.17471
16760001 1.071
16770001 1.13948
16780001 1.10381
16790001 1.16058
16800001 1.08906
16810001 1.11317
16820001 1.11041
16830001 1.10563
16840001 1.2029
16850001 1.14639
16860001 1.18108
16870001 1.16752
16880001 1.17438
16890001 1.09078
16900001 1.09712
16910001 1.13131
16920001 1.11673
16930001 1.12565
16940001 1.14778
16950001 1.10192
16960001 1.13303
16970001 1.12336
16980001 1.10557
16990001 1.08847
17000001 1.164
17010001 1.12222
17020001 1.14031
17030001 1.14593
17040001 1.12784
17050001 1.14562
17060001 1.10216
17070001 1.15523
17080001 1.08731
17090001 1.14528
17100001 1.15695
17110001 1.15705
17120001 1.21645
17130001 1.08444
17140001 1.20286
17150001 1.17746
17160001 1.22462
17170001 1.12083
17180001 1.12699
17190001 1.16631
17200001 1.13108
17210001 1.12385
17220001 1.14532
17230001 1.09253
17240001 1.16237
17250001 1.24294
17260001 1.18301
17270001 1.09192
17280001 1.11966
17290001 1.12993
17300001 1.1194
17310001 1.13015
17320001 1.22154
17330001 1.10989
17340001 1.08031
17350001 1.09361
17360001 1.11275
17370001 1.1516
17380001 1.10818
17390001 1.14509
17400001 1.18197
17410001 1.16848
17420001 1.20598
17430001 1.09402
17440001 1.07826
17450001 1.09157
17460001 1.13536
17470001 1.08107
17480001 1.12463
17490001 1.15814
17500001 1.08194
17510001 1.09312
17520001 1.124
17530001 1.11923
17540001 1.11932
17550001 1.11579
17560001 1.13149
17570001 1.10101
17580001 1.13111
17590001 1.14316
17600001 1.12322
17610001 1.09335
17620001 1.16576
17630001 1.12363
17640001 1.10222
17650001 1.14537
17660001 1.09407
17670001 1.14986
17680001 1.16917
17690001 1.08289
17700001 1.18025
17710001 1.13108
17720001 1.14102
17730001 1.1216
17740001 1.10907
17750001 1.13549
17760001 1.16873
17770001 1.17578
17780001 1.10642
17790001 1.12808
17800001 1.10941
17810001 1.13322
17820001 1.09331
17830001 1.17123
17840001 1.17113
17850001 1.17634
17860001 1.13438
17870001 1.16305
17880001 1.17866
17890001 1.08375
17900001 1.15019
17910001 1.0763
17920001 1.1862
17930001 1.10042
17940001 1.15895
17950001 1.13497
17960001 1.09679
17970001 1.11179
17980001 1.16826
17990001 1.08725
18000001 1.08172
18010001 1.14312
18020001 1.1381
18030001 1.17026
18040001 1.14771
18050001 1.06118
18060001 1.15229
18070001 1.12346
18080001 1.19634
18090001 1.1235
18100001 1.14407
18110001 1.19033
18120001 1.16895
18130001 1.17759
18140001 1.16897
18150001 1.08437
18160001 1.12128
18170001 1.08411
18180001 1.14438
18190001 1.13138
18200001 1.27054
18210001 1.11548
18220001 1.1251
18230001 1.10986
18240001 1.13585
18250001 1.09877
18260001 1.22331
18270001 1.12034
18280001 1.14195
18290001 1.14636
18300001 1.11314
18310001 1.14487
18320001 1.11862
18330001 1.20051
18340001 1.13341
18350001 1.13867
18360001 1.10539
18370001 1.14048
18380001 1.1405
18390001 1.16426
18400001 1.12371
18410001 1.15942
18420001 1.12406
18430001 1.14524
18440001 1.2011
18450001 1.16137
18460001 1.13067
18470001 1.06462
18480001 1.09795
18490001 1.14254
18500001 1.13798
18510001 1.09078
18520001 1.11887
18530001 1.13581
18540001 1.11087
18550001 1.24109
18560001 1.13919
18570001 1.16926
18580001 1.18052
18590001 1.14864
18600001 1.13149
18610001 1.15921
18620001 1.21769
18630001 1.08904
18640001 1.17459
18650001 1.1169
18660001 1.10152
18670001 1.10266
18680001 1.11443
18690001 1.10898
18700001 1.10871
18710001 1.16288
18720001 1.09049
18730001 1.19637
18740001 1.11173
18750001 1.13612
18760001 1.13854
18770001 1.1614
18780001 1.12369
18790001 1.09146
18800001 1.10751
18810001 1.10087
18820001 1.17583
18830001 1.15703
18840001 1.13009
18850001 1.13235
18860001 1.10028
18870001 1.12653
18880001 1.1068
18890001 1.13249
18900001 1.1109
18910001 1.06636
18920001 1.1141
18930001 1.10815
18940001 1.10443
18950001 1.17157
18960001 1.11253
18970001 1.16042
18980001 1.11875
18990001 1.20632
19000001 1.13871
19010001 1.10316
19020001 1.13903
19030001 1.16733
19040001 1.13791
19050001 1.11906
19060001 1.15917
19070001 1.10533
19080001 1.15193
19090001 1.08602
19100001 1.1038
19110001 1.11633
19120001 1.11286
19130001 1.17013
19140001 1.14592
19150001 1.15908
19160001 1.17829
19170001 1.14855
19180001 1.10978
19190001 1.14013
19200001 1.14962
19210001 1.12179
19220001 1.08709
19230001 1.11517
19240001 1.09776
19250001 1.14208
19260001 1.09228
19270001 1.15253
19280001 1.14641
19290001 1.09257
19300001 1.13002
19310001 1.16784
19320001 1.23153
19330001 1.13962
19340001 1.1016
19350001 1.14243
19360001 1.1284
19370001 1.1131
19380001 1.20007
19390001 1.09071
19400001 1.1431
19410001 1.10211
19420001 1.13351
19430001 1.08297
19440001 1.06051
19450001 1.12917
19460001 1.1482
19470001 1.04735
19480001 1.13661
19490001 1.19106
19500001 1.11375
19510001 1.10038
19520001 1.10933
19530001 1.13378
19540001 1.06341
19550001 1.06953
19560001 1.17539
19570001 1.11676
19580001 1.09948
19590001 1.18654
19600001 1.08516
19610001 1.1002
19620001 1.09623
19630001 1.24618
19640001 1.08191
19650001 1.18599
19660001 1.1205
19670001 1.14378
19680001 1.29655
19690001 1.12179
19700001 1.105
19710001 1.1297
19720001 1.10223
19730001 1.08754
19740001 1.13514
19750001 1.15766
19760001 1.14362
19770001 1.15247
19780001 1.17056
19790001 1.11558
19800001 1.09408
19810001 1.1245
19820001 1.11798
19830001 1.20602
19840001 1.18084
19850001 1.15975
19860001 1.1785
19870001 1.19059
19880001 1.14624
19890001 1.09306
19900001 1.12718
19910001 1.17783
19920001 1.08743
19930001 1.11439
19940001 1.15945
19950001 1.15032
19960001 1.15577
19970001 1.12901
19980001 1.12174
19990001 1.18653
20000001 1.22983
20010001 1.21858
20020001 1.12025
20030001 1.11549
20040001 1.16142
20050001 1.18122
20060001 1.11211
20070001 1.09915
20080001 1.13565
20090001 1.18511
20100001 1.12187
20110001 1.15578
20120001 1.16807
20130001 1.15062
20140001 1.12149
20150001 1.08826
20160001 1.12845
20170001 1.0788
20180001 1.14087
20190001 1.123
20200001 1.18174
20210001 1.15096
20220001 1.15793
20230001 1.22843
20240001 1.11063
20250001 1.07059
20260001 1.13811
20270001 1.13514
20280001 1.12443
20290001 1.16417
20300001 1.15284
20310001 1.12709
20320001 1.08837
20330001 1.10199
20340001 1.14638
20350001 1.16552
20360001 1.13298
20370001 1.12119
20380001 1.11095
20390001 1.16523
20400001 1.18059
20410001 1.10638
20420001 1.18199
20430001 1.09408
20440001 1.13386
20450001 1.15601
20460001 1.13699
20470001 1.07274
20480001 1.16349
20490001 1.16816
20500001 1.11681
20510001 1.17231
20520001 1.16892
20530001 1.12995
20540001 1.11163
20550001 1.22401
20560001 1.13448
20570001 1.15036
20580001 1.122
20590001 1.13551
20600001 1.13756
20610001 1.11343
20620001 1.17458
20630001 1.13455
20640001 1.12775
20650001 1.17228
20660001 1.16492
20670001 1.14069
20680001 1.07647
20690001 1.07042
20700001 1.12196
20710001 1.0691
20720001 1.11137
20730001 1.12556
20740001 1.18757
20750001 1.13222
20760001 1.04803
20770001 1.16114
20780001 1.19108
20790001 1.09374
20800001 1.14647
20810001 1.13592
20820001 1.09572
20830001 1.07967
20840001 1.09608
20850001 1.12398
20860001 1.16922
20870001 1.14362
20880001 1.19856
20890001 1.09342
20900001 1.17931
20910001 1.17493
20920001 1.10625
20930001 1.15852
20940001 1.15557
20950001 1.14568
20960001 1.17605
20970001 1.36958
20980001 1.09589
20990001 1.11239
21000001 1.11003
21010001 1.12867
21020001 1.1153
21030001 1.10182
21040001 1.13413
21050001 1.14422
21060001 1.17058
21070001 1.12029
21080001 1.09472
21090001 1.13166
21100001 1.12404
21110001 1.1168
21120001 1.12151
21130001 1.11864
21140001 1.10863
21150001 1.13702
21160001 1.15513
21170001 1.08097
21180001 1.10222
21190001 1.10988
21200001 1.13515
21210001 1.15768
21220001 1.11688
21230001 1.1341
21240001 1.17018
21250001 1.17384
21260001 1.18474
21270001 1.15415
21280001 1.12264
21290001 1.1184
21300001 1.1147
21310001 1.12407
21320001 1.13783
21330001 1.19155
21340001 1.2212
21350001 1.12294
21360001 1.134
21370001 1.1687
21380001 1.13426
21390001 1.1179
21400001 1.12451
21410001 1.21896
21420001 1.18947
21430001 1.16777
21440001 1.1243
21450001 1.13426
21460001 1.1656
21470001 1.13309
21480001 1.1426
21490001 1.12697
21500001 1.11554
21510001 1.15539
21520001 1.13505
21530001 1.17807
21540001 1.08566
21550001 1.12126
21560001 1.16153
21570001 1.0869
21580001 1.08231
21590001 1.12394
21600001 1.11155
21610001 1.21925
21620001 1.1173
21630001 1.11014
21640001 1.1684
21650001 1.11532
21660001 1.119
21670001 1.11134
21680001 1.10497
21690001 1.06975
21700001 1.09983
21710001 1.16345
21720001 1.1554
21730001 1.2165
21740001 1.10108
21750001 1.11998
21760001 1.14317
21770001 1.12918
21780001 1.11232
21790001 1.16749
21800001 1.14585
21810001 1.11604
21820001 1.12312
21830001 1.21158
21840001 1.19114
21850001 1.07471
21860001 1.16536
21870001 1.07895
21880001 1.13331
21890001 1.1172
21900001 1.08781
21910001 1.24162
21920001 1.1644
21930001 1.20241
21940001 1.12282
21950001 1.1465
21960001 1.13553
21970001 1.1245
21980001 1.14555
21990001 1.22996
22000001 1.1545
22010001 1.12952
22020001 1.10923
22030001 1.10927
22040001 1.14298
22050001 1.1555
22060001 1.18784
22070001 1.14141
22080001 1.13139
22090001 1.16587
22100001 1.1868
22110001 1.12907
22120001 1.08162
22130001 1.09446
22140001 1.09349
22150001 1.10165
22160001 1.15416
22170001 1.15316
22180001 1.12112
22190001 1.13064
22200001 1.14938
22210001 1.13446
22220001 1.14096
22230001 1.16476
22240001 1.09988
22250001 1.1892
22260001 1.09327
22270001 1.13533
22280001 1.09468
22290001 1.21375
22300001 1.16322
22310001 1.08054
22320001 1.11599
22330001 1.14521
22340001 1.09302
22350001 1.11386
22360001 1.08262
22370001 1.1446
22380001 1.11612
22390001 1.16672
22400001 1.09765
22410001 1.18074
22420001 1.07348
22430001 1.12192
22440001 1.07674
22450001 1.11108
22460001 1.15553
22470001 1.23193
22480001 1.1684
22490001 1.20609
22500001 1.09469
22510001 1.10343
22520001 1.16552
22530001 1.13083
22540001 1.16155
22550001 1.07401
22560001 1.13667
22570001 1.1157
22580001 1.19462
22590001 1.14585
22600001 1.21989
22610001 1.16277
22620001 1.09137
22630001 1.1375
22640001 1.10079
22650001 1.09587
22660001 1.20263
22670001 1.18635
22680001 1.11777
22690001 1.16681
22700001 1.16057
22710001 1.14238
22720001 1.1532
22730001 1.12941
22740001 1.15689
22750001 1.11399
22760001 1.11404
22770001 1.12031
22780001 1.07077
22790001 1.1193
22800001 1.14159
22810001 1.10528
22820001 1.11485
22830001 1.14952
22840001 1.16791
22850001 1.1626
22860001 1.14257
22870001 1.13014
22880001 1.12421
22890001 1.17813
22900001 1.1112
22910001 1.15328
22920001 1.12987
22930001 1.18835
22940001 1.13817
22950001 1.18808
22960001 1.14057
22970001 1.1509
22980001 1.12264
22990001 1.13971
23000001 1.09055
23010001 1.19991
23020001 1.14123
23030001 1.08761
23040001 1.13082
23050001 1.14638
23060001 1.14089
23070001 1.06135
23080001 1.16487
23090001 1.14004
23100001 1.16423
23110001 1.12643
23120001 1.15375
23130001 1.12041
23140001 1.25592
23150001 1.12614
23160001 1.20837
23170001 1.09409
23180001 1.09905
23190001 1.17589
23200001 1.13185
23210001 1.11089
23220001 1.13113
23230001 1.15332
23240001 1.14542
23250001 1.09852
23260001 1.10711
23270001 1.08239
23280001 1.1698
23290001 1.11189
23300001 1.12977
23310001 1.17835
23320001 1.17661
23330001 1.13822
23340001 1.06978
23350001 1.1868
23360001 1.22023
23370001 1.12548
23380001 1.21415
23390001 1.11173
23400001 1.11419
23410001 1.09667
23420001 1.13233
23430001 1.04319
23440001 1.17236
23450001 1.09673
23460001 1.12357
23470001 1.20925
23480001 1.15122
23490001 1.16646
23500001 1.10726
23510001 1.13547
23520001 1.14503
23530001 1.20771
23540001 1.13682
23550001 1.12344
23560001 1.05715
23570001 1.1543
23580001 1.10939
23590001 1.15227
23600001 1.07626
23610001 1.31452
23620001 1.15289
23630001 1.10288
23640001 1.30441
23650001 1.14826
23660001 1.16131
23670001 1.17114
23680001 1.16387
23690001 1.14665
23700001 1.13186
23710001 1.2049
23720001 1.11489
23730001 1.12168
23740001 1.14028
23750001 1.11896
23760001 1.21379
23770001 1.08974
23780001 1.1576
23790001 1.18301
23800001 1.08182
23810001 1.12658
23820001 1.1596
23830001 1.10455
23840001 1.1248
23850001 1.11742
23860001 1.11928
23870001 1.19601
23880001 1.12562
23890001 1.09936
23900001 1.12997
23910001 1.18249
23920001 1.1677
23930001 1.10187
23940001 1.09939
23950001 1.16536
23960001 1.14835
23970001 1.14354
23980001 1.15527
23990001 1.1645
24000001 1.14468
24010001 1.09179
24020001 1.21943
24030001 1.11315
24040001 1.21295
24050001 1.13695
24060001 1.14055
24070001 1.1009
24080001 1.11433
24090001 1.11345
24100001 1.13395
24110001 1.11941
24120001 1.11378
24130001 1.12774
24140001 1.11823
24150001 1.12006
24160001 1.16111
24170001 1.11735
24180001 1.13426
24190001 1.14855
24200001 1.12963
24210001 1.11451
24220001 1.15025
24230001 1.13015
24240001 1.13787
24250001 1.12665
24260001 1.1819
24270001 1.10533
24280001 1.21707
24290001 1.13906
24300001 1.15748
24310001 1.19259
24320001 1.11273
24330001 1.17983
24340001 1.11148
24350001 1.15365
24360001 1.10888
24370001 1.15654
24380001 1.14343
24390001 1.08774
24400001 1.11791
24410001 1.16884
24420001 1.17768
24430001 1.1292
24440001 1.18417
24450001 1.16756
24460001 1.11482
24470001 1.18115
24480001 1.19364
24490001 1.16568
24500001 1.15239
24510001 1.11956
24520001 1.14309
24530001 1.12932
24540001 1.12863
24550001 1.11883
24560001 1.15374
24570001 1.11339
24580001 1.15861
24590001 1.14825
24600001 1.07122
24610001 1.1482
24620001 1.15349
24630001 1.18114
24640001 1.19683
24650001 1.16901
24660001 1.14426
24670001 1.08765
24680001 1.12444
24690001 1.13328
24700001 1.15139
24710001 1.08102
24720001 1.19133
24730001 1.18725
24740001 1.09569
24750001 1.12433
24760001 1.13616
24770001 1.09162
24780001 1.1395
24790001 1.11411
24800001 1.12392
24810001 1.15393
24820001 1.13569
24830001 1.05479
24840001 1.09232
24850001 1.11976
24860001 1.11531
24870001 1.07905
24880001 1.17299
24890001 1.16759
24900001 1.19116
24910001 1.12889
24920001 1.18865
24930001 1.11704
24940001 1.12548
24950001 1.14715
24960001 1.10922
24970001 1.18601
24980001 1.08507
24990001 1.16493
25000001 1.11243
25010001 1.16698
25020001 1.16291
25030001 1.1521
25040001 1.08852
25050001 1.17724
25060001 1.12264
25070001 1.16228
25080001 1.137
25090001 1.10506
25100001 1.15713
25110001 1.12038
25120001 1.13582
25130001 1.11067
25140001 1.1336
25150001 1.16191
25160001 1.14958
25170001 1.05285
25180001 1.09299
25190001 1.1019
25200001 1.15648
25210001 1.12123
25220001 1.15577
25230001 1.11739
25240001 1.12478
25250001 1.13431
25260001 1.24189
25270001 1.16137
25280001 1.12102
25290001 1.14363
25300001 1.12167
25310001 1.13632
25320001 1.18726
25330001 1.21671
25340001 1.1365
25350001 1.1437
25360001 1.16298
25370001 1.15739
25380001 1.07789
25390001 1.13255
25400001 1.11998
25410001 1.13988
25420001 1.10558
25430001 1.09328
25440001 1.07359
25450001 1.09962
25460001 1.14495
25470001 1.12125
25480001 1.21125
25490001 1.13394
25500001 1.14592
25510001 1.24849
25520001 1.12349
25530001 1.13311
25540001 1.16359
25550001 1.15301
25560001 1.11879
25570001 1.15222
25580001 1.16193
25590001 1.10346
25600001 1.20165
25610001 1.15733
25620001 1.11617
25630001 1.14685
25640001 1.14599
25650001 1.12177
25660001 1.12278
25670001 1.1501
25680001 1.14288
25690001 1.13538
25700001 1.13451
25710001 1.16576
25720001 1.22323
25730001 1.12324
25740001 1.15269
25750001 1.10192
25760001 1.08531
25770001 1.1012
25780001 1.15615
25790001 1.16938
25800001 1.15809
25810001 1.14695
25820001 1.11365
25830001 1.14646
25840001 1.09808
25850001 1.12158
25860001 1.17384
25870001 1.05709
25880001 1.19173
25890001 1.14814
25900001 1.17922
25910001 1.18088
25920001 1.16966
25930001 1.13172
25940001 1.13661
25950001 1.17203
25960001 1.12641
25970001 1.18452
25980001 1.1111
25990001 1.14629
26000001 1.14636
26010001 1.12636
26020001 1.06567
26030001 1.12869
26040001 1.15745
26050001 1.16245
26060001 1.14083
26070001 1.16393
26080001 1.13611
26090001 1.23547
26100001 1.12071
26110001 1.15534
26120001 1.1536
26130001 1.15569
26140001 1.12576
26150001 1.1014
26160001 1.13118
26170001 1.15422
26180001 1.10652
26190001 1.19052
26200001 1.11386
26210001 1.11408
26220001 1.15749
26230001 1.12608
26240001 1.07447
26250001 1.15734
26260001 1.16432
26270001 1.18705
26280001 1.11763
26290001 1.12101
26300001 1.1365
26310001 1.11438
26320001 1.16368
26330001 1.20312
26340001 1.19903
26350001 1.12552
26360001 1.13823
26370001 1.11083
26380001 1.11299
26390001 1.12633
26400001 1.14509
26410001 1.08352
26420001 1.11538
26430001 1.10394
26440001 1.21442
26450001 1.1376
26460001 1.07967
26470001 1.18542
26480001 1.16027
26490001 1.11704
26500001 1.16286
26510001 1.09674
26520001 1.15901
26530001 1.16776
26540001 1.26881
26550001 1.15365
26560001 1.13972
26570001 1.18521
26580001 1.12797
26590001 1.12163
26600001 1.20303
26610001 1.1475
26620001 1.13547
26630001 1.13623
26640001 1.13286
26650001 1.12672
26660001 1.1255
26670001 1.12506
26680001 1.17794
26690001 1.12007
26700001 1.14866
26710001 1.1302
26720001 1.08892
26730001 1.11331
26740001 1.16192
26750001 1.1444
26760001 1.13867
26770001 1.1678
26780001 1.18149
26790001 1.12005
26800001 1.20346
26810001 1.11241
26820001 1.15815
26830001 1.21115
26840001 1.11503
26850001 1.18181
26860001 1.15519
26870001 1.09833
26880001 1.15938
26890001 1.13695
26900001 1.22519
26910001 1.16543
26920001 1.16116
26930001 1.1437
26940001 1.15311
26950001 1.18537
26960001 1.12955
26970001 1.10461
26980001 1.15257
26990001 1.15307
27000001 1.13912
27010001 1.12097
27020001 1.16053
27030001 1.17546
27040001 1.09258
27050001 1.12601
27060001 1.18346
27070001 1.18248
27080001 1.19866
27090001 1.16841
27100001 1.11518
27110001 1.1042
27120001 1.10643
27130001 1.06204
27140001 1.12679
27150001 1.09712
27160001 1.18526
27170001 1.14322
27180001 1.14477
27190001 1.1523
27200001 1.1186
27210001 1.11932
27220001 1.1152
27230001 1.15808
27240001 1.18945
27250001 1.07886
27260001 1.14221
27270001 1.16692
27280001 1.20671
27290001 1.16392
27300001 1.16189
27310001 1.0815
27320001 1.20172
27330001 1.11489
27340001 1.09892
27350001 1.18287
27360001 1.14058
27370001 1.11801
27380001 1.12355
27390001 1.10781
27400001 1.10849
27410001 1.09971
27420001 1.1111
27430001 1.16528
27440001 1.20688
27450001 1.13251
27460001 1.08837
27470001 1.12554
27480001 1.16659
27490001 1.22104
27500001 1.21876
27510001 1.17125
27520001 1.14576
27530001 1.1462
27540001 1.10121
27550001 1.19152
27560001 1.13882
27570001 1.12525
27580001 1.09408
27590001 1.10085
27600001 1.20909
27610001 1.07399
27620001 1.09768
27630001 1.0859
27640001 1.12401
27650001 1.10771
27660001 1.11137
27670001 1.0661
27680001 1.12244
27690001 1.08138
27700001 1.11271
27710001 1.11584
27720001 1.16537
27730001 1.127
27740001 1.08742
27750001 1.11344
27760001 1.1407
27770001 1.12812
27780001 1.17804
27790001 1.13503
27800001 1.17667
27810001 1.22723
27820001 1.08623
27830001 1.12054
27840001 1.14473
27850001 1.10111
27860001 1.11013
27870001 1.13665
27880001 1.20945
27890001 1.1033
27900001 1.08457
27910001 1.08093
27920001 1.12644
27930001 1.135
27940001 1.24925
27950001 1.14397
27960001 1.15381
27970001 1.10515
27980001 1.16611
27990001 1.18164
28000001 1.15633
28010001 1.16974
28020001 1.12691
28030001 1.1361
28040001 1.13778
28050001 1.12946
28060001 1.13757
28070001 1.08308
28080001 1.17607
28090001 1.15121
28100001 1.12316
28110001 1.12624
28120001 1.1634
28130001 1.15988
28140001 1.12611
28150001 1.19756
28160001 1.11131
28170001 1.08623
28180001 1.15253
28190001 1.14576
28200001 1.14583
28210001 1.16071
28220001 1.13205
28230001 1.10321
28240001 1.07543
28250001 1.09749
28260001 1.12958
28270001 1.16118
28280001 1.23175
28290001 1.18425
28300001 1.17504
28310001 1.06102
28320001 1.22961
28330001 1.0889
28340001 1.13221
28350001 1.10115
28360001 1.20401
28370001 1.13828
28380001 1.09966
28390001 1.11574
28400001 1.15093
28410001 1.16043
28420001 1.1459
28430001 1.14362
28440001 1.09844
28450001 1.12593
28460001 1.16553
28470001 1.11505
28480001 1.15716
28490001 1.1048
28500001 1.12167
28510001 1.14084
28520001 1.14451
28530001 1.11736
28540001 1.15106
28550001 1.1825
28560001 1.07773
28570001 1.10551
28580001 1.15668
28590001 1.16233
28600001 1.06096
28610001 1.10485
28620001 1.20775
28630001 1.0791
28640001 1.1756
28650001 1.15592
28660001 1.07784
28670001 1.08076
28680001 1.12367
28690001 1.18054
28700001 1.16144
28710001 1.15141
28720001 1.11687
28730001 1.08323
28740001 1.16139
28750001 1.12335
28760001 1.15059
28770001 1.15483
28780001 1.10442
28790001 1.15185
28800001 1.13138
28810001 1.09815
28820001 1.17261
28830001 1.13257
28840001 1.10689
28850001 1.1055
28860001 1.17738
28870001 1.18543
28880001 1.1916
28890001 1.13033
28900001 1.12895
28910001 1.20419
28920001 1.06306
28930001 1.14126
28940001 1.10602
28950001 1.19512
28960001 1.1386
28970001 1.0828
28980001 1.10277
28990001 1.09465
29000001 1.07972
29010001 1.15055
29020001 1.11452
29030001 1.20404
29040001 1.09281
29050001 1.14782
29060001 1.12392
29070001 1.2107
29080001 1.13706
29090001 1.11605
29100001 1.11894
29110001 1.20457
29120001 1.08802
29130001 1.10225
29140001 1.1293
29150001 1.11203
29160001 1.15661
29170001 1.11021
29180001 1.24925
29190001 1.13948
29200001 1.18064
29210001 1.12138
29220001 1.17833
29230001 1.1034
29240001 1.15457
29250001 1.11528
29260001 1.07725
29270001 1.11828
29280001 1.17639
29290001 1.11174
29300001 1.07533
29310001 1.09728
29320001 1.16657
29330001 1.20542
29340001 1.18804
29350001 1.15079
29360001 1.09011
29370001 1.15897
29380001 1.1416
29390001 1.08696
29400001 1.20442
29410001 1.14811
29420001 1.11721
29430001 1.13837
29440001 1.14465
29450001 1.11634
29460001 1.11585
29470001 1.16809
29480001 1.152
29490001 1.12724
29500001 1.13932
29510001 1.14413
29520001 1.17829
29530001 1.12554
29540001 1.14583
29550001 1.11948
29560001 1.10157
29570001 1.10075
29580001 1.17389
29590001 1.14764
29600001 1.12956
29610001 1.15424
29620001 1.1415
29630001 1.16295
29640001 1.11068
29650001 1.10659
29660001 1.20428
29670001 1.10122
29680001 1.06602
29690001 1.1187
29700001 1.15463
29710001 1.10907
29720001 1.19593
29730001 1.07549
29740001 1.14569
29750001 1.08264
29760001 1.08624
29770001 1.19109
29780001 1.08824
29790001 1.20248
29800001 1.18086
29810001 1.15123
29820001 1.1197
29830001 1.06882
29840001 1.11693
29850001 1.06547
29860001 1.13908
29870001 1.18032
29880001 1.10618
29890001 1.11391
29900001 1.13471
29910001 1.19191
29920001 1.13477
29930001 1.13991
29940001 1.14188
29950001 1.09252
29960001 1.09315
29970001 1.08489
29980001 1.10849
29990001 1.09748
