1 31.2675
10001 12.2778
20001 8.10803
30001 5.73493
40001 4.3183
50001 3.46448
60001 2.8963
70001 2.47797
80001 2.17765
90001 1.93373
100001 1.74582
110001 1.60768
120001 1.50066
130001 1.40563
140001 1.31996
150001 1.23922
160001 1.18663
170001 1.1275
180001 1.07532
190001 1.0373
200001 1.00408
210001 0.967841
220001 0.955912
230001 0.926597
240001 0.931497
250001 0.892311
260001 0.881628
270001 0.851142
280001 0.826979
290001 0.818379
300001 0.829752
310001 0.796012
320001 0.775102
330001 0.794247
340001 0.768028
350001 0.77278
360001 0.750921
370001 0.752132
380001 0.742247
390001 0.742677
400001 0.756139
410001 0.746745
420001 0.732954
430001 0.723373
440001 0.741121
450001 0.734951
460001 0.759634
470001 0.745716
480001 0.708101
490001 0.685338
500001 0.697142
510001 0.687818
520001 0.703005
530001 0.703707
540001 0.695837
550001 0.713767
560001 0.719668
570001 0.724605
580001 0.689487
590001 0.71088
600001 0.737312
610001 0.716286
620001 0.718516
630001 0.695354
640001 0.683428
650001 0.701004
660001 0.696693
670001 0.726842
680001 0.73043
690001 0.703218
700001 0.718729
710001 0.692392
720001 0.688149
730001 0.685167
740001 0.690003
750001 0.699417
760001 0.703968
770001 0.716338
780001 0.697698
790001 0.70392
800001 0.727116
810001 0.729934
820001 0.72149
830001 0.707777
840001 0.726892
850001 0.699095
860001 0.724647
870001 0.711426
880001 0.704098
890001 0.688103
900001 0.688255
910001 0.692687
920001 0.69735
930001 0.706293
940001 0.701707
950001 0.692631
960001 0.724145
970001 0.723269
980001 0.73339
990001 0.697466
1000001 0.697926
1010001 0.700307
1020001 0.703698
1030001 0.757576
1040001 0.720283
1050001 0.70767
1060001 0.732225
1070001 0.737535
1080001 0.750306
1090001 0.726993
1100001 0.700164
1110001 0.732077
1120001 0.745392
1130001 0.726848
1140001 0.731609
1150001 0.736605
1160001 0.726198
1170001 0.710923
1180001 0.719357
1190001 0.721485
1200001 0.724949
1210001 0.69416
1220001 0.675407
1230001 0.700078
1240001 0.692979
1250001 0.693634
1260001 0.70443
1270001 0.709014
1280001 0.693639
1290001 0.704501
1300001 0.70873
1310001 0.706673
1320001 0.705916
1330001 0.700785
1340001 0.693199
1350001 0.688364
1360001 0.72703
1370001 0.725718
1380001 0.723857
1390001 0.72712
1400001 0.733395
1410001 0.724016
1420001 0.716857
1430001 0.729062
1440001 0.70099
1450001 0.701044
1460001 0.715911
1470001 0.733525
1480001 0.715624
1490001 0.737199
1500001 0.698434
1510001 0.712839
1520001 0.717053
1530001 0.729942
1540001 0.746773
1550001 0.745573
1560001 0.77473
1570001 0.761826
1580001 0.736679
1590001 0.738484
1600001 0.737206
1610001 0.726403
1620001 0.725557
1630001 0.723912
1640001 0.712216
1650001 0.71074
1660001 0.740245
1670001 0.731259
1680001 0.740594
1690001 0.751908
1700001 0.754225
1710001 0.736135
1720001 0.754778
1730001 0.746853
1740001 0.741282
1750001 0.736721
1760001 0.735836
1770001 0.768903
1780001 0.734585
1790001 0.741496
1800001 0.733488
1810001 0.728823
1820001 0.759106
1830001 0.762731
1840001 0.742843
1850001 0.714628
1860001 0.748136
1870001 0.757716
1880001 0.712511
1890001 0.740938
1900001 0.729226
1910001 0.728066
1920001 0.738419
1930001 0.739036
1940001 0.722063
1950001 0.70786
1960001 0.719579
1970001 0.744646
1980001 0.742717
1990001 0.734573
2000001 0.745047
2010001 0.747812
2020001 0.722725
2030001 0.730445
2040001 0.730466
2050001 0.724214
2060001 0.72383
2070001 0.733318
2080001 0.737743
2090001 0.728761
2100001 0.736363
2110001 0.72426
2120001 0.725136
2130001 0.735733
2140001 0.735301
2150001 0.735678
2160001 0.730799
2170001 0.733981
2180001 0.744572
2190001 0.763856
2200001 0.741478
2210001 0.735351
2220001 0.758689
2230001 0.749618
2240001 0.76346
2250001 0.757108
2260001 0.74761
2270001 0.762984
2280001 0.74045
2290001 0.750037
2300001 0.751766
2310001 0.737598
2320001 0.744253
2330001 0.716111
2340001 0.734903
2350001 0.750526
2360001 0.73612
2370001 0.734636
2380001 0.729845
2390001 0.736456
2400001 0.731265
2410001 0.733063
2420001 0.744913
2430001 0.766971
2440001 0.759535
2450001 0.742017
2460001 0.730401
2470001 0.729255
2480001 0.747591
2490001 0.757361
2500001 0.759108
2510001 0.749348
2520001 0.765503
2530001 0.760885
2540001 0.732802
2550001 0.760697
2560001 0.731183
2570001 0.731798
2580001 0.750612
2590001 0.746063
2600001 0.730156
2610001 0.770211
2620001 0.782605
2630001 0.76046
2640001 0.753522
2650001 0.726195
2660001 0.74788
2670001 0.73028
2680001 0.746566
2690001 0.752383
2700001 0.752351
2710001 0.73619
2720001 0.751848
2730001 0.749559
2740001 0.758938
2750001 0.753405
2760001 0.730697
2770001 0.754041
2780001 0.733144
2790001 0.747441
2800001 0.756961
2810001 0.757194
2820001 0.744429
2830001 0.748003
2840001 0.745752
2850001 0.72863
2860001 0.724861
2870001 0.73465
2880001 0.725362
2890001 0.745374
2900001 0.731777
2910001 0.738457
2920001 0.726026
2930001 0.743681
2940001 0.746106
2950001 0.749295
2960001 0.757263
2970001 0.734764
2980001 0.742016
2990001 0.746617
3000001 0.765546
3010001 0.734565
3020001 0.737916
3030001 0.733722
3040001 0.757135
3050001 0.739069
3060001 0.73566
3070001 0.764624
3080001 0.785714
3090001 0.766864
3100001 0.765524
3110001 0.751696
3120001 0.731392
3130001 0.754795
3140001 0.764293
3150001 0.7957
3160001 0.768892
3170001 0.758806
3180001 0.753458
3190001 0.74143
3200001 0.767764
3210001 0.758789
3220001 0.770503
3230001 0.76803
3240001 0.754985
3250001 0.744654
3260001 0.73394
3270001 0.758052
3280001 0.776763
3290001 0.779761
3300001 0.747851
3310001 0.753792
3320001 0.742166
3330001 0.749631
3340001 0.755951
3350001 0.748944
3360001 0.741574
3370001 0.74804
3380001 0.752014
3390001 0.765264
3400001 0.753124
3410001 0.758714
3420001 0.774266
3430001 0.752387
3440001 0.751253
3450001 0.751765
3460001 0.752551
3470001 0.768717
3480001 0.754853
3490001 0.763463
3500001 0.730578
3510001 0.715024
3520001 0.729738
3530001 0.718834
3540001 0.701698
3550001 0.722468
3560001 0.725701
3570001 0.713765
3580001 0.737636
3590001 0.737707
3600001 0.706707
3610001 0.757145
3620001 0.748189
3630001 0.749159
3640001 0.743168
3650001 0.763657
3660001 0.757622
3670001 0.740872
3680001 0.75204
3690001 0.722679
3700001 0.745155
3710001 0.755328
3720001 0.748434
3730001 0.743815
3740001 0.755042
3750001 0.763441
3760001 0.748756
3770001 0.758651
3780001 0.755822
3790001 0.721486
3800001 0.73819
3810001 0.734701
3820001 0.758195
3830001 0.749496
3840001 0.725902
3850001 0.744913
3860001 0.755489
3870001 0.741881
3880001 0.75237
3890001 0.765656
3900001 0.765805
3910001 0.754383
3920001 0.746676
3930001 0.751442
3940001 0.732846
3950001 0.736155
3960001 0.750711
3970001 0.744334
3980001 0.747789
3990001 0.760358
4000001 0.76937
4010001 0.764829
4020001 0.764014
4030001 0.751686
4040001 0.773176
4050001 0.789363
4060001 0.754201
4070001 0.752467
4080001 0.768597
4090001 0.737726
4100001 0.735942
4110001 0.753043
4120001 0.771245
4130001 0.760914
4140001 0.793513
4150001 0.781344
4160001 0.74998
4170001 0.761523
4180001 0.769899
4190001 0.747566
4200001 0.786524
4210001 0.748691
4220001 0.737702
4230001 0.750428
4240001 0.754497
4250001 0.733343
4260001 0.742535
4270001 0.728106
4280001 0.751586
4290001 0.757986
4300001 0.76321
4310001 0.725228
4320001 0.746829
4330001 0.741394
4340001 0.770012
4350001 0.765727
4360001 0.784463
4370001 0.772043
4380001 0.767493
4390001 0.751174
4400001 0.762401
4410001 0.749501
4420001 0.780375
4430001 0.787902
4440001 0.764599
4450001 0.775789
4460001 0.764786
4470001 0.783025
4480001 0.78512
4490001 0.776056
4500001 0.784491
4510001 0.791237
4520001 0.792788
4530001 0.762846
4540001 0.756214
4550001 0.74662
4560001 0.766269
4570001 0.762753
4580001 0.746372
4590001 0.744801
4600001 0.754702
4610001 0.761286
4620001 0.752552
4630001 0.779886
4640001 0.782071
4650001 0.769263
4660001 0.772027
4670001 0.802739
4680001 0.786814
4690001 0.763242
4700001 0.763915
4710001 0.760985
4720001 0.770132
4730001 0.761698
4740001 0.774592
4750001 0.774649
4760001 0.755795
4770001 0.744241
4780001 0.744486
4790001 0.749715
4800001 0.763824
4810001 0.750824
4820001 0.749633
4830001 0.74736
4840001 0.77424
4850001 0.772554
4860001 0.761818
4870001 0.770266
4880001 0.760394
4890001 0.748744
4900001 0.769689
4910001 0.785233
4920001 0.763748
4930001 0.77018
4940001 0.749943
4950001 0.75088
4960001 0.730072
4970001 0.754802
4980001 0.773361
4990001 0.761074
5000001 0.764555
5010001 0.761307
5020001 0.784072
5030001 0.770935
5040001 0.77047
5050001 0.763586
5060001 0.751686
5070001 0.766436
5080001 0.769787
5090001 0.77909
5100001 0.764622
5110001 0.772673
5120001 0.770115
5130001 0.779886
5140001 0.738163
5150001 0.771818
5160001 0.771726
5170001 0.766487
5180001 0.783075
5190001 0.790719
5200001 0.78628
5210001 0.757432
5220001 0.756195
5230001 0.766809
5240001 0.77472
5250001 0.757569
5260001 0.78481
5270001 0.775328
5280001 0.75743
5290001 0.767821
5300001 0.775156
5310001 0.759137
5320001 0.761985
5330001 0.789196
5340001 0.780914
5350001 0.764724
5360001 0.798229
5370001 0.800262
5380001 0.777536
5390001 0.799116
5400001 0.796799
5410001 0.780128
5420001 0.756456
5430001 0.751156
5440001 0.7632
5450001 0.752464
5460001 0.75392
5470001 0.760361
5480001 0.764439
5490001 0.74059
5500001 0.742692
5510001 0.736254
5520001 0.744163
5530001 0.752859
5540001 0.759375
5550001 0.771697
5560001 0.762422
5570001 0.754347
5580001 0.764434
5590001 0.752002
5600001 0.751343
5610001 0.748762
5620001 0.761769
5630001 0.740233
5640001 0.752169
5650001 0.766628
5660001 0.751528
5670001 0.782663
5680001 0.751105
5690001 0.783454
5700001 0.760554
5710001 0.767243
5720001 0.758586
5730001 0.748884
5740001 0.781053
5750001 0.77737
5760001 0.784976
5770001 0.784503
5780001 0.795518
5790001 0.788317
5800001 0.775606
5810001 0.772659
5820001 0.765365
5830001 0.757437
5840001 0.763411
5850001 0.770244
5860001 0.756448
5870001 0.767612
5880001 0.754702
5890001 0.739761
5900001 0.754607
5910001 0.750035
5920001 0.769872
5930001 0.770505
5940001 0.766045
5950001 0.759688
5960001 0.762467
5970001 0.739267
5980001 0.767863
5990001 0.776988
6000001 0.768866
6010001 0.761645
6020001 0.764913
6030001 0.747241
6040001 0.762507
6050001 0.780452
6060001 0.771023
6070001 0.746992
6080001 0.756292
6090001 0.750205
6100001 0.771688
6110001 0.756057
6120001 0.72887
6130001 0.73158
6140001 0.742331
6150001 0.765884
6160001 0.745562
6170001 0.740296
6180001 0.765539
6190001 0.752777
6200001 0.757725
6210001 0.765194
6220001 0.755582
6230001 0.726192
6240001 0.746569
6250001 0.756185
6260001 0.769878
6270001 0.76251
6280001 0.750459
6290001 0.762849
6300001 0.769021
6310001 0.739518
6320001 0.750523
6330001 0.766656
6340001 0.76037
6350001 0.726556
6360001 0.737944
6370001 0.73551
6380001 0.757513
6390001 0.778514
6400001 0.770083
6410001 0.773714
6420001 0.760321
6430001 0.762534
6440001 0.761003
6450001 0.759782
6460001 0.775966
6470001 0.778675
6480001 0.758194
6490001 0.789602
6500001 0.758276
6510001 0.769977
6520001 0.767598
6530001 0.787539
6540001 0.753146
6550001 0.76974
6560001 0.764212
6570001 0.776171
6580001 0.780646
6590001 0.752827
6600001 0.751591
6610001 0.74626
6620001 0.731712
6630001 0.756213
6640001 0.758132
6650001 0.761885
6660001 0.757598
6670001 0.761504
6680001 0.744095
6690001 0.774312
6700001 0.777975
6710001 0.779129
6720001 0.771366
6730001 0.790593
6740001 0.790256
6750001 0.81064
6760001 0.802907
6770001 0.783729
6780001 0.76833
6790001 0.762206
6800001 0.785154
6810001 0.758932
6820001 0.790279
6830001 0.788689
6840001 0.788631
6850001 0.776801
6860001 0.779087
6870001 0.759726
6880001 0.785017
6890001 0.781483
6900001 0.771293
6910001 0.769221
6920001 0.763053
6930001 0.767378
6940001 0.762956
6950001 0.76108
6960001 0.783133
6970001 0.768675
6980001 0.804073
6990001 0.791076
7000001 0.774408
7010001 0.760967
7020001 0.763237
7030001 0.762105
7040001 0.771878
7050001 0.770947
7060001 0.745292
7070001 0.765714
7080001 0.760362
7090001 0.75716
7100001 0.778539
7110001 0.757435
7120001 0.757795
7130001 0.730703
7140001 0.763092
7150001 0.756756
7160001 0.74444
7170001 0.77002
7180001 0.766203
7190001 0.753937
7200001 0.793055
7210001 0.773991
7220001 0.750987
7230001 0.73712
7240001 0.748009
7250001 0.753772
7260001 0.755158
7270001 0.753502
7280001 0.75548
7290001 0.754645
7300001 0.764668
7310001 0.756401
7320001 0.764501
7330001 0.785178
7340001 0.760568
7350001 0.759296
7360001 0.754671
7370001 0.76936
7380001 0.777182
7390001 0.779174
7400001 0.78194
7410001 0.778808
7420001 0.799657
7430001 0.779476
7440001 0.766618
7450001 0.766523
7460001 0.765943
7470001 0.778669
7480001 0.758937
7490001 0.749785
7500001 0.753511
7510001 0.771595
7520001 0.782373
7530001 0.79407
7540001 0.786077
7550001 0.791902
7560001 0.800638
7570001 0.780526
7580001 0.759523
7590001 0.751398
7600001 0.737708
7610001 0.744295
7620001 0.763665
7630001 0.782384
7640001 0.76932
7650001 0.754309
7660001 0.754149
7670001 0.749415
7680001 0.752037
7690001 0.75727
7700001 0.76289
7710001 0.782764
7720001 0.803786
7730001 0.780319
7740001 0.773922
7750001 0.783106
7760001 0.778112
7770001 0.781187
7780001 0.792444
7790001 0.764421
7800001 0.774606
7810001 0.7677
7820001 0.734493
7830001 0.764069
7840001 0.771009
7850001 0.768449
7860001 0.781431
7870001 0.783067
7880001 0.791971
7890001 0.772592
7900001 0.798213
7910001 0.778055
7920001 0.777648
7930001 0.772671
7940001 0.786843
7950001 0.783747
7960001 0.764315
7970001 0.769563
7980001 0.776888
7990001 0.766759
8000001 0.763845
8010001 0.777329
8020001 0.813711
8030001 0.788273
8040001 0.766636
8050001 0.771481
8060001 0.78826
8070001 0.776252
8080001 0.772326
8090001 0.78055
8100001 0.812534
8110001 0.768304
8120001 0.765791
8130001 0.779042
8140001 0.770227
8150001 0.76171
8160001 0.764034
8170001 0.76086
8180001 0.757927
8190001 0.776996
8200001 0.75622
8210001 0.776111
8220001 0.779489
8230001 0.774303
8240001 0.792152
8250001 0.781823
8260001 0.762319
8270001 0.765206
8280001 0.792613
8290001 0.783506
8300001 0.758323
8310001 0.749456
8320001 0.752028
8330001 0.770392
8340001 0.746792
8350001 0.749872
8360001 0.757002
8370001 0.754325
8380001 0.761325
8390001 0.785755
8400001 0.76167
8410001 0.755939
8420001 0.752663
8430001 0.750275
8440001 0.769045
8450001 0.797823
8460001 0.768473
8470001 0.759733
8480001 0.766153
8490001 0.778438
8500001 0.760911
8510001 0.757288
8520001 0.78279
8530001 0.800526
8540001 0.75962
8550001 0.767239
8560001 0.761629
8570001 0.776375
8580001 0.775659
8590001 0.776898
8600001 0.757625
8610001 0.748658
8620001 0.766406
8630001 0.790925
8640001 0.775177
8650001 0.786932
8660001 0.769413
8670001 0.775765
8680001 0.797744
8690001 0.782216
8700001 0.776409
8710001 0.769708
8720001 0.753389
8730001 0.755101
8740001 0.781056
8750001 0.747703
8760001 0.770979
8770001 0.769611
8780001 0.801272
8790001 0.779923
8800001 0.779797
8810001 0.770795
8820001 0.767352
8830001 0.789248
8840001 0.76879
8850001 0.751481
8860001 0.739134
8870001 0.764987
8880001 0.776002
8890001 0.761983
8900001 0.781187
8910001 0.784072
8920001 0.761619
8930001 0.76704
8940001 0.764983
8950001 0.757195
8960001 0.754987
8970001 0.746388
8980001 0.744149
8990001 0.742337
9000001 0.736041
9010001 0.75981
9020001 0.784168
9030001 0.777104
9040001 0.768079
9050001 0.752591
9060001 0.770887
9070001 0.761127
9080001 0.779674
9090001 0.789397
9100001 0.801425
9110001 0.794903
9120001 0.807647
9130001 0.778733
9140001 0.76421
9150001 0.778069
9160001 0.768548
9170001 0.761339
9180001 0.770236
9190001 0.753247
9200001 0.805325
9210001 0.772331
9220001 0.777675
9230001 0.767879
9240001 0.751003
9250001 0.766738
9260001 0.772034
9270001 0.760987
9280001 0.766762
9290001 0.77735
9300001 0.751028
9310001 0.75373
9320001 0.784952
9330001 0.75546
9340001 0.75858
9350001 0.768788
9360001 0.774863
9370001 0.798159
9380001 0.773558
9390001 0.795213
9400001 0.79665
9410001 0.776305
9420001 0.786063
9430001 0.772654
9440001 0.77937
9450001 0.755176
9460001 0.767566
9470001 0.771856
9480001 0.776534
9490001 0.745613
9500001 0.747327
9510001 0.775201
9520001 0.75216
9530001 0.755651
9540001 0.767041
9550001 0.763149
9560001 0.768554
9570001 0.777434
9580001 0.783661
9590001 0.783467
9600001 0.771316
9610001 0.75645
9620001 0.759
9630001 0.764831
9640001 0.758317
9650001 0.754926
9660001 0.778559
9670001 0.757276
9680001 0.752759
9690001 0.772106
9700001 0.74735
9710001 0.744214
9720001 0.769953
9730001 0.747426
9740001 0.7584
9750001 0.768459
9760001 0.753125
9770001 0.754134
9780001 0.7322
9790001 0.735397
9800001 0.750001
9810001 0.764947
9820001 0.774147
9830001 0.767499
9840001 0.767672
9850001 0.780526
9860001 0.760572
9870001 0.763751
9880001 0.764078
9890001 0.757468
9900001 0.778148
9910001 0.756478
9920001 0.747839
9930001 0.768297
9940001 0.763688
9950001 0.790791
9960001 0.757572
9970001 0.767389
9980001 0.768465
9990001 0.755292
10000001 0.765244
10010001 0.781591
10020001 0.755144
10030001 0.763832
10040001 0.760352
10050001 0.751135
10060001 0.766615
10070001 0.77977
10080001 0.784032
10090001 0.766567
10100001 0.756149
10110001 0.745277
10120001 0.760779
10130001 0.782852
10140001 0.795028
10150001 0.773803
10160001 0.7657
10170001 0.786712
10180001 0.77616
10190001 0.775176
10200001 0.769515
10210001 0.768787
10220001 0.75711
10230001 0.755182
10240001 0.762596
10250001 0.761334
10260001 0.775856
10270001 0.759907
10280001 0.759201
10290001 0.759094
10300001 0.734345
10310001 0.760242
10320001 0.787012
10330001 0.76721
10340001 0.773242
10350001 0.779393
10360001 0.789402
10370001 0.785925
10380001 0.78206
10390001 0.784161
10400001 0.798788
10410001 0.785497
10420001 0.776731
10430001 0.800987
10440001 0.771111
10450001 0.760057
10460001 0.782586
10470001 0.764993
10480001 0.777995
10490001 0.757145
10500001 0.745605
10510001 0.763441
10520001 0.763866
10530001 0.753159
10540001 0.745001
10550001 0.783974
10560001 0.769823
10570001 0.767035
10580001 0.787905
10590001 0.780416
10600001 0.792685
10610001 0.773727
10620001 0.75732
10630001 0.76443
10640001 0.772314
10650001 0.770833
10660001 0.764623
10670001 0.767305
10680001 0.771164
10690001 0.768478
10700001 0.776021
10710001 0.789744
10720001 0.762199
10730001 0.763876
10740001 0.784907
10750001 0.771511
10760001 0.774084
10770001 0.781569
10780001 0.75941
10790001 0.757998
10800001 0.787717
10810001 0.758195
10820001 0.765458
10830001 0.793519
10840001 0.764787
10850001 0.782395
10860001 0.800363
10870001 0.794271
10880001 0.774666
10890001 0.770235
10900001 0.790175
10910001 0.779222
10920001 0.778262
10930001 0.764085
10940001 0.760144
10950001 0.758263
10960001 0.78349
10970001 0.780362
10980001 0.777729
10990001 0.783397
11000001 0.791002
11010001 0.761829
11020001 0.753644
11030001 0.759159
11040001 0.775983
11050001 0.759433
11060001 0.752445
11070001 0.7529
11080001 0.74521
11090001 0.761794
11100001 0.761221
11110001 0.784934
11120001 0.764436
11130001 0.763423
11140001 0.781031
11150001 0.754966
11160001 0.736014
11170001 0.750335
11180001 0.755933
11190001 0.742191
11200001 0.756705
11210001 0.750395
11220001 0.746057
11230001 0.754047
11240001 0.747322
11250001 0.754653
11260001 0.7543
11270001 0.761879
11280001 0.771966
11290001 0.765386
11300001 0.772116
11310001 0.763095
11320001 0.779635
11330001 0.768197
11340001 0.759802
11350001 0.771328
11360001 0.774787
11370001 0.763697
11380001 0.77733
11390001 0.762364
11400001 0.732528
11410001 0.751755
11420001 0.760853
11430001 0.761084
11440001 0.756661
11450001 0.749267
11460001 0.758638
11470001 0.755926
11480001 0.764261
11490001 0.764438
11500001 0.767021
11510001 0.783772
11520001 0.782605
11530001 0.783803
11540001 0.790395
11550001 0.747437
11560001 0.781826
11570001 0.769071
11580001 0.775683
11590001 0.75329
11600001 0.791395
11610001 0.770316
11620001 0.776848
11630001 0.765257
11640001 0.762401
11650001 0.764569
11660001 0.77023
11670001 0.773761
11680001 0.769203
11690001 0.778
11700001 0.775311
11710001 0.764122
11720001 0.759095
11730001 0.771404
11740001 0.776621
11750001 0.761198
11760001 0.753511
11770001 0.771297
11780001 0.755021
11790001 0.773429
11800001 0.76363
11810001 0.76524
11820001 0.80721
11830001 0.784434
11840001 0.780392
11850001 0.776996
11860001 0.772068
11870001 0.781006
11880001 0.78405
11890001 0.772395
11900001 0.756752
11910001 0.783094
11920001 0.780677
11930001 0.774767
11940001 0.779671
11950001 0.758909
11960001 0.761629
11970001 0.756316
11980001 0.758916
11990001 0.775618
12000001 0.76395
12010001 0.7516
12020001 0.760474
12030001 0.789733
12040001 0.765217
12050001 0.77174
12060001 0.762064
12070001 0.777088
12080001 0.768214
12090001 0.7868
12100001 0.772952
12110001 0.775179
12120001 0.785902
12130001 0.793177
12140001 0.786294
12150001 0.800271
12160001 0.794282
12170001 0.795886
12180001 0.786127
12190001 0.809326
12200001 0.782447
12210001 0.780893
12220001 0.772503
12230001 0.766438
12240001 0.800061
12250001 0.794189
12260001 0.775525
12270001 0.796753
12280001 0.790995
12290001 0.803021
12300001 0.795622
12310001 0.78035
12320001 0.767331
12330001 0.777707
12340001 0.765399
12350001 0.777475
12360001 0.756682
12370001 0.742259
12380001 0.769186
12390001 0.748468
12400001 0.754365
12410001 0.7691
12420001 0.770011
12430001 0.777533
12440001 0.775184
12450001 0.770131
12460001 0.803296
12470001 0.782978
12480001 0.781521
12490001 0.77857
12500001 0.790782
12510001 0.772116
12520001 0.784476
12530001 0.777042
12540001 0.744984
12550001 0.746077
12560001 0.751932
12570001 0.779285
12580001 0.788047
12590001 0.783935
12600001 0.76993
12610001 0.776532
12620001 0.756172
12630001 0.783119
12640001 0.778711
12650001 0.754819
12660001 0.758095
12670001 0.770976
12680001 0.790617
12690001 0.758301
12700001 0.761103
12710001 0.759508
12720001 0.755182
12730001 0.770869
12740001 0.792335
12750001 0.772856
12760001 0.783168
12770001 0.796375
12780001 0.776674
12790001 0.767102
12800001 0.783054
12810001 0.781437
12820001 0.792447
12830001 0.763109
12840001 0.794135
12850001 0.796585
12860001 0.786761
12870001 0.771187
12880001 0.76801
12890001 0.782398
12900001 0.79401
12910001 0.780339
12920001 0.769319
12930001 0.775329
12940001 0.78261
12950001 0.781237
12960001 0.778938
12970001 0.759766
12980001 0.780931
12990001 0.780729
13000001 0.78853
13010001 0.773956
13020001 0.765585
13030001 0.774057
13040001 0.785046
13050001 0.782453
13060001 0.779464
13070001 0.762575
13080001 0.799971
13090001 0.775724
13100001 0.803768
13110001 0.783764
13120001 0.802745
13130001 0.786422
13140001 0.798646
13150001 0.797475
13160001 0.780574
13170001 0.760851
13180001 0.781316
13190001 0.797032
13200001 0.784872
13210001 0.78098
13220001 0.781982
13230001 0.797637
13240001 0.786441
13250001 0.795552
13260001 0.783843
13270001 0.79924
13280001 0.786921
13290001 0.764548
13300001 0.776138
13310001 0.778367
13320001 0.781565
13330001 0.786752
13340001 0.768914
13350001 0.775157
13360001 0.783667
13370001 0.77291
13380001 0.775156
13390001 0.800919
13400001 0.796041
13410001 0.786233
13420001 0.774037
13430001 0.770979
13440001 0.78352
13450001 0.776431
13460001 0.773711
13470001 0.778035
13480001 0.762733
13490001 0.75824
13500001 0.766709
13510001 0.792376
13520001 0.778484
13530001 0.791141
13540001 0.793928
13550001 0.808585
13560001 0.788624
13570001 0.804755
13580001 0.776189
13590001 0.787906
13600001 0.783028
13610001 0.790137
13620001 0.794354
13630001 0.78752
13640001 0.773053
13650001 0.775735
13660001 0.76559
13670001 0.777714
13680001 0.803203
13690001 0.800543
13700001 0.809874
13710001 0.797639
13720001 0.795676
13730001 0.783778
13740001 0.759979
13750001 0.773832
13760001 0.765063
13770001 0.78915
13780001 0.769691
13790001 0.761238
13800001 0.759221
13810001 0.771181
13820001 0.77168
13830001 0.75876
13840001 0.78008
13850001 0.794234
13860001 0.789119
13870001 0.788902
13880001 0.800491
13890001 0.787902
13900001 0.784507
13910001 0.779237
13920001 0.789795
13930001 0.811308
13940001 0.784088
13950001 0.805146
13960001 0.800878
13970001 0.801349
13980001 0.81661
13990001 0.794081
14000001 0.78603
14010001 0.785238
14020001 0.794434
14030001 0.793191
14040001 0.810556
14050001 0.805459
14060001 0.782821
14070001 0.79538
14080001 0.787734
14090001 0.792179
14100001 0.783915
14110001 0.774873
14120001 0.781418
14130001 0.793482
14140001 0.81477
14150001 0.791763
14160001 0.783788
14170001 0.794495
14180001 0.784049
14190001 0.798506
14200001 0.797633
14210001 0.784268
14220001 0.788962
14230001 0.798075
14240001 0.789742
14250001 0.8033
14260001 0.797186
14270001 0.77113
14280001 0.749358
14290001 0.780103
14300001 0.781477
14310001 0.753542
14320001 0.78177
14330001 0.785123
14340001 0.777664
14350001 0.775121
14360001 0.776386
14370001 0.776193
14380001 0.794193
14390001 0.784282
14400001 0.786244
14410001 0.768952
14420001 0.767032
14430001 0.770737
14440001 0.783614
14450001 0.806554
14460001 0.792511
14470001 0.788626
14480001 0.788098
14490001 0.784739
14500001 0.79002
14510001 0.754917
14520001 0.754329
14530001 0.76417
14540001 0.78327
14550001 0.799091
14560001 0.789071
14570001 0.785302
14580001 0.805918
14590001 0.778013
14600001 0.790118
14610001 0.767709
14620001 0.777075
14630001 0.753039
14640001 0.757071
14650001 0.772766
14660001 0.767074
14670001 0.772536
14680001 0.771805
14690001 0.758795
14700001 0.786365
14710001 0.807956
14720001 0.801959
14730001 0.801637
14740001 0.803069
14750001 0.790574
14760001 0.783082
14770001 0.791565
14780001 0.7944
14790001 0.788352
14800001 0.792343
14810001 0.785593
14820001 0.773588
14830001 0.766302
14840001 0.75473
14850001 0.791529
14860001 0.784831
14870001 0.792995
14880001 0.769683
14890001 0.772298
14900001 0.800084
14910001 0.765545
14920001 0.748731
14930001 0.783607
14940001 0.783404
14950001 0.80028
14960001 0.771506
14970001 0.787535
14980001 0.752593
14990001 0.774038
15000001 0.768331
15010001 0.780698
15020001 0.783763
15030001 0.787298
15040001 0.786819
15050001 0.77017
15060001 0.781329
15070001 0.774318
15080001 0.779142
15090001 0.789808
15100001 0.798526
15110001 0.785073
15120001 0.759119
15130001 0.778632
15140001 0.767575
15150001 0.781637
15160001 0.76497
15170001 0.767119
15180001 0.784782
15190001 0.77736
15200001 0.76053
15210001 0.764223
15220001 0.762818
15230001 0.775434
15240001 0.777902
15250001 0.787967
15260001 0.767224
15270001 0.772455
15280001 0.787292
15290001 0.781383
15300001 0.785176
15310001 0.778651
15320001 0.77062
15330001 0.792143
15340001 0.776994
15350001 0.764068
15360001 0.771797
15370001 0.767201
15380001 0.788625
15390001 0.772614
15400001 0.77605
15410001 0.78908
15420001 0.773699
15430001 0.772393
15440001 0.778544
15450001 0.773288
15460001 0.774496
15470001 0.773111
15480001 0.773083
15490001 0.782173
15500001 0.791352
15510001 0.790154
15520001 0.797293
15530001 0.778549
15540001 0.784971
15550001 0.772384
15560001 0.771436
15570001 0.79748
15580001 0.78491
15590001 0.781937
15600001 0.79197
15610001 0.770468
15620001 0.770368
15630001 0.785347
15640001 0.774413
15650001 0.769774
15660001 0.79414
15670001 0.804945
15680001 0.793132
15690001 0.792641
15700001 0.792219
15710001 0.792268
15720001 0.769977
15730001 0.754559
15740001 0.767734
15750001 0.794904
15760001 0.782732
15770001 0.790854
15780001 0.791576
15790001 0.784128
15800001 0.786711
15810001 0.77545
15820001 0.788972
15830001 0.795201
15840001 0.764723
15850001 0.78271
15860001 0.78681
15870001 0.773987
15880001 0.789538
15890001 0.806144
15900001 0.802426
15910001 0.810485
15920001 0.798919
15930001 0.784137
15940001 0.777637
15950001 0.757465
15960001 0.776813
15970001 0.798239
15980001 0.800955
15990001 0.797588
16000001 0.779608
16010001 0.79675
16020001 0.775789
16030001 0.789765
16040001 0.83043
16050001 0.804769
16060001 0.820284
16070001 0.798704
16080001 0.782153
16090001 0.793229
16100001 0.787564
16110001 0.773905
16120001 0.779993
16130001 0.783976
16140001 0.772172
16150001 0.758418
16160001 0.754489
16170001 0.75846
16180001 0.779547
16190001 0.780306
16200001 0.756069
16210001 0.774003
16220001 0.789044
16230001 0.799692
16240001 0.778478
16250001 0.771962
16260001 0.776454
16270001 0.755436
16280001 0.765953
16290001 0.783298
16300001 0.786811
16310001 0.769813
16320001 0.784979
16330001 0.771703
16340001 0.781629
16350001 0.789865
16360001 0.807579
16370001 0.780331
16380001 0.761282
16390001 0.772163
16400001 0.787382
16410001 0.799457
16420001 0.775705
16430001 0.777715
16440001 0.807068
16450001 0.797485
16460001 0.786969
16470001 0.788657
16480001 0.797041
16490001 0.785408
16500001 0.778166
16510001 0.800088
16520001 0.785271
16530001 0.776296
16540001 0.779055
16550001 0.782433
16560001 0.793706
16570001 0.769066
16580001 0.776257
16590001 0.782806
16600001 0.771951
16610001 0.766352
16620001 0.795288
16630001 0.791911
16640001 0.793322
16650001 0.769476
16660001 0.78892
16670001 0.808035
16680001 0.81742
16690001 0.800482
16700001 0.823611
16710001 0.800327
16720001 0.79688
16730001 0.795361
16740001 0.785729
16750001 0.790065
16760001 0.789273
16770001 0.807912
16780001 0.811525
16790001 0.814004
16800001 0.79673
16810001 0.790507
16820001 0.796497
16830001 0.796541
16840001 0.801269
16850001 0.783725
16860001 0.785003
16870001 0.80848
16880001 0.769706
16890001 0.80248
16900001 0.79687
16910001 0.777131
16920001 0.805595
16930001 0.78477
16940001 0.792782
16950001 0.785865
16960001 0.780083
16970001 0.792015
16980001 0.780966
16990001 0.784584
17000001 0.808205
17010001 0.801698
17020001 0.801233
17030001 0.790501
17040001 0.79095
17050001 0.788747
17060001 0.789932
17070001 0.786925
17080001 0.790704
17090001 0.790992
17100001 0.781462
17110001 0.768628
17120001 0.777385
17130001 0.780764
17140001 0.773109
17150001 0.776253
17160001 0.794648
17170001 0.777659
17180001 0.788063
17190001 0.778025
17200001 0.79876
17210001 0.778617
17220001 0.788556
17230001 0.79262
17240001 0.786673
17250001 0.793002
17260001 0.775177
17270001 0.787526
17280001 0.76607
17290001 0.782384
17300001 0.784282
17310001 0.779754
17320001 0.786109
17330001 0.781276
17340001 0.771915
17350001 0.772656
17360001 0.800469
17370001 0.796088
17380001 0.796721
17390001 0.790653
17400001 0.792826
17410001 0.808172
17420001 0.78703
17430001 0.775668
17440001 0.801767
17450001 0.808446
17460001 0.815355
17470001 0.788642
17480001 0.779288
17490001 0.798259
17500001 0.779613
17510001 0.800141
17520001 0.787398
17530001 0.786473
17540001 0.791978
17550001 0.799514
17560001 0.797107
17570001 0.799169
17580001 0.799866
17590001 0.807868
17600001 0.79162
17610001 0.825952
17620001 0.807684
17630001 0.823837
17640001 0.807013
17650001 0.797952
17660001 0.792373
17670001 0.779122
17680001 0.799978
17690001 0.777001
17700001 0.807422
17710001 0.776363
17720001 0.773383
17730001 0.776425
17740001 0.789506
17750001 0.807059
17760001 0.789623
17770001 0.806998
17780001 0.791046
17790001 0.78842
17800001 0.78295
17810001 0.792126
17820001 0.769844
17830001 0.797105
17840001 0.811372
17850001 0.799847
17860001 0.783081
17870001 0.790687
17880001 0.774102
17890001 0.782733
17900001 0.777088
17910001 0.782079
17920001 0.778708
17930001 0.776056
17940001 0.796733
17950001 0.780186
17960001 0.774268
17970001 0.810522
17980001 0.806397
17990001 0.779101
18000001 0.802136
18010001 0.797216
18020001 0.781229
18030001 0.772896
18040001 0.772532
18050001 0.772964
18060001 0.787364
18070001 0.784085
18080001 0.765973
18090001 0.773077
18100001 0.761107
18110001 0.772081
18120001 0.776722
18130001 0.773294
18140001 0.758285
18150001 0.776831
18160001 0.765187
18170001 0.752031
18180001 0.745414
18190001 0.75851
18200001 0.764819
18210001 0.772271
18220001 0.784476
18230001 0.753942
18240001 0.766957
18250001 0.749749
18260001 0.748031
18270001 0.767293
18280001 0.741963
18290001 0.755716
18300001 0.747814
18310001 0.767148
18320001 0.773595
18330001 0.763266
18340001 0.77693
18350001 0.781513
18360001 0.78171
18370001 0.790532
18380001 0.764172
18390001 0.781485
18400001 0.768939
18410001 0.797017
18420001 0.797642
18430001 0.789274
18440001 0.790505
18450001 0.807004
18460001 0.777578
18470001 0.791005
18480001 0.790371
18490001 0.788892
18500001 0.782414
18510001 0.792771
18520001 0.795364
18530001 0.800242
18540001 0.778525
18550001 0.788675
18560001 0.798035
18570001 0.801648
18580001 0.795767
18590001 0.79619
18600001 0.785942
18610001 0.789859
18620001 0.803422
18630001 0.800208
18640001 0.810039
18650001 0.818727
18660001 0.803776
18670001 0.798933
18680001 0.791806
18690001 0.804851
18700001 0.821537
18710001 0.794636
18720001 0.797168
18730001 0.809594
18740001 0.813074
18750001 0.817924
18760001 0.792093
18770001 0.801236
18780001 0.798165
18790001 0.800074
18800001 0.802184
18810001 0.801259
18820001 0.801451
18830001 0.788535
18840001 0.765442
18850001 0.780245
18860001 0.758546
18870001 0.745606
18880001 0.758102
18890001 0.7722
18900001 0.793902
18910001 0.788652
18920001 0.780719
18930001 0.802442
18940001 0.783362
18950001 0.767738
18960001 0.790855
18970001 0.79777
18980001 0.793016
18990001 0.791169
19000001 0.781191
19010001 0.785679
19020001 0.798254
19030001 0.811268
19040001 0.787956
19050001 0.792525
19060001 0.819029
19070001 0.795278
19080001 0.7876
19090001 0.786928
19100001 0.788746
19110001 0.802841
19120001 0.81258
19130001 0.788085
19140001 0.813182
19150001 0.808122
19160001 0.800684
19170001 0.811676
19180001 0.78754
19190001 0.810132
19200001 0.809452
19210001 0.790754
19220001 0.761503
19230001 0.781347
19240001 0.785041
19250001 0.778062
19260001 0.779119
19270001 0.761418
19280001 0.776902
19290001 0.775762
19300001 0.769439
19310001 0.791882
19320001 0.772592
19330001 0.776022
19340001 0.760948
19350001 0.761215
19360001 0.772248
19370001 0.771452
19380001 0.772054
19390001 0.775999
19400001 0.77479
19410001 0.780792
19420001 0.752348
19430001 0.778957
19440001 0.772911
19450001 0.777114
19460001 0.791654
19470001 0.769906
19480001 0.781166
19490001 0.785813
19500001 0.770735
19510001 0.767516
19520001 0.781471
19530001 0.785203
19540001 0.771069
19550001 0.782499
19560001 0.794782
19570001 0.797898
19580001 0.807286
19590001 0.805555
19600001 0.801034
19610001 0.804312
19620001 0.783874
19630001 0.782844
19640001 0.776367
19650001 0.761962
19660001 0.771555
19670001 0.771536
19680001 0.779734
19690001 0.76822
19700001 0.776144
19710001 0.778802
19720001 0.780681
19730001 0.773763
19740001 0.768753
19750001 0.774533
19760001 0.766038
19770001 0.771254
19780001 0.777365
19790001 0.782369
19800001 0.796783
19810001 0.788039
19820001 0.754194
19830001 0.80222
19840001 0.802972
19850001 0.757834
19860001 0.746795
19870001 0.760841
19880001 0.783114
19890001 0.766409
19900001 0.772638
19910001 0.778451
19920001 0.771099
19930001 0.755327
19940001 0.785507
19950001 0.791204
19960001 0.792563
19970001 0.785377
19980001 0.779628
19990001 0.792317
20000001 0.781233
20010001 0.795563
20020001 0.780959
20030001 0.773568
20040001 0.777708
20050001 0.770941
20060001 0.785717
20070001 0.752567
20080001 0.772221
20090001 0.785849
20100001 0.753269
20110001 0.753059
20120001 0.786202
20130001 0.780996
20140001 0.787674
20150001 0.795479
20160001 0.775718
20170001 0.777967
20180001 0.77853
20190001 0.759348
20200001 0.740947
20210001 0.753151
20220001 0.767637
20230001 0.773602
20240001 0.763894
20250001 0.762555
20260001 0.773584
20270001 0.75861
20280001 0.764913
20290001 0.773052
20300001 0.795789
20310001 0.78699
20320001 0.776243
20330001 0.779584
20340001 0.785373
20350001 0.776479
20360001 0.785923
20370001 0.782223
20380001 0.771591
20390001 0.780347
20400001 0.782913
20410001 0.791252
20420001 0.787849
20430001 0.766456
20440001 0.755256
20450001 0.76082
20460001 0.761679
20470001 0.784943
20480001 0.795558
20490001 0.777029
20500001 0.792693
20510001 0.815057
20520001 0.818595
20530001 0.799078
20540001 0.803236
20550001 0.790588
20560001 0.801713
20570001 0.780788
20580001 0.78873
20590001 0.774955
20600001 0.791053
20610001 0.783616
20620001 0.794546
20630001 0.747124
20640001 0.768404
20650001 0.770304
20660001 0.778174
20670001 0.773342
20680001 0.784739
20690001 0.763167
20700001 0.774885
20710001 0.771777
20720001 0.771471
20730001 0.760613
20740001 0.799588
20750001 0.801529
20760001 0.773933
20770001 0.783304
20780001 0.786436
20790001 0.806171
20800001 0.780151
20810001 0.780454
20820001 0.811232
20830001 0.80423
20840001 0.824251
20850001 0.801876
20860001 0.79814
20870001 0.803147
20880001 0.770824
20890001 0.765594
20900001 0.79731
20910001 0.785526
20920001 0.796698
20930001 0.792658
20940001 0.789087
20950001 0.778886
20960001 0.783907
20970001 0.833162
20980001 0.789606
20990001 0.806674
21000001 0.764075
21010001 0.786207
21020001 0.778616
21030001 0.789028
21040001 0.765516
21050001 0.791314
21060001 0.783361
21070001 0.789268
21080001 0.796172
21090001 0.778503
21100001 0.797524
21110001 0.772022
21120001 0.78638
21130001 0.77757
21140001 0.775382
21150001 0.779447
21160001 0.774317
21170001 0.780783
21180001 0.77109
21190001 0.811119
21200001 0.792285
21210001 0.791324
21220001 0.803209
21230001 0.790937
21240001 0.776747
21250001 0.791825
21260001 0.77035
21270001 0.784918
21280001 0.789764
21290001 0.784766
21300001 0.783185
21310001 0.762146
21320001 0.763396
21330001 0.765501
21340001 0.782391
21350001 0.787197
21360001 0.772755
21370001 0.785974
21380001 0.785751
21390001 0.780047
21400001 0.786912
21410001 0.804699
21420001 0.785695
21430001 0.777778
21440001 0.799119
21450001 0.803623
21460001 0.782714
21470001 0.77354
21480001 0.763868
21490001 0.776768
21500001 0.7807
21510001 0.759607
21520001 0.755623
21530001 0.758908
21540001 0.756865
21550001 0.763897
21560001 0.761224
21570001 0.75218
21580001 0.749477
21590001 0.758043
21600001 0.767975
21610001 0.765633
21620001 0.763847
21630001 0.755621
21640001 0.764337
21650001 0.785996
21660001 0.785708
21670001 0.784546
21680001 0.786022
21690001 0.762234
21700001 0.797265
21710001 0.79589
21720001 0.810192
21730001 0.791844
21740001 0.774225
21750001 0.784408
21760001 0.767488
21770001 0.776632
21780001 0.779635
21790001 0.789967
21800001 0.755726
21810001 0.773484
21820001 0.758477
21830001 0.784236
21840001 0.796234
21850001 0.778798
21860001 0.811624
21870001 0.786077
21880001 0.799051
21890001 0.798216
21900001 0.782462
21910001 0.785883
21920001 0.780641
21930001 0.798716
21940001 0.774471
21950001 0.770852
21960001 0.763
21970001 0.77636
21980001 0.760277
21990001 0.782752
22000001 0.791932
22010001 0.78503
22020001 0.780428
22030001 0.792692
22040001 0.785488
22050001 0.780619
22060001 0.782534
22070001 0.789212
22080001 0.791161
22090001 0.773858
22100001 0.774314
22110001 0.764557
22120001 0.76331
22130001 0.785656
22140001 0.771013
22150001 0.784123
22160001 0.799932
22170001 0.778354
22180001 0.776836
22190001 0.767543
22200001 0.781928
22210001 0.770096
22220001 0.778303
22230001 0.810397
22240001 0.81111
22250001 0.783929
22260001 0.799535
22270001 0.799761
22280001 0.784023
22290001 0.783046
22300001 0.767993
22310001 0.803499
22320001 0.800827
22330001 0.781229
22340001 0.780433
22350001 0.785641
22360001 0.783022
22370001 0.794239
22380001 0.793808
22390001 0.806489
22400001 0.778503
22410001 0.783786
22420001 0.76927
22430001 0.790144
22440001 0.782794
22450001 0.784844
22460001 0.775415
22470001 0.782099
22480001 0.782667
22490001 0.81879
22500001 0.781882
22510001 0.787559
22520001 0.808273
22530001 0.819091
22540001 0.779947
22550001 0.788691
22560001 0.791281
22570001 0.771714
22580001 0.779508
22590001 0.798422
22600001 0.785506
22610001 0.781611
22620001 0.77346
22630001 0.743626
22640001 0.77315
22650001 0.784338
22660001 0.793044
22670001 0.778203
22680001 0.778056
22690001 0.780049
22700001 0.775439
22710001 0.787691
22720001 0.790259
22730001 0.793842
22740001 0.77923
22750001 0.803179
22760001 0.785834
22770001 0.794203
22780001 0.768191
22790001 0.778691
22800001 0.775445
22810001 0.775429
22820001 0.773415
22830001 0.768689
22840001 0.773545
22850001 0.797401
22860001 0.793998
22870001 0.798797
22880001 0.77443
22890001 0.769253
22900001 0.765396
22910001 0.759509
22920001 0.774011
22930001 0.792448
22940001 0.8141
22950001 0.785326
22960001 0.812198
22970001 0.771232
22980001 0.756791
22990001 0.781937
23000001 0.772993
23010001 0.762742
23020001 0.786077
23030001 0.768733
23040001 0.756962
23050001 0.784297
23060001 0.781967
23070001 0.762266
23080001 0.778733
23090001 0.767276
23100001 0.782128
23110001 0.769615
23120001 0.75984
23130001 0.749895
23140001 0.772049
23150001 0.744922
23160001 0.777537
23170001 0.808617
23180001 0.815746
23190001 0.778496
23200001 0.779331
23210001 0.770399
23220001 0.768061
23230001 0.774888
23240001 0.756189
23250001 0.759851
23260001 0.766751
23270001 0.744131
23280001 0.763611
23290001 0.770805
23300001 0.771401
23310001 0.778808
23320001 0.762091
23330001 0.76611
23340001 0.752995
23350001 0.758735
23360001 0.77737
23370001 0.785263
23380001 0.766511
23390001 0.762618
23400001 0.776319
23410001 0.754531
23420001 0.74812
23430001 0.759247
23440001 0.776825
23450001 0.77339
23460001 0.777648
23470001 0.770949
23480001 0.769747
23490001 0.764418
23500001 0.767926
23510001 0.764935
23520001 0.75248
23530001 0.750303
23540001 0.785755
23550001 0.774844
23560001 0.746666
23570001 0.771068
23580001 0.761166
23590001 0.744226
23600001 0.751942
23610001 0.761927
23620001 0.782561
23630001 0.759326
23640001 0.75189
23650001 0.778179
23660001 0.764575
23670001 0.768051
23680001 0.784789
23690001 0.783226
23700001 0.795459
23710001 0.800382
23720001 0.789663
23730001 0.791913
23740001 0.79053
23750001 0.79803
23760001 0.785634
23770001 0.765142
23780001 0.777944
23790001 0.776118
23800001 0.774535
23810001 0.778746
23820001 0.773393
23830001 0.765376
23840001 0.778574
23850001 0.78956
23860001 0.802681
23870001 0.79502
23880001 0.777502
23890001 0.762639
23900001 0.775155
23910001 0.779152
23920001 0.776921
23930001 0.781588
23940001 0.769116
23950001 0.760118
23960001 0.787546
23970001 0.764603
23980001 0.779823
23990001 0.780578
24000001 0.77475
24010001 0.75656
24020001 0.759643
24030001 0.757282
24040001 0.746005
24050001 0.75206
24060001 0.780057
24070001 0.793121
24080001 0.786038
24090001 0.780066
24100001 0.775271
24110001 0.778558
24120001 0.776595
24130001 0.775456
24140001 0.777242
24150001 0.795441
24160001 0.778098
24170001 0.802712
24180001 0.798225
24190001 0.800083
24200001 0.810827
24210001 0.793361
24220001 0.781051
24230001 0.78345
24240001 0.7816
24250001 0.758538
24260001 0.778318
24270001 0.775715
24280001 0.769962
24290001 0.807595
24300001 0.795015
24310001 0.786004
24320001 0.766108
24330001 0.768862
24340001 0.766939
24350001 0.750847
24360001 0.758131
24370001 0.751353
24380001 0.764931
24390001 0.783658
24400001 0.773953
24410001 0.75552
24420001 0.800503
24430001 0.789933
24440001 0.797561
24450001 0.815318
24460001 0.804421
24470001 0.799276
24480001 0.778139
24490001 0.807926
24500001 0.78561
24510001 0.774975
24520001 0.752844
24530001 0.770222
24540001 0.785692
24550001 0.775476
24560001 0.792144
24570001 0.793509
24580001 0.793315
24590001 0.789626
24600001 0.77345
24610001 0.768695
24620001 0.77739
24630001 0.77251
24640001 0.782339
24650001 0.780566
24660001 0.80643
24670001 0.789137
24680001 0.804955
24690001 0.781164
24700001 0.772704
24710001 0.750638
24720001 0.783292
24730001 0.774726
24740001 0.776256
24750001 0.759086
24760001 0.769927
24770001 0.775797
24780001 0.793166
24790001 0.758484
24800001 0.787035
24810001 0.782474
24820001 0.797792
24830001 0.784972
24840001 0.788385
24850001 0.78496
24860001 0.754357
24870001 0.758964
24880001 0.776918
24890001 0.772791
24900001 0.796025
24910001 0.782853
24920001 0.782988
24930001 0.764552
24940001 0.782415
24950001 0.776189
24960001 0.766313
24970001 0.782209
24980001 0.789224
24990001 0.767329
25000001 0.756224
25010001 0.770159
25020001 0.786059
25030001 0.778386
25040001 0.760662
25050001 0.772349
25060001 0.780761
25070001 0.770504
25080001 0.755787
25090001 0.767713
25100001 0.777369
25110001 0.777205
25120001 0.770682
25130001 0.764671
25140001 0.751569
25150001 0.761827
25160001 0.763334
25170001 0.761177
25180001 0.75487
25190001 0.765244
25200001 0.759874
25210001 0.771864
25220001 0.77645
25230001 0.771495
25240001 0.774155
25250001 0.781847
25260001 0.760882
25270001 0.744436
25280001 0.759553
25290001 0.775015
25300001 0.756452
25310001 0.762496
25320001 0.782941
25330001 0.771963
25340001 0.761177
25350001 0.75861
25360001 0.768955
25370001 0.754719
25380001 0.765982
25390001 0.785157
25400001 0.76824
25410001 0.775002
25420001 0.769476
25430001 0.754465
25440001 0.764594
25450001 0.762435
25460001 0.778508
25470001 0.769846
25480001 0.741109
25490001 0.755816
25500001 0.776953
25510001 0.773905
25520001 0.768038
25530001 0.751227
25540001 0.750007
25550001 0.748294
25560001 0.779139
25570001 0.757616
25580001 0.75611
25590001 0.75815
25600001 0.782732
25610001 0.784922
25620001 0.768356
25630001 0.771666
25640001 0.755286
25650001 0.74457
25660001 0.751254
25670001 0.771204
25680001 0.767115
25690001 0.774246
25700001 0.755948
25710001 0.785661
25720001 0.767884
25730001 0.752979
25740001 0.762667
25750001 0.755599
25760001 0.780248
25770001 0.769323
25780001 0.776118
25790001 0.771201
25800001 0.781938
25810001 0.791568
25820001 0.775157
25830001 0.794173
25840001 0.787373
25850001 0.75901
25860001 0.774389
25870001 0.779703
25880001 0.81765
25890001 0.762679
25900001 0.781748
25910001 0.778469
25920001 0.785072
25930001 0.796162
25940001 0.794193
25950001 0.789182
25960001 0.756684
25970001 0.765973
25980001 0.779746
25990001 0.802444
26000001 0.786846
26010001 0.777252
26020001 0.764043
26030001 0.76448
26040001 0.78101
26050001 0.785327
26060001 0.775444
26070001 0.80158
26080001 0.797794
26090001 0.784369
26100001 0.780854
26110001 0.772002
26120001 0.764013
26130001 0.774446
26140001 0.761241
26150001 0.762737
26160001 0.766866
26170001 0.763041
26180001 0.760976
26190001 0.788841
26200001 0.75072
26210001 0.767754
26220001 0.788691
26230001 0.790033
26240001 0.755667
26250001 0.77398
26260001 0.789042
26270001 0.760906
26280001 0.75824
26290001 0.773683
26300001 0.751138
26310001 0.751876
26320001 0.762999
26330001 0.773816
26340001 0.784185
26350001 0.766501
26360001 0.771582
26370001 0.771214
26380001 0.796413
26390001 0.802398
26400001 0.776969
26410001 0.765855
26420001 0.766669
26430001 0.781644
26440001 0.79502
26450001 0.78121
26460001 0.777769
26470001 0.791261
26480001 0.780967
26490001 0.782494
26500001 0.764216
26510001 0.741903
26520001 0.76932
26530001 0.770661
26540001 0.788054
26550001 0.776623
26560001 0.777534
26570001 0.768477
26580001 0.779056
26590001 0.775186
26600001 0.787785
26610001 0.785471
26620001 0.781557
26630001 0.759807
26640001 0.765246
26650001 0.756408
26660001 0.762729
26670001 0.753166
26680001 0.753858
26690001 0.761567
26700001 0.764386
26710001 0.753477
26720001 0.733927
26730001 0.758631
26740001 0.783061
26750001 0.793369
26760001 0.770361
26770001 0.790395
26780001 0.757104
26790001 0.757096
26800001 0.761486
26810001 0.762914
26820001 0.785559
26830001 0.77549
26840001 0.761434
26850001 0.762307
26860001 0.776504
26870001 0.784598
26880001 0.769301
26890001 0.803609
26900001 0.789809
26910001 0.775185
26920001 0.781318
26930001 0.766043
26940001 0.761162
26950001 0.799591
26960001 0.771016
26970001 0.777684
26980001 0.768368
26990001 0.753201
27000001 0.779114
27010001 0.780423
27020001 0.768925
27030001 0.787538
27040001 0.792106
27050001 0.784647
27060001 0.76434
27070001 0.786928
27080001 0.794457
27090001 0.759583
27100001 0.763152
27110001 0.764344
27120001 0.77926
27130001 0.793589
27140001 0.765401
27150001 0.778579
27160001 0.766451
27170001 0.764499
27180001 0.774918
27190001 0.784685
27200001 0.775536
27210001 0.784119
27220001 0.761866
27230001 0.756817
27240001 0.776141
27250001 0.755736
27260001 0.768614
27270001 0.747452
27280001 0.758679
27290001 0.777674
27300001 0.781044
27310001 0.80283
27320001 0.797786
27330001 0.781883
27340001 0.763651
27350001 0.767748
27360001 0.761492
27370001 0.755733
27380001 0.77617
27390001 0.789795
27400001 0.792383
27410001 0.812366
27420001 0.779152
27430001 0.806048
27440001 0.766239
27450001 0.758841
27460001 0.760677
27470001 0.792573
27480001 0.786551
27490001 0.791037
27500001 0.778039
27510001 0.790921
27520001 0.779227
27530001 0.772703
27540001 0.788351
27550001 0.780975
27560001 0.794895
27570001 0.806951
27580001 0.765447
27590001 0.773594
27600001 0.772863
27610001 0.775486
27620001 0.769775
27630001 0.759673
27640001 0.748449
27650001 0.754308
27660001 0.779507
27670001 0.768383
27680001 0.768758
27690001 0.744691
27700001 0.735365
27710001 0.734777
27720001 0.752549
27730001 0.760558
27740001 0.759026
27750001 0.775636
27760001 0.771435
27770001 0.789184
27780001 0.758835
27790001 0.78502
27800001 0.787668
27810001 0.806863
27820001 0.813197
27830001 0.79745
27840001 0.783748
27850001 0.780979
27860001 0.805622
27870001 0.7747
27880001 0.77958
27890001 0.786626
27900001 0.773602
27910001 0.784086
27920001 0.800576
27930001 0.799595
27940001 0.813054
27950001 0.781147
27960001 0.782285
27970001 0.797773
27980001 0.792049
27990001 0.817854
28000001 0.811152
28010001 0.800892
28020001 0.79587
28030001 0.776013
28040001 0.783573
28050001 0.78194
28060001 0.783412
28070001 0.783815
28080001 0.793936
28090001 0.792986
28100001 0.790249
28110001 0.800215
28120001 0.778066
28130001 0.79683
28140001 0.779735
28150001 0.783173
28160001 0.807579
28170001 0.773207
28180001 0.787625
28190001 0.809364
28200001 0.798499
28210001 0.782466
28220001 0.794834
28230001 0.784075
28240001 0.776607
28250001 0.769956
28260001 0.783337
28270001 0.776935
28280001 0.777063
28290001 0.788324
28300001 0.778913
28310001 0.792699
28320001 0.787225
28330001 0.804397
28340001 0.806017
28350001 0.787931
28360001 0.796872
28370001 0.821653
28380001 0.793282
28390001 0.794482
28400001 0.800546
28410001 0.804536
28420001 0.806102
28430001 0.791649
28440001 0.805835
28450001 0.788753
28460001 0.773303
28470001 0.803443
28480001 0.790732
28490001 0.785872
28500001 0.786569
28510001 0.780399
28520001 0.788483
28530001 0.762589
28540001 0.769596
28550001 0.769744
28560001 0.789476
28570001 0.772346
28580001 0.781579
28590001 0.778142
28600001 0.784531
28610001 0.765904
28620001 0.811799
28630001 0.767878
28640001 0.778094
28650001 0.771981
28660001 0.771406
28670001 0.789662
28680001 0.790027
28690001 0.77703
28700001 0.785835
28710001 0.788406
28720001 0.794722
28730001 0.766927
28740001 0.76581
28750001 0.779789
28760001 0.783652
28770001 0.793727
28780001 0.788562
28790001 0.78113
28800001 0.779646
28810001 0.780939
28820001 0.791371
28830001 0.767405
28840001 0.750522
28850001 0.780266
28860001 0.787447
28870001 0.772482
28880001 0.779238
28890001 0.789348
28900001 0.787767
28910001 0.77441
28920001 0.807481
28930001 0.802536
28940001 0.776641
28950001 0.779426
28960001 0.775808
28970001 0.794183
28980001 0.792407
28990001 0.788037
29000001 0.810565
29010001 0.791567
29020001 0.791564
29030001 0.797602
29040001 0.807073
29050001 0.795367
29060001 0.795266
29070001 0.803966
29080001 0.780774
29090001 0.788096
29100001 0.788128
29110001 0.789925
29120001 0.779501
29130001 0.800556
29140001 0.788068
29150001 0.797864
29160001 0.793572
29170001 0.766359
29180001 0.793782
29190001 0.789702
29200001 0.79036
29210001 0.769066
29220001 0.765174
29230001 0.774783
29240001 0.80611
29250001 0.815579
29260001 0.772481
29270001 0.790496
29280001 0.779212
29290001 0.790102
29300001 0.772025
29310001 0.771751
29320001 0.767664
29330001 0.8035
29340001 0.804617
29350001 0.79941
29360001 0.782451
29370001 0.773764
29380001 0.765633
29390001 0.790985
29400001 0.800893
29410001 0.806176
29420001 0.789282
29430001 0.798775
29440001 0.788556
29450001 0.771757
29460001 0.777446
29470001 0.798893
29480001 0.797587
29490001 0.764062
29500001 0.781092
29510001 0.77355
29520001 0.794946
29530001 0.776382
29540001 0.785725
29550001 0.77389
29560001 0.782414
29570001 0.769283
29580001 0.758384
29590001 0.774031
29600001 0.752478
29610001 0.765861
29620001 0.776025
29630001 0.790551
29640001 0.782924
29650001 0.761564
29660001 0.798159
29670001 0.786045
29680001 0.802309
29690001 0.802243
29700001 0.796852
29710001 0.793935
29720001 0.790679
29730001 0.80253
29740001 0.798152
29750001 0.796392
29760001 0.801568
29770001 0.806209
29780001 0.792877
29790001 0.821136
29800001 0.822464
29810001 0.810329
29820001 0.804624
29830001 0.809673
29840001 0.795481
29850001 0.790758
29860001 0.802686
29870001 0.814424
29880001 0.805287
29890001 0.798797
29900001 0.791392
29910001 0.795662
29920001 0.786727
29930001 0.807473
29940001 0.796245
29950001 0.805326
29960001 0.792722
29970001 0.765736
29980001 0.789613
29990001 0.790755
