1 31.3626
10001 16.8142
20001 12.4298
30001 9.96359
40001 8.40908
50001 7.338
60001 6.65224
70001 6.26085
80001 5.97815
90001 5.7582
100001 5.58128
110001 5.43999
120001 5.33074
130001 5.24304
140001 5.16966
150001 5.10324
160001 5.03418
170001 4.98157
180001 4.92195
190001 4.87275
200001 4.82655
210001 4.77984
220001 4.73564
230001 4.69477
240001 4.65724
250001 4.62125
260001 4.58586
270001 4.55281
280001 4.52048
290001 4.49041
300001 4.45956
310001 4.43014
320001 4.40362
330001 4.37708
340001 4.34717
350001 4.32238
360001 4.29752
370001 4.27315
380001 4.24916
390001 4.22
400001 4.19719
410001 4.17488
420001 4.15235
430001 4.13029
440001 4.11038
450001 4.09007
460001 4.06894
470001 4.04951
480001 4.02852
490001 4.00641
500001 3.9869
510001 3.96761
520001 3.95037
530001 3.93269
540001 3.91636
550001 3.9009
560001 3.883
570001 3.8664
580001 3.85051
590001 3.83264
600001 3.81734
610001 3.80183
620001 3.78827
630001 3.77511
640001 3.76067
650001 3.74723
660001 3.73372
670001 3.72034
680001 3.70764
690001 3.69437
700001 3.68096
710001 3.66874
720001 3.65545
730001 3.64147
740001 3.62931
750001 3.6176
760001 3.60488
770001 3.59362
780001 3.58059
790001 3.56848
800001 3.5565
810001 3.54414
820001 3.53371
830001 3.52349
840001 3.51166
850001 3.50266
860001 3.49211
870001 3.47986
880001 3.46942
890001 3.45743
900001 3.44582
910001 3.43372
920001 3.42272
930001 3.40876
940001 3.39887
950001 3.38923
960001 3.37878
970001 3.36883
980001 3.35731
990001 3.34771
1000001 3.3387
1010001 3.32735
1020001 3.31746
1030001 3.30864
1040001 3.30024
1050001 3.29088
1060001 3.28047
1070001 3.27188
1080001 3.26161
1090001 3.25096
1100001 3.24103
1110001 3.23198
1120001 3.22277
1130001 3.21254
1140001 3.20273
1150001 3.19439
1160001 3.18569
1170001 3.17756
1180001 3.16804
1190001 3.15929
1200001 3.15155
1210001 3.14242
1220001 3.1344
1230001 3.12733
1240001 3.11817
1250001 3.11157
1260001 3.10422
1270001 3.09638
1280001 3.088
1290001 3.08093
1300001 3.07369
1310001 3.0663
1320001 3.05942
1330001 3.05275
1340001 3.04511
1350001 3.0383
1360001 3.03048
1370001 3.02105
1380001 3.01411
1390001 3.00745
1400001 3.00041
1410001 2.99301
1420001 2.98717
1430001 2.97929
1440001 2.97224
1450001 2.96583
1460001 2.95784
1470001 2.94978
1480001 2.94244
1490001 2.93546
1500001 2.92824
1510001 2.92154
1520001 2.91535
1530001 2.90878
1540001 2.90396
1550001 2.89826
1560001 2.8932
1570001 2.88685
1580001 2.88098
1590001 2.87488
1600001 2.86839
1610001 2.86142
1620001 2.85516
1630001 2.84837
1640001 2.84157
1650001 2.83639
1660001 2.83131
1670001 2.82534
1680001 2.81871
1690001 2.81229
1700001 2.80585
1710001 2.80009
1720001 2.79436
1730001 2.78963
1740001 2.78297
1750001 2.77735
1760001 2.77217
1770001 2.76644
1780001 2.76045
1790001 2.75582
1800001 2.74978
1810001 2.74534
1820001 2.7401
1830001 2.73453
1840001 2.72932
1850001 2.7235
1860001 2.71796
1870001 2.71148
1880001 2.70636
1890001 2.70125
1900001 2.69677
1910001 2.69132
1920001 2.68556
1930001 2.67909
1940001 2.67358
1950001 2.66684
1960001 2.66145
1970001 2.65683
1980001 2.65196
1990001 2.64656
2000001 2.64083
2010001 2.63605
2020001 2.63187
2030001 2.62755
2040001 2.62122
2050001 2.61692
2060001 2.61215
2070001 2.60683
2080001 2.59984
2090001 2.59385
2100001 2.58737
2110001 2.58187
2120001 2.57683
2130001 2.57303
2140001 2.56876
2150001 2.56311
2160001 2.55706
2170001 2.55113
2180001 2.54582
2190001 2.54181
2200001 2.53802
2210001 2.53463
2220001 2.5298
2230001 2.52611
2240001 2.52122
2250001 2.51766
2260001 2.51412
2270001 2.51018
2280001 2.50662
2290001 2.50244
2300001 2.49896
2310001 2.49466
2320001 2.49024
2330001 2.48641
2340001 2.48159
2350001 2.47727
2360001 2.4731
2370001 2.46827
2380001 2.46443
2390001 2.46012
2400001 2.45635
2410001 2.45277
2420001 2.44879
2430001 2.44532
2440001 2.44156
2450001 2.43704
2460001 2.43343
2470001 2.42823
2480001 2.42546
2490001 2.42122
2500001 2.41739
2510001 2.41331
2520001 2.40995
2530001 2.4061
2540001 2.40288
2550001 2.39936
2560001 2.39508
2570001 2.39015
2580001 2.38649
2590001 2.38327
2600001 2.37985
2610001 2.37667
2620001 2.37341
2630001 2.3697
2640001 2.36566
2650001 2.36263
2660001 2.35947
2670001 2.35521
2680001 2.3511
2690001 2.34715
2700001 2.34413
2710001 2.34007
2720001 2.33538
2730001 2.33156
2740001 2.32652
2750001 2.32264
2760001 2.31855
2770001 2.31562
2780001 2.31201
2790001 2.30861
2800001 2.30622
2810001 2.30225
2820001 2.29969
2830001 2.29502
2840001 2.29177
2850001 2.28814
2860001 2.28409
2870001 2.2809
2880001 2.27693
2890001 2.27389
2900001 2.27052
2910001 2.26643
2920001 2.26277
2930001 2.25878
2940001 2.25465
2950001 2.2513
2960001 2.24819
2970001 2.24537
2980001 2.24203
2990001 2.23977
3000001 2.23607
3010001 2.23318
3020001 2.22976
3030001 2.22724
3040001 2.2236
3050001 2.22034
3060001 2.21671
3070001 2.21393
3080001 2.21107
3090001 2.20789
3100001 2.20481
3110001 2.20141
3120001 2.19899
3130001 2.1961
3140001 2.19284
3150001 2.18897
3160001 2.18642
3170001 2.18282
3180001 2.18019
3190001 2.1774
3200001 2.17466
3210001 2.17212
3220001 2.16962
3230001 2.16579
3240001 2.16258
3250001 2.15953
3260001 2.15625
3270001 2.1531
3280001 2.14893
3290001 2.1467
3300001 2.14337
3310001 2.14018
3320001 2.13732
3330001 2.13335
3340001 2.13038
3350001 2.12815
3360001 2.12499
3370001 2.122
3380001 2.11901
3390001 2.1172
3400001 2.11427
3410001 2.11029
3420001 2.10748
3430001 2.1043
3440001 2.10177
3450001 2.09855
3460001 2.09655
3470001 2.09352
3480001 2.09086
3490001 2.0877
3500001 2.08414
3510001 2.08029
3520001 2.0773
3530001 2.07459
3540001 2.07199
3550001 2.06868
3560001 2.06523
3570001 2.0624
3580001 2.05996
3590001 2.05796
3600001 2.05445
3610001 2.05104
3620001 2.04872
3630001 2.04599
3640001 2.04249
3650001 2.0379
3660001 2.03533
3670001 2.03193
3680001 2.02934
3690001 2.02804
3700001 2.02468
3710001 2.02145
3720001 2.0195
3730001 2.0166
3740001 2.01444
3750001 2.01267
3760001 2.00953
3770001 2.00732
3780001 2.00521
3790001 2.0023
3800001 2.00006
3810001 1.99711
3820001 1.99314
3830001 1.99047
3840001 1.98639
3850001 1.98354
3860001 1.98106
3870001 1.97962
3880001 1.97711
3890001 1.97532
3900001 1.97212
3910001 1.97035
3920001 1.96768
3930001 1.96419
3940001 1.96181
3950001 1.9581
3960001 1.95517
3970001 1.95316
3980001 1.95085
3990001 1.94863
4000001 1.94571
4010001 1.9434
4020001 1.94154
4030001 1.93963
4040001 1.9367
4050001 1.93355
4060001 1.93198
4070001 1.92907
4080001 1.92698
4090001 1.92448
4100001 1.92265
4110001 1.91954
4120001 1.91714
4130001 1.91507
4140001 1.91364
4150001 1.9115
4160001 1.90821
4170001 1.90569
4180001 1.90317
4190001 1.90096
4200001 1.89905
4210001 1.89781
4220001 1.8952
4230001 1.89275
4240001 1.88955
4250001 1.88745
4260001 1.88484
4270001 1.88278
4280001 1.88013
4290001 1.87707
4300001 1.87508
4310001 1.87382
4320001 1.87138
4330001 1.86872
4340001 1.86655
4350001 1.86345
4360001 1.86128
4370001 1.85945
4380001 1.85794
4390001 1.85646
4400001 1.85367
4410001 1.85129
4420001 1.84899
4430001 1.84717
4440001 1.84513
4450001 1.84311
4460001 1.84068
4470001 1.83794
4480001 1.83479
4490001 1.83209
4500001 1.82998
4510001 1.82788
4520001 1.82573
4530001 1.82391
4540001 1.82274
4550001 1.82127
4560001 1.81953
4570001 1.81753
4580001 1.81581
4590001 1.81258
4600001 1.81041
4610001 1.80816
4620001 1.80595
4630001 1.80401
4640001 1.80066
4650001 1.79764
4660001 1.79598
4670001 1.79434
4680001 1.79081
4690001 1.78763
4700001 1.7858
4710001 1.78312
4720001 1.78075
4730001 1.77827
4740001 1.77683
4750001 1.77485
4760001 1.77166
4770001 1.76946
4780001 1.76726
4790001 1.76558
4800001 1.76353
4810001 1.76098
4820001 1.75983
4830001 1.75835
4840001 1.75585
4850001 1.75363
4860001 1.75127
4870001 1.74978
4880001 1.74822
4890001 1.74699
4900001 1.74511
4910001 1.74264
4920001 1.74103
4930001 1.73878
4940001 1.73661
4950001 1.73471
4960001 1.73249
4970001 1.72995
4980001 1.72811
4990001 1.72595
5000001 1.72443
5010001 1.72275
5020001 1.72175
5030001 1.71978
5040001 1.71801
5050001 1.71553
5060001 1.71359
5070001 1.71089
5080001 1.70907
5090001 1.70716
5100001 1.70565
5110001 1.70425
5120001 1.70276
5130001 1.7018
5140001 1.7005
5150001 1.69748
5160001 1.69627
5170001 1.69448
5180001 1.69264
5190001 1.6902
5200001 1.68838
5210001 1.68766
5220001 1.68545
5230001 1.68411
5240001 1.68151
5250001 1.6799
5260001 1.67793
5270001 1.67713
5280001 1.67536
5290001 1.67366
5300001 1.67164
5310001 1.67043
5320001 1.66873
5330001 1.66714
5340001 1.66447
5350001 1.6632
5360001 1.6615
5370001 1.65979
5380001 1.65749
5390001 1.6559
5400001 1.65485
5410001 1.65284
5420001 1.65092
5430001 1.64961
5440001 1.64776
5450001 1.6458
5460001 1.64442
5470001 1.64283
5480001 1.64083
5490001 1.63899
5500001 1.63676
5510001 1.63555
5520001 1.63359
5530001 1.6319
5540001 1.62961
5550001 1.62803
5560001 1.62625
5570001 1.624
5580001 1.62276
5590001 1.6212
5600001 1.62012
5610001 1.61889
5620001 1.61817
5630001 1.616
5640001 1.61414
5650001 1.6121
5660001 1.61058
5670001 1.61042
5680001 1.6087
5690001 1.60664
5700001 1.60495
5710001 1.60411
5720001 1.60184
5730001 1.60021
5740001 1.59824
5750001 1.59661
5760001 1.5947
5770001 1.59325
5780001 1.59189
5790001 1.58949
5800001 1.58817
5810001 1.58678
5820001 1.58529
5830001 1.58345
5840001 1.58172
5850001 1.58039
5860001 1.57877
5870001 1.5777
5880001 1.57609
5890001 1.57478
5900001 1.57364
5910001 1.57222
5920001 1.57098
5930001 1.56975
5940001 1.56856
5950001 1.56765
5960001 1.56653
5970001 1.56559
5980001 1.56435
5990001 1.56357
6000001 1.56141
6010001 1.55985
6020001 1.5591
6030001 1.55778
6040001 1.55643
6050001 1.55394
6060001 1.55158
6070001 1.55025
6080001 1.54864
6090001 1.54769
6100001 1.54645
6110001 1.54453
6120001 1.54334
6130001 1.54188
6140001 1.53966
6150001 1.53932
6160001 1.53665
6170001 1.53531
6180001 1.53461
6190001 1.53221
6200001 1.53178
6210001 1.52992
6220001 1.52837
6230001 1.52656
6240001 1.52496
6250001 1.52393
6260001 1.52182
6270001 1.52182
6280001 1.51963
6290001 1.51864
6300001 1.51726
6310001 1.5154
6320001 1.51374
6330001 1.5125
6340001 1.51156
6350001 1.51052
6360001 1.50822
6370001 1.50722
6380001 1.50552
6390001 1.50416
6400001 1.50289
6410001 1.50078
6420001 1.49957
6430001 1.49768
6440001 1.49667
6450001 1.49578
6460001 1.4939
6470001 1.49329
6480001 1.49274
6490001 1.49155
6500001 1.48997
6510001 1.4886
6520001 1.48717
6530001 1.48545
6540001 1.48468
6550001 1.48378
6560001 1.48217
6570001 1.4807
6580001 1.47945
6590001 1.4786
6600001 1.47756
6610001 1.47656
6620001 1.47507
6630001 1.47385
6640001 1.47209
6650001 1.47041
6660001 1.46934
6670001 1.46815
6680001 1.46683
6690001 1.46617
6700001 1.46382
6710001 1.46289
6720001 1.46172
6730001 1.46117
6740001 1.45996
6750001 1.45878
6760001 1.45646
6770001 1.4557
6780001 1.45458
6790001 1.45406
6800001 1.45237
6810001 1.45124
6820001 1.45041
6830001 1.45013
6840001 1.44781
6850001 1.44623
6860001 1.44578
6870001 1.44512
6880001 1.4442
6890001 1.44291
6900001 1.44162
6910001 1.44066
6920001 1.44092
6930001 1.43819
6940001 1.43779
6950001 1.43715
6960001 1.43617
6970001 1.43521
6980001 1.43379
6990001 1.43297
7000001 1.43237
7010001 1.43103
7020001 1.42917
7030001 1.42881
7040001 1.42794
7050001 1.42565
7060001 1.42466
7070001 1.42354
7080001 1.42263
7090001 1.42097
7100001 1.42013
7110001 1.41846
7120001 1.41696
7130001 1.41617
7140001 1.41566
7150001 1.4146
7160001 1.4142
7170001 1.41351
7180001 1.41291
7190001 1.41067
7200001 1.4106
7210001 1.40942
7220001 1.40802
7230001 1.40818
7240001 1.40768
7250001 1.40595
7260001 1.40515
7270001 1.40315
7280001 1.40236
7290001 1.40148
7300001 1.4003
7310001 1.3983
7320001 1.39702
7330001 1.39577
7340001 1.39579
7350001 1.39529
7360001 1.3944
7370001 1.39388
7380001 1.39276
7390001 1.39213
7400001 1.39191
7410001 1.39067
7420001 1.38931
7430001 1.38745
7440001 1.38621
7450001 1.38514
7460001 1.38331
7470001 1.38216
7480001 1.38079
7490001 1.37988
7500001 1.3784
7510001 1.3779
7520001 1.37718
7530001 1.37643
7540001 1.37518
7550001 1.37466
7560001 1.37365
7570001 1.37236
7580001 1.37154
7590001 1.37078
7600001 1.36916
7610001 1.36851
7620001 1.36739
7630001 1.36634
7640001 1.36468
7650001 1.36394
7660001 1.36329
7670001 1.36254
7680001 1.36233
7690001 1.36012
7700001 1.36013
7710001 1.35799
7720001 1.357
7730001 1.35593
7740001 1.35545
7750001 1.35414
7760001 1.35238
7770001 1.3509
7780001 1.34918
7790001 1.34701
7800001 1.34698
7810001 1.34599
7820001 1.34467
7830001 1.34292
7840001 1.342
7850001 1.34153
7860001 1.33935
7870001 1.33766
7880001 1.33704
7890001 1.33624
7900001 1.33491
7910001 1.33364
7920001 1.33339
7930001 1.33152
7940001 1.33165
7950001 1.32998
7960001 1.32839
7970001 1.32749
7980001 1.32606
7990001 1.32625
8000001 1.32492
8010001 1.32402
8020001 1.32238
8030001 1.32139
8040001 1.31854
8050001 1.31749
8060001 1.31804
8070001 1.31791
8080001 1.31668
8090001 1.31575
8100001 1.31503
8110001 1.3138
8120001 1.31339
8130001 1.31226
8140001 1.3118
8150001 1.31115
8160001 1.31069
8170001 1.30986
8180001 1.30996
8190001 1.30818
8200001 1.3076
8210001 1.3063
8220001 1.30656
8230001 1.30547
8240001 1.30491
8250001 1.30457
8260001 1.30302
8270001 1.30233
8280001 1.30137
8290001 1.30029
8300001 1.29955
8310001 1.29821
8320001 1.29744
8330001 1.29722
8340001 1.29616
8350001 1.29584
8360001 1.29539
8370001 1.29442
8380001 1.29366
8390001 1.29229
8400001 1.29128
8410001 1.29073
8420001 1.28861
8430001 1.28693
8440001 1.28721
8450001 1.2858
8460001 1.28544
8470001 1.28536
8480001 1.28586
8490001 1.285
8500001 1.28446
8510001 1.28355
8520001 1.28326
8530001 1.28241
8540001 1.28269
8550001 1.28116
8560001 1.28121
8570001 1.28094
8580001 1.2801
8590001 1.27874
8600001 1.27772
8610001 1.27691
8620001 1.27635
8630001 1.2759
8640001 1.27532
8650001 1.27434
8660001 1.27374
8670001 1.27319
8680001 1.27152
8690001 1.27206
8700001 1.27058
8710001 1.26977
8720001 1.26821
8730001 1.26683
8740001 1.26626
8750001 1.26532
8760001 1.26502
8770001 1.26382
8780001 1.26294
8790001 1.26221
8800001 1.26119
8810001 1.26023
8820001 1.25883
8830001 1.25861
8840001 1.25712
8850001 1.25573
8860001 1.25508
8870001 1.25469
8880001 1.25517
8890001 1.25456
8900001 1.25371
8910001 1.25275
8920001 1.25082
8930001 1.25029
8940001 1.24929
8950001 1.2474
8960001 1.24768
8970001 1.24717
8980001 1.24692
8990001 1.24542
9000001 1.24457
9010001 1.24451
9020001 1.24375
9030001 1.24329
9040001 1.2412
9050001 1.2409
9060001 1.24092
9070001 1.23935
9080001 1.23847
9090001 1.23742
9100001 1.23765
9110001 1.23577
9120001 1.23528
9130001 1.23534
9140001 1.23404
9150001 1.23216
9160001 1.23149
9170001 1.23051
9180001 1.22945
9190001 1.2289
9200001 1.22834
9210001 1.22853
9220001 1.22713
9230001 1.22539
9240001 1.22538
9250001 1.22456
9260001 1.22348
9270001 1.22242
9280001 1.22288
9290001 1.22289
9300001 1.22217
9310001 1.2223
9320001 1.22145
9330001 1.22052
9340001 1.22006
9350001 1.21966
9360001 1.21895
9370001 1.21759
9380001 1.21737
9390001 1.2178
9400001 1.21677
9410001 1.21655
9420001 1.21623
9430001 1.21568
9440001 1.21446
9450001 1.21365
9460001 1.21222
9470001 1.21245
9480001 1.21183
9490001 1.2115
9500001 1.2111
9510001 1.21
9520001 1.20941
9530001 1.20948
9540001 1.20804
9550001 1.20799
9560001 1.20659
9570001 1.20588
9580001 1.20559
9590001 1.20467
9600001 1.20394
9610001 1.20297
9620001 1.20196
9630001 1.20103
9640001 1.20128
9650001 1.20129
9660001 1.20118
9670001 1.19902
9680001 1.19866
9690001 1.1982
9700001 1.19754
9710001 1.19709
9720001 1.19652
9730001 1.19574
9740001 1.19567
9750001 1.19482
9760001 1.19465
9770001 1.19399
9780001 1.19397
9790001 1.19381
9800001 1.193
9810001 1.19271
9820001 1.19187
9830001 1.19088
9840001 1.19012
9850001 1.18902
9860001 1.18968
9870001 1.18843
9880001 1.18846
9890001 1.188
9900001 1.18738
9910001 1.18707
9920001 1.18569
9930001 1.18556
9940001 1.18524
9950001 1.18362
9960001 1.18237
9970001 1.1824
9980001 1.182
9990001 1.18124
