1 2660.26
10001 192.05
20001 106.702
30001 66.0412
40001 46.5747
50001 33.8335
60001 27.7652
70001 22.2548
80001 19.4071
90001 16.3336
100001 15.0756
110001 13.8146
120001 12.9761
130001 12.4096
140001 11.5853
150001 11.2957
160001 11.2871
170001 10.8492
180001 10.4027
190001 10.3728
200001 10.426
210001 10.2025
220001 10.1598
230001 10.0214
240001 10.5792
250001 9.89109
260001 10.1221
270001 9.82599
280001 9.88533
290001 9.7354
300001 9.8196
310001 9.43066
320001 9.74183
330001 9.78202
340001 9.51376
350001 9.70072
360001 9.82764
370001 9.69168
380001 9.39916
390001 9.72148
400001 10.0325
410001 9.77685
420001 9.54245
430001 9.40131
440001 10.0852
450001 9.74023
460001 10.6374
470001 9.7079
480001 9.38424
490001 9.391
500001 9.78384
510001 9.43663
520001 9.59106
530001 9.2296
540001 9.34473
550001 9.81933
560001 9.61704
570001 9.79559
580001 9.37227
590001 9.88039
600001 9.81943
610001 9.6064
620001 9.70896
630001 9.181
640001 9.31372
650001 9.43128
660001 9.46445
670001 9.80653
680001 9.59129
690001 9.46179
700001 9.68096
710001 9.5783
720001 9.3727
730001 9.37669
740001 9.35399
750001 9.34812
760001 9.52581
770001 9.52466
780001 9.72293
790001 9.82569
800001 9.90681
810001 9.68913
820001 9.6326
830001 9.44995
840001 9.54556
850001 9.38964
860001 9.65359
870001 9.58076
880001 9.46949
890001 9.47033
900001 9.49261
910001 9.46474
920001 9.38554
930001 9.41287
940001 9.79139
950001 9.63862
960001 10.236
970001 9.79601
980001 9.81007
990001 9.5241
1000001 9.5895
1010001 9.54342
1020001 9.54289
1030001 9.75206
1040001 9.51113
1050001 9.51242
1060001 9.83351
1070001 9.58346
1080001 9.41825
1090001 9.45449
1100001 9.11268
1110001 9.51955
1120001 9.82663
1130001 9.47849
1140001 9.43076
1150001 9.64223
1160001 10.1673
1170001 9.26927
1180001 9.55772
1190001 9.36083
1200001 9.50112
1210001 9.41663
1220001 9.46206
1230001 9.60606
1240001 9.58742
1250001 9.36369
1260001 9.68257
1270001 9.67514
1280001 9.51888
1290001 9.36571
1300001 9.55889
1310001 9.5591
1320001 9.41668
1330001 9.38697
1340001 9.2104
1350001 9.1407
1360001 9.7366
1370001 9.74204
1380001 9.38468
1390001 9.63262
1400001 9.54743
1410001 9.7845
1420001 9.33646
1430001 9.64575
1440001 9.71869
1450001 9.56237
1460001 9.52188
1470001 9.88604
1480001 9.90569
1490001 9.92859
1500001 9.32757
1510001 9.63274
1520001 9.63743
1530001 9.6021
1540001 10.0621
1550001 9.99575
1560001 9.92546
1570001 9.86877
1580001 9.48493
1590001 9.62107
1600001 9.81738
1610001 9.72816
1620001 9.37467
1630001 9.47242
1640001 9.65156
1650001 9.61398
1660001 9.91918
1670001 9.59279
1680001 9.5211
1690001 9.77699
1700001 9.7111
1710001 9.40903
1720001 9.69434
1730001 9.48188
1740001 9.72242
1750001 9.30405
1760001 9.79225
1770001 9.87133
1780001 9.44572
1790001 9.53703
1800001 10.163
1810001 9.62966
1820001 9.83033
1830001 9.69309
1840001 9.52232
1850001 9.28457
1860001 9.62485
1870001 10.1933
1880001 9.16129
1890001 9.4743
1900001 9.53728
1910001 9.41233
1920001 9.39694
1930001 9.99804
1940001 9.33341
1950001 9.04036
1960001 9.48776
1970001 9.86279
1980001 9.56811
1990001 9.55344
2000001 9.93268
2010001 9.56517
2020001 9.45955
2030001 9.59481
2040001 9.54003
2050001 9.55937
2060001 9.53735
2070001 9.39772
2080001 9.73646
2090001 9.306
2100001 9.49861
2110001 9.37675
2120001 9.50547
2130001 9.34226
2140001 10.0673
2150001 9.80819
2160001 9.64428
2170001 9.64188
2180001 9.49169
2190001 9.83675
2200001 9.25685
2210001 9.51734
2220001 9.62588
2230001 9.64358
2240001 9.83024
2250001 9.66592
2260001 9.72268
2270001 9.6494
2280001 9.38671
2290001 9.63285
2300001 9.8791
2310001 9.60166
2320001 9.51726
2330001 9.23966
2340001 9.70264
2350001 9.60846
2360001 9.34095
2370001 9.42463
2380001 9.76884
2390001 10.0083
2400001 9.64005
2410001 9.41798
2420001 9.93406
2430001 9.6604
2440001 9.7678
2450001 9.45444
2460001 9.86933
2470001 9.23848
2480001 9.74533
2490001 9.9319
2500001 9.66377
2510001 9.40621
2520001 9.75645
2530001 9.70134
2540001 9.3151
2550001 9.95872
2560001 9.42271
2570001 9.40747
2580001 9.66938
2590001 9.45949
2600001 9.19872
2610001 9.91987
2620001 10.1105
2630001 9.82474
2640001 9.56598
2650001 9.77528
2660001 9.81552
2670001 9.61309
2680001 9.64571
2690001 9.4622
2700001 9.33137
2710001 9.33051
2720001 9.86807
2730001 9.7871
2740001 9.54178
2750001 9.60552
2760001 9.43646
2770001 9.59711
2780001 9.51261
2790001 9.36325
2800001 9.82402
2810001 9.68937
2820001 9.50378
2830001 9.39531
2840001 9.60345
2850001 9.43274
2860001 9.46384
2870001 9.51173
2880001 9.17224
2890001 9.42861
2900001 9.71695
2910001 9.55932
2920001 9.39298
2930001 9.8631
2940001 9.98999
2950001 9.5645
2960001 10.0044
2970001 9.5646
2980001 9.55085
2990001 9.44164
3000001 9.91619
3010001 9.34342
3020001 9.55848
3030001 9.60615
3040001 9.87523
3050001 9.4978
3060001 9.65
3070001 9.79069
3080001 9.79924
3090001 9.47218
3100001 9.75096
3110001 9.64809
3120001 9.24678
3130001 9.42572
3140001 9.77115
3150001 10.1449
3160001 9.84525
3170001 9.61057
3180001 10.0647
3190001 9.46988
3200001 9.82886
3210001 9.61531
3220001 9.62741
3230001 9.79107
3240001 9.56395
3250001 9.49298
3260001 9.28717
3270001 9.46869
3280001 9.8134
3290001 9.77702
3300001 9.83481
3310001 9.37784
3320001 9.30299
3330001 9.66479
3340001 9.57093
3350001 9.45236
3360001 9.51036
3370001 9.74463
3380001 9.62894
3390001 9.85418
3400001 9.42754
3410001 9.39959
3420001 9.81516
3430001 9.41352
3440001 9.50378
3450001 9.53793
3460001 9.72218
3470001 9.39661
3480001 9.82195
3490001 9.65595
3500001 9.54109
3510001 9.32306
3520001 9.4451
3530001 9.47247
3540001 9.61259
3550001 9.50194
3560001 9.58711
3570001 9.4299
3580001 9.76633
3590001 9.7687
3600001 9.19329
3610001 10.2473
3620001 9.4236
3630001 9.53489
3640001 9.66609
3650001 9.61527
3660001 9.43278
3670001 9.55254
3680001 9.397
3690001 9.26149
3700001 9.58304
3710001 9.60704
3720001 9.39971
3730001 9.47356
3740001 9.86544
3750001 9.5566
3760001 9.55099
3770001 10.176
3780001 9.74299
3790001 9.42697
3800001 9.60189
3810001 9.34975
3820001 9.30156
3830001 9.49396
3840001 9.54002
3850001 9.40942
3860001 10.0439
3870001 9.56253
3880001 9.72718
3890001 9.63119
3900001 9.83018
3910001 9.83786
3920001 9.61038
3930001 9.60044
3940001 9.5088
3950001 9.51408
3960001 9.71063
3970001 9.39864
3980001 9.43604
3990001 9.96891
4000001 9.77617
4010001 9.61917
4020001 9.57899
4030001 9.31142
4040001 9.54315
4050001 9.92887
4060001 9.27471
4070001 9.43862
4080001 9.71535
4090001 9.58319
4100001 9.38464
4110001 9.453
4120001 9.64364
4130001 9.68483
4140001 9.96386
4150001 9.78507
4160001 9.40097
4170001 9.805
4180001 9.66589
4190001 9.42264
4200001 9.65752
4210001 9.34747
4220001 9.42749
4230001 9.78658
4240001 9.46074
4250001 9.41675
4260001 9.29287
4270001 9.32103
4280001 9.53061
4290001 9.65857
4300001 9.6977
4310001 9.25255
4320001 9.47469
4330001 9.54669
4340001 9.98888
4350001 9.6917
4360001 9.88371
4370001 10.0241
4380001 9.8335
4390001 9.49318
4400001 9.69762
4410001 9.57636
4420001 9.34452
4430001 9.75979
4440001 9.36382
4450001 9.82582
4460001 9.76296
4470001 9.55802
4480001 9.88718
4490001 9.77497
4500001 9.88551
4510001 9.47273
4520001 10.0423
4530001 9.24842
4540001 9.54457
4550001 9.26892
4560001 9.53305
4570001 9.48886
4580001 9.65347
4590001 9.30209
4600001 9.48282
4610001 9.35136
4620001 9.50079
4630001 9.63117
4640001 9.57546
4650001 9.29492
4660001 9.37991
4670001 9.91333
4680001 9.51197
4690001 9.3925
4700001 9.47669
4710001 9.65847
4720001 9.35027
4730001 9.26702
4740001 9.7141
4750001 9.61878
4760001 9.57417
4770001 9.25217
4780001 9.44682
4790001 9.1423
4800001 9.53402
4810001 9.29845
4820001 9.62907
4830001 9.25999
4840001 9.30445
4850001 9.29471
4860001 9.37877
4870001 9.76617
4880001 9.44995
4890001 9.78768
4900001 9.95123
4910001 9.75006
4920001 9.42371
4930001 9.55673
4940001 9.27386
4950001 9.4932
4960001 9.35146
4970001 9.47431
4980001 9.74511
4990001 9.54634
5000001 9.70113
5010001 9.44026
5020001 9.81654
5030001 9.33183
5040001 9.37778
5050001 9.51991
5060001 9.81646
5070001 9.58424
5080001 9.79786
5090001 9.54874
5100001 9.97591
5110001 10.0188
5120001 9.71118
5130001 10.0647
5140001 9.43015
5150001 9.72063
5160001 9.35847
5170001 9.37726
5180001 9.70417
5190001 9.73249
5200001 9.82004
5210001 9.38758
5220001 9.46255
5230001 9.74087
5240001 9.8221
5250001 9.20202
5260001 10.0568
5270001 9.35498
5280001 9.66126
5290001 9.46924
5300001 9.53467
5310001 9.80392
5320001 9.36404
5330001 9.94626
5340001 9.39355
5350001 9.53396
5360001 9.85635
5370001 9.69851
5380001 9.78952
5390001 10.1988
5400001 9.60837
5410001 9.75502
5420001 9.38269
5430001 9.33574
5440001 9.59955
5450001 9.52971
5460001 9.63995
5470001 9.43447
5480001 9.1286
5490001 9.39547
5500001 9.58006
5510001 9.33468
5520001 9.57037
5530001 9.4003
5540001 9.52053
5550001 9.5453
5560001 9.70356
5570001 9.45474
5580001 9.8472
5590001 9.56978
5600001 9.46235
5610001 9.52427
5620001 9.61791
5630001 9.28294
5640001 9.36489
5650001 9.65487
5660001 9.77108
5670001 9.8299
5680001 9.74744
5690001 9.95328
5700001 9.61741
5710001 9.43679
5720001 9.38109
5730001 9.26635
5740001 9.256
5750001 9.70735
5760001 9.54266
5770001 10.0356
5780001 9.57803
5790001 9.72845
5800001 9.59344
5810001 9.42219
5820001 9.66118
5830001 9.06595
5840001 9.40118
5850001 9.69558
5860001 9.4832
5870001 9.77877
5880001 9.46683
5890001 9.4137
5900001 9.22357
5910001 9.29836
5920001 9.80148
5930001 9.98336
5940001 9.93491
5950001 9.40179
5960001 9.79039
5970001 9.36705
5980001 9.98624
5990001 9.93325
6000001 9.81221
6010001 9.59552
6020001 9.49026
6030001 9.27174
6040001 9.49813
6050001 9.64748
6060001 9.53318
6070001 9.5119
6080001 9.50987
6090001 9.45385
6100001 9.60895
6110001 9.3528
6120001 9.57179
6130001 9.17596
6140001 9.82502
6150001 9.63991
6160001 9.97356
6170001 9.37564
6180001 9.61402
6190001 9.41253
6200001 9.34725
6210001 9.82286
6220001 9.3419
6230001 9.27075
6240001 9.26593
6250001 9.35937
6260001 9.77622
6270001 9.52478
6280001 9.40308
6290001 9.50158
6300001 9.71804
6310001 9.52446
6320001 9.56522
6330001 9.50404
6340001 9.62073
6350001 9.21746
6360001 9.93625
6370001 9.38898
6380001 9.50804
6390001 9.68097
6400001 9.78966
6410001 9.38295
6420001 9.55407
6430001 9.40668
6440001 9.40619
6450001 9.31234
6460001 9.82162
6470001 9.78587
6480001 9.29178
6490001 9.63931
6500001 9.48789
6510001 9.50292
6520001 9.44467
6530001 10.1546
6540001 9.30615
6550001 9.49188
6560001 9.48692
6570001 9.47318
6580001 9.62832
6590001 9.30322
6600001 9.61785
6610001 9.37922
6620001 9.39654
6630001 9.71827
6640001 9.44114
6650001 9.4081
6660001 9.33768
6670001 9.23317
6680001 9.26016
6690001 9.41785
6700001 9.80008
6710001 9.76415
6720001 9.24079
6730001 9.76483
6740001 9.35663
6750001 9.64642
6760001 9.76898
6770001 9.26542
6780001 9.79826
6790001 9.44852
6800001 9.82406
6810001 9.13341
6820001 9.58588
6830001 9.45692
6840001 9.44669
6850001 9.4152
6860001 9.71269
6870001 9.52917
6880001 9.50405
6890001 9.45325
6900001 9.60872
6910001 9.77346
6920001 9.47569
6930001 9.44987
6940001 9.52803
6950001 9.14494
6960001 9.51972
6970001 9.63811
6980001 10.1557
6990001 9.70829
7000001 9.66702
7010001 9.92055
7020001 9.93967
7030001 9.88874
7040001 9.56632
7050001 9.90948
7060001 9.12376
7070001 9.83437
7080001 9.45685
7090001 9.54995
7100001 9.56025
7110001 9.41065
7120001 9.53693
7130001 9.24075
7140001 9.8418
7150001 9.32972
7160001 9.57358
7170001 9.34688
7180001 9.69813
7190001 9.56546
7200001 9.89781
7210001 9.5968
7220001 9.47269
7230001 9.20425
7240001 9.54327
7250001 9.48309
7260001 9.35976
7270001 9.6995
7280001 9.49364
7290001 9.55163
7300001 9.68532
7310001 9.31831
7320001 9.35432
7330001 9.81633
7340001 9.40212
7350001 9.59053
7360001 9.45962
7370001 9.45788
7380001 9.90933
7390001 9.62621
7400001 10.0326
7410001 9.48959
7420001 9.86086
7430001 9.55414
7440001 9.27936
7450001 9.59307
7460001 9.65123
7470001 9.64523
7480001 9.5472
7490001 9.24083
7500001 9.59499
7510001 9.58135
7520001 9.63705
7530001 10.0308
7540001 9.66269
7550001 9.77154
7560001 9.85244
7570001 9.36868
7580001 9.36111
7590001 9.31445
7600001 9.35894
7610001 9.3049
7620001 9.75356
7630001 9.93848
7640001 9.36348
7650001 9.39106
7660001 9.37101
7670001 9.36139
7680001 9.42479
7690001 9.34994
7700001 9.28167
7710001 9.4608
7720001 9.61584
7730001 9.63903
7740001 9.75396
7750001 9.85612
7760001 9.59669
7770001 9.43607
7780001 9.87216
7790001 9.45948
7800001 9.78207
7810001 9.45529
7820001 9.38211
7830001 9.58705
7840001 9.67091
7850001 9.76866
7860001 9.73715
7870001 9.62323
7880001 9.73429
7890001 9.37813
7900001 9.97487
7910001 9.38596
7920001 9.4182
7930001 9.74901
7940001 9.43934
7950001 9.62608
7960001 9.52722
7970001 9.70021
7980001 9.67921
7990001 9.46503
8000001 9.23175
8010001 9.87569
8020001 9.69787
8030001 9.6962
8040001 9.4677
8050001 9.60633
8060001 9.74678
8070001 9.33292
8080001 9.58004
8090001 9.28201
8100001 9.76563
8110001 9.40121
8120001 9.69433
8130001 9.47207
8140001 9.71795
8150001 9.52921
8160001 9.62141
8170001 9.1316
8180001 9.42989
8190001 9.67989
8200001 9.54137
8210001 9.6588
8220001 9.61052
8230001 9.79607
8240001 9.61705
8250001 9.55462
8260001 9.33389
8270001 9.84428
8280001 9.58231
8290001 9.8502
8300001 9.83847
8310001 9.50533
8320001 9.69313
8330001 9.79572
8340001 9.63176
8350001 9.64079
8360001 9.58347
8370001 9.39904
8380001 10.0655
8390001 9.98026
8400001 9.62076
8410001 9.47821
8420001 9.18791
8430001 9.37685
8440001 9.72824
8450001 9.62593
8460001 9.36576
8470001 9.62362
8480001 9.68622
8490001 9.4772
8500001 9.4183
8510001 9.36827
8520001 9.49855
8530001 9.75232
8540001 9.34706
8550001 9.77084
8560001 9.613
8570001 9.61311
8580001 9.76398
8590001 9.6352
8600001 9.75002
8610001 9.42542
8620001 9.3475
8630001 9.76835
8640001 9.38932
8650001 9.63217
8660001 9.45803
8670001 9.57635
8680001 9.9079
8690001 9.69927
8700001 9.51945
8710001 9.53038
8720001 9.57532
8730001 9.57427
8740001 9.77305
8750001 9.32816
8760001 9.67292
8770001 9.55037
8780001 9.56808
8790001 9.50626
8800001 9.63587
8810001 9.59411
8820001 9.27709
8830001 10.018
8840001 9.37643
8850001 9.69349
8860001 9.4313
8870001 9.71494
8880001 9.90223
8890001 9.46192
8900001 9.67144
8910001 9.38971
8920001 9.46423
8930001 9.33802
8940001 9.56792
8950001 9.53284
8960001 9.47666
8970001 9.47307
8980001 9.55048
8990001 9.56683
9000001 9.34689
9010001 9.66472
9020001 9.89164
9030001 9.66844
9040001 9.12422
9050001 9.45793
9060001 9.35547
9070001 9.33962
9080001 9.60264
9090001 9.64614
9100001 9.95241
9110001 9.63582
9120001 9.66713
9130001 9.80449
9140001 9.59759
9150001 9.55987
9160001 9.45177
9170001 9.41214
9180001 9.49482
9190001 9.54004
9200001 9.94215
9210001 9.48562
9220001 9.87759
9230001 9.50182
9240001 9.67059
9250001 9.74139
9260001 9.50109
9270001 9.71785
9280001 9.55722
9290001 9.56607
9300001 9.24513
9310001 9.52104
9320001 9.85785
9330001 9.43267
9340001 9.89504
9350001 9.46183
9360001 9.74634
9370001 9.99723
9380001 9.61371
9390001 10.0257
9400001 9.64346
9410001 9.5094
9420001 9.75294
9430001 9.54169
9440001 9.87127
9450001 9.75966
9460001 9.42801
9470001 9.62351
9480001 9.5769
9490001 9.51582
9500001 9.5694
9510001 9.71795
9520001 9.80349
9530001 9.18882
9540001 9.43654
9550001 9.41621
9560001 9.1601
9570001 9.91449
9580001 9.56274
9590001 9.54163
9600001 9.35869
9610001 9.40984
9620001 9.40935
9630001 9.42002
9640001 9.34952
9650001 9.54761
9660001 9.86531
9670001 9.63668
9680001 9.6745
9690001 9.75356
9700001 9.4353
9710001 9.3878
9720001 9.49115
9730001 9.55971
9740001 9.74361
9750001 9.72455
9760001 9.47187
9770001 9.58599
9780001 9.19647
9790001 9.27227
9800001 9.20387
9810001 9.72936
9820001 9.66443
9830001 9.58412
9840001 9.32192
9850001 9.51926
9860001 9.49772
9870001 9.28078
9880001 9.1193
9890001 9.54786
9900001 9.60239
9910001 9.21226
9920001 9.51643
9930001 9.97258
9940001 9.64584
9950001 9.98111
9960001 9.38538
9970001 9.59414
9980001 9.75713
9990001 9.34642
10000001 9.55324
10010001 9.99757
10020001 9.60342
10030001 9.45134
10040001 9.67706
10050001 9.50927
10060001 9.72184
10070001 9.49302
10080001 9.8047
10090001 9.38132
10100001 9.3568
10110001 9.59321
10120001 9.34824
10130001 9.61679
10140001 10.0849
10150001 9.54923
10160001 9.74816
10170001 10.0156
10180001 9.72601
10190001 9.75036
10200001 9.8393
10210001 9.51134
10220001 9.62502
10230001 9.52854
10240001 9.67386
10250001 9.3857
10260001 9.65226
10270001 9.38543
10280001 9.31252
10290001 9.44452
10300001 9.29516
10310001 9.51086
10320001 9.73966
10330001 9.66564
10340001 9.64103
10350001 9.99108
10360001 9.65291
10370001 9.74715
10380001 9.49282
10390001 9.77667
10400001 10.0674
10410001 9.70594
10420001 9.76791
10430001 9.76653
10440001 9.2937
10450001 9.7004
10460001 9.92235
10470001 9.35141
10480001 9.39447
10490001 9.57251
10500001 9.26558
10510001 9.71383
10520001 9.44165
10530001 9.2931
10540001 9.61876
10550001 10.1107
10560001 9.54792
10570001 9.37538
10580001 9.5922
10590001 9.51684
10600001 9.85494
10610001 9.37953
10620001 9.42287
10630001 9.52031
10640001 9.89469
10650001 9.64861
10660001 9.4152
10670001 9.73096
10680001 9.52507
10690001 9.42623
10700001 9.71741
10710001 9.74991
10720001 9.34716
10730001 9.42445
10740001 9.55884
10750001 9.49613
10760001 9.51706
10770001 9.64996
10780001 9.34213
10790001 9.51828
10800001 9.95163
10810001 9.42285
10820001 9.64485
10830001 9.51176
10840001 9.4389
10850001 9.60902
10860001 9.78658
10870001 9.59593
10880001 9.25051
10890001 9.2741
10900001 9.73972
10910001 9.51564
10920001 9.46961
10930001 9.18297
10940001 9.68472
10950001 9.52686
10960001 9.93616
10970001 9.3426
10980001 9.50207
10990001 9.45745
11000001 10.0984
11010001 9.14708
11020001 9.37371
11030001 9.31228
11040001 9.80835
11050001 9.71609
11060001 9.45888
11070001 9.34101
11080001 9.60242
11090001 9.39943
11100001 9.67579
11110001 9.61914
11120001 9.53217
11130001 9.51873
11140001 9.67824
11150001 9.43791
11160001 9.27332
11170001 9.48357
11180001 9.46065
11190001 9.26042
11200001 9.41921
11210001 9.66994
11220001 9.34123
11230001 9.63489
11240001 9.30358
11250001 9.42208
11260001 9.40168
11270001 9.54294
11280001 9.52698
11290001 9.63498
11300001 9.60154
11310001 9.52341
11320001 9.87252
11330001 9.62643
11340001 9.40694
11350001 9.50147
11360001 9.59059
11370001 9.43091
11380001 9.49703
11390001 9.44666
11400001 9.08732
11410001 9.37639
11420001 9.83645
11430001 9.42547
11440001 9.37405
11450001 9.24758
11460001 9.51776
11470001 9.47
11480001 9.53574
11490001 9.7961
11500001 9.33616
11510001 9.53753
11520001 9.76592
11530001 9.78672
11540001 9.95283
11550001 9.22969
11560001 9.72276
11570001 9.63695
11580001 9.5858
11590001 9.47725
11600001 9.54571
11610001 9.50325
11620001 9.55515
11630001 9.31234
11640001 9.69016
11650001 9.51311
11660001 9.76329
11670001 9.60525
11680001 9.6788
11690001 9.80647
11700001 9.99135
11710001 9.59777
11720001 9.43603
11730001 9.32801
11740001 9.72402
11750001 9.53102
11760001 9.31473
11770001 9.59322
11780001 9.47016
11790001 9.43896
11800001 9.37682
11810001 9.54341
11820001 10.0902
11830001 9.62976
11840001 9.55078
11850001 9.68053
11860001 9.36689
11870001 9.53946
11880001 9.69926
11890001 9.45696
11900001 9.58739
11910001 9.61584
11920001 9.67647
11930001 9.94102
11940001 9.35386
11950001 9.10044
11960001 9.56715
11970001 9.27371
11980001 9.43825
11990001 9.8741
12000001 9.58918
12010001 9.72312
12020001 9.72832
12030001 9.68256
12040001 9.67221
12050001 9.78757
12060001 9.57504
12070001 9.67385
12080001 9.45733
12090001 9.49167
12100001 9.34704
12110001 9.65275
12120001 9.49199
12130001 9.55685
12140001 9.76079
12150001 9.61921
12160001 9.53538
12170001 9.53873
12180001 9.59441
12190001 10.1239
12200001 9.71074
12210001 9.68645
12220001 9.35034
12230001 9.84458
12240001 10.0198
12250001 9.71004
12260001 9.51505
12270001 9.69971
12280001 9.61987
12290001 9.70075
12300001 9.48868
12310001 9.39627
12320001 9.2697
12330001 9.89706
12340001 9.30893
12350001 9.63489
12360001 9.37024
12370001 9.24017
12380001 9.66401
12390001 9.42742
12400001 9.35576
12410001 9.45457
12420001 9.71165
12430001 9.81238
12440001 9.44682
12450001 9.66662
12460001 9.87538
12470001 9.91773
12480001 9.86969
12490001 9.51279
12500001 9.97921
12510001 9.45078
12520001 9.72203
12530001 9.79339
12540001 9.28829
12550001 9.31642
12560001 9.16125
12570001 9.6667
12580001 9.72784
12590001 9.55224
12600001 9.45411
12610001 9.6527
12620001 9.17345
12630001 9.74737
12640001 9.47483
12650001 9.16431
12660001 9.31899
12670001 9.49209
12680001 9.80097
12690001 9.64816
12700001 9.61352
12710001 9.70622
12720001 9.35681
12730001 9.59155
12740001 9.77236
12750001 9.32864
12760001 9.84311
12770001 9.81461
12780001 9.99609
12790001 9.6284
12800001 9.47116
12810001 9.78869
12820001 9.87015
12830001 9.20132
12840001 9.99198
12850001 9.68097
12860001 9.35307
12870001 9.48601
12880001 9.48636
12890001 9.89244
12900001 9.72291
12910001 9.48979
12920001 9.25943
12930001 9.46795
12940001 9.84781
12950001 9.74104
12960001 9.46426
12970001 9.4293
12980001 9.60048
12990001 9.58257
13000001 9.76393
13010001 9.27273
13020001 9.36264
13030001 9.2463
13040001 9.48824
13050001 9.18292
13060001 9.48822
13070001 9.49255
13080001 9.91894
13090001 9.70835
13100001 9.69727
13110001 9.26199
13120001 9.82644
13130001 9.30992
13140001 9.79677
13150001 9.57676
13160001 9.6246
13170001 9.3565
13180001 9.92472
13190001 9.80743
13200001 9.70386
13210001 9.66525
13220001 9.43454
13230001 9.55513
13240001 9.3661
13250001 9.62369
13260001 9.36101
13270001 9.78683
13280001 9.38328
13290001 9.43542
13300001 9.52965
13310001 9.69895
13320001 9.59791
13330001 9.81743
13340001 9.38695
13350001 9.58457
13360001 9.58765
13370001 9.61045
13380001 9.4076
13390001 9.95347
13400001 10.0368
13410001 9.57963
13420001 9.40833
13430001 9.42305
13440001 9.88516
13450001 9.58545
13460001 9.73501
13470001 9.46279
13480001 9.38074
13490001 9.57968
13500001 9.28027
13510001 9.45218
13520001 9.72698
13530001 9.9789
13540001 9.54539
13550001 9.78951
13560001 9.88165
13570001 9.70924
13580001 9.30581
13590001 9.88615
13600001 9.4689
13610001 9.36801
13620001 9.58324
13630001 9.67811
13640001 9.52356
13650001 9.67951
13660001 9.20935
13670001 9.93616
13680001 9.81988
13690001 9.81616
13700001 9.79397
13710001 9.57951
13720001 9.4722
13730001 9.50503
13740001 9.43924
13750001 9.37212
13760001 9.26762
13770001 9.48576
13780001 9.25573
13790001 9.61726
13800001 9.32546
13810001 9.56676
13820001 9.76606
13830001 9.40174
13840001 9.5758
13850001 9.66708
13860001 9.67973
13870001 9.6238
13880001 9.615
13890001 9.62722
13900001 9.26568
13910001 9.41537
13920001 9.68615
13930001 9.66391
13940001 9.44399
13950001 9.84219
13960001 9.73214
13970001 9.95014
13980001 9.7172
13990001 9.70016
14000001 9.27061
14010001 9.45705
14020001 9.70412
14030001 9.86529
14040001 9.97373
14050001 9.67343
14060001 9.56119
14070001 9.59603
14080001 9.62471
14090001 9.64611
14100001 9.74451
14110001 9.3062
14120001 9.83025
14130001 9.5362
14140001 9.6074
14150001 9.79468
14160001 10.2931
14170001 9.91594
14180001 9.52948
14190001 9.80415
14200001 9.57847
14210001 9.33999
14220001 9.50261
14230001 9.53237
14240001 9.714
14250001 9.68333
14260001 9.61354
14270001 9.41588
14280001 9.42715
14290001 9.6048
14300001 10.0497
14310001 9.2268
14320001 9.82598
14330001 9.89455
14340001 9.52515
14350001 9.40874
14360001 9.7543
14370001 9.50024
14380001 9.84764
14390001 9.45036
14400001 9.76516
14410001 9.67762
14420001 9.3086
14430001 9.40193
14440001 9.50799
14450001 9.66584
14460001 9.75079
14470001 9.56603
14480001 9.57376
14490001 9.38251
14500001 9.66575
14510001 9.60382
14520001 9.36989
14530001 9.58832
14540001 9.7615
14550001 9.86417
14560001 9.47569
14570001 9.41995
14580001 10.0098
14590001 9.39279
14600001 9.5733
14610001 9.53806
14620001 9.55801
14630001 9.24048
14640001 9.39276
14650001 9.61087
14660001 9.28581
14670001 9.45722
14680001 9.66962
14690001 9.42205
14700001 9.96459
14710001 9.73741
14720001 9.58782
14730001 9.96264
14740001 9.66622
14750001 9.41814
14760001 9.51424
14770001 9.18166
14780001 9.45073
14790001 9.34959
14800001 9.85692
14810001 9.15045
14820001 9.38476
14830001 9.54688
14840001 9.45742
14850001 9.68741
14860001 9.68804
14870001 9.64654
14880001 9.53647
14890001 9.47341
14900001 9.51096
14910001 9.20804
14920001 9.12967
14930001 9.85718
14940001 9.37068
14950001 9.8148
14960001 9.70234
14970001 9.21219
14980001 9.06275
14990001 9.71167
15000001 9.42525
15010001 9.5423
15020001 9.58053
15030001 9.67464
15040001 9.67217
15050001 9.3353
15060001 9.80646
15070001 9.30509
15080001 9.39824
15090001 9.55458
15100001 9.85023
15110001 9.35839
15120001 9.35741
15130001 9.49154
15140001 9.54795
15150001 9.65442
15160001 9.5918
15170001 9.52904
15180001 9.6458
15190001 9.63368
15200001 9.57988
15210001 9.71689
15220001 9.471
15230001 9.68697
15240001 9.77708
15250001 9.42202
15260001 9.40966
15270001 9.73237
15280001 10.0457
15290001 9.57034
15300001 9.35415
15310001 9.51247
15320001 9.32015
15330001 9.58234
15340001 9.52434
15350001 9.51863
15360001 9.519
15370001 9.52176
15380001 9.47893
15390001 9.54429
15400001 9.48398
15410001 9.89039
15420001 9.52625
15430001 9.60747
15440001 9.76417
15450001 9.2335
15460001 9.51226
15470001 9.50222
15480001 9.45527
15490001 9.39531
15500001 9.56065
15510001 9.60702
15520001 9.74954
15530001 9.54579
15540001 9.41027
15550001 9.30712
15560001 9.37095
15570001 9.57068
15580001 9.78618
15590001 9.81239
15600001 9.7968
15610001 9.48876
15620001 9.39147
15630001 9.36376
15640001 9.34026
15650001 9.13686
15660001 9.3098
15670001 9.6104
15680001 9.68253
15690001 9.47068
15700001 10.0034
15710001 9.98853
15720001 9.39968
15730001 9.45318
15740001 9.36538
15750001 9.55226
15760001 9.28273
15770001 9.68179
15780001 9.52533
15790001 9.36844
15800001 9.67223
15810001 9.93167
15820001 9.69241
15830001 9.90533
15840001 9.58383
15850001 9.89414
15860001 9.694
15870001 9.35455
15880001 9.71587
15890001 9.63616
15900001 9.53901
15910001 10.0366
15920001 9.98816
15930001 9.43542
15940001 9.52442
15950001 9.55505
15960001 9.65234
15970001 9.93885
15980001 9.52176
15990001 9.59317
16000001 9.65253
16010001 9.63858
16020001 9.39374
16030001 9.76084
16040001 9.93127
16050001 9.52447
16060001 9.77045
16070001 9.83478
16080001 9.61094
16090001 9.75209
16100001 9.71704
16110001 9.4741
16120001 9.39874
16130001 9.57641
16140001 9.59609
16150001 9.33897
16160001 9.23171
16170001 9.22927
16180001 9.5446
16190001 9.82018
16200001 9.66044
16210001 9.39191
16220001 9.69341
16230001 9.95011
16240001 9.45697
16250001 9.51744
16260001 9.28906
16270001 9.53425
16280001 9.4257
16290001 9.66048
16300001 9.79456
16310001 9.59932
16320001 9.74485
16330001 9.54113
16340001 9.68297
16350001 9.43841
16360001 9.62609
16370001 9.37113
16380001 9.01226
16390001 9.54174
16400001 9.68637
16410001 9.61366
16420001 9.26824
16430001 9.71992
16440001 10.0291
16450001 9.70598
16460001 9.6132
16470001 9.79508
16480001 9.54373
16490001 9.46921
16500001 9.37844
16510001 9.55723
16520001 9.35527
16530001 9.44155
16540001 9.6499
16550001 9.47513
16560001 9.53195
16570001 9.6531
16580001 9.67576
16590001 9.5278
16600001 9.2171
16610001 9.28937
16620001 9.63115
16630001 9.52491
16640001 9.45288
16650001 9.66465
16660001 9.77368
16670001 9.94874
16680001 9.58273
16690001 9.2729
16700001 9.70915
16710001 9.66539
16720001 9.62146
16730001 9.66867
16740001 9.42823
16750001 9.4833
16760001 9.43865
16770001 9.7679
16780001 9.84202
16790001 9.74596
16800001 9.63582
16810001 9.35644
16820001 9.50559
16830001 9.49847
16840001 9.8387
16850001 9.95646
16860001 9.7341
16870001 9.77541
16880001 9.41597
16890001 9.65941
16900001 9.5235
16910001 9.85231
16920001 9.70441
16930001 9.94744
16940001 9.66989
16950001 9.3957
16960001 9.51481
16970001 9.49633
16980001 9.56377
16990001 10.0473
17000001 9.53751
17010001 9.55714
17020001 9.7037
17030001 9.43051
17040001 9.93172
17050001 9.66861
17060001 9.52872
17070001 9.49053
17080001 9.45503
17090001 9.69722
17100001 9.54253
17110001 9.37346
17120001 9.82546
17130001 9.71609
17140001 9.41776
17150001 9.26712
17160001 9.62298
17170001 9.35268
17180001 9.70559
17190001 9.49383
17200001 9.44761
17210001 9.58209
17220001 9.43222
17230001 9.64064
17240001 9.6491
17250001 9.71927
17260001 9.3872
17270001 9.47494
17280001 9.3649
17290001 9.59743
17300001 9.61127
17310001 9.51433
17320001 9.63969
17330001 9.38729
17340001 9.35901
17350001 9.65073
17360001 9.95339
17370001 9.52409
17380001 9.78681
17390001 9.42329
17400001 9.43887
17410001 9.79982
17420001 9.7468
17430001 9.5279
17440001 9.63225
17450001 9.97461
17460001 9.80506
17470001 9.44579
17480001 9.05732
17490001 9.70227
17500001 9.55045
17510001 9.79954
17520001 9.77724
17530001 9.69762
17540001 9.63931
17550001 9.47847
17560001 9.53522
17570001 9.38869
17580001 9.77369
17590001 9.64255
17600001 9.6859
17610001 9.80586
17620001 9.58225
17630001 9.81774
17640001 9.48068
17650001 9.91991
17660001 9.50762
17670001 9.72033
17680001 9.50859
17690001 9.34939
17700001 9.90507
17710001 9.69658
17720001 9.96989
17730001 9.30773
17740001 9.60408
17750001 10.3317
17760001 9.39088
17770001 9.79137
17780001 9.45504
17790001 9.51222
17800001 9.75579
17810001 9.75478
17820001 9.47398
17830001 9.85836
17840001 9.74538
17850001 9.45392
17860001 9.91416
17870001 9.74564
17880001 9.62955
17890001 9.35489
17900001 9.68311
17910001 9.61971
17920001 9.59403
17930001 9.28104
17940001 9.8466
17950001 9.78796
17960001 9.62247
17970001 9.99134
17980001 9.51936
17990001 9.36019
18000001 9.75058
18010001 9.43613
18020001 9.59363
18030001 9.57049
18040001 9.39418
18050001 9.49647
18060001 9.39775
18070001 9.54195
18080001 9.44606
18090001 9.74608
18100001 9.45818
18110001 9.90452
18120001 9.51974
18130001 9.4247
18140001 9.61043
18150001 9.51031
18160001 9.33072
18170001 9.11401
18180001 9.40837
18190001 9.19386
18200001 9.42642
18210001 9.59691
18220001 9.3383
18230001 9.28346
18240001 9.62605
18250001 9.20538
18260001 9.26309
18270001 9.74687
18280001 9.38395
18290001 9.5978
18300001 9.34455
18310001 9.40647
18320001 9.24796
18330001 9.47923
18340001 9.76953
18350001 9.89959
18360001 9.67246
18370001 9.7439
18380001 9.74207
18390001 9.79136
18400001 9.47245
18410001 9.92322
18420001 9.56903
18430001 9.6708
18440001 9.78038
18450001 9.86951
18460001 9.49688
18470001 9.61909
18480001 9.72534
18490001 9.48005
18500001 9.66316
18510001 9.37196
18520001 9.80877
18530001 9.57535
18540001 9.2556
18550001 9.70343
18560001 9.6281
18570001 9.65324
18580001 9.79376
18590001 10.0181
18600001 9.28792
18610001 9.36869
18620001 9.72101
18630001 9.89109
18640001 9.64536
18650001 9.69504
18660001 9.41807
18670001 9.42398
18680001 9.43808
18690001 9.78998
18700001 9.72655
18710001 9.31436
18720001 9.89238
18730001 9.53823
18740001 9.76483
18750001 9.56995
18760001 9.5075
18770001 9.53874
18780001 9.27881
18790001 9.95829
18800001 9.64424
18810001 9.83521
18820001 9.62928
18830001 9.7165
18840001 9.20751
18850001 9.66912
18860001 9.34032
18870001 9.23478
18880001 9.37951
18890001 9.43502
18900001 9.65243
18910001 9.48989
18920001 9.44562
18930001 9.5411
18940001 9.36119
18950001 9.71411
18960001 9.73832
18970001 9.64134
18980001 9.33622
18990001 9.39371
19000001 9.35238
19010001 9.73425
19020001 9.64564
19030001 9.66472
19040001 9.41735
19050001 9.59463
19060001 9.66988
19070001 9.42594
19080001 9.75789
19090001 9.63486
19100001 9.64653
19110001 9.46406
19120001 9.66462
19130001 9.60416
19140001 9.61901
19150001 9.27615
19160001 9.53937
19170001 9.71462
19180001 9.306
19190001 9.84292
19200001 10.0293
19210001 9.59107
19220001 9.30966
19230001 9.51561
19240001 9.51996
19250001 9.65944
19260001 9.37805
19270001 9.42503
19280001 9.54012
19290001 9.64943
19300001 9.6194
19310001 10.0805
19320001 9.38067
19330001 9.46667
19340001 9.52501
19350001 9.52012
19360001 9.58735
19370001 9.44227
19380001 9.65603
19390001 9.242
19400001 9.37131
19410001 9.59322
19420001 9.46709
19430001 9.60249
19440001 9.60057
19450001 9.71003
19460001 9.62268
19470001 9.51932
19480001 9.88892
19490001 9.55722
19500001 9.73743
19510001 9.54211
19520001 9.93285
19530001 9.74876
19540001 9.44461
19550001 9.61331
19560001 9.68453
19570001 9.58511
19580001 9.86678
19590001 9.57955
19600001 9.57913
19610001 9.55207
19620001 9.78085
19630001 9.67272
19640001 9.46531
19650001 9.84361
19660001 9.69691
19670001 9.68872
19680001 9.81619
19690001 9.40013
19700001 9.76803
19710001 9.48982
19720001 9.74925
19730001 9.1071
19740001 9.8293
19750001 9.38156
19760001 9.61699
19770001 9.65185
19780001 9.59211
19790001 9.32396
19800001 9.54457
19810001 9.6695
19820001 9.58242
19830001 9.9748
19840001 9.72996
19850001 9.53006
19860001 9.24189
19870001 9.85427
19880001 9.34529
19890001 9.56134
19900001 9.63802
19910001 9.52278
19920001 9.60135
19930001 9.22169
19940001 9.89281
19950001 9.68855
19960001 9.51502
19970001 9.75566
19980001 9.64705
19990001 9.50445
20000001 9.68453
20010001 9.85303
20020001 9.59296
20030001 9.35352
20040001 9.80741
20050001 9.53278
20060001 9.54969
20070001 9.389
20080001 9.57956
20090001 9.57223
20100001 9.20876
20110001 9.31428
20120001 9.62138
20130001 9.32675
20140001 9.71976
20150001 10.1522
20160001 9.41023
20170001 9.68493
20180001 10.1434
20190001 9.59777
20200001 9.45069
20210001 9.51205
20220001 9.35608
20230001 9.95162
20240001 9.77342
20250001 9.44673
20260001 9.58347
20270001 9.30728
20280001 9.61871
20290001 9.63851
20300001 9.93765
20310001 9.46144
20320001 9.6285
20330001 9.49272
20340001 9.78662
20350001 9.59528
20360001 9.74044
20370001 9.43831
20380001 9.58811
20390001 9.56256
20400001 9.61716
20410001 9.65704
20420001 9.73092
20430001 9.57331
20440001 9.28305
20450001 9.31898
20460001 9.62413
20470001 9.52216
20480001 9.46249
20490001 9.36798
20500001 9.57843
20510001 9.95628
20520001 9.6238
20530001 9.56296
20540001 9.89484
20550001 9.61933
20560001 9.6376
20570001 9.41546
20580001 9.6774
20590001 9.47763
20600001 9.98922
20610001 9.36111
20620001 9.71528
20630001 9.48444
20640001 9.63879
20650001 9.47297
20660001 9.65293
20670001 9.83132
20680001 9.6104
20690001 9.31195
20700001 9.47181
20710001 9.41538
20720001 9.43701
20730001 9.33714
20740001 10.3139
20750001 9.77868
20760001 9.63056
20770001 9.44726
20780001 9.83597
20790001 9.68456
20800001 9.37398
20810001 9.55863
20820001 9.76184
20830001 9.67259
20840001 9.64574
20850001 9.66548
20860001 9.61482
20870001 10.063
20880001 9.46494
20890001 9.47865
20900001 9.7533
20910001 9.64242
20920001 9.77914
20930001 9.66643
20940001 9.70075
20950001 9.33075
20960001 9.69453
20970001 10.0635
20980001 9.57201
20990001 9.91873
21000001 9.37602
21010001 9.39534
21020001 9.37562
21030001 9.62728
21040001 9.35131
21050001 9.75582
21060001 9.77709
21070001 10.3193
21080001 9.553
21090001 9.75957
21100001 9.63641
21110001 9.27705
21120001 9.73075
21130001 9.51827
21140001 9.45049
21150001 9.58476
21160001 9.70214
21170001 9.75174
21180001 9.66023
21190001 9.90615
21200001 9.6518
21210001 9.65373
21220001 9.69138
21230001 9.81631
21240001 9.77148
21250001 9.68979
21260001 9.24884
21270001 9.50162
21280001 9.40514
21290001 10.1032
21300001 9.58799
21310001 9.52089
21320001 9.56248
21330001 9.46176
21340001 9.56115
21350001 9.53404
21360001 9.70518
21370001 9.61366
21380001 9.62254
21390001 9.49621
21400001 9.5504
21410001 9.91745
21420001 9.80403
21430001 9.46369
21440001 9.75462
21450001 9.87202
21460001 9.76658
21470001 9.58383
21480001 9.76369
21490001 9.56389
21500001 9.57589
21510001 9.49517
21520001 9.24017
21530001 9.23567
21540001 9.66399
21550001 9.49164
21560001 9.70715
21570001 9.193
21580001 9.16141
21590001 9.44819
21600001 9.52917
21610001 9.45485
21620001 9.36092
21630001 9.51147
21640001 9.59917
21650001 9.3943
21660001 9.70807
21670001 9.61505
21680001 9.55372
21690001 9.15131
21700001 9.47127
21710001 9.4484
21720001 9.49739
21730001 9.50926
21740001 9.42579
21750001 9.86306
21760001 9.68429
21770001 9.40775
21780001 9.2648
21790001 9.64211
21800001 9.62128
21810001 9.74453
21820001 9.27028
21830001 9.95506
21840001 10.0074
21850001 9.42015
21860001 9.93012
21870001 9.51043
21880001 9.45379
21890001 9.60903
21900001 9.29785
21910001 9.51056
21920001 9.19419
21930001 9.79515
21940001 9.3366
21950001 9.52937
21960001 9.50696
21970001 9.23973
21980001 9.28584
21990001 9.48918
22000001 9.7276
22010001 9.45316
22020001 9.47659
22030001 9.51324
22040001 9.60765
22050001 9.40762
22060001 9.50901
22070001 9.38228
22080001 9.80856
22090001 9.1399
22100001 9.41961
22110001 9.36481
22120001 9.5971
22130001 9.73821
22140001 9.53855
22150001 9.9085
22160001 9.70192
22170001 9.40132
22180001 9.67137
22190001 9.35059
22200001 9.31284
22210001 9.60209
22220001 9.56671
22230001 9.66698
22240001 9.69507
22250001 9.72391
22260001 9.72477
22270001 9.51334
22280001 9.30578
22290001 9.96038
22300001 9.2094
22310001 9.5851
22320001 9.80848
22330001 9.38409
22340001 9.53971
22350001 9.51693
22360001 9.40984
22370001 9.45548
22380001 9.57083
22390001 9.75562
22400001 9.21849
22410001 9.74654
22420001 9.47482
22430001 9.76479
22440001 9.88712
22450001 9.41769
22460001 9.45736
22470001 9.61628
22480001 9.37107
22490001 10.1888
22500001 9.54343
22510001 9.56404
22520001 10.0566
22530001 10.0091
22540001 9.68095
22550001 9.62355
22560001 9.72861
22570001 9.25768
22580001 9.56627
22590001 9.53358
22600001 9.76902
22610001 9.33019
22620001 9.49294
22630001 9.22717
22640001 9.4559
22650001 9.63493
22660001 9.38056
22670001 9.68149
22680001 9.53779
22690001 9.72737
22700001 9.4835
22710001 9.62298
22720001 10.015
22730001 9.92551
22740001 9.69791
22750001 9.60699
22760001 9.47286
22770001 9.54926
22780001 9.17947
22790001 9.75501
22800001 9.60554
22810001 9.55888
22820001 9.24095
22830001 9.44789
22840001 9.6443
22850001 9.78405
22860001 9.78013
22870001 9.85525
22880001 9.39771
22890001 9.39176
22900001 9.29149
22910001 9.56982
22920001 9.70119
22930001 9.5096
22940001 9.83519
22950001 9.64543
22960001 9.76432
22970001 9.32281
22980001 9.22028
22990001 9.67605
23000001 9.3137
23010001 9.49684
23020001 9.6985
23030001 9.2523
23040001 9.31036
23050001 9.89841
23060001 9.63883
23070001 9.39676
23080001 9.55176
23090001 9.53194
23100001 9.53852
23110001 9.27705
23120001 9.38106
23130001 9.32922
23140001 9.88605
23150001 9.311
23160001 9.76026
23170001 9.93591
23180001 10.0054
23190001 9.7022
23200001 9.72641
23210001 9.34264
23220001 9.28253
23230001 9.82495
23240001 9.4382
23250001 9.55295
23260001 9.62347
23270001 9.36253
23280001 9.76089
23290001 9.7315
23300001 9.62966
23310001 9.49748
23320001 9.58898
23330001 9.53821
23340001 9.39761
23350001 9.31856
23360001 9.54731
23370001 10.0889
23380001 9.57804
23390001 9.76014
23400001 9.73066
23410001 9.38087
23420001 9.24349
23430001 9.34353
23440001 9.94206
23450001 9.72967
23460001 9.34971
23470001 9.39547
23480001 9.42534
23490001 9.44973
23500001 9.31106
23510001 9.2597
23520001 9.46294
23530001 9.28637
23540001 9.64097
23550001 9.53855
23560001 9.12645
23570001 9.64725
23580001 9.41117
23590001 9.36329
23600001 9.10972
23610001 9.78192
23620001 9.47101
23630001 9.20988
23640001 9.19789
23650001 9.6521
23660001 9.57314
23670001 9.3568
23680001 9.59331
23690001 9.78663
23700001 9.57326
23710001 9.75192
23720001 9.48038
23730001 9.56694
23740001 9.92681
23750001 9.52921
23760001 9.69612
23770001 9.63469
23780001 9.47241
23790001 9.46666
23800001 9.43624
23810001 9.64691
23820001 9.23143
23830001 9.26459
23840001 9.47359
23850001 9.6889
23860001 9.59494
23870001 9.48623
23880001 9.43094
23890001 9.66124
23900001 9.37036
23910001 9.58388
23920001 9.526
23930001 9.75433
23940001 9.47256
23950001 9.38152
23960001 9.9725
23970001 9.51099
23980001 9.62037
23990001 9.57919
24000001 9.69158
24010001 9.37783
24020001 9.5564
24030001 9.59788
24040001 9.17011
24050001 9.81196
24060001 9.73734
24070001 9.90916
24080001 9.75936
24090001 9.67715
24100001 9.40632
24110001 9.35484
24120001 9.28792
24130001 9.41388
24140001 9.71924
24150001 9.53156
24160001 9.45744
24170001 9.98148
24180001 9.93179
24190001 9.63306
24200001 9.78533
24210001 9.75404
24220001 9.5222
24230001 9.39349
24240001 9.72558
24250001 9.27721
24260001 9.44075
24270001 9.65475
24280001 9.31637
24290001 10.1552
24300001 9.57308
24310001 9.71977
24320001 9.39643
24330001 9.70083
24340001 9.67221
24350001 9.34022
24360001 9.73339
24370001 9.74878
24380001 9.18254
24390001 9.59501
24400001 9.41792
24410001 9.45225
24420001 10.0311
24430001 9.67471
24440001 9.56996
24450001 9.71914
24460001 9.96662
24470001 9.9685
24480001 9.63835
24490001 9.65325
24500001 9.55083
24510001 9.50295
24520001 9.43895
24530001 9.72036
24540001 10.1584
24550001 9.40095
24560001 9.82321
24570001 9.4205
24580001 9.76093
24590001 9.51831
24600001 9.25917
24610001 9.48832
24620001 9.85739
24630001 9.40255
24640001 10.047
24650001 9.98906
24660001 9.5504
24670001 9.59717
24680001 9.76859
24690001 9.84016
24700001 9.68499
24710001 9.45827
24720001 9.85613
24730001 9.54281
24740001 9.73646
24750001 9.25035
24760001 9.78623
24770001 9.74365
24780001 9.49161
24790001 9.25305
24800001 10.1622
24810001 9.51123
24820001 9.67881
24830001 9.45101
24840001 9.64143
24850001 9.6514
24860001 9.3474
24870001 9.4795
24880001 9.59951
24890001 9.55071
24900001 10.0196
24910001 9.75664
24920001 9.83045
24930001 9.40432
24940001 9.74407
24950001 9.58037
24960001 9.37622
24970001 9.53432
24980001 9.67015
24990001 9.42292
25000001 9.82996
25010001 9.49735
25020001 9.55281
25030001 9.65882
25040001 9.30689
25050001 9.3189
25060001 9.38927
25070001 9.35482
25080001 9.30353
25090001 9.63186
25100001 9.72901
25110001 9.7586
25120001 9.91256
25130001 9.63084
25140001 9.47858
25150001 9.65793
25160001 9.60082
25170001 9.41741
25180001 9.40938
25190001 9.40044
25200001 9.33374
25210001 9.52905
25220001 9.69106
25230001 9.69754
25240001 9.4994
25250001 9.44027
25260001 9.47094
25270001 9.34901
25280001 9.55463
25290001 9.64583
25300001 9.4368
25310001 9.43696
25320001 9.49961
25330001 9.51751
25340001 9.35044
25350001 9.45047
25360001 9.36085
25370001 9.50856
25380001 9.57131
25390001 9.75641
25400001 9.6989
25410001 9.76478
25420001 9.70134
25430001 9.48729
25440001 9.71473
25450001 9.50567
25460001 9.97758
25470001 9.66874
25480001 9.3407
25490001 9.67447
25500001 9.66895
25510001 9.5022
25520001 9.51348
25530001 9.47755
25540001 9.38182
25550001 9.48952
25560001 9.35551
25570001 9.63772
25580001 9.26651
25590001 9.40476
25600001 9.65215
25610001 9.74188
25620001 9.47792
25630001 9.41186
25640001 9.47354
25650001 9.52402
25660001 9.42079
25670001 9.47051
25680001 9.4771
25690001 9.70641
25700001 9.07252
25710001 9.65332
25720001 9.80452
25730001 9.48168
25740001 9.51573
25750001 9.47269
25760001 9.40244
25770001 9.58149
25780001 9.85354
25790001 9.41332
25800001 9.65231
25810001 9.72394
25820001 9.57171
25830001 9.88354
25840001 9.45871
25850001 9.42227
25860001 9.55892
25870001 9.51298
25880001 10.0308
25890001 9.4034
25900001 9.93092
25910001 9.93183
25920001 9.79685
25930001 9.57864
25940001 9.71673
25950001 9.60099
25960001 9.19689
25970001 9.19913
25980001 9.4771
25990001 9.7637
26000001 9.83671
26010001 9.32161
26020001 9.10498
26030001 9.55816
26040001 9.75365
26050001 9.59777
26060001 9.33585
26070001 9.85002
26080001 9.90867
26090001 9.87737
26100001 9.76133
26110001 9.82792
26120001 9.29769
26130001 9.44741
26140001 9.51041
26150001 9.57801
26160001 10.001
26170001 9.6501
26180001 9.82466
26190001 9.81359
26200001 9.3339
26210001 9.39548
26220001 9.55953
26230001 9.50514
26240001 9.09746
26250001 9.41256
26260001 9.47659
26270001 9.61034
26280001 9.4881
26290001 9.63748
26300001 9.24881
26310001 9.42832
26320001 9.50605
26330001 9.64398
26340001 9.67886
26350001 9.42354
26360001 9.74725
26370001 9.34567
26380001 9.61128
26390001 9.65036
26400001 9.41801
26410001 9.55224
26420001 9.71552
26430001 9.53565
26440001 10.0312
26450001 9.36329
26460001 9.31814
26470001 9.50254
26480001 9.49747
26490001 9.31218
26500001 9.2859
26510001 9.14504
26520001 9.55249
26530001 9.53459
26540001 9.8388
26550001 9.55015
26560001 9.837
26570001 9.73662
26580001 9.84684
26590001 9.54573
26600001 9.60075
26610001 9.96789
26620001 9.30832
26630001 9.46068
26640001 9.58594
26650001 9.52565
26660001 9.87943
26670001 9.60629
26680001 9.38913
26690001 9.78235
26700001 9.65824
26710001 9.50938
26720001 9.3373
26730001 9.37747
26740001 9.52445
26750001 9.94074
26760001 9.48508
26770001 10.0384
26780001 9.32391
26790001 9.57591
26800001 9.66168
26810001 9.36285
26820001 9.55331
26830001 9.54125
26840001 9.42221
26850001 9.58879
26860001 9.90421
26870001 9.88391
26880001 9.27331
26890001 9.45873
26900001 10.0041
26910001 9.42879
26920001 9.65088
26930001 9.6509
26940001 9.50273
26950001 9.98426
26960001 9.34063
26970001 9.75819
26980001 9.31178
26990001 9.13348
27000001 9.39492
27010001 9.39709
27020001 9.4393
27030001 9.57422
27040001 9.49054
27050001 9.39841
27060001 9.455
27070001 9.65114
27080001 9.74811
27090001 9.56336
27100001 9.27172
27110001 9.59875
27120001 9.62064
27130001 9.95627
27140001 9.71115
27150001 9.53647
27160001 9.6015
27170001 9.61783
27180001 9.60847
27190001 9.46329
27200001 9.60003
27210001 9.32744
27220001 9.08946
27230001 9.38499
27240001 9.41006
27250001 9.28574
27260001 9.41219
27270001 9.17269
27280001 9.23845
27290001 9.77893
27300001 9.53981
27310001 9.93384
27320001 9.89199
27330001 10.0736
27340001 9.40131
27350001 9.39075
27360001 9.65794
27370001 9.41796
27380001 9.9153
27390001 9.76536
27400001 9.53748
27410001 10.0318
27420001 9.42347
27430001 9.88628
27440001 9.4718
27450001 9.42639
27460001 9.52291
27470001 9.54621
27480001 9.50197
27490001 9.6031
27500001 9.68417
27510001 9.79992
27520001 9.54686
27530001 9.54952
27540001 9.77358
27550001 9.38983
27560001 9.56971
27570001 9.80997
27580001 9.48456
27590001 9.68761
27600001 9.49681
27610001 9.5385
27620001 9.46969
27630001 9.72785
27640001 9.26142
27650001 9.36159
27660001 9.77651
27670001 9.35466
27680001 9.37628
27690001 9.57706
27700001 9.33128
27710001 9.43068
27720001 9.49568
27730001 9.39517
27740001 9.22148
27750001 9.68346
27760001 9.70769
27770001 9.84898
27780001 9.28897
27790001 9.77213
27800001 9.8251
27810001 10.018
27820001 9.54227
27830001 9.62066
27840001 9.36842
27850001 9.42669
27860001 9.68541
27870001 9.28013
27880001 9.49905
27890001 9.934
27900001 9.52174
27910001 9.38923
27920001 9.51352
27930001 9.84187
27940001 10.0544
27950001 9.46586
27960001 9.72125
27970001 9.67441
27980001 9.91579
27990001 10.0867
28000001 9.67289
28010001 9.57169
28020001 9.61394
28030001 9.36598
28040001 9.31571
28050001 9.64086
28060001 9.60973
28070001 9.58493
28080001 9.61788
28090001 9.66758
28100001 9.52865
28110001 9.42372
28120001 9.71221
28130001 9.73724
28140001 9.34497
28150001 9.5325
28160001 9.89778
28170001 9.50346
28180001 9.68597
28190001 9.76747
28200001 9.76972
28210001 9.57607
28220001 9.38911
28230001 9.27506
28240001 9.92535
28250001 9.2851
28260001 9.38928
28270001 10.0149
28280001 9.55794
28290001 9.65223
28300001 9.31188
28310001 9.64448
28320001 9.82782
28330001 9.55931
28340001 9.3574
28350001 9.538
28360001 9.27785
28370001 9.77332
28380001 9.60486
28390001 10.165
28400001 9.56543
28410001 9.5824
28420001 9.72494
28430001 10.0679
28440001 9.96157
28450001 9.41198
28460001 9.43452
28470001 9.88577
28480001 9.41427
28490001 9.51249
28500001 9.61859
28510001 9.4175
28520001 9.8952
28530001 9.33555
28540001 9.60522
28550001 9.6422
28560001 9.70793
28570001 9.57493
28580001 9.42157
28590001 9.43672
28600001 9.61073
28610001 9.40216
28620001 10.0859
28630001 9.37899
28640001 9.44267
28650001 9.67017
28660001 9.23038
28670001 9.45594
28680001 9.86706
28690001 9.5564
28700001 9.78256
28710001 9.56216
28720001 9.95962
28730001 9.21032
28740001 9.50703
28750001 9.64383
28760001 9.66695
28770001 9.65204
28780001 9.45725
28790001 9.65771
28800001 9.54753
28810001 9.65559
28820001 9.47686
28830001 9.34102
28840001 9.25536
28850001 9.51748
28860001 9.59618
28870001 9.3472
28880001 9.48912
28890001 9.58115
28900001 9.50356
28910001 9.55234
28920001 9.93665
28930001 9.62673
28940001 9.42559
28950001 9.57229
28960001 9.57581
28970001 9.74369
28980001 9.7599
28990001 9.67732
29000001 10.2156
29010001 9.55189
29020001 9.67337
29030001 9.79025
29040001 9.796
29050001 9.47345
29060001 9.32768
29070001 9.77898
29080001 9.59662
29090001 9.88774
29100001 9.54513
29110001 9.73841
29120001 9.49056
29130001 9.75401
29140001 9.71055
29150001 9.83546
29160001 9.57297
29170001 9.25603
29180001 9.76807
29190001 10.0291
29200001 9.62732
29210001 9.26747
29220001 9.35407
29230001 9.27998
29240001 9.83283
29250001 9.85986
29260001 9.38988
29270001 9.69269
29280001 9.42841
29290001 10.1683
29300001 9.33824
29310001 9.59091
29320001 9.39075
29330001 9.85265
29340001 9.75808
29350001 9.6236
29360001 9.60834
29370001 9.82839
29380001 9.75719
29390001 9.67371
29400001 10.3437
29410001 9.83773
29420001 9.48062
29430001 9.62644
29440001 9.87919
29450001 9.50185
29460001 9.54433
29470001 9.81571
29480001 9.51981
29490001 9.45306
29500001 9.59147
29510001 9.54309
29520001 9.77239
29530001 9.39222
29540001 9.7708
29550001 9.60274
29560001 9.44272
29570001 9.80649
29580001 9.28285
29590001 9.4784
29600001 9.20612
29610001 9.58344
29620001 9.4274
29630001 9.68705
29640001 10.2851
29650001 9.50186
29660001 10.0797
29670001 9.41778
29680001 9.64575
29690001 9.51995
29700001 9.64448
29710001 9.78979
29720001 9.36778
29730001 9.70694
29740001 9.77268
29750001 9.29548
29760001 9.38816
29770001 9.43655
29780001 9.36649
29790001 9.93775
29800001 9.71019
29810001 9.60266
29820001 9.39836
29830001 9.86374
29840001 9.82778
29850001 9.72616
29860001 9.66569
29870001 9.63147
29880001 9.781
29890001 9.39729
29900001 9.15994
29910001 9.64056
29920001 9.46429
29930001 10.1709
29940001 9.62381
29950001 9.39747
29960001 9.61717
29970001 9.28784
29980001 9.79104
29990001 9.49826
