1 31.3181
10001 12.4642
20001 8.13431
30001 6.08298
40001 4.88656
50001 4.06411
60001 3.54071
70001 3.19329
80001 2.94871
90001 2.74204
100001 2.61098
110001 2.48869
120001 2.3825
130001 2.28881
140001 2.21127
150001 2.12154
160001 2.07629
170001 2.03171
180001 1.9899
190001 1.96746
200001 1.90326
210001 1.87931
220001 1.85546
230001 1.84149
240001 1.80889
250001 1.76863
260001 1.78255
270001 1.76366
280001 1.71725
290001 1.72127
300001 1.6994
310001 1.69814
320001 1.70022
330001 1.67942
340001 1.70102
350001 1.68261
360001 1.65309
370001 1.66719
380001 1.63952
390001 1.63363
400001 1.6244
410001 1.63666
420001 1.60824
430001 1.62822
440001 1.60855
450001 1.6082
460001 1.622
470001 1.62119
480001 1.59405
490001 1.60352
500001 1.60949
510001 1.59092
520001 1.59548
530001 1.56762
540001 1.6208
550001 1.58236
560001 1.60015
570001 1.55905
580001 1.55433
590001 1.57132
600001 1.56478
610001 1.56944
620001 1.55888
630001 1.54415
640001 1.57016
650001 1.5414
660001 1.57144
670001 1.56278
680001 1.52897
690001 1.53211
700001 1.53621
710001 1.54784
720001 1.52563
730001 1.53153
740001 1.53157
750001 1.54318
760001 1.54281
770001 1.56482
780001 1.54241
790001 1.56624
800001 1.56774
810001 1.54606
820001 1.56867
830001 1.5753
840001 1.55461
850001 1.55132
860001 1.55196
870001 1.56452
880001 1.56067
890001 1.56727
900001 1.54063
910001 1.54779
920001 1.57551
930001 1.55421
940001 1.56497
950001 1.56374
960001 1.57713
970001 1.57799
980001 1.58215
990001 1.56083
1000001 1.56926
1010001 1.54981
1020001 1.5591
1030001 1.55972
1040001 1.56796
1050001 1.58037
1060001 1.5685
1070001 1.57622
1080001 1.59544
1090001 1.57966
1100001 1.60116
1110001 1.60375
1120001 1.58345
1130001 1.57782
1140001 1.5968
1150001 1.57591
1160001 1.58245
1170001 1.59874
1180001 1.57641
1190001 1.58881
1200001 1.58358
1210001 1.57636
1220001 1.57816
1230001 1.58217
1240001 1.58571
1250001 1.58357
1260001 1.61345
1270001 1.60088
1280001 1.58679
1290001 1.60358
1300001 1.60024
1310001 1.60248
1320001 1.59637
1330001 1.61759
1340001 1.60359
1350001 1.59505
1360001 1.61012
1370001 1.61511
1380001 1.6021
1390001 1.59957
1400001 1.60242
1410001 1.60089
1420001 1.61423
1430001 1.61454
1440001 1.61809
1450001 1.61896
1460001 1.5772
1470001 1.57297
1480001 1.58167
1490001 1.58666
1500001 1.59287
1510001 1.61316
1520001 1.59771
1530001 1.60455
1540001 1.5959
1550001 1.603
1560001 1.59125
1570001 1.58856
1580001 1.57078
1590001 1.58517
1600001 1.58423
1610001 1.61169
1620001 1.60385
1630001 1.60423
1640001 1.62523
1650001 1.62842
1660001 1.62495
1670001 1.61158
1680001 1.63355
1690001 1.63973
1700001 1.63445
1710001 1.60548
1720001 1.63231
1730001 1.6336
1740001 1.63757
1750001 1.65209
1760001 1.64059
1770001 1.64384
1780001 1.64284
1790001 1.65904
1800001 1.6584
1810001 1.63713
1820001 1.66788
1830001 1.66375
1840001 1.65943
1850001 1.64085
1860001 1.65354
1870001 1.67208
1880001 1.66861
1890001 1.65988
1900001 1.68467
1910001 1.7071
1920001 1.68329
1930001 1.67023
1940001 1.64243
1950001 1.64057
1960001 1.65829
1970001 1.65761
1980001 1.65854
1990001 1.66757
2000001 1.66402
2010001 1.65373
2020001 1.64668
2030001 1.67451
2040001 1.67812
2050001 1.6597
2060001 1.65885
2070001 1.65264
2080001 1.66668
2090001 1.66834
2100001 1.6621
2110001 1.65231
2120001 1.66358
2130001 1.68441
2140001 1.6736
2150001 1.67683
2160001 1.70532
2170001 1.68671
2180001 1.67101
2190001 1.65958
2200001 1.65074
2210001 1.64587
2220001 1.64517
2230001 1.67324
2240001 1.65943
2250001 1.67427
2260001 1.65356
2270001 1.64268
2280001 1.64762
2290001 1.66707
2300001 1.65654
2310001 1.65824
2320001 1.66739
2330001 1.66073
2340001 1.66637
2350001 1.63945
2360001 1.66549
2370001 1.68397
2380001 1.70079
2390001 1.67876
2400001 1.65783
2410001 1.68379
2420001 1.69631
2430001 1.69454
2440001 1.68135
2450001 1.66445
2460001 1.69286
2470001 1.68405
2480001 1.6979
2490001 1.69873
2500001 1.68783
2510001 1.71114
2520001 1.7015
2530001 1.67582
2540001 1.68374
2550001 1.6744
2560001 1.67999
2570001 1.70883
2580001 1.72127
2590001 1.69486
2600001 1.70162
2610001 1.71132
2620001 1.69898
2630001 1.68317
2640001 1.67288
2650001 1.66887
2660001 1.68833
2670001 1.70253
2680001 1.68561
2690001 1.68635
2700001 1.69357
2710001 1.6967
2720001 1.68207
2730001 1.69272
2740001 1.69646
2750001 1.67962
2760001 1.6733
2770001 1.66996
2780001 1.6511
2790001 1.68122
2800001 1.6832
2810001 1.69477
2820001 1.66634
2830001 1.67775
2840001 1.68243
2850001 1.70581
2860001 1.69901
2870001 1.70117
2880001 1.70016
2890001 1.71162
2900001 1.68378
2910001 1.70488
2920001 1.7145
2930001 1.72787
2940001 1.71202
2950001 1.70622
2960001 1.70322
2970001 1.70843
2980001 1.70139
2990001 1.71128
3000001 1.69757
3010001 1.70199
3020001 1.71477
3030001 1.72283
3040001 1.73361
3050001 1.74531
3060001 1.73068
3070001 1.71534
3080001 1.69245
3090001 1.71911
3100001 1.72268
3110001 1.71314
3120001 1.73391
3130001 1.72481
3140001 1.71638
3150001 1.73514
3160001 1.75633
3170001 1.75629
3180001 1.75319
3190001 1.74566
3200001 1.75494
3210001 1.75956
3220001 1.77483
3230001 1.76296
3240001 1.76432
3250001 1.75845
3260001 1.74827
3270001 1.72506
3280001 1.72972
3290001 1.73457
3300001 1.72772
3310001 1.73746
3320001 1.73772
3330001 1.73789
3340001 1.73961
3350001 1.74472
3360001 1.7315
3370001 1.74886
3380001 1.75392
3390001 1.74396
3400001 1.74975
3410001 1.75412
3420001 1.77048
3430001 1.74317
3440001 1.76162
3450001 1.72578
3460001 1.73001
3470001 1.72975
3480001 1.71102
3490001 1.72484
3500001 1.748
3510001 1.75908
3520001 1.77362
3530001 1.75688
3540001 1.77652
3550001 1.76137
3560001 1.76656
3570001 1.74326
3580001 1.78704
3590001 1.76653
3600001 1.78045
3610001 1.77738
3620001 1.77489
3630001 1.76213
3640001 1.77352
3650001 1.78873
3660001 1.81928
3670001 1.79691
3680001 1.81838
3690001 1.78413
3700001 1.79399
3710001 1.7771
3720001 1.77161
3730001 1.78458
3740001 1.82082
3750001 1.79317
3760001 1.77063
3770001 1.76944
3780001 1.7693
3790001 1.77967
3800001 1.77947
3810001 1.77846
3820001 1.78467
3830001 1.77674
3840001 1.7558
3850001 1.76458
3860001 1.76875
3870001 1.76051
3880001 1.75919
3890001 1.77107
3900001 1.79195
3910001 1.78369
3920001 1.79125
3930001 1.79883
3940001 1.78625
3950001 1.78159
3960001 1.80393
3970001 1.81285
3980001 1.81299
3990001 1.79197
4000001 1.79079
4010001 1.80381
4020001 1.80141
4030001 1.80682
4040001 1.79137
4050001 1.79368
4060001 1.79317
4070001 1.8052
4080001 1.81028
4090001 1.80813
4100001 1.78722
4110001 1.78353
4120001 1.78031
4130001 1.79108
4140001 1.79828
4150001 1.80104
4160001 1.78105
4170001 1.7801
4180001 1.77113
4190001 1.78491
4200001 1.76177
4210001 1.78574
4220001 1.77307
4230001 1.77778
4240001 1.7625
4250001 1.77278
4260001 1.77949
4270001 1.78302
4280001 1.79487
4290001 1.78819
4300001 1.78113
4310001 1.7602
4320001 1.7744
4330001 1.7858
4340001 1.80599
4350001 1.80369
4360001 1.7875
4370001 1.77805
4380001 1.78488
4390001 1.79912
4400001 1.78766
4410001 1.78106
4420001 1.79429
4430001 1.78576
4440001 1.77881
4450001 1.81141
4460001 1.79862
4470001 1.79863
4480001 1.82105
4490001 1.80995
4500001 1.82356
4510001 1.81555
4520001 1.8047
4530001 1.79985
4540001 1.80324
4550001 1.79999
4560001 1.80592
4570001 1.81159
4580001 1.80121
4590001 1.80114
4600001 1.81861
4610001 1.80583
4620001 1.81194
4630001 1.80001
4640001 1.79413
4650001 1.79478
4660001 1.79418
4670001 1.79478
4680001 1.78712
4690001 1.76631
4700001 1.76123
4710001 1.77885
4720001 1.78961
4730001 1.79314
4740001 1.78347
4750001 1.77144
4760001 1.75269
4770001 1.76806
4780001 1.76849
4790001 1.78423
4800001 1.78584
4810001 1.77669
4820001 1.76203
4830001 1.77834
4840001 1.77861
4850001 1.77213
4860001 1.77182
4870001 1.78319
4880001 1.78108
4890001 1.79459
4900001 1.79404
4910001 1.79833
4920001 1.80131
4930001 1.80636
4940001 1.80408
4950001 1.80382
4960001 1.79717
4970001 1.81132
4980001 1.81
4990001 1.8453
5000001 1.82376
5010001 1.79314
5020001 1.78768
5030001 1.80194
5040001 1.81509
5050001 1.8003
5060001 1.80314
5070001 1.79582
5080001 1.78174
5090001 1.78003
5100001 1.80137
5110001 1.79587
5120001 1.80863
5130001 1.78851
5140001 1.79372
5150001 1.78423
5160001 1.76726
5170001 1.79643
5180001 1.7705
5190001 1.77897
5200001 1.78708
5210001 1.7688
5220001 1.77743
5230001 1.77425
5240001 1.77291
5250001 1.80631
5260001 1.78769
5270001 1.79146
5280001 1.77711
5290001 1.79554
5300001 1.81074
5310001 1.81163
5320001 1.79971
5330001 1.78091
5340001 1.78938
5350001 1.79155
5360001 1.76931
5370001 1.7882
5380001 1.81743
5390001 1.80768
5400001 1.80987
5410001 1.80452
5420001 1.8218
5430001 1.81565
5440001 1.8173
5450001 1.8063
5460001 1.80914
5470001 1.80648
5480001 1.81373
5490001 1.80422
5500001 1.81911
5510001 1.82643
5520001 1.8249
5530001 1.83218
5540001 1.83448
5550001 1.81398
5560001 1.83446
5570001 1.83073
5580001 1.8104
5590001 1.81765
5600001 1.81387
5610001 1.79941
5620001 1.80217
5630001 1.82529
5640001 1.8121
5650001 1.79992
5660001 1.81749
5670001 1.82245
5680001 1.83058
5690001 1.83765
5700001 1.83888
5710001 1.82897
5720001 1.8305
5730001 1.83524
5740001 1.84103
5750001 1.85152
5760001 1.8547
5770001 1.85249
5780001 1.8366
5790001 1.84302
5800001 1.84375
5810001 1.85542
5820001 1.85247
5830001 1.83276
5840001 1.85554
5850001 1.84078
5860001 1.82992
5870001 1.82814
5880001 1.84742
5890001 1.8339
5900001 1.83731
5910001 1.82029
5920001 1.81418
5930001 1.82634
5940001 1.83337
5950001 1.83301
5960001 1.84139
5970001 1.85556
5980001 1.85513
5990001 1.83938
6000001 1.83599
6010001 1.82615
6020001 1.84776
6030001 1.85668
6040001 1.83986
6050001 1.83941
6060001 1.83419
6070001 1.85704
6080001 1.82946
6090001 1.83693
6100001 1.83023
6110001 1.84782
6120001 1.8446
6130001 1.82833
6140001 1.84624
6150001 1.85361
6160001 1.86133
6170001 1.85496
6180001 1.84367
6190001 1.85406
6200001 1.84887
6210001 1.8489
6220001 1.85355
6230001 1.84788
6240001 1.86945
6250001 1.85671
6260001 1.84094
6270001 1.83484
6280001 1.84354
6290001 1.83428
6300001 1.82256
6310001 1.83426
6320001 1.82793
6330001 1.82762
6340001 1.82894
6350001 1.84731
6360001 1.80416
6370001 1.79361
6380001 1.79978
6390001 1.78305
6400001 1.8226
6410001 1.82748
6420001 1.82323
6430001 1.82503
6440001 1.84208
6450001 1.83185
6460001 1.83436
6470001 1.83894
6480001 1.8142
6490001 1.82202
6500001 1.82935
6510001 1.80946
6520001 1.82412
6530001 1.84394
6540001 1.8417
6550001 1.84127
6560001 1.85807
6570001 1.85673
6580001 1.84567
6590001 1.84609
6600001 1.83605
6610001 1.87237
6620001 1.84076
6630001 1.83675
6640001 1.86332
6650001 1.86238
6660001 1.8634
6670001 1.85874
6680001 1.84352
6690001 1.86541
6700001 1.85742
6710001 1.86936
6720001 1.86248
6730001 1.84505
6740001 1.85375
6750001 1.86321
6760001 1.85009
6770001 1.8689
6780001 1.8475
6790001 1.83619
6800001 1.85695
6810001 1.8565
6820001 1.84609
6830001 1.86474
6840001 1.86737
6850001 1.89089
6860001 1.86426
6870001 1.88323
6880001 1.84782
6890001 1.86677
6900001 1.87802
6910001 1.86254
6920001 1.85393
6930001 1.83313
6940001 1.83218
6950001 1.83994
6960001 1.85486
6970001 1.86843
6980001 1.86929
6990001 1.85962
7000001 1.85863
7010001 1.84665
7020001 1.86688
7030001 1.84419
7040001 1.87656
7050001 1.88483
7060001 1.86409
7070001 1.85744
7080001 1.88132
7090001 1.86687
7100001 1.86788
7110001 1.85959
7120001 1.84013
7130001 1.8462
7140001 1.84565
7150001 1.84279
7160001 1.82739
7170001 1.8573
7180001 1.8288
7190001 1.81666
7200001 1.83378
7210001 1.83592
7220001 1.83272
7230001 1.86841
7240001 1.88098
7250001 1.86984
7260001 1.8481
7270001 1.84496
7280001 1.85107
7290001 1.84314
7300001 1.85812
7310001 1.84652
7320001 1.86858
7330001 1.84725
7340001 1.8556
7350001 1.86092
7360001 1.86145
7370001 1.85263
7380001 1.84912
7390001 1.81909
7400001 1.83215
7410001 1.84274
7420001 1.8628
7430001 1.86421
7440001 1.86928
7450001 1.85853
7460001 1.85987
7470001 1.86439
7480001 1.87917
7490001 1.89455
7500001 1.88976
7510001 1.88266
7520001 1.86248
7530001 1.86278
7540001 1.86831
7550001 1.87164
7560001 1.87316
7570001 1.85989
7580001 1.8835
7590001 1.87869
7600001 1.88181
7610001 1.87353
7620001 1.89661
7630001 1.87905
7640001 1.88719
7650001 1.86675
7660001 1.88364
7670001 1.88365
7680001 1.89615
7690001 1.89391
7700001 1.88184
7710001 1.88692
7720001 1.90305
7730001 1.89297
7740001 1.88046
7750001 1.88124
7760001 1.88487
7770001 1.85845
7780001 1.87541
7790001 1.88613
7800001 1.84809
7810001 1.84157
7820001 1.85502
7830001 1.86341
7840001 1.85677
7850001 1.86179
7860001 1.87145
7870001 1.87312
7880001 1.86993
7890001 1.85285
7900001 1.85858
7910001 1.85339
7920001 1.86593
7930001 1.8732
7940001 1.88159
7950001 1.87922
7960001 1.87947
7970001 1.88845
7980001 1.88186
7990001 1.86708
8000001 1.85682
8010001 1.86546
8020001 1.86727
8030001 1.87793
8040001 1.86163
8050001 1.88222
8060001 1.86605
8070001 1.8571
8080001 1.86742
8090001 1.84565
8100001 1.85493
8110001 1.85043
8120001 1.8669
8130001 1.86386
8140001 1.86628
8150001 1.87172
8160001 1.87231
8170001 1.88112
8180001 1.87317
8190001 1.87779
8200001 1.87803
8210001 1.88844
8220001 1.89868
8230001 1.90198
8240001 1.88265
8250001 1.88488
8260001 1.9023
8270001 1.88425
8280001 1.89574
8290001 1.88519
8300001 1.88321
8310001 1.88367
8320001 1.915
8330001 1.89247
8340001 1.8843
8350001 1.87468
8360001 1.88162
8370001 1.87393
8380001 1.89098
8390001 1.86323
8400001 1.86887
8410001 1.86255
8420001 1.89592
8430001 1.89073
8440001 1.89803
8450001 1.86131
8460001 1.87194
8470001 1.87344
8480001 1.87114
8490001 1.87744
8500001 1.85507
8510001 1.89015
8520001 1.88385
8530001 1.88031
8540001 1.87676
8550001 1.886
8560001 1.89513
8570001 1.88543
8580001 1.88002
8590001 1.87466
8600001 1.86507
8610001 1.8733
8620001 1.88083
8630001 1.86479
8640001 1.87825
8650001 1.86599
8660001 1.86798
8670001 1.87499
8680001 1.87232
8690001 1.86574
8700001 1.86938
8710001 1.86552
8720001 1.88871
8730001 1.88413
8740001 1.8855
8750001 1.89877
8760001 1.87148
8770001 1.87299
8780001 1.88044
8790001 1.88472
8800001 1.86207
8810001 1.88155
8820001 1.88094
8830001 1.85461
8840001 1.88245
8850001 1.87805
8860001 1.88617
8870001 1.88083
8880001 1.87881
8890001 1.87053
8900001 1.88581
8910001 1.88545
8920001 1.87502
8930001 1.88319
8940001 1.89008
8950001 1.89413
8960001 1.89525
8970001 1.86917
8980001 1.8748
8990001 1.87327
9000001 1.88347
9010001 1.88252
9020001 1.88654
9030001 1.87614
9040001 1.88743
9050001 1.88229
9060001 1.87681
9070001 1.89498
9080001 1.89738
9090001 1.90007
9100001 1.90371
9110001 1.89576
9120001 1.91475
9130001 1.90442
9140001 1.91687
9150001 1.89977
9160001 1.88903
9170001 1.89926
9180001 1.88728
9190001 1.88842
9200001 1.91358
9210001 1.89057
9220001 1.91748
9230001 1.90767
9240001 1.91441
9250001 1.90162
9260001 1.90503
9270001 1.91101
9280001 1.90466
9290001 1.89446
9300001 1.90348
9310001 1.89097
9320001 1.88804
9330001 1.90132
9340001 1.88346
9350001 1.88649
9360001 1.91448
9370001 1.89298
9380001 1.89467
9390001 1.88383
9400001 1.88768
9410001 1.89873
9420001 1.90431
9430001 1.90714
9440001 1.9079
9450001 1.90029
9460001 1.89609
9470001 1.87734
9480001 1.90556
9490001 1.90753
9500001 1.89026
9510001 1.87332
9520001 1.89434
9530001 1.8861
9540001 1.91441
9550001 1.92501
9560001 1.89726
9570001 1.88716
9580001 1.89541
9590001 1.89156
9600001 1.88443
9610001 1.88427
9620001 1.90366
9630001 1.91537
9640001 1.91268
9650001 1.90513
9660001 1.90803
9670001 1.89632
9680001 1.91213
9690001 1.89609
9700001 1.90112
9710001 1.9084
9720001 1.91709
9730001 1.89644
9740001 1.92098
9750001 1.92169
9760001 1.91482
9770001 1.91239
9780001 1.90862
9790001 1.8751
9800001 1.88209
9810001 1.90004
9820001 1.90639
9830001 1.89373
9840001 1.88578
9850001 1.89746
9860001 1.88714
9870001 1.90436
9880001 1.91726
9890001 1.92604
9900001 1.8901
9910001 1.87373
9920001 1.87721
9930001 1.86842
9940001 1.87077
9950001 1.91269
9960001 1.90501
9970001 1.89767
9980001 1.90764
9990001 1.91281
