1 31.3626
10001 17.0947
20001 12.9886
30001 10.2577
40001 8.42564
50001 7.12511
60001 6.31583
70001 5.69914
80001 5.24036
90001 4.88429
100001 4.60428
110001 4.36917
120001 4.16276
130001 3.99121
140001 3.8435
150001 3.71493
160001 3.60041
170001 3.49545
180001 3.39853
190001 3.312
200001 3.23204
210001 3.15783
220001 3.0891
230001 3.02317
240001 2.95772
250001 2.89815
260001 2.84161
270001 2.78813
280001 2.73745
290001 2.68891
300001 2.64247
310001 2.59624
320001 2.5542
330001 2.51483
340001 2.47529
350001 2.43665
360001 2.40095
370001 2.3652
380001 2.33001
390001 2.29878
400001 2.26782
410001 2.23927
420001 2.21184
430001 2.18343
440001 2.15667
450001 2.13128
460001 2.10304
470001 2.07914
480001 2.05541
490001 2.03061
500001 2.00791
510001 1.98509
520001 1.96371
530001 1.94288
540001 1.92203
550001 1.90272
560001 1.8825
570001 1.86328
580001 1.84604
590001 1.82721
600001 1.80995
610001 1.79343
620001 1.77659
630001 1.76049
640001 1.74416
650001 1.728
660001 1.71131
670001 1.6959
680001 1.68202
690001 1.66755
700001 1.65339
710001 1.63876
720001 1.62333
730001 1.60958
740001 1.5969
750001 1.58269
760001 1.5705
770001 1.55784
780001 1.54529
790001 1.53201
800001 1.51997
810001 1.5084
820001 1.49671
830001 1.485
840001 1.47271
850001 1.46263
860001 1.45134
870001 1.43973
880001 1.42927
890001 1.41923
900001 1.40769
910001 1.39945
920001 1.3898
930001 1.37911
940001 1.36879
950001 1.3597
960001 1.35258
970001 1.34153
980001 1.33338
990001 1.32589
1000001 1.31745
1010001 1.30913
1020001 1.30106
1030001 1.29242
1040001 1.28418
1050001 1.27446
1060001 1.26732
1070001 1.25847
1080001 1.25074
1090001 1.24324
1100001 1.23478
1110001 1.22696
1120001 1.21849
1130001 1.2107
1140001 1.20467
1150001 1.19892
1160001 1.19202
1170001 1.18483
1180001 1.17779
1190001 1.17064
1200001 1.16401
1210001 1.15774
1220001 1.14967
1230001 1.14222
1240001 1.13436
1250001 1.12823
1260001 1.12239
1270001 1.11697
1280001 1.10941
1290001 1.10427
1300001 1.09669
1310001 1.08964
1320001 1.08576
1330001 1.08037
1340001 1.07429
1350001 1.06853
1360001 1.06393
1370001 1.05864
1380001 1.05268
1390001 1.04749
1400001 1.04347
1410001 1.03887
1420001 1.03228
1430001 1.02675
1440001 1.02169
1450001 1.01624
1460001 1.01122
1470001 1.00576
1480001 1.00004
1490001 0.995065
1500001 0.991314
1510001 0.985172
1520001 0.983217
1530001 0.979056
1540001 0.975464
1550001 0.969981
1560001 0.965545
1570001 0.96413
1580001 0.958119
1590001 0.953418
1600001 0.94715
1610001 0.943859
1620001 0.939412
1630001 0.937217
1640001 0.931479
1650001 0.926727
1660001 0.921638
1670001 0.916582
1680001 0.913334
1690001 0.910865
1700001 0.906654
1710001 0.902915
1720001 0.900006
1730001 0.897696
1740001 0.894726
1750001 0.889673
1760001 0.885927
1770001 0.882193
1780001 0.879888
1790001 0.877015
1800001 0.871496
1810001 0.869284
1820001 0.865775
1830001 0.861682
1840001 0.857063
1850001 0.850981
1860001 0.851562
1870001 0.847159
1880001 0.845165
1890001 0.844615
1900001 0.841126
1910001 0.836615
1920001 0.836186
1930001 0.833469
1940001 0.828623
1950001 0.826318
1960001 0.822968
1970001 0.822489
1980001 0.817953
1990001 0.813458
2000001 0.809928
2010001 0.807795
2020001 0.80379
2030001 0.800795
2040001 0.796697
2050001 0.794296
2060001 0.790681
2070001 0.787091
2080001 0.783021
2090001 0.781397
2100001 0.7769
2110001 0.77457
2120001 0.777031
2130001 0.772256
2140001 0.770528
2150001 0.766036
2160001 0.76269
2170001 0.759059
2180001 0.757844
2190001 0.756607
2200001 0.754905
2210001 0.75438
2220001 0.751721
2230001 0.749741
2240001 0.747347
2250001 0.745172
2260001 0.743092
2270001 0.740495
2280001 0.739261
2290001 0.734131
2300001 0.732775
2310001 0.732268
2320001 0.731967
2330001 0.730098
2340001 0.726288
2350001 0.725433
2360001 0.72338
2370001 0.720269
2380001 0.71862
2390001 0.716891
2400001 0.713607
2410001 0.711755
2420001 0.709533
2430001 0.709922
2440001 0.707438
2450001 0.706791
2460001 0.705639
2470001 0.702432
2480001 0.700364
2490001 0.698078
2500001 0.695763
2510001 0.695101
2520001 0.695627
2530001 0.693529
2540001 0.689138
2550001 0.689419
2560001 0.686423
2570001 0.683088
2580001 0.680855
2590001 0.679128
2600001 0.676752
2610001 0.677572
2620001 0.674272
2630001 0.675055
2640001 0.674788
2650001 0.67736
2660001 0.674961
2670001 0.671088
2680001 0.669551
2690001 0.66699
2700001 0.666038
2710001 0.663889
2720001 0.663691
2730001 0.662124
2740001 0.659235
2750001 0.658674
2760001 0.656691
2770001 0.655938
2780001 0.654068
2790001 0.652787
2800001 0.650803
2810001 0.649344
2820001 0.651546
2830001 0.648899
2840001 0.647306
2850001 0.644986
2860001 0.643199
2870001 0.640456
2880001 0.640748
2890001 0.642521
2900001 0.640315
2910001 0.637787
2920001 0.633285
2930001 0.630765
2940001 0.631223
2950001 0.629561
2960001 0.62809
2970001 0.626853
2980001 0.624998
2990001 0.624462
3000001 0.626669
3010001 0.62407
3020001 0.623242
3030001 0.622234
3040001 0.620045
3050001 0.6194
3060001 0.620343
3070001 0.618463
3080001 0.617728
3090001 0.614206
3100001 0.61676
3110001 0.615253
3120001 0.613378
3130001 0.614133
3140001 0.611651
3150001 0.610603
3160001 0.610822
3170001 0.60905
3180001 0.604766
3190001 0.603579
3200001 0.602879
3210001 0.603076
3220001 0.603153
3230001 0.604117
3240001 0.600886
3250001 0.599883
3260001 0.602484
3270001 0.602826
3280001 0.598834
3290001 0.596926
3300001 0.596861
3310001 0.596226
3320001 0.594109
3330001 0.595827
3340001 0.591927
3350001 0.589044
3360001 0.589266
3370001 0.590039
3380001 0.591485
3390001 0.590581
3400001 0.586643
3410001 0.587597
3420001 0.58572
3430001 0.584992
3440001 0.585623
3450001 0.583957
3460001 0.582558
3470001 0.580087
3480001 0.582199
3490001 0.58402
3500001 0.584941
3510001 0.581801
3520001 0.580872
3530001 0.58103
3540001 0.580568
3550001 0.581156
3560001 0.579742
3570001 0.578571
3580001 0.579034
3590001 0.574066
3600001 0.577612
3610001 0.57632
3620001 0.574311
3630001 0.573544
3640001 0.575845
3650001 0.574408
3660001 0.574563
3670001 0.574495
3680001 0.574806
3690001 0.570067
3700001 0.571065
3710001 0.571044
3720001 0.5715
3730001 0.568466
3740001 0.569037
3750001 0.566323
3760001 0.567228
3770001 0.56526
3780001 0.56455
3790001 0.565853
3800001 0.564499
3810001 0.564197
3820001 0.562269
3830001 0.561369
3840001 0.558924
3850001 0.561857
3860001 0.558667
3870001 0.561104
3880001 0.561662
3890001 0.558422
3900001 0.559789
3910001 0.560083
3920001 0.556808
3930001 0.558277
3940001 0.557966
3950001 0.557082
3960001 0.558239
3970001 0.558762
3980001 0.558096
3990001 0.556115
4000001 0.554637
4010001 0.553137
4020001 0.551587
4030001 0.552995
4040001 0.552228
4050001 0.550252
4060001 0.54967
4070001 0.550692
4080001 0.549821
4090001 0.550706
4100001 0.545762
4110001 0.545943
4120001 0.545648
4130001 0.54502
4140001 0.54638
4150001 0.54676
4160001 0.548462
4170001 0.546268
4180001 0.545008
4190001 0.546379
4200001 0.545033
4210001 0.542
4220001 0.540558
4230001 0.54582
4240001 0.542434
4250001 0.541221
4260001 0.542315
4270001 0.54204
4280001 0.543817
4290001 0.54319
4300001 0.541586
4310001 0.54179
4320001 0.542907
4330001 0.542089
4340001 0.540955
4350001 0.539828
4360001 0.542715
4370001 0.538546
4380001 0.540459
4390001 0.538932
4400001 0.537461
4410001 0.5399
4420001 0.54041
4430001 0.540688
4440001 0.54331
4450001 0.544537
4460001 0.538525
4470001 0.538659
4480001 0.538771
4490001 0.536477
4500001 0.537341
4510001 0.538003
4520001 0.538089
4530001 0.537172
4540001 0.536878
4550001 0.5335
4560001 0.534643
4570001 0.539131
4580001 0.538897
4590001 0.535885
4600001 0.542582
4610001 0.539216
4620001 0.53897
4630001 0.535435
4640001 0.53337
4650001 0.535942
4660001 0.5386
4670001 0.536448
4680001 0.535664
4690001 0.534874
4700001 0.534768
4710001 0.532668
4720001 0.53166
4730001 0.530434
4740001 0.531053
4750001 0.531596
4760001 0.531775
4770001 0.531359
4780001 0.52967
4790001 0.527118
4800001 0.527067
4810001 0.52845
4820001 0.528167
4830001 0.52973
4840001 0.529937
4850001 0.528142
4860001 0.525985
4870001 0.527633
4880001 0.528761
4890001 0.530497
4900001 0.528246
4910001 0.529576
4920001 0.52723
4930001 0.524338
4940001 0.523224
4950001 0.524705
4960001 0.525644
4970001 0.525428
4980001 0.525496
4990001 0.523455
5000001 0.52568
5010001 0.526108
5020001 0.525327
5030001 0.526037
5040001 0.525517
5050001 0.52581
5060001 0.528238
5070001 0.527902
5080001 0.52779
5090001 0.528974
5100001 0.527776
5110001 0.524961
5120001 0.525597
5130001 0.52135
5140001 0.521297
5150001 0.519916
5160001 0.517575
5170001 0.520941
5180001 0.518431
5190001 0.518591
5200001 0.521242
5210001 0.519087
5220001 0.518229
5230001 0.517933
5240001 0.517088
5250001 0.521449
5260001 0.520241
5270001 0.52031
5280001 0.519441
5290001 0.520622
5300001 0.520512
5310001 0.520358
5320001 0.523336
5330001 0.521702
5340001 0.518363
5350001 0.52034
5360001 0.52072
5370001 0.520455
5380001 0.520868
5390001 0.519379
5400001 0.521124
5410001 0.518308
5420001 0.517271
5430001 0.513332
5440001 0.513035
5450001 0.514294
5460001 0.512954
5470001 0.511075
5480001 0.51237
5490001 0.513971
5500001 0.512541
5510001 0.512597
5520001 0.514204
5530001 0.515245
5540001 0.516564
5550001 0.515682
5560001 0.513665
5570001 0.515248
5580001 0.516085
5590001 0.51876
5600001 0.518421
5610001 0.517104
5620001 0.519527
5630001 0.518527
5640001 0.518217
5650001 0.51546
5660001 0.516973
5670001 0.518084
5680001 0.517915
5690001 0.519079
5700001 0.513247
5710001 0.513519
5720001 0.513305
5730001 0.513758
5740001 0.516162
5750001 0.51499
5760001 0.516721
5770001 0.513315
5780001 0.513784
5790001 0.517641
5800001 0.519476
5810001 0.517712
5820001 0.516875
5830001 0.517334
5840001 0.517552
5850001 0.52001
5860001 0.517485
5870001 0.518052
5880001 0.518154
5890001 0.519806
5900001 0.51303
5910001 0.513444
5920001 0.513998
5930001 0.516667
5940001 0.513542
5950001 0.513486
5960001 0.516405
5970001 0.515488
5980001 0.511841
5990001 0.512035
6000001 0.508665
6010001 0.511543
6020001 0.507903
6030001 0.509254
6040001 0.51044
6050001 0.5118
6060001 0.512519
6070001 0.508485
6080001 0.510009
6090001 0.509696
6100001 0.510608
6110001 0.509018
6120001 0.510797
6130001 0.511686
6140001 0.509527
6150001 0.511541
6160001 0.511995
6170001 0.511715
6180001 0.51099
6190001 0.512728
6200001 0.510713
6210001 0.512829
6220001 0.512166
6230001 0.511532
6240001 0.516282
6250001 0.514401
6260001 0.513529
6270001 0.517989
6280001 0.514234
6290001 0.51296
6300001 0.512944
6310001 0.514426
6320001 0.517247
6330001 0.517781
6340001 0.513882
6350001 0.513885
6360001 0.515002
6370001 0.515251
6380001 0.515629
6390001 0.513864
6400001 0.516713
6410001 0.515122
6420001 0.512544
6430001 0.511033
6440001 0.507515
6450001 0.511522
6460001 0.510688
6470001 0.512098
6480001 0.510342
6490001 0.510203
6500001 0.510559
6510001 0.509942
6520001 0.511621
6530001 0.510646
6540001 0.508316
6550001 0.510319
6560001 0.506932
6570001 0.507069
6580001 0.507803
6590001 0.507963
6600001 0.509856
6610001 0.509256
6620001 0.510647
6630001 0.513583
6640001 0.513707
6650001 0.510835
6660001 0.51037
6670001 0.51167
6680001 0.50868
6690001 0.509272
6700001 0.508656
6710001 0.510501
6720001 0.508879
6730001 0.50899
6740001 0.506835
6750001 0.505498
6760001 0.506314
6770001 0.509526
6780001 0.508658
6790001 0.505593
6800001 0.507038
6810001 0.506511
6820001 0.509098
6830001 0.509298
6840001 0.50778
6850001 0.509164
6860001 0.507919
6870001 0.504989
6880001 0.505181
6890001 0.505906
6900001 0.504864
6910001 0.50814
6920001 0.508313
6930001 0.511525
6940001 0.508621
6950001 0.509937
6960001 0.509246
6970001 0.508455
6980001 0.505455
6990001 0.507904
7000001 0.506009
7010001 0.507866
7020001 0.50599
7030001 0.506844
7040001 0.507304
7050001 0.50711
7060001 0.507795
7070001 0.503681
7080001 0.511411
7090001 0.509868
7100001 0.511736
7110001 0.510795
7120001 0.512926
7130001 0.511292
7140001 0.507715
7150001 0.50982
7160001 0.511946
7170001 0.510528
7180001 0.508073
7190001 0.505334
7200001 0.508191
7210001 0.507224
7220001 0.507461
7230001 0.509731
7240001 0.50952
7250001 0.508913
7260001 0.509904
7270001 0.507624
7280001 0.508021
7290001 0.509549
7300001 0.508556
7310001 0.505934
7320001 0.508289
7330001 0.511314
7340001 0.508967
7350001 0.506882
7360001 0.50997
7370001 0.512398
7380001 0.510552
7390001 0.513651
7400001 0.511585
7410001 0.510336
7420001 0.512338
7430001 0.511069
7440001 0.510476
7450001 0.512386
7460001 0.506524
7470001 0.508763
7480001 0.510191
7490001 0.513507
7500001 0.515059
7510001 0.512461
7520001 0.509894
7530001 0.513045
7540001 0.509994
7550001 0.512985
7560001 0.511449
7570001 0.512487
7580001 0.514193
7590001 0.511118
7600001 0.51006
7610001 0.506801
7620001 0.509573
7630001 0.510062
7640001 0.508848
7650001 0.510482
7660001 0.509929
7670001 0.51036
7680001 0.510038
7690001 0.514111
7700001 0.512762
7710001 0.510357
7720001 0.508094
7730001 0.506133
7740001 0.506586
7750001 0.505395
7760001 0.508614
7770001 0.508988
7780001 0.507082
7790001 0.505971
7800001 0.506278
7810001 0.505672
7820001 0.504075
7830001 0.506343
7840001 0.507893
7850001 0.509835
7860001 0.507877
7870001 0.506129
7880001 0.505597
7890001 0.505649
7900001 0.503912
7910001 0.504304
7920001 0.507528
7930001 0.505632
7940001 0.507688
7950001 0.503933
7960001 0.505198
7970001 0.511126
7980001 0.507155
7990001 0.508736
8000001 0.506029
8010001 0.505781
8020001 0.509938
8030001 0.505749
8040001 0.508539
8050001 0.509367
8060001 0.508699
8070001 0.505788
8080001 0.509514
8090001 0.511818
8100001 0.513299
8110001 0.513369
8120001 0.516038
8130001 0.513473
8140001 0.512955
8150001 0.513755
8160001 0.512108
8170001 0.513016
8180001 0.509654
8190001 0.509704
8200001 0.511224
8210001 0.509058
8220001 0.506903
8230001 0.510558
8240001 0.511686
8250001 0.507669
8260001 0.511244
8270001 0.50881
8280001 0.508308
8290001 0.507568
8300001 0.50575
8310001 0.506644
8320001 0.504932
8330001 0.5056
8340001 0.505294
8350001 0.505963
8360001 0.504722
8370001 0.506214
8380001 0.508012
8390001 0.507878
8400001 0.506231
8410001 0.504826
8420001 0.506346
8430001 0.505933
8440001 0.505209
8450001 0.507214
8460001 0.513059
8470001 0.513511
8480001 0.5101
8490001 0.5114
8500001 0.509018
8510001 0.511771
8520001 0.509551
8530001 0.50924
8540001 0.512336
8550001 0.512471
8560001 0.511823
8570001 0.512155
8580001 0.509359
8590001 0.514098
8600001 0.51387
8610001 0.512424
8620001 0.511223
8630001 0.513363
8640001 0.513331
8650001 0.511501
8660001 0.509339
8670001 0.507705
8680001 0.50662
8690001 0.507129
8700001 0.50552
8710001 0.505518
8720001 0.508168
8730001 0.507553
8740001 0.509324
8750001 0.509939
8760001 0.505938
8770001 0.505533
8780001 0.509559
8790001 0.508567
8800001 0.509417
8810001 0.510934
8820001 0.505837
8830001 0.507315
8840001 0.509874
8850001 0.509754
8860001 0.508451
8870001 0.510567
8880001 0.507987
8890001 0.510212
8900001 0.507728
8910001 0.510582
8920001 0.509812
8930001 0.508027
8940001 0.509897
8950001 0.509698
8960001 0.51096
8970001 0.506889
8980001 0.505145
8990001 0.504964
9000001 0.506872
9010001 0.50675
9020001 0.505296
9030001 0.507987
9040001 0.508783
9050001 0.507948
9060001 0.504341
9070001 0.502885
9080001 0.505568
9090001 0.507505
9100001 0.512965
9110001 0.511721
9120001 0.512921
9130001 0.514025
9140001 0.514293
9150001 0.509537
9160001 0.51029
9170001 0.509046
9180001 0.507256
9190001 0.508657
9200001 0.508198
9210001 0.506864
9220001 0.508084
9230001 0.507653
9240001 0.505862
9250001 0.506065
9260001 0.507964
9270001 0.509975
9280001 0.50883
9290001 0.508859
9300001 0.509928
9310001 0.509697
9320001 0.509149
9330001 0.511499
9340001 0.510992
9350001 0.511388
9360001 0.507622
9370001 0.508766
9380001 0.506147
9390001 0.506489
9400001 0.511337
9410001 0.512611
9420001 0.5125
9430001 0.511626
9440001 0.511501
9450001 0.51084
9460001 0.508292
9470001 0.508024
9480001 0.509729
9490001 0.509302
9500001 0.506718
9510001 0.505738
9520001 0.506982
9530001 0.506923
9540001 0.511411
9550001 0.509322
9560001 0.508808
9570001 0.511977
9580001 0.513631
9590001 0.512394
9600001 0.511367
9610001 0.509939
9620001 0.509753
9630001 0.50815
9640001 0.514192
9650001 0.514305
9660001 0.512208
9670001 0.511449
9680001 0.513123
9690001 0.511751
9700001 0.514872
9710001 0.515979
9720001 0.513318
9730001 0.513303
9740001 0.512856
9750001 0.514206
9760001 0.514936
9770001 0.512217
9780001 0.515827
9790001 0.514248
9800001 0.511592
9810001 0.510986
9820001 0.512959
9830001 0.51538
9840001 0.512861
9850001 0.512365
9860001 0.513015
9870001 0.51431
9880001 0.512821
9890001 0.509897
9900001 0.510399
9910001 0.50783
9920001 0.505493
9930001 0.505971
9940001 0.504007
9950001 0.504998
9960001 0.506405
9970001 0.508416
9980001 0.509729
9990001 0.510163
