1 2195.01
10001 193.729
20001 124.357
30001 86.7607
40001 63.9871
50001 47.0597
60001 35.8245
70001 29.1543
80001 24.624
90001 20.8487
100001 18.2576
110001 16.2344
120001 14.7303
130001 13.7391
140001 12.9739
150001 12.3355
160001 11.7922
170001 11.2984
180001 11.1135
190001 10.6234
200001 10.3691
210001 10.2989
220001 10.0313
230001 9.58996
240001 9.50118
250001 9.37307
260001 9.07064
270001 9.13464
280001 8.87655
290001 8.82083
300001 8.62558
310001 8.55626
320001 8.47479
330001 8.46648
340001 8.4299
350001 8.31529
360001 8.26562
370001 7.96212
380001 8.04791
390001 7.88377
400001 7.78765
410001 7.76394
420001 7.66287
430001 7.67
440001 7.46083
450001 7.37403
460001 7.55326
470001 7.4786
480001 7.32377
490001 7.25917
500001 7.23235
510001 7.2299
520001 7.23727
530001 7.05766
540001 6.84851
550001 7.01016
560001 7.06163
570001 6.93582
580001 6.97835
590001 7.04136
600001 6.96599
610001 6.75004
620001 6.86003
630001 6.71585
640001 6.66977
650001 6.78706
660001 6.60527
670001 6.65043
680001 6.60554
690001 6.57424
700001 6.5386
710001 6.63617
720001 6.55313
730001 6.68418
740001 6.48132
750001 6.40286
760001 6.41898
770001 6.43281
780001 6.49251
790001 6.28148
800001 6.2448
810001 6.38028
820001 6.5305
830001 6.36994
840001 6.26798
850001 6.33508
860001 6.18219
870001 6.2096
880001 6.17483
890001 6.27489
900001 6.14613
910001 6.17574
920001 6.28852
930001 6.27592
940001 6.09197
950001 6.14183
960001 6.3131
970001 6.1972
980001 6.20554
990001 6.20977
1000001 6.23772
1010001 6.13358
1020001 6.1318
1030001 5.99367
1040001 5.97544
1050001 6.01289
1060001 6.00817
1070001 5.82134
1080001 5.83267
1090001 6.09503
1100001 6.13197
1110001 5.86977
1120001 5.98988
1130001 5.89536
1140001 5.94548
1150001 5.78138
1160001 5.85582
1170001 5.80187
1180001 5.76711
1190001 5.95473
1200001 6.1075
1210001 5.98514
1220001 5.82753
1230001 5.94368
1240001 5.97199
1250001 5.73086
1260001 5.69827
1270001 5.79409
1280001 5.8668
1290001 5.67581
1300001 5.76185
1310001 5.80078
1320001 5.7628
1330001 5.73427
1340001 5.73203
1350001 5.68054
1360001 5.71907
1370001 5.62586
1380001 5.77001
1390001 5.62765
1400001 5.59881
1410001 5.55494
1420001 5.58753
1430001 5.66262
1440001 5.57839
1450001 5.54057
1460001 5.59224
1470001 5.70843
1480001 5.66418
1490001 5.87139
1500001 5.69642
1510001 5.50196
1520001 5.60145
1530001 5.67389
1540001 5.57133
1550001 5.5716
1560001 5.48129
1570001 5.62529
1580001 5.54268
1590001 5.62489
1600001 5.49969
1610001 5.58538
1620001 5.44015
1630001 5.59246
1640001 5.52071
1650001 5.53784
1660001 5.47498
1670001 5.40552
1680001 5.45253
1690001 5.60047
1700001 5.53465
1710001 5.42899
1720001 5.43854
1730001 5.36569
1740001 5.42823
1750001 5.50389
1760001 5.58988
1770001 5.65654
1780001 5.47772
1790001 5.41714
1800001 5.40254
1810001 5.44199
1820001 5.34257
1830001 5.37112
1840001 5.47413
1850001 5.38376
1860001 5.37734
1870001 5.42397
1880001 5.50516
1890001 5.38364
1900001 5.31167
1910001 5.40508
1920001 5.30748
1930001 5.4439
1940001 5.32951
1950001 5.399
1960001 5.39143
1970001 5.48675
1980001 5.37263
1990001 5.42376
2000001 5.41283
2010001 5.52304
2020001 5.49496
2030001 5.30205
2040001 5.40292
2050001 5.36354
2060001 5.36495
2070001 5.61419
2080001 5.35605
2090001 5.38873
2100001 5.47996
2110001 5.37571
2120001 5.28189
2130001 5.21398
2140001 5.30067
2150001 5.33535
2160001 5.36167
2170001 5.34292
2180001 5.29654
2190001 5.29021
2200001 5.44923
2210001 5.29144
2220001 5.38432
2230001 5.32817
2240001 5.18221
2250001 5.26597
2260001 5.44529
2270001 5.25648
2280001 5.18349
2290001 5.23958
2300001 5.24388
2310001 5.33291
2320001 5.23858
2330001 5.11737
2340001 5.17915
2350001 5.21894
2360001 5.16922
2370001 5.20625
2380001 5.2499
2390001 5.24779
2400001 5.31287
2410001 5.2574
2420001 5.3427
2430001 5.17821
2440001 5.12616
2450001 5.39913
2460001 5.23249
2470001 5.37047
2480001 5.18644
2490001 5.28924
2500001 5.3306
2510001 5.2161
2520001 5.20113
2530001 5.08485
2540001 5.08989
2550001 5.10047
2560001 5.37749
2570001 5.21927
2580001 5.23788
2590001 5.11325
2600001 5.08324
2610001 5.07623
2620001 5.07435
2630001 5.23272
2640001 5.21751
2650001 5.24101
2660001 5.25456
2670001 5.26826
2680001 5.15127
2690001 5.14587
2700001 4.96973
2710001 5.18554
2720001 5.26459
2730001 5.12982
2740001 5.06688
2750001 5.16231
2760001 5.13838
2770001 5.15923
2780001 5.20524
2790001 5.22924
2800001 5.15301
2810001 5.37277
2820001 5.34291
2830001 5.08059
2840001 5.08968
2850001 5.10131
2860001 5.20556
2870001 5.12311
2880001 5.06875
2890001 5.14619
2900001 5.16981
2910001 5.17115
2920001 5.38048
2930001 5.28494
2940001 5.15341
2950001 5.07637
2960001 5.09004
2970001 5.10025
2980001 5.1162
2990001 5.06756
3000001 5.1561
3010001 5.09354
3020001 5.06981
3030001 5.14747
3040001 5.05889
3050001 4.98364
3060001 5.09446
3070001 5.1837
3080001 5.08174
3090001 5.01262
3100001 5.23826
3110001 5.26498
3120001 5.12248
3130001 5.06837
3140001 5.25538
3150001 5.24694
3160001 5.10246
3170001 5.15719
3180001 5.11812
3190001 5.01432
3200001 4.99765
3210001 5.09032
3220001 5.06917
3230001 5.17426
3240001 5.02391
3250001 5.09924
3260001 5.15736
3270001 5.14075
3280001 5.16828
3290001 5.14548
3300001 5.17706
3310001 5.02205
3320001 5.10908
3330001 5.11325
3340001 5.13603
3350001 5.02209
3360001 5.06603
3370001 5.14026
3380001 4.94531
3390001 4.93982
3400001 4.96414
3410001 5.10332
3420001 4.93563
3430001 5.11416
3440001 4.91792
3450001 5.0665
3460001 5.07047
3470001 4.96702
3480001 4.98717
3490001 4.94817
3500001 5.29079
3510001 5.17055
3520001 5.01538
3530001 5.15909
3540001 5.07901
3550001 5.02427
3560001 5.04197
3570001 5.02155
3580001 5.28093
3590001 4.96099
3600001 5.11104
3610001 5.03531
3620001 4.98815
3630001 5.11842
3640001 5.14354
3650001 5.27643
3660001 4.98583
3670001 5.09311
3680001 5.03584
3690001 5.03376
3700001 5.0293
3710001 4.94833
3720001 5.03778
3730001 4.94422
3740001 4.85346
3750001 4.97586
3760001 5.16258
3770001 5.41541
3780001 5.24874
3790001 4.99076
3800001 5.08494
3810001 4.95406
3820001 4.99178
3830001 4.95668
3840001 5.05308
3850001 5.02218
3860001 4.99917
3870001 4.86955
3880001 5.04772
3890001 4.85395
3900001 4.90511
3910001 5.0127
3920001 4.88648
3930001 5.09177
3940001 5.0805
3950001 5.00327
3960001 5.08318
3970001 4.96617
3980001 5.05149
3990001 5.02501
4000001 4.967
4010001 4.97856
4020001 5.01183
4030001 4.97269
4040001 4.99877
4050001 5.00975
4060001 5.03999
4070001 4.92445
4080001 4.99495
4090001 5.05445
4100001 5.07948
4110001 5.04033
4120001 4.84262
4130001 4.9015
4140001 4.91292
4150001 4.95946
4160001 4.95722
4170001 4.96914
4180001 4.91962
4190001 5.01961
4200001 4.92663
4210001 4.96179
4220001 5.04011
4230001 5.0442
4240001 5.0465
4250001 4.92955
4260001 5.02174
4270001 4.91132
4280001 5.12167
4290001 5.02503
4300001 4.94908
4310001 4.96815
4320001 5.25412
4330001 5.03544
4340001 5.01371
4350001 5.01869
4360001 4.89965
4370001 4.99574
4380001 5.04683
4390001 4.99406
4400001 5.03481
4410001 5.10036
4420001 4.91389
4430001 5.05983
4440001 4.89392
4450001 4.87214
4460001 4.94678
4470001 4.96306
4480001 4.99881
4490001 4.93043
4500001 4.85171
4510001 4.96476
4520001 5.01202
4530001 4.91429
4540001 4.86862
4550001 4.99441
4560001 4.90134
4570001 4.96663
4580001 4.90045
4590001 5.11006
4600001 5.03748
4610001 5.0518
4620001 5.06827
4630001 4.96298
4640001 5.04441
4650001 4.97406
4660001 4.85487
4670001 4.97658
4680001 5.04445
4690001 5.07032
4700001 4.95939
4710001 4.90581
4720001 4.89639
4730001 4.86089
4740001 4.85456
4750001 4.94083
4760001 4.84253
4770001 4.89435
4780001 4.85959
4790001 4.87208
4800001 4.81685
4810001 4.88085
4820001 4.85417
4830001 4.95814
4840001 5.04523
4850001 5.06862
4860001 4.9637
4870001 4.91701
4880001 4.85716
4890001 4.85876
4900001 4.92136
4910001 5.05345
4920001 4.83324
4930001 5.02207
4940001 4.86236
4950001 4.91421
4960001 5.18525
4970001 4.97977
4980001 4.90473
4990001 4.96403
5000001 4.86177
5010001 4.90265
5020001 4.92909
5030001 4.91803
5040001 4.93095
5050001 4.89473
5060001 4.9238
5070001 5.2017
5080001 5.02286
5090001 5.00548
5100001 4.89192
5110001 4.93371
5120001 4.81529
5130001 4.94005
5140001 4.93306
5150001 4.85861
5160001 4.89328
5170001 4.89373
5180001 4.81235
5190001 4.84148
5200001 4.93989
5210001 4.82465
5220001 5.07076
5230001 5.00684
5240001 4.83215
5250001 4.85618
5260001 4.88188
5270001 4.97527
5280001 4.81025
5290001 4.82634
5300001 4.93553
5310001 4.85426
5320001 4.89206
5330001 5.00806
5340001 4.90373
5350001 5.00528
5360001 4.80908
5370001 4.83081
5380001 4.92204
5390001 5.06285
5400001 4.89601
5410001 5.02671
5420001 4.96617
5430001 5.1547
5440001 4.94764
5450001 5.04099
5460001 5.08025
5470001 4.9096
5480001 4.81786
5490001 4.85166
5500001 4.93434
5510001 4.88572
5520001 4.91423
5530001 4.94041
5540001 5.01619
5550001 4.7875
5560001 4.90704
5570001 4.86984
5580001 4.91539
5590001 4.90264
5600001 4.8199
5610001 4.88357
5620001 4.82049
5630001 5.01253
5640001 4.97367
5650001 4.8324
5660001 4.823
5670001 4.86657
5680001 4.83142
5690001 4.90848
5700001 4.79543
5710001 4.84279
5720001 4.90613
5730001 4.83534
5740001 4.7734
5750001 4.88303
5760001 4.96862
5770001 4.92185
5780001 4.86411
5790001 4.91658
5800001 4.87888
5810001 4.99171
5820001 4.87925
5830001 4.84326
5840001 4.93243
5850001 5.03632
5860001 5.00885
5870001 4.90587
5880001 4.8727
5890001 4.78734
5900001 5.09819
5910001 4.92883
5920001 4.86743
5930001 4.77866
5940001 4.77854
5950001 4.96627
5960001 4.8738
5970001 4.72595
5980001 4.78842
5990001 4.85885
6000001 4.87918
6010001 4.85489
6020001 4.83192
6030001 4.75651
6040001 4.88996
6050001 4.85028
6060001 4.74248
6070001 4.84052
6080001 4.76656
6090001 4.80592
6100001 4.9824
6110001 4.84711
6120001 5.10347
6130001 4.85486
6140001 4.99599
6150001 4.75376
6160001 4.85657
6170001 4.86332
6180001 4.85538
6190001 4.84633
6200001 4.88714
6210001 4.82306
6220001 4.93002
6230001 4.88528
6240001 4.98776
6250001 4.89324
6260001 4.85119
6270001 4.8629
6280001 4.75393
6290001 4.7482
6300001 4.81233
6310001 4.7768
6320001 4.83955
6330001 4.72606
6340001 4.67691
6350001 4.81701
6360001 4.84683
6370001 4.8184
6380001 4.79535
6390001 4.90191
6400001 5.02558
6410001 4.8592
6420001 4.86731
6430001 4.81587
6440001 4.8121
6450001 4.85426
6460001 4.90606
6470001 4.82859
6480001 4.83237
6490001 4.78358
6500001 4.77662
6510001 4.89582
6520001 4.92894
6530001 4.88683
6540001 4.88075
6550001 4.92364
6560001 4.98459
6570001 4.77539
6580001 4.75688
6590001 4.85314
6600001 4.78489
6610001 4.8384
6620001 4.72389
6630001 4.83148
6640001 4.87626
6650001 4.82492
6660001 5.05816
6670001 4.84669
6680001 4.86269
6690001 4.80121
6700001 4.79672
6710001 5.05963
6720001 4.75208
6730001 5.0236
6740001 4.83914
6750001 4.8261
6760001 4.89238
6770001 4.7728
6780001 4.73773
6790001 4.73486
6800001 4.7732
6810001 4.8999
6820001 4.88884
6830001 4.84917
6840001 4.84959
6850001 4.80611
6860001 4.89551
6870001 4.76011
6880001 4.79866
6890001 4.8836
6900001 4.78992
6910001 4.86208
6920001 4.9063
6930001 4.90701
6940001 4.75867
6950001 4.75894
6960001 4.7603
6970001 4.79521
6980001 4.6918
6990001 4.72642
7000001 4.80508
7010001 4.90746
7020001 4.81718
7030001 4.82144
7040001 4.89662
7050001 4.84588
7060001 4.77897
7070001 4.78309
7080001 4.84741
7090001 4.87342
7100001 4.81462
7110001 4.79985
7120001 4.76059
7130001 4.82829
7140001 4.8714
7150001 4.86289
7160001 4.85973
7170001 4.76991
7180001 4.9099
7190001 4.78824
7200001 4.89535
7210001 4.84072
7220001 4.83462
7230001 4.81062
7240001 4.71586
7250001 4.7795
7260001 4.72919
7270001 4.75747
7280001 4.77335
7290001 4.87018
7300001 4.77801
7310001 4.81691
7320001 4.84926
7330001 4.87257
7340001 4.69647
7350001 4.71894
7360001 4.82486
7370001 4.73405
7380001 4.80874
7390001 4.80722
7400001 4.85567
7410001 4.85672
7420001 4.70472
7430001 4.85685
7440001 4.97555
7450001 4.98735
7460001 4.89221
7470001 5.0617
7480001 4.81324
7490001 4.66626
7500001 4.70119
7510001 4.69499
7520001 4.88011
7530001 4.89091
7540001 4.88074
7550001 4.77043
7560001 4.71627
7570001 4.75735
7580001 4.74696
7590001 4.71748
7600001 4.68861
7610001 4.78258
7620001 4.87424
7630001 4.90792
7640001 4.86336
7650001 4.73415
7660001 4.86918
7670001 4.82441
7680001 4.91441
7690001 4.82565
7700001 4.80032
7710001 4.7465
7720001 4.79891
7730001 4.72208
7740001 4.73459
7750001 4.72071
7760001 4.78593
7770001 4.75389
7780001 4.90264
7790001 4.87041
7800001 4.79984
7810001 4.84664
7820001 4.75216
7830001 4.78325
7840001 4.78172
7850001 4.7141
7860001 4.82547
7870001 4.81919
7880001 4.70991
7890001 4.66022
7900001 4.62607
7910001 4.73093
7920001 4.76171
7930001 4.71109
7940001 4.70382
7950001 4.84438
7960001 4.79568
7970001 4.8156
7980001 4.86848
7990001 4.76501
8000001 4.72038
8010001 4.80576
8020001 4.68983
8030001 4.66822
8040001 4.63624
8050001 4.81971
8060001 4.83939
8070001 4.81214
8080001 4.84056
8090001 4.75595
8100001 4.79234
8110001 4.75273
8120001 4.71291
8130001 4.78295
8140001 4.81436
8150001 4.76754
8160001 4.80888
8170001 4.81805
8180001 4.8275
8190001 4.80357
8200001 4.87459
8210001 4.78272
8220001 4.73662
8230001 4.81572
8240001 4.76627
8250001 4.83228
8260001 4.82915
8270001 4.8051
8280001 4.79315
8290001 4.84713
8300001 4.87282
8310001 4.87233
8320001 4.88018
8330001 4.75038
8340001 4.77
8350001 4.79527
8360001 4.73106
8370001 4.69976
8380001 4.93518
8390001 4.78325
8400001 4.78813
8410001 4.82514
8420001 4.92705
8430001 4.94635
8440001 4.69479
8450001 4.7403
8460001 4.85414
8470001 4.79098
8480001 4.73892
8490001 4.79237
8500001 4.77366
8510001 4.73807
8520001 4.72123
8530001 4.6836
8540001 4.65641
8550001 4.67143
8560001 4.64915
8570001 4.75319
8580001 4.79211
8590001 4.72353
8600001 4.75995
8610001 4.74983
8620001 4.81348
8630001 4.75942
8640001 4.78342
8650001 4.78281
8660001 5.07666
8670001 4.8739
8680001 4.86943
8690001 4.86578
8700001 5.01903
8710001 4.89199
8720001 4.80401
8730001 4.72769
8740001 4.80825
8750001 4.67856
8760001 4.72576
8770001 4.74085
8780001 4.75794
8790001 4.69772
8800001 4.81959
8810001 4.73242
8820001 4.72988
8830001 4.71991
8840001 4.89729
8850001 4.86767
8860001 4.82436
8870001 4.76484
8880001 5.07913
8890001 4.83671
8900001 4.74727
8910001 4.68321
8920001 4.74956
8930001 4.65515
8940001 4.58394
8950001 4.73052
8960001 4.86927
8970001 4.75235
8980001 4.80755
8990001 4.81557
9000001 4.7796
9010001 4.90236
9020001 4.85742
9030001 4.82158
9040001 4.77824
9050001 4.69706
9060001 4.68856
9070001 4.66241
9080001 4.74363
9090001 4.87748
9100001 4.8059
9110001 4.74718
9120001 4.77616
9130001 4.82272
9140001 4.68085
9150001 4.81709
9160001 4.89597
9170001 4.6008
9180001 4.81511
9190001 4.82603
9200001 4.87605
9210001 4.70358
9220001 4.86522
9230001 4.80665
9240001 4.71241
9250001 4.78747
9260001 5.0005
9270001 4.90652
9280001 4.98761
9290001 4.91576
9300001 4.8458
9310001 4.67399
9320001 4.76971
9330001 4.71462
9340001 4.86013
9350001 4.66361
9360001 4.74561
9370001 4.83897
9380001 4.69615
9390001 4.83064
9400001 4.83397
9410001 4.87016
9420001 4.69758
9430001 4.78101
9440001 4.86557
9450001 4.71152
9460001 4.80129
9470001 4.87998
9480001 4.96029
9490001 4.88018
9500001 4.75307
9510001 4.77754
9520001 4.71221
9530001 4.79836
9540001 4.82888
9550001 4.73084
9560001 4.75061
9570001 4.64552
9580001 4.85321
9590001 4.76646
9600001 4.76556
9610001 4.73748
9620001 4.68971
9630001 4.7205
9640001 4.83378
9650001 4.81535
9660001 4.78583
9670001 4.72753
9680001 4.70463
9690001 4.70643
9700001 4.63545
9710001 4.73654
9720001 4.72355
9730001 4.84533
9740001 4.74868
9750001 4.71405
9760001 4.89034
9770001 4.89335
9780001 4.63704
9790001 4.64238
9800001 4.74338
9810001 4.92952
9820001 4.8506
9830001 4.70815
9840001 4.81394
9850001 4.73714
9860001 4.62348
9870001 4.67968
9880001 4.92329
9890001 4.80016
9900001 4.725
9910001 4.67798
9920001 4.7703
9930001 4.80236
9940001 4.77216
9950001 4.71193
9960001 4.68499
9970001 4.86229
9980001 4.82151
9990001 4.72552
