1 2192.84
10001 192.604
20001 123.517
30001 86.4707
40001 64.0735
50001 47.3907
60001 36.4497
70001 29.8272
80001 25.6273
90001 21.988
100001 19.5925
110001 17.6465
120001 16.2068
130001 15.4137
140001 14.8144
150001 14.2711
160001 13.6805
170001 13.2783
180001 13.2123
190001 12.7779
200001 12.5797
210001 12.2362
220001 12.1268
230001 11.9545
240001 11.7738
250001 11.7361
260001 11.4712
270001 11.445
280001 11.1581
290001 11.1633
300001 11.0661
310001 10.9332
320001 10.9427
330001 10.8223
340001 10.8476
350001 10.9638
360001 10.4892
370001 10.357
380001 10.4139
390001 10.3876
400001 10.5145
410001 10.3368
420001 10.2211
430001 10.2127
440001 10.0845
450001 10.0572
460001 10.1682
470001 10.1321
480001 10.0855
490001 10.0073
500001 9.79851
510001 9.71108
520001 9.70961
530001 9.83565
540001 9.53973
550001 9.68207
560001 9.72137
570001 9.57711
580001 9.54601
590001 9.85156
600001 9.5786
610001 9.50211
620001 9.48103
630001 9.38015
640001 9.51102
650001 9.55042
660001 9.45609
670001 9.61862
680001 9.28168
690001 9.25961
700001 9.38106
710001 9.58104
720001 9.47818
730001 9.42552
740001 9.29829
750001 9.38583
760001 9.19883
770001 9.38625
780001 9.18817
790001 9.08806
800001 9.05642
810001 9.12503
820001 9.19422
830001 9.08046
840001 8.99802
850001 9.26981
860001 9.04722
870001 9.11211
880001 9.09717
890001 9.09952
900001 8.97008
910001 9.1146
920001 9.12773
930001 9.24706
940001 8.93531
950001 8.87484
960001 9.03158
970001 9.10322
980001 9.05225
990001 8.89768
1000001 8.9044
1010001 8.91501
1020001 9.03543
1030001 8.88725
1040001 8.88893
1050001 8.876
1060001 8.76519
1070001 8.7281
1080001 8.96209
1090001 9.15977
1100001 9.01668
1110001 8.86751
1120001 8.82216
1130001 8.82694
1140001 9.068
1150001 8.66658
1160001 8.81919
1170001 8.56878
1180001 8.73207
1190001 8.62348
1200001 8.77248
1210001 8.99344
1220001 8.80241
1230001 8.60799
1240001 8.72659
1250001 8.58126
1260001 8.76538
1270001 8.74546
1280001 8.82819
1290001 8.71087
1300001 8.68996
1310001 8.76155
1320001 8.69433
1330001 8.62301
1340001 8.62295
1350001 8.62366
1360001 8.67574
1370001 8.75475
1380001 8.59798
1390001 8.52685
1400001 8.4988
1410001 8.50572
1420001 8.43784
1430001 8.55778
1440001 8.61277
1450001 8.52901
1460001 8.40637
1470001 8.758
1480001 8.68396
1490001 8.61544
1500001 8.50937
1510001 8.49919
1520001 8.46183
1530001 8.49126
1540001 8.49722
1550001 8.51835
1560001 8.42385
1570001 8.539
1580001 8.46895
1590001 8.50685
1600001 8.61974
1610001 8.48613
1620001 8.35618
1630001 8.52935
1640001 8.39949
1650001 8.30251
1660001 8.24202
1670001 8.42238
1680001 8.40823
1690001 8.42319
1700001 8.64947
1710001 8.47121
1720001 8.28858
1730001 8.29414
1740001 8.33361
1750001 8.47597
1760001 8.54625
1770001 8.56839
1780001 8.37038
1790001 8.41304
1800001 8.41641
1810001 8.3717
1820001 8.26652
1830001 8.42713
1840001 8.40355
1850001 8.48913
1860001 8.27411
1870001 8.43471
1880001 8.32775
1890001 8.42498
1900001 8.3105
1910001 8.39222
1920001 8.19314
1930001 8.25113
1940001 8.28079
1950001 8.47891
1960001 8.40604
1970001 8.4075
1980001 8.29307
1990001 8.30159
2000001 8.33853
2010001 8.27479
2020001 8.5659
2030001 8.26349
2040001 8.19535
2050001 8.24072
2060001 8.19906
2070001 8.30247
2080001 8.23985
2090001 8.39975
2100001 8.48507
2110001 8.16679
2120001 8.24068
2130001 8.18721
2140001 8.24745
2150001 8.20545
2160001 8.23667
2170001 8.26629
2180001 8.22437
2190001 8.27304
2200001 8.27743
2210001 8.16607
2220001 8.05231
2230001 8.20124
2240001 8.17056
2250001 8.41924
2260001 8.37827
2270001 8.24403
2280001 8.06734
2290001 8.20996
2300001 8.00985
2310001 8.11017
2320001 8.14768
2330001 8.09707
2340001 8.13019
2350001 8.13732
2360001 8.14451
2370001 8.20192
2380001 8.24928
2390001 8.06172
2400001 8.2625
2410001 8.14783
2420001 8.05705
2430001 8.16783
2440001 8.07186
2450001 8.35016
2460001 8.23581
2470001 8.18059
2480001 8.09501
2490001 8.11229
2500001 8.21802
2510001 8.135
2520001 8.13764
2530001 8.01384
2540001 8.13756
2550001 8.19226
2560001 8.19021
2570001 8.2407
2580001 8.18114
2590001 8.16079
2600001 8.20094
2610001 8.01674
2620001 8.06371
2630001 8.30335
2640001 8.18309
2650001 8.14273
2660001 8.11312
2670001 8.18463
2680001 8.17186
2690001 8.03278
2700001 7.91951
2710001 8.26579
2720001 8.33915
2730001 8.16906
2740001 8.26027
2750001 8.14262
2760001 8.06205
2770001 8.13725
2780001 7.9676
2790001 7.93431
2800001 8.02311
2810001 8.14227
2820001 8.0183
2830001 8.13571
2840001 8.00391
2850001 8.10176
2860001 8.24558
2870001 8.03851
2880001 7.96189
2890001 8.07395
2900001 8.07443
2910001 8.01898
2920001 8.19947
2930001 8.191
2940001 8.24507
2950001 7.96708
2960001 7.98836
2970001 7.97749
2980001 8.03445
2990001 7.96181
3000001 8.2755
3010001 8.13946
3020001 7.91579
3030001 8.03833
3040001 7.99288
3050001 7.94758
3060001 8.04097
3070001 8.06271
3080001 7.94728
3090001 7.99443
3100001 8.03686
3110001 7.94595
3120001 8.00805
3130001 7.88805
3140001 8.07811
3150001 8.18036
3160001 8.05353
3170001 8.05749
3180001 7.99868
3190001 7.95666
3200001 7.92129
3210001 7.85108
3220001 7.86657
3230001 8.00574
3240001 8.07412
3250001 8.00735
3260001 8.13962
3270001 8.01546
3280001 8.201
3290001 8.197
3300001 8.00341
3310001 8.07092
3320001 7.97346
3330001 8.04447
3340001 8.22835
3350001 8.0404
3360001 7.96923
3370001 8.04167
3380001 7.7801
3390001 7.78642
3400001 8.16373
3410001 8.17747
3420001 7.77505
3430001 8.17761
3440001 7.91991
3450001 8.0028
3460001 8.07468
3470001 8.13482
3480001 8.12507
3490001 7.97663
3500001 8.31925
3510001 7.96309
3520001 7.9471
3530001 7.86449
3540001 8.07383
3550001 7.88409
3560001 7.96319
3570001 7.8646
3580001 8.12443
3590001 8.01349
3600001 7.92872
3610001 7.87938
3620001 7.80691
3630001 8.06239
3640001 8.12265
3650001 8.08384
3660001 7.90926
3670001 7.93021
3680001 8.16933
3690001 7.8936
3700001 7.86909
3710001 7.78482
3720001 7.95724
3730001 7.88071
3740001 7.81136
3750001 8.00623
3760001 8.10115
3770001 8.16845
3780001 7.97911
3790001 7.79244
3800001 8.02187
3810001 7.93595
3820001 8.02079
3830001 7.8958
3840001 8.02573
3850001 8.02608
3860001 7.90546
3870001 7.84982
3880001 8.07446
3890001 7.81701
3900001 7.96779
3910001 7.90499
3920001 7.68026
3930001 7.94286
3940001 7.98494
3950001 7.88116
3960001 7.94437
3970001 7.98214
3980001 8.08033
3990001 7.92518
4000001 7.76474
4010001 7.97507
4020001 7.91431
4030001 7.93955
4040001 7.85103
4050001 7.80268
4060001 7.91518
4070001 7.84762
4080001 7.82148
4090001 7.80201
4100001 7.97963
4110001 7.89385
4120001 7.84355
4130001 7.93078
4140001 7.81614
4150001 7.9061
4160001 7.95937
4170001 7.97888
4180001 7.9968
4190001 8.05995
4200001 7.98937
4210001 8.00566
4220001 7.9564
4230001 7.93002
4240001 7.85145
4250001 7.90607
4260001 7.72428
4270001 7.88028
4280001 7.86608
4290001 8.0774
4300001 7.86814
4310001 7.89446
4320001 8.01892
4330001 8.03849
4340001 8.02331
4350001 7.82496
4360001 7.81157
4370001 7.79482
4380001 7.84125
4390001 7.93185
4400001 7.86667
4410001 8.06019
4420001 7.93931
4430001 7.81071
4440001 7.86211
4450001 7.66892
4460001 7.8226
4470001 7.89838
4480001 7.94872
4490001 8.09305
4500001 8.01818
4510001 8.04271
4520001 8.09503
4530001 8.02841
4540001 7.89379
4550001 8.02792
4560001 7.97992
4570001 7.97691
4580001 7.83618
4590001 7.8528
4600001 7.83791
4610001 8.15368
4620001 8.08424
4630001 8.07369
4640001 7.97442
4650001 7.90961
4660001 7.84656
4670001 7.91909
4680001 7.88916
4690001 7.83023
4700001 7.85447
4710001 7.8618
4720001 7.83285
4730001 7.88173
4740001 7.85165
4750001 7.92768
4760001 8.03226
4770001 7.94426
4780001 7.77491
4790001 7.7254
4800001 7.76188
4810001 7.85056
4820001 7.70606
4830001 8.04105
4840001 7.76362
4850001 8.03699
4860001 7.91405
4870001 7.89319
4880001 7.96822
4890001 7.93437
4900001 7.86368
4910001 7.91287
4920001 7.89326
4930001 7.89506
4940001 7.78115
4950001 7.95171
4960001 7.90114
4970001 7.84281
4980001 8.04154
4990001 7.82664
5000001 7.89582
5010001 7.76658
5020001 7.88077
5030001 7.89495
5040001 7.75796
5050001 7.91785
5060001 7.92984
5070001 8.06228
5080001 7.92951
5090001 7.75171
5100001 7.87739
5110001 7.79641
5120001 7.8439
5130001 7.90182
5140001 7.94305
5150001 7.99754
5160001 7.95871
5170001 7.71552
5180001 7.67726
5190001 7.78648
5200001 7.80825
5210001 7.90404
5220001 8.16335
5230001 7.79621
5240001 7.82043
5250001 7.79404
5260001 7.95554
5270001 7.88566
5280001 7.75665
5290001 7.74361
5300001 7.83748
5310001 7.7867
5320001 7.86766
5330001 7.82756
5340001 7.68438
5350001 7.91766
5360001 7.86183
5370001 7.80762
5380001 8.05504
5390001 7.96031
5400001 7.79403
5410001 7.85445
5420001 7.7862
5430001 8.13558
5440001 7.72126
5450001 7.91262
5460001 7.88105
5470001 7.95028
5480001 7.71784
5490001 7.87007
5500001 7.93401
5510001 7.74728
5520001 7.67587
5530001 7.97441
5540001 8.11261
5550001 7.7686
5560001 7.89775
5570001 7.80328
5580001 7.78313
5590001 7.92695
5600001 7.872
5610001 7.78332
5620001 7.95204
5630001 7.83773
5640001 7.80518
5650001 7.91591
5660001 7.83891
5670001 7.84817
5680001 7.83082
5690001 7.90197
5700001 7.77692
5710001 7.74012
5720001 7.8665
5730001 7.71711
5740001 7.8211
5750001 7.7627
5760001 7.86949
5770001 7.88635
5780001 7.65301
5790001 7.8566
5800001 7.79019
5810001 7.92626
5820001 7.7567
5830001 7.82318
5840001 7.89963
5850001 7.98985
5860001 7.90859
5870001 7.96657
5880001 7.86064
5890001 7.60386
5900001 7.89552
5910001 7.75885
5920001 7.78738
5930001 7.75795
5940001 7.64555
5950001 7.74471
5960001 7.72138
5970001 7.78356
5980001 7.83265
5990001 7.81177
6000001 7.69513
6010001 8.14476
6020001 7.78906
6030001 7.91045
6040001 7.81508
6050001 7.99921
6060001 7.92408
6070001 7.74785
6080001 7.72861
6090001 7.78036
6100001 7.95151
6110001 7.73263
6120001 7.93049
6130001 7.84148
6140001 7.78052
6150001 7.6439
6160001 7.83902
6170001 7.88046
6180001 7.87763
6190001 8.06946
6200001 7.89072
6210001 7.89645
6220001 7.87859
6230001 7.76166
6240001 7.92701
6250001 7.80196
6260001 7.74095
6270001 7.96002
6280001 7.70534
6290001 7.67231
6300001 7.67207
6310001 7.67549
6320001 7.59021
6330001 7.8271
6340001 7.80982
6350001 7.84813
6360001 7.89101
6370001 7.76703
6380001 7.85269
6390001 7.67922
6400001 7.77929
6410001 7.87838
6420001 7.71485
6430001 7.66811
6440001 7.77304
6450001 7.77863
6460001 8.03775
6470001 7.74357
6480001 7.71695
6490001 7.87707
6500001 7.69035
6510001 7.88183
6520001 7.77674
6530001 7.91382
6540001 7.92714
6550001 7.98357
6560001 7.81076
6570001 7.78648
6580001 7.68277
6590001 7.87062
6600001 7.92427
6610001 7.82643
6620001 7.71721
6630001 7.67922
6640001 7.69185
6650001 7.73726
6660001 7.84551
6670001 7.72994
6680001 7.79192
6690001 7.86143
6700001 7.75667
6710001 7.89703
6720001 7.62741
6730001 7.90814
6740001 7.71074
6750001 7.74049
6760001 7.78423
6770001 7.72993
6780001 7.6651
6790001 7.85702
6800001 7.77582
6810001 8.12788
6820001 7.8645
6830001 7.82576
6840001 7.83006
6850001 7.7603
6860001 7.91225
6870001 7.58507
6880001 7.66293
6890001 7.72273
6900001 7.84155
6910001 7.83075
6920001 7.7259
6930001 7.93392
6940001 7.69453
6950001 7.84601
6960001 7.66784
6970001 7.77776
6980001 7.89603
6990001 7.81007
7000001 7.64765
7010001 7.7627
7020001 7.81028
7030001 7.76357
7040001 7.80337
7050001 7.79627
7060001 7.77406
7070001 7.67228
7080001 7.7486
7090001 7.72736
7100001 7.81183
7110001 7.98715
7120001 7.74793
7130001 7.92474
7140001 7.86832
7150001 7.81644
7160001 7.74823
7170001 7.73579
7180001 7.9
7190001 7.85064
7200001 7.93667
7210001 7.72474
7220001 7.67285
7230001 7.62445
7240001 7.71178
7250001 7.63721
7260001 7.84509
7270001 7.67221
7280001 7.69689
7290001 7.76878
7300001 7.91253
7310001 7.61282
7320001 7.69137
7330001 7.95216
7340001 7.86749
7350001 7.81341
7360001 7.61069
7370001 7.73883
7380001 7.74211
7390001 7.74123
7400001 7.74802
7410001 7.6292
7420001 7.70173
7430001 7.84282
7440001 7.83851
7450001 7.77013
7460001 7.70552
7470001 7.85962
7480001 7.70579
7490001 7.66131
7500001 7.75764
7510001 7.65154
7520001 7.80807
7530001 7.66004
7540001 7.92365
7550001 7.82932
7560001 7.67989
7570001 7.66468
7580001 7.65382
7590001 7.92273
7600001 7.7884
7610001 7.77531
7620001 7.80631
7630001 7.98153
7640001 7.75117
7650001 7.84156
7660001 8.01538
7670001 7.80557
7680001 7.87766
7690001 7.84686
7700001 7.89752
7710001 7.67576
7720001 7.78252
7730001 7.62372
7740001 7.79853
7750001 7.64492
7760001 7.84022
7770001 7.8317
7780001 7.80852
7790001 7.76964
7800001 7.77014
7810001 7.64801
7820001 7.90379
7830001 7.74188
7840001 7.63826
7850001 7.65116
7860001 7.80577
7870001 7.72254
7880001 7.75983
7890001 7.62488
7900001 7.78059
7910001 7.73193
7920001 7.73918
7930001 7.70169
7940001 7.75002
7950001 7.84111
7960001 7.66717
7970001 7.75929
7980001 7.64642
7990001 7.57215
8000001 7.51794
8010001 7.78885
8020001 7.71545
8030001 7.70916
8040001 7.72803
8050001 7.69149
8060001 7.74888
8070001 7.73818
8080001 7.65472
8090001 7.72019
8100001 7.64818
8110001 7.76463
8120001 7.72055
8130001 7.67652
8140001 7.7845
8150001 7.76728
8160001 7.77404
8170001 7.6482
8180001 7.70283
8190001 7.56356
8200001 7.6619
8210001 7.6839
8220001 7.74952
8230001 7.61285
8240001 7.73348
8250001 7.65477
8260001 7.80741
8270001 7.63741
8280001 7.6501
8290001 7.70032
8300001 7.64889
8310001 7.60482
8320001 7.72283
8330001 7.61105
8340001 7.71108
8350001 7.64666
8360001 7.65733
8370001 7.72602
8380001 7.77244
8390001 7.80011
8400001 7.66037
8410001 7.63675
8420001 7.66559
8430001 7.61444
8440001 7.6543
8450001 7.60394
8460001 7.71449
8470001 7.67628
8480001 7.62268
8490001 7.72016
8500001 7.65556
8510001 7.75069
8520001 7.82195
8530001 7.69528
8540001 7.67605
8550001 7.63792
8560001 7.62569
8570001 7.76318
8580001 7.96834
8590001 7.99335
8600001 7.88976
8610001 7.77272
8620001 7.84857
8630001 7.83143
8640001 7.75313
8650001 7.77055
8660001 7.86174
8670001 7.74566
8680001 7.83029
8690001 7.87574
8700001 7.77872
8710001 7.63413
8720001 7.65452
8730001 7.66003
8740001 7.6272
8750001 7.54884
8760001 7.59934
8770001 7.60489
8780001 7.71968
8790001 7.63151
8800001 7.67647
8810001 7.82294
8820001 7.7079
8830001 7.49614
8840001 7.89706
8850001 7.87308
8860001 7.89523
8870001 7.9027
8880001 7.81835
8890001 7.85027
8900001 7.7273
8910001 7.45849
8920001 7.62868
8930001 7.60727
8940001 7.6836
8950001 7.70341
8960001 7.8564
8970001 7.73014
8980001 7.68162
8990001 7.85771
9000001 7.68797
9010001 7.82142
9020001 7.70222
9030001 7.8098
9040001 7.87005
9050001 7.79579
9060001 7.4997
9070001 7.57824
9080001 7.69269
9090001 7.70229
9100001 7.68498
9110001 7.63966
9120001 7.59686
9130001 7.68717
9140001 7.51968
9150001 7.63378
9160001 7.61954
9170001 7.62195
9180001 7.73587
9190001 7.74863
9200001 7.70556
9210001 7.85236
9220001 7.63548
9230001 7.97474
9240001 7.73739
9250001 7.70426
9260001 7.77392
9270001 7.65696
9280001 7.79715
9290001 7.68986
9300001 7.63773
9310001 7.54376
9320001 7.64099
9330001 7.6304
9340001 7.79595
9350001 7.63655
9360001 7.71903
9370001 7.85062
9380001 7.60145
9390001 7.84355
9400001 7.71036
9410001 7.74685
9420001 7.73347
9430001 7.75109
9440001 7.58568
9450001 7.64953
9460001 7.71054
9470001 7.82877
9480001 7.63917
9490001 7.57456
9500001 7.52173
9510001 7.63286
9520001 7.67589
9530001 7.70726
9540001 7.81251
9550001 7.7362
9560001 7.77327
9570001 7.69793
9580001 7.62383
9590001 7.56699
9600001 7.6508
9610001 7.65076
9620001 7.68354
9630001 7.65669
9640001 7.79973
9650001 7.85573
9660001 7.83431
9670001 7.78761
9680001 7.62005
9690001 7.749
9700001 7.56958
9710001 7.65616
9720001 7.6092
9730001 7.66067
9740001 7.68026
9750001 7.62442
9760001 7.70265
9770001 7.88761
9780001 7.82033
9790001 7.71832
9800001 7.76016
9810001 7.73888
9820001 7.55565
9830001 7.64291
9840001 7.84046
9850001 7.60913
9860001 7.65786
9870001 7.75373
9880001 7.68104
9890001 7.65717
9900001 7.66819
9910001 7.44359
9920001 7.58234
9930001 7.64271
9940001 7.69764
9950001 7.66151
9960001 7.59921
9970001 7.62057
9980001 7.55909
9990001 7.72877
