1 2174.56
10001 154.806
20001 82.7128
30001 54.7388
40001 39.5961
50001 29.2385
60001 24.0296
70001 19.9855
80001 17.2396
90001 16.1415
100001 15.7081
110001 14.271
120001 13.6798
130001 13.0842
140001 12.9405
150001 12.3704
160001 12.2332
170001 12.2865
180001 11.9448
190001 12.2634
200001 11.7135
210001 11.8152
220001 11.88
230001 11.8461
240001 11.4834
250001 11.1538
260001 11.3223
270001 11.2376
280001 11.0658
290001 11.168
300001 11.1663
310001 11.6229
320001 11.1142
330001 10.9105
340001 11.4932
350001 10.7247
360001 10.895
370001 11.2394
380001 10.7463
390001 11.0822
400001 10.7811
410001 11.0106
420001 10.6681
430001 10.8366
440001 10.9831
450001 10.878
460001 11.0536
470001 11.1974
480001 10.6474
490001 10.8669
500001 11.0221
510001 11.029
520001 10.9876
530001 11.0027
540001 10.9863
550001 11.0076
560001 11.062
570001 10.8198
580001 10.5951
590001 10.9217
600001 10.7712
610001 11.0442
620001 10.8198
630001 10.6713
640001 10.9294
650001 10.66
660001 10.7725
670001 10.9986
680001 10.6859
690001 10.6935
700001 10.616
710001 10.9215
720001 10.8332
730001 10.8704
740001 10.799
750001 10.8629
760001 10.6957
770001 11.0009
780001 10.7083
790001 10.8143
800001 10.8953
810001 10.8689
820001 10.8584
830001 10.8416
840001 10.9448
850001 10.6436
860001 10.7677
870001 10.7288
880001 10.6104
890001 11.238
900001 10.4945
910001 11.0522
920001 10.877
930001 10.9703
940001 10.7655
950001 10.6614
960001 10.7001
970001 10.565
980001 10.5894
990001 10.5118
1000001 10.7185
1010001 10.6907
1020001 10.9914
1030001 10.8019
1040001 10.7826
1050001 10.7788
1060001 10.9435
1070001 10.9939
1080001 11.0405
1090001 10.814
1100001 11.1693
1110001 10.8078
1120001 10.7184
1130001 10.7451
1140001 10.8928
1150001 10.5014
1160001 10.5503
1170001 10.8393
1180001 10.9632
1190001 10.8993
1200001 10.555
1210001 10.6181
1220001 10.5255
1230001 10.7633
1240001 10.7022
1250001 10.7066
1260001 10.9151
1270001 10.8086
1280001 11.2333
1290001 10.9414
1300001 10.7157
1310001 10.7896
1320001 10.9059
1330001 10.7899
1340001 10.8925
1350001 11.047
1360001 11.0125
1370001 10.8431
1380001 10.5448
1390001 10.7427
1400001 10.6488
1410001 10.5581
1420001 10.9101
1430001 10.5529
1440001 10.8195
1450001 11.1716
1460001 10.6448
1470001 10.4771
1480001 10.4811
1490001 10.8017
1500001 10.7508
1510001 10.7784
1520001 10.8819
1530001 10.5624
1540001 10.9823
1550001 10.6406
1560001 10.7868
1570001 10.4427
1580001 10.7554
1590001 10.6445
1600001 10.5178
1610001 11.052
1620001 10.6665
1630001 10.7562
1640001 11.0632
1650001 10.8932
1660001 10.6877
1670001 10.7299
1680001 10.6696
1690001 10.796
1700001 10.8134
1710001 10.5019
1720001 10.5625
1730001 10.7142
1740001 10.5088
1750001 10.6024
1760001 10.765
1770001 10.6476
1780001 10.7214
1790001 10.7492
1800001 10.8639
1810001 10.7538
1820001 10.65
1830001 10.6375
1840001 10.7248
1850001 10.6165
1860001 10.4621
1870001 10.8345
1880001 10.7209
1890001 10.671
1900001 10.755
1910001 10.8587
1920001 10.7707
1930001 10.8379
1940001 10.9756
1950001 10.665
1960001 10.9565
1970001 10.7553
1980001 10.9307
1990001 10.723
2000001 10.6887
2010001 10.7605
2020001 10.6736
2030001 10.8049
2040001 11.0141
2050001 11.0157
2060001 10.8528
2070001 10.4838
2080001 10.7889
2090001 10.9971
2100001 10.7435
2110001 10.5913
2120001 10.6578
2130001 10.8879
2140001 10.8272
2150001 10.734
2160001 10.8858
2170001 10.7496
2180001 10.9517
2190001 10.6622
2200001 10.9309
2210001 10.7535
2220001 11.0892
2230001 10.5915
2240001 10.5359
2250001 10.718
2260001 10.6922
2270001 10.8324
2280001 10.7099
2290001 11.0033
2300001 10.74
2310001 10.5035
2320001 11.0776
2330001 10.8884
2340001 10.8302
2350001 10.8395
2360001 10.5644
2370001 11.6649
2380001 10.9328
2390001 10.8051
2400001 10.7297
2410001 10.7201
2420001 10.6751
2430001 10.7612
2440001 10.5145
2450001 10.5923
2460001 10.9005
2470001 10.461
2480001 10.5616
2490001 10.8936
2500001 10.8341
2510001 11.1726
2520001 10.8404
2530001 10.6109
2540001 10.4741
2550001 10.6829
2560001 10.5726
2570001 10.7948
2580001 11.214
2590001 10.5715
2600001 10.7179
2610001 10.7329
2620001 11.109
2630001 10.819
2640001 10.5469
2650001 10.5198
2660001 10.7348
2670001 10.8055
2680001 11.0089
2690001 11.1435
2700001 10.993
2710001 11.0501
2720001 11.0282
2730001 10.8346
2740001 11.1312
2750001 10.6461
2760001 10.609
2770001 10.5978
2780001 10.4785
2790001 10.7754
2800001 10.786
2810001 10.8027
2820001 10.8189
2830001 10.5354
2840001 10.6969
2850001 11.5
2860001 10.9339
2870001 10.7553
2880001 10.9526
2890001 10.9233
2900001 10.7413
2910001 10.6406
2920001 10.6287
2930001 10.5198
2940001 10.4081
2950001 10.9204
2960001 10.7594
2970001 10.5661
2980001 10.5913
2990001 10.6434
3000001 10.7754
3010001 10.8899
3020001 10.7677
3030001 10.9427
3040001 10.6476
3050001 10.8668
3060001 10.6581
3070001 10.7958
3080001 10.6157
3090001 10.8068
3100001 10.8976
3110001 10.9387
3120001 10.8896
3130001 10.5419
3140001 10.5624
3150001 11.1182
3160001 11.136
3170001 10.845
3180001 10.5951
3190001 10.9577
3200001 10.9442
3210001 10.7679
3220001 11.0664
3230001 10.7777
3240001 10.9517
3250001 11.0271
3260001 10.6949
3270001 10.6162
3280001 10.7764
3290001 10.6516
3300001 10.5949
3310001 10.5378
3320001 10.6638
3330001 10.8687
3340001 10.7148
3350001 10.9359
3360001 11.0999
3370001 11.0141
3380001 10.7615
3390001 10.5253
3400001 10.8129
3410001 10.7576
3420001 10.6945
3430001 10.5422
3440001 11.0421
3450001 10.8388
3460001 10.4214
3470001 10.6482
3480001 10.85
3490001 10.696
3500001 10.9656
3510001 10.5594
3520001 11.0928
3530001 10.8234
3540001 10.9516
3550001 10.7205
3560001 10.891
3570001 10.6981
3580001 10.9881
3590001 11.105
3600001 10.9878
3610001 10.7847
3620001 10.8052
3630001 10.5597
3640001 10.7344
3650001 10.7143
3660001 11.2748
3670001 10.6924
3680001 11.0684
3690001 10.7148
3700001 11.0365
3710001 10.9154
3720001 10.7716
3730001 10.8059
3740001 11.1014
3750001 10.9225
3760001 10.8955
3770001 10.7462
3780001 10.5861
3790001 10.693
3800001 10.6058
3810001 10.9821
3820001 10.839
3830001 10.7405
3840001 10.718
3850001 10.835
3860001 10.8469
3870001 10.6578
3880001 10.7305
3890001 10.9836
3900001 10.6813
3910001 11.2872
3920001 10.6878
3930001 10.7328
3940001 10.5955
3950001 10.4935
3960001 10.9095
3970001 10.9654
3980001 10.882
3990001 10.8942
4000001 10.7604
4010001 10.7627
4020001 10.8394
4030001 10.7222
4040001 10.6594
4050001 10.8153
4060001 10.8703
4070001 11.0046
4080001 10.8308
4090001 10.7302
4100001 11.0075
4110001 10.553
4120001 10.6314
4130001 10.6134
4140001 10.6783
4150001 10.7648
4160001 10.6665
4170001 10.5711
4180001 10.5656
4190001 10.6422
4200001 10.8321
4210001 10.6205
4220001 10.6154
4230001 10.7602
4240001 10.7136
4250001 10.5845
4260001 10.5602
4270001 10.7026
4280001 11.1848
4290001 10.6891
4300001 10.5098
4310001 10.5878
4320001 10.4355
4330001 10.7867
4340001 11.1894
4350001 10.8336
4360001 10.6055
4370001 10.5263
4380001 10.625
4390001 10.5828
4400001 10.9018
4410001 10.6657
4420001 10.5638
4430001 10.6312
4440001 10.7207
4450001 10.6787
4460001 10.7382
4470001 10.78
4480001 10.6392
4490001 11.3101
4500001 10.6715
4510001 10.6759
4520001 10.7536
4530001 10.8314
4540001 10.8879
4550001 10.6653
4560001 10.6391
4570001 10.7521
4580001 10.8868
4590001 10.8087
4600001 10.5338
4610001 10.5573
4620001 10.7016
4630001 10.8419
4640001 10.4331
4650001 10.6734
4660001 10.6785
4670001 11.2519
4680001 10.5563
4690001 10.657
4700001 10.7437
4710001 10.7101
4720001 10.6604
4730001 11.0485
4740001 10.9867
4750001 10.679
4760001 10.767
4770001 10.7146
4780001 10.7222
4790001 10.6773
4800001 10.5975
4810001 10.7998
4820001 10.4481
4830001 10.7668
4840001 10.7315
4850001 10.7191
4860001 10.5449
4870001 10.5585
4880001 10.6968
4890001 10.8349
4900001 10.8894
4910001 10.7027
4920001 10.7247
4930001 11.0103
4940001 10.45
4950001 10.7668
4960001 10.9281
4970001 10.5364
4980001 10.5366
4990001 10.9715
5000001 10.746
5010001 10.6502
5020001 10.6224
5030001 10.4318
5040001 10.7384
5050001 10.7645
5060001 10.6156
5070001 10.5608
5080001 10.4815
5090001 10.7174
5100001 10.7038
5110001 10.6908
5120001 10.4975
5130001 10.6581
5140001 10.8472
5150001 10.7411
5160001 10.8804
5170001 11.108
5180001 10.6079
5190001 10.5903
5200001 10.6208
5210001 10.7148
5220001 10.5423
5230001 10.6075
5240001 10.5305
5250001 10.7357
5260001 10.5642
5270001 10.5353
5280001 10.6492
5290001 10.684
5300001 10.7344
5310001 11.1944
5320001 10.8057
5330001 10.5381
5340001 10.4004
5350001 10.6338
5360001 10.7121
5370001 10.652
5380001 10.6559
5390001 10.5687
5400001 10.7285
5410001 10.769
5420001 10.7708
5430001 10.6164
5440001 10.6121
5450001 10.8142
5460001 10.6875
5470001 10.6765
5480001 10.8645
5490001 10.7145
5500001 10.727
5510001 10.7523
5520001 10.667
5530001 10.8896
5540001 10.8728
5550001 10.7612
5560001 11.061
5570001 11.0906
5580001 10.5842
5590001 10.613
5600001 10.7047
5610001 10.7134
5620001 10.7235
5630001 11.0301
5640001 10.6439
5650001 10.5432
5660001 10.6799
5670001 10.6241
5680001 10.6702
5690001 11.0483
5700001 10.7297
5710001 10.8752
5720001 10.5392
5730001 10.9509
5740001 10.5504
5750001 10.9612
5760001 10.8763
5770001 10.6255
5780001 10.6667
5790001 10.7177
5800001 10.9642
5810001 10.9313
5820001 10.8753
5830001 10.8795
5840001 11.1082
5850001 10.7836
5860001 10.6329
5870001 10.7591
5880001 10.891
5890001 10.9496
5900001 10.7162
5910001 10.998
5920001 10.8558
5930001 10.9529
5940001 10.8819
5950001 10.7037
5960001 10.8733
5970001 11.0053
5980001 10.5748
5990001 10.7122
6000001 10.8008
6010001 10.8856
6020001 10.6435
6030001 10.8063
6040001 10.8152
6050001 10.8818
6060001 10.5217
6070001 10.738
6080001 10.8947
6090001 10.7065
6100001 10.5467
6110001 10.6969
6120001 10.6166
6130001 10.551
6140001 10.8026
6150001 10.8309
6160001 10.6463
6170001 10.5981
6180001 10.839
6190001 10.6603
6200001 10.8993
6210001 10.7841
6220001 10.6663
6230001 10.5313
6240001 10.9633
6250001 10.9699
6260001 10.8412
6270001 10.6907
6280001 10.6952
6290001 10.6709
6300001 10.6519
6310001 10.8482
6320001 10.8676
6330001 10.632
6340001 10.588
6350001 10.651
6360001 10.5073
6370001 10.5163
6380001 10.9226
6390001 10.4902
6400001 10.7458
6410001 10.9034
6420001 10.7729
6430001 10.9699
6440001 10.9208
6450001 10.6608
6460001 10.7602
6470001 10.7688
6480001 10.5653
6490001 10.9131
6500001 10.8343
6510001 10.4122
6520001 10.3807
6530001 10.7923
6540001 10.8541
6550001 10.9219
6560001 10.6729
6570001 10.8373
6580001 10.4971
6590001 10.7516
6600001 10.7855
6610001 10.8538
6620001 10.5972
6630001 10.8208
6640001 10.8644
6650001 11.0263
6660001 10.556
6670001 10.7957
6680001 10.5779
6690001 10.7731
6700001 10.6226
6710001 10.9815
6720001 11.1061
6730001 10.8841
6740001 10.7761
6750001 11.0446
6760001 10.5375
6770001 10.6783
6780001 10.6382
6790001 10.7567
6800001 10.7509
6810001 10.6498
6820001 10.5394
6830001 10.8073
6840001 10.7741
6850001 11.0236
6860001 10.7806
6870001 10.9243
6880001 10.887
6890001 10.9937
6900001 10.8657
6910001 10.796
6920001 10.7233
6930001 10.5436
6940001 10.5986
6950001 10.587
6960001 10.6808
6970001 11.0429
6980001 10.8848
6990001 10.7156
7000001 10.7108
7010001 10.7542
7020001 10.5752
7030001 10.689
7040001 10.6103
7050001 10.603
7060001 10.4939
7070001 10.5658
7080001 10.7559
7090001 10.9542
7100001 10.7289
7110001 10.8938
7120001 10.6563
7130001 10.8322
7140001 10.6341
7150001 10.7853
7160001 10.8964
7170001 10.8076
7180001 10.4904
7190001 10.6533
7200001 10.6902
7210001 10.7063
7220001 11.5754
7230001 11.025
7240001 10.9207
7250001 10.7107
7260001 10.7577
7270001 10.7381
7280001 11.017
7290001 10.5034
7300001 10.7411
7310001 10.8327
7320001 11.1222
7330001 10.6532
7340001 11.0694
7350001 10.8505
7360001 10.8743
7370001 10.678
7380001 10.5396
7390001 10.8108
7400001 10.6992
7410001 10.9641
7420001 10.8629
7430001 10.583
7440001 10.7938
7450001 10.5872
7460001 10.5045
7470001 10.9301
7480001 10.8611
7490001 10.9364
7500001 10.9007
7510001 10.8282
7520001 10.5505
7530001 11.1358
7540001 10.7246
7550001 10.8339
7560001 10.5584
7570001 10.5615
7580001 10.7952
7590001 10.8065
7600001 11.1087
7610001 10.6059
7620001 10.7425
7630001 10.9666
7640001 10.8923
7650001 10.9862
7660001 10.5115
7670001 10.7331
7680001 11.1523
7690001 10.7613
7700001 10.6463
7710001 10.5377
7720001 10.8009
7730001 11.0123
7740001 10.4582
7750001 10.3912
7760001 10.8893
7770001 10.6537
7780001 10.8003
7790001 11.0836
7800001 10.772
7810001 10.5174
7820001 10.8451
7830001 10.637
7840001 10.466
7850001 10.9811
7860001 10.8617
7870001 10.6804
7880001 10.6563
7890001 10.5537
7900001 10.6961
7910001 10.3806
7920001 10.6859
7930001 10.7393
7940001 10.963
7950001 10.7493
7960001 10.4792
7970001 10.6072
7980001 10.7223
7990001 10.8069
8000001 10.5372
8010001 10.748
8020001 11.095
8030001 11.0961
8040001 10.7844
8050001 10.8351
8060001 10.9715
8070001 10.6545
8080001 10.8083
8090001 10.5066
8100001 10.7762
8110001 10.6646
8120001 10.8508
8130001 11.1449
8140001 10.7245
8150001 10.5979
8160001 10.9151
8170001 11.21
8180001 10.7491
8190001 10.8446
8200001 10.6057
8210001 10.591
8220001 10.9941
8230001 10.8891
8240001 10.6059
8250001 10.7794
8260001 10.77
8270001 10.5528
8280001 10.8588
8290001 10.7223
8300001 11.0183
8310001 10.7642
8320001 11.0915
8330001 10.8829
8340001 10.7312
8350001 10.6847
8360001 10.5467
8370001 10.8096
8380001 11.082
8390001 10.5263
8400001 10.6008
8410001 10.8208
8420001 10.9155
8430001 10.712
8440001 11.1754
8450001 10.5151
8460001 10.9311
8470001 10.619
8480001 10.9298
8490001 10.6417
8500001 10.5564
8510001 10.6907
8520001 10.6968
8530001 10.603
8540001 11.0049
8550001 10.5717
8560001 10.6893
8570001 10.6083
8580001 10.717
8590001 11.0355
8600001 10.8287
8610001 10.8126
8620001 10.2997
8630001 10.37
8640001 11.004
8650001 10.8923
8660001 10.5824
8670001 10.5629
8680001 10.89
8690001 10.4861
8700001 10.718
8710001 10.654
8720001 10.8445
8730001 11.3868
8740001 10.8209
8750001 10.9176
8760001 10.63
8770001 10.8822
8780001 10.7702
8790001 10.6211
8800001 10.9251
8810001 10.7221
8820001 11.0269
8830001 10.4224
8840001 10.7087
8850001 10.6375
8860001 10.694
8870001 10.8094
8880001 10.6142
8890001 10.5774
8900001 10.7052
8910001 10.8433
8920001 10.6759
8930001 10.69
8940001 10.8171
8950001 10.8606
8960001 10.6943
8970001 10.7766
8980001 10.719
8990001 10.4177
9000001 10.9099
9010001 10.7228
9020001 10.9012
9030001 10.7106
9040001 10.6553
9050001 10.6134
9060001 10.6904
9070001 10.5914
9080001 10.6854
9090001 10.5358
9100001 10.8123
9110001 10.741
9120001 10.9858
9130001 10.8937
9140001 10.655
9150001 10.6735
9160001 10.5854
9170001 10.5532
9180001 10.6279
9190001 10.7722
9200001 10.7965
9210001 10.7772
9220001 10.9022
9230001 10.8346
9240001 10.8197
9250001 10.8206
9260001 10.7236
9270001 10.8751
9280001 10.738
9290001 10.3804
9300001 10.6423
9310001 10.7004
9320001 10.7248
9330001 11.0486
9340001 10.9217
9350001 10.8416
9360001 10.8354
9370001 10.8205
9380001 10.6552
9390001 10.7906
9400001 10.9757
9410001 10.5862
9420001 10.6063
9430001 10.6845
9440001 10.8518
9450001 10.6588
9460001 10.7709
9470001 10.7522
9480001 10.8573
9490001 10.8192
9500001 10.8061
9510001 10.5182
9520001 10.5744
9530001 10.461
9540001 10.7217
9550001 11.1071
9560001 10.8404
9570001 10.614
9580001 10.7802
9590001 10.6278
9600001 10.9563
9610001 10.4898
9620001 10.6602
9630001 11.0436
9640001 10.8707
9650001 10.6451
9660001 10.7044
9670001 10.6172
9680001 10.5297
9690001 10.4525
9700001 10.6333
9710001 10.5825
9720001 10.8996
9730001 10.8433
9740001 10.7027
9750001 10.7176
9760001 10.77
9770001 10.699
9780001 10.906
9790001 10.7182
9800001 10.5028
9810001 11.1516
9820001 10.6849
9830001 10.7883
9840001 10.7619
9850001 10.6333
9860001 10.6262
9870001 10.6976
9880001 11.0132
9890001 10.6784
9900001 10.5103
9910001 10.5621
9920001 10.5139
9930001 10.5601
9940001 10.5501
9950001 10.6939
9960001 10.8208
9970001 10.8261
9980001 10.7555
9990001 10.574
