1 31.3181
10001 16.6888
20001 12.5072
30001 10.0805
40001 8.55427
50001 7.49901
60001 6.73667
70001 6.31304
80001 6.00791
90001 5.77894
100001 5.6193
110001 5.4914
120001 5.36128
130001 5.26711
140001 5.18765
150001 5.12376
160001 5.06687
170001 5.01189
180001 4.96278
190001 4.91487
200001 4.87318
210001 4.8325
220001 4.79441
230001 4.75572
240001 4.72201
250001 4.68907
260001 4.65739
270001 4.62646
280001 4.59657
290001 4.56909
300001 4.54314
310001 4.51766
320001 4.49546
330001 4.47231
340001 4.4488
350001 4.42492
360001 4.40175
370001 4.38119
380001 4.36031
390001 4.34048
400001 4.32014
410001 4.30058
420001 4.28397
430001 4.26502
440001 4.24752
450001 4.22965
460001 4.21251
470001 4.19689
480001 4.18066
490001 4.16566
500001 4.15101
510001 4.13694
520001 4.12254
530001 4.1079
540001 4.09433
550001 4.08109
560001 4.06831
570001 4.05598
580001 4.04358
590001 4.03084
600001 4.01927
610001 4.00775
620001 3.9958
630001 3.98372
640001 3.97198
650001 3.96103
660001 3.95007
670001 3.93923
680001 3.92928
690001 3.91826
700001 3.90818
710001 3.89851
720001 3.88889
730001 3.87978
740001 3.87022
750001 3.86097
760001 3.85199
770001 3.8431
780001 3.83381
790001 3.82512
800001 3.81713
810001 3.80857
820001 3.80006
830001 3.79135
840001 3.78328
850001 3.77547
860001 3.76731
870001 3.75979
880001 3.75228
890001 3.74478
900001 3.73725
910001 3.72971
920001 3.72288
930001 3.71563
940001 3.70811
950001 3.70127
960001 3.69396
970001 3.68681
980001 3.68002
990001 3.67354
1000001 3.66647
1010001 3.6601
1020001 3.65351
1030001 3.64718
1040001 3.64102
1050001 3.63438
1060001 3.62831
1070001 3.62195
1080001 3.61607
1090001 3.61043
1100001 3.60401
1110001 3.59838
1120001 3.59244
1130001 3.58667
1140001 3.58092
1150001 3.57489
1160001 3.56931
1170001 3.56352
1180001 3.55802
1190001 3.55216
1200001 3.54678
1210001 3.54152
1220001 3.53625
1230001 3.53133
1240001 3.52618
1250001 3.52145
1260001 3.5162
1270001 3.51128
1280001 3.50663
1290001 3.50103
1300001 3.49652
1310001 3.49244
1320001 3.48745
1330001 3.48247
1340001 3.47844
1350001 3.47377
1360001 3.46927
1370001 3.46425
1380001 3.45976
1390001 3.45482
1400001 3.45086
1410001 3.44622
1420001 3.44212
1430001 3.43743
1440001 3.43317
1450001 3.42911
1460001 3.42425
1470001 3.42047
1480001 3.41646
1490001 3.41206
1500001 3.40828
1510001 3.40409
1520001 3.39995
1530001 3.39621
1540001 3.39239
1550001 3.38862
1560001 3.38436
1570001 3.38058
1580001 3.37678
1590001 3.37238
1600001 3.36873
1610001 3.36508
1620001 3.36136
1630001 3.35806
1640001 3.35475
1650001 3.35045
1660001 3.34692
1670001 3.34298
1680001 3.33927
1690001 3.33577
1700001 3.33209
1710001 3.32862
1720001 3.32509
1730001 3.32137
1740001 3.31803
1750001 3.31449
1760001 3.31125
1770001 3.30806
1780001 3.30442
1790001 3.30117
1800001 3.29765
1810001 3.29404
1820001 3.29145
1830001 3.288
1840001 3.28495
1850001 3.28132
1860001 3.27825
1870001 3.27535
1880001 3.27207
1890001 3.26901
1900001 3.26581
1910001 3.26269
1920001 3.25943
1930001 3.25616
1940001 3.25321
1950001 3.24971
1960001 3.24656
1970001 3.24391
1980001 3.241
1990001 3.23811
2000001 3.23515
2010001 3.23231
2020001 3.22964
2030001 3.22673
2040001 3.22445
2050001 3.22166
2060001 3.21869
2070001 3.21566
2080001 3.21294
2090001 3.2101
2100001 3.2075
2110001 3.20477
2120001 3.20216
2130001 3.19933
2140001 3.19607
2150001 3.19355
2160001 3.19122
2170001 3.1881
2180001 3.18592
2190001 3.18344
2200001 3.18032
2210001 3.17783
2220001 3.17554
2230001 3.17274
2240001 3.17023
2250001 3.16733
2260001 3.16479
2270001 3.16236
2280001 3.16017
2290001 3.15793
2300001 3.15477
2310001 3.15226
2320001 3.14985
2330001 3.14775
2340001 3.14532
2350001 3.14261
2360001 3.13958
2370001 3.13731
2380001 3.13531
2390001 3.13253
2400001 3.13033
2410001 3.12796
2420001 3.12563
2430001 3.12357
2440001 3.12111
2450001 3.11843
2460001 3.11674
2470001 3.11428
2480001 3.11177
2490001 3.10981
2500001 3.10755
2510001 3.10543
2520001 3.1028
2530001 3.10061
2540001 3.09829
2550001 3.09612
2560001 3.09416
2570001 3.09202
2580001 3.09044
2590001 3.08799
2600001 3.08569
2610001 3.08324
2620001 3.08111
2630001 3.079
2640001 3.07673
2650001 3.07432
2660001 3.07222
2670001 3.07021
2680001 3.06811
2690001 3.06628
2700001 3.06405
2710001 3.06251
2720001 3.06038
2730001 3.05799
2740001 3.05555
2750001 3.05376
2760001 3.05208
2770001 3.04987
2780001 3.04783
2790001 3.0458
2800001 3.04374
2810001 3.04156
2820001 3.03972
2830001 3.03776
2840001 3.03621
2850001 3.0345
2860001 3.03272
2870001 3.03068
2880001 3.02847
2890001 3.02655
2900001 3.02506
2910001 3.02359
2920001 3.02135
2930001 3.01894
2940001 3.01699
2950001 3.01526
2960001 3.01332
2970001 3.01157
2980001 3.00936
2990001 3.00751
3000001 3.00561
3010001 3.00416
3020001 3.00177
3030001 2.99996
3040001 2.99819
3050001 2.99629
3060001 2.9948
3070001 2.99275
3080001 2.99087
3090001 2.98897
3100001 2.98773
3110001 2.98646
3120001 2.98453
3130001 2.98252
3140001 2.98046
3150001 2.97905
3160001 2.9775
3170001 2.97607
3180001 2.9742
3190001 2.97221
3200001 2.97072
3210001 2.96924
3220001 2.96756
3230001 2.96574
3240001 2.96412
3250001 2.96279
3260001 2.96121
3270001 2.95957
3280001 2.95777
3290001 2.9561
3300001 2.95378
3310001 2.95254
3320001 2.95089
3330001 2.9492
3340001 2.94732
3350001 2.94628
3360001 2.94482
3370001 2.94307
3380001 2.94093
3390001 2.93969
3400001 2.93806
3410001 2.93648
3420001 2.9348
3430001 2.93332
3440001 2.93166
3450001 2.92988
3460001 2.92863
3470001 2.9267
3480001 2.92503
3490001 2.92389
3500001 2.92216
3510001 2.92086
3520001 2.91927
3530001 2.91815
3540001 2.91653
3550001 2.91517
3560001 2.91362
3570001 2.91205
3580001 2.91031
3590001 2.90882
3600001 2.90768
3610001 2.90611
3620001 2.90443
3630001 2.90286
3640001 2.90155
3650001 2.90022
3660001 2.89841
3670001 2.89709
3680001 2.89576
3690001 2.89436
3700001 2.89285
3710001 2.89104
3720001 2.88972
3730001 2.88812
3740001 2.88697
3750001 2.88551
3760001 2.88403
3770001 2.88253
3780001 2.88127
3790001 2.87988
3800001 2.87851
3810001 2.87726
3820001 2.8756
3830001 2.87433
3840001 2.87318
3850001 2.87205
3860001 2.87058
3870001 2.86893
3880001 2.86757
3890001 2.86653
3900001 2.86537
3910001 2.86428
3920001 2.86273
3930001 2.86155
3940001 2.86019
3950001 2.85889
3960001 2.85754
3970001 2.85604
3980001 2.85493
3990001 2.85391
4000001 2.85226
4010001 2.85089
4020001 2.84948
4030001 2.84874
4040001 2.84725
4050001 2.84567
4060001 2.84432
4070001 2.8435
4080001 2.8422
4090001 2.8409
4100001 2.83951
4110001 2.83809
4120001 2.83682
4130001 2.83575
4140001 2.83491
4150001 2.83355
4160001 2.83256
4170001 2.83095
4180001 2.82971
4190001 2.82798
4200001 2.82652
4210001 2.82556
4220001 2.82435
4230001 2.82326
4240001 2.82205
4250001 2.82082
4260001 2.81942
4270001 2.81835
4280001 2.81726
4290001 2.81616
4300001 2.81517
4310001 2.81373
4320001 2.81258
4330001 2.81124
4340001 2.81006
4350001 2.80911
4360001 2.80782
4370001 2.80694
4380001 2.80581
4390001 2.80485
4400001 2.80292
4410001 2.80222
4420001 2.80083
4430001 2.79945
4440001 2.79788
4450001 2.79711
4460001 2.79535
4470001 2.79505
4480001 2.79395
4490001 2.79264
4500001 2.79179
4510001 2.79032
4520001 2.7887
4530001 2.78767
4540001 2.78646
4550001 2.7856
4560001 2.78476
4570001 2.78402
4580001 2.78282
4590001 2.78163
4600001 2.78086
4610001 2.7795
4620001 2.77827
4630001 2.77685
4640001 2.77576
4650001 2.77481
4660001 2.7736
4670001 2.77243
4680001 2.77142
4690001 2.77017
4700001 2.76913
4710001 2.76823
4720001 2.76705
4730001 2.76629
4740001 2.76532
4750001 2.7641
4760001 2.76288
4770001 2.76173
4780001 2.7606
4790001 2.75997
4800001 2.75883
4810001 2.75765
4820001 2.75652
4830001 2.75525
4840001 2.75443
4850001 2.75337
4860001 2.75243
4870001 2.75099
4880001 2.75055
4890001 2.74913
4900001 2.74848
4910001 2.74732
4920001 2.74634
4930001 2.74524
4940001 2.74445
4950001 2.74326
4960001 2.74215
4970001 2.7415
4980001 2.7401
4990001 2.73936
5000001 2.73795
5010001 2.73691
5020001 2.73577
5030001 2.73468
5040001 2.73394
5050001 2.73297
5060001 2.73218
5070001 2.73124
5080001 2.73044
5090001 2.72953
5100001 2.72875
5110001 2.72728
5120001 2.72636
5130001 2.72543
5140001 2.7247
5150001 2.72396
5160001 2.72251
5170001 2.72137
5180001 2.72016
5190001 2.71956
5200001 2.71848
5210001 2.71775
5220001 2.71686
5230001 2.71591
5240001 2.71474
5250001 2.71395
5260001 2.7131
5270001 2.71181
5280001 2.71136
5290001 2.71013
5300001 2.70901
5310001 2.70789
5320001 2.70734
5330001 2.70637
5340001 2.70558
5350001 2.7044
5360001 2.70323
5370001 2.70233
5380001 2.70138
5390001 2.7005
5400001 2.6998
5410001 2.69876
5420001 2.69787
5430001 2.69698
5440001 2.69595
5450001 2.69522
5460001 2.69441
5470001 2.69339
5480001 2.69242
5490001 2.69147
5500001 2.69103
5510001 2.69017
5520001 2.689
5530001 2.68873
5540001 2.68808
5550001 2.68662
5560001 2.68565
5570001 2.68468
5580001 2.68371
5590001 2.68309
5600001 2.68212
5610001 2.68134
5620001 2.68001
5630001 2.67938
5640001 2.67866
5650001 2.67815
5660001 2.67674
5670001 2.67647
5680001 2.67545
5690001 2.67495
5700001 2.67392
5710001 2.67283
5720001 2.67197
5730001 2.67125
5740001 2.67049
5750001 2.66978
5760001 2.66899
5770001 2.66767
5780001 2.66672
5790001 2.66603
5800001 2.6655
5810001 2.66461
5820001 2.66385
5830001 2.66305
5840001 2.66214
5850001 2.66167
5860001 2.66108
5870001 2.6604
5880001 2.65959
5890001 2.65881
5900001 2.65844
5910001 2.65705
5920001 2.65633
5930001 2.6552
5940001 2.65427
5950001 2.65394
5960001 2.65308
5970001 2.6523
5980001 2.65144
5990001 2.65079
6000001 2.64991
6010001 2.64897
6020001 2.64852
6030001 2.64711
6040001 2.64617
6050001 2.6455
6060001 2.64488
6070001 2.64427
6080001 2.64345
6090001 2.64288
6100001 2.6416
6110001 2.64126
6120001 2.64031
6130001 2.63923
6140001 2.63863
6150001 2.63788
6160001 2.63756
6170001 2.63671
6180001 2.63626
6190001 2.63543
6200001 2.6345
6210001 2.6336
6220001 2.63272
6230001 2.6319
6240001 2.6314
6250001 2.63045
6260001 2.62995
6270001 2.62911
6280001 2.62851
6290001 2.62787
6300001 2.62675
6310001 2.62573
6320001 2.62515
6330001 2.62444
6340001 2.62372
6350001 2.62307
6360001 2.62227
6370001 2.62106
6380001 2.62049
6390001 2.61977
6400001 2.61912
6410001 2.61831
6420001 2.61755
6430001 2.61698
6440001 2.61602
6450001 2.61523
6460001 2.61466
6470001 2.61381
6480001 2.61339
6490001 2.61294
6500001 2.61226
6510001 2.61142
6520001 2.61082
6530001 2.61054
6540001 2.60948
6550001 2.60855
6560001 2.60784
6570001 2.60742
6580001 2.60672
6590001 2.60595
6600001 2.60504
6610001 2.60446
6620001 2.60415
6630001 2.6032
6640001 2.60239
6650001 2.60156
6660001 2.60091
6670001 2.59956
6680001 2.59881
6690001 2.59865
6700001 2.59764
6710001 2.59725
6720001 2.59639
6730001 2.5956
6740001 2.59493
6750001 2.59424
6760001 2.59394
6770001 2.59316
6780001 2.59254
6790001 2.59142
6800001 2.59102
6810001 2.59002
6820001 2.58943
6830001 2.58906
6840001 2.58847
6850001 2.58776
6860001 2.58709
6870001 2.58648
6880001 2.58561
6890001 2.585
6900001 2.58457
6910001 2.58376
6920001 2.58279
6930001 2.58265
6940001 2.58207
6950001 2.5815
6960001 2.58074
6970001 2.57982
6980001 2.57915
6990001 2.57851
7000001 2.57774
7010001 2.57704
7020001 2.57652
7030001 2.57582
7040001 2.57508
7050001 2.57438
7060001 2.57365
7070001 2.57303
7080001 2.57228
7090001 2.57165
7100001 2.57117
7110001 2.57006
7120001 2.56956
7130001 2.56885
7140001 2.56817
7150001 2.56761
7160001 2.56714
7170001 2.56687
7180001 2.56587
7190001 2.56513
7200001 2.56452
7210001 2.56401
7220001 2.5631
7230001 2.56266
7240001 2.56192
7250001 2.5615
7260001 2.56106
7270001 2.56016
7280001 2.55981
7290001 2.55904
7300001 2.55837
7310001 2.55765
7320001 2.55698
7330001 2.55638
7340001 2.5558
7350001 2.55515
7360001 2.55458
7370001 2.55407
7380001 2.55346
7390001 2.55279
7400001 2.55181
7410001 2.55116
7420001 2.55075
7430001 2.54994
7440001 2.54963
7450001 2.54941
7460001 2.54857
7470001 2.54807
7480001 2.54744
7490001 2.54692
7500001 2.54634
7510001 2.54538
7520001 2.54478
7530001 2.54431
7540001 2.54384
7550001 2.54332
7560001 2.54249
7570001 2.54211
7580001 2.54116
7590001 2.54087
7600001 2.5405
7610001 2.5397
7620001 2.53907
7630001 2.53854
7640001 2.53798
7650001 2.53694
7660001 2.53666
7670001 2.5364
7680001 2.53596
7690001 2.53559
7700001 2.53449
7710001 2.53421
7720001 2.53341
7730001 2.53322
7740001 2.53213
7750001 2.53165
7760001 2.53091
7770001 2.53022
7780001 2.53007
7790001 2.52948
7800001 2.52922
7810001 2.52882
7820001 2.52798
7830001 2.52722
7840001 2.52653
7850001 2.52658
7860001 2.52555
7870001 2.52468
7880001 2.52416
7890001 2.52346
7900001 2.52283
7910001 2.52232
7920001 2.52184
7930001 2.52141
7940001 2.52072
7950001 2.52014
7960001 2.51978
7970001 2.51938
7980001 2.51856
7990001 2.51749
8000001 2.51754
8010001 2.51688
8020001 2.51636
8030001 2.5157
8040001 2.51523
8050001 2.51483
8060001 2.51421
8070001 2.51373
8080001 2.51283
8090001 2.51198
8100001 2.51173
8110001 2.51121
8120001 2.51066
8130001 2.51006
8140001 2.51008
8150001 2.50961
8160001 2.50864
8170001 2.50827
8180001 2.5077
8190001 2.50708
8200001 2.50658
8210001 2.50622
8220001 2.50523
8230001 2.50498
8240001 2.50427
8250001 2.5038
8260001 2.50338
8270001 2.50272
8280001 2.50222
8290001 2.50143
8300001 2.50119
8310001 2.50107
8320001 2.50058
8330001 2.50016
8340001 2.49963
8350001 2.49904
8360001 2.49881
8370001 2.49797
8380001 2.49769
8390001 2.49742
8400001 2.49701
8410001 2.49626
8420001 2.49589
8430001 2.4951
8440001 2.49526
8450001 2.49492
8460001 2.49435
8470001 2.49327
8480001 2.49304
8490001 2.49212
8500001 2.49182
8510001 2.49109
8520001 2.49056
8530001 2.49019
8540001 2.48961
8550001 2.48905
8560001 2.48892
8570001 2.48836
8580001 2.48766
8590001 2.48745
8600001 2.48679
8610001 2.48629
8620001 2.48561
8630001 2.48501
8640001 2.48462
8650001 2.48407
8660001 2.48347
8670001 2.48282
8680001 2.48242
8690001 2.48193
8700001 2.48164
8710001 2.4812
8720001 2.48087
8730001 2.4802
8740001 2.47992
8750001 2.47926
8760001 2.4786
8770001 2.47851
8780001 2.47814
8790001 2.47747
8800001 2.47721
8810001 2.4767
8820001 2.47583
8830001 2.47531
8840001 2.47483
8850001 2.47447
8860001 2.47405
8870001 2.47346
8880001 2.47289
8890001 2.47233
8900001 2.47215
8910001 2.47145
8920001 2.47091
8930001 2.47051
8940001 2.47043
8950001 2.47004
8960001 2.4697
8970001 2.46875
8980001 2.46847
8990001 2.46815
9000001 2.46768
9010001 2.46685
9020001 2.46679
9030001 2.46607
9040001 2.46596
9050001 2.46513
9060001 2.46481
9070001 2.46465
9080001 2.4639
9090001 2.46345
9100001 2.46285
9110001 2.46237
9120001 2.46247
9130001 2.46186
9140001 2.46099
9150001 2.46072
9160001 2.46014
9170001 2.45945
9180001 2.45904
9190001 2.45868
9200001 2.45848
9210001 2.45807
9220001 2.45796
9230001 2.4572
9240001 2.45715
9250001 2.45622
9260001 2.45578
9270001 2.45559
9280001 2.45495
9290001 2.45444
9300001 2.45413
9310001 2.45379
9320001 2.45305
9330001 2.45248
9340001 2.45226
9350001 2.45206
9360001 2.45146
9370001 2.45123
9380001 2.45078
9390001 2.45027
9400001 2.44965
9410001 2.44916
9420001 2.44905
9430001 2.44821
9440001 2.44782
9450001 2.44737
9460001 2.44711
9470001 2.44666
9480001 2.44606
9490001 2.44552
9500001 2.44556
9510001 2.44451
9520001 2.44394
9530001 2.44399
9540001 2.44359
9550001 2.44303
9560001 2.4421
9570001 2.44165
9580001 2.44147
9590001 2.44085
9600001 2.44036
9610001 2.44018
9620001 2.43944
9630001 2.43918
9640001 2.43874
9650001 2.43806
9660001 2.43807
9670001 2.43745
9680001 2.43714
9690001 2.43615
9700001 2.43569
9710001 2.43535
9720001 2.43509
9730001 2.43502
9740001 2.43443
9750001 2.43414
9760001 2.43374
9770001 2.43312
9780001 2.43261
9790001 2.43204
9800001 2.43206
9810001 2.43162
9820001 2.43091
9830001 2.43087
9840001 2.43015
9850001 2.42984
9860001 2.4294
9870001 2.42894
9880001 2.42865
9890001 2.4285
9900001 2.4279
9910001 2.42732
9920001 2.42702
9930001 2.42625
9940001 2.42551
9950001 2.4253
9960001 2.42485
9970001 2.42499
9980001 2.4245
9990001 2.42443
