1 15.8474
10001 4.90226
20001 3.01133
30001 2.28575
40001 1.88563
50001 1.61943
60001 1.42891
70001 1.28094
80001 1.16096
90001 1.0658
100001 0.985656
110001 0.91587
120001 0.859319
130001 0.809348
140001 0.767621
150001 0.725763
160001 0.690653
170001 0.668307
180001 0.639818
190001 0.612848
200001 0.592797
210001 0.573698
220001 0.55271
230001 0.538007
240001 0.519315
250001 0.507096
260001 0.48918
270001 0.482194
280001 0.47237
290001 0.460968
300001 0.451198
310001 0.441798
320001 0.44034
330001 0.432324
340001 0.42344
350001 0.41684
360001 0.412246
370001 0.405601
380001 0.399833
390001 0.394759
400001 0.393561
410001 0.382943
420001 0.378211
430001 0.378639
440001 0.374341
450001 0.369253
460001 0.36886
470001 0.361749
480001 0.36017
490001 0.350521
500001 0.352526
510001 0.348564
520001 0.343031
530001 0.340491
540001 0.342237
550001 0.345293
560001 0.334937
570001 0.32812
580001 0.324182
590001 0.325224
600001 0.322849
610001 0.323648
620001 0.324702
630001 0.322723
640001 0.325043
650001 0.318271
660001 0.319288
670001 0.320647
680001 0.315899
690001 0.309332
700001 0.30666
710001 0.312963
720001 0.30619
730001 0.296847
740001 0.298531
750001 0.296115
760001 0.300415
770001 0.301713
780001 0.301507
790001 0.298489
800001 0.292722
810001 0.295366
820001 0.294282
830001 0.291602
840001 0.289702
850001 0.28895
860001 0.28667
870001 0.28579
880001 0.292876
890001 0.281552
900001 0.286617
910001 0.282387
920001 0.289052
930001 0.283443
940001 0.289871
950001 0.284093
960001 0.279958
970001 0.272594
980001 0.275426
990001 0.269358
1000001 0.281601
1010001 0.28134
1020001 0.277096
1030001 0.283031
1040001 0.279615
1050001 0.286144
1060001 0.278992
1070001 0.27929
1080001 0.275908
1090001 0.276446
1100001 0.27865
1110001 0.269282
1120001 0.275271
1130001 0.275062
1140001 0.276548
1150001 0.271364
1160001 0.271079
1170001 0.27783
1180001 0.271502
1190001 0.277847
1200001 0.277681
1210001 0.274083
1220001 0.277943
1230001 0.274654
1240001 0.281528
1250001 0.280341
1260001 0.274193
1270001 0.274661
1280001 0.270107
1290001 0.274887
1300001 0.270031
1310001 0.270077
1320001 0.272175
1330001 0.269804
1340001 0.27849
1350001 0.273951
1360001 0.268432
1370001 0.279272
1380001 0.280705
1390001 0.279124
1400001 0.272445
1410001 0.265551
1420001 0.266714
1430001 0.271273
1440001 0.266863
1450001 0.263277
1460001 0.267173
1470001 0.266845
1480001 0.274025
1490001 0.273879
1500001 0.268629
1510001 0.269812
1520001 0.269092
1530001 0.264515
1540001 0.260914
1550001 0.259675
1560001 0.268367
1570001 0.273683
1580001 0.263073
1590001 0.262969
1600001 0.266055
1610001 0.260574
1620001 0.254849
1630001 0.257234
1640001 0.262856
1650001 0.26305
1660001 0.260871
1670001 0.26011
1680001 0.257652
1690001 0.261817
1700001 0.261813
1710001 0.263061
1720001 0.2779
1730001 0.260765
1740001 0.26764
1750001 0.263538
1760001 0.262169
1770001 0.264659
1780001 0.269466
1790001 0.260213
1800001 0.255496
1810001 0.264208
1820001 0.26621
1830001 0.264362
1840001 0.264938
1850001 0.259074
1860001 0.269742
1870001 0.268092
1880001 0.270208
1890001 0.274755
1900001 0.274852
1910001 0.264424
1920001 0.262303
1930001 0.263787
1940001 0.267793
1950001 0.262011
1960001 0.263039
1970001 0.267508
1980001 0.261188
1990001 0.265769
2000001 0.263951
2010001 0.267965
2020001 0.27421
2030001 0.261408
2040001 0.266108
2050001 0.265782
2060001 0.268537
2070001 0.266203
2080001 0.270697
2090001 0.27086
2100001 0.265998
2110001 0.269724
2120001 0.277331
2130001 0.27558
2140001 0.271434
2150001 0.261126
2160001 0.26185
2170001 0.269804
2180001 0.257525
2190001 0.262035
2200001 0.260483
2210001 0.259964
2220001 0.255109
2230001 0.265567
2240001 0.262226
2250001 0.258024
2260001 0.260751
2270001 0.256918
2280001 0.258533
2290001 0.263362
2300001 0.256429
2310001 0.256291
2320001 0.254965
2330001 0.255484
2340001 0.262489
2350001 0.26711
2360001 0.256544
2370001 0.259343
2380001 0.256754
2390001 0.255553
2400001 0.260839
2410001 0.251056
2420001 0.26341
2430001 0.260529
2440001 0.254923
2450001 0.26047
2460001 0.268786
2470001 0.260509
2480001 0.257949
2490001 0.263264
2500001 0.25971
2510001 0.263901
2520001 0.256372
2530001 0.255872
2540001 0.264374
2550001 0.267004
2560001 0.261475
2570001 0.26001
2580001 0.262816
2590001 0.260637
2600001 0.26206
2610001 0.256586
2620001 0.252423
2630001 0.256324
2640001 0.252175
2650001 0.260328
2660001 0.265985
2670001 0.259143
2680001 0.262797
2690001 0.260765
2700001 0.260646
2710001 0.256065
2720001 0.267282
2730001 0.267103
2740001 0.26657
2750001 0.263995
2760001 0.264369
2770001 0.259108
2780001 0.259729
2790001 0.270243
2800001 0.261842
2810001 0.268393
2820001 0.261731
2830001 0.264466
2840001 0.273994
2850001 0.265653
2860001 0.2626
2870001 0.268178
2880001 0.262262
2890001 0.261145
2900001 0.264551
2910001 0.258134
2920001 0.254643
2930001 0.266019
2940001 0.26446
2950001 0.262284
2960001 0.26045
2970001 0.259596
2980001 0.255598
2990001 0.257967
3000001 0.252597
3010001 0.253628
3020001 0.250703
3030001 0.24595
3040001 0.257535
3050001 0.257041
3060001 0.254733
3070001 0.256571
3080001 0.261263
3090001 0.265201
3100001 0.259377
3110001 0.255865
3120001 0.262398
3130001 0.271907
3140001 0.26232
3150001 0.258957
3160001 0.258542
3170001 0.260576
3180001 0.263887
3190001 0.263563
3200001 0.259628
3210001 0.261373
3220001 0.266329
3230001 0.268294
3240001 0.260484
3250001 0.271206
3260001 0.264173
3270001 0.266688
3280001 0.268534
3290001 0.265073
3300001 0.269245
3310001 0.262789
3320001 0.26383
3330001 0.263696
3340001 0.259188
3350001 0.256075
3360001 0.268377
3370001 0.262469
3380001 0.264753
3390001 0.260731
3400001 0.262649
3410001 0.257632
3420001 0.253033
3430001 0.257885
3440001 0.258447
3450001 0.257699
3460001 0.250523
3470001 0.259094
3480001 0.264374
3490001 0.260961
3500001 0.265786
3510001 0.266199
3520001 0.268505
3530001 0.261539
3540001 0.257851
3550001 0.257617
3560001 0.261541
3570001 0.267899
3580001 0.265051
3590001 0.255657
3600001 0.252337
3610001 0.253484
3620001 0.255479
3630001 0.252775
3640001 0.258625
3650001 0.251238
3660001 0.261555
3670001 0.2483
3680001 0.250418
3690001 0.255565
3700001 0.262051
3710001 0.25983
3720001 0.258422
3730001 0.258103
3740001 0.254027
3750001 0.253119
3760001 0.26536
3770001 0.258002
3780001 0.257308
3790001 0.250631
3800001 0.252844
3810001 0.247151
3820001 0.257542
3830001 0.25275
3840001 0.25821
3850001 0.258355
3860001 0.251255
3870001 0.249305
3880001 0.254856
3890001 0.255804
3900001 0.246699
3910001 0.24965
3920001 0.254221
3930001 0.257438
3940001 0.255806
3950001 0.262212
3960001 0.2611
3970001 0.263543
3980001 0.255306
3990001 0.257557
4000001 0.256287
4010001 0.253257
4020001 0.256464
4030001 0.253583
4040001 0.260338
4050001 0.254581
4060001 0.25934
4070001 0.260665
4080001 0.257367
4090001 0.248246
4100001 0.24704
4110001 0.257421
4120001 0.26235
4130001 0.260779
4140001 0.251769
4150001 0.252155
4160001 0.259643
4170001 0.254895
4180001 0.257832
4190001 0.256359
4200001 0.251706
4210001 0.251749
4220001 0.254592
4230001 0.257898
4240001 0.261447
4250001 0.258741
4260001 0.259009
4270001 0.254408
4280001 0.256422
4290001 0.262047
4300001 0.261148
4310001 0.255668
4320001 0.257813
4330001 0.262902
4340001 0.254686
4350001 0.256605
4360001 0.251372
4370001 0.258905
4380001 0.255667
4390001 0.255917
4400001 0.25577
4410001 0.255837
4420001 0.249444
4430001 0.253683
4440001 0.254799
4450001 0.259435
4460001 0.253103
4470001 0.258267
4480001 0.246736
4490001 0.25556
4500001 0.258045
4510001 0.258026
4520001 0.25381
4530001 0.255148
4540001 0.254547
4550001 0.255426
4560001 0.248604
4570001 0.255476
4580001 0.257694
4590001 0.252543
4600001 0.267324
4610001 0.257672
4620001 0.254533
4630001 0.253682
4640001 0.249494
4650001 0.259399
4660001 0.257318
4670001 0.257027
4680001 0.255772
4690001 0.261424
4700001 0.25947
4710001 0.255672
4720001 0.257016
4730001 0.258527
4740001 0.263464
4750001 0.258529
4760001 0.263303
4770001 0.261783
4780001 0.267979
4790001 0.257922
4800001 0.253106
4810001 0.260093
4820001 0.261527
4830001 0.26284
4840001 0.250705
4850001 0.256586
4860001 0.255788
4870001 0.254638
4880001 0.261732
4890001 0.258693
4900001 0.260477
4910001 0.264016
4920001 0.271586
4930001 0.265538
4940001 0.260995
4950001 0.261827
4960001 0.266368
4970001 0.259686
4980001 0.269129
4990001 0.26114
5000001 0.259691
5010001 0.255435
5020001 0.254351
5030001 0.256732
5040001 0.260289
5050001 0.258525
5060001 0.256341
5070001 0.26046
5080001 0.259987
5090001 0.25446
5100001 0.260002
5110001 0.257875
5120001 0.261016
5130001 0.255695
5140001 0.257829
5150001 0.256075
5160001 0.255697
5170001 0.264432
5180001 0.267129
5190001 0.260666
5200001 0.263364
5210001 0.262581
5220001 0.264575
5230001 0.267023
5240001 0.256205
5250001 0.257454
5260001 0.256727
5270001 0.254738
5280001 0.262742
5290001 0.265891
5300001 0.264123
5310001 0.260159
5320001 0.264392
5330001 0.259196
5340001 0.26195
5350001 0.261079
5360001 0.261015
5370001 0.260918
5380001 0.261377
5390001 0.264173
5400001 0.260189
5410001 0.260837
5420001 0.268396
5430001 0.25905
5440001 0.261042
5450001 0.259222
5460001 0.258275
5470001 0.262498
5480001 0.263398
5490001 0.255038
5500001 0.25611
5510001 0.255159
5520001 0.258829
5530001 0.250139
5540001 0.258929
5550001 0.264107
5560001 0.25565
5570001 0.260262
5580001 0.256392
5590001 0.251332
5600001 0.258879
5610001 0.257625
5620001 0.265457
5630001 0.259212
5640001 0.254908
5650001 0.248984
5660001 0.252636
5670001 0.255261
5680001 0.259305
5690001 0.258054
5700001 0.255444
5710001 0.259629
5720001 0.257127
5730001 0.253927
5740001 0.253102
5750001 0.258284
5760001 0.262197
5770001 0.260028
5780001 0.259815
5790001 0.260145
5800001 0.26391
5810001 0.267407
5820001 0.268235
5830001 0.263116
5840001 0.257027
5850001 0.25492
5860001 0.263205
5870001 0.261232
5880001 0.260109
5890001 0.256944
5900001 0.263533
5910001 0.261592
5920001 0.254603
5930001 0.254775
5940001 0.265086
5950001 0.251294
5960001 0.254868
5970001 0.262513
5980001 0.258714
5990001 0.264144
6000001 0.259832
6010001 0.259373
6020001 0.269471
6030001 0.265757
6040001 0.260382
6050001 0.255608
6060001 0.258456
6070001 0.256664
6080001 0.259782
6090001 0.25709
6100001 0.255496
6110001 0.264108
6120001 0.256649
6130001 0.263412
6140001 0.253604
6150001 0.261922
6160001 0.263145
6170001 0.265422
6180001 0.267698
6190001 0.265209
6200001 0.267351
6210001 0.260539
6220001 0.261557
6230001 0.255727
6240001 0.258389
6250001 0.252759
6260001 0.262509
6270001 0.267112
6280001 0.25729
6290001 0.260412
6300001 0.258394
6310001 0.258592
6320001 0.262105
6330001 0.25531
6340001 0.26353
6350001 0.260136
6360001 0.252374
6370001 0.263747
6380001 0.258194
6390001 0.254494
6400001 0.263214
6410001 0.258013
6420001 0.252689
6430001 0.257481
6440001 0.262187
6450001 0.263142
6460001 0.256796
6470001 0.253826
6480001 0.255792
6490001 0.25912
6500001 0.251353
6510001 0.260535
6520001 0.258967
6530001 0.255954
6540001 0.26229
6550001 0.257859
6560001 0.254808
6570001 0.255161
6580001 0.25826
6590001 0.262706
6600001 0.261553
6610001 0.265945
6620001 0.250194
6630001 0.251961
6640001 0.252728
6650001 0.254624
6660001 0.255243
6670001 0.254883
6680001 0.255576
6690001 0.261163
6700001 0.262662
6710001 0.263394
6720001 0.266867
6730001 0.270195
6740001 0.268355
6750001 0.261479
6760001 0.261207
6770001 0.256049
6780001 0.260522
6790001 0.261938
6800001 0.255225
6810001 0.257536
6820001 0.261665
6830001 0.25457
6840001 0.254979
6850001 0.246117
6860001 0.260951
6870001 0.251773
6880001 0.256825
6890001 0.261688
6900001 0.259686
6910001 0.248242
6920001 0.261264
6930001 0.255426
6940001 0.256738
6950001 0.265317
6960001 0.258617
6970001 0.260423
6980001 0.26095
6990001 0.257879
7000001 0.267268
7010001 0.256027
7020001 0.257777
7030001 0.260066
7040001 0.250531
7050001 0.25274
7060001 0.258767
7070001 0.251576
7080001 0.264388
7090001 0.255957
7100001 0.25602
7110001 0.261201
7120001 0.262483
7130001 0.252283
7140001 0.263115
7150001 0.262495
7160001 0.267785
7170001 0.262758
7180001 0.257638
7190001 0.259672
7200001 0.255996
7210001 0.270504
7220001 0.261811
7230001 0.261239
7240001 0.263452
7250001 0.25773
7260001 0.256905
7270001 0.259846
7280001 0.257668
7290001 0.264418
7300001 0.269091
7310001 0.264634
7320001 0.263496
7330001 0.260192
7340001 0.261918
7350001 0.261436
7360001 0.26481
7370001 0.26899
7380001 0.259886
7390001 0.25786
7400001 0.266408
7410001 0.265887
7420001 0.267191
7430001 0.262049
7440001 0.265556
7450001 0.269246
7460001 0.263883
7470001 0.270549
7480001 0.260156
7490001 0.26896
7500001 0.262403
7510001 0.269138
7520001 0.257187
7530001 0.260281
7540001 0.264427
7550001 0.266498
7560001 0.263064
7570001 0.260892
7580001 0.264806
7590001 0.26686
7600001 0.267157
7610001 0.26359
7620001 0.262498
7630001 0.270125
7640001 0.265851
7650001 0.265968
7660001 0.260314
7670001 0.258291
7680001 0.265664
7690001 0.261427
7700001 0.263674
7710001 0.267945
7720001 0.265965
7730001 0.264559
7740001 0.25715
7750001 0.257075
7760001 0.26437
7770001 0.261861
7780001 0.261307
7790001 0.259792
7800001 0.261094
7810001 0.259776
7820001 0.259541
7830001 0.258428
7840001 0.253554
7850001 0.262302
7860001 0.252587
7870001 0.263733
7880001 0.25901
7890001 0.256109
7900001 0.258643
7910001 0.263955
7920001 0.259022
7930001 0.2567
7940001 0.263439
7950001 0.258478
7960001 0.26361
7970001 0.263598
7980001 0.253196
7990001 0.26199
8000001 0.270933
8010001 0.26538
8020001 0.265152
8030001 0.256292
8040001 0.262497
8050001 0.267292
8060001 0.262235
8070001 0.265516
8080001 0.259858
8090001 0.262417
8100001 0.26164
8110001 0.263926
8120001 0.264573
8130001 0.262455
8140001 0.257787
8150001 0.258678
8160001 0.25906
8170001 0.260915
8180001 0.265455
8190001 0.256565
8200001 0.257786
8210001 0.262002
8220001 0.258202
8230001 0.260597
8240001 0.25889
8250001 0.266263
8260001 0.268159
8270001 0.255907
8280001 0.262346
8290001 0.260537
8300001 0.268791
8310001 0.267786
8320001 0.261852
8330001 0.261257
8340001 0.266027
8350001 0.259295
8360001 0.251812
8370001 0.254495
8380001 0.266463
8390001 0.262822
8400001 0.263097
8410001 0.260973
8420001 0.265394
8430001 0.261143
8440001 0.264793
8450001 0.266118
8460001 0.266982
8470001 0.268634
8480001 0.270408
8490001 0.264281
8500001 0.262464
8510001 0.268629
8520001 0.265641
8530001 0.26576
8540001 0.271325
8550001 0.261862
8560001 0.25896
8570001 0.264289
8580001 0.267103
8590001 0.262766
8600001 0.270173
8610001 0.278054
8620001 0.264168
8630001 0.262075
8640001 0.262483
8650001 0.266642
8660001 0.257374
8670001 0.266054
8680001 0.261808
8690001 0.260387
8700001 0.25826
8710001 0.266912
8720001 0.268689
8730001 0.27131
8740001 0.262693
8750001 0.262698
8760001 0.261747
8770001 0.265209
8780001 0.263525
8790001 0.262658
8800001 0.266564
8810001 0.272459
8820001 0.26002
8830001 0.261293
8840001 0.2586
8850001 0.263388
8860001 0.268056
8870001 0.260905
8880001 0.272942
8890001 0.280206
8900001 0.268257
8910001 0.264767
8920001 0.261445
8930001 0.255738
8940001 0.254658
8950001 0.258559
8960001 0.257412
8970001 0.255908
8980001 0.261489
8990001 0.253613
9000001 0.251858
9010001 0.254025
9020001 0.261201
9030001 0.258968
9040001 0.254055
9050001 0.262293
9060001 0.257709
9070001 0.249316
9080001 0.255407
9090001 0.259953
9100001 0.258846
9110001 0.256128
9120001 0.259375
9130001 0.260886
9140001 0.264983
9150001 0.261746
9160001 0.252438
9170001 0.252289
9180001 0.25295
9190001 0.263324
9200001 0.252183
9210001 0.255855
9220001 0.254684
9230001 0.259915
9240001 0.256589
9250001 0.263186
9260001 0.265858
9270001 0.26273
9280001 0.254083
9290001 0.260827
9300001 0.262789
9310001 0.265803
9320001 0.258565
9330001 0.260286
9340001 0.262313
9350001 0.255504
9360001 0.263076
9370001 0.258934
9380001 0.255269
9390001 0.257062
9400001 0.260271
9410001 0.255405
9420001 0.264584
9430001 0.260883
9440001 0.260957
9450001 0.255318
9460001 0.2577
9470001 0.261369
9480001 0.259842
9490001 0.261169
9500001 0.259414
9510001 0.262231
9520001 0.266891
9530001 0.267431
9540001 0.256013
9550001 0.262019
9560001 0.25889
9570001 0.259351
9580001 0.260107
9590001 0.254274
9600001 0.259015
9610001 0.262315
9620001 0.261206
9630001 0.262412
9640001 0.256262
9650001 0.254446
9660001 0.263562
9670001 0.271246
9680001 0.256932
9690001 0.261898
9700001 0.26419
9710001 0.263548
9720001 0.258129
9730001 0.257909
9740001 0.251675
9750001 0.256593
9760001 0.259599
9770001 0.25692
9780001 0.258157
9790001 0.266612
9800001 0.25586
9810001 0.255161
9820001 0.26542
9830001 0.267153
9840001 0.261304
9850001 0.263013
9860001 0.258413
9870001 0.255492
9880001 0.254117
9890001 0.257319
9900001 0.262417
9910001 0.257678
9920001 0.257353
9930001 0.264081
9940001 0.259028
9950001 0.265958
9960001 0.26113
9970001 0.268181
9980001 0.257441
9990001 0.252542
10000001 0.253696
10010001 0.252996
10020001 0.25795
10030001 0.254008
10040001 0.259991
10050001 0.252854
10060001 0.258101
10070001 0.252837
10080001 0.251097
10090001 0.250894
10100001 0.258359
10110001 0.261785
10120001 0.264359
10130001 0.25691
10140001 0.254714
10150001 0.255987
10160001 0.253731
10170001 0.250221
10180001 0.25283
10190001 0.251463
10200001 0.265048
10210001 0.261133
10220001 0.257152
10230001 0.258073
10240001 0.265105
10250001 0.257414
10260001 0.262609
10270001 0.259157
10280001 0.265831
10290001 0.265716
10300001 0.263335
10310001 0.266176
10320001 0.270398
10330001 0.262633
10340001 0.261831
10350001 0.266756
10360001 0.265525
10370001 0.26694
10380001 0.272613
10390001 0.265254
10400001 0.270556
10410001 0.261689
10420001 0.268341
10430001 0.258119
10440001 0.26472
10450001 0.255331
10460001 0.261943
10470001 0.260983
10480001 0.261731
10490001 0.264103
10500001 0.261214
10510001 0.263159
10520001 0.257808
10530001 0.263895
10540001 0.258442
10550001 0.264095
10560001 0.266364
10570001 0.260091
10580001 0.262186
10590001 0.271804
10600001 0.276159
10610001 0.272678
10620001 0.261705
10630001 0.261365
10640001 0.272148
10650001 0.26705
10660001 0.268434
10670001 0.265148
10680001 0.265321
10690001 0.259241
10700001 0.265891
10710001 0.260137
10720001 0.254366
10730001 0.256437
10740001 0.256639
10750001 0.257002
10760001 0.266196
10770001 0.255441
10780001 0.261934
10790001 0.262938
10800001 0.259427
10810001 0.270104
10820001 0.261544
10830001 0.257141
10840001 0.254029
10850001 0.249919
10860001 0.259673
10870001 0.251952
10880001 0.251408
10890001 0.253693
10900001 0.256991
10910001 0.266968
10920001 0.262839
10930001 0.260817
10940001 0.268779
10950001 0.271502
10960001 0.263517
10970001 0.265333
10980001 0.259183
10990001 0.261304
11000001 0.255456
11010001 0.259076
11020001 0.257513
11030001 0.263059
11040001 0.263158
11050001 0.261155
11060001 0.25664
11070001 0.256709
11080001 0.257404
11090001 0.262617
11100001 0.258931
11110001 0.259197
11120001 0.263678
11130001 0.260744
11140001 0.256422
11150001 0.261395
11160001 0.259939
11170001 0.276217
11180001 0.261996
11190001 0.258882
11200001 0.25718
11210001 0.269908
11220001 0.268437
11230001 0.260355
11240001 0.258084
11250001 0.259956
11260001 0.26161
11270001 0.257946
11280001 0.258406
11290001 0.260214
11300001 0.265019
11310001 0.267235
11320001 0.257016
11330001 0.26115
11340001 0.266964
11350001 0.257364
11360001 0.258712
11370001 0.256337
11380001 0.258698
11390001 0.263695
11400001 0.259521
11410001 0.265444
11420001 0.264388
11430001 0.265527
11440001 0.255884
11450001 0.25323
11460001 0.255253
11470001 0.255121
11480001 0.253365
11490001 0.244575
11500001 0.258445
11510001 0.257667
11520001 0.256366
11530001 0.262302
11540001 0.261856
11550001 0.261895
11560001 0.251906
11570001 0.261342
11580001 0.257744
11590001 0.259364
11600001 0.265222
11610001 0.263524
11620001 0.26296
11630001 0.262097
11640001 0.27407
11650001 0.258324
11660001 0.257567
11670001 0.259893
11680001 0.27054
11690001 0.260803
11700001 0.263747
11710001 0.270929
11720001 0.264133
11730001 0.267644
11740001 0.260865
11750001 0.260137
11760001 0.267942
11770001 0.26494
11780001 0.26055
11790001 0.257095
11800001 0.259617
11810001 0.26055
11820001 0.257278
11830001 0.266534
11840001 0.270515
11850001 0.265469
11860001 0.258204
11870001 0.261402
11880001 0.267541
11890001 0.265043
11900001 0.26091
11910001 0.258681
11920001 0.25869
11930001 0.265264
11940001 0.258473
11950001 0.258965
11960001 0.265896
11970001 0.255307
11980001 0.259646
11990001 0.25632
12000001 0.260122
12010001 0.266736
12020001 0.266334
12030001 0.258512
12040001 0.266295
12050001 0.264047
12060001 0.259209
12070001 0.26368
12080001 0.257369
12090001 0.261764
12100001 0.26584
12110001 0.264076
12120001 0.263629
12130001 0.265027
12140001 0.262191
12150001 0.262062
12160001 0.256287
12170001 0.263494
12180001 0.255573
12190001 0.26104
12200001 0.264294
12210001 0.259696
12220001 0.256392
12230001 0.26103
12240001 0.269895
12250001 0.263974
12260001 0.262279
12270001 0.263915
12280001 0.262525
12290001 0.258926
12300001 0.27008
12310001 0.265378
12320001 0.262713
12330001 0.254324
12340001 0.258566
12350001 0.263912
12360001 0.269472
12370001 0.2588
12380001 0.259167
12390001 0.256104
12400001 0.264834
12410001 0.26595
12420001 0.268773
12430001 0.266497
12440001 0.262188
12450001 0.26645
12460001 0.260331
12470001 0.266032
12480001 0.262923
12490001 0.268066
12500001 0.26169
12510001 0.255779
12520001 0.254845
12530001 0.270452
12540001 0.266358
12550001 0.268351
12560001 0.260863
12570001 0.260534
12580001 0.265011
12590001 0.269834
12600001 0.263763
12610001 0.26038
12620001 0.263495
12630001 0.270343
12640001 0.264376
12650001 0.26567
12660001 0.268996
12670001 0.271989
12680001 0.269912
12690001 0.267541
12700001 0.264004
12710001 0.274449
12720001 0.268119
12730001 0.26518
12740001 0.267481
12750001 0.262363
12760001 0.271489
12770001 0.264556
12780001 0.264394
12790001 0.263084
12800001 0.262358
12810001 0.264954
12820001 0.267824
12830001 0.274136
12840001 0.25743
12850001 0.263583
12860001 0.261416
12870001 0.264582
12880001 0.264996
12890001 0.267773
12900001 0.268471
12910001 0.262299
12920001 0.258563
12930001 0.258035
12940001 0.261019
12950001 0.258157
12960001 0.259958
12970001 0.2539
12980001 0.263538
12990001 0.259473
13000001 0.264867
13010001 0.263132
13020001 0.270398
13030001 0.262597
13040001 0.261471
13050001 0.253066
13060001 0.264046
13070001 0.262713
13080001 0.265075
13090001 0.260036
13100001 0.254182
13110001 0.258608
13120001 0.257161
13130001 0.256227
13140001 0.258318
13150001 0.257215
13160001 0.259785
13170001 0.261075
13180001 0.261321
13190001 0.259568
13200001 0.254647
13210001 0.262992
13220001 0.265791
13230001 0.257499
13240001 0.259155
13250001 0.253333
13260001 0.267798
13270001 0.263489
13280001 0.259714
13290001 0.265295
13300001 0.264053
13310001 0.266489
13320001 0.264621
13330001 0.268426
13340001 0.263067
13350001 0.265044
13360001 0.260941
13370001 0.258273
13380001 0.255347
13390001 0.260592
13400001 0.266856
13410001 0.261035
13420001 0.257736
13430001 0.264887
13440001 0.255657
13450001 0.257969
13460001 0.261349
13470001 0.266028
13480001 0.260953
13490001 0.254234
13500001 0.263529
13510001 0.268115
13520001 0.268871
13530001 0.265256
13540001 0.27037
13550001 0.258037
13560001 0.271604
13570001 0.267854
13580001 0.264644
13590001 0.262174
13600001 0.264642
13610001 0.25991
13620001 0.261312
13630001 0.255963
13640001 0.261099
13650001 0.266089
13660001 0.266368
13670001 0.261173
13680001 0.269817
13690001 0.274762
13700001 0.26747
13710001 0.260912
13720001 0.259312
13730001 0.266076
13740001 0.26678
13750001 0.275123
13760001 0.270541
13770001 0.274376
13780001 0.26916
13790001 0.266557
13800001 0.266768
13810001 0.269841
13820001 0.270968
13830001 0.272619
13840001 0.266646
13850001 0.269655
13860001 0.274125
13870001 0.279999
13880001 0.274355
13890001 0.264034
13900001 0.274068
13910001 0.267751
13920001 0.273057
13930001 0.265432
13940001 0.26454
13950001 0.266406
13960001 0.262171
13970001 0.269833
13980001 0.264842
13990001 0.267487
14000001 0.268203
14010001 0.266456
14020001 0.26669
14030001 0.264099
14040001 0.272305
14050001 0.268943
14060001 0.272281
14070001 0.27143
14080001 0.270246
14090001 0.269667
14100001 0.266836
14110001 0.276475
14120001 0.270907
14130001 0.268728
14140001 0.26417
14150001 0.262922
14160001 0.267242
14170001 0.265565
14180001 0.267882
14190001 0.26571
14200001 0.261845
14210001 0.25865
14220001 0.266778
14230001 0.263373
14240001 0.265302
14250001 0.268016
14260001 0.271468
14270001 0.264493
14280001 0.264579
14290001 0.265602
14300001 0.262036
14310001 0.258023
14320001 0.263397
14330001 0.261984
14340001 0.260174
14350001 0.265919
14360001 0.269601
14370001 0.277308
14380001 0.267343
14390001 0.270744
14400001 0.266445
14410001 0.269103
14420001 0.270227
14430001 0.273044
14440001 0.265523
14450001 0.261742
14460001 0.263514
14470001 0.269643
14480001 0.269202
14490001 0.269623
14500001 0.264017
14510001 0.268873
14520001 0.27853
14530001 0.265769
14540001 0.265039
14550001 0.269665
14560001 0.266659
14570001 0.263663
14580001 0.269364
14590001 0.266809
14600001 0.267059
14610001 0.272357
14620001 0.276207
14630001 0.266241
14640001 0.27398
14650001 0.274608
14660001 0.271823
14670001 0.26445
14680001 0.272895
14690001 0.263093
14700001 0.263267
14710001 0.262422
14720001 0.261153
14730001 0.263935
14740001 0.26653
14750001 0.260889
14760001 0.258482
14770001 0.260198
14780001 0.269606
14790001 0.265831
14800001 0.267632
14810001 0.265695
14820001 0.267265
14830001 0.259888
14840001 0.26008
14850001 0.266899
14860001 0.264767
14870001 0.262935
14880001 0.263096
14890001 0.264031
14900001 0.26309
14910001 0.268139
14920001 0.268579
14930001 0.27231
14940001 0.26664
14950001 0.274862
14960001 0.268242
14970001 0.270744
14980001 0.258342
14990001 0.262987
15000001 0.269945
15010001 0.268256
15020001 0.273188
15030001 0.26693
15040001 0.263946
15050001 0.26164
15060001 0.266812
15070001 0.269426
15080001 0.26739
15090001 0.271877
15100001 0.268278
15110001 0.264358
15120001 0.2681
15130001 0.264122
15140001 0.267968
15150001 0.268649
15160001 0.265567
15170001 0.273825
15180001 0.264196
15190001 0.270315
15200001 0.267649
15210001 0.265457
15220001 0.262881
15230001 0.264227
15240001 0.268692
15250001 0.262575
15260001 0.262795
15270001 0.259896
15280001 0.263121
15290001 0.262778
15300001 0.262482
15310001 0.263845
15320001 0.264818
15330001 0.266753
15340001 0.257079
15350001 0.260235
15360001 0.260895
15370001 0.259061
15380001 0.271021
15390001 0.267141
15400001 0.264893
15410001 0.27365
15420001 0.272242
15430001 0.269337
15440001 0.271998
15450001 0.270923
15460001 0.2665
15470001 0.259297
15480001 0.266515
15490001 0.264383
15500001 0.264094
15510001 0.256352
15520001 0.260601
15530001 0.26754
15540001 0.267623
15550001 0.264584
15560001 0.272121
15570001 0.262499
15580001 0.268815
15590001 0.26347
15600001 0.265381
15610001 0.264067
15620001 0.262426
15630001 0.267155
15640001 0.264134
15650001 0.260311
15660001 0.259836
15670001 0.256098
15680001 0.261927
15690001 0.261132
15700001 0.26672
15710001 0.264862
15720001 0.260414
15730001 0.270079
15740001 0.267496
15750001 0.273261
15760001 0.272323
15770001 0.269385
15780001 0.267391
15790001 0.265779
15800001 0.256982
15810001 0.260554
15820001 0.261564
15830001 0.251796
15840001 0.256627
15850001 0.259412
15860001 0.257278
15870001 0.257116
15880001 0.257505
15890001 0.259257
15900001 0.265143
15910001 0.271237
15920001 0.27105
15930001 0.26788
15940001 0.268584
15950001 0.263233
15960001 0.255871
15970001 0.261861
15980001 0.264597
15990001 0.256967
16000001 0.258648
16010001 0.257988
16020001 0.25992
16030001 0.254532
16040001 0.257322
16050001 0.260766
16060001 0.257853
16070001 0.254088
16080001 0.254856
16090001 0.255321
16100001 0.25255
16110001 0.253083
16120001 0.257049
16130001 0.254628
16140001 0.261506
16150001 0.266546
16160001 0.260111
16170001 0.253485
16180001 0.257825
16190001 0.258017
16200001 0.261643
16210001 0.265963
16220001 0.27215
16230001 0.274461
16240001 0.263998
16250001 0.266094
16260001 0.259871
16270001 0.257401
16280001 0.262806
16290001 0.259799
16300001 0.26729
16310001 0.266318
16320001 0.262541
16330001 0.254473
16340001 0.264073
16350001 0.267858
16360001 0.265094
16370001 0.265479
16380001 0.263487
16390001 0.268406
16400001 0.261992
16410001 0.25947
16420001 0.259772
16430001 0.273837
16440001 0.264524
16450001 0.272648
16460001 0.272814
16470001 0.267066
16480001 0.259541
16490001 0.262039
16500001 0.261006
16510001 0.25354
16520001 0.260659
16530001 0.259165
16540001 0.265902
16550001 0.256867
16560001 0.255387
16570001 0.269075
16580001 0.264063
16590001 0.267223
16600001 0.268954
16610001 0.265741
16620001 0.263716
16630001 0.268781
16640001 0.25837
16650001 0.254497
16660001 0.26166
16670001 0.257138
16680001 0.263343
16690001 0.265504
16700001 0.262552
16710001 0.255611
16720001 0.255595
16730001 0.260904
16740001 0.263491
16750001 0.257972
16760001 0.256158
16770001 0.267826
16780001 0.260781
16790001 0.256735
16800001 0.258649
16810001 0.261939
16820001 0.257692
16830001 0.257644
16840001 0.252796
16850001 0.261249
16860001 0.26018
16870001 0.255256
16880001 0.265721
16890001 0.256882
16900001 0.264249
16910001 0.261903
16920001 0.267172
16930001 0.264615
16940001 0.270258
16950001 0.270802
16960001 0.270122
16970001 0.268365
16980001 0.269717
16990001 0.26765
17000001 0.264863
17010001 0.264048
17020001 0.255616
17030001 0.259153
17040001 0.261875
17050001 0.263747
17060001 0.26327
17070001 0.261066
17080001 0.262742
17090001 0.267103
17100001 0.260736
17110001 0.258275
17120001 0.274551
17130001 0.266422
17140001 0.259602
17150001 0.259771
17160001 0.261847
17170001 0.260085
17180001 0.26316
17190001 0.266005
17200001 0.270752
17210001 0.271514
17220001 0.259795
17230001 0.258522
17240001 0.259801
17250001 0.25607
17260001 0.262819
17270001 0.26355
17280001 0.26248
17290001 0.259037
17300001 0.264981
17310001 0.26131
17320001 0.27176
17330001 0.27664
17340001 0.273405
17350001 0.277559
17360001 0.273632
17370001 0.270873
17380001 0.280131
17390001 0.271406
17400001 0.276671
17410001 0.270873
17420001 0.27624
17430001 0.268408
17440001 0.267367
17450001 0.269161
17460001 0.261388
17470001 0.265498
17480001 0.26204
17490001 0.26405
17500001 0.265674
17510001 0.267723
17520001 0.265796
17530001 0.26588
17540001 0.264108
17550001 0.268515
17560001 0.265053
17570001 0.271127
17580001 0.273514
17590001 0.266889
17600001 0.270752
17610001 0.26338
17620001 0.264984
17630001 0.262071
17640001 0.264929
17650001 0.268275
17660001 0.264302
17670001 0.266701
17680001 0.263553
17690001 0.267615
17700001 0.259791
17710001 0.263162
17720001 0.266591
17730001 0.268382
17740001 0.276367
17750001 0.264831
17760001 0.266323
17770001 0.257588
17780001 0.264142
17790001 0.264565
17800001 0.267951
17810001 0.266179
17820001 0.266451
17830001 0.269837
17840001 0.281548
17850001 0.274899
17860001 0.261815
17870001 0.263944
17880001 0.272055
17890001 0.269583
17900001 0.263051
17910001 0.2704
17920001 0.260266
17930001 0.263244
17940001 0.263689
17950001 0.273665
17960001 0.271512
17970001 0.26976
17980001 0.271155
17990001 0.262511
18000001 0.267943
18010001 0.267824
18020001 0.263301
18030001 0.262542
18040001 0.261825
18050001 0.255773
18060001 0.258704
18070001 0.265345
18080001 0.257615
18090001 0.261669
18100001 0.257033
18110001 0.254857
18120001 0.258757
18130001 0.26254
18140001 0.261937
18150001 0.252902
18160001 0.269001
18170001 0.263016
18180001 0.267324
18190001 0.260566
18200001 0.260836
18210001 0.26584
18220001 0.260421
18230001 0.26144
18240001 0.268352
18250001 0.259576
18260001 0.262486
18270001 0.270562
18280001 0.269923
18290001 0.274669
18300001 0.271188
18310001 0.269496
18320001 0.269668
18330001 0.267786
18340001 0.269625
18350001 0.266558
18360001 0.269202
18370001 0.262005
18380001 0.262185
18390001 0.263337
18400001 0.267053
18410001 0.264571
18420001 0.266576
18430001 0.262598
18440001 0.261536
18450001 0.265197
18460001 0.271274
18470001 0.269126
18480001 0.265159
18490001 0.263116
18500001 0.261212
18510001 0.264411
18520001 0.273084
18530001 0.263677
18540001 0.263205
18550001 0.265567
18560001 0.268295
18570001 0.262986
18580001 0.26695
18590001 0.266886
18600001 0.271918
18610001 0.269322
18620001 0.26351
18630001 0.265009
18640001 0.261808
18650001 0.263026
18660001 0.264388
18670001 0.255633
18680001 0.263601
18690001 0.262029
18700001 0.26149
18710001 0.269913
18720001 0.262938
18730001 0.260842
18740001 0.263357
18750001 0.263922
18760001 0.263214
18770001 0.264086
18780001 0.258476
18790001 0.262775
18800001 0.266131
18810001 0.267513
18820001 0.260734
18830001 0.279704
18840001 0.269862
18850001 0.267939
18860001 0.263571
18870001 0.266539
18880001 0.268023
18890001 0.259611
18900001 0.267928
18910001 0.265868
18920001 0.268524
18930001 0.27099
18940001 0.271754
18950001 0.266641
18960001 0.271016
18970001 0.271304
18980001 0.273171
18990001 0.270003
19000001 0.271938
19010001 0.271501
19020001 0.27492
19030001 0.273743
19040001 0.266396
19050001 0.268741
19060001 0.266269
19070001 0.279879
19080001 0.270949
19090001 0.263379
19100001 0.263769
19110001 0.262757
19120001 0.267417
19130001 0.268532
19140001 0.267724
19150001 0.262531
19160001 0.269394
19170001 0.265628
19180001 0.259395
19190001 0.26212
19200001 0.268492
19210001 0.266864
19220001 0.260635
19230001 0.262963
19240001 0.266016
19250001 0.267998
19260001 0.267255
19270001 0.260253
19280001 0.266272
19290001 0.262725
19300001 0.261423
19310001 0.258294
19320001 0.259801
19330001 0.266063
19340001 0.266145
19350001 0.272552
19360001 0.270572
19370001 0.267456
19380001 0.273288
19390001 0.266747
19400001 0.264102
19410001 0.262424
19420001 0.268739
19430001 0.274853
19440001 0.265516
19450001 0.263992
19460001 0.267661
19470001 0.264263
19480001 0.261954
19490001 0.27249
19500001 0.266932
19510001 0.264248
19520001 0.259953
19530001 0.263773
19540001 0.266585
19550001 0.262632
19560001 0.269487
19570001 0.263332
19580001 0.25836
19590001 0.267766
19600001 0.258289
19610001 0.256211
19620001 0.258174
19630001 0.263802
19640001 0.258136
19650001 0.257998
19660001 0.270035
19670001 0.263949
19680001 0.270469
19690001 0.267264
19700001 0.267881
19710001 0.267452
19720001 0.267776
19730001 0.269331
19740001 0.27126
19750001 0.263305
19760001 0.265575
19770001 0.275472
19780001 0.269548
19790001 0.275761
19800001 0.268659
19810001 0.263852
19820001 0.266158
19830001 0.260927
19840001 0.258183
19850001 0.25686
19860001 0.258915
19870001 0.259689
19880001 0.270009
19890001 0.267382
19900001 0.26903
19910001 0.270962
19920001 0.269603
19930001 0.271887
19940001 0.268724
19950001 0.263663
19960001 0.256713
19970001 0.254211
19980001 0.257571
19990001 0.257026
20000001 0.262247
20010001 0.262551
20020001 0.264403
20030001 0.264362
20040001 0.258788
20050001 0.262603
20060001 0.264844
20070001 0.261007
20080001 0.269415
20090001 0.263211
20100001 0.261096
20110001 0.266106
20120001 0.263539
20130001 0.255558
20140001 0.252512
20150001 0.262791
20160001 0.259652
20170001 0.262572
20180001 0.267403
20190001 0.263265
20200001 0.266582
20210001 0.263108
20220001 0.263891
20230001 0.261154
20240001 0.255248
20250001 0.26968
20260001 0.264762
20270001 0.263223
20280001 0.258708
20290001 0.259373
20300001 0.273548
20310001 0.267504
20320001 0.266684
20330001 0.265708
20340001 0.263107
20350001 0.2626
20360001 0.260924
20370001 0.252991
20380001 0.264379
20390001 0.255668
20400001 0.265075
20410001 0.25845
20420001 0.260839
20430001 0.259484
20440001 0.259436
20450001 0.261364
20460001 0.26234
20470001 0.261188
20480001 0.263492
20490001 0.264767
20500001 0.255157
20510001 0.255479
20520001 0.254065
20530001 0.262223
20540001 0.255813
20550001 0.2605
20560001 0.257421
20570001 0.271446
20580001 0.261801
20590001 0.260967
20600001 0.260512
20610001 0.26087
20620001 0.259275
20630001 0.25896
20640001 0.259415
20650001 0.263707
20660001 0.259342
20670001 0.265615
20680001 0.261303
20690001 0.267007
20700001 0.258808
20710001 0.260187
20720001 0.264255
20730001 0.263509
20740001 0.261848
20750001 0.261617
20760001 0.257453
20770001 0.263522
20780001 0.265538
20790001 0.263817
20800001 0.271689
20810001 0.268131
20820001 0.265765
20830001 0.261531
20840001 0.270088
20850001 0.27002
20860001 0.270054
20870001 0.26493
20880001 0.272641
20890001 0.273692
20900001 0.267347
20910001 0.261136
20920001 0.269363
20930001 0.258911
20940001 0.26985
20950001 0.266046
20960001 0.272465
20970001 0.271151
20980001 0.263058
20990001 0.260357
21000001 0.26382
21010001 0.260335
21020001 0.263558
21030001 0.266262
21040001 0.267429
21050001 0.279926
21060001 0.269661
21070001 0.265309
21080001 0.267209
21090001 0.264885
21100001 0.260926
21110001 0.259659
21120001 0.268213
21130001 0.263158
21140001 0.266142
21150001 0.268502
21160001 0.267343
21170001 0.265007
21180001 0.259429
21190001 0.272051
21200001 0.260985
21210001 0.268125
21220001 0.265636
21230001 0.270295
21240001 0.265262
21250001 0.261226
21260001 0.267541
21270001 0.259451
21280001 0.262513
21290001 0.268526
21300001 0.275549
21310001 0.276565
21320001 0.270814
21330001 0.266788
21340001 0.26922
21350001 0.274656
21360001 0.26468
21370001 0.263856
21380001 0.265515
21390001 0.267148
21400001 0.255135
21410001 0.256591
21420001 0.263495
21430001 0.264294
21440001 0.263454
21450001 0.260734
21460001 0.269096
21470001 0.270295
21480001 0.263423
21490001 0.272672
21500001 0.268755
21510001 0.27269
21520001 0.271053
21530001 0.269941
21540001 0.262363
21550001 0.26735
21560001 0.270799
21570001 0.266621
21580001 0.271833
21590001 0.272725
21600001 0.269632
21610001 0.270192
21620001 0.269995
21630001 0.273226
21640001 0.28557
21650001 0.27328
21660001 0.270513
21670001 0.276141
21680001 0.27108
21690001 0.274576
21700001 0.275435
21710001 0.270126
21720001 0.266122
21730001 0.267535
21740001 0.268176
21750001 0.27044
21760001 0.261174
21770001 0.263598
21780001 0.274363
21790001 0.269223
21800001 0.259357
21810001 0.263613
21820001 0.26029
21830001 0.263092
21840001 0.269406
21850001 0.267474
21860001 0.269396
21870001 0.278991
21880001 0.273593
21890001 0.26639
21900001 0.275138
21910001 0.26267
21920001 0.268775
21930001 0.269375
21940001 0.26731
21950001 0.27144
21960001 0.264963
21970001 0.268558
21980001 0.277548
21990001 0.269648
22000001 0.26747
22010001 0.273076
22020001 0.270315
22030001 0.277024
22040001 0.268942
22050001 0.269237
22060001 0.264226
22070001 0.265549
22080001 0.268601
22090001 0.262535
22100001 0.264383
22110001 0.261239
22120001 0.260059
22130001 0.262695
22140001 0.26703
22150001 0.270961
22160001 0.267149
22170001 0.264605
22180001 0.266943
22190001 0.265245
22200001 0.26506
22210001 0.269766
22220001 0.26479
22230001 0.268732
22240001 0.267562
22250001 0.271616
22260001 0.270451
22270001 0.267702
22280001 0.269216
22290001 0.264307
22300001 0.266707
22310001 0.265106
22320001 0.26046
22330001 0.260716
22340001 0.265485
22350001 0.264381
22360001 0.260561
22370001 0.270716
22380001 0.270354
22390001 0.271135
22400001 0.269622
22410001 0.271127
22420001 0.277477
22430001 0.267429
22440001 0.266057
22450001 0.265959
22460001 0.269763
22470001 0.268848
22480001 0.260829
22490001 0.264854
22500001 0.261787
22510001 0.259387
22520001 0.255985
22530001 0.254319
22540001 0.269702
22550001 0.269168
22560001 0.264633
22570001 0.266604
22580001 0.264989
22590001 0.268821
22600001 0.267142
22610001 0.267017
22620001 0.262007
22630001 0.262804
22640001 0.265356
22650001 0.266532
22660001 0.265877
22670001 0.263846
22680001 0.262716
22690001 0.266536
22700001 0.262709
22710001 0.266495
22720001 0.268375
22730001 0.264026
22740001 0.267918
22750001 0.26069
22760001 0.262049
22770001 0.271303
22780001 0.265278
22790001 0.271813
22800001 0.259717
22810001 0.260712
22820001 0.259769
22830001 0.266586
22840001 0.259312
22850001 0.259452
22860001 0.254537
22870001 0.253833
22880001 0.261663
22890001 0.261677
22900001 0.260227
22910001 0.265318
22920001 0.260786
22930001 0.257246
22940001 0.262279
22950001 0.257478
22960001 0.2635
22970001 0.259721
22980001 0.259901
22990001 0.263417
23000001 0.257372
23010001 0.255119
23020001 0.251845
23030001 0.26233
23040001 0.264629
23050001 0.270364
23060001 0.259335
23070001 0.260054
23080001 0.25834
23090001 0.266156
23100001 0.272626
23110001 0.267791
23120001 0.266083
23130001 0.267908
23140001 0.263301
23150001 0.254557
23160001 0.262027
23170001 0.26211
23180001 0.266739
23190001 0.259844
23200001 0.262299
23210001 0.257978
23220001 0.263104
23230001 0.264624
23240001 0.264434
23250001 0.257919
23260001 0.264755
23270001 0.272909
23280001 0.267803
23290001 0.280905
23300001 0.267375
23310001 0.267691
23320001 0.268378
23330001 0.268569
23340001 0.261494
23350001 0.25898
23360001 0.26304
23370001 0.26544
23380001 0.26649
23390001 0.263696
23400001 0.266168
23410001 0.272349
23420001 0.265384
23430001 0.264005
23440001 0.268497
23450001 0.264441
23460001 0.267046
23470001 0.272027
23480001 0.26413
23490001 0.262413
23500001 0.266655
23510001 0.257974
23520001 0.259263
23530001 0.261888
23540001 0.269634
23550001 0.263269
23560001 0.26097
23570001 0.262698
23580001 0.263815
23590001 0.264528
23600001 0.262197
23610001 0.266699
23620001 0.262434
23630001 0.262928
23640001 0.259633
23650001 0.265447
23660001 0.264632
23670001 0.264852
23680001 0.266096
23690001 0.259477
23700001 0.26316
23710001 0.265048
23720001 0.275908
23730001 0.278135
23740001 0.267347
23750001 0.268389
23760001 0.264065
23770001 0.26995
23780001 0.267042
23790001 0.264261
23800001 0.265007
23810001 0.269672
23820001 0.26352
23830001 0.272524
23840001 0.264764
23850001 0.266858
23860001 0.266559
23870001 0.265762
23880001 0.26512
23890001 0.263468
23900001 0.267546
23910001 0.276256
23920001 0.26807
23930001 0.272903
23940001 0.271863
23950001 0.266468
23960001 0.275633
23970001 0.27509
23980001 0.270198
23990001 0.268206
24000001 0.269921
24010001 0.278445
24020001 0.271748
24030001 0.265418
24040001 0.26843
24050001 0.269243
24060001 0.265946
24070001 0.269361
24080001 0.268458
24090001 0.271671
24100001 0.272526
24110001 0.268189
24120001 0.269632
24130001 0.270923
24140001 0.262912
24150001 0.261431
24160001 0.269236
24170001 0.270915
24180001 0.264419
24190001 0.269317
24200001 0.271396
24210001 0.27672
24220001 0.269381
24230001 0.266434
24240001 0.267652
24250001 0.263556
24260001 0.267026
24270001 0.263546
24280001 0.263926
24290001 0.274039
24300001 0.265658
24310001 0.262338
24320001 0.26971
24330001 0.270135
24340001 0.267814
24350001 0.265464
24360001 0.26371
24370001 0.270844
24380001 0.267316
24390001 0.264708
24400001 0.268384
24410001 0.264298
24420001 0.264106
24430001 0.268353
24440001 0.26754
24450001 0.262295
24460001 0.270324
24470001 0.263321
24480001 0.261372
24490001 0.260572
24500001 0.26636
24510001 0.26704
24520001 0.263849
24530001 0.264767
24540001 0.2679
24550001 0.265499
24560001 0.266341
24570001 0.262669
24580001 0.266358
24590001 0.273046
24600001 0.268462
24610001 0.267171
24620001 0.270477
24630001 0.272677
24640001 0.270347
24650001 0.259046
24660001 0.267621
24670001 0.262779
24680001 0.273488
24690001 0.264535
24700001 0.26586
24710001 0.266232
24720001 0.261944
24730001 0.264696
24740001 0.265961
24750001 0.264347
24760001 0.259056
24770001 0.265323
24780001 0.262454
24790001 0.269551
24800001 0.261758
24810001 0.260547
24820001 0.273165
24830001 0.275696
24840001 0.265901
24850001 0.269212
24860001 0.265403
24870001 0.261648
24880001 0.278724
24890001 0.271426
24900001 0.26427
24910001 0.260263
24920001 0.264068
24930001 0.274336
24940001 0.262361
24950001 0.263646
24960001 0.262792
24970001 0.259602
24980001 0.263866
24990001 0.261441
25000001 0.257286
25010001 0.265227
25020001 0.263786
25030001 0.265857
25040001 0.266854
25050001 0.268574
25060001 0.260287
25070001 0.266565
25080001 0.273632
25090001 0.270045
25100001 0.271771
25110001 0.265477
25120001 0.268551
25130001 0.271428
25140001 0.267332
25150001 0.265473
25160001 0.27146
25170001 0.265948
25180001 0.269844
25190001 0.275583
25200001 0.270749
25210001 0.268304
25220001 0.27359
25230001 0.273868
25240001 0.272612
25250001 0.273822
25260001 0.271043
25270001 0.264093
25280001 0.270275
25290001 0.256062
25300001 0.2643
25310001 0.260734
25320001 0.256512
25330001 0.254494
25340001 0.264571
25350001 0.270657
25360001 0.265801
25370001 0.266883
25380001 0.265901
25390001 0.264956
25400001 0.260513
25410001 0.258716
25420001 0.264193
25430001 0.272962
25440001 0.26714
25450001 0.26781
25460001 0.270917
25470001 0.270344
25480001 0.265981
25490001 0.270172
25500001 0.26786
25510001 0.269129
25520001 0.257066
25530001 0.267974
25540001 0.262935
25550001 0.269492
25560001 0.272449
25570001 0.26691
25580001 0.27116
25590001 0.262028
25600001 0.269415
25610001 0.264804
25620001 0.267031
25630001 0.267681
25640001 0.267552
25650001 0.276081
25660001 0.269623
25670001 0.272795
25680001 0.269635
25690001 0.275327
25700001 0.264502
25710001 0.267703
25720001 0.272709
25730001 0.266573
25740001 0.267434
25750001 0.264884
25760001 0.271303
25770001 0.27189
25780001 0.275269
25790001 0.268404
25800001 0.263052
25810001 0.268042
25820001 0.263839
25830001 0.264966
25840001 0.266974
25850001 0.261838
25860001 0.267177
25870001 0.263102
25880001 0.261816
25890001 0.26515
25900001 0.264679
25910001 0.264998
25920001 0.265286
25930001 0.261336
25940001 0.274434
25950001 0.263943
25960001 0.273542
25970001 0.2823
25980001 0.269074
25990001 0.266765
26000001 0.267845
26010001 0.262807
26020001 0.271546
26030001 0.266183
26040001 0.263946
26050001 0.268093
26060001 0.269054
26070001 0.267184
26080001 0.262652
26090001 0.265582
26100001 0.269472
26110001 0.267203
26120001 0.26848
26130001 0.269237
26140001 0.262244
26150001 0.270485
26160001 0.272674
26170001 0.272195
26180001 0.267089
26190001 0.263657
26200001 0.261719
26210001 0.264024
26220001 0.27222
26230001 0.26389
26240001 0.266277
26250001 0.261614
26260001 0.268763
26270001 0.268868
26280001 0.268417
26290001 0.2707
26300001 0.266436
26310001 0.269779
26320001 0.269672
26330001 0.267556
26340001 0.260054
26350001 0.267876
26360001 0.272827
26370001 0.273281
26380001 0.264142
26390001 0.272352
26400001 0.267926
26410001 0.271062
26420001 0.265376
26430001 0.26582
26440001 0.269146
26450001 0.271537
26460001 0.258197
26470001 0.264205
26480001 0.26809
26490001 0.26326
26500001 0.263737
26510001 0.264429
26520001 0.264088
26530001 0.274037
26540001 0.2703
26550001 0.268297
26560001 0.262386
26570001 0.266475
26580001 0.271206
26590001 0.266151
26600001 0.270432
26610001 0.263027
26620001 0.265447
26630001 0.270137
26640001 0.273301
26650001 0.266235
26660001 0.267973
26670001 0.263921
26680001 0.264556
26690001 0.266104
26700001 0.266482
26710001 0.267391
26720001 0.270116
26730001 0.265342
26740001 0.26287
26750001 0.264016
26760001 0.265618
26770001 0.270557
26780001 0.267649
26790001 0.267334
26800001 0.268822
26810001 0.267889
26820001 0.261939
26830001 0.265367
26840001 0.274293
26850001 0.261229
26860001 0.268426
26870001 0.262945
26880001 0.273969
26890001 0.270141
26900001 0.268767
26910001 0.264368
26920001 0.265983
26930001 0.264438
26940001 0.258961
26950001 0.263441
26960001 0.260623
26970001 0.260766
26980001 0.261935
26990001 0.262208
27000001 0.261886
27010001 0.269736
27020001 0.264354
27030001 0.263048
27040001 0.266959
27050001 0.26933
27060001 0.260847
27070001 0.268187
27080001 0.262271
27090001 0.25846
27100001 0.262206
27110001 0.265209
27120001 0.264368
27130001 0.257492
27140001 0.268235
27150001 0.266822
27160001 0.260046
27170001 0.258558
27180001 0.258903
27190001 0.264333
27200001 0.269434
27210001 0.265432
27220001 0.258646
27230001 0.263953
27240001 0.264889
27250001 0.271034
27260001 0.272012
27270001 0.27359
27280001 0.267324
27290001 0.26878
27300001 0.271716
27310001 0.266603
27320001 0.269658
27330001 0.268673
27340001 0.270889
27350001 0.272688
27360001 0.268692
27370001 0.268049
27380001 0.260662
27390001 0.266413
27400001 0.266873
27410001 0.270882
27420001 0.276891
27430001 0.278997
27440001 0.27036
27450001 0.272266
27460001 0.265349
27470001 0.264833
27480001 0.261805
27490001 0.263256
27500001 0.263965
27510001 0.265885
27520001 0.259679
27530001 0.270357
27540001 0.263108
27550001 0.26259
27560001 0.277414
27570001 0.265432
27580001 0.267601
27590001 0.265141
27600001 0.263643
27610001 0.265284
27620001 0.267472
27630001 0.263484
27640001 0.270565
27650001 0.26748
27660001 0.261756
27670001 0.26566
27680001 0.269801
27690001 0.272036
27700001 0.264185
27710001 0.261743
27720001 0.265394
27730001 0.265599
27740001 0.263917
27750001 0.257744
27760001 0.268758
27770001 0.266999
27780001 0.269315
27790001 0.261233
27800001 0.262348
27810001 0.263753
27820001 0.261179
27830001 0.263599
27840001 0.258763
27850001 0.264499
27860001 0.261407
27870001 0.266467
27880001 0.266467
27890001 0.261081
27900001 0.267823
27910001 0.265813
27920001 0.261917
27930001 0.267208
27940001 0.26623
27950001 0.268934
27960001 0.261218
27970001 0.263466
27980001 0.267039
27990001 0.260569
28000001 0.262454
28010001 0.263025
28020001 0.274703
28030001 0.267514
28040001 0.270907
28050001 0.263348
28060001 0.25806
28070001 0.261495
28080001 0.258279
28090001 0.265349
28100001 0.265385
28110001 0.258964
28120001 0.256079
28130001 0.260117
28140001 0.261103
28150001 0.259845
28160001 0.264697
28170001 0.26039
28180001 0.259672
28190001 0.258633
28200001 0.268054
28210001 0.276482
28220001 0.268418
28230001 0.269254
28240001 0.269978
28250001 0.265396
28260001 0.260095
28270001 0.255679
28280001 0.270761
28290001 0.270528
28300001 0.265772
28310001 0.273036
28320001 0.276959
28330001 0.265456
28340001 0.273352
28350001 0.265435
28360001 0.262298
28370001 0.262971
28380001 0.262831
28390001 0.271854
28400001 0.264146
28410001 0.267225
28420001 0.267829
28430001 0.271694
28440001 0.274244
28450001 0.273737
28460001 0.260697
28470001 0.26631
28480001 0.268629
28490001 0.274011
28500001 0.268499
28510001 0.266639
28520001 0.269714
28530001 0.256657
28540001 0.263669
28550001 0.270905
28560001 0.267513
28570001 0.268064
28580001 0.267717
28590001 0.264543
28600001 0.262131
28610001 0.259456
28620001 0.266121
28630001 0.261569
28640001 0.258782
28650001 0.258656
28660001 0.260726
28670001 0.2681
28680001 0.264346
28690001 0.264064
28700001 0.262404
28710001 0.268976
28720001 0.264499
28730001 0.260744
28740001 0.266217
28750001 0.262371
28760001 0.264195
28770001 0.260285
28780001 0.25791
28790001 0.263866
28800001 0.26534
28810001 0.260139
28820001 0.261244
28830001 0.261244
28840001 0.262713
28850001 0.258725
28860001 0.257133
28870001 0.253399
28880001 0.251082
28890001 0.263552
28900001 0.257917
28910001 0.255246
28920001 0.258288
28930001 0.255618
28940001 0.264858
28950001 0.262654
28960001 0.256591
28970001 0.25972
28980001 0.255131
28990001 0.258471
29000001 0.267788
29010001 0.261394
29020001 0.253959
29030001 0.260133
29040001 0.257692
29050001 0.26525
29060001 0.25991
29070001 0.260769
29080001 0.257445
29090001 0.262098
29100001 0.259508
29110001 0.258371
29120001 0.256535
29130001 0.253064
29140001 0.262726
29150001 0.261646
29160001 0.254678
29170001 0.252871
29180001 0.26253
29190001 0.262107
29200001 0.268633
29210001 0.257158
29220001 0.2657
29230001 0.257918
29240001 0.26654
29250001 0.265333
29260001 0.274975
29270001 0.266993
29280001 0.265361
29290001 0.264903
29300001 0.26277
29310001 0.262925
29320001 0.264817
29330001 0.262005
29340001 0.27239
29350001 0.263451
29360001 0.27132
29370001 0.263713
29380001 0.265204
29390001 0.26634
29400001 0.270695
29410001 0.270545
29420001 0.259457
29430001 0.264978
29440001 0.26301
29450001 0.26186
29460001 0.262834
29470001 0.262131
29480001 0.264424
29490001 0.262366
29500001 0.271321
29510001 0.273387
29520001 0.266915
29530001 0.270886
29540001 0.262391
29550001 0.268839
29560001 0.26445
29570001 0.265036
29580001 0.263061
29590001 0.265494
29600001 0.267312
29610001 0.260942
29620001 0.268088
29630001 0.268997
29640001 0.260461
29650001 0.264947
29660001 0.264431
29670001 0.269292
29680001 0.260983
29690001 0.261382
29700001 0.259365
29710001 0.262856
29720001 0.262665
29730001 0.265689
29740001 0.261898
29750001 0.261126
29760001 0.259748
29770001 0.261106
29780001 0.268603
29790001 0.26639
29800001 0.277682
29810001 0.273154
29820001 0.268504
29830001 0.265241
29840001 0.270814
29850001 0.267036
29860001 0.266974
29870001 0.265926
29880001 0.267341
29890001 0.267286
29900001 0.262825
29910001 0.257113
29920001 0.257989
29930001 0.274281
29940001 0.269961
29950001 0.26381
29960001 0.262318
29970001 0.262955
29980001 0.265651
29990001 0.262951
