1 31.3626
10001 16.9707
20001 12.3864
30001 9.88229
40001 8.19058
50001 7.04106
60001 6.28477
70001 5.68354
80001 5.25321
90001 4.89465
100001 4.61366
110001 4.38777
120001 4.19262
130001 4.01989
140001 3.87045
150001 3.74082
160001 3.62242
170001 3.51635
180001 3.42096
190001 3.32935
200001 3.24508
210001 3.16505
220001 3.09153
230001 3.02164
240001 2.96004
250001 2.89915
260001 2.84034
270001 2.78581
280001 2.73715
290001 2.68753
300001 2.64004
310001 2.59448
320001 2.55273
330001 2.51296
340001 2.4738
350001 2.43582
360001 2.40162
370001 2.36565
380001 2.33258
390001 2.30158
400001 2.26951
410001 2.23973
420001 2.21114
430001 2.1832
440001 2.15579
450001 2.1268
460001 2.09914
470001 2.0745
480001 2.04701
490001 2.02379
500001 2.0027
510001 1.98031
520001 1.95733
530001 1.93563
540001 1.91543
550001 1.89401
560001 1.87405
570001 1.85597
580001 1.8385
590001 1.82091
600001 1.8019
610001 1.78439
620001 1.76637
630001 1.74916
640001 1.7312
650001 1.71383
660001 1.69817
670001 1.68238
680001 1.66847
690001 1.654
700001 1.63872
710001 1.62364
720001 1.60867
730001 1.59727
740001 1.58517
750001 1.57233
760001 1.55959
770001 1.54623
780001 1.53337
790001 1.52164
800001 1.50848
810001 1.49538
820001 1.48277
830001 1.4713
840001 1.45987
850001 1.44749
860001 1.43589
870001 1.42695
880001 1.41678
890001 1.40676
900001 1.39759
910001 1.38826
920001 1.37734
930001 1.36828
940001 1.35788
950001 1.34637
960001 1.33768
970001 1.32728
980001 1.31932
990001 1.30987
1000001 1.30118
1010001 1.29317
1020001 1.28546
1030001 1.2767
1040001 1.26936
1050001 1.26155
1060001 1.25281
1070001 1.24365
1080001 1.2351
1090001 1.22881
1100001 1.22094
1110001 1.21538
1120001 1.20735
1130001 1.19873
1140001 1.19252
1150001 1.18402
1160001 1.17939
1170001 1.17186
1180001 1.16413
1190001 1.15706
1200001 1.14907
1210001 1.14191
1220001 1.1359
1230001 1.13065
1240001 1.12441
1250001 1.11775
1260001 1.11105
1270001 1.10388
1280001 1.09777
1290001 1.09091
1300001 1.08496
1310001 1.07861
1320001 1.0714
1330001 1.06589
1340001 1.06089
1350001 1.05502
1360001 1.04901
1370001 1.04457
1380001 1.03964
1390001 1.03243
1400001 1.02757
1410001 1.02309
1420001 1.01941
1430001 1.01415
1440001 1.00915
1450001 1.00594
1460001 1.00138
1470001 0.994805
1480001 0.989587
1490001 0.985549
1500001 0.981763
1510001 0.977226
1520001 0.971629
1530001 0.966591
1540001 0.962695
1550001 0.957592
1560001 0.953703
1570001 0.948602
1580001 0.945045
1590001 0.941287
1600001 0.937759
1610001 0.932942
1620001 0.928315
1630001 0.925077
1640001 0.921601
1650001 0.918055
1660001 0.915299
1670001 0.911027
1680001 0.90807
1690001 0.903757
1700001 0.903431
1710001 0.89941
1720001 0.895964
1730001 0.891476
1740001 0.887283
1750001 0.885296
1760001 0.88215
1770001 0.876503
1780001 0.871325
1790001 0.869586
1800001 0.865303
1810001 0.861288
1820001 0.858341
1830001 0.856098
1840001 0.853129
1850001 0.850734
1860001 0.846576
1870001 0.843028
1880001 0.838651
1890001 0.834328
1900001 0.831024
1910001 0.827519
1920001 0.824855
1930001 0.822481
1940001 0.818655
1950001 0.815585
1960001 0.814187
1970001 0.8114
1980001 0.809017
1990001 0.805517
2000001 0.802479
2010001 0.799431
2020001 0.797516
2030001 0.795782
2040001 0.792926
2050001 0.790633
2060001 0.790117
2070001 0.785906
2080001 0.782241
2090001 0.780516
2100001 0.780229
2110001 0.777761
2120001 0.776089
2130001 0.773786
2140001 0.769835
2150001 0.76705
2160001 0.764609
2170001 0.761452
2180001 0.75844
2190001 0.757669
2200001 0.755486
2210001 0.754408
2220001 0.751015
2230001 0.748819
2240001 0.746355
2250001 0.744296
2260001 0.742847
2270001 0.74041
2280001 0.737707
2290001 0.737765
2300001 0.734614
2310001 0.734753
2320001 0.731254
2330001 0.728635
2340001 0.725989
2350001 0.721858
2360001 0.721721
2370001 0.718927
2380001 0.716798
2390001 0.713712
2400001 0.710305
2410001 0.711938
2420001 0.709354
2430001 0.707016
2440001 0.703565
2450001 0.700497
2460001 0.697762
2470001 0.695336
2480001 0.698126
2490001 0.694798
2500001 0.693744
2510001 0.694915
2520001 0.693065
2530001 0.692249
2540001 0.691043
2550001 0.690594
2560001 0.687636
2570001 0.684781
2580001 0.682171
2590001 0.682486
2600001 0.681367
2610001 0.679447
2620001 0.677101
2630001 0.676102
2640001 0.675251
2650001 0.674055
2660001 0.67106
2670001 0.670915
2680001 0.671568
2690001 0.668993
2700001 0.663617
2710001 0.66261
2720001 0.663494
2730001 0.664697
2740001 0.66123
2750001 0.660092
2760001 0.659755
2770001 0.658603
2780001 0.660513
2790001 0.658747
2800001 0.655357
2810001 0.653579
2820001 0.653024
2830001 0.650527
2840001 0.650061
2850001 0.64853
2860001 0.645783
2870001 0.642678
2880001 0.642819
2890001 0.64099
2900001 0.640846
2910001 0.641474
2920001 0.640232
2930001 0.636715
2940001 0.638311
2950001 0.638053
2960001 0.636109
2970001 0.631481
2980001 0.632142
2990001 0.630438
3000001 0.631135
3010001 0.628194
3020001 0.628257
3030001 0.627098
3040001 0.62828
3050001 0.627871
3060001 0.624633
3070001 0.6232
3080001 0.62409
3090001 0.620638
3100001 0.618435
3110001 0.61643
3120001 0.615741
3130001 0.612796
3140001 0.611825
3150001 0.610221
3160001 0.611598
3170001 0.611452
3180001 0.610965
3190001 0.609845
3200001 0.609108
3210001 0.607345
3220001 0.607684
3230001 0.606574
3240001 0.606479
3250001 0.604727
3260001 0.602384
3270001 0.602253
3280001 0.6012
3290001 0.599245
3300001 0.601372
3310001 0.599517
3320001 0.596457
3330001 0.596475
3340001 0.594897
3350001 0.594464
3360001 0.595325
3370001 0.594842
3380001 0.592011
3390001 0.592811
3400001 0.595343
3410001 0.593787
3420001 0.590531
3430001 0.591156
3440001 0.592915
3450001 0.590627
3460001 0.59211
3470001 0.588884
3480001 0.5882
3490001 0.587777
3500001 0.590836
3510001 0.588225
3520001 0.588577
3530001 0.588799
3540001 0.588895
3550001 0.589242
3560001 0.585064
3570001 0.587392
3580001 0.586317
3590001 0.587168
3600001 0.585579
3610001 0.582471
3620001 0.58049
3630001 0.579332
3640001 0.580926
3650001 0.581895
3660001 0.579393
3670001 0.578427
3680001 0.577025
3690001 0.577079
3700001 0.575334
3710001 0.575147
3720001 0.574729
3730001 0.57772
3740001 0.577241
3750001 0.577725
3760001 0.574877
3770001 0.575228
3780001 0.572488
3790001 0.573328
3800001 0.573901
3810001 0.573765
3820001 0.571064
3830001 0.566886
3840001 0.568065
3850001 0.567536
3860001 0.56706
3870001 0.568677
3880001 0.567423
3890001 0.565793
3900001 0.570636
3910001 0.568605
3920001 0.567064
3930001 0.564034
3940001 0.561363
3950001 0.560491
3960001 0.561357
3970001 0.558338
3980001 0.560697
3990001 0.562558
4000001 0.562758
4010001 0.561178
4020001 0.562639
4030001 0.561808
4040001 0.561409
4050001 0.562144
4060001 0.563603
4070001 0.561206
4080001 0.56033
4090001 0.559241
4100001 0.557856
4110001 0.559439
4120001 0.559539
4130001 0.561292
4140001 0.556521
4150001 0.559766
4160001 0.557483
4170001 0.555809
4180001 0.555767
4190001 0.552599
4200001 0.5525
4210001 0.552945
4220001 0.547906
4230001 0.553322
4240001 0.551041
4250001 0.551187
4260001 0.550864
4270001 0.552461
4280001 0.553584
4290001 0.552975
4300001 0.550548
4310001 0.552722
4320001 0.552925
4330001 0.550783
4340001 0.550945
4350001 0.549017
4360001 0.548519
4370001 0.547383
4380001 0.5491
4390001 0.546796
4400001 0.547978
4410001 0.547312
4420001 0.54724
4430001 0.547142
4440001 0.545871
4450001 0.546977
4460001 0.546039
4470001 0.543032
4480001 0.541918
4490001 0.543426
4500001 0.542249
4510001 0.544515
4520001 0.542715
4530001 0.543773
4540001 0.542374
4550001 0.54102
4560001 0.545131
4570001 0.543476
4580001 0.54434
4590001 0.544084
4600001 0.540213
4610001 0.54071
4620001 0.540454
4630001 0.538901
4640001 0.5357
4650001 0.535496
4660001 0.537214
4670001 0.538813
4680001 0.539636
4690001 0.5391
4700001 0.537689
4710001 0.539791
4720001 0.543325
4730001 0.542817
4740001 0.538309
4750001 0.539433
4760001 0.539194
4770001 0.538443
4780001 0.536498
4790001 0.537238
4800001 0.535382
4810001 0.540291
4820001 0.539651
4830001 0.540347
4840001 0.538188
4850001 0.536263
4860001 0.535634
4870001 0.534213
4880001 0.53349
4890001 0.531116
4900001 0.530281
4910001 0.532633
4920001 0.52832
4930001 0.531217
4940001 0.53024
4950001 0.532399
4960001 0.533077
4970001 0.533862
4980001 0.533816
4990001 0.536221
5000001 0.537482
5010001 0.533303
5020001 0.531807
5030001 0.532875
5040001 0.533111
5050001 0.531653
5060001 0.531822
5070001 0.529749
5080001 0.529585
5090001 0.527884
5100001 0.530029
5110001 0.532571
5120001 0.52957
5130001 0.527361
5140001 0.528432
5150001 0.528009
5160001 0.529032
5170001 0.530909
5180001 0.527263
5190001 0.527247
5200001 0.527776
5210001 0.530902
5220001 0.52925
5230001 0.528539
5240001 0.529547
5250001 0.528407
5260001 0.528777
5270001 0.528556
5280001 0.529441
5290001 0.528912
5300001 0.526703
5310001 0.528034
5320001 0.526236
5330001 0.527532
5340001 0.528052
5350001 0.524927
5360001 0.527343
5370001 0.528094
5380001 0.524616
5390001 0.524059
5400001 0.523938
5410001 0.520596
5420001 0.524829
5430001 0.522639
5440001 0.52417
5450001 0.523738
5460001 0.527118
5470001 0.524361
5480001 0.520958
5490001 0.521456
5500001 0.523201
5510001 0.523689
5520001 0.527493
5530001 0.526752
5540001 0.528183
5550001 0.525693
5560001 0.525342
5570001 0.526307
5580001 0.526518
5590001 0.526933
5600001 0.523708
5610001 0.522512
5620001 0.524985
5630001 0.52481
5640001 0.525858
5650001 0.524077
5660001 0.521732
5670001 0.520454
5680001 0.521345
5690001 0.517821
5700001 0.51984
5710001 0.520118
5720001 0.521631
5730001 0.522818
5740001 0.519192
5750001 0.521434
5760001 0.523224
5770001 0.525945
5780001 0.523781
5790001 0.521272
5800001 0.520228
5810001 0.520466
5820001 0.526092
5830001 0.526794
5840001 0.523836
5850001 0.521708
5860001 0.522248
5870001 0.52192
5880001 0.523116
5890001 0.524621
5900001 0.525275
5910001 0.525679
5920001 0.524207
5930001 0.523015
5940001 0.522845
5950001 0.520707
5960001 0.523788
5970001 0.521606
5980001 0.520178
5990001 0.521483
6000001 0.522408
6010001 0.522046
6020001 0.522296
6030001 0.522115
6040001 0.519687
6050001 0.521039
6060001 0.522792
6070001 0.518128
6080001 0.518215
6090001 0.518341
6100001 0.517653
6110001 0.517736
6120001 0.519585
6130001 0.520739
6140001 0.522179
6150001 0.522211
6160001 0.525094
6170001 0.523029
6180001 0.521938
6190001 0.518304
6200001 0.518057
6210001 0.517259
6220001 0.518272
6230001 0.516997
6240001 0.519738
6250001 0.516844
6260001 0.518669
6270001 0.515739
6280001 0.513432
6290001 0.512474
6300001 0.513637
6310001 0.516043
6320001 0.517538
6330001 0.51595
6340001 0.514959
6350001 0.516684
6360001 0.516734
6370001 0.514311
6380001 0.516599
6390001 0.516135
6400001 0.517947
6410001 0.518943
6420001 0.51764
6430001 0.516409
6440001 0.5167
6450001 0.516218
6460001 0.516445
6470001 0.518696
6480001 0.5219
6490001 0.518824
6500001 0.520244
6510001 0.515367
6520001 0.520317
6530001 0.521208
6540001 0.52056
6550001 0.523231
6560001 0.521751
6570001 0.519809
6580001 0.518348
6590001 0.522069
6600001 0.521436
6610001 0.522123
6620001 0.519746
6630001 0.517257
6640001 0.518441
6650001 0.519985
6660001 0.518479
6670001 0.515777
6680001 0.516472
6690001 0.518342
6700001 0.518164
6710001 0.518966
6720001 0.520014
6730001 0.519386
6740001 0.520624
6750001 0.522501
6760001 0.516971
6770001 0.517298
6780001 0.518211
6790001 0.517365
6800001 0.517528
6810001 0.517545
6820001 0.518984
6830001 0.517364
6840001 0.516953
6850001 0.516494
6860001 0.517841
6870001 0.517971
6880001 0.519217
6890001 0.518759
6900001 0.516156
6910001 0.516747
6920001 0.518101
6930001 0.517478
6940001 0.518639
6950001 0.517175
6960001 0.51925
6970001 0.514332
6980001 0.518959
6990001 0.518372
7000001 0.515548
7010001 0.518544
7020001 0.515882
7030001 0.516873
7040001 0.518582
7050001 0.52181
7060001 0.519507
7070001 0.518834
7080001 0.517098
7090001 0.516529
7100001 0.515023
7110001 0.517059
7120001 0.519199
7130001 0.516863
7140001 0.517145
7150001 0.518689
7160001 0.519804
7170001 0.519785
7180001 0.516023
7190001 0.514747
7200001 0.514685
7210001 0.516602
7220001 0.513861
7230001 0.5144
7240001 0.517045
7250001 0.515355
7260001 0.51758
7270001 0.514241
7280001 0.514963
7290001 0.515568
7300001 0.512897
7310001 0.51132
7320001 0.508436
7330001 0.514394
7340001 0.515162
7350001 0.511966
7360001 0.507232
7370001 0.508011
7380001 0.509267
7390001 0.511607
7400001 0.510495
7410001 0.512626
7420001 0.513722
7430001 0.515305
7440001 0.51357
7450001 0.512298
7460001 0.509756
7470001 0.510318
7480001 0.51173
7490001 0.514262
7500001 0.513656
7510001 0.512088
7520001 0.51398
7530001 0.511119
7540001 0.513634
7550001 0.513635
7560001 0.510735
7570001 0.511357
7580001 0.509096
7590001 0.509231
7600001 0.509929
7610001 0.51024
7620001 0.511948
7630001 0.511234
7640001 0.511184
7650001 0.511214
7660001 0.511489
7670001 0.510026
7680001 0.509323
7690001 0.508497
7700001 0.510286
7710001 0.508578
7720001 0.512139
7730001 0.512671
7740001 0.511869
7750001 0.510667
7760001 0.511664
7770001 0.511714
7780001 0.511099
7790001 0.508258
7800001 0.506483
7810001 0.502597
7820001 0.506223
7830001 0.509541
7840001 0.5082
7850001 0.509472
7860001 0.510054
7870001 0.511511
7880001 0.508835
7890001 0.508842
7900001 0.510372
7910001 0.511217
7920001 0.508333
7930001 0.509372
7940001 0.506737
7950001 0.505895
7960001 0.506882
7970001 0.507623
7980001 0.505919
7990001 0.506396
8000001 0.509279
8010001 0.509937
8020001 0.509517
8030001 0.508109
8040001 0.513077
8050001 0.516086
8060001 0.514024
8070001 0.515436
8080001 0.514799
8090001 0.513382
8100001 0.514302
8110001 0.515429
8120001 0.515469
8130001 0.513374
8140001 0.511904
8150001 0.51113
8160001 0.509516
8170001 0.514319
8180001 0.514675
8190001 0.509831
8200001 0.510604
8210001 0.511599
8220001 0.513317
8230001 0.511582
8240001 0.512984
8250001 0.513284
8260001 0.513329
8270001 0.513292
8280001 0.511685
8290001 0.513334
8300001 0.51117
8310001 0.510335
8320001 0.507869
8330001 0.507047
8340001 0.50792
8350001 0.508194
8360001 0.506472
8370001 0.507606
8380001 0.511194
8390001 0.509344
8400001 0.511413
8410001 0.511557
8420001 0.511349
8430001 0.510721
8440001 0.509877
8450001 0.509855
8460001 0.507425
8470001 0.506604
8480001 0.508201
8490001 0.507216
8500001 0.507739
8510001 0.509272
8520001 0.506099
8530001 0.50449
8540001 0.505163
8550001 0.505012
8560001 0.504988
8570001 0.506134
8580001 0.504519
8590001 0.506387
8600001 0.508083
8610001 0.509298
8620001 0.507946
8630001 0.512779
8640001 0.510374
8650001 0.511792
8660001 0.51118
8670001 0.510381
8680001 0.510592
8690001 0.510433
8700001 0.514614
8710001 0.512671
8720001 0.510799
8730001 0.50862
8740001 0.510919
8750001 0.508173
8760001 0.511064
8770001 0.510742
8780001 0.508184
8790001 0.504536
8800001 0.505424
8810001 0.506317
8820001 0.505986
8830001 0.50673
8840001 0.507993
8850001 0.508773
8860001 0.5107
8870001 0.511222
8880001 0.509673
8890001 0.510004
8900001 0.512286
8910001 0.510731
8920001 0.51077
8930001 0.511153
8940001 0.51195
8950001 0.511225
8960001 0.511132
8970001 0.511767
8980001 0.512172
8990001 0.510396
9000001 0.508165
9010001 0.510055
9020001 0.510592
9030001 0.509648
9040001 0.509539
9050001 0.512155
9060001 0.510477
9070001 0.511866
9080001 0.508957
9090001 0.509018
9100001 0.509605
9110001 0.510804
9120001 0.513325
9130001 0.512374
9140001 0.512168
9150001 0.509524
9160001 0.509854
9170001 0.509621
9180001 0.507055
9190001 0.509812
9200001 0.509132
9210001 0.510499
9220001 0.511332
9230001 0.508711
9240001 0.508492
9250001 0.508107
9260001 0.509948
9270001 0.50683
9280001 0.507607
9290001 0.509078
9300001 0.510273
9310001 0.510051
9320001 0.512489
9330001 0.512726
9340001 0.513776
9350001 0.511577
9360001 0.514255
9370001 0.515819
9380001 0.514664
9390001 0.51566
9400001 0.515647
9410001 0.514343
9420001 0.514908
9430001 0.512032
9440001 0.515531
9450001 0.513021
9460001 0.514635
9470001 0.516227
9480001 0.515975
9490001 0.513323
9500001 0.51435
9510001 0.513831
9520001 0.513529
9530001 0.513332
9540001 0.513432
9550001 0.514898
9560001 0.514663
9570001 0.51111
9580001 0.512857
9590001 0.516476
9600001 0.51558
9610001 0.513199
9620001 0.512596
9630001 0.51554
9640001 0.517109
9650001 0.516312
9660001 0.517124
9670001 0.515064
9680001 0.516474
9690001 0.51482
9700001 0.519362
9710001 0.51798
9720001 0.516203
9730001 0.515292
9740001 0.516618
9750001 0.518078
9760001 0.517747
9770001 0.515756
9780001 0.519738
9790001 0.516466
9800001 0.515051
9810001 0.513312
9820001 0.515616
9830001 0.514457
9840001 0.51548
9850001 0.510897
9860001 0.510382
9870001 0.510177
9880001 0.510969
9890001 0.509741
9900001 0.508641
9910001 0.5104
9920001 0.512837
9930001 0.514073
9940001 0.513844
9950001 0.51476
9960001 0.514755
9970001 0.511662
9980001 0.512538
9990001 0.509482
10000001 0.509712
10010001 0.510318
10020001 0.507219
10030001 0.507554
10040001 0.507376
10050001 0.508162
10060001 0.510322
10070001 0.509545
10080001 0.513166
10090001 0.514518
10100001 0.51265
10110001 0.512732
10120001 0.50862
10130001 0.507113
10140001 0.512206
10150001 0.5093
10160001 0.509639
10170001 0.506506
10180001 0.505117
10190001 0.503669
10200001 0.509828
10210001 0.510079
10220001 0.509097
10230001 0.509054
10240001 0.505526
10250001 0.505828
10260001 0.505396
10270001 0.505661
10280001 0.50976
10290001 0.510345
10300001 0.509777
10310001 0.508792
10320001 0.509271
10330001 0.511155
10340001 0.507459
10350001 0.511517
10360001 0.511562
10370001 0.511549
10380001 0.510622
10390001 0.510941
10400001 0.511986
10410001 0.509524
10420001 0.50649
10430001 0.508605
10440001 0.512325
10450001 0.508788
10460001 0.507338
10470001 0.514032
10480001 0.514031
10490001 0.514227
10500001 0.512343
10510001 0.513338
10520001 0.511243
10530001 0.511045
10540001 0.512235
10550001 0.512491
10560001 0.512563
10570001 0.508315
10580001 0.508729
10590001 0.508508
10600001 0.510673
10610001 0.510065
10620001 0.507779
10630001 0.507955
10640001 0.510324
10650001 0.512478
10660001 0.511662
10670001 0.511877
10680001 0.511477
10690001 0.511333
10700001 0.513788
10710001 0.515272
10720001 0.513952
10730001 0.510277
10740001 0.51022
10750001 0.511466
10760001 0.512664
10770001 0.508933
10780001 0.511115
10790001 0.509379
10800001 0.508745
10810001 0.508646
10820001 0.50876
10830001 0.510778
10840001 0.51112
10850001 0.510071
10860001 0.508651
10870001 0.510044
10880001 0.507889
10890001 0.510843
10900001 0.508948
10910001 0.507604
10920001 0.507649
10930001 0.50985
10940001 0.508352
10950001 0.507392
10960001 0.508354
10970001 0.50853
10980001 0.511692
10990001 0.508181
11000001 0.506402
11010001 0.507004
11020001 0.505746
11030001 0.506259
11040001 0.510782
11050001 0.510953
11060001 0.509226
11070001 0.50844
11080001 0.507294
11090001 0.50609
11100001 0.508604
11110001 0.50853
11120001 0.508852
11130001 0.50536
11140001 0.507493
11150001 0.508549
11160001 0.510261
11170001 0.507883
11180001 0.507888
11190001 0.507795
11200001 0.506678
11210001 0.507781
11220001 0.510549
11230001 0.509998
11240001 0.510794
11250001 0.509547
11260001 0.506738
11270001 0.508015
11280001 0.50579
11290001 0.507635
11300001 0.508922
11310001 0.509058
11320001 0.512161
11330001 0.511493
11340001 0.512352
11350001 0.51153
11360001 0.508645
11370001 0.510897
11380001 0.513812
11390001 0.514492
11400001 0.51371
11410001 0.514704
11420001 0.515176
11430001 0.514869
11440001 0.513337
11450001 0.513888
11460001 0.515868
11470001 0.513057
11480001 0.515617
11490001 0.51652
11500001 0.51257
11510001 0.514112
11520001 0.513276
11530001 0.510842
11540001 0.509868
11550001 0.513048
11560001 0.511162
11570001 0.513429
11580001 0.512022
11590001 0.512117
11600001 0.511495
11610001 0.514323
11620001 0.513193
11630001 0.511897
11640001 0.513573
11650001 0.512577
11660001 0.512976
11670001 0.511889
11680001 0.513002
11690001 0.510987
11700001 0.516201
11710001 0.514774
11720001 0.512367
11730001 0.515153
11740001 0.511289
11750001 0.51243
11760001 0.509931
11770001 0.507753
11780001 0.510996
11790001 0.511898
11800001 0.509289
11810001 0.511529
11820001 0.510827
11830001 0.510411
11840001 0.510618
11850001 0.516007
11860001 0.517331
11870001 0.517306
11880001 0.521085
11890001 0.517735
11900001 0.521989
11910001 0.518079
11920001 0.514124
11930001 0.516913
11940001 0.517075
11950001 0.517896
11960001 0.51937
11970001 0.518921
11980001 0.519137
11990001 0.517858
12000001 0.517617
12010001 0.518653
12020001 0.517618
12030001 0.517206
12040001 0.515508
12050001 0.513886
12060001 0.51591
12070001 0.517653
12080001 0.516222
12090001 0.514561
12100001 0.516598
12110001 0.515998
12120001 0.518009
12130001 0.517454
12140001 0.519138
12150001 0.516431
12160001 0.51727
12170001 0.516911
12180001 0.517009
12190001 0.516781
12200001 0.513217
12210001 0.512244
12220001 0.511392
12230001 0.513773
12240001 0.513159
12250001 0.513088
12260001 0.515317
12270001 0.518082
12280001 0.515281
12290001 0.518576
12300001 0.517594
12310001 0.517968
12320001 0.517806
12330001 0.514963
12340001 0.51569
12350001 0.516002
12360001 0.519344
12370001 0.516395
12380001 0.517401
12390001 0.514588
12400001 0.518176
12410001 0.519123
12420001 0.516724
12430001 0.519824
12440001 0.518337
12450001 0.518496
12460001 0.516239
12470001 0.515281
12480001 0.520716
12490001 0.519331
12500001 0.517417
12510001 0.515836
12520001 0.513865
12530001 0.516083
12540001 0.51512
12550001 0.518071
12560001 0.517916
12570001 0.518447
12580001 0.519355
12590001 0.518581
12600001 0.517309
12610001 0.517389
12620001 0.518477
12630001 0.517741
12640001 0.516356
12650001 0.516249
12660001 0.517694
12670001 0.517063
12680001 0.515633
12690001 0.514026
12700001 0.514444
12710001 0.515936
12720001 0.516717
12730001 0.51407
12740001 0.516924
12750001 0.514092
12760001 0.513656
12770001 0.513552
12780001 0.517321
12790001 0.516563
12800001 0.518052
12810001 0.518487
12820001 0.516916
12830001 0.517404
12840001 0.517252
12850001 0.515099
12860001 0.515991
12870001 0.518069
12880001 0.520366
12890001 0.520655
12900001 0.52128
12910001 0.517888
12920001 0.521147
12930001 0.518258
12940001 0.518578
12950001 0.51715
12960001 0.521272
12970001 0.52125
12980001 0.523107
12990001 0.523267
13000001 0.522754
13010001 0.522312
13020001 0.521597
13030001 0.521232
13040001 0.522093
13050001 0.523052
13060001 0.523509
13070001 0.524456
13080001 0.524736
13090001 0.522661
13100001 0.52535
13110001 0.525246
13120001 0.526395
13130001 0.523407
13140001 0.520496
13150001 0.518969
13160001 0.520845
13170001 0.519553
13180001 0.520722
13190001 0.519303
13200001 0.518618
13210001 0.519877
13220001 0.519784
13230001 0.516562
13240001 0.513759
13250001 0.514747
13260001 0.516764
13270001 0.514673
13280001 0.51266
13290001 0.516737
13300001 0.516127
13310001 0.518095
13320001 0.51791
13330001 0.516524
13340001 0.515882
13350001 0.518856
13360001 0.522819
13370001 0.522515
13380001 0.520843
13390001 0.51802
13400001 0.519088
13410001 0.517972
13420001 0.519768
13430001 0.523942
13440001 0.523177
13450001 0.52605
13460001 0.522372
13470001 0.522043
13480001 0.521747
13490001 0.518858
13500001 0.521485
13510001 0.52006
13520001 0.517807
13530001 0.517592
13540001 0.51717
13550001 0.514016
13560001 0.515941
13570001 0.515908
13580001 0.51734
13590001 0.516923
13600001 0.517827
13610001 0.51607
13620001 0.520533
13630001 0.521317
13640001 0.520721
13650001 0.521775
13660001 0.519707
13670001 0.520764
13680001 0.523747
13690001 0.523341
13700001 0.522371
13710001 0.523445
13720001 0.521092
13730001 0.519284
13740001 0.516257
13750001 0.517593
13760001 0.51692
13770001 0.520332
13780001 0.519456
13790001 0.520103
13800001 0.519258
13810001 0.521394
13820001 0.523423
13830001 0.522605
13840001 0.521056
13850001 0.519853
13860001 0.519186
13870001 0.515788
13880001 0.518114
13890001 0.519305
13900001 0.520097
13910001 0.518837
13920001 0.519769
13930001 0.516935
13940001 0.517792
13950001 0.517752
13960001 0.517164
13970001 0.516185
13980001 0.518207
13990001 0.517868
14000001 0.521988
14010001 0.521117
14020001 0.523629
14030001 0.52289
14040001 0.521692
14050001 0.524203
14060001 0.519988
14070001 0.519289
14080001 0.522264
14090001 0.523437
14100001 0.523365
14110001 0.524011
14120001 0.523591
14130001 0.522622
14140001 0.52498
14150001 0.524307
14160001 0.522906
14170001 0.524457
14180001 0.523722
14190001 0.523793
14200001 0.52469
14210001 0.523078
14220001 0.523128
14230001 0.518252
14240001 0.516048
14250001 0.512955
14260001 0.514427
14270001 0.517164
14280001 0.519006
14290001 0.51714
14300001 0.51815
14310001 0.517353
14320001 0.517722
14330001 0.519327
14340001 0.52035
14350001 0.520154
14360001 0.520686
14370001 0.518457
14380001 0.52176
14390001 0.521931
14400001 0.524609
14410001 0.525185
14420001 0.521756
14430001 0.521701
14440001 0.520734
14450001 0.520067
14460001 0.520693
14470001 0.518595
14480001 0.519545
14490001 0.521691
14500001 0.520837
14510001 0.52128
14520001 0.52321
14530001 0.521783
14540001 0.519819
14550001 0.523112
14560001 0.521379
14570001 0.519869
14580001 0.525264
14590001 0.524179
14600001 0.524418
14610001 0.522435
14620001 0.523353
14630001 0.518893
14640001 0.520097
14650001 0.522798
14660001 0.519557
14670001 0.519285
14680001 0.517252
14690001 0.516459
14700001 0.514521
14710001 0.51564
14720001 0.51585
14730001 0.513108
14740001 0.515986
14750001 0.516524
14760001 0.518848
14770001 0.518051
14780001 0.517694
14790001 0.517569
14800001 0.515802
14810001 0.515559
14820001 0.517302
14830001 0.516261
14840001 0.516262
14850001 0.515911
14860001 0.518724
14870001 0.516344
14880001 0.514149
14890001 0.517629
14900001 0.514975
14910001 0.516023
14920001 0.515169
14930001 0.518314
14940001 0.518897
14950001 0.521386
14960001 0.5219
14970001 0.522129
14980001 0.522504
14990001 0.524091
15000001 0.526355
15010001 0.520778
15020001 0.520627
15030001 0.518299
15040001 0.520709
15050001 0.518278
15060001 0.520378
15070001 0.520098
15080001 0.522184
15090001 0.520301
15100001 0.518298
15110001 0.518096
15120001 0.518191
15130001 0.519557
15140001 0.517616
15150001 0.518795
15160001 0.516601
15170001 0.521977
15180001 0.522286
15190001 0.522693
15200001 0.519442
15210001 0.519313
15220001 0.5154
15230001 0.516883
15240001 0.516461
15250001 0.513989
15260001 0.516163
15270001 0.516234
15280001 0.516945
15290001 0.515827
15300001 0.514394
15310001 0.518153
15320001 0.516088
15330001 0.519139
15340001 0.520462
15350001 0.520178
15360001 0.520821
15370001 0.523943
15380001 0.521443
15390001 0.520309
15400001 0.521391
15410001 0.522814
15420001 0.522509
15430001 0.520528
15440001 0.52189
15450001 0.524432
15460001 0.522773
15470001 0.520581
15480001 0.521155
15490001 0.520903
15500001 0.51944
15510001 0.519197
15520001 0.522559
15530001 0.521816
15540001 0.520059
15550001 0.51983
15560001 0.518563
15570001 0.519788
15580001 0.516814
15590001 0.520098
15600001 0.519836
15610001 0.520328
15620001 0.523838
15630001 0.518688
15640001 0.519558
15650001 0.521022
15660001 0.521403
15670001 0.518451
15680001 0.517233
15690001 0.516607
15700001 0.517521
15710001 0.519339
15720001 0.521534
15730001 0.518671
15740001 0.516967
15750001 0.520663
15760001 0.519612
15770001 0.522184
15780001 0.52115
15790001 0.519771
15800001 0.517261
15810001 0.51678
15820001 0.516015
15830001 0.517283
15840001 0.516528
15850001 0.518645
15860001 0.518968
15870001 0.51949
15880001 0.519506
15890001 0.517642
15900001 0.520108
15910001 0.521057
15920001 0.515993
15930001 0.521292
15940001 0.52072
15950001 0.520276
15960001 0.519501
15970001 0.517769
15980001 0.517197
15990001 0.52176
16000001 0.520308
16010001 0.524706
16020001 0.52659
16030001 0.527002
16040001 0.527579
16050001 0.528823
16060001 0.527929
16070001 0.528066
16080001 0.525377
16090001 0.525906
16100001 0.524336
16110001 0.527794
16120001 0.529686
16130001 0.525274
16140001 0.528558
16150001 0.527937
16160001 0.525752
16170001 0.525183
16180001 0.52799
16190001 0.526665
16200001 0.526602
16210001 0.528158
16220001 0.525565
16230001 0.523509
16240001 0.523184
16250001 0.521488
16260001 0.522947
16270001 0.520785
16280001 0.52272
16290001 0.52253
16300001 0.521671
16310001 0.518202
16320001 0.519124
16330001 0.522756
16340001 0.5224
16350001 0.521798
16360001 0.520468
16370001 0.521417
16380001 0.523482
16390001 0.521873
16400001 0.522013
16410001 0.522523
16420001 0.524363
16430001 0.523267
16440001 0.525823
16450001 0.525366
16460001 0.524929
16470001 0.524553
16480001 0.522691
16490001 0.524603
16500001 0.521687
16510001 0.52094
16520001 0.521617
16530001 0.519371
16540001 0.523057
16550001 0.523137
16560001 0.522147
16570001 0.525413
16580001 0.524483
16590001 0.523159
16600001 0.522708
16610001 0.521464
16620001 0.522476
16630001 0.522681
16640001 0.522782
16650001 0.523564
16660001 0.523343
16670001 0.526003
16680001 0.520673
16690001 0.519318
16700001 0.516767
16710001 0.523321
16720001 0.520003
16730001 0.521748
16740001 0.521395
16750001 0.521582
16760001 0.521713
16770001 0.521049
16780001 0.521979
16790001 0.523116
16800001 0.523391
16810001 0.520777
16820001 0.51918
16830001 0.521007
16840001 0.521947
16850001 0.51874
16860001 0.519669
16870001 0.520892
16880001 0.521507
16890001 0.522028
16900001 0.523282
16910001 0.521558
16920001 0.524045
16930001 0.525555
16940001 0.520868
16950001 0.520572
16960001 0.522563
16970001 0.51947
16980001 0.52095
16990001 0.517154
17000001 0.520631
17010001 0.519894
17020001 0.518651
17030001 0.520642
17040001 0.520561
17050001 0.5197
17060001 0.521558
17070001 0.524678
17080001 0.523828
17090001 0.522012
17100001 0.524946
17110001 0.524666
17120001 0.526341
17130001 0.525199
17140001 0.526751
17150001 0.525354
17160001 0.526761
17170001 0.524774
17180001 0.523571
17190001 0.519097
17200001 0.518579
17210001 0.519662
17220001 0.520455
17230001 0.520527
17240001 0.52271
17250001 0.522981
17260001 0.52345
17270001 0.520765
17280001 0.52301
17290001 0.525442
17300001 0.523898
17310001 0.520806
17320001 0.523378
17330001 0.522317
17340001 0.523984
17350001 0.524489
17360001 0.525588
17370001 0.52552
17380001 0.525437
17390001 0.528533
17400001 0.525725
17410001 0.524137
17420001 0.524705
17430001 0.525922
17440001 0.525953
17450001 0.526749
17460001 0.522153
17470001 0.525669
17480001 0.523361
17490001 0.522002
17500001 0.526009
17510001 0.524068
17520001 0.526451
17530001 0.524814
17540001 0.526559
17550001 0.529054
17560001 0.526887
17570001 0.525422
17580001 0.52615
17590001 0.524503
17600001 0.524313
17610001 0.526266
17620001 0.526585
17630001 0.525444
17640001 0.525766
17650001 0.522964
17660001 0.524545
17670001 0.523818
17680001 0.520661
17690001 0.522892
17700001 0.524908
17710001 0.523956
17720001 0.52207
17730001 0.525012
17740001 0.529223
17750001 0.526899
17760001 0.527384
17770001 0.525271
17780001 0.52674
17790001 0.526589
17800001 0.52807
17810001 0.525183
17820001 0.525241
17830001 0.523911
17840001 0.524075
17850001 0.52318
17860001 0.522069
17870001 0.522572
17880001 0.521868
17890001 0.522977
17900001 0.522243
17910001 0.523358
17920001 0.523087
17930001 0.523745
17940001 0.524984
17950001 0.52932
17960001 0.525681
17970001 0.527082
17980001 0.525775
17990001 0.527713
18000001 0.526933
18010001 0.526044
18020001 0.52519
18030001 0.522422
18040001 0.523263
18050001 0.522378
18060001 0.521787
18070001 0.524302
18080001 0.521202
18090001 0.524971
18100001 0.526064
18110001 0.526905
18120001 0.523181
18130001 0.520517
18140001 0.522652
18150001 0.523489
18160001 0.524207
18170001 0.5237
18180001 0.523455
18190001 0.521045
18200001 0.521421
18210001 0.518341
18220001 0.518787
18230001 0.52085
18240001 0.520337
18250001 0.522245
18260001 0.52268
18270001 0.521978
18280001 0.523224
18290001 0.524398
18300001 0.522542
18310001 0.523907
18320001 0.524539
18330001 0.523853
18340001 0.52284
18350001 0.526897
18360001 0.525087
18370001 0.524175
18380001 0.524358
18390001 0.526369
18400001 0.529224
18410001 0.530372
18420001 0.531667
18430001 0.529694
18440001 0.531914
18450001 0.529485
18460001 0.52484
18470001 0.526984
18480001 0.52515
18490001 0.522353
18500001 0.523335
18510001 0.523804
18520001 0.523826
18530001 0.525555
18540001 0.525097
18550001 0.523035
18560001 0.522882
18570001 0.519991
18580001 0.520438
18590001 0.523027
18600001 0.522999
18610001 0.524621
18620001 0.527154
18630001 0.525958
18640001 0.522867
18650001 0.519547
18660001 0.524356
18670001 0.525088
18680001 0.525424
18690001 0.527045
18700001 0.528351
18710001 0.525543
18720001 0.523446
18730001 0.524296
18740001 0.525251
18750001 0.525984
18760001 0.52551
18770001 0.526087
18780001 0.525739
18790001 0.523123
18800001 0.521779
18810001 0.522733
18820001 0.524169
18830001 0.525106
18840001 0.522709
18850001 0.524031
18860001 0.524192
18870001 0.522934
18880001 0.526141
18890001 0.524517
18900001 0.523785
18910001 0.524864
18920001 0.52676
18930001 0.527053
18940001 0.524884
18950001 0.524024
18960001 0.526892
18970001 0.525017
18980001 0.525197
18990001 0.523784
19000001 0.5214
19010001 0.523628
19020001 0.527949
19030001 0.528112
19040001 0.529583
19050001 0.528244
19060001 0.528926
19070001 0.53136
19080001 0.526851
19090001 0.527167
19100001 0.526205
19110001 0.526048
19120001 0.52748
19130001 0.5278
19140001 0.527529
19150001 0.525936
19160001 0.524757
19170001 0.526208
19180001 0.527143
19190001 0.529272
19200001 0.529702
19210001 0.527852
19220001 0.527596
19230001 0.526651
19240001 0.524725
19250001 0.522388
19260001 0.525386
19270001 0.525359
19280001 0.525929
19290001 0.528729
19300001 0.527183
19310001 0.528914
19320001 0.528436
19330001 0.529057
19340001 0.529018
19350001 0.529272
19360001 0.528905
19370001 0.529454
19380001 0.531056
19390001 0.529802
19400001 0.529899
19410001 0.529729
19420001 0.530132
19430001 0.529935
19440001 0.532121
19450001 0.529395
19460001 0.530716
19470001 0.529616
19480001 0.528792
19490001 0.52891
19500001 0.52879
19510001 0.528503
19520001 0.527692
19530001 0.531317
19540001 0.531538
19550001 0.530444
19560001 0.531367
19570001 0.529071
19580001 0.529814
19590001 0.533007
19600001 0.530918
19610001 0.529964
19620001 0.531338
19630001 0.532846
19640001 0.52981
19650001 0.530934
19660001 0.531073
19670001 0.529806
19680001 0.528186
19690001 0.531001
19700001 0.527083
19710001 0.53046
19720001 0.528688
19730001 0.527412
19740001 0.528726
19750001 0.533453
19760001 0.53089
19770001 0.529729
19780001 0.531462
19790001 0.529466
19800001 0.525633
19810001 0.526364
19820001 0.52348
19830001 0.524448
19840001 0.523454
19850001 0.523775
19860001 0.524637
19870001 0.526808
19880001 0.526579
19890001 0.523222
19900001 0.525169
19910001 0.525358
19920001 0.524565
19930001 0.522167
19940001 0.524643
19950001 0.523186
19960001 0.528208
19970001 0.528144
19980001 0.527482
19990001 0.526732
20000001 0.528538
20010001 0.529481
20020001 0.529245
20030001 0.530328
20040001 0.52921
20050001 0.530131
20060001 0.528464
20070001 0.530745
20080001 0.527751
20090001 0.528549
20100001 0.525397
20110001 0.526593
20120001 0.523772
20130001 0.524662
20140001 0.524503
20150001 0.525706
20160001 0.523026
20170001 0.526061
20180001 0.526338
20190001 0.526435
20200001 0.52773
20210001 0.526149
20220001 0.525008
20230001 0.527749
20240001 0.52786
20250001 0.526114
20260001 0.524924
20270001 0.527105
20280001 0.527331
20290001 0.529192
20300001 0.530126
20310001 0.528036
20320001 0.528152
20330001 0.530772
20340001 0.527693
20350001 0.525684
20360001 0.529658
20370001 0.530638
20380001 0.5287
20390001 0.526335
20400001 0.524345
20410001 0.523205
20420001 0.524
20430001 0.525853
20440001 0.52634
20450001 0.52253
20460001 0.523897
20470001 0.52273
20480001 0.524213
20490001 0.525785
20500001 0.523856
20510001 0.524084
20520001 0.523385
20530001 0.521647
20540001 0.523139
20550001 0.521845
20560001 0.521808
20570001 0.521705
20580001 0.521423
20590001 0.52542
20600001 0.525502
20610001 0.527153
20620001 0.527148
20630001 0.526521
20640001 0.523752
20650001 0.52306
20660001 0.525603
20670001 0.527204
20680001 0.526934
20690001 0.528194
20700001 0.527009
20710001 0.526154
20720001 0.531159
20730001 0.529264
20740001 0.530807
20750001 0.530362
20760001 0.527929
20770001 0.530619
20780001 0.52895
20790001 0.530277
20800001 0.531766
20810001 0.532273
20820001 0.530898
20830001 0.530747
20840001 0.531116
20850001 0.528713
20860001 0.529959
20870001 0.529676
20880001 0.530495
20890001 0.526131
20900001 0.525526
20910001 0.529797
20920001 0.530179
20930001 0.530831
20940001 0.527645
20950001 0.527986
20960001 0.528106
20970001 0.525475
20980001 0.525155
20990001 0.521714
21000001 0.523291
21010001 0.5264
21020001 0.526702
21030001 0.528302
21040001 0.528965
21050001 0.526496
21060001 0.527355
21070001 0.528857
21080001 0.531071
21090001 0.528483
21100001 0.527164
21110001 0.528178
21120001 0.526254
21130001 0.527895
21140001 0.526059
21150001 0.529028
21160001 0.529037
21170001 0.529225
21180001 0.532321
21190001 0.530566
21200001 0.532013
21210001 0.530011
21220001 0.533226
21230001 0.531209
21240001 0.529343
21250001 0.529372
21260001 0.530617
21270001 0.531581
21280001 0.529893
21290001 0.527118
21300001 0.529355
21310001 0.527651
21320001 0.530707
21330001 0.535905
21340001 0.535768
21350001 0.533368
21360001 0.533711
21370001 0.530944
21380001 0.527133
21390001 0.529982
21400001 0.526335
21410001 0.527012
21420001 0.529321
21430001 0.53013
21440001 0.527426
21450001 0.527778
21460001 0.527622
21470001 0.526755
21480001 0.527093
21490001 0.530034
21500001 0.527988
21510001 0.531415
21520001 0.529778
21530001 0.529588
21540001 0.526351
21550001 0.528758
21560001 0.528437
21570001 0.529776
21580001 0.530639
21590001 0.52994
21600001 0.527325
21610001 0.526883
21620001 0.529069
21630001 0.53047
21640001 0.531289
21650001 0.527314
21660001 0.526426
21670001 0.524746
21680001 0.523941
21690001 0.529751
21700001 0.531912
21710001 0.528798
21720001 0.527918
21730001 0.527994
21740001 0.528335
21750001 0.528668
21760001 0.52904
21770001 0.528659
21780001 0.528982
21790001 0.532604
21800001 0.530854
21810001 0.532197
21820001 0.531064
21830001 0.534098
21840001 0.531686
21850001 0.530034
21860001 0.532368
21870001 0.532792
21880001 0.530885
21890001 0.532026
21900001 0.531696
21910001 0.532733
21920001 0.531268
21930001 0.530188
21940001 0.52505
21950001 0.526709
21960001 0.524897
21970001 0.526521
21980001 0.527278
21990001 0.528951
22000001 0.530126
22010001 0.531301
22020001 0.529374
22030001 0.530494
22040001 0.530638
22050001 0.534164
22060001 0.531788
22070001 0.530166
22080001 0.530238
22090001 0.528997
22100001 0.53094
22110001 0.532249
22120001 0.532954
22130001 0.52722
22140001 0.534325
22150001 0.533922
22160001 0.532938
22170001 0.531865
22180001 0.529966
22190001 0.53199
22200001 0.533997
22210001 0.532195
22220001 0.532434
22230001 0.530805
22240001 0.531226
22250001 0.532711
22260001 0.535413
22270001 0.53491
22280001 0.532429
22290001 0.532912
22300001 0.533412
22310001 0.533233
22320001 0.531597
22330001 0.535771
22340001 0.533987
22350001 0.533105
22360001 0.53161
22370001 0.531401
22380001 0.530304
22390001 0.531436
22400001 0.529603
22410001 0.529821
22420001 0.528153
22430001 0.528606
22440001 0.528339
22450001 0.529775
22460001 0.53094
22470001 0.532041
22480001 0.529262
22490001 0.529159
22500001 0.528784
22510001 0.529091
22520001 0.529322
22530001 0.531877
22540001 0.533666
22550001 0.535381
22560001 0.532558
22570001 0.532583
22580001 0.531877
22590001 0.531261
22600001 0.533661
22610001 0.536381
22620001 0.533385
22630001 0.532913
22640001 0.533047
22650001 0.532713
22660001 0.534231
22670001 0.532344
22680001 0.533627
22690001 0.53554
22700001 0.532749
22710001 0.531596
22720001 0.531592
22730001 0.527918
22740001 0.529578
22750001 0.529924
22760001 0.530096
22770001 0.526973
22780001 0.529144
22790001 0.530181
22800001 0.529367
22810001 0.527666
22820001 0.530918
22830001 0.532631
22840001 0.532918
22850001 0.530425
22860001 0.532094
22870001 0.526911
22880001 0.529225
22890001 0.531175
22900001 0.530533
22910001 0.53503
22920001 0.533318
22930001 0.535264
22940001 0.536233
22950001 0.535998
22960001 0.533257
22970001 0.533818
22980001 0.533567
22990001 0.532331
23000001 0.53418
23010001 0.533243
23020001 0.530844
23030001 0.530831
23040001 0.533148
23050001 0.532118
23060001 0.531459
23070001 0.532943
23080001 0.534763
23090001 0.53716
23100001 0.53395
23110001 0.532896
23120001 0.534097
23130001 0.53388
23140001 0.530719
23150001 0.528665
23160001 0.5289
23170001 0.529796
23180001 0.531888
23190001 0.527684
23200001 0.528534
23210001 0.528692
23220001 0.532925
23230001 0.532421
23240001 0.536418
23250001 0.532663
23260001 0.531413
23270001 0.532667
23280001 0.533906
23290001 0.533759
23300001 0.529903
23310001 0.530371
23320001 0.53241
23330001 0.531819
23340001 0.529178
23350001 0.529921
23360001 0.530164
23370001 0.530839
23380001 0.53298
23390001 0.532722
23400001 0.530532
23410001 0.527701
23420001 0.527856
23430001 0.527194
23440001 0.52574
23450001 0.527905
23460001 0.525882
23470001 0.528477
23480001 0.531708
23490001 0.533205
23500001 0.531656
23510001 0.532583
23520001 0.530455
23530001 0.529595
23540001 0.528704
23550001 0.529289
23560001 0.528231
23570001 0.529471
23580001 0.5284
23590001 0.524384
23600001 0.530158
23610001 0.529829
23620001 0.52744
23630001 0.529857
23640001 0.528983
23650001 0.528529
23660001 0.52927
23670001 0.531373
23680001 0.528565
23690001 0.528365
23700001 0.528012
23710001 0.52915
23720001 0.531929
23730001 0.531986
23740001 0.530139
23750001 0.532613
23760001 0.530978
23770001 0.531722
23780001 0.529528
23790001 0.529537
23800001 0.533248
23810001 0.537056
23820001 0.534976
23830001 0.531062
23840001 0.528603
23850001 0.527708
23860001 0.528246
23870001 0.531486
23880001 0.530133
23890001 0.532286
23900001 0.533957
23910001 0.533258
23920001 0.533089
23930001 0.529894
23940001 0.532195
23950001 0.536488
23960001 0.535061
23970001 0.538446
23980001 0.536126
23990001 0.53478
24000001 0.534935
24010001 0.53224
24020001 0.533068
24030001 0.535138
24040001 0.534684
24050001 0.535356
24060001 0.532966
24070001 0.533822
24080001 0.534221
24090001 0.533529
24100001 0.53421
24110001 0.534395
24120001 0.535762
24130001 0.534852
24140001 0.531472
24150001 0.530315
24160001 0.533475
24170001 0.533748
24180001 0.534739
24190001 0.537555
24200001 0.537839
24210001 0.536087
24220001 0.537964
24230001 0.536709
24240001 0.535421
24250001 0.53222
24260001 0.532324
24270001 0.533339
24280001 0.534611
24290001 0.533618
24300001 0.532778
24310001 0.531106
24320001 0.532229
24330001 0.532819
24340001 0.534641
24350001 0.53372
24360001 0.532016
24370001 0.532761
24380001 0.534579
24390001 0.535394
24400001 0.532832
24410001 0.530073
24420001 0.528284
24430001 0.528972
24440001 0.531958
24450001 0.531704
24460001 0.530375
24470001 0.531803
24480001 0.530698
24490001 0.532041
24500001 0.530724
24510001 0.530208
24520001 0.529618
24530001 0.532937
24540001 0.532091
24550001 0.530455
24560001 0.531803
24570001 0.531964
24580001 0.528286
24590001 0.528726
24600001 0.53048
24610001 0.528418
24620001 0.527989
24630001 0.532465
24640001 0.530998
24650001 0.52931
24660001 0.52892
24670001 0.53012
24680001 0.533117
24690001 0.533745
24700001 0.536695
24710001 0.533583
24720001 0.533315
24730001 0.532482
24740001 0.5313
24750001 0.534145
24760001 0.531637
24770001 0.533401
24780001 0.53197
24790001 0.531684
24800001 0.530617
24810001 0.529442
24820001 0.53088
24830001 0.52713
24840001 0.529242
24850001 0.531129
24860001 0.532926
24870001 0.530954
24880001 0.534128
24890001 0.530512
24900001 0.531481
24910001 0.531589
24920001 0.530764
24930001 0.531594
24940001 0.536406
24950001 0.538468
24960001 0.533892
24970001 0.533366
24980001 0.531125
24990001 0.529963
25000001 0.533713
25010001 0.532249
25020001 0.530926
25030001 0.532332
25040001 0.530814
25050001 0.529266
25060001 0.530495
25070001 0.532061
25080001 0.530882
25090001 0.528915
25100001 0.529716
25110001 0.528392
25120001 0.528338
25130001 0.528306
25140001 0.526507
25150001 0.529207
25160001 0.52823
25170001 0.527357
25180001 0.527475
25190001 0.52908
25200001 0.530861
25210001 0.529978
25220001 0.531574
25230001 0.528564
25240001 0.527282
25250001 0.527104
25260001 0.528447
25270001 0.528535
25280001 0.530665
25290001 0.531991
25300001 0.529492
25310001 0.525672
25320001 0.527559
25330001 0.526546
25340001 0.52981
25350001 0.532038
25360001 0.531826
25370001 0.529075
25380001 0.527876
25390001 0.530206
25400001 0.532194
25410001 0.53199
25420001 0.529568
25430001 0.527999
25440001 0.528788
25450001 0.52755
25460001 0.524383
25470001 0.523515
25480001 0.525724
25490001 0.526299
25500001 0.526528
25510001 0.526299
25520001 0.527343
25530001 0.530449
25540001 0.529083
25550001 0.529014
25560001 0.529356
25570001 0.530488
25580001 0.528806
25590001 0.52787
25600001 0.52968
25610001 0.526458
25620001 0.527753
25630001 0.526789
25640001 0.527618
25650001 0.527275
25660001 0.526446
25670001 0.528481
25680001 0.527199
25690001 0.52368
25700001 0.526948
25710001 0.528777
25720001 0.532116
25730001 0.527936
25740001 0.529033
25750001 0.531552
25760001 0.534358
25770001 0.535169
25780001 0.534065
25790001 0.532543
25800001 0.533558
25810001 0.531665
25820001 0.534959
25830001 0.535662
25840001 0.534131
25850001 0.532224
25860001 0.532599
25870001 0.531374
25880001 0.532747
25890001 0.530857
25900001 0.531499
25910001 0.536571
25920001 0.537733
25930001 0.5397
25940001 0.535227
25950001 0.536954
25960001 0.537288
25970001 0.53174
25980001 0.532095
25990001 0.532703
26000001 0.53101
26010001 0.529851
26020001 0.531112
26030001 0.535281
26040001 0.53566
26050001 0.535407
26060001 0.533574
26070001 0.536363
26080001 0.53601
26090001 0.536234
26100001 0.534978
26110001 0.536177
26120001 0.538379
26130001 0.537777
26140001 0.537279
26150001 0.539438
26160001 0.536961
26170001 0.53639
26180001 0.536443
26190001 0.537808
26200001 0.537031
26210001 0.539525
26220001 0.542475
26230001 0.541372
26240001 0.539721
26250001 0.540553
26260001 0.540855
26270001 0.542131
26280001 0.541247
26290001 0.541411
26300001 0.540416
26310001 0.54415
26320001 0.54104
26330001 0.538494
26340001 0.539521
26350001 0.541419
26360001 0.539672
26370001 0.541912
26380001 0.539298
26390001 0.541437
26400001 0.540412
26410001 0.542155
26420001 0.539338
26430001 0.536759
26440001 0.539102
26450001 0.536553
26460001 0.536653
26470001 0.534239
26480001 0.534892
26490001 0.538114
26500001 0.538734
26510001 0.537354
26520001 0.537888
26530001 0.538173
26540001 0.538326
26550001 0.539185
26560001 0.538585
26570001 0.534096
26580001 0.53387
26590001 0.531235
26600001 0.532162
26610001 0.537652
26620001 0.540226
26630001 0.539111
26640001 0.536203
26650001 0.53559
26660001 0.534125
26670001 0.534093
26680001 0.533286
26690001 0.533811
26700001 0.533398
26710001 0.535074
26720001 0.534805
26730001 0.537371
26740001 0.53462
26750001 0.533338
26760001 0.5369
26770001 0.537445
26780001 0.539474
26790001 0.53999
26800001 0.538565
26810001 0.540825
26820001 0.541
26830001 0.539496
26840001 0.537444
26850001 0.536057
26860001 0.535269
26870001 0.535351
26880001 0.536696
26890001 0.539214
26900001 0.53821
26910001 0.537128
26920001 0.535941
26930001 0.538101
26940001 0.536743
26950001 0.532695
26960001 0.532795
26970001 0.532
26980001 0.52996
26990001 0.529157
27000001 0.531673
27010001 0.530234
27020001 0.528782
27030001 0.529278
27040001 0.527711
27050001 0.52818
27060001 0.531687
27070001 0.530766
27080001 0.52986
27090001 0.529457
27100001 0.531222
27110001 0.533052
27120001 0.533201
27130001 0.533066
27140001 0.533517
27150001 0.535779
27160001 0.534306
27170001 0.534799
27180001 0.53605
27190001 0.539232
27200001 0.534139
27210001 0.532455
27220001 0.530062
27230001 0.531714
27240001 0.532028
27250001 0.530491
27260001 0.529451
27270001 0.531054
27280001 0.527896
27290001 0.527879
27300001 0.529224
27310001 0.531219
27320001 0.529021
27330001 0.527707
27340001 0.529319
27350001 0.528934
27360001 0.529803
27370001 0.530647
27380001 0.528214
27390001 0.530006
27400001 0.529791
27410001 0.531053
27420001 0.527516
27430001 0.530458
27440001 0.529745
27450001 0.52957
27460001 0.527498
27470001 0.527031
27480001 0.527423
27490001 0.528814
27500001 0.531271
27510001 0.531198
27520001 0.532677
27530001 0.5341
27540001 0.533288
27550001 0.531005
27560001 0.532823
27570001 0.531462
27580001 0.532771
27590001 0.533865
27600001 0.532909
27610001 0.538714
27620001 0.535077
27630001 0.534998
27640001 0.537585
27650001 0.534218
27660001 0.533902
27670001 0.53551
27680001 0.534861
27690001 0.535787
27700001 0.536197
27710001 0.534339
27720001 0.531979
27730001 0.532445
27740001 0.53494
27750001 0.5342
27760001 0.534794
27770001 0.534016
27780001 0.53363
27790001 0.534943
27800001 0.535915
27810001 0.534905
27820001 0.533261
27830001 0.532528
27840001 0.533488
27850001 0.531656
27860001 0.53323
27870001 0.533348
27880001 0.534465
27890001 0.531204
27900001 0.53133
27910001 0.531702
27920001 0.534496
27930001 0.530939
27940001 0.533412
27950001 0.532203
27960001 0.534748
27970001 0.531527
27980001 0.533551
27990001 0.534258
28000001 0.537849
28010001 0.538002
28020001 0.537839
28030001 0.537557
28040001 0.535483
28050001 0.533502
28060001 0.535752
28070001 0.536202
28080001 0.535559
28090001 0.535955
28100001 0.533008
28110001 0.535731
28120001 0.534628
28130001 0.535076
28140001 0.535244
28150001 0.537157
28160001 0.53744
28170001 0.540551
28180001 0.539352
28190001 0.540008
28200001 0.539103
28210001 0.541238
28220001 0.541238
28230001 0.544053
28240001 0.542034
28250001 0.540828
28260001 0.540206
28270001 0.539654
28280001 0.54073
28290001 0.539014
28300001 0.540085
28310001 0.542396
28320001 0.542082
28330001 0.540653
28340001 0.540441
28350001 0.538179
28360001 0.542034
28370001 0.540436
28380001 0.54052
28390001 0.541586
28400001 0.53967
28410001 0.538553
28420001 0.538131
28430001 0.53879
28440001 0.539276
28450001 0.537986
28460001 0.532452
28470001 0.53353
28480001 0.536163
28490001 0.534735
28500001 0.535913
28510001 0.536097
28520001 0.538869
28530001 0.538773
28540001 0.536511
28550001 0.537625
28560001 0.53624
28570001 0.539415
28580001 0.537108
28590001 0.535339
28600001 0.532098
28610001 0.534752
28620001 0.534178
28630001 0.533561
28640001 0.534056
28650001 0.53439
28660001 0.534049
28670001 0.532199
28680001 0.536815
28690001 0.534124
28700001 0.534393
28710001 0.533547
28720001 0.535696
28730001 0.535291
28740001 0.532462
28750001 0.532458
28760001 0.531868
28770001 0.533513
28780001 0.534473
28790001 0.533417
28800001 0.534972
28810001 0.53518
28820001 0.534261
28830001 0.531657
28840001 0.52924
28850001 0.526459
28860001 0.527818
28870001 0.529229
28880001 0.528922
28890001 0.528108
28900001 0.531251
28910001 0.532237
28920001 0.534807
28930001 0.534787
28940001 0.534708
28950001 0.534082
28960001 0.538593
28970001 0.5364
28980001 0.534284
28990001 0.534956
29000001 0.535173
29010001 0.537074
29020001 0.537819
29030001 0.537009
29040001 0.537972
29050001 0.533745
29060001 0.533911
29070001 0.534369
29080001 0.536204
29090001 0.532848
29100001 0.536206
29110001 0.534424
29120001 0.531836
29130001 0.53368
29140001 0.533087
29150001 0.532054
29160001 0.532749
29170001 0.533495
29180001 0.532173
29190001 0.533044
29200001 0.538129
29210001 0.531645
29220001 0.532207
29230001 0.533249
29240001 0.532022
29250001 0.528925
29260001 0.529211
29270001 0.530774
29280001 0.531385
29290001 0.533553
29300001 0.53142
29310001 0.530041
29320001 0.529169
29330001 0.529631
29340001 0.534469
29350001 0.534055
29360001 0.532343
29370001 0.532414
29380001 0.528017
29390001 0.531164
29400001 0.533511
29410001 0.534454
29420001 0.536538
29430001 0.538008
29440001 0.536358
29450001 0.536389
29460001 0.534025
29470001 0.535895
29480001 0.534165
29490001 0.534111
29500001 0.535979
29510001 0.537641
29520001 0.536587
29530001 0.534653
29540001 0.536341
29550001 0.538114
29560001 0.537571
29570001 0.536645
29580001 0.538595
29590001 0.540552
29600001 0.537408
29610001 0.53716
29620001 0.534539
29630001 0.53479
29640001 0.536411
29650001 0.535975
29660001 0.535389
29670001 0.538006
29680001 0.536948
29690001 0.53648
29700001 0.53576
29710001 0.537689
29720001 0.53504
29730001 0.537639
29740001 0.538847
29750001 0.53796
29760001 0.539648
29770001 0.540086
29780001 0.541879
29790001 0.543018
29800001 0.545457
29810001 0.541982
29820001 0.540968
29830001 0.540618
29840001 0.539826
29850001 0.538161
29860001 0.536748
29870001 0.538067
29880001 0.536521
29890001 0.536837
29900001 0.535244
29910001 0.532593
29920001 0.530861
29930001 0.530619
29940001 0.532104
29950001 0.532422
29960001 0.53209
29970001 0.532475
29980001 0.530792
29990001 0.533194
