1 935.191
10001 34.5946
20001 13.9647
30001 7.48499
40001 5.2812
50001 4.01642
60001 3.40502
70001 3.23484
80001 2.88223
90001 2.64805
100001 2.74944
110001 2.41236
120001 2.44053
130001 2.4205
140001 2.27134
150001 2.5794
160001 2.30577
170001 2.34272
180001 2.30754
190001 2.40612
200001 2.22045
210001 2.3173
220001 2.31066
230001 2.43912
240001 2.26985
250001 2.27606
260001 2.25957
270001 2.17008
280001 2.28229
290001 2.18977
300001 2.1966
310001 2.40306
320001 2.46613
330001 2.23288
340001 2.18098
350001 2.26038
360001 2.28618
370001 2.25587
380001 2.33174
390001 2.42133
400001 2.25126
410001 2.23052
420001 2.19502
430001 2.29042
440001 2.25605
450001 2.26054
460001 2.25473
470001 2.41552
480001 2.35925
490001 2.31781
500001 2.36258
510001 2.24703
520001 2.33965
530001 2.17134
540001 2.30556
550001 2.20273
560001 2.37544
570001 2.24238
580001 2.2353
590001 2.29256
600001 2.22133
610001 2.28149
620001 2.2511
630001 2.35024
640001 2.32504
650001 2.27035
660001 2.20144
670001 2.23226
680001 2.29697
690001 2.27047
700001 2.28434
710001 2.20635
720001 2.2668
730001 2.3594
740001 2.27288
750001 2.22404
760001 2.23464
770001 2.16939
780001 2.24368
790001 2.25155
800001 2.32001
810001 2.31054
820001 2.34549
830001 2.28623
840001 2.28306
850001 2.15135
860001 2.28184
870001 2.31763
880001 2.23568
890001 2.24752
900001 2.31003
910001 2.31159
920001 2.30876
930001 2.25159
940001 2.30368
950001 2.27889
960001 2.28786
970001 2.28237
980001 2.22769
990001 2.19778
1000001 2.23183
1010001 2.16642
1020001 2.30447
1030001 2.29185
1040001 2.2434
1050001 2.28269
1060001 2.17765
1070001 2.23642
1080001 2.32161
1090001 2.26822
1100001 2.27911
1110001 2.27699
1120001 2.19598
1130001 2.18409
1140001 2.38766
1150001 2.29262
1160001 2.34774
1170001 2.31952
1180001 2.25162
1190001 2.2677
1200001 2.25541
1210001 2.34526
1220001 2.14745
1230001 2.28155
1240001 2.33871
1250001 2.26658
1260001 2.22181
1270001 2.24257
1280001 2.29319
1290001 2.30071
1300001 2.34646
1310001 2.4421
1320001 2.3287
1330001 2.26845
1340001 2.33618
1350001 2.27152
1360001 2.27177
1370001 2.35811
1380001 2.33522
1390001 2.2137
1400001 2.19813
1410001 2.27224
1420001 2.14516
1430001 2.27356
1440001 2.25124
1450001 2.25152
1460001 2.32489
1470001 2.45223
1480001 2.23243
1490001 2.20722
1500001 2.23036
1510001 2.53433
1520001 2.27625
1530001 2.15192
1540001 2.26532
1550001 2.43883
1560001 2.21522
1570001 2.33186
1580001 2.26083
1590001 2.28229
1600001 2.33979
1610001 2.47621
1620001 2.31656
1630001 2.35015
1640001 2.2707
1650001 2.31647
1660001 2.51652
1670001 2.18417
1680001 2.16831
1690001 2.36347
1700001 2.26266
1710001 2.2903
1720001 2.3393
1730001 2.2842
1740001 2.1827
1750001 2.18073
1760001 2.33009
1770001 2.37618
1780001 2.29778
1790001 2.25419
1800001 2.37955
1810001 2.37356
1820001 2.29651
1830001 2.25069
1840001 2.33788
1850001 2.19991
1860001 2.36407
1870001 2.31281
1880001 2.28999
1890001 2.28571
1900001 2.33131
1910001 2.30229
1920001 2.22467
1930001 2.2695
1940001 2.22813
1950001 2.32933
1960001 2.32672
1970001 2.22322
1980001 2.21878
1990001 2.27601
2000001 2.35906
2010001 2.17505
2020001 2.32701
2030001 2.40864
2040001 2.26512
2050001 2.27713
2060001 2.40824
2070001 2.2246
2080001 2.51375
2090001 2.29774
2100001 2.15376
2110001 2.27238
2120001 2.26552
2130001 2.3446
2140001 2.29201
2150001 2.29495
2160001 2.32364
2170001 2.254
2180001 2.23209
2190001 2.28043
2200001 2.35655
2210001 2.17163
2220001 2.15518
2230001 2.26213
2240001 2.39426
2250001 2.33033
2260001 2.49188
2270001 2.23513
2280001 2.32663
2290001 2.27188
2300001 2.26594
2310001 2.25282
2320001 2.47546
2330001 2.36138
2340001 2.32063
2350001 2.19749
2360001 2.13642
2370001 2.22343
2380001 2.39402
2390001 2.25114
2400001 2.28345
2410001 2.17028
2420001 2.22764
2430001 2.2881
2440001 2.33309
2450001 2.27734
2460001 2.38117
2470001 2.34207
2480001 2.30308
2490001 2.42318
2500001 2.34148
2510001 2.29376
2520001 2.2687
2530001 2.4047
2540001 2.24703
2550001 2.30844
2560001 2.28087
2570001 2.22246
2580001 2.28446
2590001 2.24201
2600001 2.25024
2610001 2.30791
2620001 2.21566
2630001 2.39137
2640001 2.26027
2650001 2.30739
2660001 2.17593
2670001 2.33837
2680001 2.32149
2690001 2.26806
2700001 2.1755
2710001 2.26972
2720001 2.18137
2730001 2.23719
2740001 2.2824
2750001 2.21185
2760001 2.19138
2770001 2.22283
2780001 2.21517
2790001 2.3298
2800001 2.30377
2810001 2.26581
2820001 2.21684
2830001 2.29044
2840001 2.27525
2850001 2.24604
2860001 2.27761
2870001 2.17343
2880001 2.2093
2890001 2.36776
2900001 2.28456
2910001 2.33562
2920001 2.285
2930001 2.21053
2940001 2.29477
2950001 2.26058
2960001 2.21387
2970001 2.19216
2980001 2.41859
2990001 2.30324
3000001 2.27751
3010001 2.21308
3020001 2.63207
3030001 2.23787
3040001 2.28536
3050001 2.29062
3060001 2.31136
3070001 2.31628
3080001 2.25581
3090001 2.19663
3100001 2.29632
3110001 2.4128
3120001 2.22442
3130001 2.22903
3140001 2.22237
3150001 2.26994
3160001 2.28689
3170001 2.26008
3180001 2.25324
3190001 2.19487
3200001 2.34135
3210001 2.22548
3220001 2.21407
3230001 2.23394
3240001 2.26662
3250001 2.28279
3260001 2.17547
3270001 2.50599
3280001 2.34441
3290001 2.37247
3300001 2.28196
3310001 2.35328
3320001 2.29065
3330001 2.34526
3340001 2.2132
3350001 2.32762
3360001 2.29621
3370001 2.32388
3380001 2.32292
3390001 2.2843
3400001 2.25051
3410001 2.25181
3420001 2.40105
3430001 2.23061
3440001 2.30181
3450001 2.26562
3460001 2.22654
3470001 2.21795
3480001 2.37661
3490001 2.30798
3500001 2.18008
3510001 2.16669
3520001 2.25678
3530001 2.2558
3540001 2.31774
3550001 2.23074
3560001 2.22115
3570001 2.36367
3580001 2.27904
3590001 2.47576
3600001 2.3684
3610001 2.21791
3620001 2.2133
3630001 2.21385
3640001 2.25737
3650001 2.362
3660001 2.38156
3670001 2.18486
3680001 2.18779
3690001 2.15326
3700001 2.39173
3710001 2.30603
3720001 2.29994
3730001 2.26259
3740001 2.22652
3750001 2.42018
3760001 2.20568
3770001 2.34513
3780001 2.31959
3790001 2.32765
3800001 2.31322
3810001 2.30185
3820001 2.24387
3830001 2.38673
3840001 2.2942
3850001 2.31245
3860001 2.16979
3870001 2.50694
3880001 2.49048
3890001 2.25273
3900001 2.25239
3910001 2.17289
3920001 2.27176
3930001 2.3433
3940001 2.27837
3950001 2.20417
3960001 2.29085
3970001 2.26201
3980001 2.41092
3990001 2.20939
4000001 2.29148
4010001 2.37897
4020001 2.37427
4030001 2.39599
4040001 2.22404
4050001 2.2583
4060001 2.30728
4070001 2.30294
4080001 2.24676
4090001 2.20164
4100001 2.32757
4110001 2.34004
4120001 2.3822
4130001 2.23234
4140001 2.2345
4150001 2.31263
4160001 2.33439
4170001 2.35063
4180001 2.23767
4190001 2.22536
4200001 2.17766
4210001 2.31012
4220001 2.48703
4230001 2.36111
4240001 2.24587
4250001 2.26193
4260001 2.23977
4270001 2.23895
4280001 2.471
4290001 2.26314
4300001 2.16643
4310001 2.27914
4320001 2.29673
4330001 2.26031
4340001 2.17368
4350001 2.31407
4360001 2.26802
4370001 2.24501
4380001 2.50669
4390001 2.23753
4400001 2.27213
4410001 2.3226
4420001 2.33237
4430001 2.28474
4440001 2.41024
4450001 2.3004
4460001 2.34406
4470001 2.1958
4480001 2.3263
4490001 2.16061
4500001 2.41733
4510001 2.41948
4520001 2.2169
4530001 2.24586
4540001 2.35393
4550001 2.4108
4560001 2.22031
4570001 2.27706
4580001 2.32097
4590001 2.27089
4600001 2.21761
4610001 2.21758
4620001 2.26843
4630001 2.29756
4640001 2.27492
4650001 2.19185
4660001 2.28057
4670001 2.32698
4680001 2.28685
4690001 2.38349
4700001 2.36314
4710001 2.24025
4720001 2.39823
4730001 2.25153
4740001 2.3009
4750001 2.36962
4760001 2.37823
4770001 2.21632
4780001 2.36621
4790001 2.28535
4800001 2.16412
4810001 2.50052
4820001 2.36375
4830001 2.29847
4840001 2.2699
4850001 2.18268
4860001 2.27894
4870001 2.36834
4880001 2.29692
4890001 2.33394
4900001 2.45973
4910001 2.22128
4920001 2.26959
4930001 2.20957
4940001 2.18332
4950001 2.33869
4960001 2.2341
4970001 2.31305
4980001 2.32214
4990001 2.32185
5000001 2.19924
5010001 2.20983
5020001 2.20914
5030001 2.34726
5040001 2.18835
5050001 2.36337
5060001 2.38195
5070001 2.21674
5080001 2.5019
5090001 2.31991
5100001 2.44642
5110001 2.24235
5120001 2.24612
5130001 2.4198
5140001 2.44637
5150001 2.48591
5160001 2.21604
5170001 2.24633
5180001 2.32056
5190001 2.20151
5200001 2.27989
5210001 2.27607
5220001 2.21171
5230001 2.39859
5240001 2.37996
5250001 2.23193
5260001 2.25419
5270001 2.23075
5280001 2.38418
5290001 2.2431
5300001 2.28404
5310001 2.58135
5320001 2.21309
5330001 2.38708
5340001 2.25199
5350001 2.32842
5360001 2.26827
5370001 2.34574
5380001 2.27921
5390001 2.29669
5400001 2.17527
5410001 2.29525
5420001 2.21208
5430001 2.2726
5440001 2.2146
5450001 2.24218
5460001 2.43945
5470001 2.32543
5480001 2.3103
5490001 2.28386
5500001 2.19525
5510001 2.34149
5520001 2.26809
5530001 2.25076
5540001 2.37042
5550001 2.28851
5560001 2.18524
5570001 2.31112
5580001 2.20851
5590001 2.31314
5600001 2.38663
5610001 2.34054
5620001 2.23069
5630001 2.22406
5640001 2.28479
5650001 2.27603
5660001 2.28045
5670001 2.2933
5680001 2.29413
5690001 2.28175
5700001 2.11911
5710001 2.31471
5720001 2.25746
5730001 2.23494
5740001 2.24347
5750001 2.20982
5760001 2.25375
5770001 2.42447
5780001 2.1621
5790001 2.22867
5800001 2.4285
5810001 2.22785
5820001 2.17085
5830001 2.28642
5840001 2.33435
5850001 2.23397
5860001 2.31362
5870001 2.21914
5880001 2.4593
5890001 2.1858
5900001 2.3532
5910001 2.22561
5920001 2.24931
5930001 2.23415
5940001 2.14567
5950001 2.2446
5960001 2.37764
5970001 2.21684
5980001 2.32983
5990001 2.41104
6000001 2.30647
6010001 2.27259
6020001 2.34623
6030001 2.15752
6040001 2.31016
6050001 2.21839
6060001 2.24125
6070001 2.35378
6080001 2.37949
6090001 2.25572
6100001 2.24509
6110001 2.28139
6120001 2.37703
6130001 2.26176
6140001 2.17032
6150001 2.255
6160001 2.3751
6170001 2.29503
6180001 2.22735
6190001 2.36507
6200001 2.39051
6210001 2.20295
6220001 2.22508
6230001 2.21749
6240001 2.28885
6250001 2.11587
6260001 2.58533
6270001 2.20257
6280001 2.47136
6290001 2.27013
6300001 2.36548
6310001 2.32115
6320001 2.2653
6330001 2.31156
6340001 2.34738
6350001 2.31945
6360001 2.32361
6370001 2.1425
6380001 2.21862
6390001 2.46395
6400001 2.28452
6410001 2.2045
6420001 2.21753
6430001 2.26667
6440001 2.2826
6450001 2.28358
6460001 2.28723
6470001 2.36567
6480001 2.32115
6490001 2.26272
6500001 2.31785
6510001 2.37172
6520001 2.25772
6530001 2.31896
6540001 2.2578
6550001 2.28122
6560001 2.25834
6570001 2.21914
6580001 2.28893
6590001 2.30749
6600001 2.49081
6610001 2.29381
6620001 2.18399
6630001 2.31373
6640001 2.14322
6650001 2.26881
6660001 2.36596
6670001 2.2866
6680001 2.25291
6690001 2.39431
6700001 2.40382
6710001 2.3116
6720001 2.23155
6730001 2.22609
6740001 2.25009
6750001 2.28764
6760001 2.25073
6770001 2.2712
6780001 2.21224
6790001 2.19826
6800001 2.2868
6810001 2.46761
6820001 2.27231
6830001 2.39956
6840001 2.21876
6850001 2.20472
6860001 2.33576
6870001 2.37314
6880001 2.29412
6890001 2.24994
6900001 2.28299
6910001 2.4789
6920001 2.24365
6930001 2.24069
6940001 2.23061
6950001 2.38605
6960001 2.28548
6970001 2.23971
6980001 2.27964
6990001 2.19838
7000001 2.34271
7010001 2.254
7020001 2.33776
7030001 2.35549
7040001 2.31603
7050001 2.29004
7060001 2.15941
7070001 2.54201
7080001 2.33024
7090001 2.21197
7100001 2.29412
7110001 2.34089
7120001 2.29118
7130001 2.36881
7140001 2.30234
7150001 2.25079
7160001 2.26668
7170001 2.30594
7180001 2.38068
7190001 2.26093
7200001 2.22926
7210001 2.28741
7220001 2.18155
7230001 2.37736
7240001 2.19226
7250001 2.21691
7260001 2.28763
7270001 2.31392
7280001 2.24241
7290001 2.22707
7300001 2.26342
7310001 2.38514
7320001 2.27616
7330001 2.242
7340001 2.24271
7350001 2.3251
7360001 2.25806
7370001 2.62012
7380001 2.33866
7390001 2.27204
7400001 2.43225
7410001 2.34409
7420001 2.24111
7430001 2.21392
7440001 2.2207
7450001 2.29853
7460001 2.25412
7470001 2.33755
7480001 2.46498
7490001 2.22862
7500001 2.31055
7510001 2.15463
7520001 2.26295
7530001 2.30968
7540001 2.22793
7550001 2.29342
7560001 2.35259
7570001 2.33307
7580001 2.25742
7590001 2.34394
7600001 2.37508
7610001 2.21564
7620001 2.41154
7630001 2.35369
7640001 2.28577
7650001 2.25724
7660001 2.29267
7670001 2.20497
7680001 2.16613
7690001 2.2247
7700001 2.20972
7710001 2.21971
7720001 2.21415
7730001 2.30115
7740001 2.21666
7750001 2.35046
7760001 2.26977
7770001 2.21185
7780001 2.21254
7790001 2.19703
7800001 2.52064
7810001 2.42543
7820001 2.19728
7830001 2.3124
7840001 2.20026
7850001 2.26697
7860001 2.31381
7870001 2.56769
7880001 2.36984
7890001 2.265
7900001 2.24199
7910001 2.23478
7920001 2.27349
7930001 2.19895
7940001 2.34802
7950001 2.23181
7960001 2.34599
7970001 2.2451
7980001 2.28028
7990001 2.24313
8000001 2.32644
8010001 2.18696
8020001 2.28771
8030001 2.28545
8040001 2.30196
8050001 2.29673
8060001 2.32625
8070001 2.19876
8080001 2.24646
8090001 2.25579
8100001 2.3185
8110001 2.28938
8120001 2.35722
8130001 2.18677
8140001 2.22882
8150001 2.41007
8160001 2.38621
8170001 2.27696
8180001 2.27167
8190001 2.31057
8200001 2.28266
8210001 2.33453
8220001 2.21213
8230001 2.18323
8240001 2.27647
8250001 2.27798
8260001 2.19518
8270001 2.34834
8280001 2.33261
8290001 2.29637
8300001 2.21082
8310001 2.27203
8320001 2.36628
8330001 2.51383
8340001 2.45063
8350001 2.31262
8360001 2.24488
8370001 2.30395
8380001 2.42442
8390001 2.18982
8400001 2.23939
8410001 2.36322
8420001 2.35844
8430001 2.28151
8440001 2.33646
8450001 2.32343
8460001 2.35653
8470001 2.45508
8480001 2.37754
8490001 2.28455
8500001 2.28355
8510001 2.2325
8520001 2.24891
8530001 2.22228
8540001 2.30572
8550001 2.41533
8560001 2.30551
8570001 2.28267
8580001 2.25682
8590001 2.46993
8600001 2.25707
8610001 2.2218
8620001 2.23256
8630001 2.31726
8640001 2.21026
8650001 2.32064
8660001 2.18623
8670001 2.21392
8680001 2.35925
8690001 2.24192
8700001 2.3226
8710001 2.27777
8720001 2.3402
8730001 2.26023
8740001 2.20076
8750001 2.25678
8760001 2.33816
8770001 2.23713
8780001 2.19931
8790001 2.5415
8800001 2.32872
8810001 2.39377
8820001 2.30766
8830001 2.40396
8840001 2.3199
8850001 2.34158
8860001 2.24347
8870001 2.37975
8880001 2.25919
8890001 2.32716
8900001 2.35772
8910001 2.1992
8920001 2.34668
8930001 2.22236
8940001 2.26753
8950001 2.37227
8960001 2.23773
8970001 2.26564
8980001 2.30803
8990001 2.31251
9000001 2.24785
9010001 2.27654
9020001 2.37911
9030001 2.30719
9040001 2.29659
9050001 2.32666
9060001 2.32971
9070001 2.35744
9080001 2.31061
9090001 2.21407
9100001 2.29424
9110001 2.23455
9120001 2.23528
9130001 2.27619
9140001 2.27742
9150001 2.29835
9160001 2.38792
9170001 2.29053
9180001 2.3802
9190001 2.19609
9200001 2.27407
9210001 2.31364
9220001 2.27433
9230001 2.25501
9240001 2.33524
9250001 2.30736
9260001 2.27212
9270001 2.27391
9280001 2.18318
9290001 2.32596
9300001 2.26572
9310001 2.24143
9320001 2.38086
9330001 2.24986
9340001 2.2534
9350001 2.2265
9360001 2.26286
9370001 2.34764
9380001 2.35595
9390001 2.2363
9400001 2.26745
9410001 2.26185
9420001 2.28543
9430001 2.1662
9440001 2.2813
9450001 2.22394
9460001 2.35589
9470001 2.27367
9480001 2.27129
9490001 2.30045
9500001 2.37161
9510001 2.20252
9520001 2.28464
9530001 2.31467
9540001 2.40862
9550001 2.25454
9560001 2.19182
9570001 2.36778
9580001 2.44842
9590001 2.31827
9600001 2.25072
9610001 2.40625
9620001 2.23775
9630001 2.26534
9640001 2.15456
9650001 2.29945
9660001 2.27214
9670001 2.33509
9680001 2.25763
9690001 2.40361
9700001 2.32591
9710001 2.17736
9720001 2.34318
9730001 2.3152
9740001 2.15393
9750001 2.37176
9760001 2.53868
9770001 2.3421
9780001 2.41889
9790001 2.2305
9800001 2.15671
9810001 2.30911
9820001 2.25554
9830001 2.41646
9840001 2.34493
9850001 2.33423
9860001 2.30372
9870001 2.31853
9880001 2.21516
9890001 2.24015
9900001 2.43205
9910001 2.37713
9920001 2.31496
9930001 2.32558
9940001 2.3209
9950001 2.33393
9960001 2.36777
9970001 2.28326
9980001 2.2709
9990001 2.26878
