1 2697.53
10001 233.782
20001 148.267
30001 106.795
40001 79.01
50001 61.1626
60001 49.6485
70001 40.72
80001 34.4949
90001 29.6391
100001 26.0726
110001 23.812
120001 21.1675
130001 19.5298
140001 17.9614
150001 16.751
160001 15.7604
170001 14.7565
180001 14.0826
190001 13.4375
200001 12.8373
210001 12.313
220001 11.9416
230001 11.4695
240001 11.0317
250001 10.9198
260001 10.4162
270001 10.152
280001 9.8607
290001 9.69229
300001 9.35164
310001 9.28021
320001 8.98951
330001 8.71575
340001 8.57022
350001 8.34903
360001 8.36027
370001 8.27167
380001 8.12307
390001 7.85699
400001 7.61823
410001 7.58238
420001 7.44498
430001 7.3157
440001 7.25395
450001 7.35377
460001 7.05404
470001 7.05436
480001 6.87731
490001 7.08362
500001 6.74759
510001 6.74812
520001 6.64695
530001 6.52915
540001 6.48319
550001 6.40411
560001 6.30042
570001 6.26976
580001 6.31865
590001 6.34741
600001 6.65364
610001 6.343
620001 6.02801
630001 5.98396
640001 6.01534
650001 5.96515
660001 5.9554
670001 5.93892
680001 5.90084
690001 5.78418
700001 5.6797
710001 5.74363
720001 5.66967
730001 5.74439
740001 5.70959
750001 5.70502
760001 5.74001
770001 5.5775
780001 5.5899
790001 5.65877
800001 5.48718
810001 5.56101
820001 5.63073
830001 5.56183
840001 5.28929
850001 5.49247
860001 5.38964
870001 5.67788
880001 5.36543
890001 5.37388
900001 5.31324
910001 5.17242
920001 5.21785
930001 5.18213
940001 5.18274
950001 5.24103
960001 5.12832
970001 5.25525
980001 5.48275
990001 5.16132
1000001 5.10675
1010001 5.12475
1020001 5.10956
1030001 5.21007
1040001 5.05807
1050001 5.08881
1060001 5.06324
1070001 5.03764
1080001 4.98739
1090001 4.96443
1100001 4.95834
1110001 4.92399
1120001 4.9615
1130001 5.02085
1140001 4.96669
1150001 4.85088
1160001 4.99374
1170001 4.97558
1180001 5.04783
1190001 4.99157
1200001 4.80219
1210001 5.14356
1220001 4.97965
1230001 4.92869
1240001 4.87237
1250001 4.80981
1260001 4.88486
1270001 4.79234
1280001 4.8081
1290001 4.89074
1300001 4.95761
1310001 4.88511
1320001 4.89067
1330001 4.86915
1340001 4.76858
1350001 4.79787
1360001 4.85596
1370001 4.77355
1380001 4.68926
1390001 4.86548
1400001 4.78926
1410001 4.92871
1420001 4.87924
1430001 4.6888
1440001 4.67969
1450001 4.72427
1460001 4.66524
1470001 4.71293
1480001 4.76551
1490001 4.69683
1500001 4.67431
1510001 4.56377
1520001 4.77682
1530001 4.58154
1540001 4.80056
1550001 4.71056
1560001 4.57427
1570001 4.82645
1580001 4.74787
1590001 4.60656
1600001 4.66337
1610001 4.67637
1620001 4.60353
1630001 4.64061
1640001 4.65557
1650001 4.54825
1660001 4.6744
1670001 4.5123
1680001 4.67277
1690001 4.67334
1700001 4.60032
1710001 4.71033
1720001 4.67208
1730001 4.48251
1740001 4.67666
1750001 4.68903
1760001 4.50161
1770001 4.57101
1780001 4.4939
1790001 4.55128
1800001 4.59273
1810001 4.63978
1820001 4.67447
1830001 4.62667
1840001 4.63083
1850001 4.67892
1860001 4.57137
1870001 4.74837
1880001 4.52071
1890001 4.50352
1900001 4.4916
1910001 4.43868
1920001 4.50056
1930001 4.5331
1940001 4.54856
1950001 4.60951
1960001 4.47171
1970001 4.52863
1980001 4.5846
1990001 4.7269
2000001 4.56085
2010001 4.68843
2020001 4.54768
2030001 4.50949
2040001 4.62012
2050001 4.5653
2060001 4.49686
2070001 4.49475
2080001 4.55563
2090001 4.46689
2100001 4.54182
2110001 4.4759
2120001 4.65493
2130001 4.48098
2140001 4.60912
2150001 4.74917
2160001 4.44793
2170001 4.76324
2180001 4.46931
2190001 4.73195
2200001 4.48543
2210001 4.49676
2220001 4.55953
2230001 4.6253
2240001 4.49206
2250001 4.40153
2260001 4.54875
2270001 4.61801
2280001 4.53924
2290001 4.62489
2300001 4.47452
2310001 4.43279
2320001 4.39309
2330001 4.54806
2340001 4.47516
2350001 4.40908
2360001 4.35915
2370001 4.48622
2380001 4.46319
2390001 4.43755
2400001 4.49301
2410001 4.38656
2420001 4.43502
2430001 4.40881
2440001 4.50806
2450001 4.49047
2460001 4.4703
2470001 4.72298
2480001 4.60768
2490001 4.53168
2500001 4.51687
2510001 4.54658
2520001 4.56056
2530001 4.63613
2540001 4.41343
2550001 4.59149
2560001 4.51393
2570001 4.55971
2580001 4.58437
2590001 4.57122
2600001 4.49731
2610001 4.53444
2620001 4.4986
2630001 4.48144
2640001 4.53713
2650001 4.34792
2660001 4.37896
2670001 4.46214
2680001 4.46667
2690001 4.63789
2700001 4.43595
2710001 4.48967
2720001 4.60718
2730001 4.6648
2740001 4.78896
2750001 4.56084
2760001 4.67182
2770001 4.68779
2780001 4.37387
2790001 4.5626
2800001 4.40515
2810001 4.56886
2820001 4.48388
2830001 4.45516
2840001 4.37346
2850001 4.41947
2860001 4.38465
2870001 4.44352
2880001 4.32571
2890001 4.40358
2900001 4.54859
2910001 4.6721
2920001 4.50662
2930001 4.43956
2940001 4.5146
2950001 4.48282
2960001 4.47066
2970001 4.37487
2980001 4.43603
2990001 4.34848
3000001 4.55225
3010001 4.48495
3020001 4.59035
3030001 4.66005
3040001 4.54903
3050001 4.50361
3060001 4.44154
3070001 4.45476
3080001 4.49407
3090001 4.44091
3100001 4.34647
3110001 4.36316
3120001 4.49535
3130001 4.56283
3140001 4.44715
3150001 4.4467
3160001 4.48623
3170001 4.38064
3180001 4.50929
3190001 4.36477
3200001 4.512
3210001 4.41014
3220001 4.39497
3230001 4.38273
3240001 4.32606
3250001 4.53431
3260001 4.4685
3270001 4.45385
3280001 4.48368
3290001 4.45803
3300001 4.57196
3310001 4.35922
3320001 4.53085
3330001 4.44595
3340001 4.36984
3350001 4.56843
3360001 4.34799
3370001 4.41484
3380001 4.55171
3390001 4.3892
3400001 4.56761
3410001 4.54352
3420001 4.4768
3430001 4.34009
3440001 4.54848
3450001 4.51674
3460001 4.40459
3470001 4.5052
3480001 4.53488
3490001 4.44674
3500001 4.31415
3510001 4.3375
3520001 4.35722
3530001 4.39631
3540001 4.46279
3550001 4.51775
3560001 4.39828
3570001 4.33842
3580001 4.51909
3590001 4.42405
3600001 4.51373
3610001 4.54934
3620001 4.63416
3630001 4.42441
3640001 4.52147
3650001 4.49535
3660001 4.46288
3670001 4.40703
3680001 4.56797
3690001 4.34429
3700001 4.38964
3710001 4.40885
3720001 4.44574
3730001 4.4476
3740001 4.47412
3750001 4.37771
3760001 4.38577
3770001 4.41991
3780001 4.50914
3790001 4.29018
3800001 4.3179
3810001 4.3824
3820001 4.31698
3830001 4.27564
3840001 4.33111
3850001 4.33032
3860001 4.40969
3870001 4.41658
3880001 4.38909
3890001 4.49831
3900001 4.50416
3910001 4.50114
3920001 4.49529
3930001 4.4454
3940001 4.46951
3950001 4.42478
3960001 4.35881
3970001 4.32524
3980001 4.44659
3990001 4.45762
4000001 4.30687
4010001 4.40552
4020001 4.56316
4030001 4.46779
4040001 4.62021
4050001 4.52621
4060001 4.33223
4070001 4.27806
4080001 4.45657
4090001 4.48801
4100001 4.52083
4110001 4.41241
4120001 4.34131
4130001 4.49005
4140001 4.56289
4150001 4.38617
4160001 4.35083
4170001 4.53764
4180001 4.5045
4190001 4.40124
4200001 4.38025
4210001 4.51174
4220001 4.47385
4230001 4.35985
4240001 4.46027
4250001 4.45672
4260001 4.46611
4270001 4.4246
4280001 4.34954
4290001 4.49564
4300001 4.36784
4310001 4.46245
4320001 4.47661
4330001 4.60937
4340001 4.43485
4350001 4.44008
4360001 4.37303
4370001 4.40901
4380001 4.39643
4390001 4.44761
4400001 4.51935
4410001 4.44022
4420001 4.31149
4430001 4.34094
4440001 4.50514
4450001 4.53745
4460001 4.44525
4470001 4.35397
4480001 4.32271
4490001 4.34948
4500001 4.34162
4510001 4.46768
4520001 4.50266
4530001 4.46021
4540001 4.66643
4550001 4.58255
4560001 4.53486
4570001 4.43612
4580001 4.38091
4590001 4.57864
4600001 4.44065
4610001 4.34679
4620001 4.45164
4630001 4.22636
4640001 4.26308
4650001 4.3855
4660001 4.38338
4670001 4.40345
4680001 4.4812
4690001 4.50796
4700001 4.41335
4710001 4.57333
4720001 4.39274
4730001 4.46734
4740001 4.55759
4750001 4.52274
4760001 4.3975
4770001 4.29598
4780001 4.34514
4790001 4.41354
4800001 4.32289
4810001 4.4
4820001 4.41586
4830001 4.45739
4840001 4.41751
4850001 4.55688
4860001 4.4064
4870001 4.39686
4880001 4.47104
4890001 4.35834
4900001 4.5169
4910001 4.84987
4920001 4.43361
4930001 4.4162
4940001 4.48019
4950001 4.24577
4960001 4.52709
4970001 4.39387
4980001 4.4521
4990001 4.49862
5000001 4.28888
5010001 4.27225
5020001 4.40689
5030001 4.54217
5040001 4.37803
5050001 4.52844
5060001 4.35367
5070001 4.35286
5080001 4.35018
5090001 4.34572
5100001 4.34693
5110001 4.39096
5120001 4.37871
5130001 4.34701
5140001 4.39614
5150001 4.39017
5160001 4.32373
5170001 4.5963
5180001 4.42195
5190001 4.48018
5200001 4.41966
5210001 4.44189
5220001 4.35811
5230001 4.65941
5240001 4.46683
5250001 4.59267
5260001 4.53137
5270001 4.36135
5280001 4.46967
5290001 4.47219
5300001 4.30734
5310001 4.42334
5320001 4.61112
5330001 4.45783
5340001 4.4602
5350001 4.4856
5360001 4.41801
5370001 4.638
5380001 4.49799
5390001 4.4498
5400001 4.47309
5410001 4.33783
5420001 4.43658
5430001 4.37492
5440001 4.45882
5450001 4.50681
5460001 4.59271
5470001 4.605
5480001 4.24686
5490001 4.39984
5500001 4.38002
5510001 4.44796
5520001 4.44526
5530001 4.534
5540001 4.51064
5550001 4.46182
5560001 4.41338
5570001 4.33969
5580001 4.3777
5590001 4.45337
5600001 4.31918
5610001 4.36145
5620001 4.48529
5630001 4.60107
5640001 4.44207
5650001 4.44507
5660001 4.37478
5670001 4.43307
5680001 4.3533
5690001 4.40499
5700001 4.38697
5710001 4.38526
5720001 4.35286
5730001 4.53168
5740001 4.43678
5750001 4.47337
5760001 4.38433
5770001 4.34553
5780001 4.29564
5790001 4.40396
5800001 4.24033
5810001 4.36602
5820001 4.48828
5830001 4.47084
5840001 4.30281
5850001 4.31022
5860001 4.39648
5870001 4.38191
5880001 4.44603
5890001 4.50058
5900001 4.47474
5910001 4.33717
5920001 4.52928
5930001 4.53812
5940001 4.54043
5950001 4.32381
5960001 4.30023
5970001 4.63284
5980001 4.37499
5990001 4.49632
6000001 4.34666
6010001 4.33419
6020001 4.28605
6030001 4.45592
6040001 4.35231
6050001 4.35865
6060001 4.37034
6070001 4.50854
6080001 4.4136
6090001 4.35172
6100001 4.35465
6110001 4.32982
6120001 4.34796
6130001 4.54017
6140001 4.28949
6150001 4.33127
6160001 4.62414
6170001 4.41969
6180001 4.2927
6190001 4.26816
6200001 4.27372
6210001 4.46532
6220001 4.3876
6230001 4.43273
6240001 4.28517
6250001 4.29775
6260001 4.34901
6270001 4.40233
6280001 4.37524
6290001 4.3997
6300001 4.39008
6310001 4.45377
6320001 4.35589
6330001 4.41004
6340001 4.36042
6350001 4.49203
6360001 4.48719
6370001 4.383
6380001 4.36601
6390001 4.49832
6400001 4.435
6410001 4.4572
6420001 4.66256
6430001 4.63171
6440001 4.43982
6450001 4.32832
6460001 4.47042
6470001 4.40306
6480001 4.33778
6490001 4.46412
6500001 4.32228
6510001 4.3888
6520001 4.33336
6530001 4.41879
6540001 4.45074
6550001 4.45153
6560001 4.64266
6570001 4.56231
6580001 4.31045
6590001 4.34114
6600001 4.36046
6610001 4.43519
6620001 4.39073
6630001 4.41792
6640001 4.37466
6650001 4.37207
6660001 4.38535
6670001 4.33143
6680001 4.28414
6690001 4.39577
6700001 4.47674
6710001 4.42283
6720001 4.4689
6730001 4.2723
6740001 4.31082
6750001 4.42087
6760001 4.50081
6770001 4.45572
6780001 4.33086
6790001 4.33109
6800001 4.52571
6810001 4.46968
6820001 4.3719
6830001 4.40762
6840001 4.5256
6850001 4.43483
6860001 4.40746
6870001 4.46112
6880001 4.45641
6890001 4.54375
6900001 4.44306
6910001 4.50962
6920001 4.33044
6930001 4.3715
6940001 4.55876
6950001 4.46393
6960001 4.41343
6970001 4.43988
6980001 4.33282
6990001 4.35344
7000001 4.34906
7010001 4.38837
7020001 4.54621
7030001 4.38259
7040001 4.3903
7050001 4.35779
7060001 4.39605
7070001 4.35794
7080001 4.48203
7090001 4.33689
7100001 4.32762
7110001 4.33773
7120001 4.50281
7130001 4.41731
7140001 4.42628
7150001 4.39028
7160001 4.45281
7170001 4.53651
7180001 4.6371
7190001 4.46804
7200001 4.5086
7210001 4.47567
7220001 4.448
7230001 4.51364
7240001 4.47533
7250001 4.54509
7260001 4.45356
7270001 4.34533
7280001 4.48079
7290001 4.33978
7300001 4.33246
7310001 4.32305
7320001 4.3418
7330001 4.38908
7340001 4.4878
7350001 4.47827
7360001 4.50478
7370001 4.55982
7380001 4.31106
7390001 4.40841
7400001 4.67108
7410001 4.5147
7420001 4.30071
7430001 4.47574
7440001 4.36902
7450001 4.31526
7460001 4.3439
7470001 4.33963
7480001 4.33484
7490001 4.36511
7500001 4.32637
7510001 4.2479
7520001 4.43291
7530001 4.42672
7540001 4.3499
7550001 4.33561
7560001 4.4005
7570001 4.38646
7580001 4.31741
7590001 4.50985
7600001 4.47921
7610001 4.45045
7620001 4.43914
7630001 4.36643
7640001 4.58541
7650001 4.27977
7660001 4.34183
7670001 4.39076
7680001 4.40955
7690001 4.5048
7700001 4.32216
7710001 4.27966
7720001 4.40195
7730001 4.40189
7740001 4.38566
7750001 4.35499
7760001 4.30991
7770001 4.27705
7780001 4.29166
7790001 4.358
7800001 4.50629
7810001 4.27241
7820001 4.31375
7830001 4.56704
7840001 4.38832
7850001 4.39953
7860001 4.31086
7870001 4.33257
7880001 4.40772
7890001 4.41017
7900001 4.39526
7910001 4.31784
7920001 4.28259
7930001 4.36806
7940001 4.27146
7950001 4.53316
7960001 4.40083
7970001 4.39544
7980001 4.32679
7990001 4.56361
8000001 4.40901
8010001 4.42206
8020001 4.41905
8030001 4.37039
8040001 4.44813
8050001 4.32925
8060001 4.42379
8070001 4.33167
8080001 4.39691
8090001 4.42165
8100001 4.35495
8110001 4.35762
8120001 4.37958
8130001 4.55545
8140001 4.3699
8150001 4.30612
8160001 4.36806
8170001 4.41255
8180001 4.38804
8190001 4.26282
8200001 4.29166
8210001 4.2536
8220001 4.46125
8230001 4.77267
8240001 4.41838
8250001 4.37066
8260001 4.38875
8270001 4.43302
8280001 4.47556
8290001 4.40328
8300001 4.23474
8310001 4.45467
8320001 4.28371
8330001 4.39182
8340001 4.32357
8350001 4.43973
8360001 4.43065
8370001 4.29084
8380001 4.46351
8390001 4.42577
8400001 4.36135
8410001 4.35915
8420001 4.63793
8430001 4.54063
8440001 4.30794
8450001 4.47848
8460001 4.66157
8470001 4.47201
8480001 4.34968
8490001 4.47028
8500001 4.30513
8510001 4.49623
8520001 4.40763
8530001 4.35211
8540001 4.35281
8550001 4.45666
8560001 4.24306
8570001 4.39613
8580001 4.34812
8590001 4.37141
8600001 4.48585
8610001 4.40786
8620001 4.32206
8630001 4.47347
8640001 4.29968
8650001 4.31438
8660001 4.41878
8670001 4.44521
8680001 4.46447
8690001 4.40652
8700001 4.40186
8710001 4.51386
8720001 4.32929
8730001 4.59161
8740001 4.47859
8750001 4.41647
8760001 4.30248
8770001 4.39608
8780001 4.44248
8790001 4.35211
8800001 4.31275
8810001 4.35229
8820001 4.35742
8830001 4.43534
8840001 4.38127
8850001 4.41374
8860001 4.24504
8870001 4.41115
8880001 4.24781
8890001 4.49937
8900001 4.42144
8910001 4.44788
8920001 4.2889
8930001 4.2635
8940001 4.36484
8950001 4.45467
8960001 4.34393
8970001 4.33108
8980001 4.29727
8990001 4.3364
9000001 4.35973
9010001 4.41441
9020001 4.36613
9030001 4.34201
9040001 4.33751
9050001 4.5138
9060001 4.49667
9070001 4.45327
9080001 4.47051
9090001 4.33269
9100001 4.41414
9110001 4.35762
9120001 4.4002
9130001 4.43351
9140001 4.47824
9150001 4.39441
9160001 4.25671
9170001 4.46747
9180001 4.27533
9190001 4.4421
9200001 4.48725
9210001 4.34352
9220001 4.24262
9230001 4.31891
9240001 4.53314
9250001 4.39099
9260001 4.46299
9270001 4.42603
9280001 4.34248
9290001 4.41649
9300001 4.45492
9310001 4.22341
9320001 4.42758
9330001 4.44772
9340001 4.52753
9350001 4.35511
9360001 4.40458
9370001 4.41682
9380001 4.45418
9390001 4.50674
9400001 4.2112
9410001 4.31601
9420001 4.33575
9430001 4.27775
9440001 4.38715
9450001 4.48018
9460001 4.27693
9470001 4.47664
9480001 4.46607
9490001 4.27962
9500001 4.39274
9510001 4.25849
9520001 4.40313
9530001 4.40804
9540001 4.49807
9550001 4.29625
9560001 4.40406
9570001 4.37435
9580001 4.33697
9590001 4.42427
9600001 4.36371
9610001 4.33159
9620001 4.48517
9630001 4.37405
9640001 4.39998
9650001 4.52083
9660001 4.57628
9670001 4.31607
9680001 4.54591
9690001 4.53632
9700001 4.42634
9710001 4.53292
9720001 4.51824
9730001 4.45658
9740001 4.35696
9750001 4.51693
9760001 4.38252
9770001 4.43229
9780001 4.38594
9790001 4.32737
9800001 4.41545
9810001 4.37732
9820001 4.39048
9830001 4.40905
9840001 4.47492
9850001 4.50295
9860001 4.40628
9870001 4.27219
9880001 4.42447
9890001 4.37413
9900001 4.41509
9910001 4.39246
9920001 4.39522
9930001 4.4348
9940001 4.36989
9950001 4.26871
9960001 4.30419
9970001 4.49535
9980001 4.47141
9990001 4.35104
