1 2181.09
10001 192.669
20001 122.219
30001 84.6742
40001 61.4988
50001 45.879
60001 35.1773
70001 28.2625
80001 23.2853
90001 19.7483
100001 17.3253
110001 15.3459
120001 13.8093
130001 12.7073
140001 11.7635
150001 11.0559
160001 10.4834
170001 9.99358
180001 9.62959
190001 9.26409
200001 8.88504
210001 8.61467
220001 8.31307
230001 8.07212
240001 7.91662
250001 7.67034
260001 7.47572
270001 7.31852
280001 7.13827
290001 7.00263
300001 6.91868
310001 6.74356
320001 6.59619
330001 6.48619
340001 6.39328
350001 6.27321
360001 6.19583
370001 6.09638
380001 5.93932
390001 5.86619
400001 5.82055
410001 5.72467
420001 5.67403
430001 5.5792
440001 5.48668
450001 5.44067
460001 5.35633
470001 5.30718
480001 5.23566
490001 5.19813
500001 5.08876
510001 5.05379
520001 5.01249
530001 4.92921
540001 4.87744
550001 4.85274
560001 4.77421
570001 4.7368
580001 4.69627
590001 4.64003
600001 4.59195
610001 4.56961
620001 4.54022
630001 4.51807
640001 4.46438
650001 4.42265
660001 4.36202
670001 4.3332
680001 4.32364
690001 4.27148
700001 4.22604
710001 4.17976
720001 4.12839
730001 4.12389
740001 4.09481
750001 4.02712
760001 4.00854
770001 3.97331
780001 3.97162
790001 3.93395
800001 3.90327
810001 3.87553
820001 3.87547
830001 3.80241
840001 3.79672
850001 3.77102
860001 3.774
870001 3.72193
880001 3.71695
890001 3.70729
900001 3.66353
910001 3.64364
920001 3.64881
930001 3.61011
940001 3.59106
950001 3.56885
960001 3.50619
970001 3.51795
980001 3.49647
990001 3.50698
1000001 3.46636
1010001 3.42419
1020001 3.44131
1030001 3.39459
1040001 3.37418
1050001 3.36244
1060001 3.35458
1070001 3.33234
1080001 3.33949
1090001 3.31543
1100001 3.2925
1110001 3.27593
1120001 3.27667
1130001 3.24386
1140001 3.22632
1150001 3.21179
1160001 3.20673
1170001 3.19067
1180001 3.14822
1190001 3.113
1200001 3.12217
1210001 3.08107
1220001 3.06065
1230001 3.07087
1240001 3.0279
1250001 3.0151
1260001 3.02718
1270001 3.01862
1280001 2.99164
1290001 2.95374
1300001 2.96883
1310001 2.96721
1320001 2.94994
1330001 2.95913
1340001 2.93826
1350001 2.94327
1360001 2.93345
1370001 2.88766
1380001 2.86654
1390001 2.84164
1400001 2.82833
1410001 2.85726
1420001 2.80386
1430001 2.82465
1440001 2.82847
1450001 2.82256
1460001 2.84208
1470001 2.81618
1480001 2.79103
1490001 2.79129
1500001 2.78512
1510001 2.75717
1520001 2.76973
1530001 2.727
1540001 2.76287
1550001 2.7396
1560001 2.69602
1570001 2.69589
1580001 2.69865
1590001 2.70399
1600001 2.6637
1610001 2.67004
1620001 2.67462
1630001 2.67109
1640001 2.65884
1650001 2.63712
1660001 2.63425
1670001 2.61455
1680001 2.62151
1690001 2.60015
1700001 2.61706
1710001 2.59854
1720001 2.5896
1730001 2.58091
1740001 2.53532
1750001 2.55716
1760001 2.54675
1770001 2.55541
1780001 2.56028
1790001 2.52221
1800001 2.52654
1810001 2.52166
1820001 2.5273
1830001 2.50332
1840001 2.51606
1850001 2.50228
1860001 2.51224
1870001 2.49886
1880001 2.50638
1890001 2.49596
1900001 2.4717
1910001 2.45334
1920001 2.44787
1930001 2.45324
1940001 2.44814
1950001 2.41586
1960001 2.40126
1970001 2.41677
1980001 2.40918
1990001 2.40544
2000001 2.40601
2010001 2.40595
2020001 2.3965
2030001 2.38761
2040001 2.39411
2050001 2.38767
2060001 2.37902
2070001 2.35728
2080001 2.36801
2090001 2.37145
2100001 2.35208
2110001 2.34703
2120001 2.31413
2130001 2.31672
2140001 2.327
2150001 2.31749
2160001 2.31523
2170001 2.31599
2180001 2.31389
2190001 2.30824
2200001 2.29972
2210001 2.29072
2220001 2.25824
2230001 2.30235
2240001 2.28346
2250001 2.29752
2260001 2.25685
2270001 2.26933
2280001 2.26072
2290001 2.25395
2300001 2.24141
2310001 2.25586
2320001 2.25289
2330001 2.26319
2340001 2.25901
2350001 2.23596
2360001 2.21592
2370001 2.22457
2380001 2.22584
2390001 2.20364
2400001 2.19058
2410001 2.17164
2420001 2.21313
2430001 2.20319
2440001 2.19011
2450001 2.17551
2460001 2.17899
2470001 2.18206
2480001 2.18934
2490001 2.16679
2500001 2.14729
2510001 2.16534
2520001 2.13722
2530001 2.16349
2540001 2.11551
2550001 2.15441
2560001 2.12345
2570001 2.12022
2580001 2.14056
2590001 2.13499
2600001 2.14937
2610001 2.11056
2620001 2.10103
2630001 2.11124
2640001 2.1266
2650001 2.09534
2660001 2.14696
2670001 2.11664
2680001 2.09805
2690001 2.10766
2700001 2.12367
2710001 2.10314
2720001 2.08973
2730001 2.07822
2740001 2.05584
2750001 2.08349
2760001 2.08677
2770001 2.10326
2780001 2.08552
2790001 2.07753
2800001 2.05236
2810001 2.06409
2820001 2.04872
2830001 2.02543
2840001 2.01755
2850001 2.00932
2860001 2.03761
2870001 2.03253
2880001 2.02759
2890001 2.04406
2900001 2.03181
2910001 2.03677
2920001 2.05557
2930001 2.03244
2940001 2.01824
2950001 2.00896
2960001 2.03006
2970001 2.00639
2980001 2.00754
2990001 2.00299
3000001 1.98688
3010001 1.99204
3020001 1.97086
3030001 1.97744
3040001 1.97869
3050001 1.97211
3060001 1.99839
3070001 1.97735
3080001 1.98244
3090001 1.97209
3100001 1.97543
3110001 2.00679
3120001 1.99026
3130001 2.00735
3140001 1.97547
3150001 1.96467
3160001 1.97543
3170001 1.94214
3180001 1.94885
3190001 1.92307
3200001 1.93754
3210001 1.92358
3220001 1.92757
3230001 1.9483
3240001 1.9239
3250001 1.92857
3260001 1.91669
3270001 1.93853
3280001 1.92406
3290001 1.89181
3300001 1.91846
3310001 1.91859
3320001 1.90522
3330001 1.91292
3340001 1.90446
3350001 1.89313
3360001 1.88408
3370001 1.89429
3380001 1.90932
3390001 1.91401
3400001 1.92228
3410001 1.88137
3420001 1.87055
3430001 1.88347
3440001 1.85612
3450001 1.87767
3460001 1.86453
3470001 1.87811
3480001 1.87232
3490001 1.87767
3500001 1.86878
3510001 1.87325
3520001 1.86734
3530001 1.84512
3540001 1.85411
3550001 1.84105
3560001 1.85958
3570001 1.84526
3580001 1.85359
3590001 1.82979
3600001 1.84291
3610001 1.82805
3620001 1.84656
3630001 1.84229
3640001 1.82969
3650001 1.85398
3660001 1.83082
3670001 1.82874
3680001 1.83922
3690001 1.81501
3700001 1.82532
3710001 1.79642
3720001 1.80154
3730001 1.81415
3740001 1.81567
3750001 1.81874
3760001 1.80205
3770001 1.80275
3780001 1.79243
3790001 1.78752
3800001 1.82058
3810001 1.80865
3820001 1.80011
3830001 1.78695
3840001 1.8014
3850001 1.78576
3860001 1.79919
3870001 1.80676
3880001 1.78833
3890001 1.79255
3900001 1.77799
3910001 1.77177
3920001 1.77363
3930001 1.77199
3940001 1.77556
3950001 1.77416
3960001 1.76477
3970001 1.77233
3980001 1.79301
3990001 1.77552
4000001 1.77256
4010001 1.78433
4020001 1.78009
4030001 1.77113
4040001 1.79748
4050001 1.79348
4060001 1.7882
4070001 1.75908
4080001 1.74948
4090001 1.77569
4100001 1.75626
4110001 1.76173
4120001 1.75523
4130001 1.75654
4140001 1.74963
4150001 1.74081
4160001 1.75979
4170001 1.74374
4180001 1.74713
4190001 1.74005
4200001 1.74738
4210001 1.73323
4220001 1.73261
4230001 1.74169
4240001 1.75529
4250001 1.74744
4260001 1.75322
4270001 1.74715
4280001 1.73772
4290001 1.72202
4300001 1.72175
4310001 1.72163
4320001 1.70747
4330001 1.70782
4340001 1.72013
4350001 1.72001
4360001 1.71308
4370001 1.68533
4380001 1.70533
4390001 1.7199
4400001 1.68908
4410001 1.68984
4420001 1.71344
4430001 1.70378
4440001 1.72182
4450001 1.69658
4460001 1.69534
4470001 1.684
4480001 1.69591
4490001 1.71053
4500001 1.6967
4510001 1.70237
4520001 1.69859
4530001 1.68158
4540001 1.68274
4550001 1.68168
4560001 1.68109
4570001 1.68653
4580001 1.69309
4590001 1.69229
4600001 1.6942
4610001 1.6666
4620001 1.66594
4630001 1.6817
4640001 1.6879
4650001 1.68097
4660001 1.68723
4670001 1.6863
4680001 1.68015
4690001 1.66933
4700001 1.66034
4710001 1.66977
4720001 1.67677
4730001 1.67589
4740001 1.66069
4750001 1.65966
4760001 1.67545
4770001 1.67088
4780001 1.65284
4790001 1.671
4800001 1.66263
4810001 1.6648
4820001 1.67175
4830001 1.6518
4840001 1.6511
4850001 1.6521
4860001 1.63067
4870001 1.64158
4880001 1.63485
4890001 1.65202
4900001 1.62318
4910001 1.61466
4920001 1.64234
4930001 1.62709
4940001 1.62425
4950001 1.62936
4960001 1.65478
4970001 1.63657
4980001 1.63015
4990001 1.64455
5000001 1.62025
5010001 1.63284
5020001 1.6467
5030001 1.64547
5040001 1.63156
5050001 1.64073
5060001 1.63389
5070001 1.64037
5080001 1.62694
5090001 1.63784
5100001 1.63791
5110001 1.6362
5120001 1.6357
5130001 1.61645
5140001 1.62157
5150001 1.62296
5160001 1.61009
5170001 1.64091
5180001 1.62763
5190001 1.61148
5200001 1.59781
5210001 1.59825
5220001 1.63007
5230001 1.61301
5240001 1.61022
5250001 1.6046
5260001 1.61395
5270001 1.6079
5280001 1.59333
5290001 1.60846
5300001 1.60343
5310001 1.62025
5320001 1.6018
5330001 1.60824
5340001 1.59972
5350001 1.57954
5360001 1.58995
5370001 1.60327
5380001 1.57152
5390001 1.58824
5400001 1.60359
5410001 1.58615
5420001 1.59469
5430001 1.59753
5440001 1.5899
5450001 1.59869
5460001 1.61198
5470001 1.57672
5480001 1.59252
5490001 1.57977
5500001 1.56441
5510001 1.58139
5520001 1.59388
5530001 1.57878
5540001 1.58674
5550001 1.58916
5560001 1.5748
5570001 1.57757
5580001 1.58237
5590001 1.57522
5600001 1.60064
5610001 1.60694
5620001 1.58857
5630001 1.59144
5640001 1.57595
5650001 1.56424
5660001 1.54404
5670001 1.57766
5680001 1.57087
5690001 1.57337
5700001 1.55746
5710001 1.56278
5720001 1.56504
5730001 1.57257
5740001 1.54982
5750001 1.56578
5760001 1.5587
5770001 1.56117
5780001 1.55868
5790001 1.5953
5800001 1.57358
5810001 1.57758
5820001 1.55499
5830001 1.57119
5840001 1.58687
5850001 1.58595
5860001 1.5723
5870001 1.56011
5880001 1.56011
5890001 1.55426
5900001 1.5506
5910001 1.53906
5920001 1.54646
5930001 1.55086
5940001 1.54565
5950001 1.54663
5960001 1.55031
5970001 1.54967
5980001 1.54655
5990001 1.53139
6000001 1.54408
6010001 1.54782
6020001 1.55092
6030001 1.56499
6040001 1.53408
6050001 1.55056
6060001 1.54741
6070001 1.53458
6080001 1.54404
6090001 1.53267
6100001 1.54674
6110001 1.5513
6120001 1.54219
6130001 1.54447
6140001 1.53087
6150001 1.53549
6160001 1.54603
6170001 1.5412
6180001 1.52445
6190001 1.5372
6200001 1.53285
6210001 1.52775
6220001 1.52703
6230001 1.54017
6240001 1.54087
6250001 1.53793
6260001 1.54408
6270001 1.5269
6280001 1.53725
6290001 1.53403
6300001 1.54125
6310001 1.53633
6320001 1.53711
6330001 1.53091
6340001 1.51832
6350001 1.52976
6360001 1.52857
6370001 1.51458
6380001 1.51706
6390001 1.5276
6400001 1.53997
6410001 1.5212
6420001 1.5263
6430001 1.51207
6440001 1.49628
6450001 1.51119
6460001 1.51563
6470001 1.54121
6480001 1.52471
6490001 1.53689
6500001 1.51905
6510001 1.50698
6520001 1.52624
6530001 1.5162
6540001 1.51728
6550001 1.51239
6560001 1.52157
6570001 1.51765
6580001 1.51366
6590001 1.52106
6600001 1.5297
6610001 1.52068
6620001 1.50968
6630001 1.50187
6640001 1.49995
6650001 1.49308
6660001 1.5232
6670001 1.51835
6680001 1.50636
6690001 1.52252
6700001 1.53838
6710001 1.51374
6720001 1.50648
6730001 1.51203
6740001 1.50848
6750001 1.51164
6760001 1.51168
6770001 1.50671
6780001 1.48737
6790001 1.50826
6800001 1.50243
6810001 1.49854
6820001 1.50384
6830001 1.50651
6840001 1.49141
6850001 1.50855
6860001 1.49535
6870001 1.50298
6880001 1.49544
6890001 1.50451
6900001 1.50301
6910001 1.49538
6920001 1.49408
6930001 1.49561
6940001 1.4899
6950001 1.4842
6960001 1.47836
6970001 1.4804
6980001 1.49008
6990001 1.49154
7000001 1.47297
7010001 1.48842
7020001 1.51636
7030001 1.50177
7040001 1.48503
7050001 1.48678
7060001 1.4888
7070001 1.49272
7080001 1.47118
7090001 1.46564
7100001 1.48153
7110001 1.50027
7120001 1.50212
7130001 1.48666
7140001 1.48499
7150001 1.47087
7160001 1.47643
7170001 1.48494
7180001 1.47482
7190001 1.46347
7200001 1.46075
7210001 1.48306
7220001 1.45723
7230001 1.46627
7240001 1.47296
7250001 1.46558
7260001 1.47885
7270001 1.45948
7280001 1.4776
7290001 1.47367
7300001 1.48985
7310001 1.48522
7320001 1.49899
7330001 1.50376
7340001 1.46948
7350001 1.48118
7360001 1.47458
7370001 1.47309
7380001 1.46488
7390001 1.47243
7400001 1.49164
7410001 1.45673
7420001 1.46089
7430001 1.49262
7440001 1.48589
7450001 1.47116
7460001 1.46558
7470001 1.46967
7480001 1.46265
7490001 1.48172
7500001 1.46499
7510001 1.48178
7520001 1.47367
7530001 1.48287
7540001 1.46169
7550001 1.46792
7560001 1.4865
7570001 1.48925
7580001 1.4688
7590001 1.45913
7600001 1.44909
7610001 1.46421
7620001 1.46124
7630001 1.44556
7640001 1.44999
7650001 1.47489
7660001 1.46681
7670001 1.46894
7680001 1.45374
7690001 1.46246
7700001 1.45485
7710001 1.46075
7720001 1.44683
7730001 1.46096
7740001 1.46041
7750001 1.4544
7760001 1.45749
7770001 1.45559
7780001 1.45793
7790001 1.4521
7800001 1.46672
7810001 1.46822
7820001 1.4487
7830001 1.45026
7840001 1.43777
7850001 1.438
7860001 1.46108
7870001 1.45547
7880001 1.43753
7890001 1.46497
7900001 1.47578
7910001 1.43626
7920001 1.47371
7930001 1.44628
7940001 1.46751
7950001 1.44721
7960001 1.44356
7970001 1.44888
7980001 1.45975
7990001 1.47298
8000001 1.44444
8010001 1.43993
8020001 1.45548
8030001 1.45918
8040001 1.43984
8050001 1.44156
8060001 1.46163
8070001 1.45625
8080001 1.45399
8090001 1.4611
8100001 1.46719
8110001 1.4425
8120001 1.43024
8130001 1.45457
8140001 1.43672
8150001 1.45058
8160001 1.44064
8170001 1.41426
8180001 1.42651
8190001 1.44158
8200001 1.43768
8210001 1.44602
8220001 1.44906
8230001 1.451
8240001 1.43777
8250001 1.44702
8260001 1.44045
8270001 1.43196
8280001 1.44437
8290001 1.43926
8300001 1.44009
8310001 1.43808
8320001 1.4423
8330001 1.43249
8340001 1.43616
8350001 1.42863
8360001 1.43452
8370001 1.45142
8380001 1.44097
8390001 1.43336
8400001 1.44087
8410001 1.42437
8420001 1.43597
8430001 1.42471
8440001 1.42589
8450001 1.43277
8460001 1.42869
8470001 1.42965
8480001 1.43852
8490001 1.41415
8500001 1.42486
8510001 1.44948
8520001 1.44065
8530001 1.43207
8540001 1.42926
8550001 1.41559
8560001 1.42917
8570001 1.43293
8580001 1.40085
8590001 1.41812
8600001 1.4131
8610001 1.42439
8620001 1.42486
8630001 1.40988
8640001 1.42174
8650001 1.43018
8660001 1.41786
8670001 1.42857
8680001 1.42376
8690001 1.41502
8700001 1.41729
8710001 1.43946
8720001 1.43134
8730001 1.42675
8740001 1.42031
8750001 1.40503
8760001 1.41626
8770001 1.42587
8780001 1.42598
8790001 1.43708
8800001 1.44862
8810001 1.4216
8820001 1.43895
8830001 1.41089
8840001 1.41977
8850001 1.42106
8860001 1.41703
8870001 1.41805
8880001 1.42772
8890001 1.42562
8900001 1.42347
8910001 1.42356
8920001 1.39175
8930001 1.42293
8940001 1.41532
8950001 1.44013
8960001 1.42362
8970001 1.41381
8980001 1.4127
8990001 1.43357
9000001 1.43061
9010001 1.40745
9020001 1.41161
9030001 1.41118
9040001 1.43228
9050001 1.42104
9060001 1.40588
9070001 1.42651
9080001 1.42391
9090001 1.44495
9100001 1.41739
9110001 1.40717
9120001 1.42309
9130001 1.41789
9140001 1.40841
9150001 1.40888
9160001 1.39934
9170001 1.39579
9180001 1.41277
9190001 1.40577
9200001 1.41187
9210001 1.4094
9220001 1.40613
9230001 1.4123
9240001 1.41066
9250001 1.4028
9260001 1.39025
9270001 1.40774
9280001 1.43466
9290001 1.41381
9300001 1.41409
9310001 1.41529
9320001 1.4125
9330001 1.40045
9340001 1.41005
9350001 1.40613
9360001 1.39683
9370001 1.43197
9380001 1.4184
9390001 1.42878
9400001 1.41602
9410001 1.42474
9420001 1.40048
9430001 1.42551
9440001 1.40076
9450001 1.40882
9460001 1.42281
9470001 1.41815
9480001 1.39871
9490001 1.39372
9500001 1.39527
9510001 1.40236
9520001 1.39975
9530001 1.40561
9540001 1.40252
9550001 1.42918
9560001 1.42649
9570001 1.39522
9580001 1.41084
9590001 1.40675
9600001 1.40536
9610001 1.40974
9620001 1.41079
9630001 1.39649
9640001 1.39691
9650001 1.39628
9660001 1.40409
9670001 1.39824
9680001 1.40193
9690001 1.40082
9700001 1.39853
9710001 1.4086
9720001 1.37362
9730001 1.39344
9740001 1.38655
9750001 1.39316
9760001 1.41939
9770001 1.38897
9780001 1.40437
9790001 1.39454
9800001 1.40453
9810001 1.39982
9820001 1.40622
9830001 1.38883
9840001 1.42276
9850001 1.39001
9860001 1.39445
9870001 1.39707
9880001 1.37891
9890001 1.39418
9900001 1.39661
9910001 1.40325
9920001 1.40032
9930001 1.3921
9940001 1.39446
9950001 1.38229
9960001 1.41411
9970001 1.38237
9980001 1.37841
9990001 1.38733
10000001 1.39177
10010001 1.3904
10020001 1.38746
10030001 1.37939
10040001 1.38585
10050001 1.3882
10060001 1.38744
10070001 1.40717
10080001 1.38539
10090001 1.38294
10100001 1.39065
10110001 1.39814
10120001 1.38798
10130001 1.40026
10140001 1.38783
10150001 1.38891
10160001 1.40971
10170001 1.38936
10180001 1.39808
10190001 1.40359
10200001 1.38912
10210001 1.39534
10220001 1.37955
10230001 1.39712
10240001 1.38697
10250001 1.39015
10260001 1.40234
10270001 1.39811
10280001 1.38962
10290001 1.38866
10300001 1.38191
10310001 1.38801
10320001 1.38757
10330001 1.40591
10340001 1.36445
10350001 1.36946
10360001 1.37578
10370001 1.39126
10380001 1.39426
10390001 1.38081
10400001 1.39395
10410001 1.39198
10420001 1.3803
10430001 1.38598
10440001 1.3782
10450001 1.38894
10460001 1.37682
10470001 1.38751
10480001 1.38046
10490001 1.39482
10500001 1.38549
10510001 1.38407
10520001 1.37684
10530001 1.38211
10540001 1.37026
10550001 1.38531
10560001 1.38109
10570001 1.39643
10580001 1.38306
10590001 1.3852
10600001 1.39029
10610001 1.39698
10620001 1.39413
10630001 1.36097
10640001 1.37456
10650001 1.38543
10660001 1.37981
10670001 1.3563
10680001 1.39182
10690001 1.38623
10700001 1.39258
10710001 1.39827
10720001 1.3804
10730001 1.36823
10740001 1.39149
10750001 1.37716
10760001 1.38721
10770001 1.38399
10780001 1.38073
10790001 1.39756
10800001 1.38496
10810001 1.37657
10820001 1.37375
10830001 1.37783
10840001 1.41106
10850001 1.37038
10860001 1.37204
10870001 1.37447
10880001 1.37954
10890001 1.38725
10900001 1.36897
10910001 1.36683
10920001 1.36667
10930001 1.36935
10940001 1.37504
10950001 1.4051
10960001 1.37902
10970001 1.3851
10980001 1.36291
10990001 1.36564
11000001 1.37348
11010001 1.36517
11020001 1.35463
11030001 1.36058
11040001 1.36589
11050001 1.39578
11060001 1.40565
11070001 1.37099
11080001 1.36103
11090001 1.35387
11100001 1.35616
11110001 1.36257
11120001 1.39019
11130001 1.38553
11140001 1.37369
11150001 1.3607
11160001 1.36543
11170001 1.38092
11180001 1.38435
11190001 1.37611
11200001 1.37511
11210001 1.39236
11220001 1.39395
11230001 1.37552
11240001 1.36937
11250001 1.38518
11260001 1.36501
11270001 1.37806
11280001 1.37367
11290001 1.37287
11300001 1.36033
11310001 1.36664
11320001 1.36761
11330001 1.36679
11340001 1.37194
11350001 1.4086
11360001 1.37462
11370001 1.37653
11380001 1.34798
11390001 1.34517
11400001 1.35237
11410001 1.36769
11420001 1.37447
11430001 1.37748
11440001 1.36625
11450001 1.38262
11460001 1.38057
11470001 1.37333
11480001 1.37769
11490001 1.3628
11500001 1.38806
11510001 1.36655
11520001 1.37533
11530001 1.36508
11540001 1.36034
11550001 1.35186
11560001 1.3555
11570001 1.3643
11580001 1.36527
11590001 1.37467
11600001 1.37287
11610001 1.37804
11620001 1.37121
11630001 1.35661
11640001 1.34511
11650001 1.35919
11660001 1.35563
11670001 1.36067
11680001 1.36171
11690001 1.3691
11700001 1.36693
11710001 1.36853
11720001 1.38165
11730001 1.37569
11740001 1.37524
11750001 1.38089
11760001 1.37272
11770001 1.36915
11780001 1.37084
11790001 1.36241
11800001 1.36848
11810001 1.37169
11820001 1.37497
11830001 1.36485
11840001 1.36206
11850001 1.33791
11860001 1.3428
11870001 1.34647
11880001 1.38757
11890001 1.36925
11900001 1.36803
11910001 1.36921
11920001 1.3762
11930001 1.36187
11940001 1.3551
11950001 1.36111
11960001 1.36583
11970001 1.36717
11980001 1.37551
11990001 1.37121
12000001 1.36812
12010001 1.35393
12020001 1.36172
12030001 1.35239
12040001 1.35019
12050001 1.36265
12060001 1.36174
12070001 1.35579
12080001 1.36495
12090001 1.36172
12100001 1.36121
12110001 1.34968
12120001 1.38752
12130001 1.36156
12140001 1.35859
12150001 1.38219
12160001 1.35437
12170001 1.34393
12180001 1.35458
12190001 1.36881
12200001 1.36054
12210001 1.35581
12220001 1.36507
12230001 1.36421
12240001 1.3586
12250001 1.37175
12260001 1.37597
12270001 1.35661
12280001 1.35356
12290001 1.38568
12300001 1.37069
12310001 1.35708
12320001 1.36594
12330001 1.35306
12340001 1.36158
12350001 1.35385
12360001 1.36956
12370001 1.3515
12380001 1.34184
12390001 1.35243
12400001 1.35639
12410001 1.33703
12420001 1.36839
12430001 1.34903
12440001 1.34699
12450001 1.33866
12460001 1.3677
12470001 1.36079
12480001 1.35581
12490001 1.36713
12500001 1.34469
12510001 1.37286
12520001 1.34673
12530001 1.36889
12540001 1.35832
12550001 1.37596
12560001 1.34442
12570001 1.37618
12580001 1.36226
12590001 1.35179
12600001 1.36052
12610001 1.36376
12620001 1.3583
12630001 1.3586
12640001 1.35537
12650001 1.34161
12660001 1.35266
12670001 1.35008
12680001 1.36642
12690001 1.35034
12700001 1.35924
12710001 1.36174
12720001 1.34629
12730001 1.36814
12740001 1.36016
12750001 1.36624
12760001 1.35933
12770001 1.35541
12780001 1.36603
12790001 1.3474
12800001 1.3731
12810001 1.35665
12820001 1.35486
12830001 1.34375
12840001 1.34585
12850001 1.34296
12860001 1.34561
12870001 1.3487
12880001 1.36718
12890001 1.34191
12900001 1.36841
12910001 1.36842
12920001 1.3418
12930001 1.34854
12940001 1.3565
12950001 1.34177
12960001 1.35503
12970001 1.34894
12980001 1.36449
12990001 1.36931
13000001 1.33904
13010001 1.34243
13020001 1.35728
13030001 1.35063
13040001 1.3593
13050001 1.35345
13060001 1.34213
13070001 1.35804
13080001 1.35492
13090001 1.34125
13100001 1.34313
13110001 1.34156
13120001 1.35204
13130001 1.33717
13140001 1.3623
13150001 1.34646
13160001 1.36784
13170001 1.35212
13180001 1.34408
13190001 1.35931
13200001 1.35526
13210001 1.3522
13220001 1.33593
13230001 1.34923
13240001 1.35144
13250001 1.35045
13260001 1.34051
13270001 1.34006
13280001 1.3624
13290001 1.37101
13300001 1.34531
13310001 1.34522
13320001 1.33161
13330001 1.34331
13340001 1.35317
13350001 1.34156
13360001 1.35742
13370001 1.35608
13380001 1.34767
13390001 1.35153
13400001 1.35192
13410001 1.35226
13420001 1.33988
13430001 1.3539
13440001 1.36991
13450001 1.34215
13460001 1.35043
13470001 1.32355
13480001 1.35177
13490001 1.35245
13500001 1.34636
13510001 1.34056
13520001 1.33706
13530001 1.3423
13540001 1.35114
13550001 1.35431
13560001 1.34292
13570001 1.3608
13580001 1.32813
13590001 1.32933
13600001 1.34414
13610001 1.3428
13620001 1.33609
13630001 1.34704
13640001 1.35371
13650001 1.34739
13660001 1.35132
13670001 1.34945
13680001 1.34846
13690001 1.33213
13700001 1.34306
13710001 1.34507
13720001 1.35129
13730001 1.33956
13740001 1.33879
13750001 1.33721
13760001 1.34165
13770001 1.35747
13780001 1.35893
13790001 1.34584
13800001 1.35087
13810001 1.34853
13820001 1.33352
13830001 1.33485
13840001 1.32433
13850001 1.34566
13860001 1.34016
13870001 1.33846
13880001 1.32779
13890001 1.33346
13900001 1.3508
13910001 1.34772
13920001 1.35767
13930001 1.34204
13940001 1.33121
13950001 1.34429
13960001 1.34508
13970001 1.33782
13980001 1.35539
13990001 1.32518
14000001 1.33586
14010001 1.34659
14020001 1.34402
14030001 1.34502
14040001 1.33696
14050001 1.33892
14060001 1.35921
14070001 1.3441
14080001 1.34558
14090001 1.33348
14100001 1.33705
14110001 1.33654
14120001 1.34167
14130001 1.32843
14140001 1.33273
14150001 1.34343
14160001 1.3558
14170001 1.34009
14180001 1.33885
14190001 1.34114
14200001 1.32914
14210001 1.33228
14220001 1.33934
14230001 1.33102
14240001 1.33824
14250001 1.3342
14260001 1.34163
14270001 1.33616
14280001 1.33511
14290001 1.33203
14300001 1.33283
14310001 1.33478
14320001 1.32329
14330001 1.34304
14340001 1.32859
14350001 1.33013
14360001 1.32357
14370001 1.33316
14380001 1.34077
14390001 1.34652
14400001 1.33816
14410001 1.32723
14420001 1.35861
14430001 1.33027
14440001 1.33949
14450001 1.32874
14460001 1.33231
14470001 1.33904
14480001 1.33506
14490001 1.32
14500001 1.32453
14510001 1.32475
14520001 1.3335
14530001 1.31606
14540001 1.33584
14550001 1.33568
14560001 1.32425
14570001 1.32828
14580001 1.35054
14590001 1.33274
14600001 1.33638
14610001 1.33067
14620001 1.32759
14630001 1.33289
14640001 1.3373
14650001 1.35245
14660001 1.35498
14670001 1.33261
14680001 1.34475
14690001 1.32971
14700001 1.33551
14710001 1.33719
14720001 1.33428
14730001 1.32933
14740001 1.32285
14750001 1.33378
14760001 1.34303
14770001 1.33786
14780001 1.33893
14790001 1.34903
14800001 1.33677
14810001 1.33758
14820001 1.3361
14830001 1.34231
14840001 1.34825
14850001 1.33946
14860001 1.3363
14870001 1.34646
14880001 1.32372
14890001 1.3435
14900001 1.32024
14910001 1.32245
14920001 1.33358
14930001 1.36527
14940001 1.33108
14950001 1.34357
14960001 1.33455
14970001 1.33115
14980001 1.33387
14990001 1.34745
15000001 1.31208
15010001 1.31791
15020001 1.33877
15030001 1.34701
15040001 1.34522
15050001 1.34592
15060001 1.34643
15070001 1.3118
15080001 1.32943
15090001 1.33212
15100001 1.3354
15110001 1.33614
15120001 1.3371
15130001 1.31421
15140001 1.32794
15150001 1.3432
15160001 1.32237
15170001 1.32878
15180001 1.333
15190001 1.32494
15200001 1.32646
15210001 1.31706
15220001 1.35385
15230001 1.32477
15240001 1.32653
15250001 1.33385
15260001 1.33647
15270001 1.32628
15280001 1.33641
15290001 1.32175
15300001 1.32004
15310001 1.33726
15320001 1.32995
15330001 1.33953
15340001 1.33265
15350001 1.33147
15360001 1.33161
15370001 1.3399
15380001 1.33043
15390001 1.32903
15400001 1.32366
15410001 1.32418
15420001 1.32704
15430001 1.34965
15440001 1.32089
15450001 1.31873
15460001 1.33351
15470001 1.34573
15480001 1.32357
15490001 1.34497
15500001 1.32998
15510001 1.31742
15520001 1.32248
15530001 1.3201
15540001 1.32168
15550001 1.33142
15560001 1.34354
15570001 1.35558
15580001 1.33893
15590001 1.33394
15600001 1.34805
15610001 1.32673
15620001 1.34201
15630001 1.33776
15640001 1.33181
15650001 1.34621
15660001 1.33768
15670001 1.33299
15680001 1.3257
15690001 1.34316
15700001 1.3236
15710001 1.33583
15720001 1.34773
15730001 1.32609
15740001 1.32168
15750001 1.31862
15760001 1.34696
15770001 1.33049
15780001 1.32399
15790001 1.33097
15800001 1.32605
15810001 1.31995
15820001 1.32794
15830001 1.34027
15840001 1.31953
15850001 1.32255
15860001 1.3258
15870001 1.33812
15880001 1.31888
15890001 1.34728
15900001 1.36201
15910001 1.32903
15920001 1.32662
15930001 1.33648
15940001 1.33008
15950001 1.32977
15960001 1.36326
15970001 1.33868
15980001 1.32549
15990001 1.33054
16000001 1.33382
16010001 1.33192
16020001 1.32409
16030001 1.3283
16040001 1.32774
16050001 1.31514
16060001 1.32539
16070001 1.34183
16080001 1.33659
16090001 1.32034
16100001 1.31769
16110001 1.31129
16120001 1.32914
16130001 1.33272
16140001 1.31506
16150001 1.31965
16160001 1.34146
16170001 1.32513
16180001 1.31896
16190001 1.31231
16200001 1.31834
16210001 1.32246
16220001 1.30924
16230001 1.31423
16240001 1.31846
16250001 1.32166
16260001 1.31892
16270001 1.32039
16280001 1.32744
16290001 1.33228
16300001 1.33088
16310001 1.32497
16320001 1.33332
16330001 1.33672
16340001 1.32562
16350001 1.34034
16360001 1.33119
16370001 1.32828
16380001 1.32928
16390001 1.33519
16400001 1.32538
16410001 1.32657
16420001 1.33066
16430001 1.32233
16440001 1.32289
16450001 1.32896
16460001 1.34318
16470001 1.32985
16480001 1.31087
16490001 1.32728
16500001 1.32405
16510001 1.33572
16520001 1.3219
16530001 1.33144
16540001 1.32587
16550001 1.31788
16560001 1.33804
16570001 1.30824
16580001 1.31384
16590001 1.34034
16600001 1.33645
16610001 1.31004
16620001 1.34456
16630001 1.32991
16640001 1.32577
16650001 1.32296
16660001 1.32964
16670001 1.32553
16680001 1.31785
16690001 1.31466
16700001 1.32165
16710001 1.31663
16720001 1.32039
16730001 1.31667
16740001 1.32846
16750001 1.31156
16760001 1.31367
16770001 1.31121
16780001 1.31394
16790001 1.32742
16800001 1.32446
16810001 1.31086
16820001 1.33239
16830001 1.33964
16840001 1.32131
16850001 1.32222
16860001 1.30871
16870001 1.34096
16880001 1.3587
16890001 1.32793
16900001 1.33286
16910001 1.32096
16920001 1.33752
16930001 1.33614
16940001 1.32498
16950001 1.31915
16960001 1.32305
16970001 1.32018
16980001 1.31181
16990001 1.331
17000001 1.33579
17010001 1.31658
17020001 1.32596
17030001 1.32665
17040001 1.33158
17050001 1.3349
17060001 1.33874
17070001 1.34569
17080001 1.33107
17090001 1.35783
17100001 1.33302
17110001 1.32081
17120001 1.31203
17130001 1.30976
17140001 1.3349
17150001 1.31312
17160001 1.32071
17170001 1.3224
17180001 1.31282
17190001 1.3238
17200001 1.31611
17210001 1.31789
17220001 1.33361
17230001 1.32168
17240001 1.31194
17250001 1.31224
17260001 1.32175
17270001 1.34126
17280001 1.33471
17290001 1.30718
17300001 1.32399
17310001 1.33426
17320001 1.30947
17330001 1.33734
17340001 1.3297
17350001 1.33652
17360001 1.32216
17370001 1.32504
17380001 1.31923
17390001 1.32265
17400001 1.31868
17410001 1.32157
17420001 1.32413
17430001 1.31942
17440001 1.32876
17450001 1.33604
17460001 1.33088
17470001 1.31103
17480001 1.29909
17490001 1.31458
17500001 1.3339
17510001 1.32275
17520001 1.33746
17530001 1.3345
17540001 1.33318
17550001 1.32689
17560001 1.31027
17570001 1.3211
17580001 1.32822
17590001 1.31667
17600001 1.33133
17610001 1.31124
17620001 1.31626
17630001 1.32262
17640001 1.3306
17650001 1.33249
17660001 1.31431
17670001 1.30147
17680001 1.34388
17690001 1.31814
17700001 1.34011
17710001 1.3094
17720001 1.32991
17730001 1.30646
17740001 1.31569
17750001 1.32221
17760001 1.31728
17770001 1.32696
17780001 1.3071
17790001 1.31117
17800001 1.31629
17810001 1.31877
17820001 1.31735
17830001 1.32755
17840001 1.31871
17850001 1.32601
17860001 1.33957
17870001 1.32111
17880001 1.3103
17890001 1.32037
17900001 1.31543
17910001 1.29887
17920001 1.30344
17930001 1.31683
17940001 1.32453
17950001 1.31654
17960001 1.32287
17970001 1.32395
17980001 1.31554
17990001 1.32672
18000001 1.31461
18010001 1.29783
18020001 1.29419
18030001 1.31864
18040001 1.31402
18050001 1.31197
18060001 1.32542
18070001 1.3012
18080001 1.29852
18090001 1.31001
18100001 1.31248
18110001 1.3065
18120001 1.32725
18130001 1.32068
18140001 1.30868
18150001 1.32225
18160001 1.32535
18170001 1.32875
18180001 1.32653
18190001 1.32333
18200001 1.32417
18210001 1.32169
18220001 1.32235
18230001 1.31047
18240001 1.31816
18250001 1.33732
18260001 1.33396
18270001 1.31551
18280001 1.31537
18290001 1.31212
18300001 1.32771
18310001 1.33189
18320001 1.31557
18330001 1.32355
18340001 1.32205
18350001 1.32084
18360001 1.30733
18370001 1.32969
18380001 1.32059
18390001 1.31825
18400001 1.31337
18410001 1.31244
18420001 1.30696
18430001 1.3193
18440001 1.31811
18450001 1.31083
18460001 1.32896
18470001 1.31509
18480001 1.33685
18490001 1.31166
18500001 1.31555
18510001 1.33495
18520001 1.32293
18530001 1.31619
18540001 1.31778
18550001 1.31162
18560001 1.31396
18570001 1.31674
18580001 1.33213
18590001 1.31696
18600001 1.33061
18610001 1.31843
18620001 1.304
18630001 1.34133
18640001 1.33492
18650001 1.31905
18660001 1.32836
18670001 1.33108
18680001 1.31133
18690001 1.31595
18700001 1.33426
18710001 1.31753
18720001 1.3246
18730001 1.30904
18740001 1.30388
18750001 1.32499
18760001 1.321
18770001 1.30992
18780001 1.33099
18790001 1.31642
18800001 1.31924
18810001 1.31327
18820001 1.31971
18830001 1.31144
18840001 1.31516
18850001 1.31781
18860001 1.30854
18870001 1.30544
18880001 1.32438
18890001 1.33051
18900001 1.31999
18910001 1.33425
18920001 1.32039
18930001 1.31304
18940001 1.29921
18950001 1.31684
18960001 1.3243
18970001 1.31131
18980001 1.31989
18990001 1.31064
19000001 1.30302
19010001 1.30967
19020001 1.30031
19030001 1.31471
19040001 1.30722
19050001 1.32081
19060001 1.29963
19070001 1.32022
19080001 1.30549
19090001 1.32171
19100001 1.32879
19110001 1.30352
19120001 1.31242
19130001 1.31782
19140001 1.3067
19150001 1.31035
19160001 1.30196
19170001 1.30799
19180001 1.30541
19190001 1.31775
19200001 1.30716
19210001 1.30701
19220001 1.31383
19230001 1.316
19240001 1.32697
19250001 1.29647
19260001 1.31989
19270001 1.32419
19280001 1.32626
19290001 1.33477
19300001 1.32008
19310001 1.31735
19320001 1.31117
19330001 1.30512
19340001 1.33495
19350001 1.30965
19360001 1.31114
19370001 1.31447
19380001 1.33456
19390001 1.3458
19400001 1.31574
19410001 1.31443
19420001 1.31037
19430001 1.31808
19440001 1.31337
19450001 1.31219
19460001 1.30814
19470001 1.32935
19480001 1.31663
19490001 1.31193
19500001 1.32829
19510001 1.32251
19520001 1.31597
19530001 1.30919
19540001 1.32275
19550001 1.30934
19560001 1.30987
19570001 1.30785
19580001 1.30237
19590001 1.3394
19600001 1.32889
19610001 1.3324
19620001 1.31787
19630001 1.33272
19640001 1.33722
19650001 1.3148
19660001 1.31568
19670001 1.32055
19680001 1.31308
19690001 1.3126
19700001 1.31043
19710001 1.32048
19720001 1.30327
19730001 1.34163
19740001 1.30398
19750001 1.30911
19760001 1.31352
19770001 1.31435
19780001 1.31027
19790001 1.30699
19800001 1.32329
19810001 1.30363
19820001 1.3214
19830001 1.31585
19840001 1.31433
19850001 1.31752
19860001 1.30255
19870001 1.30861
19880001 1.32914
19890001 1.32113
19900001 1.32583
19910001 1.32714
19920001 1.31258
19930001 1.31277
19940001 1.30703
19950001 1.297
19960001 1.30379
19970001 1.32199
19980001 1.33675
19990001 1.30261
20000001 1.31931
20010001 1.30811
20020001 1.31345
20030001 1.2964
20040001 1.31103
20050001 1.32667
20060001 1.29796
20070001 1.32316
20080001 1.31077
20090001 1.30279
20100001 1.31081
20110001 1.3014
20120001 1.30093
20130001 1.31359
20140001 1.31802
20150001 1.30726
20160001 1.31503
20170001 1.31263
20180001 1.31708
20190001 1.30498
20200001 1.31363
20210001 1.30783
20220001 1.29639
20230001 1.3059
20240001 1.31133
20250001 1.31818
20260001 1.32857
20270001 1.31733
20280001 1.30676
20290001 1.31645
20300001 1.31394
20310001 1.33818
20320001 1.3272
20330001 1.33313
20340001 1.29796
20350001 1.29107
20360001 1.30332
20370001 1.30103
20380001 1.30861
20390001 1.31839
20400001 1.31414
20410001 1.32752
20420001 1.31254
20430001 1.31139
20440001 1.30372
20450001 1.31162
20460001 1.30813
20470001 1.31014
20480001 1.31984
20490001 1.31927
20500001 1.33176
20510001 1.31676
20520001 1.30256
20530001 1.30469
20540001 1.30324
20550001 1.30142
20560001 1.31487
20570001 1.31835
20580001 1.29846
20590001 1.31593
20600001 1.30381
20610001 1.30831
20620001 1.30491
20630001 1.30199
20640001 1.30088
20650001 1.30839
20660001 1.30062
20670001 1.30137
20680001 1.30639
20690001 1.30255
20700001 1.31
20710001 1.30508
20720001 1.31782
20730001 1.32433
20740001 1.33038
20750001 1.31576
20760001 1.30407
20770001 1.31804
20780001 1.3193
20790001 1.32827
20800001 1.32796
20810001 1.32656
20820001 1.30624
20830001 1.3121
20840001 1.32684
20850001 1.30804
20860001 1.29818
20870001 1.30739
20880001 1.30913
20890001 1.29866
20900001 1.30105
20910001 1.31081
20920001 1.28692
20930001 1.29703
20940001 1.30916
20950001 1.30577
20960001 1.31657
20970001 1.30792
20980001 1.3176
20990001 1.29409
21000001 1.31158
21010001 1.31172
21020001 1.30716
21030001 1.30169
21040001 1.31384
21050001 1.31835
21060001 1.29252
21070001 1.3211
21080001 1.30592
21090001 1.30031
21100001 1.32617
21110001 1.297
21120001 1.31786
21130001 1.30843
21140001 1.31426
21150001 1.32439
21160001 1.30386
21170001 1.32735
21180001 1.30888
21190001 1.30082
21200001 1.28952
21210001 1.29808
21220001 1.30445
21230001 1.31918
21240001 1.30404
21250001 1.31194
21260001 1.29837
21270001 1.32147
21280001 1.30535
21290001 1.29851
21300001 1.29264
21310001 1.31344
21320001 1.29448
21330001 1.30882
21340001 1.30389
21350001 1.32553
21360001 1.32181
21370001 1.30556
21380001 1.31092
21390001 1.30995
21400001 1.31458
21410001 1.29421
21420001 1.30999
21430001 1.30437
21440001 1.3044
21450001 1.31146
21460001 1.31112
21470001 1.30215
21480001 1.30735
21490001 1.3037
21500001 1.30966
21510001 1.30251
21520001 1.30491
21530001 1.30308
21540001 1.3064
21550001 1.31526
21560001 1.30781
21570001 1.30614
21580001 1.32168
21590001 1.31224
21600001 1.28976
21610001 1.29846
21620001 1.31315
21630001 1.30375
21640001 1.31185
21650001 1.30984
21660001 1.31766
21670001 1.312
21680001 1.3051
21690001 1.31219
21700001 1.31902
21710001 1.31781
21720001 1.29553
21730001 1.29176
21740001 1.31797
21750001 1.30029
21760001 1.29394
21770001 1.30264
21780001 1.30297
21790001 1.3084
21800001 1.32257
21810001 1.30228
21820001 1.29702
21830001 1.28931
21840001 1.30775
21850001 1.30217
21860001 1.29069
21870001 1.31114
21880001 1.30856
21890001 1.30056
21900001 1.3003
21910001 1.31935
21920001 1.30747
21930001 1.3152
21940001 1.30834
21950001 1.32796
21960001 1.29888
21970001 1.30683
21980001 1.30451
21990001 1.3124
22000001 1.32919
22010001 1.29417
22020001 1.31466
22030001 1.30332
22040001 1.30649
22050001 1.31063
22060001 1.32518
22070001 1.30433
22080001 1.30848
22090001 1.31603
22100001 1.31696
22110001 1.31148
22120001 1.3002
22130001 1.33006
22140001 1.32257
22150001 1.30381
22160001 1.3189
22170001 1.31729
22180001 1.28671
22190001 1.29442
22200001 1.30272
22210001 1.3023
22220001 1.33629
22230001 1.32362
22240001 1.3076
22250001 1.31287
22260001 1.29227
22270001 1.32267
22280001 1.30849
22290001 1.31759
22300001 1.30783
22310001 1.31733
22320001 1.31102
22330001 1.30546
22340001 1.31153
22350001 1.32869
22360001 1.31054
22370001 1.31093
22380001 1.29014
22390001 1.29685
22400001 1.29858
22410001 1.30099
22420001 1.30712
22430001 1.30477
22440001 1.29614
22450001 1.318
22460001 1.2994
22470001 1.32421
22480001 1.29705
22490001 1.31419
22500001 1.31874
22510001 1.32982
22520001 1.31818
22530001 1.30516
22540001 1.31397
22550001 1.30051
22560001 1.30994
22570001 1.29615
22580001 1.29482
22590001 1.2914
22600001 1.30616
22610001 1.31631
22620001 1.28866
22630001 1.29675
22640001 1.29227
22650001 1.32265
22660001 1.29049
22670001 1.28853
22680001 1.29988
22690001 1.31483
22700001 1.33544
22710001 1.31434
22720001 1.30755
22730001 1.28607
22740001 1.30023
22750001 1.29129
22760001 1.31257
22770001 1.29476
22780001 1.3097
22790001 1.30336
22800001 1.30512
22810001 1.31359
22820001 1.30437
22830001 1.30527
22840001 1.30764
22850001 1.31975
22860001 1.29806
22870001 1.31119
22880001 1.31164
22890001 1.31204
22900001 1.30304
22910001 1.31849
22920001 1.31706
22930001 1.29536
22940001 1.30377
22950001 1.31491
22960001 1.31023
22970001 1.30572
22980001 1.29791
22990001 1.29098
23000001 1.31601
23010001 1.30718
23020001 1.31058
23030001 1.31355
23040001 1.32575
23050001 1.31945
23060001 1.31502
23070001 1.29779
23080001 1.3112
23090001 1.3282
23100001 1.30274
23110001 1.30415
23120001 1.28275
23130001 1.29539
23140001 1.30341
23150001 1.29902
23160001 1.30872
23170001 1.31363
23180001 1.29931
23190001 1.30494
23200001 1.31002
23210001 1.30047
23220001 1.29711
23230001 1.30841
23240001 1.31434
23250001 1.30125
23260001 1.29663
23270001 1.2953
23280001 1.30146
23290001 1.304
23300001 1.29463
23310001 1.30498
23320001 1.31093
23330001 1.2971
23340001 1.30687
23350001 1.30266
23360001 1.29211
23370001 1.30385
23380001 1.30971
23390001 1.30309
23400001 1.29935
23410001 1.3238
23420001 1.30268
23430001 1.32053
23440001 1.32909
23450001 1.30819
23460001 1.31389
23470001 1.28798
23480001 1.30411
23490001 1.28938
23500001 1.28948
23510001 1.30753
23520001 1.30764
23530001 1.31737
23540001 1.29688
23550001 1.31488
23560001 1.30218
23570001 1.30412
23580001 1.30058
23590001 1.30851
23600001 1.31435
23610001 1.30439
23620001 1.30081
23630001 1.31606
23640001 1.29566
23650001 1.28688
23660001 1.31732
23670001 1.30707
23680001 1.30748
23690001 1.30582
23700001 1.28895
23710001 1.29681
23720001 1.29309
23730001 1.29453
23740001 1.298
23750001 1.31742
23760001 1.29932
23770001 1.31277
23780001 1.31734
23790001 1.29698
23800001 1.32068
23810001 1.32296
23820001 1.30774
23830001 1.31748
23840001 1.30257
23850001 1.30973
23860001 1.30659
23870001 1.3112
23880001 1.32606
23890001 1.30381
23900001 1.31706
23910001 1.30454
23920001 1.30862
23930001 1.31822
23940001 1.29604
23950001 1.3028
23960001 1.30059
23970001 1.31665
23980001 1.30486
23990001 1.30728
24000001 1.30549
24010001 1.3083
24020001 1.30776
24030001 1.30887
24040001 1.28851
24050001 1.31378
24060001 1.29233
24070001 1.29668
24080001 1.30771
24090001 1.30248
24100001 1.29923
24110001 1.28837
24120001 1.29227
24130001 1.31492
24140001 1.32495
24150001 1.30279
24160001 1.31683
24170001 1.34007
24180001 1.31792
24190001 1.31343
24200001 1.29441
24210001 1.28596
24220001 1.33338
24230001 1.31896
24240001 1.30554
24250001 1.29741
24260001 1.30774
24270001 1.29351
24280001 1.30857
24290001 1.29377
24300001 1.3081
24310001 1.30376
24320001 1.29599
24330001 1.30099
24340001 1.31531
24350001 1.29391
24360001 1.28435
24370001 1.30451
24380001 1.3172
24390001 1.33218
24400001 1.2932
24410001 1.29921
24420001 1.29269
24430001 1.32622
24440001 1.32288
24450001 1.29791
24460001 1.28953
24470001 1.31562
24480001 1.2949
24490001 1.29343
24500001 1.29404
24510001 1.31359
24520001 1.31359
24530001 1.3157
24540001 1.30722
24550001 1.31194
24560001 1.30687
24570001 1.31375
24580001 1.31578
24590001 1.30126
24600001 1.31023
24610001 1.29301
24620001 1.30572
24630001 1.30469
24640001 1.31998
24650001 1.29558
24660001 1.30347
24670001 1.29704
24680001 1.30968
24690001 1.30521
24700001 1.28319
24710001 1.29217
24720001 1.28393
24730001 1.28377
24740001 1.2947
24750001 1.28884
24760001 1.29708
24770001 1.29419
24780001 1.29829
24790001 1.29271
24800001 1.2995
24810001 1.2982
24820001 1.31384
24830001 1.28828
24840001 1.29254
24850001 1.29756
24860001 1.29091
24870001 1.30448
24880001 1.29988
24890001 1.29529
24900001 1.29824
24910001 1.28465
24920001 1.28388
24930001 1.27878
24940001 1.29425
24950001 1.31231
24960001 1.28759
24970001 1.30974
24980001 1.30705
24990001 1.28649
25000001 1.29849
25010001 1.31239
25020001 1.29039
25030001 1.30653
25040001 1.31862
25050001 1.31075
25060001 1.30208
25070001 1.29894
25080001 1.29735
25090001 1.2915
25100001 1.292
25110001 1.32281
25120001 1.30374
25130001 1.30504
25140001 1.29979
25150001 1.28443
25160001 1.29479
25170001 1.28879
25180001 1.29149
25190001 1.29282
25200001 1.27651
25210001 1.29319
25220001 1.30542
25230001 1.29932
25240001 1.29268
25250001 1.29847
25260001 1.29561
25270001 1.30018
25280001 1.30229
25290001 1.29713
25300001 1.30837
25310001 1.31543
25320001 1.3311
25330001 1.30888
25340001 1.31397
25350001 1.30436
25360001 1.30448
25370001 1.30875
25380001 1.29132
25390001 1.308
25400001 1.30998
25410001 1.29726
25420001 1.29818
25430001 1.28462
25440001 1.29258
25450001 1.29005
25460001 1.30597
25470001 1.2972
25480001 1.29988
25490001 1.30489
25500001 1.32566
25510001 1.31748
25520001 1.30806
25530001 1.30196
25540001 1.3084
25550001 1.29959
25560001 1.30044
25570001 1.30265
25580001 1.29821
25590001 1.29707
25600001 1.29418
25610001 1.30543
25620001 1.29851
25630001 1.30111
25640001 1.30663
25650001 1.31984
25660001 1.29618
25670001 1.30966
25680001 1.30659
25690001 1.3181
25700001 1.30181
25710001 1.29785
25720001 1.30693
25730001 1.30401
25740001 1.28729
25750001 1.31193
25760001 1.30555
25770001 1.29053
25780001 1.30221
25790001 1.28701
25800001 1.30319
25810001 1.29384
25820001 1.30256
25830001 1.29447
25840001 1.29696
25850001 1.32119
25860001 1.30507
25870001 1.31999
25880001 1.30216
25890001 1.29584
25900001 1.27932
25910001 1.29621
25920001 1.29882
25930001 1.31487
25940001 1.30584
25950001 1.29723
25960001 1.30972
25970001 1.30861
25980001 1.28971
25990001 1.302
26000001 1.32048
26010001 1.29306
26020001 1.30583
26030001 1.30416
26040001 1.293
26050001 1.30382
26060001 1.30503
26070001 1.29563
26080001 1.29008
26090001 1.30479
26100001 1.29492
26110001 1.2858
26120001 1.30779
26130001 1.30404
26140001 1.29982
26150001 1.28919
26160001 1.30663
26170001 1.28485
26180001 1.31007
26190001 1.31241
26200001 1.30256
26210001 1.31637
26220001 1.28835
26230001 1.29067
26240001 1.298
26250001 1.30512
26260001 1.31182
26270001 1.29057
26280001 1.30562
26290001 1.30972
26300001 1.29167
26310001 1.28429
26320001 1.28054
26330001 1.29909
26340001 1.30092
26350001 1.30684
26360001 1.30948
26370001 1.31559
26380001 1.30765
26390001 1.30074
26400001 1.31774
26410001 1.30401
26420001 1.30486
26430001 1.28804
26440001 1.30576
26450001 1.29698
26460001 1.30775
26470001 1.29938
26480001 1.30245
26490001 1.31347
26500001 1.31132
26510001 1.2941
26520001 1.29804
26530001 1.31242
26540001 1.30425
26550001 1.31084
26560001 1.29992
26570001 1.31416
26580001 1.30415
26590001 1.29961
26600001 1.3186
26610001 1.30588
26620001 1.29383
26630001 1.30894
26640001 1.29033
26650001 1.30735
26660001 1.27824
26670001 1.28247
26680001 1.28872
26690001 1.29979
26700001 1.29572
26710001 1.29677
26720001 1.29739
26730001 1.29113
26740001 1.2929
26750001 1.29513
26760001 1.2996
26770001 1.28959
26780001 1.31224
26790001 1.3061
26800001 1.3037
26810001 1.3009
26820001 1.30071
26830001 1.29557
26840001 1.29071
26850001 1.2969
26860001 1.30511
26870001 1.3004
26880001 1.30907
26890001 1.30836
26900001 1.29745
26910001 1.30466
26920001 1.29748
26930001 1.32451
26940001 1.30733
26950001 1.31305
26960001 1.2853
26970001 1.28465
26980001 1.29988
26990001 1.29189
27000001 1.30084
27010001 1.29092
27020001 1.2976
27030001 1.28556
27040001 1.29249
27050001 1.29847
27060001 1.31854
27070001 1.2879
27080001 1.30582
27090001 1.28718
27100001 1.30676
27110001 1.30152
27120001 1.30021
27130001 1.30113
27140001 1.30493
27150001 1.29633
27160001 1.28188
27170001 1.29237
27180001 1.29019
27190001 1.31418
27200001 1.31777
27210001 1.30615
27220001 1.31505
27230001 1.28178
27240001 1.29482
27250001 1.30675
27260001 1.30023
27270001 1.30089
27280001 1.29688
27290001 1.29482
27300001 1.297
27310001 1.29013
27320001 1.30299
27330001 1.30968
27340001 1.29077
27350001 1.30026
27360001 1.30652
27370001 1.2917
27380001 1.29189
27390001 1.29953
27400001 1.31515
27410001 1.29841
27420001 1.29278
27430001 1.29834
27440001 1.29935
27450001 1.28587
27460001 1.30057
27470001 1.31471
27480001 1.29581
27490001 1.30132
27500001 1.30195
27510001 1.32228
27520001 1.30525
27530001 1.28711
27540001 1.29848
27550001 1.28668
27560001 1.30151
27570001 1.30799
27580001 1.31077
27590001 1.30575
27600001 1.33043
27610001 1.30999
27620001 1.30983
27630001 1.28911
27640001 1.29627
27650001 1.30632
27660001 1.29719
27670001 1.2929
27680001 1.29713
27690001 1.3093
27700001 1.30632
27710001 1.29478
27720001 1.29153
27730001 1.29983
27740001 1.30076
27750001 1.29482
27760001 1.30563
27770001 1.29428
27780001 1.3048
27790001 1.29961
27800001 1.29128
27810001 1.29541
27820001 1.29682
27830001 1.31196
27840001 1.30038
27850001 1.30362
27860001 1.30126
27870001 1.30131
27880001 1.29466
27890001 1.31093
27900001 1.30446
27910001 1.30104
27920001 1.29526
27930001 1.29428
27940001 1.29458
27950001 1.28405
27960001 1.28116
27970001 1.30853
27980001 1.30556
27990001 1.29344
28000001 1.30252
28010001 1.28687
28020001 1.30078
28030001 1.2994
28040001 1.29012
28050001 1.3085
28060001 1.29583
28070001 1.2948
28080001 1.29862
28090001 1.28526
28100001 1.28706
28110001 1.2968
28120001 1.30201
28130001 1.28631
28140001 1.29882
28150001 1.30324
28160001 1.28997
28170001 1.30163
28180001 1.31363
28190001 1.28904
28200001 1.30225
28210001 1.30086
28220001 1.30509
28230001 1.28611
28240001 1.31269
28250001 1.281
28260001 1.29078
28270001 1.28086
28280001 1.28262
28290001 1.29405
28300001 1.3193
28310001 1.31832
28320001 1.30318
28330001 1.28951
28340001 1.28421
28350001 1.30221
28360001 1.30063
28370001 1.28763
28380001 1.2983
28390001 1.29712
28400001 1.28532
28410001 1.28585
28420001 1.31006
28430001 1.31113
28440001 1.30504
28450001 1.29068
28460001 1.30418
28470001 1.30124
28480001 1.28952
28490001 1.30175
28500001 1.29027
28510001 1.30235
28520001 1.28777
28530001 1.27799
28540001 1.3037
28550001 1.31217
28560001 1.29203
28570001 1.30411
28580001 1.31065
28590001 1.29311
28600001 1.30216
28610001 1.29894
28620001 1.28989
28630001 1.29481
28640001 1.27644
28650001 1.29789
28660001 1.30228
28670001 1.30598
28680001 1.29765
28690001 1.29459
28700001 1.29339
28710001 1.28438
28720001 1.27721
28730001 1.28986
28740001 1.29344
28750001 1.30427
28760001 1.30926
28770001 1.30054
28780001 1.31985
28790001 1.29693
28800001 1.28492
28810001 1.31409
28820001 1.30911
28830001 1.29835
28840001 1.31128
28850001 1.30616
28860001 1.29456
28870001 1.29034
28880001 1.27273
28890001 1.30184
28900001 1.29731
28910001 1.30588
28920001 1.28592
28930001 1.30513
28940001 1.32999
28950001 1.29919
28960001 1.29506
28970001 1.30204
28980001 1.28708
28990001 1.30511
29000001 1.30024
29010001 1.29237
29020001 1.29783
29030001 1.29325
29040001 1.30335
29050001 1.30067
29060001 1.31033
29070001 1.2942
29080001 1.28234
29090001 1.32342
29100001 1.28719
29110001 1.28328
29120001 1.29172
29130001 1.29714
29140001 1.30332
29150001 1.30223
29160001 1.30677
29170001 1.28293
29180001 1.30402
29190001 1.30984
29200001 1.31198
29210001 1.29447
29220001 1.2957
29230001 1.27536
29240001 1.30428
29250001 1.30675
29260001 1.29466
29270001 1.28301
29280001 1.29069
29290001 1.30167
29300001 1.28543
29310001 1.28244
29320001 1.28754
29330001 1.29039
29340001 1.29632
29350001 1.29629
29360001 1.28672
29370001 1.30999
29380001 1.30354
29390001 1.29625
29400001 1.32015
29410001 1.31545
29420001 1.28981
29430001 1.29271
29440001 1.28971
29450001 1.30289
29460001 1.28461
29470001 1.28152
29480001 1.28628
29490001 1.27678
29500001 1.28322
29510001 1.28818
29520001 1.27515
29530001 1.29699
29540001 1.29861
29550001 1.27284
29560001 1.29108
29570001 1.28859
29580001 1.28246
29590001 1.30572
29600001 1.29308
29610001 1.28855
29620001 1.30952
29630001 1.30959
29640001 1.29489
29650001 1.28912
29660001 1.31108
29670001 1.29908
29680001 1.30203
29690001 1.28564
29700001 1.29759
29710001 1.29968
29720001 1.30634
29730001 1.29423
29740001 1.29029
29750001 1.29453
29760001 1.30438
29770001 1.27936
29780001 1.29689
29790001 1.29965
29800001 1.30093
29810001 1.28728
29820001 1.30995
29830001 1.3002
29840001 1.30785
29850001 1.28236
29860001 1.31462
29870001 1.28656
29880001 1.29247
29890001 1.28984
29900001 1.28942
29910001 1.29255
29920001 1.29398
29930001 1.28288
29940001 1.28928
29950001 1.30115
29960001 1.30137
29970001 1.28245
29980001 1.2823
29990001 1.30316
30000001 1.31979
30010001 1.30163
30020001 1.29685
30030001 1.30423
30040001 1.33297
30050001 1.29455
30060001 1.30118
30070001 1.29071
30080001 1.29465
30090001 1.29326
30100001 1.29792
30110001 1.284
30120001 1.29529
30130001 1.28764
30140001 1.28327
30150001 1.28797
30160001 1.28591
30170001 1.31668
30180001 1.29478
30190001 1.28165
30200001 1.30242
30210001 1.29327
30220001 1.29245
30230001 1.28243
30240001 1.28728
30250001 1.29297
30260001 1.29945
30270001 1.29728
30280001 1.28898
30290001 1.30574
30300001 1.30388
30310001 1.30741
30320001 1.30252
30330001 1.31322
30340001 1.32099
30350001 1.31227
30360001 1.29604
30370001 1.29763
30380001 1.28853
30390001 1.29611
30400001 1.31135
30410001 1.3043
30420001 1.28332
30430001 1.28895
30440001 1.29594
30450001 1.28316
30460001 1.29994
30470001 1.30261
30480001 1.29302
30490001 1.30734
30500001 1.3056
30510001 1.30022
30520001 1.31165
30530001 1.29
30540001 1.29815
30550001 1.28503
30560001 1.29084
30570001 1.29195
30580001 1.28728
30590001 1.2864
30600001 1.28684
30610001 1.2909
30620001 1.29095
30630001 1.30364
30640001 1.29679
30650001 1.29061
30660001 1.27752
30670001 1.29378
30680001 1.3007
30690001 1.29265
30700001 1.31775
30710001 1.28849
30720001 1.27685
30730001 1.30639
30740001 1.29668
30750001 1.29559
30760001 1.28715
30770001 1.28094
30780001 1.29501
30790001 1.28305
30800001 1.29547
30810001 1.29932
30820001 1.28209
30830001 1.28235
30840001 1.29184
30850001 1.28766
30860001 1.31809
30870001 1.29582
30880001 1.31186
30890001 1.28321
30900001 1.30237
30910001 1.29869
30920001 1.29016
30930001 1.29478
30940001 1.30376
30950001 1.30704
30960001 1.29639
30970001 1.30214
30980001 1.3043
30990001 1.28864
31000001 1.30156
31010001 1.29738
31020001 1.28256
31030001 1.2841
31040001 1.29393
31050001 1.28809
31060001 1.29878
31070001 1.29341
31080001 1.29163
31090001 1.28567
31100001 1.29475
31110001 1.29049
31120001 1.29349
31130001 1.30197
31140001 1.29764
31150001 1.29785
31160001 1.29574
31170001 1.29971
31180001 1.29678
31190001 1.28805
31200001 1.28396
31210001 1.28832
31220001 1.28324
31230001 1.29243
31240001 1.29238
31250001 1.2829
31260001 1.30085
31270001 1.29719
31280001 1.30518
31290001 1.29004
31300001 1.31212
31310001 1.29238
31320001 1.27794
31330001 1.28793
31340001 1.29571
31350001 1.27787
31360001 1.28176
31370001 1.2939
31380001 1.28556
31390001 1.2894
31400001 1.29068
31410001 1.28363
31420001 1.30742
31430001 1.30421
31440001 1.3086
31450001 1.28556
31460001 1.31594
31470001 1.30265
31480001 1.29841
31490001 1.3045
31500001 1.30923
31510001 1.31032
31520001 1.33619
31530001 1.30624
31540001 1.28129
31550001 1.29992
31560001 1.30117
31570001 1.29364
31580001 1.30913
31590001 1.30419
31600001 1.3058
31610001 1.28876
31620001 1.31473
31630001 1.3049
31640001 1.30552
31650001 1.30552
31660001 1.28873
31670001 1.31085
31680001 1.30679
31690001 1.28959
31700001 1.29832
31710001 1.28961
31720001 1.28566
31730001 1.28231
31740001 1.28575
31750001 1.28265
31760001 1.29255
31770001 1.29861
31780001 1.28882
31790001 1.29526
31800001 1.28739
31810001 1.29933
31820001 1.29221
31830001 1.30526
31840001 1.29191
31850001 1.28956
31860001 1.29261
31870001 1.28566
31880001 1.29612
31890001 1.28842
31900001 1.27654
31910001 1.29179
31920001 1.30408
31930001 1.28604
31940001 1.30399
31950001 1.30079
31960001 1.29498
31970001 1.28832
31980001 1.28825
31990001 1.28851
32000001 1.2899
32010001 1.29341
32020001 1.29371
32030001 1.28469
32040001 1.31735
32050001 1.29386
32060001 1.29527
32070001 1.30479
32080001 1.2994
32090001 1.29109
32100001 1.28611
32110001 1.3001
32120001 1.27771
32130001 1.27852
32140001 1.28416
32150001 1.27596
32160001 1.26923
32170001 1.30554
32180001 1.30264
32190001 1.29837
32200001 1.2907
32210001 1.27788
32220001 1.28846
32230001 1.28876
32240001 1.29429
32250001 1.30987
32260001 1.27857
32270001 1.28797
32280001 1.28298
32290001 1.2897
32300001 1.29536
32310001 1.29799
32320001 1.3141
32330001 1.30985
32340001 1.30347
32350001 1.29173
32360001 1.29836
32370001 1.29624
32380001 1.296
32390001 1.28421
32400001 1.28694
32410001 1.29716
32420001 1.31086
32430001 1.31237
32440001 1.30263
32450001 1.29229
32460001 1.2965
32470001 1.30603
32480001 1.29761
32490001 1.32426
32500001 1.29958
32510001 1.28469
32520001 1.29264
32530001 1.30433
32540001 1.30375
32550001 1.29947
32560001 1.30671
32570001 1.30315
32580001 1.29759
32590001 1.28831
32600001 1.28654
32610001 1.28917
32620001 1.29051
32630001 1.30292
32640001 1.31095
32650001 1.29427
32660001 1.296
32670001 1.2864
32680001 1.29799
32690001 1.303
32700001 1.30591
32710001 1.2939
32720001 1.28714
32730001 1.31452
32740001 1.32161
32750001 1.30311
32760001 1.30067
32770001 1.31681
32780001 1.29978
32790001 1.29001
32800001 1.28719
32810001 1.28594
32820001 1.29409
32830001 1.28716
32840001 1.29712
32850001 1.29091
32860001 1.29164
32870001 1.29398
32880001 1.28057
32890001 1.2855
32900001 1.28671
32910001 1.29523
32920001 1.28935
32930001 1.30418
32940001 1.3014
32950001 1.28509
32960001 1.29483
32970001 1.27347
32980001 1.2959
32990001 1.28105
33000001 1.28817
33010001 1.27323
33020001 1.28093
33030001 1.28715
33040001 1.28786
33050001 1.29737
33060001 1.28823
33070001 1.29268
33080001 1.29556
33090001 1.30303
33100001 1.31134
33110001 1.29158
33120001 1.28986
33130001 1.31455
33140001 1.28976
33150001 1.28508
33160001 1.29634
33170001 1.2963
33180001 1.30371
33190001 1.31398
33200001 1.29024
33210001 1.29686
33220001 1.27421
33230001 1.28
33240001 1.27889
33250001 1.29539
33260001 1.29846
33270001 1.29589
33280001 1.29495
33290001 1.28378
33300001 1.26953
33310001 1.3001
33320001 1.3012
33330001 1.3153
33340001 1.30713
33350001 1.29859
33360001 1.28922
33370001 1.29494
33380001 1.29626
33390001 1.29439
33400001 1.28739
33410001 1.29899
33420001 1.29242
33430001 1.29928
33440001 1.2796
33450001 1.3006
33460001 1.30756
33470001 1.30794
33480001 1.30682
33490001 1.2829
33500001 1.2787
33510001 1.29465
33520001 1.30681
33530001 1.3124
33540001 1.28744
33550001 1.31618
33560001 1.29924
33570001 1.28933
33580001 1.30276
33590001 1.30324
33600001 1.30323
33610001 1.2949
33620001 1.29091
33630001 1.29359
33640001 1.28224
33650001 1.28763
33660001 1.30028
33670001 1.30808
33680001 1.29408
33690001 1.28751
33700001 1.2961
33710001 1.29903
33720001 1.28859
33730001 1.29325
33740001 1.30919
33750001 1.28377
33760001 1.29215
33770001 1.30524
33780001 1.30531
33790001 1.30776
33800001 1.2935
33810001 1.28907
33820001 1.27114
33830001 1.29815
33840001 1.28252
33850001 1.30442
33860001 1.29471
33870001 1.31058
33880001 1.30514
33890001 1.30863
33900001 1.29199
33910001 1.29673
33920001 1.30806
33930001 1.30094
33940001 1.29894
33950001 1.30336
33960001 1.29952
33970001 1.29282
33980001 1.28447
33990001 1.30864
34000001 1.2826
34010001 1.31515
34020001 1.29221
34030001 1.31001
34040001 1.28027
34050001 1.29797
34060001 1.28536
34070001 1.28157
34080001 1.30621
34090001 1.28132
34100001 1.29792
34110001 1.32277
34120001 1.3016
34130001 1.30728
34140001 1.30496
34150001 1.30878
34160001 1.29005
34170001 1.29763
34180001 1.28381
34190001 1.29214
34200001 1.28914
34210001 1.2803
34220001 1.27703
34230001 1.28417
34240001 1.30045
34250001 1.29294
34260001 1.28672
34270001 1.27941
34280001 1.27136
34290001 1.27659
34300001 1.29048
34310001 1.28199
34320001 1.27728
34330001 1.2856
34340001 1.29304
34350001 1.28082
34360001 1.29983
34370001 1.27741
34380001 1.29758
34390001 1.29177
34400001 1.29556
34410001 1.3029
34420001 1.30157
34430001 1.30213
34440001 1.29539
34450001 1.29141
34460001 1.29208
34470001 1.28571
34480001 1.30005
34490001 1.29993
34500001 1.30274
34510001 1.29321
34520001 1.28641
34530001 1.28096
34540001 1.28982
34550001 1.28432
34560001 1.28049
34570001 1.27921
34580001 1.29403
34590001 1.2904
34600001 1.29787
34610001 1.29298
34620001 1.29008
34630001 1.28229
34640001 1.29421
34650001 1.30608
34660001 1.32165
34670001 1.27669
34680001 1.27476
34690001 1.28413
34700001 1.29833
34710001 1.2827
34720001 1.28334
34730001 1.27499
34740001 1.2817
34750001 1.2785
34760001 1.28694
34770001 1.28976
34780001 1.31404
34790001 1.29604
34800001 1.30243
34810001 1.30453
34820001 1.27474
34830001 1.28693
34840001 1.2873
34850001 1.28608
34860001 1.28911
34870001 1.28928
34880001 1.29015
34890001 1.2851
34900001 1.28486
34910001 1.31048
34920001 1.28924
34930001 1.31063
34940001 1.31001
34950001 1.29225
34960001 1.28396
34970001 1.29997
34980001 1.27962
34990001 1.2908
35000001 1.29698
35010001 1.27951
35020001 1.28482
35030001 1.30049
35040001 1.29784
35050001 1.30528
35060001 1.27739
35070001 1.27741
35080001 1.29102
35090001 1.28648
35100001 1.3086
35110001 1.30188
35120001 1.29203
35130001 1.29098
35140001 1.3024
35150001 1.30007
35160001 1.29716
35170001 1.28902
35180001 1.29683
35190001 1.34184
35200001 1.29321
35210001 1.3071
35220001 1.30347
35230001 1.30311
35240001 1.30808
35250001 1.29309
35260001 1.29492
35270001 1.29317
35280001 1.29967
35290001 1.28107
35300001 1.29284
35310001 1.2923
35320001 1.30188
35330001 1.29111
35340001 1.28145
35350001 1.28824
35360001 1.29426
35370001 1.27937
35380001 1.28711
35390001 1.2923
35400001 1.30337
35410001 1.30556
35420001 1.28975
35430001 1.30109
35440001 1.30926
35450001 1.29044
35460001 1.29436
35470001 1.29403
35480001 1.29423
35490001 1.29439
35500001 1.29558
35510001 1.29445
35520001 1.31768
35530001 1.28505
35540001 1.29377
35550001 1.28977
35560001 1.30087
35570001 1.30131
35580001 1.27925
35590001 1.30678
35600001 1.28222
35610001 1.28241
35620001 1.288
35630001 1.2943
35640001 1.30282
35650001 1.29113
35660001 1.28082
35670001 1.29469
35680001 1.29352
35690001 1.29503
35700001 1.30847
35710001 1.30867
35720001 1.28554
35730001 1.31096
35740001 1.31501
35750001 1.31312
35760001 1.31234
35770001 1.29493
35780001 1.29001
35790001 1.30358
35800001 1.2833
35810001 1.28876
35820001 1.28752
35830001 1.29098
35840001 1.29784
35850001 1.29642
35860001 1.29804
35870001 1.29461
35880001 1.27568
35890001 1.28801
35900001 1.28763
35910001 1.28628
35920001 1.31413
35930001 1.28908
35940001 1.28752
35950001 1.29271
35960001 1.27844
35970001 1.28502
35980001 1.30969
35990001 1.28945
36000001 1.28271
36010001 1.29297
36020001 1.29979
36030001 1.32533
36040001 1.28551
36050001 1.31622
36060001 1.283
36070001 1.2892
36080001 1.28989
36090001 1.30012
36100001 1.28302
36110001 1.30078
36120001 1.28891
36130001 1.29134
36140001 1.28786
36150001 1.27881
36160001 1.30271
36170001 1.30105
36180001 1.28061
36190001 1.30942
36200001 1.30416
36210001 1.29092
36220001 1.31677
36230001 1.30151
36240001 1.3025
36250001 1.30994
36260001 1.30029
36270001 1.30797
36280001 1.29616
36290001 1.28708
36300001 1.28817
36310001 1.28113
36320001 1.28439
36330001 1.29966
36340001 1.30247
36350001 1.28286
36360001 1.29147
36370001 1.31069
36380001 1.29692
36390001 1.29829
36400001 1.30043
36410001 1.27316
36420001 1.27904
36430001 1.2825
36440001 1.29261
36450001 1.28909
36460001 1.28709
36470001 1.29712
36480001 1.28506
36490001 1.29119
36500001 1.30102
36510001 1.26985
36520001 1.29152
36530001 1.29525
36540001 1.30385
36550001 1.29382
36560001 1.30394
36570001 1.30172
36580001 1.29546
36590001 1.30109
36600001 1.27884
36610001 1.29382
36620001 1.29934
36630001 1.27833
36640001 1.29849
36650001 1.31466
36660001 1.29271
36670001 1.29386
36680001 1.28339
36690001 1.27649
36700001 1.29627
36710001 1.2793
36720001 1.29183
36730001 1.28708
36740001 1.27275
36750001 1.28418
36760001 1.28054
36770001 1.29056
36780001 1.2991
36790001 1.30393
36800001 1.30284
36810001 1.27379
36820001 1.29304
36830001 1.2813
36840001 1.27191
36850001 1.2877
36860001 1.30948
36870001 1.29588
36880001 1.29388
36890001 1.28313
36900001 1.28676
36910001 1.29034
36920001 1.29112
36930001 1.30137
36940001 1.3009
36950001 1.30234
36960001 1.27954
36970001 1.3037
36980001 1.28684
36990001 1.2957
37000001 1.29808
37010001 1.29861
37020001 1.28599
37030001 1.29559
37040001 1.27949
37050001 1.30156
37060001 1.28574
37070001 1.3026
37080001 1.29932
37090001 1.28223
37100001 1.27661
37110001 1.27754
37120001 1.28967
37130001 1.2984
37140001 1.28683
37150001 1.28723
37160001 1.30604
37170001 1.29307
37180001 1.29336
37190001 1.29253
37200001 1.28694
37210001 1.31062
37220001 1.29417
37230001 1.29223
37240001 1.3019
37250001 1.28794
37260001 1.29435
37270001 1.29385
37280001 1.29666
37290001 1.28914
37300001 1.29924
37310001 1.2974
37320001 1.28464
37330001 1.29464
37340001 1.2967
37350001 1.29559
37360001 1.31039
37370001 1.28989
37380001 1.29362
37390001 1.30259
37400001 1.30793
37410001 1.28865
37420001 1.29362
37430001 1.30197
37440001 1.29488
37450001 1.28498
37460001 1.2899
37470001 1.28775
37480001 1.2882
37490001 1.27639
37500001 1.29705
37510001 1.31126
37520001 1.28092
37530001 1.27587
37540001 1.30032
37550001 1.30019
37560001 1.28768
37570001 1.30467
37580001 1.29867
37590001 1.30827
37600001 1.29539
37610001 1.29765
37620001 1.28459
37630001 1.28752
37640001 1.28385
37650001 1.27897
37660001 1.29311
37670001 1.30066
37680001 1.29269
37690001 1.29675
37700001 1.29373
37710001 1.27825
37720001 1.28643
37730001 1.27666
37740001 1.30394
37750001 1.2868
37760001 1.28903
37770001 1.28535
37780001 1.28912
37790001 1.29145
37800001 1.30359
37810001 1.30685
37820001 1.2813
37830001 1.31487
37840001 1.31564
37850001 1.29226
37860001 1.29912
37870001 1.27906
37880001 1.29519
37890001 1.30144
37900001 1.29875
37910001 1.30179
37920001 1.284
37930001 1.29782
37940001 1.28938
37950001 1.28206
37960001 1.26793
37970001 1.30414
37980001 1.28497
37990001 1.2773
38000001 1.29787
38010001 1.29217
38020001 1.28078
38030001 1.2923
38040001 1.29826
38050001 1.30439
38060001 1.30308
38070001 1.2936
38080001 1.28413
38090001 1.2871
38100001 1.29206
38110001 1.293
38120001 1.28679
38130001 1.30118
38140001 1.2959
38150001 1.28964
38160001 1.30046
38170001 1.29853
38180001 1.30067
38190001 1.29015
38200001 1.29931
38210001 1.29921
38220001 1.27598
38230001 1.29096
38240001 1.29146
38250001 1.29992
38260001 1.30719
38270001 1.29833
38280001 1.2736
38290001 1.29134
38300001 1.29247
38310001 1.28453
38320001 1.31491
38330001 1.28298
38340001 1.3071
38350001 1.29525
38360001 1.28147
38370001 1.29826
38380001 1.29047
38390001 1.28833
38400001 1.28596
38410001 1.3002
38420001 1.29659
38430001 1.29149
38440001 1.30171
38450001 1.29677
38460001 1.29778
38470001 1.28428
38480001 1.2952
38490001 1.27166
38500001 1.28067
38510001 1.30433
38520001 1.29956
38530001 1.29157
38540001 1.31216
38550001 1.3065
38560001 1.30866
38570001 1.31652
38580001 1.28486
38590001 1.30106
38600001 1.29211
38610001 1.27676
38620001 1.28626
38630001 1.30342
38640001 1.27232
38650001 1.27624
38660001 1.2965
38670001 1.29918
38680001 1.28367
38690001 1.28685
38700001 1.29918
38710001 1.30479
38720001 1.2896
38730001 1.29577
38740001 1.28401
38750001 1.29271
38760001 1.29691
38770001 1.28399
38780001 1.29816
38790001 1.30317
38800001 1.30847
38810001 1.29109
38820001 1.28795
38830001 1.28489
38840001 1.28286
38850001 1.29348
38860001 1.29188
38870001 1.29585
38880001 1.29622
38890001 1.27781
38900001 1.3019
38910001 1.29051
38920001 1.27847
38930001 1.30383
38940001 1.29338
38950001 1.29523
38960001 1.29718
38970001 1.2848
38980001 1.27474
38990001 1.28065
39000001 1.29709
39010001 1.28748
39020001 1.30743
39030001 1.30465
39040001 1.28089
39050001 1.28767
39060001 1.29592
39070001 1.27139
39080001 1.28268
39090001 1.30448
39100001 1.2857
39110001 1.29518
39120001 1.3062
39130001 1.28463
39140001 1.30128
39150001 1.29144
39160001 1.29417
39170001 1.29548
39180001 1.29393
39190001 1.28997
39200001 1.28954
39210001 1.28134
39220001 1.28037
39230001 1.28659
39240001 1.29403
39250001 1.28466
39260001 1.30337
39270001 1.29835
39280001 1.30294
39290001 1.29163
39300001 1.2868
39310001 1.29223
39320001 1.30914
39330001 1.28694
39340001 1.30201
39350001 1.29667
39360001 1.28963
39370001 1.29246
39380001 1.28362
39390001 1.29988
39400001 1.30362
39410001 1.28929
39420001 1.28247
39430001 1.29296
39440001 1.31222
39450001 1.2832
39460001 1.28626
39470001 1.28035
39480001 1.28473
39490001 1.30363
39500001 1.27908
39510001 1.30448
39520001 1.28696
39530001 1.28237
39540001 1.27982
39550001 1.28677
39560001 1.29294
39570001 1.28966
39580001 1.30611
39590001 1.29907
39600001 1.2867
39610001 1.30071
39620001 1.29541
39630001 1.29453
39640001 1.28671
39650001 1.29228
39660001 1.30977
39670001 1.29512
39680001 1.3211
39690001 1.30297
39700001 1.30552
39710001 1.27109
39720001 1.29158
39730001 1.28943
39740001 1.28565
39750001 1.29227
39760001 1.2905
39770001 1.27858
39780001 1.27938
39790001 1.28549
39800001 1.28507
39810001 1.27656
39820001 1.27543
39830001 1.28677
39840001 1.27975
39850001 1.27662
39860001 1.27483
39870001 1.26539
39880001 1.27817
39890001 1.2843
39900001 1.28442
39910001 1.29625
39920001 1.28825
39930001 1.28781
39940001 1.29468
39950001 1.28921
39960001 1.28881
39970001 1.30291
39980001 1.2806
39990001 1.29635
40000001 1.28618
40010001 1.28523
40020001 1.28664
40030001 1.2925
40040001 1.27628
40050001 1.30264
40060001 1.28577
40070001 1.28609
40080001 1.28022
40090001 1.28714
40100001 1.29263
40110001 1.30123
40120001 1.28332
40130001 1.27871
40140001 1.30036
40150001 1.29325
40160001 1.28862
40170001 1.27906
40180001 1.29711
40190001 1.29879
40200001 1.2903
40210001 1.28617
40220001 1.32098
40230001 1.29816
40240001 1.30546
40250001 1.30796
40260001 1.29631
40270001 1.27278
40280001 1.29982
40290001 1.29546
40300001 1.29453
40310001 1.28141
40320001 1.30001
40330001 1.28494
40340001 1.27983
40350001 1.2756
40360001 1.29432
40370001 1.29543
40380001 1.29163
40390001 1.2959
40400001 1.30814
40410001 1.29542
40420001 1.29606
40430001 1.29591
40440001 1.31736
40450001 1.32263
40460001 1.30848
40470001 1.28191
40480001 1.30576
40490001 1.29202
40500001 1.28449
40510001 1.27877
40520001 1.28187
40530001 1.30076
40540001 1.30345
40550001 1.29614
40560001 1.31053
40570001 1.29511
40580001 1.29046
40590001 1.29477
40600001 1.29234
40610001 1.28336
40620001 1.28047
40630001 1.28761
40640001 1.30854
40650001 1.30303
40660001 1.27727
40670001 1.3047
40680001 1.28151
40690001 1.28513
40700001 1.30837
40710001 1.28533
40720001 1.30268
40730001 1.29312
40740001 1.29907
40750001 1.28934
40760001 1.29476
40770001 1.28817
40780001 1.30847
40790001 1.28503
40800001 1.30573
40810001 1.31246
40820001 1.27835
40830001 1.30313
40840001 1.28452
40850001 1.31243
40860001 1.27183
40870001 1.27148
40880001 1.30679
40890001 1.31072
40900001 1.29029
40910001 1.28912
40920001 1.29328
40930001 1.3021
40940001 1.3093
40950001 1.28844
40960001 1.28332
40970001 1.30565
40980001 1.27941
40990001 1.3065
41000001 1.30379
41010001 1.28239
41020001 1.29044
41030001 1.28225
41040001 1.27924
41050001 1.29732
41060001 1.29287
41070001 1.30232
41080001 1.29563
41090001 1.27849
41100001 1.284
41110001 1.28097
41120001 1.28513
41130001 1.3074
41140001 1.2907
41150001 1.28784
41160001 1.29244
41170001 1.28799
41180001 1.28101
41190001 1.27909
41200001 1.28235
41210001 1.30636
41220001 1.30429
41230001 1.29837
41240001 1.27113
41250001 1.27058
41260001 1.28326
41270001 1.28443
41280001 1.29175
41290001 1.29875
41300001 1.29493
41310001 1.2865
41320001 1.28778
41330001 1.29372
41340001 1.28457
41350001 1.29544
41360001 1.29094
41370001 1.29451
41380001 1.30172
41390001 1.31505
41400001 1.2909
41410001 1.2908
41420001 1.29902
41430001 1.28227
41440001 1.28956
41450001 1.28294
41460001 1.28373
41470001 1.30327
41480001 1.28974
41490001 1.30197
41500001 1.29592
41510001 1.29269
41520001 1.28782
41530001 1.30081
41540001 1.29648
41550001 1.27151
41560001 1.29752
41570001 1.28903
41580001 1.28428
41590001 1.28179
41600001 1.29793
41610001 1.28854
41620001 1.28887
41630001 1.28318
41640001 1.29046
41650001 1.29647
41660001 1.27944
41670001 1.27539
41680001 1.28248
41690001 1.29832
41700001 1.29289
41710001 1.28595
41720001 1.28188
41730001 1.30558
41740001 1.29763
41750001 1.3058
41760001 1.29229
41770001 1.30014
41780001 1.29822
41790001 1.31653
41800001 1.28675
41810001 1.28205
41820001 1.3115
41830001 1.28724
41840001 1.2772
41850001 1.30776
41860001 1.28467
41870001 1.27354
41880001 1.29352
41890001 1.28322
41900001 1.27495
41910001 1.29136
41920001 1.29428
41930001 1.31202
41940001 1.29779
41950001 1.28193
41960001 1.28188
41970001 1.2806
41980001 1.27737
41990001 1.27965
42000001 1.30565
42010001 1.29725
42020001 1.2886
42030001 1.30117
42040001 1.28847
42050001 1.30216
42060001 1.30845
42070001 1.28146
42080001 1.29087
42090001 1.2949
42100001 1.31562
42110001 1.29316
42120001 1.29864
42130001 1.29421
42140001 1.30066
42150001 1.29276
42160001 1.28125
42170001 1.29639
42180001 1.2984
42190001 1.30479
42200001 1.27461
42210001 1.29619
42220001 1.28889
42230001 1.29364
42240001 1.29263
42250001 1.2887
42260001 1.26755
42270001 1.29205
42280001 1.29073
42290001 1.29779
42300001 1.28857
42310001 1.27614
42320001 1.26746
42330001 1.2933
42340001 1.27579
42350001 1.28374
42360001 1.27946
42370001 1.28381
42380001 1.29023
42390001 1.31577
42400001 1.29071
42410001 1.29253
42420001 1.29144
42430001 1.29411
42440001 1.28301
42450001 1.30109
42460001 1.27749
42470001 1.28167
42480001 1.29847
42490001 1.30159
42500001 1.31208
42510001 1.28362
42520001 1.27686
42530001 1.28028
42540001 1.30228
42550001 1.313
42560001 1.30947
42570001 1.30408
42580001 1.28289
42590001 1.29616
42600001 1.2973
42610001 1.29223
42620001 1.28979
42630001 1.28876
42640001 1.29807
42650001 1.2978
42660001 1.27614
42670001 1.2862
42680001 1.2941
42690001 1.30756
42700001 1.28966
42710001 1.30224
42720001 1.30109
42730001 1.28624
42740001 1.30689
42750001 1.28542
42760001 1.28752
42770001 1.29653
42780001 1.28937
42790001 1.28805
42800001 1.28362
42810001 1.3
42820001 1.28277
42830001 1.29138
42840001 1.28642
42850001 1.30641
42860001 1.30943
42870001 1.28537
42880001 1.28645
42890001 1.27719
42900001 1.2872
42910001 1.28694
42920001 1.30724
42930001 1.2975
42940001 1.29432
42950001 1.31079
42960001 1.29703
42970001 1.29983
42980001 1.31897
42990001 1.28858
43000001 1.27553
43010001 1.28913
43020001 1.30582
43030001 1.28439
43040001 1.30487
43050001 1.29237
43060001 1.3055
43070001 1.28663
43080001 1.29378
43090001 1.28657
43100001 1.28139
43110001 1.29687
43120001 1.29382
43130001 1.3082
43140001 1.30603
43150001 1.31304
43160001 1.29731
43170001 1.30839
43180001 1.28547
43190001 1.29757
43200001 1.29303
43210001 1.30025
43220001 1.32436
43230001 1.31021
43240001 1.30033
43250001 1.29028
43260001 1.28439
43270001 1.30217
43280001 1.31415
43290001 1.28728
43300001 1.29557
43310001 1.30124
43320001 1.30237
43330001 1.29108
43340001 1.30045
43350001 1.30547
43360001 1.30141
43370001 1.30292
43380001 1.32081
43390001 1.29788
43400001 1.291
43410001 1.30455
43420001 1.28839
43430001 1.29612
43440001 1.28972
43450001 1.28158
43460001 1.27912
43470001 1.27404
43480001 1.27892
43490001 1.29462
43500001 1.28153
43510001 1.28305
43520001 1.29125
43530001 1.3032
43540001 1.29814
43550001 1.27301
43560001 1.28123
43570001 1.27406
43580001 1.30677
43590001 1.28415
43600001 1.29981
43610001 1.29799
43620001 1.28065
43630001 1.29906
43640001 1.29692
43650001 1.2998
43660001 1.29114
43670001 1.28474
43680001 1.29603
43690001 1.29434
43700001 1.2816
43710001 1.29331
43720001 1.29929
43730001 1.2761
43740001 1.28277
43750001 1.28431
43760001 1.27712
43770001 1.28979
43780001 1.29783
43790001 1.29108
43800001 1.28488
43810001 1.29245
43820001 1.304
43830001 1.29348
43840001 1.28273
43850001 1.28301
43860001 1.26742
43870001 1.28294
43880001 1.29011
43890001 1.29107
43900001 1.28465
43910001 1.28665
43920001 1.28212
43930001 1.29825
43940001 1.28945
43950001 1.29555
43960001 1.29315
43970001 1.29075
43980001 1.29817
43990001 1.29055
44000001 1.28668
44010001 1.28983
44020001 1.29363
44030001 1.29274
44040001 1.2889
44050001 1.29475
44060001 1.28294
44070001 1.28216
44080001 1.27988
44090001 1.29509
44100001 1.29697
44110001 1.28179
44120001 1.28892
44130001 1.27706
44140001 1.29413
44150001 1.27889
44160001 1.30511
44170001 1.29387
44180001 1.27315
44190001 1.28916
44200001 1.29369
44210001 1.29544
44220001 1.28397
44230001 1.28618
44240001 1.29321
44250001 1.29235
44260001 1.28967
44270001 1.27906
44280001 1.29027
44290001 1.28433
44300001 1.2867
44310001 1.28238
44320001 1.27775
44330001 1.27191
44340001 1.29554
44350001 1.29822
44360001 1.29591
44370001 1.31472
44380001 1.28422
44390001 1.3075
44400001 1.28782
44410001 1.27465
44420001 1.30225
44430001 1.28775
44440001 1.27549
44450001 1.28599
44460001 1.28522
44470001 1.30127
44480001 1.28671
44490001 1.28648
44500001 1.28953
44510001 1.29707
44520001 1.28623
44530001 1.28977
44540001 1.2999
44550001 1.28912
44560001 1.30678
44570001 1.28546
44580001 1.28408
44590001 1.29383
44600001 1.32017
44610001 1.29112
44620001 1.28981
44630001 1.3042
44640001 1.2949
44650001 1.28993
44660001 1.29155
44670001 1.29039
44680001 1.27697
44690001 1.29098
44700001 1.27079
44710001 1.28118
44720001 1.29144
44730001 1.30898
44740001 1.31149
44750001 1.30273
44760001 1.27995
44770001 1.27509
44780001 1.28707
44790001 1.27608
44800001 1.28489
44810001 1.28328
44820001 1.28609
44830001 1.29653
44840001 1.30202
44850001 1.29735
44860001 1.27679
44870001 1.29651
44880001 1.28587
44890001 1.27868
44900001 1.2897
44910001 1.29082
44920001 1.28931
44930001 1.29611
44940001 1.29479
44950001 1.29613
44960001 1.29317
44970001 1.28375
44980001 1.29141
44990001 1.30027
45000001 1.29765
45010001 1.28462
45020001 1.27855
45030001 1.2828
45040001 1.28706
45050001 1.29122
45060001 1.27478
45070001 1.28567
45080001 1.28142
45090001 1.27735
45100001 1.28794
45110001 1.28084
45120001 1.2971
45130001 1.29779
45140001 1.27469
45150001 1.28702
45160001 1.28033
45170001 1.2778
45180001 1.27726
45190001 1.29666
45200001 1.29849
45210001 1.3039
45220001 1.28457
45230001 1.28405
45240001 1.29009
45250001 1.28759
45260001 1.30694
45270001 1.29058
45280001 1.27817
45290001 1.28601
45300001 1.30973
45310001 1.29359
45320001 1.29473
45330001 1.29284
45340001 1.28532
45350001 1.29664
45360001 1.27185
45370001 1.2927
45380001 1.29702
45390001 1.29061
45400001 1.30387
45410001 1.30468
45420001 1.29939
45430001 1.29068
45440001 1.29253
45450001 1.29598
45460001 1.3049
45470001 1.29498
45480001 1.29626
45490001 1.2664
45500001 1.27271
45510001 1.30429
45520001 1.31974
45530001 1.29121
45540001 1.29562
45550001 1.30569
45560001 1.29969
45570001 1.27855
45580001 1.28782
45590001 1.28746
45600001 1.29801
45610001 1.2918
45620001 1.30256
45630001 1.2886
45640001 1.30335
45650001 1.29421
45660001 1.29635
45670001 1.29731
45680001 1.27944
45690001 1.28774
45700001 1.27493
45710001 1.27528
45720001 1.29095
45730001 1.29049
45740001 1.30117
45750001 1.31289
45760001 1.29443
45770001 1.27111
45780001 1.30152
45790001 1.31165
45800001 1.30112
45810001 1.31099
45820001 1.28439
45830001 1.28064
45840001 1.28658
45850001 1.28022
45860001 1.27487
45870001 1.27292
45880001 1.28675
45890001 1.29076
45900001 1.286
45910001 1.29333
45920001 1.28263
45930001 1.2908
45940001 1.29352
45950001 1.28163
45960001 1.29126
45970001 1.28223
45980001 1.28943
45990001 1.29899
46000001 1.28909
46010001 1.29944
46020001 1.29803
46030001 1.28929
46040001 1.30199
46050001 1.29069
46060001 1.30094
46070001 1.30286
46080001 1.29993
46090001 1.30534
46100001 1.28309
46110001 1.29688
46120001 1.31902
46130001 1.2879
46140001 1.29287
46150001 1.27144
46160001 1.28766
46170001 1.28859
46180001 1.29057
46190001 1.28933
46200001 1.3116
46210001 1.3068
46220001 1.2801
46230001 1.29486
46240001 1.28719
46250001 1.30108
46260001 1.27799
46270001 1.26757
46280001 1.28672
46290001 1.2892
46300001 1.28409
46310001 1.28945
46320001 1.29882
46330001 1.28832
46340001 1.3011
46350001 1.28001
46360001 1.29446
46370001 1.30817
46380001 1.29339
46390001 1.27963
46400001 1.28202
46410001 1.28148
46420001 1.27641
46430001 1.27744
46440001 1.29243
46450001 1.29086
46460001 1.28276
46470001 1.28526
46480001 1.27483
46490001 1.28402
46500001 1.28283
46510001 1.30557
46520001 1.2942
46530001 1.28735
46540001 1.28876
46550001 1.29112
46560001 1.29621
46570001 1.28875
46580001 1.29453
46590001 1.28949
46600001 1.28817
46610001 1.2992
46620001 1.28711
46630001 1.27982
46640001 1.29786
46650001 1.28205
46660001 1.28104
46670001 1.27873
46680001 1.29725
46690001 1.29759
46700001 1.31023
46710001 1.29028
46720001 1.29634
46730001 1.2825
46740001 1.28531
46750001 1.28541
46760001 1.28093
46770001 1.28883
46780001 1.29753
46790001 1.29197
46800001 1.28571
46810001 1.3002
46820001 1.28277
46830001 1.2788
46840001 1.28282
46850001 1.28292
46860001 1.29508
46870001 1.2921
46880001 1.30122
46890001 1.2914
46900001 1.29349
46910001 1.2829
46920001 1.283
46930001 1.27428
46940001 1.27591
46950001 1.26828
46960001 1.2859
46970001 1.27784
46980001 1.29586
46990001 1.29318
47000001 1.27923
47010001 1.29785
47020001 1.27903
47030001 1.29041
47040001 1.27739
47050001 1.30077
47060001 1.30916
47070001 1.28543
47080001 1.29084
47090001 1.3041
47100001 1.29694
47110001 1.28575
47120001 1.29264
47130001 1.28898
47140001 1.28541
47150001 1.26336
47160001 1.28595
47170001 1.28866
47180001 1.29705
47190001 1.30033
47200001 1.29826
47210001 1.28782
47220001 1.28809
47230001 1.29119
47240001 1.29082
47250001 1.29507
47260001 1.30374
47270001 1.29276
47280001 1.27672
47290001 1.28285
47300001 1.28053
47310001 1.28123
47320001 1.27479
47330001 1.29447
47340001 1.28547
47350001 1.28251
47360001 1.27586
47370001 1.28247
47380001 1.28122
47390001 1.27413
47400001 1.2926
47410001 1.28828
47420001 1.28954
47430001 1.27813
47440001 1.30757
47450001 1.28468
47460001 1.29323
47470001 1.27631
47480001 1.27774
47490001 1.28834
47500001 1.29587
47510001 1.29047
47520001 1.29223
47530001 1.26785
47540001 1.29049
47550001 1.29225
47560001 1.299
47570001 1.33414
47580001 1.29784
47590001 1.30575
47600001 1.30781
47610001 1.29706
47620001 1.30155
47630001 1.26789
47640001 1.2895
47650001 1.28975
47660001 1.2767
47670001 1.28885
47680001 1.28327
47690001 1.28607
47700001 1.29817
47710001 1.27529
47720001 1.28907
47730001 1.30245
47740001 1.28957
47750001 1.31562
47760001 1.29026
47770001 1.29741
47780001 1.29145
47790001 1.30025
47800001 1.28754
47810001 1.27632
47820001 1.31695
47830001 1.30004
47840001 1.28261
47850001 1.28783
47860001 1.27544
47870001 1.28852
47880001 1.29088
47890001 1.30658
47900001 1.29334
47910001 1.29133
47920001 1.30153
47930001 1.28459
47940001 1.28645
47950001 1.29695
47960001 1.28582
47970001 1.29835
47980001 1.31628
47990001 1.28721
48000001 1.304
48010001 1.29026
48020001 1.30803
48030001 1.29761
48040001 1.29301
48050001 1.2997
48060001 1.28529
48070001 1.28116
48080001 1.28925
48090001 1.27058
48100001 1.27774
48110001 1.28176
48120001 1.27363
48130001 1.29157
48140001 1.28594
48150001 1.29947
48160001 1.28657
48170001 1.29294
48180001 1.30285
48190001 1.2874
48200001 1.29243
48210001 1.29423
48220001 1.29562
48230001 1.2748
48240001 1.29156
48250001 1.29082
48260001 1.28919
48270001 1.28059
48280001 1.28748
48290001 1.2698
48300001 1.29379
48310001 1.28528
48320001 1.2917
48330001 1.31207
48340001 1.30153
48350001 1.29305
48360001 1.28918
48370001 1.28097
48380001 1.28884
48390001 1.27856
48400001 1.28924
48410001 1.29856
48420001 1.29386
48430001 1.2785
48440001 1.27971
48450001 1.29992
48460001 1.28955
48470001 1.31116
48480001 1.29568
48490001 1.27465
48500001 1.29014
48510001 1.27869
48520001 1.2779
48530001 1.28362
48540001 1.30477
48550001 1.29435
48560001 1.28009
48570001 1.29541
48580001 1.29607
48590001 1.2821
48600001 1.27357
48610001 1.28492
48620001 1.29715
48630001 1.26585
48640001 1.28145
48650001 1.27925
48660001 1.28937
48670001 1.28682
48680001 1.30696
48690001 1.29763
48700001 1.2921
48710001 1.30381
48720001 1.28138
48730001 1.31619
48740001 1.283
48750001 1.29367
48760001 1.29596
48770001 1.3039
48780001 1.29881
48790001 1.29222
48800001 1.30516
48810001 1.2905
48820001 1.29184
48830001 1.29718
48840001 1.28258
48850001 1.30313
48860001 1.29588
48870001 1.28566
48880001 1.25957
48890001 1.28903
48900001 1.28466
48910001 1.2863
48920001 1.28905
48930001 1.28849
48940001 1.26962
48950001 1.28217
48960001 1.27765
48970001 1.28825
48980001 1.26948
48990001 1.29033
49000001 1.2995
49010001 1.30352
49020001 1.29286
49030001 1.29725
49040001 1.30122
49050001 1.29764
49060001 1.30279
49070001 1.28603
49080001 1.2795
49090001 1.27027
49100001 1.27123
49110001 1.27913
49120001 1.28125
49130001 1.27085
49140001 1.28361
49150001 1.28653
49160001 1.29079
49170001 1.28672
49180001 1.29361
49190001 1.29809
49200001 1.27168
49210001 1.28394
49220001 1.28473
49230001 1.30748
49240001 1.30811
49250001 1.29235
49260001 1.28226
49270001 1.28044
49280001 1.28735
49290001 1.28034
49300001 1.28467
49310001 1.29712
49320001 1.28214
49330001 1.27611
49340001 1.26686
49350001 1.28782
49360001 1.29394
49370001 1.2917
49380001 1.2887
49390001 1.29405
49400001 1.28306
49410001 1.28805
49420001 1.27975
49430001 1.28452
49440001 1.28072
49450001 1.29125
49460001 1.28427
49470001 1.26705
49480001 1.28351
49490001 1.28885
49500001 1.29647
49510001 1.29662
49520001 1.28221
49530001 1.29921
49540001 1.31256
49550001 1.30876
49560001 1.30814
49570001 1.27614
49580001 1.2956
49590001 1.27366
49600001 1.28221
49610001 1.29219
49620001 1.2722
49630001 1.27943
49640001 1.27667
49650001 1.27683
49660001 1.27518
49670001 1.28817
49680001 1.28902
49690001 1.30261
49700001 1.29366
49710001 1.28536
49720001 1.30253
49730001 1.29641
49740001 1.28835
49750001 1.29306
49760001 1.30376
49770001 1.29704
49780001 1.284
49790001 1.30015
49800001 1.32931
49810001 1.3026
49820001 1.28762
49830001 1.27748
49840001 1.29018
49850001 1.2939
49860001 1.2906
49870001 1.28339
49880001 1.2876
49890001 1.2889
49900001 1.29726
49910001 1.29376
49920001 1.28806
49930001 1.28392
49940001 1.28645
49950001 1.30457
49960001 1.2937
49970001 1.28462
49980001 1.29018
49990001 1.29842
