1 2195.71
10001 195.333
20001 125.276
30001 85.7664
40001 65.6537
50001 47.1361
60001 36.7586
70001 29.5995
80001 24.5413
90001 20.365
100001 18.2187
110001 15.8013
120001 14.4703
130001 13.1094
140001 12.207
150001 11.367
160001 10.8524
170001 10.3719
180001 10.0283
190001 9.75219
200001 9.35833
210001 9.09374
220001 8.74526
230001 8.48624
240001 8.45014
250001 8.17657
260001 7.98894
270001 7.95469
280001 7.73069
290001 7.61669
300001 7.33616
310001 7.26453
320001 7.17772
330001 7.16461
340001 6.8271
350001 6.79894
360001 6.74567
370001 6.5438
380001 6.53114
390001 6.41728
400001 6.35185
410001 6.33772
420001 6.27392
430001 6.15522
440001 6.00785
450001 5.89941
460001 5.85142
470001 5.94268
480001 5.80144
490001 5.68237
500001 5.70446
510001 5.67913
520001 5.71131
530001 5.63783
540001 5.53287
550001 5.48092
560001 5.26555
570001 5.22898
580001 5.33686
590001 5.28227
600001 5.28948
610001 5.21827
620001 5.2711
630001 5.21141
640001 5.13065
650001 5.1667
660001 5.16795
670001 5.0126
680001 4.96953
690001 5.08147
700001 5.02824
710001 4.97775
720001 4.84946
730001 4.8481
740001 4.79739
750001 4.76071
760001 4.73636
770001 4.7483
780001 4.72197
790001 4.67112
800001 4.57344
810001 4.66792
820001 4.59545
830001 4.52118
840001 4.53087
850001 4.54527
860001 4.54741
870001 4.48446
880001 4.45858
890001 4.43846
900001 4.45735
910001 4.34145
920001 4.33764
930001 4.38465
940001 4.3906
950001 4.46881
960001 4.28402
970001 4.25712
980001 4.24437
990001 4.30279
1000001 4.22436
1010001 4.13593
1020001 4.42153
1030001 4.18345
1040001 4.19864
1050001 4.12381
1060001 4.15052
1070001 4.07188
1080001 4.10126
1090001 4.05946
1100001 4.13316
1110001 4.00475
1120001 4.10386
1130001 4.09342
1140001 4.01154
1150001 3.98745
1160001 3.92429
1170001 3.99672
1180001 3.97749
1190001 4.02805
1200001 3.97321
1210001 3.95362
1220001 3.81709
1230001 3.89382
1240001 3.88815
1250001 3.97697
1260001 3.90711
1270001 3.87107
1280001 3.89517
1290001 3.86505
1300001 3.95752
1310001 3.90021
1320001 3.92293
1330001 3.80366
1340001 3.7654
1350001 3.71119
1360001 3.75683
1370001 3.70393
1380001 3.69807
1390001 3.70443
1400001 3.75067
1410001 3.70846
1420001 3.68563
1430001 3.63028
1440001 3.84785
1450001 3.72999
1460001 3.73602
1470001 3.71373
1480001 3.73161
1490001 3.68827
1500001 3.73384
1510001 3.64506
1520001 3.74527
1530001 3.70486
1540001 3.71434
1550001 3.62936
1560001 3.64813
1570001 3.6003
1580001 3.61972
1590001 3.66492
1600001 3.57445
1610001 3.50158
1620001 3.53382
1630001 3.54655
1640001 3.59683
1650001 3.6987
1660001 3.67875
1670001 3.69186
1680001 3.58857
1690001 3.62611
1700001 3.54673
1710001 3.41683
1720001 3.48759
1730001 3.61917
1740001 3.51193
1750001 3.56662
1760001 3.4856
1770001 3.48787
1780001 3.45111
1790001 3.40601
1800001 3.42783
1810001 3.43947
1820001 3.44391
1830001 3.45015
1840001 3.54198
1850001 3.48175
1860001 3.36285
1870001 3.58264
1880001 3.49332
1890001 3.33882
1900001 3.36369
1910001 3.40628
1920001 3.41898
1930001 3.48448
1940001 3.45172
1950001 3.3835
1960001 3.41202
1970001 3.4095
1980001 3.43532
1990001 3.36911
2000001 3.33271
2010001 3.33195
2020001 3.36793
2030001 3.34778
2040001 3.36636
2050001 3.2935
2060001 3.26882
2070001 3.45382
2080001 3.32473
2090001 3.32229
2100001 3.3536
2110001 3.35899
2120001 3.29612
2130001 3.34641
2140001 3.37774
2150001 3.29166
2160001 3.32755
2170001 3.1846
2180001 3.17569
2190001 3.32397
2200001 3.36556
2210001 3.37531
2220001 3.30531
2230001 3.25835
2240001 3.23255
2250001 3.21943
2260001 3.3232
2270001 3.32254
2280001 3.22874
2290001 3.24585
2300001 3.25477
2310001 3.30487
2320001 3.24187
2330001 3.25299
2340001 3.26718
2350001 3.20397
2360001 3.1832
2370001 3.21465
2380001 3.14079
2390001 3.16759
2400001 3.1138
2410001 3.15611
2420001 3.14278
2430001 3.16826
2440001 3.2168
2450001 3.19337
2460001 3.13246
2470001 3.15828
2480001 3.1765
2490001 3.16323
2500001 3.12796
2510001 3.21597
2520001 3.22211
2530001 3.15856
2540001 3.1379
2550001 3.21374
2560001 3.23044
2570001 3.17929
2580001 3.2417
2590001 3.24166
2600001 3.17889
2610001 3.18472
2620001 3.17424
2630001 3.24304
2640001 3.04892
2650001 3.15854
2660001 3.1332
2670001 3.1939
2680001 3.0686
2690001 3.07038
2700001 3.08999
2710001 3.21581
2720001 3.11071
2730001 3.02257
2740001 3.11795
2750001 3.09406
2760001 3.03761
2770001 3.17244
2780001 3.18432
2790001 3.09228
2800001 3.03745
2810001 3.12988
2820001 3.129
2830001 3.0892
2840001 3.04917
2850001 3.10925
2860001 3.1244
2870001 3.09458
2880001 3.08581
2890001 3.03842
2900001 3.02207
2910001 3.14641
2920001 3.10706
2930001 3.04732
2940001 3.01063
2950001 2.95915
2960001 3.04518
2970001 3.01894
2980001 3.08073
2990001 3.1681
3000001 3.14215
3010001 3.05185
3020001 3.03786
3030001 3.17923
3040001 3.04302
3050001 3.03281
3060001 3.02682
3070001 3.09599
3080001 3.03402
3090001 3.02495
3100001 3.04439
3110001 3.10131
3120001 3.04967
3130001 3.00251
3140001 2.98109
3150001 3.05861
3160001 3.01648
3170001 3.01366
3180001 3.05089
3190001 3.01328
3200001 3.04545
3210001 3.06919
3220001 3.01784
3230001 2.95648
3240001 2.99472
3250001 3.08471
3260001 2.96671
3270001 3.10589
3280001 2.94429
3290001 2.97843
3300001 3.04315
3310001 2.94882
3320001 3.12061
3330001 3.00323
3340001 2.96212
3350001 2.89777
3360001 2.91791
3370001 3.0091
3380001 2.92859
3390001 2.97092
3400001 2.89172
3410001 2.89144
3420001 2.94694
3430001 2.93274
3440001 2.9702
3450001 2.93665
3460001 2.96139
3470001 2.96298
3480001 3.0102
3490001 2.92865
3500001 2.90526
3510001 2.94731
3520001 3.09048
3530001 3.2315
3540001 2.90912
3550001 2.87411
3560001 3.00882
3570001 2.99489
3580001 2.97397
3590001 2.90827
3600001 2.97063
3610001 2.91972
3620001 2.93777
3630001 2.944
3640001 2.87712
3650001 2.94377
3660001 2.96
3670001 2.94969
3680001 2.98466
3690001 2.93407
3700001 2.97722
3710001 2.95412
3720001 2.88823
3730001 2.8927
3740001 2.94329
3750001 3.00297
3760001 2.86745
3770001 3.00919
3780001 2.90771
3790001 2.82884
3800001 2.87901
3810001 2.88668
3820001 2.96157
3830001 2.99984
3840001 2.87821
3850001 2.92422
3860001 2.87357
3870001 2.88347
3880001 2.93104
3890001 2.85676
3900001 2.91384
3910001 2.83689
3920001 2.90951
3930001 2.91266
3940001 2.9372
3950001 2.92437
3960001 2.89535
3970001 2.81616
3980001 2.88891
3990001 2.85668
4000001 2.88748
4010001 2.85444
4020001 2.88248
4030001 2.82438
4040001 2.85157
4050001 2.87138
4060001 2.9384
4070001 2.91575
4080001 2.99383
4090001 2.99926
4100001 2.83987
4110001 2.87571
4120001 2.82866
4130001 2.89792
4140001 2.86156
4150001 2.93269
4160001 2.92897
4170001 2.90717
4180001 2.90934
4190001 2.85144
4200001 2.81747
4210001 2.87348
4220001 2.83342
4230001 2.91026
4240001 2.90197
4250001 2.98699
4260001 2.86116
4270001 2.87374
4280001 2.85914
4290001 2.89126
4300001 2.84356
4310001 2.80313
4320001 2.75734
4330001 2.76032
4340001 2.79586
4350001 2.90325
4360001 2.83454
4370001 2.79027
4380001 2.85338
4390001 2.79608
4400001 2.86834
4410001 2.89391
4420001 2.85143
4430001 2.85081
4440001 2.83934
4450001 2.79784
4460001 2.77471
4470001 2.85514
4480001 2.82503
4490001 2.8602
4500001 2.98839
4510001 2.84795
4520001 2.81733
4530001 2.79476
4540001 2.81655
4550001 2.91477
4560001 2.77646
4570001 2.81506
4580001 2.78466
4590001 2.8768
4600001 2.79635
4610001 2.86364
4620001 2.83507
4630001 2.84276
4640001 2.88969
4650001 2.9075
4660001 2.78966
4670001 2.87964
4680001 2.89717
4690001 2.82108
4700001 2.88354
4710001 2.84252
4720001 2.74847
4730001 2.84187
4740001 2.83819
4750001 2.74146
4760001 2.80764
4770001 2.73568
4780001 2.86679
4790001 2.81099
4800001 2.77531
4810001 2.83704
4820001 2.75312
4830001 2.81695
4840001 2.8149
4850001 2.71713
4860001 2.8314
4870001 2.83822
4880001 2.90462
4890001 2.84002
4900001 2.80157
4910001 2.79427
4920001 2.7674
4930001 2.98051
4940001 2.72449
4950001 2.72979
4960001 2.72321
4970001 2.87989
4980001 2.72414
4990001 2.7388
5000001 2.73358
5010001 2.77585
5020001 2.76435
5030001 2.7644
5040001 2.78997
5050001 2.82316
5060001 2.76023
5070001 2.80997
5080001 2.83656
5090001 2.8311
5100001 2.80079
5110001 2.81256
5120001 2.80441
5130001 2.78014
5140001 2.76495
5150001 2.84662
5160001 2.76454
5170001 2.69564
5180001 2.72868
5190001 2.72609
5200001 2.70914
5210001 2.71755
5220001 2.75077
5230001 2.76115
5240001 2.73981
5250001 2.68715
5260001 2.75435
5270001 2.75769
5280001 2.7036
5290001 2.75833
5300001 2.76079
5310001 2.74064
5320001 2.77298
5330001 2.75446
5340001 2.70903
5350001 2.6798
5360001 2.77889
5370001 2.72925
5380001 2.71691
5390001 2.79236
5400001 2.79945
5410001 2.74806
5420001 2.76361
5430001 2.84202
5440001 2.64584
5450001 2.71554
5460001 2.73459
5470001 2.6509
5480001 2.67851
5490001 2.77386
5500001 2.71823
5510001 2.70587
5520001 2.73378
5530001 2.78935
5540001 2.791
5550001 2.7699
5560001 2.79295
5570001 2.76686
5580001 2.76787
5590001 2.79618
5600001 2.7111
5610001 2.80692
5620001 2.66612
5630001 2.90293
5640001 2.76001
5650001 2.73535
5660001 2.71783
5670001 2.68118
5680001 2.75247
5690001 2.71462
5700001 2.73519
5710001 2.7888
5720001 2.72965
5730001 2.77508
5740001 2.76768
5750001 2.70791
5760001 2.72725
5770001 2.7082
5780001 2.72603
5790001 2.80808
5800001 2.77906
5810001 2.74453
5820001 2.80789
5830001 2.77534
5840001 2.7677
5850001 2.84397
5860001 2.70194
5870001 2.68378
5880001 2.78884
5890001 2.72739
5900001 2.72276
5910001 2.68741
5920001 2.70209
5930001 2.68695
5940001 2.74405
5950001 2.69884
5960001 2.69823
5970001 2.75565
5980001 2.75704
5990001 2.74064
6000001 2.69795
6010001 2.74885
6020001 2.70943
6030001 2.75505
6040001 2.78665
6050001 2.71564
6060001 2.68509
6070001 2.64342
6080001 2.6517
6090001 2.71158
6100001 2.78646
6110001 2.77339
6120001 2.67783
6130001 2.72912
6140001 2.75816
6150001 2.72614
6160001 2.72951
6170001 2.65879
6180001 2.6705
6190001 2.66449
6200001 2.67787
6210001 2.63144
6220001 2.68347
6230001 2.86234
6240001 2.75126
6250001 2.77262
6260001 2.67995
6270001 2.6857
6280001 2.69503
6290001 2.657
6300001 2.65746
6310001 2.71658
6320001 2.68146
6330001 2.63544
6340001 2.68736
6350001 2.68983
6360001 2.73641
6370001 2.64088
6380001 2.69328
6390001 2.72074
6400001 2.72843
6410001 2.7886
6420001 2.77015
6430001 2.70956
6440001 2.79937
6450001 2.64531
6460001 2.67017
6470001 2.68006
6480001 2.61822
6490001 2.61624
6500001 2.66361
6510001 2.65492
6520001 2.7024
6530001 2.72046
6540001 2.81128
6550001 2.68408
6560001 2.70146
6570001 2.66318
6580001 2.69467
6590001 2.63627
6600001 2.53981
6610001 2.69302
6620001 2.69803
6630001 2.72902
6640001 2.74918
6650001 2.68563
6660001 2.696
6670001 2.6707
6680001 2.68313
6690001 2.66074
6700001 2.71942
6710001 2.69822
6720001 2.61836
6730001 2.68705
6740001 2.65883
6750001 2.7174
6760001 2.69057
6770001 2.69968
6780001 2.73817
6790001 2.74571
6800001 2.6397
6810001 2.7289
6820001 2.65325
6830001 2.66578
6840001 2.7482
6850001 2.64906
6860001 2.61925
6870001 2.64136
6880001 2.69933
6890001 2.65721
6900001 2.61556
6910001 2.71249
6920001 2.70101
6930001 2.64432
6940001 2.62711
6950001 2.61391
6960001 2.69918
6970001 2.6829
6980001 2.69044
6990001 2.70073
7000001 2.72484
7010001 2.68743
7020001 2.70526
7030001 2.66695
7040001 2.63246
7050001 2.6552
7060001 2.63858
7070001 2.6774
7080001 2.69489
7090001 2.75305
7100001 2.67535
7110001 2.61406
7120001 2.70832
7130001 2.71391
7140001 2.70386
7150001 2.62319
7160001 2.60497
7170001 2.62177
7180001 2.69269
7190001 2.67524
7200001 2.68709
7210001 2.65841
7220001 2.63049
7230001 2.69681
7240001 2.77232
7250001 2.65576
7260001 2.74787
7270001 2.74347
7280001 2.6946
7290001 2.7366
7300001 2.7445
7310001 2.72711
7320001 2.68615
7330001 2.69874
7340001 2.6465
7350001 2.69698
7360001 2.71721
7370001 2.69231
7380001 2.62411
7390001 2.75221
7400001 2.76172
7410001 2.77489
7420001 2.65034
7430001 2.73093
7440001 2.65484
7450001 2.65672
7460001 2.69313
7470001 2.69766
7480001 2.67458
7490001 2.65057
7500001 2.69979
7510001 2.70866
7520001 2.67905
7530001 2.78403
7540001 2.70497
7550001 2.66158
7560001 2.63432
7570001 2.87075
7580001 2.68612
7590001 2.76522
7600001 2.71501
7610001 2.72705
7620001 2.74073
7630001 2.58044
7640001 2.63698
7650001 2.70864
7660001 2.64679
7670001 2.55779
7680001 2.68085
7690001 2.65753
7700001 2.60425
7710001 2.62426
7720001 2.60919
7730001 2.6415
7740001 2.66334
7750001 2.70664
7760001 2.64788
7770001 2.65427
7780001 2.70818
7790001 2.69288
7800001 2.57109
7810001 2.61368
7820001 2.69316
7830001 2.66983
7840001 2.62841
7850001 2.68061
7860001 2.63769
7870001 2.62001
7880001 2.65355
7890001 2.62152
7900001 2.60513
7910001 2.68969
7920001 2.8027
7930001 2.67438
7940001 2.73976
7950001 2.59199
7960001 2.58797
7970001 2.63053
7980001 2.65735
7990001 2.6843
8000001 2.67487
8010001 2.64442
8020001 2.68311
8030001 2.63567
8040001 2.63465
8050001 2.70255
8060001 2.7353
8070001 2.64113
8080001 2.7873
8090001 2.7386
8100001 2.72768
8110001 2.7221
8120001 2.67494
8130001 2.69104
8140001 2.66857
8150001 2.72069
8160001 2.68485
8170001 2.70737
8180001 2.65111
8190001 2.68169
8200001 2.74089
8210001 2.68944
8220001 2.57803
8230001 2.64032
8240001 2.6664
8250001 2.6808
8260001 2.65399
8270001 2.56808
8280001 2.61251
8290001 2.60784
8300001 2.59431
8310001 2.66221
8320001 2.71439
8330001 2.69813
8340001 2.63762
8350001 2.64541
8360001 2.59371
8370001 2.62241
8380001 2.63662
8390001 2.67739
8400001 2.66485
8410001 2.65684
8420001 2.60044
8430001 2.59225
8440001 2.62616
8450001 2.64851
8460001 2.68607
8470001 2.64796
8480001 2.61469
8490001 2.72031
8500001 2.62606
8510001 2.6749
8520001 2.66147
8530001 2.66792
8540001 2.74852
8550001 2.67131
8560001 2.60809
8570001 2.5769
8580001 2.5769
8590001 2.68728
8600001 2.63346
8610001 2.64381
8620001 2.56817
8630001 2.56053
8640001 2.62579
8650001 2.6139
8660001 2.64476
8670001 2.63473
8680001 2.63179
8690001 2.68217
8700001 2.71833
8710001 2.72125
8720001 2.75358
8730001 2.66138
8740001 2.80222
8750001 2.65829
8760001 2.64658
8770001 2.72822
8780001 2.62373
8790001 2.62104
8800001 2.67656
8810001 2.61272
8820001 2.64279
8830001 2.68838
8840001 2.64776
8850001 2.60371
8860001 2.65956
8870001 2.60818
8880001 2.71958
8890001 2.74067
8900001 2.65207
8910001 2.63726
8920001 2.62854
8930001 2.673
8940001 2.66832
8950001 2.69268
8960001 2.6714
8970001 2.63644
8980001 2.59609
8990001 2.56018
9000001 2.67234
9010001 2.61827
9020001 2.60445
9030001 2.71679
9040001 2.7087
9050001 2.61856
9060001 2.60554
9070001 2.62571
9080001 2.61905
9090001 2.57724
9100001 2.61266
9110001 2.62235
9120001 2.76551
9130001 2.65147
9140001 2.62321
9150001 2.63234
9160001 2.71654
9170001 2.63505
9180001 2.61993
9190001 2.54483
9200001 2.5667
9210001 2.68238
9220001 2.60504
9230001 2.60819
9240001 2.56273
9250001 2.64786
9260001 2.6383
9270001 2.66957
9280001 2.73529
9290001 2.68767
9300001 2.61968
9310001 2.63073
9320001 2.58639
9330001 2.57976
9340001 2.69356
9350001 2.67957
9360001 2.66406
9370001 2.62905
9380001 2.63859
9390001 2.73242
9400001 2.68029
9410001 2.63904
9420001 2.69916
9430001 2.64416
9440001 2.6005
9450001 2.60179
9460001 2.69011
9470001 2.68436
9480001 2.64518
9490001 2.62621
9500001 2.72424
9510001 2.62173
9520001 2.60553
9530001 2.53784
9540001 2.61455
9550001 2.54547
9560001 2.6796
9570001 2.59378
9580001 2.55683
9590001 2.58923
9600001 2.56929
9610001 2.63857
9620001 2.64682
9630001 2.69008
9640001 2.66373
9650001 2.7425
9660001 2.60147
9670001 2.62279
9680001 2.60735
9690001 2.67173
9700001 2.52867
9710001 2.57961
9720001 2.53153
9730001 2.6076
9740001 2.65262
9750001 2.58955
9760001 2.56594
9770001 2.58047
9780001 2.50081
9790001 2.54299
9800001 2.58274
9810001 2.57152
9820001 2.59512
9830001 2.64319
9840001 2.62402
9850001 2.58487
9860001 2.59435
9870001 2.61277
9880001 2.59317
9890001 2.64548
9900001 2.67331
9910001 2.68307
9920001 2.66784
9930001 2.65497
9940001 2.64139
9950001 2.60766
9960001 2.5945
9970001 2.7166
9980001 2.64876
9990001 2.66578
10000001 2.62009
10010001 2.61654
10020001 2.65245
10030001 2.65643
10040001 2.64144
10050001 2.5716
10060001 2.62022
10070001 2.5417
10080001 2.64687
10090001 2.57835
10100001 2.64738
10110001 2.56384
10120001 2.56326
10130001 2.61635
10140001 2.64512
10150001 2.62348
10160001 2.65173
10170001 2.62969
10180001 2.68746
10190001 2.60508
10200001 2.57023
10210001 2.59097
10220001 2.64816
10230001 2.55089
10240001 2.61376
10250001 2.59111
10260001 2.54864
10270001 2.62305
10280001 2.571
10290001 2.62422
10300001 2.58942
10310001 2.62177
10320001 2.5777
10330001 2.65664
10340001 2.63514
10350001 2.68079
10360001 2.58433
10370001 2.60215
10380001 2.56795
10390001 2.6528
10400001 2.56299
10410001 2.56736
10420001 2.66596
10430001 2.56803
10440001 2.53218
10450001 2.60495
10460001 2.61239
10470001 2.64259
10480001 2.65657
10490001 2.5939
10500001 2.54684
10510001 2.56832
10520001 2.60236
10530001 2.68093
10540001 2.61048
10550001 2.75805
10560001 2.55243
10570001 2.62831
10580001 2.55945
10590001 2.57973
10600001 2.6397
10610001 2.60971
10620001 2.62363
10630001 2.61554
10640001 2.63341
10650001 2.58925
10660001 2.5851
10670001 2.54156
10680001 2.58642
10690001 2.61448
10700001 2.6045
10710001 2.57031
10720001 2.64815
10730001 2.61576
10740001 2.58355
10750001 2.60471
10760001 2.7384
10770001 2.6791
10780001 2.59882
10790001 2.54532
10800001 2.61736
10810001 2.58542
10820001 2.65439
10830001 2.50957
10840001 2.62587
10850001 2.52133
10860001 2.55391
10870001 2.60645
10880001 2.58836
10890001 2.61401
10900001 2.56167
10910001 2.64417
10920001 2.69387
10930001 2.56973
10940001 2.60156
10950001 2.66608
10960001 2.68824
10970001 2.56817
10980001 2.64905
10990001 2.58564
11000001 2.70106
11010001 2.52685
11020001 2.61408
11030001 2.58415
11040001 2.64847
11050001 2.60787
11060001 2.5385
11070001 2.54979
11080001 2.50198
11090001 2.60001
11100001 2.5246
11110001 2.55927
11120001 2.58559
11130001 2.66
11140001 2.60026
11150001 2.60219
11160001 2.588
11170001 2.57125
11180001 2.59384
11190001 2.57703
11200001 2.68059
11210001 2.58332
11220001 2.59682
11230001 2.53339
11240001 2.56864
11250001 2.58273
11260001 2.63089
11270001 2.63384
11280001 2.66975
11290001 2.62983
11300001 2.57746
11310001 2.64633
11320001 2.59841
11330001 2.72557
11340001 2.60416
11350001 2.6018
11360001 2.55864
11370001 2.6009
11380001 2.60481
11390001 2.5897
11400001 2.77834
11410001 2.63502
11420001 2.58493
11430001 2.67409
11440001 2.65053
11450001 2.66834
11460001 2.63846
11470001 2.67716
11480001 2.55839
11490001 2.55222
11500001 2.55244
11510001 2.57654
11520001 2.56659
11530001 2.60812
11540001 2.51916
11550001 2.54879
11560001 2.64116
11570001 2.60487
11580001 2.547
11590001 2.55919
11600001 2.65717
11610001 2.5742
11620001 2.5449
11630001 2.61496
11640001 2.63764
11650001 2.57975
11660001 2.64422
11670001 2.53097
11680001 2.58487
11690001 2.64273
11700001 2.63937
11710001 2.71962
11720001 2.59048
11730001 2.61336
11740001 2.53262
11750001 2.55388
11760001 2.5809
11770001 2.56907
11780001 2.5887
11790001 2.55558
11800001 2.67278
11810001 2.52168
11820001 2.5441
11830001 2.49695
11840001 2.55283
11850001 2.53165
11860001 2.58282
11870001 2.6242
11880001 2.58864
11890001 2.62654
11900001 2.60823
11910001 2.73868
11920001 2.77
11930001 2.64361
11940001 2.54197
11950001 2.59164
11960001 2.56511
11970001 2.61843
11980001 2.62531
11990001 2.6064
12000001 2.63736
12010001 2.61393
12020001 2.63198
12030001 2.68351
12040001 2.58356
12050001 2.57673
12060001 2.64769
12070001 2.55
12080001 2.58142
12090001 2.58811
12100001 2.56944
12110001 2.62045
12120001 2.5804
12130001 2.55577
12140001 2.63324
12150001 2.62372
12160001 2.56702
12170001 2.55654
12180001 2.56404
12190001 2.51212
12200001 2.64703
12210001 2.54871
12220001 2.62213
12230001 2.58511
12240001 2.5816
12250001 2.56789
12260001 2.6405
12270001 2.56893
12280001 2.57346
12290001 2.58998
12300001 2.54279
12310001 2.54723
12320001 2.52936
12330001 2.62437
12340001 2.57916
12350001 2.71719
12360001 2.62533
12370001 2.65595
12380001 2.61911
12390001 2.57646
12400001 2.65139
12410001 2.57557
12420001 2.6067
12430001 2.55508
12440001 2.59075
12450001 2.56006
12460001 2.56229
12470001 2.54768
12480001 2.56432
12490001 2.5157
12500001 2.62383
12510001 2.53579
12520001 2.59553
12530001 2.62332
12540001 2.564
12550001 2.74037
12560001 2.54906
12570001 2.65003
12580001 2.69314
12590001 2.57329
12600001 2.58273
12610001 2.62189
12620001 2.57877
12630001 2.55375
12640001 2.57144
12650001 2.61172
12660001 2.58829
12670001 2.57625
12680001 2.61302
12690001 2.63098
12700001 2.53886
12710001 2.57218
12720001 2.58876
12730001 2.63328
12740001 2.57007
12750001 2.57437
12760001 2.60509
12770001 2.61021
12780001 2.54576
12790001 2.59444
12800001 2.57318
12810001 2.55844
12820001 2.57352
12830001 2.6785
12840001 2.58048
12850001 2.57522
12860001 2.53695
12870001 2.59912
12880001 2.57835
12890001 2.62979
12900001 2.64628
12910001 2.67521
12920001 2.5463
12930001 2.65945
12940001 2.49812
12950001 2.51421
12960001 2.60934
12970001 2.55152
12980001 2.54457
12990001 2.59071
13000001 2.6114
13010001 2.55957
13020001 2.59529
13030001 2.5765
13040001 2.59934
13050001 2.67891
13060001 2.54486
13070001 2.63244
13080001 2.64947
13090001 2.65593
13100001 2.68515
13110001 2.60972
13120001 2.57081
13130001 2.60061
13140001 2.57613
13150001 2.74019
13160001 2.62957
13170001 2.6242
13180001 2.5308
13190001 2.58402
13200001 2.59334
13210001 2.61116
13220001 2.59157
13230001 2.51637
13240001 2.60757
13250001 2.59499
13260001 2.70524
13270001 2.51458
13280001 2.53257
13290001 2.50832
13300001 2.58183
13310001 2.58263
13320001 2.56832
13330001 2.63189
13340001 2.75427
13350001 2.54825
13360001 2.52192
13370001 2.63352
13380001 2.60672
13390001 2.59815
13400001 2.59903
13410001 2.58503
13420001 2.60911
13430001 2.64038
13440001 2.62061
13450001 2.55331
13460001 2.54458
13470001 2.53392
13480001 2.63347
13490001 2.57795
13500001 2.60128
13510001 2.67031
13520001 2.62417
13530001 2.51957
13540001 2.52641
13550001 2.59176
13560001 2.5242
13570001 2.61666
13580001 2.58419
13590001 2.583
13600001 2.6
13610001 2.53788
13620001 2.66397
13630001 2.52067
13640001 2.68178
13650001 2.59477
13660001 2.64223
13670001 2.53144
13680001 2.60602
13690001 2.54668
13700001 2.59466
13710001 2.61915
13720001 2.71967
13730001 2.62664
13740001 2.55045
13750001 2.52981
13760001 2.61481
13770001 2.52215
13780001 2.52784
13790001 2.55345
13800001 2.50212
13810001 2.56431
13820001 2.57417
13830001 2.50653
13840001 2.64166
13850001 2.58277
13860001 2.62669
13870001 2.70232
13880001 2.57175
13890001 2.5222
13900001 2.55133
13910001 2.54313
13920001 2.50049
13930001 2.58372
13940001 2.54954
13950001 2.52652
13960001 2.52759
13970001 2.53774
13980001 2.58582
13990001 2.54183
14000001 2.55292
14010001 2.53046
14020001 2.55444
14030001 2.53173
14040001 2.64055
14050001 2.56747
14060001 2.591
14070001 2.60469
14080001 2.57524
14090001 2.58104
14100001 2.57487
14110001 2.58848
14120001 2.62281
14130001 2.58311
14140001 2.63899
14150001 2.72427
14160001 2.55665
14170001 2.59033
14180001 2.54944
14190001 2.635
14200001 2.51758
14210001 2.62131
14220001 2.6478
14230001 2.59469
14240001 2.55335
14250001 2.59879
14260001 2.7512
14270001 2.61771
14280001 2.63474
14290001 2.66499
14300001 2.56289
14310001 2.55391
14320001 2.52355
14330001 2.57388
14340001 2.53539
14350001 2.55317
14360001 2.53128
14370001 2.52798
14380001 2.57133
14390001 2.58668
14400001 2.65428
14410001 2.59434
14420001 2.57482
14430001 2.5504
14440001 2.54212
14450001 2.59936
14460001 2.55238
14470001 2.58167
14480001 2.54061
14490001 2.58353
14500001 2.60302
14510001 2.64208
14520001 2.60365
14530001 2.5603
14540001 2.5629
14550001 2.49281
14560001 2.54917
14570001 2.63139
14580001 2.53023
14590001 2.50584
14600001 2.55325
14610001 2.53379
14620001 2.5061
14630001 2.54943
14640001 2.53167
14650001 2.56657
14660001 2.75586
14670001 2.54363
14680001 2.53955
14690001 2.53829
14700001 2.55939
14710001 2.59329
14720001 2.62986
14730001 2.54341
14740001 2.56115
14750001 2.54776
14760001 2.60781
14770001 2.55682
14780001 2.57888
14790001 2.60663
14800001 2.61646
14810001 2.52677
14820001 2.65537
14830001 2.61428
14840001 2.60072
14850001 2.56239
14860001 2.57548
14870001 2.57736
14880001 2.56952
14890001 2.63768
14900001 2.62676
14910001 2.60158
14920001 2.5901
14930001 2.59836
14940001 2.57675
14950001 2.58533
14960001 2.56908
14970001 2.51657
14980001 2.56018
14990001 2.54109
15000001 2.56509
15010001 2.64818
15020001 2.63283
15030001 2.56575
15040001 2.54092
15050001 2.48875
15060001 2.515
15070001 2.4842
15080001 2.52479
15090001 2.62128
15100001 2.54409
15110001 2.59206
15120001 2.56909
15130001 2.54641
15140001 2.61707
15150001 2.51571
15160001 2.53441
15170001 2.55452
15180001 2.58115
15190001 2.53277
15200001 2.52489
15210001 2.62206
15220001 2.65372
15230001 2.54733
15240001 2.56597
15250001 2.62765
15260001 2.57855
15270001 2.51719
15280001 2.59242
15290001 2.55969
15300001 2.48142
15310001 2.61818
15320001 2.61854
15330001 2.59648
15340001 2.69047
15350001 2.59992
15360001 2.62373
15370001 2.54396
15380001 2.5424
15390001 2.5497
15400001 2.50671
15410001 2.56075
15420001 2.59828
15430001 2.60892
15440001 2.4862
15450001 2.5501
15460001 2.58278
15470001 2.57477
15480001 2.50749
15490001 2.65631
15500001 2.56964
15510001 2.54699
15520001 2.55637
15530001 2.56276
15540001 2.5768
15550001 2.64989
15560001 2.48688
15570001 2.50757
15580001 2.56775
15590001 2.55244
15600001 2.61051
15610001 2.57066
15620001 2.55808
15630001 2.62984
15640001 2.56361
15650001 2.5725
15660001 2.53837
15670001 2.51562
15680001 2.54537
15690001 2.52222
15700001 2.48468
15710001 2.59598
15720001 2.53431
15730001 2.55342
15740001 2.55953
15750001 2.54821
15760001 2.50912
15770001 2.68083
15780001 2.568
15790001 2.60654
15800001 2.54657
15810001 2.52067
15820001 2.61908
15830001 2.60647
15840001 2.58144
15850001 2.60128
15860001 2.57669
15870001 2.55464
15880001 2.55982
15890001 2.57216
15900001 2.63521
15910001 2.62849
15920001 2.58732
15930001 2.60426
15940001 2.57126
15950001 2.5829
15960001 2.56001
15970001 2.57983
15980001 2.55547
15990001 2.55706
16000001 2.50277
16010001 2.67726
16020001 2.6293
16030001 2.56978
16040001 2.53981
16050001 2.59902
16060001 2.59044
16070001 2.46602
16080001 2.48733
16090001 2.55113
16100001 2.54254
16110001 2.52417
16120001 2.63699
16130001 2.57105
16140001 2.53927
16150001 2.60273
16160001 2.51086
16170001 2.53609
16180001 2.51992
16190001 2.60152
16200001 2.62436
16210001 2.51528
16220001 2.53611
16230001 2.59972
16240001 2.55582
16250001 2.58676
16260001 2.57807
16270001 2.5307
16280001 2.5949
16290001 2.57603
16300001 2.53099
16310001 2.50028
16320001 2.4856
16330001 2.54677
16340001 2.59783
16350001 2.61854
16360001 2.54781
16370001 2.51547
16380001 2.60227
16390001 2.54063
16400001 2.54065
16410001 2.50088
16420001 2.50866
16430001 2.55207
16440001 2.53249
16450001 2.52384
16460001 2.53674
16470001 2.55247
16480001 2.54651
16490001 2.57168
16500001 2.55443
16510001 2.60711
16520001 2.5416
16530001 2.64007
16540001 2.60882
16550001 2.67321
16560001 2.73921
16570001 2.67009
16580001 2.58383
16590001 2.56129
16600001 2.49983
16610001 2.57171
16620001 2.53499
16630001 2.53611
16640001 2.56905
16650001 2.59186
16660001 2.55049
16670001 2.58938
16680001 2.52862
16690001 2.53729
16700001 2.59977
16710001 2.58344
16720001 2.54461
16730001 2.5172
16740001 2.57951
16750001 2.59836
16760001 2.52456
16770001 2.49092
16780001 2.57076
16790001 2.59789
16800001 2.55298
16810001 2.52737
16820001 2.56579
16830001 2.56567
16840001 2.49396
16850001 2.57633
16860001 2.51251
16870001 2.54999
16880001 2.52017
16890001 2.58323
16900001 2.46567
16910001 2.50203
16920001 2.50901
16930001 2.57048
16940001 2.53934
16950001 2.57774
16960001 2.65807
16970001 2.65737
16980001 2.56604
16990001 2.642
17000001 2.65502
17010001 2.64707
17020001 2.58526
17030001 2.56113
17040001 2.54771
17050001 2.51456
17060001 2.50462
17070001 2.5407
17080001 2.62669
17090001 2.59562
17100001 2.63045
17110001 2.50589
17120001 2.52517
17130001 2.62605
17140001 2.59163
17150001 2.53015
17160001 2.58406
17170001 2.54094
17180001 2.5331
17190001 2.60007
17200001 2.6561
17210001 2.56675
17220001 2.59327
17230001 2.52949
17240001 2.5863
17250001 2.53284
17260001 2.50282
17270001 2.53134
17280001 2.60971
17290001 2.57047
17300001 2.60127
17310001 2.54037
17320001 2.65338
17330001 2.65073
17340001 2.6224
17350001 2.62108
17360001 2.5645
17370001 2.59844
17380001 2.48653
17390001 2.59133
17400001 2.5956
17410001 2.59176
17420001 2.56499
17430001 2.57035
17440001 2.59892
17450001 2.5272
17460001 2.58269
17470001 2.58496
17480001 2.64471
17490001 2.59417
17500001 2.65895
17510001 2.54807
17520001 2.52268
17530001 2.66346
17540001 2.59084
17550001 2.66753
17560001 2.52558
17570001 2.53541
17580001 2.57564
17590001 2.57046
17600001 2.60771
17610001 2.53549
17620001 2.63019
17630001 2.54597
17640001 2.61218
17650001 2.56408
17660001 2.52901
17670001 2.58112
17680001 2.48803
17690001 2.53872
17700001 2.56708
17710001 2.55124
17720001 2.5861
17730001 2.52242
17740001 2.56113
17750001 2.57547
17760001 2.58873
17770001 2.56781
17780001 2.56482
17790001 2.54305
17800001 2.54069
17810001 2.58179
17820001 2.56102
17830001 2.65611
17840001 2.55374
17850001 2.53261
17860001 2.59762
17870001 2.542
17880001 2.50534
17890001 2.57842
17900001 2.51294
17910001 2.55471
17920001 2.55983
17930001 2.59713
17940001 2.52149
17950001 2.57088
17960001 2.53998
17970001 2.58703
17980001 2.56075
17990001 2.59686
18000001 2.51505
18010001 2.48642
18020001 2.52109
18030001 2.64301
18040001 2.54407
18050001 2.49748
18060001 2.45611
18070001 2.51483
18080001 2.53732
18090001 2.5689
18100001 2.62326
18110001 2.62444
18120001 2.56757
18130001 2.62136
18140001 2.544
18150001 2.64326
18160001 2.56223
18170001 2.54704
18180001 2.50341
18190001 2.54176
18200001 2.58613
18210001 2.55866
18220001 2.62264
18230001 2.56623
18240001 2.58068
18250001 2.53078
18260001 2.50925
18270001 2.61769
18280001 2.57924
18290001 2.69279
18300001 2.58019
18310001 2.64004
18320001 2.59325
18330001 2.52093
18340001 2.44235
18350001 2.5802
18360001 2.52675
18370001 2.48586
18380001 2.5373
18390001 2.50643
18400001 2.60455
18410001 2.50032
18420001 2.55409
18430001 2.61485
18440001 2.50154
18450001 2.55969
18460001 2.50467
18470001 2.55857
18480001 2.57066
18490001 2.53545
18500001 2.59447
18510001 2.49414
18520001 2.55825
18530001 2.52094
18540001 2.53559
18550001 2.59636
18560001 2.53194
18570001 2.55638
18580001 2.549
18590001 2.62023
18600001 2.57842
18610001 2.5544
18620001 2.60386
18630001 2.60894
18640001 2.62981
18650001 2.56248
18660001 2.52959
18670001 2.60713
18680001 2.59149
18690001 2.67164
18700001 2.66557
18710001 2.5604
18720001 2.54793
18730001 2.60925
18740001 2.58019
18750001 2.56419
18760001 2.5548
18770001 2.47465
18780001 2.57304
18790001 2.63356
18800001 2.60153
18810001 2.59922
18820001 2.53946
18830001 2.4867
18840001 2.54511
18850001 2.57183
18860001 2.52925
18870001 2.56557
18880001 2.65476
18890001 2.65186
18900001 2.58317
18910001 2.55736
18920001 2.5655
18930001 2.49095
18940001 2.57243
18950001 2.5544
18960001 2.55186
18970001 2.60283
18980001 2.58224
18990001 2.55343
19000001 2.57042
19010001 2.57159
19020001 2.52068
19030001 2.53279
19040001 2.50424
19050001 2.61544
19060001 2.5704
19070001 2.62969
19080001 2.52188
19090001 2.47857
19100001 2.55614
19110001 2.55104
19120001 2.67431
19130001 2.54973
19140001 2.49983
19150001 2.49895
19160001 2.538
19170001 2.62126
19180001 2.61994
19190001 2.55667
19200001 2.49231
19210001 2.54238
19220001 2.56501
19230001 2.68978
19240001 2.58864
19250001 2.53843
19260001 2.61331
19270001 2.50352
19280001 2.51112
19290001 2.5577
19300001 2.46628
19310001 2.52273
19320001 2.63921
19330001 2.63763
19340001 2.59694
19350001 2.53671
19360001 2.51627
19370001 2.59512
19380001 2.52802
19390001 2.51039
19400001 2.53253
19410001 2.60134
19420001 2.60958
19430001 2.55611
19440001 2.5566
19450001 2.61694
19460001 2.50066
19470001 2.51259
19480001 2.58265
19490001 2.57333
19500001 2.52452
19510001 2.60535
19520001 2.53853
19530001 2.47517
19540001 2.55678
19550001 2.5312
19560001 2.47904
19570001 2.4525
19580001 2.492
19590001 2.56638
19600001 2.6011
19610001 2.51799
19620001 2.52789
19630001 2.49344
19640001 2.55897
19650001 2.51277
19660001 2.56024
19670001 2.55132
19680001 2.5521
19690001 2.58067
19700001 2.57544
19710001 2.64474
19720001 2.56919
19730001 2.52908
19740001 2.54521
19750001 2.44076
19760001 2.60793
19770001 2.56194
19780001 2.55597
19790001 2.57275
19800001 2.533
19810001 2.55112
19820001 2.5788
19830001 2.5357
19840001 2.59983
19850001 2.56962
19860001 2.56188
19870001 2.49907
19880001 2.55742
19890001 2.50565
19900001 2.5389
19910001 2.56277
19920001 2.57614
19930001 2.54227
19940001 2.57493
19950001 2.523
19960001 2.59364
19970001 2.52047
19980001 2.53724
19990001 2.49707
20000001 2.57607
20010001 2.5252
20020001 2.61424
20030001 2.55314
20040001 2.50777
20050001 2.53974
20060001 2.54676
20070001 2.57998
20080001 2.54805
20090001 2.60753
20100001 2.58783
20110001 2.55374
20120001 2.59024
20130001 2.58637
20140001 2.5733
20150001 2.50906
20160001 2.51019
20170001 2.54517
20180001 2.53271
20190001 2.47326
20200001 2.51271
20210001 2.5167
20220001 2.61022
20230001 2.50067
20240001 2.56193
20250001 2.52793
20260001 2.60773
20270001 2.51769
20280001 2.52407
20290001 2.49908
20300001 2.57875
20310001 2.55706
20320001 2.58188
20330001 2.50735
20340001 2.69952
20350001 2.53086
20360001 2.64102
20370001 2.56999
20380001 2.68334
20390001 2.55391
20400001 2.50953
20410001 2.56935
20420001 2.6052
20430001 2.59473
20440001 2.43947
20450001 2.58078
20460001 2.52424
20470001 2.5371
20480001 2.54893
20490001 2.56542
20500001 2.65477
20510001 2.56565
20520001 2.51265
20530001 2.55464
20540001 2.52143
20550001 2.52136
20560001 2.53594
20570001 2.54035
20580001 2.53035
20590001 2.53357
20600001 2.54754
20610001 2.54385
20620001 2.46329
20630001 2.51247
20640001 2.57477
20650001 2.57532
20660001 2.57844
20670001 2.57353
20680001 2.51483
20690001 2.57677
20700001 2.53501
20710001 2.52051
20720001 2.53838
20730001 2.52855
20740001 2.57507
20750001 2.60852
20760001 2.62795
20770001 2.60071
20780001 2.53548
20790001 2.63869
20800001 2.50566
20810001 2.57329
20820001 2.51329
20830001 2.5404
20840001 2.55698
20850001 2.52193
20860001 2.55597
20870001 2.49966
20880001 2.57079
20890001 2.57582
20900001 2.62512
20910001 2.56787
20920001 2.52713
20930001 2.50671
20940001 2.61735
20950001 2.4759
20960001 2.52167
20970001 2.48333
20980001 2.46552
20990001 2.54639
21000001 2.58419
21010001 2.53776
21020001 2.58531
21030001 2.54818
21040001 2.53475
21050001 2.59866
21060001 2.6035
21070001 2.58885
21080001 2.50567
21090001 2.57447
21100001 2.51575
21110001 2.48943
21120001 2.50941
21130001 2.57918
21140001 2.5989
21150001 2.5161
21160001 2.53881
21170001 2.52331
21180001 2.62888
21190001 2.59703
21200001 2.50052
21210001 2.45917
21220001 2.54907
21230001 2.74309
21240001 2.60766
21250001 2.53355
21260001 2.62259
21270001 2.55559
21280001 2.57603
21290001 2.57664
21300001 2.55884
21310001 2.6303
21320001 2.49884
21330001 2.50779
21340001 2.52296
21350001 2.57356
21360001 2.57849
21370001 2.56029
21380001 2.61855
21390001 2.51845
21400001 2.5454
21410001 2.58089
21420001 2.62232
21430001 2.5735
21440001 2.59131
21450001 2.54614
21460001 2.76702
21470001 2.49451
21480001 2.53006
21490001 2.52402
21500001 2.60801
21510001 2.59168
21520001 2.53995
21530001 2.57569
21540001 2.57564
21550001 2.56091
21560001 2.59694
21570001 2.53702
21580001 2.55223
21590001 2.57163
21600001 2.5482
21610001 2.58165
21620001 2.60827
21630001 2.67561
21640001 2.52679
21650001 2.5109
21660001 2.64678
21670001 2.5098
21680001 2.53419
21690001 2.55581
21700001 2.5357
21710001 2.5045
21720001 2.55143
21730001 2.50312
21740001 2.54525
21750001 2.54386
21760001 2.58119
21770001 2.59197
21780001 2.60568
21790001 2.63221
21800001 2.5644
21810001 2.54639
21820001 2.61582
21830001 2.45795
21840001 2.53837
21850001 2.55205
21860001 2.56607
21870001 2.5892
21880001 2.52379
21890001 2.5909
21900001 2.60869
21910001 2.58271
21920001 2.53088
21930001 2.54299
21940001 2.56363
21950001 2.48447
21960001 2.56838
21970001 2.62402
21980001 2.62325
21990001 2.45868
22000001 2.44766
22010001 2.55158
22020001 2.53416
22030001 2.6329
22040001 2.46721
22050001 2.51281
22060001 2.54118
22070001 2.53532
22080001 2.52528
22090001 2.55706
22100001 2.56011
22110001 2.61203
22120001 2.62661
22130001 2.56117
22140001 2.5617
22150001 2.48245
22160001 2.48067
22170001 2.50833
22180001 2.63816
22190001 2.52163
22200001 2.54376
22210001 2.58569
22220001 2.62334
22230001 2.55431
22240001 2.54894
22250001 2.62807
22260001 2.62382
22270001 2.54768
22280001 2.61331
22290001 2.66523
22300001 2.61891
22310001 2.62837
22320001 2.53208
22330001 2.58149
22340001 2.49987
22350001 2.54821
22360001 2.63814
22370001 2.58275
22380001 2.51588
22390001 2.53442
22400001 2.51532
22410001 2.60568
22420001 2.66162
22430001 2.50225
22440001 2.48366
22450001 2.52307
22460001 2.58278
22470001 2.55775
22480001 2.549
22490001 2.51472
22500001 2.53655
22510001 2.52683
22520001 2.50068
22530001 2.51874
22540001 2.61099
22550001 2.57129
22560001 2.58989
22570001 2.67815
22580001 2.53931
22590001 2.53988
22600001 2.51989
22610001 2.53649
22620001 2.65443
22630001 2.61152
22640001 2.55719
22650001 2.53704
22660001 2.57583
22670001 2.50012
22680001 2.44251
22690001 2.61677
22700001 2.6241
22710001 2.59026
22720001 2.5815
22730001 2.58058
22740001 2.55762
22750001 2.52319
22760001 2.51298
22770001 2.49301
22780001 2.51935
22790001 2.53528
22800001 2.50372
22810001 2.52016
22820001 2.67988
22830001 2.59542
22840001 2.56067
22850001 2.58059
22860001 2.66018
22870001 2.58652
22880001 2.56661
22890001 2.55274
22900001 2.49998
22910001 2.51031
22920001 2.58
22930001 2.56173
22940001 2.54429
22950001 2.5169
22960001 2.55898
22970001 2.51477
22980001 2.59279
22990001 2.57734
23000001 2.49691
23010001 2.51428
23020001 2.51573
23030001 2.49863
23040001 2.47255
23050001 2.60856
23060001 2.64075
23070001 2.52769
23080001 2.49855
23090001 2.52849
23100001 2.5415
23110001 2.6411
23120001 2.60541
23130001 2.52478
23140001 2.48843
23150001 2.51309
23160001 2.555
23170001 2.57979
23180001 2.56444
23190001 2.57501
23200001 2.578
23210001 2.68331
23220001 2.63372
23230001 2.5315
23240001 2.5511
23250001 2.56868
23260001 2.5427
23270001 2.64291
23280001 2.56897
23290001 2.57048
23300001 2.48332
23310001 2.51156
23320001 2.5836
23330001 2.51978
23340001 2.66489
23350001 2.57201
23360001 2.53026
23370001 2.49336
23380001 2.53817
23390001 2.5173
23400001 2.52076
23410001 2.55986
23420001 2.53295
23430001 2.54774
23440001 2.59693
23450001 2.62627
23460001 2.56605
23470001 2.54758
23480001 2.57676
23490001 2.55533
23500001 2.49583
23510001 2.5548
23520001 2.51608
23530001 2.6048
23540001 2.53436
23550001 2.58045
23560001 2.60609
23570001 2.61305
23580001 2.52029
23590001 2.53356
23600001 2.5706
23610001 2.65371
23620001 2.61332
23630001 2.57492
23640001 2.54156
23650001 2.55262
23660001 2.60649
23670001 2.54441
23680001 2.52872
23690001 2.5617
23700001 2.50055
23710001 2.59321
23720001 2.56995
23730001 2.52342
23740001 2.58685
23750001 2.56941
23760001 2.56947
23770001 2.53891
23780001 2.59973
23790001 2.56109
23800001 2.54853
23810001 2.55548
23820001 2.62262
23830001 2.58746
23840001 2.64582
23850001 2.60633
23860001 2.60247
23870001 2.66149
23880001 2.5338
23890001 2.54935
23900001 2.51414
23910001 2.56503
23920001 2.58864
23930001 2.57508
23940001 2.52997
23950001 2.51029
23960001 2.4816
23970001 2.50852
23980001 2.55074
23990001 2.56102
24000001 2.57879
24010001 2.58612
24020001 2.55041
24030001 2.60191
24040001 2.51135
24050001 2.51439
24060001 2.51714
24070001 2.55367
24080001 2.5478
24090001 2.58318
24100001 2.52087
24110001 2.54625
24120001 2.53908
24130001 2.51156
24140001 2.49804
24150001 2.53943
24160001 2.53197
24170001 2.52014
24180001 2.48639
24190001 2.50347
24200001 2.53023
24210001 2.4796
24220001 2.68372
24230001 2.48201
24240001 2.47972
24250001 2.52346
24260001 2.51149
24270001 2.53547
24280001 2.56354
24290001 2.51444
24300001 2.55599
24310001 2.52324
24320001 2.52104
24330001 2.56149
24340001 2.60692
24350001 2.53383
24360001 2.52251
24370001 2.53309
24380001 2.55444
24390001 2.55254
24400001 2.5085
24410001 2.50745
24420001 2.64888
24430001 2.5127
24440001 2.52888
24450001 2.55133
24460001 2.47522
24470001 2.53296
24480001 2.58287
24490001 2.5184
24500001 2.52241
24510001 2.54958
24520001 2.58292
24530001 2.48011
24540001 2.58184
24550001 2.53838
24560001 2.55421
24570001 2.52942
24580001 2.55516
24590001 2.51725
24600001 2.51411
24610001 2.54959
24620001 2.56565
24630001 2.50286
24640001 2.51728
24650001 2.54929
24660001 2.6082
24670001 2.5665
24680001 2.55802
24690001 2.50167
24700001 2.55411
24710001 2.59421
24720001 2.55026
24730001 2.5496
24740001 2.6014
24750001 2.5576
24760001 2.47046
24770001 2.46892
24780001 2.45337
24790001 2.48599
24800001 2.5313
24810001 2.5415
24820001 2.52583
24830001 2.55792
24840001 2.50435
24850001 2.48276
24860001 2.53539
24870001 2.53416
24880001 2.56061
24890001 2.53008
24900001 2.57874
24910001 2.49553
24920001 2.54178
24930001 2.51145
24940001 2.55238
24950001 2.57059
24960001 2.52068
24970001 2.54856
24980001 2.60712
24990001 2.55933
25000001 2.50875
25010001 2.50979
25020001 2.55739
25030001 2.48801
25040001 2.49472
25050001 2.48613
25060001 2.54191
25070001 2.4797
25080001 2.46099
25090001 2.65075
25100001 2.57535
25110001 2.57233
25120001 2.54961
25130001 2.51549
25140001 2.57108
25150001 2.53262
25160001 2.50973
25170001 2.5345
25180001 2.56436
25190001 2.6277
25200001 2.59725
25210001 2.49279
25220001 2.51051
25230001 2.56633
25240001 2.54163
25250001 2.53868
25260001 2.54798
25270001 2.51099
25280001 2.50642
25290001 2.46434
25300001 2.57661
25310001 2.53736
25320001 2.52577
25330001 2.54755
25340001 2.47797
25350001 2.61184
25360001 2.54753
25370001 2.55135
25380001 2.56841
25390001 2.45691
25400001 2.53391
25410001 2.48606
25420001 2.53445
25430001 2.54011
25440001 2.57096
25450001 2.47728
25460001 2.48715
25470001 2.54999
25480001 2.52484
25490001 2.56636
25500001 2.56054
25510001 2.62132
25520001 2.54418
25530001 2.52805
25540001 2.64265
25550001 2.59996
25560001 2.65095
25570001 2.52631
25580001 2.4911
25590001 2.53373
25600001 2.53644
25610001 2.57844
25620001 2.57076
25630001 2.53494
25640001 2.53434
25650001 2.52754
25660001 2.54837
25670001 2.73336
25680001 2.56474
25690001 2.64296
25700001 2.53053
25710001 2.48776
25720001 2.55567
25730001 2.52767
25740001 2.64084
25750001 2.53033
25760001 2.5258
25770001 2.55713
25780001 2.56234
25790001 2.63347
25800001 2.54987
25810001 2.53112
25820001 2.49018
25830001 2.55995
25840001 2.55695
25850001 2.54243
25860001 2.60776
25870001 2.47828
25880001 2.58495
25890001 2.57104
25900001 2.52463
25910001 2.56423
25920001 2.4743
25930001 2.54639
25940001 2.50861
25950001 2.58604
25960001 2.65603
25970001 2.51106
25980001 2.59446
25990001 2.48676
26000001 2.58624
26010001 2.56831
26020001 2.61314
26030001 2.56632
26040001 2.5847
26050001 2.57908
26060001 2.54449
26070001 2.52877
26080001 2.52771
26090001 2.53659
26100001 2.4757
26110001 2.57534
26120001 2.5473
26130001 2.49981
26140001 2.45355
26150001 2.48
26160001 2.54297
26170001 2.50491
26180001 2.52883
26190001 2.5315
26200001 2.56962
26210001 2.58115
26220001 2.57936
26230001 2.55707
26240001 2.52798
26250001 2.53992
26260001 2.61334
26270001 2.53573
26280001 2.50567
26290001 2.5382
26300001 2.61464
26310001 2.56504
26320001 2.54089
26330001 2.52898
26340001 2.67899
26350001 2.64616
26360001 2.58543
26370001 2.60384
26380001 2.50285
26390001 2.55279
26400001 2.45737
26410001 2.49401
26420001 2.57438
26430001 2.50268
26440001 2.6461
26450001 2.57796
26460001 2.52121
26470001 2.57219
26480001 2.47201
26490001 2.54757
26500001 2.60104
26510001 2.50696
26520001 2.5301
26530001 2.53874
26540001 2.55816
26550001 2.55486
26560001 2.5553
26570001 2.58112
26580001 2.5581
26590001 2.6075
26600001 2.58932
26610001 2.54877
26620001 2.49295
26630001 2.50382
26640001 2.48318
26650001 2.48732
26660001 2.49136
26670001 2.63198
26680001 2.48255
26690001 2.5369
26700001 2.51937
26710001 2.48723
26720001 2.51226
26730001 2.59916
26740001 2.57396
26750001 2.5138
26760001 2.52759
26770001 2.60771
26780001 2.59757
26790001 2.45328
26800001 2.52263
26810001 2.47066
26820001 2.5728
26830001 2.54894
26840001 2.56596
26850001 2.64987
26860001 2.57241
26870001 2.60812
26880001 2.57752
26890001 2.54638
26900001 2.60728
26910001 2.52478
26920001 2.54376
26930001 2.58505
26940001 2.59438
26950001 2.49548
26960001 2.55346
26970001 2.55143
26980001 2.57319
26990001 2.55064
27000001 2.55733
27010001 2.52979
27020001 2.52392
27030001 2.48602
27040001 2.51745
27050001 2.61508
27060001 2.5979
27070001 2.4652
27080001 2.54492
27090001 2.50587
27100001 2.64688
27110001 2.59118
27120001 2.55243
27130001 2.5461
27140001 2.58312
27150001 2.54889
27160001 2.51467
27170001 2.51423
27180001 2.5447
27190001 2.54613
27200001 2.60657
27210001 2.49908
27220001 2.56075
27230001 2.54836
27240001 2.55288
27250001 2.54988
27260001 2.62796
27270001 2.58366
27280001 2.50684
27290001 2.59042
27300001 2.55888
27310001 2.51352
27320001 2.55036
27330001 2.56551
27340001 2.64543
27350001 2.58563
27360001 2.58353
27370001 2.51749
27380001 2.59002
27390001 2.54138
27400001 2.49136
27410001 2.50194
27420001 2.7037
27430001 2.50257
27440001 2.47732
27450001 2.5182
27460001 2.5586
27470001 2.55341
27480001 2.54696
27490001 2.56863
27500001 2.54845
27510001 2.60873
27520001 2.46896
27530001 2.50432
27540001 2.55463
27550001 2.59186
27560001 2.53451
27570001 2.5337
27580001 2.51342
27590001 2.51838
27600001 2.5681
27610001 2.5298
27620001 2.62985
27630001 2.58117
27640001 2.45938
27650001 2.5441
27660001 2.54815
27670001 2.60991
27680001 2.52579
27690001 2.50702
27700001 2.55853
27710001 2.53337
27720001 2.55907
27730001 2.52564
27740001 2.51027
27750001 2.50674
27760001 2.53174
27770001 2.50037
27780001 2.52206
27790001 2.55049
27800001 2.66316
27810001 2.54008
27820001 2.56609
27830001 2.46532
27840001 2.55901
27850001 2.54345
27860001 2.59577
27870001 2.53775
27880001 2.58179
27890001 2.63294
27900001 2.54666
27910001 2.599
27920001 2.5283
27930001 2.54166
27940001 2.51687
27950001 2.51106
27960001 2.50159
27970001 2.54282
27980001 2.46908
27990001 2.52269
28000001 2.51983
28010001 2.52471
28020001 2.49329
28030001 2.52308
28040001 2.54565
28050001 2.50013
28060001 2.51606
28070001 2.57652
28080001 2.51525
28090001 2.56418
28100001 2.59345
28110001 2.54599
28120001 2.56285
28130001 2.53453
28140001 2.58688
28150001 2.61694
28160001 2.55892
28170001 2.57852
28180001 2.5752
28190001 2.52777
28200001 2.52574
28210001 2.61175
28220001 2.60583
28230001 2.57651
28240001 2.51551
28250001 2.59739
28260001 2.49813
28270001 2.53796
28280001 2.59125
28290001 2.54386
28300001 2.53255
28310001 2.6064
28320001 2.62121
28330001 2.54161
28340001 2.56108
28350001 2.52314
28360001 2.52824
28370001 2.50787
28380001 2.5826
28390001 2.61132
28400001 2.54195
28410001 2.55946
28420001 2.55744
28430001 2.6281
28440001 2.52122
28450001 2.60934
28460001 2.5455
28470001 2.58296
28480001 2.52389
28490001 2.68505
28500001 2.49946
28510001 2.57774
28520001 2.5505
28530001 2.66849
28540001 2.5537
28550001 2.6072
28560001 2.5814
28570001 2.54233
28580001 2.65255
28590001 2.54058
28600001 2.56104
28610001 2.58985
28620001 2.5141
28630001 2.4783
28640001 2.52415
28650001 2.5023
28660001 2.5573
28670001 2.5632
28680001 2.49493
28690001 2.52647
28700001 2.51741
28710001 2.44918
28720001 2.45898
28730001 2.51865
28740001 2.49597
28750001 2.52233
28760001 2.62782
28770001 2.51101
28780001 2.5775
28790001 2.52043
28800001 2.53128
28810001 2.52542
28820001 2.53793
28830001 2.61697
28840001 2.67593
28850001 2.58997
28860001 2.51247
28870001 2.48282
28880001 2.45687
28890001 2.59133
28900001 2.5109
28910001 2.59807
28920001 2.5891
28930001 2.62092
28940001 2.66458
28950001 2.505
28960001 2.5029
28970001 2.60288
28980001 2.53223
28990001 2.5409
29000001 2.58492
29010001 2.50874
29020001 2.49812
29030001 2.56037
29040001 2.55743
29050001 2.56439
29060001 2.56041
29070001 2.48025
29080001 2.50456
29090001 2.55936
29100001 2.48394
29110001 2.55205
29120001 2.51188
29130001 2.56791
29140001 2.51574
29150001 2.56465
29160001 2.5425
29170001 2.52058
29180001 2.56171
29190001 2.57668
29200001 2.5169
29210001 2.58225
29220001 2.605
29230001 2.61213
29240001 2.62342
29250001 2.57858
29260001 2.58184
29270001 2.56239
29280001 2.49529
29290001 2.52207
29300001 2.53238
29310001 2.60618
29320001 2.58614
29330001 2.61308
29340001 2.71176
29350001 2.56999
29360001 2.52862
29370001 2.55362
29380001 2.59407
29390001 2.62377
29400001 2.71928
29410001 2.61839
29420001 2.5447
29430001 2.4831
29440001 2.55926
29450001 2.58854
29460001 2.59913
29470001 2.54093
29480001 2.61539
29490001 2.61737
29500001 2.59193
29510001 2.69698
29520001 2.54708
29530001 2.58715
29540001 2.47687
29550001 2.61214
29560001 2.5436
29570001 2.55653
29580001 2.53125
29590001 2.56607
29600001 2.53386
29610001 2.54119
29620001 2.65114
29630001 2.61589
29640001 2.55693
29650001 2.58707
29660001 2.63019
29670001 2.5262
29680001 2.55103
29690001 2.53498
29700001 2.46829
29710001 2.6877
29720001 2.57499
29730001 2.49293
29740001 2.52742
29750001 2.58181
29760001 2.53752
29770001 2.46231
29780001 2.53166
29790001 2.5297
29800001 2.59957
29810001 2.47527
29820001 2.48636
29830001 2.5146
29840001 2.57587
29850001 2.53038
29860001 2.5405
29870001 2.55281
29880001 2.62668
29890001 2.67308
29900001 2.61226
29910001 2.48626
29920001 2.61905
29930001 2.5685
29940001 2.64368
29950001 2.53557
29960001 2.59832
29970001 2.57561
29980001 2.51745
29990001 2.49497
