1 31.2675
10001 12.3297
20001 8.24546
30001 5.95835
40001 4.58878
50001 3.74462
60001 3.1591
70001 2.73887
80001 2.40526
90001 2.1409
100001 1.92766
110001 1.75918
120001 1.62651
130001 1.51198
140001 1.41269
150001 1.32587
160001 1.24932
170001 1.18348
180001 1.12025
190001 1.06587
200001 1.02341
210001 0.975988
220001 0.939117
230001 0.904969
240001 0.87406
250001 0.845887
260001 0.81564
270001 0.792529
280001 0.761965
290001 0.736619
300001 0.721702
310001 0.704539
320001 0.683138
330001 0.671433
340001 0.656376
350001 0.637953
360001 0.621743
370001 0.625211
380001 0.600824
390001 0.592914
400001 0.582114
410001 0.568379
420001 0.562744
430001 0.541103
440001 0.541018
450001 0.528586
460001 0.527847
470001 0.536959
480001 0.519578
490001 0.50692
500001 0.518512
510001 0.519346
520001 0.512917
530001 0.492077
540001 0.489618
550001 0.496335
560001 0.494954
570001 0.482958
580001 0.460789
590001 0.470599
600001 0.479229
610001 0.463253
620001 0.474001
630001 0.456114
640001 0.457211
650001 0.463119
660001 0.453493
670001 0.451076
680001 0.440393
690001 0.433955
700001 0.442802
710001 0.450899
720001 0.441988
730001 0.435901
740001 0.441769
750001 0.436284
760001 0.435168
770001 0.438755
780001 0.441671
790001 0.433171
800001 0.428093
810001 0.420143
820001 0.425857
830001 0.413754
840001 0.422774
850001 0.422033
860001 0.421244
870001 0.424619
880001 0.434162
890001 0.427691
900001 0.425865
910001 0.436462
920001 0.434888
930001 0.423018
940001 0.435562
950001 0.427259
960001 0.434327
970001 0.437279
980001 0.433263
990001 0.426048
1000001 0.438935
1010001 0.433442
1020001 0.420184
1030001 0.428946
1040001 0.413089
1050001 0.438081
1060001 0.431316
1070001 0.4243
1080001 0.429403
1090001 0.420115
1100001 0.428518
1110001 0.439153
1120001 0.425808
1130001 0.412353
1140001 0.428952
1150001 0.413936
1160001 0.40717
1170001 0.412419
1180001 0.414559
1190001 0.423363
1200001 0.424782
1210001 0.427965
1220001 0.433174
1230001 0.425329
1240001 0.422811
1250001 0.41911
1260001 0.412275
1270001 0.40215
1280001 0.418506
1290001 0.409273
1300001 0.398725
1310001 0.407127
1320001 0.412873
1330001 0.411954
1340001 0.424619
1350001 0.425045
1360001 0.418486
1370001 0.410487
1380001 0.426921
1390001 0.425247
1400001 0.421429
1410001 0.420199
1420001 0.411885
1430001 0.410248
1440001 0.422233
1450001 0.436962
1460001 0.431081
1470001 0.426399
1480001 0.426804
1490001 0.418826
1500001 0.424675
1510001 0.422146
1520001 0.41999
1530001 0.419411
1540001 0.421463
1550001 0.436404
1560001 0.435123
1570001 0.427695
1580001 0.438715
1590001 0.437744
1600001 0.428244
1610001 0.428831
1620001 0.406333
1630001 0.423081
1640001 0.417641
1650001 0.417737
1660001 0.419713
1670001 0.429044
1680001 0.419374
1690001 0.432747
1700001 0.417183
1710001 0.414394
1720001 0.424576
1730001 0.423623
1740001 0.409005
1750001 0.409687
1760001 0.412738
1770001 0.420292
1780001 0.410751
1790001 0.412517
1800001 0.413166
1810001 0.427959
1820001 0.43842
1830001 0.418216
1840001 0.412523
1850001 0.413587
1860001 0.420905
1870001 0.427366
1880001 0.410352
1890001 0.417297
1900001 0.414241
1910001 0.412816
1920001 0.4118
1930001 0.409198
1940001 0.412708
1950001 0.41127
1960001 0.418965
1970001 0.421409
1980001 0.420274
1990001 0.425611
2000001 0.422088
2010001 0.414188
2020001 0.42014
2030001 0.420781
2040001 0.42984
2050001 0.431172
2060001 0.437697
2070001 0.439966
2080001 0.429415
2090001 0.418441
2100001 0.42003
2110001 0.41707
2120001 0.412504
2130001 0.411333
2140001 0.42356
2150001 0.426829
2160001 0.421464
2170001 0.420177
2180001 0.41898
2190001 0.424327
2200001 0.423407
2210001 0.424571
2220001 0.426101
2230001 0.417277
2240001 0.428581
2250001 0.418871
2260001 0.428353
2270001 0.42234
2280001 0.427983
2290001 0.419396
2300001 0.435334
2310001 0.422526
2320001 0.40848
2330001 0.413273
2340001 0.407925
2350001 0.396735
2360001 0.406857
2370001 0.405342
2380001 0.417131
2390001 0.421595
2400001 0.400953
2410001 0.41678
2420001 0.410186
2430001 0.412232
2440001 0.428613
2450001 0.417265
2460001 0.419981
2470001 0.403339
2480001 0.410945
2490001 0.419628
2500001 0.40865
2510001 0.416165
2520001 0.418735
2530001 0.429276
2540001 0.411784
2550001 0.423311
2560001 0.409834
2570001 0.414595
2580001 0.428562
2590001 0.439524
2600001 0.417144
2610001 0.423257
2620001 0.412332
2630001 0.42567
2640001 0.405083
2650001 0.398883
2660001 0.415457
2670001 0.43295
2680001 0.43202
2690001 0.433898
2700001 0.433881
2710001 0.431487
2720001 0.438461
2730001 0.433446
2740001 0.437642
2750001 0.439236
2760001 0.438772
2770001 0.430743
2780001 0.433085
2790001 0.417345
2800001 0.430769
2810001 0.424271
2820001 0.418056
2830001 0.424029
2840001 0.430076
2850001 0.434509
2860001 0.429777
2870001 0.432118
2880001 0.424644
2890001 0.435527
2900001 0.425206
2910001 0.427034
2920001 0.4302
2930001 0.43208
2940001 0.453895
2950001 0.45456
2960001 0.461893
2970001 0.434527
2980001 0.431132
2990001 0.421988
3000001 0.439118
3010001 0.444317
3020001 0.422498
3030001 0.434746
3040001 0.430382
3050001 0.423076
3060001 0.420319
3070001 0.413838
3080001 0.420271
3090001 0.425239
3100001 0.424615
3110001 0.420052
3120001 0.420236
3130001 0.410538
3140001 0.404016
3150001 0.423374
3160001 0.424882
3170001 0.411343
3180001 0.413529
3190001 0.412219
3200001 0.426883
3210001 0.431793
3220001 0.434044
3230001 0.426596
3240001 0.446832
3250001 0.441732
3260001 0.444467
3270001 0.447137
3280001 0.441874
3290001 0.441129
3300001 0.444621
3310001 0.432434
3320001 0.439086
3330001 0.440427
3340001 0.437379
3350001 0.441983
3360001 0.438348
3370001 0.436679
3380001 0.434326
3390001 0.442687
3400001 0.418107
3410001 0.418832
3420001 0.421922
3430001 0.429356
3440001 0.425452
3450001 0.417176
3460001 0.430023
3470001 0.436975
3480001 0.437535
3490001 0.421844
3500001 0.426823
3510001 0.422407
3520001 0.435778
3530001 0.440635
3540001 0.41782
3550001 0.415005
3560001 0.436623
3570001 0.429697
3580001 0.433732
3590001 0.429113
3600001 0.43036
3610001 0.437291
3620001 0.451107
3630001 0.439177
3640001 0.441727
3650001 0.438584
3660001 0.434821
3670001 0.430562
3680001 0.43959
3690001 0.431833
3700001 0.440105
3710001 0.428751
3720001 0.435792
3730001 0.443315
3740001 0.442052
3750001 0.445815
3760001 0.434376
3770001 0.435092
3780001 0.433626
3790001 0.427625
3800001 0.433307
3810001 0.434374
3820001 0.439766
3830001 0.439897
3840001 0.44198
3850001 0.441916
3860001 0.448131
3870001 0.442887
3880001 0.428355
3890001 0.433922
3900001 0.438369
3910001 0.439572
3920001 0.432196
3930001 0.42449
3940001 0.439014
3950001 0.429596
3960001 0.43436
3970001 0.438642
3980001 0.430825
3990001 0.448654
4000001 0.450373
4010001 0.451279
4020001 0.450601
4030001 0.452844
4040001 0.44945
4050001 0.443863
4060001 0.430759
4070001 0.43531
4080001 0.44594
4090001 0.448928
4100001 0.445965
4110001 0.452663
4120001 0.444788
4130001 0.441461
4140001 0.426008
4150001 0.435172
4160001 0.428402
4170001 0.423989
4180001 0.422683
4190001 0.424984
4200001 0.433202
4210001 0.431667
4220001 0.437133
4230001 0.440677
4240001 0.449175
4250001 0.443139
4260001 0.437776
4270001 0.440171
4280001 0.442862
4290001 0.428796
4300001 0.442684
4310001 0.431936
4320001 0.431929
4330001 0.427716
4340001 0.431863
4350001 0.423147
4360001 0.443618
4370001 0.450295
4380001 0.446058
4390001 0.453525
4400001 0.434105
4410001 0.447081
4420001 0.444249
4430001 0.428663
4440001 0.435197
4450001 0.434034
4460001 0.442927
4470001 0.441869
4480001 0.438359
4490001 0.440614
4500001 0.447935
4510001 0.458696
4520001 0.460784
4530001 0.445436
4540001 0.441114
4550001 0.446914
4560001 0.437299
4570001 0.439313
4580001 0.426556
4590001 0.43056
4600001 0.429627
4610001 0.429155
4620001 0.43444
4630001 0.439793
4640001 0.437187
4650001 0.438877
4660001 0.433576
4670001 0.43559
4680001 0.438388
4690001 0.432708
4700001 0.420683
4710001 0.432913
4720001 0.419254
4730001 0.421282
4740001 0.422082
4750001 0.4165
4760001 0.417692
4770001 0.423166
4780001 0.438653
4790001 0.434938
4800001 0.426032
4810001 0.430397
4820001 0.418661
4830001 0.435867
4840001 0.433778
4850001 0.43712
4860001 0.435041
4870001 0.422587
4880001 0.438794
4890001 0.44262
4900001 0.438275
4910001 0.443005
4920001 0.422221
4930001 0.429241
4940001 0.422021
4950001 0.438932
4960001 0.437026
4970001 0.435435
4980001 0.433225
4990001 0.430251
5000001 0.43081
5010001 0.429726
5020001 0.429127
5030001 0.431685
5040001 0.43523
5050001 0.437445
5060001 0.431376
5070001 0.446159
5080001 0.44415
5090001 0.442725
5100001 0.442201
5110001 0.440169
5120001 0.446478
5130001 0.441637
5140001 0.431068
5150001 0.443472
5160001 0.434686
5170001 0.433959
5180001 0.433888
5190001 0.444801
5200001 0.434606
5210001 0.425711
5220001 0.422065
5230001 0.439028
5240001 0.442638
5250001 0.433113
5260001 0.434143
5270001 0.431494
5280001 0.441344
5290001 0.426573
5300001 0.438137
5310001 0.417243
5320001 0.439297
5330001 0.442333
5340001 0.442787
5350001 0.429859
5360001 0.449936
5370001 0.441887
5380001 0.449824
5390001 0.445921
5400001 0.443592
5410001 0.433493
5420001 0.424777
5430001 0.419327
5440001 0.421607
5450001 0.410995
5460001 0.42826
5470001 0.439496
5480001 0.430851
5490001 0.430881
5500001 0.440099
5510001 0.432256
5520001 0.423073
5530001 0.426402
5540001 0.436067
5550001 0.418795
5560001 0.425575
5570001 0.432049
5580001 0.438797
5590001 0.441186
5600001 0.449425
5610001 0.43145
5620001 0.425709
5630001 0.419823
5640001 0.418518
5650001 0.421065
5660001 0.421352
5670001 0.425278
5680001 0.424574
5690001 0.438535
5700001 0.434654
5710001 0.427346
5720001 0.43874
5730001 0.430613
5740001 0.430096
5750001 0.430004
5760001 0.440438
5770001 0.42724
5780001 0.429864
5790001 0.427533
5800001 0.431126
5810001 0.431514
5820001 0.443236
5830001 0.429785
5840001 0.436931
5850001 0.439365
5860001 0.432916
5870001 0.431008
5880001 0.435725
5890001 0.428072
5900001 0.432468
5910001 0.426522
5920001 0.441285
5930001 0.443681
5940001 0.43976
5950001 0.419048
5960001 0.425149
5970001 0.41805
5980001 0.419433
5990001 0.42278
6000001 0.428911
6010001 0.42392
6020001 0.42156
6030001 0.421426
6040001 0.425685
6050001 0.417248
6060001 0.410818
6070001 0.427299
6080001 0.413308
6090001 0.412906
6100001 0.414585
6110001 0.420814
6120001 0.417752
6130001 0.435785
6140001 0.422805
6150001 0.433594
6160001 0.422184
6170001 0.420217
6180001 0.444587
6190001 0.432472
6200001 0.428914
6210001 0.441675
6220001 0.44078
6230001 0.416865
6240001 0.427089
6250001 0.42958
6260001 0.422603
6270001 0.433951
6280001 0.429563
6290001 0.43901
6300001 0.430129
6310001 0.431464
6320001 0.425514
6330001 0.43582
6340001 0.441371
6350001 0.427159
6360001 0.420079
6370001 0.422473
6380001 0.42666
6390001 0.425755
6400001 0.426162
6410001 0.425877
6420001 0.427746
6430001 0.425839
6440001 0.429797
6450001 0.423368
6460001 0.434688
6470001 0.439837
6480001 0.434892
6490001 0.443616
6500001 0.441541
6510001 0.443209
6520001 0.438377
6530001 0.435498
6540001 0.43105
6550001 0.439071
6560001 0.432581
6570001 0.439304
6580001 0.423112
6590001 0.427689
6600001 0.421646
6610001 0.430905
6620001 0.411795
6630001 0.416334
6640001 0.423403
6650001 0.417814
6660001 0.422078
6670001 0.426766
6680001 0.416477
6690001 0.42535
6700001 0.421346
6710001 0.409014
6720001 0.415297
6730001 0.414513
6740001 0.409528
6750001 0.421847
6760001 0.425424
6770001 0.408909
6780001 0.429741
6790001 0.422587
6800001 0.427888
6810001 0.416035
6820001 0.437709
6830001 0.443479
6840001 0.436594
6850001 0.42178
6860001 0.414851
6870001 0.41675
6880001 0.419658
6890001 0.417486
6900001 0.432079
6910001 0.434663
6920001 0.431493
6930001 0.4264
6940001 0.423755
6950001 0.420988
6960001 0.432586
6970001 0.429653
6980001 0.422281
6990001 0.426913
7000001 0.429209
7010001 0.422664
7020001 0.424274
7030001 0.430729
7040001 0.431796
7050001 0.422324
7060001 0.43673
7070001 0.433577
7080001 0.429372
7090001 0.427762
7100001 0.435316
7110001 0.435729
7120001 0.438499
7130001 0.440973
7140001 0.440263
7150001 0.436129
7160001 0.43938
7170001 0.436986
7180001 0.429724
7190001 0.42911
7200001 0.444836
7210001 0.439464
7220001 0.443064
7230001 0.445765
7240001 0.441991
7250001 0.450571
7260001 0.437789
7270001 0.433129
7280001 0.429417
7290001 0.42532
7300001 0.428945
7310001 0.414858
7320001 0.426438
7330001 0.416307
7340001 0.429259
7350001 0.436816
7360001 0.429122
7370001 0.43021
7380001 0.431508
7390001 0.425669
7400001 0.436812
7410001 0.436469
7420001 0.43383
7430001 0.441564
7440001 0.427661
7450001 0.428608
7460001 0.436983
7470001 0.43294
7480001 0.442986
7490001 0.432644
7500001 0.430282
7510001 0.430262
7520001 0.422024
7530001 0.435224
7540001 0.425094
7550001 0.439823
7560001 0.440013
7570001 0.436551
7580001 0.432801
7590001 0.43896
7600001 0.429034
7610001 0.437061
7620001 0.432333
7630001 0.434574
7640001 0.42886
7650001 0.4236
7660001 0.440847
7670001 0.425588
7680001 0.419536
7690001 0.433253
7700001 0.436779
7710001 0.429212
7720001 0.411065
7730001 0.421347
7740001 0.419114
7750001 0.41372
7760001 0.418933
7770001 0.420157
7780001 0.42963
7790001 0.42589
7800001 0.435172
7810001 0.430904
7820001 0.431218
7830001 0.426336
7840001 0.42739
7850001 0.423763
7860001 0.434599
7870001 0.419114
7880001 0.427384
7890001 0.424453
7900001 0.429759
7910001 0.4321
7920001 0.440504
7930001 0.442069
7940001 0.444102
7950001 0.435866
7960001 0.438493
7970001 0.431711
7980001 0.429597
7990001 0.438026
8000001 0.423388
8010001 0.434994
8020001 0.444398
8030001 0.442107
8040001 0.443425
8050001 0.441463
8060001 0.437401
8070001 0.443322
8080001 0.447803
8090001 0.441372
8100001 0.447701
8110001 0.436633
8120001 0.448503
8130001 0.445989
8140001 0.424157
8150001 0.436666
8160001 0.437065
8170001 0.431316
8180001 0.429157
8190001 0.425887
8200001 0.431627
8210001 0.431152
8220001 0.44929
8230001 0.437228
8240001 0.426174
8250001 0.437796
8260001 0.426634
8270001 0.430743
8280001 0.436719
8290001 0.443776
8300001 0.45613
8310001 0.430007
8320001 0.438547
8330001 0.437208
8340001 0.435779
8350001 0.424049
8360001 0.439926
8370001 0.445951
8380001 0.449016
8390001 0.453287
8400001 0.451054
8410001 0.445022
8420001 0.448485
8430001 0.442763
8440001 0.447576
8450001 0.434966
8460001 0.437528
8470001 0.429778
8480001 0.42677
8490001 0.423604
8500001 0.420776
8510001 0.426804
8520001 0.426599
8530001 0.4353
8540001 0.424579
8550001 0.424745
8560001 0.427663
8570001 0.430898
8580001 0.441542
8590001 0.418195
8600001 0.423921
8610001 0.419596
8620001 0.430688
8630001 0.435998
8640001 0.439007
8650001 0.430603
8660001 0.426097
8670001 0.429759
8680001 0.434226
8690001 0.434195
8700001 0.437703
8710001 0.441839
8720001 0.438491
8730001 0.437248
8740001 0.44445
8750001 0.441107
8760001 0.436742
8770001 0.435848
8780001 0.433895
8790001 0.430711
8800001 0.441283
8810001 0.432296
8820001 0.433558
8830001 0.43851
8840001 0.443437
8850001 0.444162
8860001 0.444238
8870001 0.452891
8880001 0.433285
8890001 0.429319
8900001 0.432941
8910001 0.434284
8920001 0.437859
8930001 0.436296
8940001 0.432266
8950001 0.425821
8960001 0.427762
8970001 0.428991
8980001 0.447687
8990001 0.436285
9000001 0.434919
9010001 0.443542
9020001 0.456185
9030001 0.450155
9040001 0.451102
9050001 0.432052
9060001 0.447395
9070001 0.445745
9080001 0.442251
9090001 0.429344
9100001 0.455079
9110001 0.448482
9120001 0.452076
9130001 0.456821
9140001 0.442311
9150001 0.435968
9160001 0.43662
9170001 0.441609
9180001 0.440235
9190001 0.443765
9200001 0.447218
9210001 0.440533
9220001 0.439276
9230001 0.430835
9240001 0.436928
9250001 0.435904
9260001 0.447625
9270001 0.439246
9280001 0.430449
9290001 0.440283
9300001 0.424581
9310001 0.435316
9320001 0.436365
9330001 0.44726
9340001 0.44191
9350001 0.447193
9360001 0.430031
9370001 0.434521
9380001 0.439108
9390001 0.434242
9400001 0.435528
9410001 0.431334
9420001 0.44055
9430001 0.442462
9440001 0.441571
9450001 0.440984
9460001 0.433757
9470001 0.433635
9480001 0.440813
9490001 0.436773
9500001 0.452686
9510001 0.449701
9520001 0.449257
9530001 0.436537
9540001 0.440686
9550001 0.44268
9560001 0.442697
9570001 0.44051
9580001 0.449028
9590001 0.444303
9600001 0.446992
9610001 0.444851
9620001 0.443481
9630001 0.446469
9640001 0.436508
9650001 0.439062
9660001 0.437377
9670001 0.428866
9680001 0.446553
9690001 0.445532
9700001 0.446122
9710001 0.446517
9720001 0.431901
9730001 0.436726
9740001 0.425208
9750001 0.441813
9760001 0.447709
9770001 0.449139
9780001 0.442676
9790001 0.429644
9800001 0.423105
9810001 0.431023
9820001 0.426389
9830001 0.430132
9840001 0.445576
9850001 0.441315
9860001 0.435537
9870001 0.429767
9880001 0.428829
9890001 0.427752
9900001 0.435773
9910001 0.438496
9920001 0.439707
9930001 0.441843
9940001 0.433737
9950001 0.446265
9960001 0.435095
9970001 0.437211
9980001 0.423876
9990001 0.42801
10000001 0.438369
10010001 0.443502
10020001 0.443171
10030001 0.42732
10040001 0.42645
10050001 0.413828
10060001 0.423317
10070001 0.430067
10080001 0.430436
10090001 0.420282
10100001 0.422758
10110001 0.419592
10120001 0.418604
10130001 0.42834
10140001 0.440117
10150001 0.432686
10160001 0.429497
10170001 0.43664
10180001 0.436636
10190001 0.432258
10200001 0.431723
10210001 0.444183
10220001 0.432111
10230001 0.429044
10240001 0.423574
10250001 0.429585
10260001 0.434238
10270001 0.427237
10280001 0.426385
10290001 0.430613
10300001 0.421467
10310001 0.421287
10320001 0.446596
10330001 0.447503
10340001 0.435509
10350001 0.440502
10360001 0.449107
10370001 0.439436
10380001 0.449389
10390001 0.44567
10400001 0.455828
10410001 0.455583
10420001 0.462429
10430001 0.455588
10440001 0.442263
10450001 0.440307
10460001 0.443881
10470001 0.444753
10480001 0.447255
10490001 0.45224
10500001 0.446878
10510001 0.446266
10520001 0.453217
10530001 0.453357
10540001 0.446796
10550001 0.45746
10560001 0.443473
10570001 0.446925
10580001 0.458624
10590001 0.449922
10600001 0.470995
10610001 0.444832
10620001 0.452363
10630001 0.441935
10640001 0.460978
10650001 0.444683
10660001 0.430911
10670001 0.432563
10680001 0.436804
10690001 0.439481
10700001 0.444923
10710001 0.436841
10720001 0.433333
10730001 0.439007
10740001 0.434593
10750001 0.44046
10760001 0.456079
10770001 0.442757
10780001 0.441264
10790001 0.440161
10800001 0.425536
10810001 0.429982
10820001 0.438085
10830001 0.436334
10840001 0.436314
10850001 0.435417
10860001 0.434914
10870001 0.43228
10880001 0.435677
10890001 0.432117
10900001 0.447488
10910001 0.44126
10920001 0.441538
10930001 0.436698
10940001 0.449503
10950001 0.451634
10960001 0.454534
10970001 0.446333
10980001 0.430969
10990001 0.433892
11000001 0.445902
11010001 0.449264
11020001 0.4515
11030001 0.44227
11040001 0.45019
11050001 0.45267
11060001 0.44279
11070001 0.442295
11080001 0.429426
11090001 0.440503
11100001 0.443018
11110001 0.431979
11120001 0.42753
11130001 0.445893
11140001 0.454113
11150001 0.453263
11160001 0.432151
11170001 0.429214
11180001 0.43361
11190001 0.424097
11200001 0.435479
11210001 0.43006
11220001 0.439551
11230001 0.438595
11240001 0.430111
11250001 0.437028
11260001 0.438486
11270001 0.441256
11280001 0.448469
11290001 0.439916
11300001 0.447147
11310001 0.44632
11320001 0.450038
11330001 0.44481
11340001 0.439498
11350001 0.439134
11360001 0.443016
11370001 0.440656
11380001 0.448528
11390001 0.442868
11400001 0.437169
11410001 0.44349
11420001 0.44826
11430001 0.443674
11440001 0.443537
11450001 0.43753
11460001 0.432573
11470001 0.424751
11480001 0.443123
11490001 0.442689
11500001 0.435198
11510001 0.439168
11520001 0.433113
11530001 0.436489
11540001 0.442923
11550001 0.436271
11560001 0.441318
11570001 0.445965
11580001 0.44215
11590001 0.436956
11600001 0.447537
11610001 0.43137
11620001 0.445529
11630001 0.434738
11640001 0.434968
11650001 0.441055
11660001 0.4392
11670001 0.442916
11680001 0.427616
11690001 0.436029
11700001 0.440744
11710001 0.433765
11720001 0.43888
11730001 0.436237
11740001 0.435686
11750001 0.42365
11760001 0.426647
11770001 0.43586
11780001 0.42588
11790001 0.42058
11800001 0.416607
11810001 0.420533
11820001 0.438797
11830001 0.432941
11840001 0.425227
11850001 0.428567
11860001 0.418409
11870001 0.422181
11880001 0.432883
11890001 0.427313
11900001 0.435543
11910001 0.444383
11920001 0.43547
11930001 0.419576
11940001 0.433514
11950001 0.425978
11960001 0.427661
11970001 0.411137
11980001 0.433218
11990001 0.446975
12000001 0.432979
12010001 0.438584
12020001 0.447514
12030001 0.451472
12040001 0.449953
12050001 0.445878
12060001 0.448747
12070001 0.447967
12080001 0.444797
12090001 0.447876
12100001 0.444485
12110001 0.443043
12120001 0.43534
12130001 0.440037
12140001 0.44473
12150001 0.440469
12160001 0.443245
12170001 0.444521
12180001 0.435573
12190001 0.451581
12200001 0.446174
12210001 0.439529
12220001 0.440729
12230001 0.440156
12240001 0.446004
12250001 0.456495
12260001 0.44457
12270001 0.441172
12280001 0.440027
12290001 0.444869
12300001 0.442031
12310001 0.437511
12320001 0.426665
12330001 0.438658
12340001 0.449442
12350001 0.44974
12360001 0.446487
12370001 0.437131
12380001 0.445267
12390001 0.437731
12400001 0.431591
12410001 0.436951
12420001 0.456309
12430001 0.449916
12440001 0.454769
12450001 0.451212
12460001 0.455512
12470001 0.455578
12480001 0.434539
12490001 0.434903
12500001 0.436202
12510001 0.439091
12520001 0.448868
12530001 0.441477
12540001 0.444875
12550001 0.441237
12560001 0.448793
12570001 0.453343
12580001 0.452033
12590001 0.445971
12600001 0.443639
12610001 0.439684
12620001 0.448389
12630001 0.461463
12640001 0.445708
12650001 0.430157
12660001 0.431467
12670001 0.446321
12680001 0.447539
12690001 0.446684
12700001 0.440653
12710001 0.440604
12720001 0.436381
12730001 0.460886
12740001 0.454417
12750001 0.459473
12760001 0.47677
12770001 0.469348
12780001 0.460241
12790001 0.448229
12800001 0.462262
12810001 0.444081
12820001 0.446927
12830001 0.446605
12840001 0.455734
12850001 0.464067
12860001 0.461022
12870001 0.456641
12880001 0.450502
12890001 0.44381
12900001 0.437766
12910001 0.44617
12920001 0.440678
12930001 0.45048
12940001 0.44996
12950001 0.450541
12960001 0.463677
12970001 0.440981
12980001 0.450474
12990001 0.452425
13000001 0.454486
13010001 0.451225
13020001 0.446654
13030001 0.451292
13040001 0.448942
13050001 0.453797
13060001 0.448328
13070001 0.449237
13080001 0.459913
13090001 0.454098
13100001 0.450871
13110001 0.448925
13120001 0.443168
13130001 0.439636
13140001 0.44621
13150001 0.436721
13160001 0.434063
13170001 0.445335
13180001 0.441436
13190001 0.452448
13200001 0.453081
13210001 0.450632
13220001 0.452759
13230001 0.456983
13240001 0.451933
13250001 0.44467
13260001 0.441405
13270001 0.437412
13280001 0.443349
13290001 0.438904
13300001 0.450975
13310001 0.451174
13320001 0.451548
13330001 0.458105
13340001 0.431544
13350001 0.442699
13360001 0.435824
13370001 0.423083
13380001 0.426728
13390001 0.426183
13400001 0.444899
13410001 0.437207
13420001 0.441689
13430001 0.436203
13440001 0.432877
13450001 0.438402
13460001 0.437858
13470001 0.437678
13480001 0.426705
13490001 0.439012
13500001 0.431603
13510001 0.436419
13520001 0.446929
13530001 0.442921
13540001 0.453686
13550001 0.441408
13560001 0.437657
13570001 0.426068
13580001 0.426613
13590001 0.424253
13600001 0.434736
13610001 0.436605
13620001 0.435163
13630001 0.443964
13640001 0.441202
13650001 0.454951
13660001 0.437508
13670001 0.442651
13680001 0.453618
13690001 0.445139
13700001 0.445118
13710001 0.437259
13720001 0.441674
13730001 0.445274
13740001 0.438647
13750001 0.436588
13760001 0.426461
13770001 0.443599
13780001 0.429918
13790001 0.434203
13800001 0.448314
13810001 0.444642
13820001 0.432374
13830001 0.442819
13840001 0.454224
13850001 0.451331
13860001 0.441307
13870001 0.450177
13880001 0.438808
13890001 0.436097
13900001 0.460916
13910001 0.463068
13920001 0.449208
13930001 0.446824
13940001 0.439341
13950001 0.446949
13960001 0.446452
13970001 0.456394
13980001 0.447028
13990001 0.44646
14000001 0.444846
14010001 0.434169
14020001 0.44001
14030001 0.443334
14040001 0.455903
14050001 0.451247
14060001 0.44706
14070001 0.43781
14080001 0.439341
14090001 0.437784
14100001 0.447609
14110001 0.435861
14120001 0.436159
14130001 0.449962
14140001 0.444151
14150001 0.447317
14160001 0.445973
14170001 0.454959
14180001 0.462656
14190001 0.463438
14200001 0.446428
14210001 0.447534
14220001 0.452467
14230001 0.438164
14240001 0.446992
14250001 0.46228
14260001 0.451457
14270001 0.43814
14280001 0.438347
14290001 0.443866
14300001 0.446119
14310001 0.450675
14320001 0.436577
14330001 0.437164
14340001 0.442633
14350001 0.428484
14360001 0.447757
14370001 0.443539
14380001 0.454175
14390001 0.447651
14400001 0.447272
14410001 0.437327
14420001 0.436109
14430001 0.448466
14440001 0.447731
14450001 0.443185
14460001 0.449102
14470001 0.441034
14480001 0.443263
14490001 0.440851
14500001 0.442875
14510001 0.453057
14520001 0.454419
14530001 0.455411
14540001 0.452987
14550001 0.452698
14560001 0.453351
14570001 0.447568
14580001 0.449014
14590001 0.439135
14600001 0.455873
14610001 0.449505
14620001 0.453537
14630001 0.455572
14640001 0.441349
14650001 0.445594
14660001 0.439047
14670001 0.431723
14680001 0.433699
14690001 0.437921
14700001 0.444113
14710001 0.442273
14720001 0.442626
14730001 0.459572
14740001 0.458949
14750001 0.447719
14760001 0.463254
14770001 0.466292
14780001 0.461041
14790001 0.453312
14800001 0.458624
14810001 0.455046
14820001 0.44729
14830001 0.450696
14840001 0.461849
14850001 0.450547
14860001 0.456614
14870001 0.446686
14880001 0.436016
14890001 0.449608
14900001 0.451135
14910001 0.445348
14920001 0.443287
14930001 0.437237
14940001 0.442073
14950001 0.444227
14960001 0.448231
14970001 0.447484
14980001 0.443807
14990001 0.463994
15000001 0.456169
15010001 0.456577
15020001 0.451694
15030001 0.448896
15040001 0.450676
15050001 0.434049
15060001 0.440789
15070001 0.447009
15080001 0.459501
15090001 0.45258
15100001 0.451093
15110001 0.442507
15120001 0.43548
15130001 0.448141
15140001 0.43462
15150001 0.459485
15160001 0.444696
15170001 0.449187
15180001 0.446125
15190001 0.453929
15200001 0.453305
15210001 0.456232
15220001 0.459983
15230001 0.471832
15240001 0.458814
15250001 0.453629
15260001 0.449803
15270001 0.454908
15280001 0.441743
15290001 0.441949
15300001 0.442876
15310001 0.457331
15320001 0.464646
15330001 0.457053
15340001 0.456635
15350001 0.457362
15360001 0.453498
15370001 0.448999
15380001 0.46064
15390001 0.45056
15400001 0.451389
15410001 0.449428
15420001 0.440176
15430001 0.433761
15440001 0.430819
15450001 0.430403
15460001 0.441571
15470001 0.46095
15480001 0.447494
15490001 0.450941
15500001 0.450755
15510001 0.437646
15520001 0.437562
15530001 0.43722
15540001 0.432475
15550001 0.433782
15560001 0.427834
15570001 0.43458
15580001 0.439336
15590001 0.443868
15600001 0.432888
15610001 0.432733
15620001 0.42176
15630001 0.432139
15640001 0.435853
15650001 0.45267
15660001 0.444545
15670001 0.457735
15680001 0.454225
15690001 0.447612
15700001 0.445405
15710001 0.440527
15720001 0.442062
15730001 0.446769
15740001 0.448091
15750001 0.453868
15760001 0.45133
15770001 0.443514
15780001 0.456486
15790001 0.453421
15800001 0.44231
15810001 0.451606
15820001 0.448988
15830001 0.444195
15840001 0.438542
15850001 0.435215
15860001 0.435298
15870001 0.43293
15880001 0.43086
15890001 0.424075
15900001 0.430201
15910001 0.442725
15920001 0.436639
15930001 0.45312
15940001 0.442956
15950001 0.447743
15960001 0.452459
15970001 0.435164
15980001 0.427916
15990001 0.447337
16000001 0.450308
16010001 0.4523
16020001 0.44901
16030001 0.451773
16040001 0.452811
16050001 0.45849
16060001 0.451013
16070001 0.4502
16080001 0.466715
16090001 0.4555
16100001 0.446449
16110001 0.452346
16120001 0.459515
16130001 0.446136
16140001 0.447153
16150001 0.452376
16160001 0.449251
16170001 0.4569
16180001 0.462198
16190001 0.45663
16200001 0.450592
16210001 0.450318
16220001 0.447459
16230001 0.453484
16240001 0.45641
16250001 0.462632
16260001 0.45741
16270001 0.443021
16280001 0.455354
16290001 0.455745
16300001 0.452145
16310001 0.463277
16320001 0.467754
16330001 0.454102
16340001 0.446807
16350001 0.448024
16360001 0.452146
16370001 0.466357
16380001 0.463741
16390001 0.450578
16400001 0.462621
16410001 0.462455
16420001 0.455872
16430001 0.44536
16440001 0.455373
16450001 0.459628
16460001 0.443896
16470001 0.451266
16480001 0.458273
16490001 0.462408
16500001 0.470777
16510001 0.465755
16520001 0.452358
16530001 0.449596
16540001 0.447493
16550001 0.45079
16560001 0.454008
16570001 0.447771
16580001 0.4432
16590001 0.448997
16600001 0.440122
16610001 0.434022
16620001 0.459779
16630001 0.452366
16640001 0.461062
16650001 0.451032
16660001 0.435177
16670001 0.432725
16680001 0.444836
16690001 0.437549
16700001 0.430691
16710001 0.424147
16720001 0.428572
16730001 0.444184
16740001 0.457841
16750001 0.436446
16760001 0.436461
16770001 0.440245
16780001 0.442711
16790001 0.442911
16800001 0.44773
16810001 0.459113
16820001 0.449263
16830001 0.449123
16840001 0.444159
16850001 0.449418
16860001 0.430235
16870001 0.443089
16880001 0.449874
16890001 0.432952
16900001 0.41886
16910001 0.440256
16920001 0.442586
16930001 0.433855
16940001 0.433174
16950001 0.440956
16960001 0.428894
16970001 0.441632
16980001 0.442256
16990001 0.434795
17000001 0.440083
17010001 0.451399
17020001 0.448417
17030001 0.459787
17040001 0.45404
17050001 0.463374
17060001 0.457452
17070001 0.448486
17080001 0.446432
17090001 0.459058
17100001 0.452283
17110001 0.443785
17120001 0.438699
17130001 0.442562
17140001 0.455039
17150001 0.445589
17160001 0.448299
17170001 0.444155
17180001 0.444968
17190001 0.453416
17200001 0.454085
17210001 0.458964
17220001 0.440902
17230001 0.441661
17240001 0.445031
17250001 0.451188
17260001 0.445433
17270001 0.459761
17280001 0.440246
17290001 0.44752
17300001 0.443166
17310001 0.448681
17320001 0.445656
17330001 0.443977
17340001 0.455622
17350001 0.452349
17360001 0.452601
17370001 0.450195
17380001 0.447148
17390001 0.439772
17400001 0.447517
17410001 0.447893
17420001 0.438788
17430001 0.434815
17440001 0.444602
17450001 0.448723
17460001 0.448511
17470001 0.440714
17480001 0.443139
17490001 0.455604
17500001 0.443052
17510001 0.441068
17520001 0.438539
17530001 0.442836
17540001 0.443023
17550001 0.437792
17560001 0.438412
17570001 0.438742
17580001 0.429521
17590001 0.438907
17600001 0.4543
17610001 0.448849
17620001 0.448165
17630001 0.444981
17640001 0.448022
17650001 0.450338
17660001 0.447405
17670001 0.455272
17680001 0.447102
17690001 0.4523
17700001 0.465433
17710001 0.437525
17720001 0.44414
17730001 0.439631
17740001 0.448371
17750001 0.437009
17760001 0.440362
17770001 0.448716
17780001 0.444168
17790001 0.431203
17800001 0.437832
17810001 0.434025
17820001 0.437967
17830001 0.457409
17840001 0.445302
17850001 0.454975
17860001 0.44614
17870001 0.456027
17880001 0.445244
17890001 0.442605
17900001 0.453814
17910001 0.448738
17920001 0.455894
17930001 0.447338
17940001 0.450409
17950001 0.455925
17960001 0.449133
17970001 0.459862
17980001 0.44459
17990001 0.453068
18000001 0.467588
18010001 0.457796
18020001 0.439115
18030001 0.460141
18040001 0.455305
18050001 0.455118
18060001 0.445348
18070001 0.446283
18080001 0.440958
18090001 0.435396
18100001 0.435164
18110001 0.434805
18120001 0.439778
18130001 0.441993
18140001 0.446652
18150001 0.444843
18160001 0.436701
18170001 0.434006
18180001 0.443761
18190001 0.438332
18200001 0.443433
18210001 0.437065
18220001 0.451125
18230001 0.445556
18240001 0.446765
18250001 0.425495
18260001 0.444563
18270001 0.442047
18280001 0.437911
18290001 0.437
18300001 0.439029
18310001 0.440626
18320001 0.42923
18330001 0.441948
18340001 0.442608
18350001 0.438433
18360001 0.4383
18370001 0.43829
18380001 0.441794
18390001 0.439925
18400001 0.441331
18410001 0.450688
18420001 0.445746
18430001 0.447545
18440001 0.439825
18450001 0.423489
18460001 0.437225
18470001 0.437468
18480001 0.424262
18490001 0.428051
18500001 0.446665
18510001 0.441417
18520001 0.438472
18530001 0.445627
18540001 0.44719
18550001 0.442846
18560001 0.439091
18570001 0.444507
18580001 0.440442
18590001 0.445401
18600001 0.446256
18610001 0.458287
18620001 0.450786
18630001 0.457601
18640001 0.44492
18650001 0.440915
18660001 0.448174
18670001 0.448176
18680001 0.447719
18690001 0.451526
18700001 0.442687
18710001 0.440383
18720001 0.446811
18730001 0.443242
18740001 0.437917
18750001 0.432363
18760001 0.433712
18770001 0.428068
18780001 0.434034
18790001 0.437425
18800001 0.430394
18810001 0.458298
18820001 0.439221
18830001 0.436579
18840001 0.431493
18850001 0.438341
18860001 0.438804
18870001 0.435861
18880001 0.444427
18890001 0.439263
18900001 0.459362
18910001 0.451694
18920001 0.444736
18930001 0.447512
18940001 0.442063
18950001 0.444571
18960001 0.437984
18970001 0.44858
18980001 0.437008
18990001 0.453458
19000001 0.448499
19010001 0.445622
19020001 0.451066
19030001 0.455057
19040001 0.444273
19050001 0.440226
19060001 0.456701
19070001 0.44288
19080001 0.446972
19090001 0.446505
19100001 0.460537
19110001 0.450259
19120001 0.455658
19130001 0.45702
19140001 0.457769
19150001 0.446831
19160001 0.458856
19170001 0.451092
19180001 0.447668
19190001 0.44471
19200001 0.45371
19210001 0.447781
19220001 0.444047
19230001 0.434613
19240001 0.448365
19250001 0.434957
19260001 0.443526
19270001 0.439481
19280001 0.453563
19290001 0.447941
19300001 0.437249
19310001 0.447468
19320001 0.447159
19330001 0.448323
19340001 0.439928
19350001 0.433591
19360001 0.434384
19370001 0.43946
19380001 0.438774
19390001 0.440119
19400001 0.44489
19410001 0.430654
19420001 0.437623
19430001 0.436877
19440001 0.437157
19450001 0.439511
19460001 0.435981
19470001 0.437875
19480001 0.435417
19490001 0.445258
19500001 0.431799
19510001 0.441216
19520001 0.455638
19530001 0.452976
19540001 0.447069
19550001 0.444514
19560001 0.440356
19570001 0.446854
19580001 0.442496
19590001 0.444656
19600001 0.446008
19610001 0.441425
19620001 0.432426
19630001 0.425724
19640001 0.434
19650001 0.41992
19660001 0.432691
19670001 0.429214
19680001 0.451986
19690001 0.441071
19700001 0.435656
19710001 0.432434
19720001 0.445137
19730001 0.442453
19740001 0.451246
19750001 0.438665
19760001 0.436543
19770001 0.450814
19780001 0.429639
19790001 0.447859
19800001 0.44245
19810001 0.43457
19820001 0.445826
19830001 0.44863
19840001 0.442706
19850001 0.446718
19860001 0.444631
19870001 0.449013
19880001 0.437262
19890001 0.424574
19900001 0.426072
19910001 0.43348
19920001 0.447256
19930001 0.459975
19940001 0.448588
19950001 0.441778
19960001 0.443196
19970001 0.44746
19980001 0.453437
19990001 0.459587
20000001 0.437951
20010001 0.434123
20020001 0.446792
20030001 0.454808
20040001 0.447772
20050001 0.433438
20060001 0.445037
20070001 0.441889
20080001 0.433838
20090001 0.439206
20100001 0.448061
20110001 0.439455
20120001 0.460344
20130001 0.453153
20140001 0.452756
20150001 0.453771
20160001 0.462937
20170001 0.449819
20180001 0.447237
20190001 0.44115
20200001 0.440901
20210001 0.438096
20220001 0.464318
20230001 0.46088
20240001 0.442326
20250001 0.450404
20260001 0.453209
20270001 0.443112
20280001 0.451105
20290001 0.437969
20300001 0.438592
20310001 0.433361
20320001 0.4379
20330001 0.436223
20340001 0.431849
20350001 0.441869
20360001 0.460575
20370001 0.452587
20380001 0.448342
20390001 0.462857
20400001 0.454318
20410001 0.451069
20420001 0.463045
20430001 0.453502
20440001 0.446647
20450001 0.455154
20460001 0.441693
20470001 0.443051
20480001 0.437181
20490001 0.432038
20500001 0.441807
20510001 0.442661
20520001 0.457019
20530001 0.452024
20540001 0.45337
20550001 0.453674
20560001 0.447556
20570001 0.437019
20580001 0.44727
20590001 0.455746
20600001 0.453491
20610001 0.458241
20620001 0.462442
20630001 0.443998
20640001 0.44405
20650001 0.443083
20660001 0.447021
20670001 0.438628
20680001 0.4339
20690001 0.433613
20700001 0.423933
20710001 0.432314
20720001 0.444859
20730001 0.442808
20740001 0.443736
20750001 0.435828
20760001 0.456294
20770001 0.447011
20780001 0.442714
20790001 0.452436
20800001 0.444896
20810001 0.448482
20820001 0.451239
20830001 0.452431
20840001 0.452205
20850001 0.437729
20860001 0.449645
20870001 0.438735
20880001 0.435604
20890001 0.438085
20900001 0.432682
20910001 0.437235
20920001 0.446712
20930001 0.440306
20940001 0.445305
20950001 0.439255
20960001 0.439118
20970001 0.45754
20980001 0.444896
20990001 0.464983
21000001 0.456138
21010001 0.453818
21020001 0.456529
21030001 0.453977
21040001 0.451342
21050001 0.442227
21060001 0.452975
21070001 0.458067
21080001 0.471329
21090001 0.464486
21100001 0.463797
21110001 0.45082
21120001 0.450939
21130001 0.444873
21140001 0.452019
21150001 0.461524
21160001 0.439507
21170001 0.44538
21180001 0.454229
21190001 0.458097
21200001 0.446843
21210001 0.450984
21220001 0.462514
21230001 0.455816
21240001 0.453237
21250001 0.457265
21260001 0.448324
21270001 0.450716
21280001 0.449468
21290001 0.445559
21300001 0.447862
21310001 0.436172
21320001 0.445095
21330001 0.441923
21340001 0.455747
21350001 0.45775
21360001 0.445975
21370001 0.44436
21380001 0.44464
21390001 0.454866
21400001 0.4496
21410001 0.449996
21420001 0.459541
21430001 0.458291
21440001 0.45587
21450001 0.458486
21460001 0.454397
21470001 0.458403
21480001 0.467581
21490001 0.454471
21500001 0.463011
21510001 0.466826
21520001 0.457424
21530001 0.454885
21540001 0.469204
21550001 0.464695
21560001 0.465225
21570001 0.469195
21580001 0.459391
21590001 0.466727
21600001 0.463773
21610001 0.4613
21620001 0.457661
21630001 0.455398
21640001 0.447222
21650001 0.462744
21660001 0.453776
21670001 0.448727
21680001 0.44132
21690001 0.437266
21700001 0.444677
21710001 0.445345
21720001 0.433983
21730001 0.442823
21740001 0.439173
21750001 0.449922
21760001 0.457504
21770001 0.450279
21780001 0.434699
21790001 0.441147
21800001 0.434235
21810001 0.438947
21820001 0.436831
21830001 0.443152
21840001 0.445564
21850001 0.442626
21860001 0.459092
21870001 0.44873
21880001 0.438613
21890001 0.448663
21900001 0.451703
21910001 0.448036
21920001 0.459249
21930001 0.453696
21940001 0.442639
21950001 0.441964
21960001 0.446822
21970001 0.439349
21980001 0.435249
21990001 0.450447
22000001 0.457751
22010001 0.462859
22020001 0.455678
22030001 0.444835
22040001 0.449924
22050001 0.449932
22060001 0.45685
22070001 0.458505
22080001 0.464849
22090001 0.449091
22100001 0.449987
22110001 0.440565
22120001 0.453326
22130001 0.458566
22140001 0.456789
22150001 0.45232
22160001 0.441249
22170001 0.439155
22180001 0.451791
22190001 0.451736
22200001 0.436435
22210001 0.447405
22220001 0.441761
22230001 0.448736
22240001 0.448717
22250001 0.445772
22260001 0.434695
22270001 0.454317
22280001 0.448578
22290001 0.437036
22300001 0.449692
22310001 0.43457
22320001 0.435609
22330001 0.442756
22340001 0.446075
22350001 0.443569
22360001 0.440682
22370001 0.436269
22380001 0.450499
22390001 0.441113
22400001 0.440347
22410001 0.443908
22420001 0.447298
22430001 0.452137
22440001 0.439861
22450001 0.439425
22460001 0.444054
22470001 0.435119
22480001 0.434973
22490001 0.446078
22500001 0.429527
22510001 0.449857
22520001 0.438743
22530001 0.454211
22540001 0.45213
22550001 0.443837
22560001 0.437865
22570001 0.450645
22580001 0.440159
22590001 0.435806
22600001 0.440557
22610001 0.447455
22620001 0.444669
22630001 0.441162
22640001 0.452448
22650001 0.444135
22660001 0.449437
22670001 0.436299
22680001 0.435099
22690001 0.434818
22700001 0.447592
22710001 0.45074
22720001 0.448947
22730001 0.449509
22740001 0.44743
22750001 0.455415
22760001 0.464819
22770001 0.464963
22780001 0.45513
22790001 0.454469
22800001 0.446976
22810001 0.445736
22820001 0.448478
22830001 0.439252
22840001 0.439549
22850001 0.445603
22860001 0.446327
22870001 0.455708
22880001 0.44767
22890001 0.457519
22900001 0.443854
22910001 0.454145
22920001 0.452767
22930001 0.446385
22940001 0.454195
22950001 0.441663
22960001 0.442513
22970001 0.431665
22980001 0.439114
22990001 0.443627
23000001 0.4367
23010001 0.443661
23020001 0.449975
23030001 0.447955
23040001 0.436588
23050001 0.433631
23060001 0.448742
23070001 0.449633
23080001 0.447134
23090001 0.446385
23100001 0.442492
23110001 0.440063
23120001 0.427457
23130001 0.432388
23140001 0.441293
23150001 0.454752
23160001 0.455877
23170001 0.451359
23180001 0.446398
23190001 0.448361
23200001 0.449542
23210001 0.435841
23220001 0.444529
23230001 0.448968
23240001 0.446
23250001 0.454715
23260001 0.457315
23270001 0.459772
23280001 0.462687
23290001 0.439423
23300001 0.441107
23310001 0.441759
23320001 0.430373
23330001 0.444105
23340001 0.450137
23350001 0.446838
23360001 0.446721
23370001 0.455903
23380001 0.45249
23390001 0.443352
23400001 0.448541
23410001 0.453557
23420001 0.449032
23430001 0.461081
23440001 0.462447
23450001 0.452307
23460001 0.457709
23470001 0.452267
23480001 0.457447
23490001 0.447465
23500001 0.44617
23510001 0.44099
23520001 0.45553
23530001 0.448739
23540001 0.462587
23550001 0.460867
23560001 0.460726
23570001 0.459587
23580001 0.456349
23590001 0.448517
23600001 0.431755
23610001 0.436114
23620001 0.439762
23630001 0.459343
23640001 0.452627
23650001 0.450119
23660001 0.447265
23670001 0.44201
23680001 0.441745
23690001 0.447032
23700001 0.448107
23710001 0.450803
23720001 0.442693
23730001 0.452753
23740001 0.43323
23750001 0.436849
23760001 0.44148
23770001 0.451333
23780001 0.440299
23790001 0.434822
23800001 0.453119
23810001 0.452761
23820001 0.444053
23830001 0.448586
23840001 0.444683
23850001 0.44425
23860001 0.44194
23870001 0.443754
23880001 0.4449
23890001 0.4405
23900001 0.453838
23910001 0.459182
23920001 0.460614
23930001 0.455607
23940001 0.455532
23950001 0.446477
23960001 0.452456
23970001 0.438835
23980001 0.431986
23990001 0.435861
24000001 0.432315
24010001 0.430572
24020001 0.44081
24030001 0.438923
24040001 0.444943
24050001 0.440646
24060001 0.442066
24070001 0.457702
24080001 0.441285
24090001 0.446051
24100001 0.431567
24110001 0.437493
24120001 0.443437
24130001 0.451371
24140001 0.448725
24150001 0.450912
24160001 0.455437
24170001 0.449823
24180001 0.445853
24190001 0.440733
24200001 0.44057
24210001 0.451893
24220001 0.459982
24230001 0.453305
24240001 0.455534
24250001 0.45452
24260001 0.449245
24270001 0.444921
24280001 0.4596
24290001 0.454492
24300001 0.457053
24310001 0.456182
24320001 0.460452
24330001 0.462474
24340001 0.451961
24350001 0.457096
24360001 0.441709
24370001 0.456531
24380001 0.443816
24390001 0.448253
24400001 0.457525
24410001 0.462259
24420001 0.459723
24430001 0.448069
24440001 0.443088
24450001 0.452276
24460001 0.466238
24470001 0.469475
24480001 0.473364
24490001 0.453007
24500001 0.459045
24510001 0.451678
24520001 0.449485
24530001 0.449143
24540001 0.456328
24550001 0.446253
24560001 0.443885
24570001 0.442645
24580001 0.434442
24590001 0.441832
24600001 0.439849
24610001 0.44482
24620001 0.443625
24630001 0.442538
24640001 0.440792
24650001 0.44169
24660001 0.436619
24670001 0.439141
24680001 0.432728
24690001 0.437364
24700001 0.429799
24710001 0.434016
24720001 0.442932
24730001 0.439304
24740001 0.421095
24750001 0.425091
24760001 0.43719
24770001 0.435963
24780001 0.427285
24790001 0.438199
24800001 0.439803
24810001 0.446541
24820001 0.452106
24830001 0.450256
24840001 0.452723
24850001 0.446985
24860001 0.443856
24870001 0.443272
24880001 0.446242
24890001 0.451895
24900001 0.453049
24910001 0.452687
24920001 0.463981
24930001 0.457445
24940001 0.461881
24950001 0.461442
24960001 0.470378
24970001 0.463062
24980001 0.463071
24990001 0.465269
25000001 0.46356
25010001 0.447599
25020001 0.449886
25030001 0.450374
25040001 0.448806
25050001 0.447296
25060001 0.446745
25070001 0.439093
25080001 0.446837
25090001 0.45104
25100001 0.454974
25110001 0.450576
25120001 0.453726
25130001 0.449662
25140001 0.443677
25150001 0.444722
25160001 0.446431
25170001 0.442965
25180001 0.456962
25190001 0.455063
25200001 0.453602
25210001 0.451293
25220001 0.451087
25230001 0.437086
25240001 0.443684
25250001 0.445872
25260001 0.456176
25270001 0.440937
25280001 0.451608
25290001 0.459115
25300001 0.447265
25310001 0.447714
25320001 0.45442
25330001 0.451454
25340001 0.446844
25350001 0.452146
25360001 0.439137
25370001 0.448525
25380001 0.434289
25390001 0.442588
25400001 0.447035
25410001 0.456066
25420001 0.453088
25430001 0.445568
25440001 0.456763
25450001 0.460593
25460001 0.465814
25470001 0.464441
25480001 0.451097
25490001 0.455799
25500001 0.450018
25510001 0.460976
25520001 0.46808
25530001 0.461477
25540001 0.463358
25550001 0.458526
25560001 0.456967
25570001 0.458175
25580001 0.448143
25590001 0.445254
25600001 0.452774
25610001 0.463621
25620001 0.450283
25630001 0.462927
25640001 0.467448
25650001 0.467959
25660001 0.459651
25670001 0.46274
25680001 0.462854
25690001 0.456096
25700001 0.447618
25710001 0.454582
25720001 0.455032
25730001 0.466918
25740001 0.45062
25750001 0.449726
25760001 0.453175
25770001 0.44915
25780001 0.459066
25790001 0.451787
25800001 0.467728
25810001 0.455702
25820001 0.453537
25830001 0.454468
25840001 0.468327
25850001 0.465925
25860001 0.451029
25870001 0.445356
25880001 0.453206
25890001 0.438537
25900001 0.438879
25910001 0.445267
25920001 0.438382
25930001 0.430866
25940001 0.439898
25950001 0.455538
25960001 0.446375
25970001 0.447401
25980001 0.449987
25990001 0.457104
26000001 0.453887
26010001 0.444696
26020001 0.455001
26030001 0.449802
26040001 0.456758
26050001 0.457675
26060001 0.462223
26070001 0.455112
26080001 0.457565
26090001 0.461697
26100001 0.453786
26110001 0.456815
26120001 0.45232
26130001 0.43884
26140001 0.446426
26150001 0.467503
26160001 0.455363
26170001 0.44612
26180001 0.449566
26190001 0.458886
26200001 0.450904
26210001 0.446598
26220001 0.451157
26230001 0.462477
26240001 0.460057
26250001 0.443106
26260001 0.444652
26270001 0.438099
26280001 0.448866
26290001 0.450851
26300001 0.455029
26310001 0.449746
26320001 0.445691
26330001 0.438109
26340001 0.457777
26350001 0.445337
26360001 0.450672
26370001 0.446769
26380001 0.453735
26390001 0.449436
26400001 0.450536
26410001 0.447546
26420001 0.452946
26430001 0.451446
26440001 0.471526
26450001 0.455508
26460001 0.456789
26470001 0.45853
26480001 0.458526
26490001 0.47042
26500001 0.459743
26510001 0.432948
26520001 0.439887
26530001 0.435797
26540001 0.44788
26550001 0.454259
26560001 0.456548
26570001 0.460397
26580001 0.454467
26590001 0.468883
26600001 0.457528
26610001 0.453359
26620001 0.451617
26630001 0.456643
26640001 0.446659
26650001 0.43949
26660001 0.433166
26670001 0.428699
26680001 0.441669
26690001 0.455555
26700001 0.469614
26710001 0.462121
26720001 0.447456
26730001 0.445707
26740001 0.46174
26750001 0.463347
26760001 0.443703
26770001 0.448775
26780001 0.438291
26790001 0.449534
26800001 0.445976
26810001 0.45614
26820001 0.463398
26830001 0.459585
26840001 0.46388
26850001 0.455961
26860001 0.452624
26870001 0.458204
26880001 0.465477
26890001 0.456781
26900001 0.449534
26910001 0.448583
26920001 0.448318
26930001 0.450875
26940001 0.44846
26950001 0.437499
26960001 0.432843
26970001 0.437963
26980001 0.442032
26990001 0.436232
27000001 0.449489
27010001 0.437325
27020001 0.439001
27030001 0.440435
27040001 0.450244
27050001 0.452674
27060001 0.452823
27070001 0.463822
27080001 0.479161
27090001 0.469848
27100001 0.444055
27110001 0.443523
27120001 0.444834
27130001 0.451219
27140001 0.443484
27150001 0.456746
27160001 0.455565
27170001 0.445444
27180001 0.437714
27190001 0.439239
27200001 0.442625
27210001 0.439912
27220001 0.434985
27230001 0.45494
27240001 0.444244
27250001 0.45715
27260001 0.452033
27270001 0.449292
27280001 0.454555
27290001 0.450807
27300001 0.454567
27310001 0.456674
27320001 0.4551
27330001 0.454469
27340001 0.457404
27350001 0.446176
27360001 0.439795
27370001 0.444469
27380001 0.43815
27390001 0.443028
27400001 0.432281
27410001 0.451147
27420001 0.45081
27430001 0.437974
27440001 0.43797
27450001 0.450134
27460001 0.437552
27470001 0.441498
27480001 0.441432
27490001 0.44287
27500001 0.439833
27510001 0.438628
27520001 0.443099
27530001 0.452725
27540001 0.451343
27550001 0.455766
27560001 0.462553
27570001 0.448043
27580001 0.440347
27590001 0.443509
27600001 0.447025
27610001 0.458924
27620001 0.455938
27630001 0.444802
27640001 0.44609
27650001 0.451442
27660001 0.448467
27670001 0.446623
27680001 0.4367
27690001 0.450352
27700001 0.438521
27710001 0.475081
27720001 0.455938
27730001 0.44695
27740001 0.438614
27750001 0.450655
27760001 0.452995
27770001 0.449318
27780001 0.444546
27790001 0.446177
27800001 0.447634
27810001 0.442982
27820001 0.451506
27830001 0.440438
27840001 0.44773
27850001 0.443206
27860001 0.449382
27870001 0.453855
27880001 0.439168
27890001 0.442302
27900001 0.45665
27910001 0.452564
27920001 0.445001
27930001 0.458423
27940001 0.461219
27950001 0.442541
27960001 0.447328
27970001 0.453915
27980001 0.460556
27990001 0.458994
28000001 0.454195
28010001 0.442658
28020001 0.448129
28030001 0.442235
28040001 0.443756
28050001 0.446691
28060001 0.455196
28070001 0.452378
28080001 0.466535
28090001 0.456351
28100001 0.443331
28110001 0.445633
28120001 0.445568
28130001 0.450045
28140001 0.456019
28150001 0.439075
28160001 0.4361
28170001 0.449314
28180001 0.456891
28190001 0.449982
28200001 0.447529
28210001 0.4413
28220001 0.441983
28230001 0.433911
28240001 0.442251
28250001 0.446054
28260001 0.445636
28270001 0.450169
28280001 0.454102
28290001 0.456657
28300001 0.449714
28310001 0.454447
28320001 0.447412
28330001 0.443367
28340001 0.443769
28350001 0.444648
28360001 0.454017
28370001 0.458563
28380001 0.465411
28390001 0.461047
28400001 0.456705
28410001 0.458744
28420001 0.456736
28430001 0.441773
28440001 0.44082
28450001 0.444932
28460001 0.436127
28470001 0.441899
28480001 0.430393
28490001 0.436457
28500001 0.42966
28510001 0.44144
28520001 0.433198
28530001 0.428174
28540001 0.439539
28550001 0.44148
28560001 0.45358
28570001 0.445781
28580001 0.464527
28590001 0.452322
28600001 0.457287
28610001 0.450367
28620001 0.461035
28630001 0.459409
28640001 0.446033
28650001 0.43963
28660001 0.445895
28670001 0.448815
28680001 0.441299
28690001 0.448666
28700001 0.454179
28710001 0.447557
28720001 0.45082
28730001 0.443115
28740001 0.441876
28750001 0.455096
28760001 0.459679
28770001 0.456164
28780001 0.45752
28790001 0.450229
28800001 0.447478
28810001 0.436374
28820001 0.440302
28830001 0.44989
28840001 0.438114
28850001 0.454011
28860001 0.435022
28870001 0.443246
28880001 0.463171
28890001 0.452015
28900001 0.449116
28910001 0.444797
28920001 0.45173
28930001 0.452452
28940001 0.45511
28950001 0.453503
28960001 0.454369
28970001 0.457184
28980001 0.454502
28990001 0.459137
29000001 0.452008
29010001 0.457507
29020001 0.459776
29030001 0.462219
29040001 0.458444
29050001 0.45439
29060001 0.448008
29070001 0.466011
29080001 0.448334
29090001 0.440237
29100001 0.435778
29110001 0.437736
29120001 0.438986
29130001 0.445264
29140001 0.458468
29150001 0.469657
29160001 0.462202
29170001 0.44582
29180001 0.451397
29190001 0.450654
29200001 0.446608
29210001 0.454193
29220001 0.448575
29230001 0.442431
29240001 0.448136
29250001 0.447965
29260001 0.451524
29270001 0.468775
29280001 0.465313
29290001 0.452835
29300001 0.452055
29310001 0.45538
29320001 0.452661
29330001 0.464047
29340001 0.445821
29350001 0.453338
29360001 0.443839
29370001 0.447458
29380001 0.460553
29390001 0.43603
29400001 0.466772
29410001 0.452451
29420001 0.449042
29430001 0.459367
29440001 0.451464
29450001 0.440096
29460001 0.447973
29470001 0.447461
29480001 0.453656
29490001 0.449118
29500001 0.455791
29510001 0.451049
29520001 0.457279
29530001 0.456606
29540001 0.451486
29550001 0.45558
29560001 0.444858
29570001 0.457973
29580001 0.450143
29590001 0.44787
29600001 0.451408
29610001 0.454503
29620001 0.459353
29630001 0.462277
29640001 0.46254
29650001 0.456882
29660001 0.463679
29670001 0.449845
29680001 0.458188
29690001 0.463073
29700001 0.444994
29710001 0.441474
29720001 0.457473
29730001 0.455683
29740001 0.462651
29750001 0.450547
29760001 0.444979
29770001 0.438439
29780001 0.445806
29790001 0.45643
29800001 0.445851
29810001 0.4488
29820001 0.437358
29830001 0.450182
29840001 0.445194
29850001 0.4503
29860001 0.44055
29870001 0.443004
29880001 0.447301
29890001 0.446392
29900001 0.455978
29910001 0.457757
29920001 0.464009
29930001 0.459951
29940001 0.450892
29950001 0.436729
29960001 0.439289
29970001 0.443232
29980001 0.460052
29990001 0.449265
