1 31.3626
10001 17.0193
20001 12.5259
30001 9.93592
40001 8.48208
50001 7.38887
60001 6.73855
70001 6.2838
80001 5.98083
90001 5.75863
100001 5.58405
110001 5.4591
120001 5.34589
130001 5.24544
140001 5.16676
150001 5.09902
160001 5.03641
170001 4.97999
180001 4.92319
190001 4.87531
200001 4.8276
210001 4.78394
220001 4.74148
230001 4.70115
240001 4.66493
250001 4.62835
260001 4.59386
270001 4.55701
280001 4.52363
290001 4.49173
300001 4.46166
310001 4.43536
320001 4.40724
330001 4.38264
340001 4.35768
350001 4.33262
360001 4.31022
370001 4.28863
380001 4.26499
390001 4.24467
400001 4.22151
410001 4.19751
420001 4.17549
430001 4.15502
440001 4.1369
450001 4.11753
460001 4.10042
470001 4.07809
480001 4.06007
490001 4.04433
500001 4.02601
510001 4.00743
520001 3.98986
530001 3.97229
540001 3.95612
550001 3.93981
560001 3.92518
570001 3.91097
580001 3.89578
590001 3.88075
600001 3.86523
610001 3.85021
620001 3.83553
630001 3.82089
640001 3.80693
650001 3.79481
660001 3.78003
670001 3.76711
680001 3.75359
690001 3.73997
700001 3.7266
710001 3.71312
720001 3.70032
730001 3.68881
740001 3.676
750001 3.66313
760001 3.65249
770001 3.64011
780001 3.62695
790001 3.61554
800001 3.60442
810001 3.59104
820001 3.57984
830001 3.56889
840001 3.55868
850001 3.54816
860001 3.53655
870001 3.52576
880001 3.51358
890001 3.50194
900001 3.49013
910001 3.48166
920001 3.47268
930001 3.46139
940001 3.45228
950001 3.44169
960001 3.43181
970001 3.42222
980001 3.41298
990001 3.40207
1000001 3.39082
1010001 3.38212
1020001 3.37152
1030001 3.36306
1040001 3.35404
1050001 3.34581
1060001 3.33661
1070001 3.32867
1080001 3.32023
1090001 3.3112
1100001 3.30247
1110001 3.29491
1120001 3.28481
1130001 3.27607
1140001 3.2679
1150001 3.26034
1160001 3.25298
1170001 3.24451
1180001 3.23657
1190001 3.22761
1200001 3.21993
1210001 3.21267
1220001 3.20655
1230001 3.19961
1240001 3.19254
1250001 3.18529
1260001 3.1761
1270001 3.16774
1280001 3.16
1290001 3.15241
1300001 3.14482
1310001 3.13666
1320001 3.12913
1330001 3.12196
1340001 3.11427
1350001 3.1076
1360001 3.10127
1370001 3.09518
1380001 3.08865
1390001 3.08237
1400001 3.07613
1410001 3.0703
1420001 3.0637
1430001 3.05792
1440001 3.048
1450001 3.03981
1460001 3.03243
1470001 3.02574
1480001 3.02022
1490001 3.01382
1500001 3.00719
1510001 3.00124
1520001 2.99353
1530001 2.98632
1540001 2.97913
1550001 2.9722
1560001 2.96615
1570001 2.95962
1580001 2.95345
1590001 2.9479
1600001 2.94277
1610001 2.93682
1620001 2.93135
1630001 2.92461
1640001 2.91918
1650001 2.91186
1660001 2.90436
1670001 2.89712
1680001 2.8907
1690001 2.8835
1700001 2.87854
1710001 2.87372
1720001 2.86678
1730001 2.86167
1740001 2.85589
1750001 2.8494
1760001 2.84348
1770001 2.8383
1780001 2.83287
1790001 2.82805
1800001 2.82339
1810001 2.81804
1820001 2.81232
1830001 2.80592
1840001 2.79856
1850001 2.79299
1860001 2.78839
1870001 2.78106
1880001 2.77407
1890001 2.76954
1900001 2.76507
1910001 2.75938
1920001 2.75405
1930001 2.74779
1940001 2.74077
1950001 2.73615
1960001 2.7304
1970001 2.72404
1980001 2.71918
1990001 2.71513
2000001 2.71086
2010001 2.70586
2020001 2.70112
2030001 2.69757
2040001 2.69268
2050001 2.68898
2060001 2.68489
2070001 2.67886
2080001 2.67416
2090001 2.66829
2100001 2.66186
2110001 2.65727
2120001 2.65216
2130001 2.64781
2140001 2.64401
2150001 2.63905
2160001 2.63445
2170001 2.63019
2180001 2.62603
2190001 2.62195
2200001 2.61666
2210001 2.61028
2220001 2.60473
2230001 2.59954
2240001 2.59543
2250001 2.59171
2260001 2.58739
2270001 2.58258
2280001 2.57843
2290001 2.57379
2300001 2.56965
2310001 2.56395
2320001 2.55876
2330001 2.55491
2340001 2.55004
2350001 2.54593
2360001 2.54139
2370001 2.53749
2380001 2.53352
2390001 2.5297
2400001 2.52638
2410001 2.52398
2420001 2.52024
2430001 2.51595
2440001 2.51251
2450001 2.50876
2460001 2.50405
2470001 2.50038
2480001 2.49669
2490001 2.49329
2500001 2.48969
2510001 2.48493
2520001 2.48083
2530001 2.47735
2540001 2.47428
2550001 2.46934
2560001 2.46481
2570001 2.46109
2580001 2.45704
2590001 2.45281
2600001 2.44861
2610001 2.44443
2620001 2.441
2630001 2.43748
2640001 2.43434
2650001 2.43071
2660001 2.42615
2670001 2.42053
2680001 2.41688
2690001 2.41237
2700001 2.40869
2710001 2.40453
2720001 2.39948
2730001 2.39592
2740001 2.3927
2750001 2.38934
2760001 2.38614
2770001 2.38284
2780001 2.37908
2790001 2.37505
2800001 2.37129
2810001 2.36754
2820001 2.36376
2830001 2.35956
2840001 2.3563
2850001 2.35282
2860001 2.34886
2870001 2.34219
2880001 2.33857
2890001 2.33637
2900001 2.33206
2910001 2.32794
2920001 2.32489
2930001 2.32192
2940001 2.31795
2950001 2.31447
2960001 2.31184
2970001 2.30832
2980001 2.30537
2990001 2.3004
3000001 2.29672
3010001 2.29344
3020001 2.28991
3030001 2.28752
3040001 2.28444
3050001 2.28166
3060001 2.27912
3070001 2.27573
3080001 2.27186
3090001 2.26828
3100001 2.26393
3110001 2.26049
3120001 2.25641
3130001 2.25399
3140001 2.2513
3150001 2.24749
3160001 2.24456
3170001 2.24248
3180001 2.2388
3190001 2.23584
3200001 2.23432
3210001 2.23161
3220001 2.22903
3230001 2.2264
3240001 2.22366
3250001 2.22028
3260001 2.21707
3270001 2.2134
3280001 2.21051
3290001 2.20812
3300001 2.20472
3310001 2.20204
3320001 2.19894
3330001 2.19566
3340001 2.19403
3350001 2.19216
3360001 2.18914
3370001 2.18662
3380001 2.18309
3390001 2.18025
3400001 2.17699
3410001 2.1741
3420001 2.17194
3430001 2.16954
3440001 2.16672
3450001 2.16429
3460001 2.16197
3470001 2.15914
3480001 2.15627
3490001 2.15398
3500001 2.15162
3510001 2.14767
3520001 2.14368
3530001 2.14126
3540001 2.13878
3550001 2.13702
3560001 2.13505
3570001 2.13275
3580001 2.12951
3590001 2.12674
3600001 2.12346
3610001 2.12146
3620001 2.11913
3630001 2.11663
3640001 2.11465
3650001 2.11192
3660001 2.10961
3670001 2.10724
3680001 2.10566
3690001 2.10371
3700001 2.10131
3710001 2.09873
3720001 2.09654
3730001 2.09483
3740001 2.09208
3750001 2.09004
3760001 2.0874
3770001 2.08545
3780001 2.08312
3790001 2.08118
3800001 2.07914
3810001 2.07614
3820001 2.07364
3830001 2.06979
3840001 2.06695
3850001 2.06398
3860001 2.06143
3870001 2.05898
3880001 2.05662
3890001 2.05469
3900001 2.05186
3910001 2.04933
3920001 2.04651
3930001 2.04455
3940001 2.04224
3950001 2.04004
3960001 2.03826
3970001 2.03551
3980001 2.03259
3990001 2.0306
4000001 2.02929
4010001 2.02646
4020001 2.02462
4030001 2.02218
4040001 2.0208
4050001 2.01847
4060001 2.01579
4070001 2.01314
4080001 2.00921
4090001 2.00697
4100001 2.00538
4110001 2.00249
4120001 1.99992
4130001 1.99812
4140001 1.99622
4150001 1.99399
4160001 1.99136
4170001 1.98875
4180001 1.98674
4190001 1.98527
4200001 1.98313
4210001 1.98142
4220001 1.97911
4230001 1.97708
4240001 1.9746
4250001 1.97197
4260001 1.96938
4270001 1.96765
4280001 1.96587
4290001 1.96263
4300001 1.96135
4310001 1.95932
4320001 1.95733
4330001 1.95524
4340001 1.95384
4350001 1.9518
4360001 1.94974
4370001 1.94723
4380001 1.94532
4390001 1.94366
4400001 1.94171
4410001 1.9402
4420001 1.93786
4430001 1.93579
4440001 1.93273
4450001 1.93083
4460001 1.92909
4470001 1.92785
4480001 1.92491
4490001 1.9224
4500001 1.91871
4510001 1.9158
4520001 1.91381
4530001 1.91175
4540001 1.90893
4550001 1.90748
4560001 1.90579
4570001 1.90413
4580001 1.90212
4590001 1.89877
4600001 1.89673
4610001 1.8952
4620001 1.89289
4630001 1.89049
4640001 1.88781
4650001 1.88534
4660001 1.88331
4670001 1.881
4680001 1.87928
4690001 1.87632
4700001 1.87507
4710001 1.87289
4720001 1.86992
4730001 1.86796
4740001 1.86625
4750001 1.86494
4760001 1.86319
4770001 1.86137
4780001 1.85999
4790001 1.85837
4800001 1.85682
4810001 1.85341
4820001 1.85247
4830001 1.85067
4840001 1.84885
4850001 1.84727
4860001 1.84591
4870001 1.84413
4880001 1.8426
4890001 1.84036
4900001 1.83876
4910001 1.8379
4920001 1.83593
4930001 1.83371
4940001 1.83296
4950001 1.83111
4960001 1.83006
4970001 1.8283
4980001 1.82619
4990001 1.82492
5000001 1.82329
5010001 1.82203
5020001 1.82104
5030001 1.81882
5040001 1.81674
5050001 1.81439
5060001 1.81175
5070001 1.80989
5080001 1.8082
5090001 1.80634
5100001 1.80486
5110001 1.80262
5120001 1.80038
5130001 1.79875
5140001 1.79682
5150001 1.79526
5160001 1.7938
5170001 1.79258
5180001 1.79095
5190001 1.7895
5200001 1.78748
5210001 1.78575
5220001 1.78282
5230001 1.7818
5240001 1.78034
5250001 1.77941
5260001 1.77836
5270001 1.77609
5280001 1.77544
5290001 1.77404
5300001 1.77147
5310001 1.76986
5320001 1.76874
5330001 1.76747
5340001 1.76554
5350001 1.76356
5360001 1.7615
5370001 1.76003
5380001 1.7583
5390001 1.75611
5400001 1.75388
5410001 1.75237
5420001 1.75134
5430001 1.7498
5440001 1.74819
5450001 1.74683
5460001 1.74579
5470001 1.74402
5480001 1.74231
5490001 1.7416
5500001 1.74024
5510001 1.73909
5520001 1.73864
5530001 1.73683
5540001 1.7347
5550001 1.73319
5560001 1.73167
5570001 1.73032
5580001 1.72816
5590001 1.72697
5600001 1.72551
5610001 1.7236
5620001 1.722
5630001 1.71999
5640001 1.71779
5650001 1.71652
5660001 1.71443
5670001 1.71348
5680001 1.7117
5690001 1.70993
5700001 1.70939
5710001 1.70785
5720001 1.70709
5730001 1.70568
5740001 1.70391
5750001 1.70294
5760001 1.70181
5770001 1.69988
5780001 1.6992
5790001 1.69796
5800001 1.69667
5810001 1.69495
5820001 1.69295
5830001 1.69183
5840001 1.69083
5850001 1.68923
5860001 1.68837
5870001 1.68748
5880001 1.68569
5890001 1.68515
5900001 1.68398
5910001 1.68306
5920001 1.68205
5930001 1.68059
5940001 1.67883
5950001 1.6781
5960001 1.67668
5970001 1.6743
5980001 1.67239
5990001 1.67199
6000001 1.67128
6010001 1.66819
6020001 1.6669
6030001 1.66547
6040001 1.66379
6050001 1.66178
6060001 1.66009
6070001 1.65966
6080001 1.65782
6090001 1.65667
6100001 1.65527
6110001 1.6538
6120001 1.65253
6130001 1.65131
6140001 1.65016
6150001 1.64947
6160001 1.64867
6170001 1.64693
6180001 1.64543
6190001 1.64376
6200001 1.64238
6210001 1.64162
6220001 1.63956
6230001 1.63752
6240001 1.63734
6250001 1.6352
6260001 1.633
6270001 1.63195
6280001 1.63057
6290001 1.62979
6300001 1.62826
6310001 1.62664
6320001 1.62558
6330001 1.62425
6340001 1.62274
6350001 1.62074
6360001 1.61965
6370001 1.61806
6380001 1.61642
6390001 1.6161
6400001 1.61366
6410001 1.61284
6420001 1.61187
6430001 1.61091
6440001 1.60839
6450001 1.60716
6460001 1.6066
6470001 1.60517
6480001 1.60307
6490001 1.60205
6500001 1.60123
6510001 1.6
6520001 1.5984
6530001 1.59713
6540001 1.59595
6550001 1.59427
6560001 1.59319
6570001 1.5918
6580001 1.5901
6590001 1.58994
6600001 1.589
6610001 1.5875
6620001 1.58726
6630001 1.58627
6640001 1.58389
6650001 1.58304
6660001 1.58108
6670001 1.57969
6680001 1.57802
6690001 1.57708
6700001 1.57565
6710001 1.57452
6720001 1.5733
6730001 1.57195
6740001 1.57099
6750001 1.56989
6760001 1.56843
6770001 1.56721
6780001 1.56582
6790001 1.56419
6800001 1.56309
6810001 1.56142
6820001 1.56019
6830001 1.55908
6840001 1.55892
6850001 1.55636
6860001 1.55621
6870001 1.55546
6880001 1.55425
6890001 1.55309
6900001 1.55276
6910001 1.5519
6920001 1.55029
6930001 1.54904
6940001 1.54812
6950001 1.54705
6960001 1.54534
6970001 1.54397
6980001 1.54409
6990001 1.54265
7000001 1.54097
7010001 1.54068
7020001 1.53935
7030001 1.5377
7040001 1.53802
7050001 1.53646
7060001 1.53597
7070001 1.53531
7080001 1.53372
7090001 1.53226
7100001 1.53084
7110001 1.52917
7120001 1.52779
7130001 1.5261
7140001 1.52491
7150001 1.52424
7160001 1.52336
7170001 1.52208
7180001 1.52156
7190001 1.52039
7200001 1.51943
7210001 1.51915
7220001 1.51738
7230001 1.51671
7240001 1.51462
7250001 1.51383
7260001 1.51201
7270001 1.51131
7280001 1.50982
7290001 1.50873
7300001 1.50756
7310001 1.50698
7320001 1.5055
7330001 1.50402
7340001 1.50381
7350001 1.50219
7360001 1.50117
7370001 1.4995
7380001 1.49903
7390001 1.4985
7400001 1.49657
7410001 1.49534
7420001 1.49469
7430001 1.49423
7440001 1.4933
7450001 1.49264
7460001 1.4911
7470001 1.48924
7480001 1.48754
7490001 1.48737
7500001 1.486
7510001 1.48514
7520001 1.48379
7530001 1.48348
7540001 1.48183
7550001 1.48061
7560001 1.47987
7570001 1.47964
7580001 1.47933
7590001 1.47739
7600001 1.47684
7610001 1.47516
7620001 1.47436
7630001 1.47357
7640001 1.47369
7650001 1.47271
7660001 1.47095
7670001 1.47047
7680001 1.46919
7690001 1.46885
7700001 1.46711
7710001 1.46671
7720001 1.46505
7730001 1.4645
7740001 1.46344
7750001 1.46283
7760001 1.46218
7770001 1.46138
7780001 1.45991
7790001 1.45865
7800001 1.45873
7810001 1.45712
7820001 1.45687
7830001 1.45648
7840001 1.45568
7850001 1.4545
7860001 1.45364
7870001 1.45303
7880001 1.45252
7890001 1.45193
7900001 1.4513
7910001 1.45063
7920001 1.45045
7930001 1.44929
7940001 1.44837
7950001 1.44717
7960001 1.44664
7970001 1.44525
7980001 1.44429
7990001 1.44346
8000001 1.44317
8010001 1.44337
8020001 1.44102
8030001 1.44127
8040001 1.43982
8050001 1.43937
8060001 1.4383
8070001 1.43778
8080001 1.43599
8090001 1.4356
8100001 1.43557
8110001 1.43472
8120001 1.43448
8130001 1.43414
8140001 1.43234
8150001 1.43043
8160001 1.42867
8170001 1.42846
8180001 1.42783
8190001 1.42575
8200001 1.42489
8210001 1.42448
8220001 1.42368
8230001 1.42316
8240001 1.4221
8250001 1.42079
8260001 1.42036
8270001 1.41885
8280001 1.41852
8290001 1.41753
8300001 1.41564
8310001 1.41502
8320001 1.41353
8330001 1.41356
8340001 1.41269
8350001 1.41154
8360001 1.40978
8370001 1.40904
8380001 1.40807
8390001 1.40691
8400001 1.40568
8410001 1.40502
8420001 1.40384
8430001 1.40346
8440001 1.40184
8450001 1.40118
8460001 1.40008
8470001 1.39932
8480001 1.39745
8490001 1.39621
8500001 1.39579
8510001 1.3956
8520001 1.39535
8530001 1.39453
8540001 1.39279
8550001 1.39219
8560001 1.39113
8570001 1.38975
8580001 1.38916
8590001 1.38788
8600001 1.38723
8610001 1.3876
8620001 1.38616
8630001 1.3856
8640001 1.3853
8650001 1.3848
8660001 1.38382
8670001 1.38437
8680001 1.38324
8690001 1.3833
8700001 1.38294
8710001 1.38116
8720001 1.38082
8730001 1.37999
8740001 1.37958
8750001 1.37804
8760001 1.37709
8770001 1.37658
8780001 1.37547
8790001 1.37459
8800001 1.37438
8810001 1.37438
8820001 1.3734
8830001 1.37328
8840001 1.37285
8850001 1.37187
8860001 1.37115
8870001 1.37017
8880001 1.36927
8890001 1.36817
8900001 1.36744
8910001 1.3674
8920001 1.36607
8930001 1.3653
8940001 1.36481
8950001 1.3639
8960001 1.36219
8970001 1.36281
8980001 1.36178
8990001 1.36118
9000001 1.36103
9010001 1.36005
9020001 1.35835
9030001 1.35733
9040001 1.35667
9050001 1.35616
9060001 1.35515
9070001 1.35443
9080001 1.35397
9090001 1.35191
9100001 1.35108
9110001 1.34999
9120001 1.34876
9130001 1.34768
9140001 1.34707
9150001 1.34654
9160001 1.34542
9170001 1.34427
9180001 1.3423
9190001 1.34211
9200001 1.34129
9210001 1.34128
9220001 1.34086
9230001 1.33963
9240001 1.33867
9250001 1.33899
9260001 1.33762
9270001 1.33782
9280001 1.3368
9290001 1.33611
9300001 1.33519
9310001 1.33359
9320001 1.33296
9330001 1.33224
9340001 1.33232
9350001 1.3317
9360001 1.33049
9370001 1.32984
9380001 1.3291
9390001 1.32865
9400001 1.32838
9410001 1.32714
9420001 1.32645
9430001 1.32585
9440001 1.32618
9450001 1.32487
9460001 1.32383
9470001 1.32349
9480001 1.32227
9490001 1.32207
9500001 1.32062
9510001 1.31965
9520001 1.3189
9530001 1.31828
9540001 1.3176
9550001 1.31762
9560001 1.31782
9570001 1.31723
9580001 1.3165
9590001 1.31623
9600001 1.31511
9610001 1.31386
9620001 1.31327
9630001 1.31116
9640001 1.31166
9650001 1.31077
9660001 1.30996
9670001 1.30957
9680001 1.30849
9690001 1.3072
9700001 1.30668
9710001 1.30698
9720001 1.30735
9730001 1.30779
9740001 1.30703
9750001 1.30568
9760001 1.30581
9770001 1.30534
9780001 1.30454
9790001 1.30391
9800001 1.30362
9810001 1.30342
9820001 1.30275
9830001 1.30236
9840001 1.30188
9850001 1.30105
9860001 1.30158
9870001 1.30001
9880001 1.29915
9890001 1.29944
9900001 1.29973
9910001 1.29914
9920001 1.29812
9930001 1.29691
9940001 1.29596
9950001 1.29587
9960001 1.29512
9970001 1.29365
9980001 1.29374
9990001 1.29352
