1 935.191
10001 34.5946
20001 13.9647
30001 7.48499
40001 5.2812
50001 4.01642
60001 3.40502
70001 3.23484
80001 2.88223
90001 2.64805
100001 2.74944
110001 2.41236
120001 2.44053
130001 2.4205
140001 2.27134
150001 2.5794
160001 2.30577
170001 2.34272
180001 2.30754
190001 2.40612
200001 2.22045
210001 2.3173
220001 2.31066
230001 2.43912
240001 2.26985
250001 2.27606
260001 2.25957
270001 2.17008
280001 2.28229
290001 2.18977
300001 2.1966
310001 2.40306
320001 2.46613
330001 2.23288
340001 2.18098
350001 2.26038
360001 2.28618
370001 2.25587
380001 2.33174
390001 2.42133
400001 2.25126
410001 2.23052
420001 2.19502
430001 2.29042
440001 2.25605
450001 2.26054
460001 2.25473
470001 2.41552
480001 2.35925
490001 2.31781
500001 2.36258
510001 2.24703
520001 2.33965
530001 2.17134
540001 2.30556
550001 2.20273
560001 2.37544
570001 2.24238
580001 2.2353
590001 2.29256
600001 2.22133
610001 2.28149
620001 2.2511
630001 2.35024
640001 2.32504
650001 2.27035
660001 2.20144
670001 2.23226
680001 2.29697
690001 2.27047
700001 2.28434
710001 2.20635
720001 2.2668
730001 2.3594
740001 2.27288
750001 2.22404
760001 2.23464
770001 2.16939
780001 2.24368
790001 2.25155
800001 2.32001
810001 2.31054
820001 2.34549
830001 2.28623
840001 2.28306
850001 2.15135
860001 2.28184
870001 2.31763
880001 2.23568
890001 2.24752
900001 2.31003
910001 2.31159
920001 2.30876
930001 2.25159
940001 2.30368
950001 2.27889
960001 2.28786
970001 2.28237
980001 2.22769
990001 2.19778
1000001 2.23183
1010001 2.16642
1020001 2.30447
1030001 2.29185
1040001 2.2434
1050001 2.28269
1060001 2.17765
1070001 2.23642
1080001 2.32161
1090001 2.26822
1100001 2.27911
1110001 2.27699
1120001 2.19598
1130001 2.18409
1140001 2.38766
1150001 2.29262
1160001 2.34774
1170001 2.31952
1180001 2.25162
1190001 2.2677
1200001 2.25541
1210001 2.34526
1220001 2.14745
1230001 2.28155
1240001 2.33871
1250001 2.26658
1260001 2.22181
1270001 2.24257
1280001 2.29319
1290001 2.30071
1300001 2.34646
1310001 2.4421
1320001 2.3287
1330001 2.26845
1340001 2.33618
1350001 2.27152
1360001 2.27177
1370001 2.35811
1380001 2.33522
1390001 2.2137
1400001 2.19813
1410001 2.27224
1420001 2.14516
1430001 2.27356
1440001 2.25124
1450001 2.25152
1460001 2.32489
1470001 2.45223
1480001 2.23243
1490001 2.20722
1500001 2.23036
1510001 2.53433
1520001 2.27625
1530001 2.15192
1540001 2.26532
1550001 2.43883
1560001 2.21522
1570001 2.33186
1580001 2.26083
1590001 2.28229
1600001 2.33979
1610001 2.47621
1620001 2.31656
1630001 2.35015
1640001 2.2707
1650001 2.31647
1660001 2.51652
1670001 2.18417
1680001 2.16831
1690001 2.36347
1700001 2.26266
1710001 2.2903
1720001 2.3393
1730001 2.2842
1740001 2.1827
1750001 2.18073
1760001 2.33009
1770001 2.37618
1780001 2.29778
1790001 2.25419
1800001 2.37955
1810001 2.37356
1820001 2.29651
1830001 2.25069
1840001 2.33788
1850001 2.19991
1860001 2.36407
1870001 2.31281
1880001 2.28999
1890001 2.28571
1900001 2.33131
1910001 2.30229
1920001 2.22467
1930001 2.2695
1940001 2.22813
1950001 2.32933
1960001 2.32672
1970001 2.22322
1980001 2.21878
1990001 2.27601
2000001 2.35906
2010001 2.17505
2020001 2.32701
2030001 2.40864
2040001 2.26512
2050001 2.27713
2060001 2.40824
2070001 2.2246
2080001 2.51375
2090001 2.29774
2100001 2.15376
2110001 2.27238
2120001 2.26552
2130001 2.3446
2140001 2.29201
2150001 2.29495
2160001 2.32364
2170001 2.254
2180001 2.23209
2190001 2.28043
2200001 2.35655
2210001 2.17163
2220001 2.15518
2230001 2.26213
2240001 2.39426
2250001 2.33033
2260001 2.49188
2270001 2.23513
2280001 2.32663
2290001 2.27188
2300001 2.26594
2310001 2.25282
2320001 2.47546
2330001 2.36138
2340001 2.32063
2350001 2.19749
2360001 2.13642
2370001 2.22343
2380001 2.39402
2390001 2.25114
2400001 2.28345
2410001 2.17028
2420001 2.22764
2430001 2.2881
2440001 2.33309
2450001 2.27734
2460001 2.38117
2470001 2.34207
2480001 2.30308
2490001 2.42318
2500001 2.34148
2510001 2.29376
2520001 2.2687
2530001 2.4047
2540001 2.24703
2550001 2.30844
2560001 2.28087
2570001 2.22246
2580001 2.28446
2590001 2.24201
2600001 2.25024
2610001 2.30791
2620001 2.21566
2630001 2.39137
2640001 2.26027
2650001 2.30739
2660001 2.17593
2670001 2.33837
2680001 2.32149
2690001 2.26806
2700001 2.1755
2710001 2.26972
2720001 2.18137
2730001 2.23719
2740001 2.2824
2750001 2.21185
2760001 2.19138
2770001 2.22283
2780001 2.21517
2790001 2.3298
2800001 2.30377
2810001 2.26581
2820001 2.21684
2830001 2.29044
2840001 2.27525
2850001 2.24604
2860001 2.27761
2870001 2.17343
2880001 2.2093
2890001 2.36776
2900001 2.28456
2910001 2.33562
2920001 2.285
2930001 2.21053
2940001 2.29477
2950001 2.26058
2960001 2.21387
2970001 2.19216
2980001 2.41859
2990001 2.30324
3000001 2.27751
3010001 2.21308
3020001 2.63207
3030001 2.23787
3040001 2.28536
3050001 2.29062
3060001 2.31136
3070001 2.31628
3080001 2.25581
3090001 2.19663
3100001 2.29632
3110001 2.4128
3120001 2.22442
3130001 2.22903
3140001 2.22237
3150001 2.26994
3160001 2.28689
3170001 2.26008
3180001 2.25324
3190001 2.19487
3200001 2.34135
3210001 2.22548
3220001 2.21407
3230001 2.23394
3240001 2.26662
3250001 2.28279
3260001 2.17547
3270001 2.50599
3280001 2.34441
3290001 2.37247
3300001 2.28196
3310001 2.35328
3320001 2.29065
3330001 2.34526
3340001 2.2132
3350001 2.32762
3360001 2.29621
3370001 2.32388
3380001 2.32292
3390001 2.2843
3400001 2.25051
3410001 2.25181
3420001 2.40105
3430001 2.23061
3440001 2.30181
3450001 2.26562
3460001 2.22654
3470001 2.21795
3480001 2.37661
3490001 2.30798
3500001 2.18008
3510001 2.16669
3520001 2.25678
3530001 2.2558
3540001 2.31774
3550001 2.23074
3560001 2.22115
3570001 2.36367
3580001 2.27904
3590001 2.47576
3600001 2.3684
3610001 2.21791
3620001 2.2133
3630001 2.21385
3640001 2.25737
3650001 2.362
3660001 2.38156
3670001 2.18486
3680001 2.18779
3690001 2.15326
3700001 2.39173
3710001 2.30603
3720001 2.29994
3730001 2.26259
3740001 2.22652
3750001 2.42018
3760001 2.20568
3770001 2.34513
3780001 2.31959
3790001 2.32765
3800001 2.31322
3810001 2.30185
3820001 2.24387
3830001 2.38673
3840001 2.2942
3850001 2.31245
3860001 2.16979
3870001 2.50694
3880001 2.49048
3890001 2.25273
3900001 2.25239
3910001 2.17289
3920001 2.27176
3930001 2.3433
3940001 2.27837
3950001 2.20417
3960001 2.29085
3970001 2.26201
3980001 2.41092
3990001 2.20939
4000001 2.29148
4010001 2.37897
4020001 2.37427
4030001 2.39599
4040001 2.22404
4050001 2.2583
4060001 2.30728
4070001 2.30294
4080001 2.24676
4090001 2.20164
4100001 2.32757
4110001 2.34004
4120001 2.3822
4130001 2.23234
4140001 2.2345
4150001 2.31263
4160001 2.33439
4170001 2.35063
4180001 2.23767
4190001 2.22536
4200001 2.17766
4210001 2.31012
4220001 2.48703
4230001 2.36111
4240001 2.24587
4250001 2.26193
4260001 2.23977
4270001 2.23895
4280001 2.471
4290001 2.26314
4300001 2.16643
4310001 2.27914
4320001 2.29673
4330001 2.26031
4340001 2.17368
4350001 2.31407
4360001 2.26802
4370001 2.24501
4380001 2.50669
4390001 2.23753
4400001 2.27213
4410001 2.3226
4420001 2.33237
4430001 2.28474
4440001 2.41024
4450001 2.3004
4460001 2.34406
4470001 2.1958
4480001 2.3263
4490001 2.16061
4500001 2.41733
4510001 2.41948
4520001 2.2169
4530001 2.24586
4540001 2.35393
4550001 2.4108
4560001 2.22031
4570001 2.27706
4580001 2.32097
4590001 2.27089
4600001 2.21761
4610001 2.21758
4620001 2.26843
4630001 2.29756
4640001 2.27492
4650001 2.19185
4660001 2.28057
4670001 2.32698
4680001 2.28685
4690001 2.38349
4700001 2.36314
4710001 2.24025
4720001 2.39823
4730001 2.25153
4740001 2.3009
4750001 2.36962
4760001 2.37823
4770001 2.21632
4780001 2.36621
4790001 2.28535
4800001 2.16412
4810001 2.50052
4820001 2.36375
4830001 2.29847
4840001 2.2699
4850001 2.18268
4860001 2.27894
4870001 2.36834
4880001 2.29692
4890001 2.33394
4900001 2.45973
4910001 2.22128
4920001 2.26959
4930001 2.20957
4940001 2.18332
4950001 2.33869
4960001 2.2341
4970001 2.31305
4980001 2.32214
4990001 2.32185
5000001 2.19924
5010001 2.20983
5020001 2.20914
5030001 2.34726
5040001 2.18835
5050001 2.36337
5060001 2.38195
5070001 2.21674
5080001 2.5019
5090001 2.31991
5100001 2.44642
5110001 2.24235
5120001 2.24612
5130001 2.4198
5140001 2.44637
5150001 2.48591
5160001 2.21604
5170001 2.24633
5180001 2.32056
5190001 2.20151
5200001 2.27989
5210001 2.27607
5220001 2.21171
5230001 2.39859
5240001 2.37996
5250001 2.23193
5260001 2.25419
5270001 2.23075
5280001 2.38418
5290001 2.2431
5300001 2.28404
5310001 2.58135
5320001 2.21309
5330001 2.38708
5340001 2.25199
5350001 2.32842
5360001 2.26827
5370001 2.34574
5380001 2.27921
5390001 2.29669
5400001 2.17527
5410001 2.29525
5420001 2.21208
5430001 2.2726
5440001 2.2146
5450001 2.24218
5460001 2.43945
5470001 2.32543
5480001 2.3103
5490001 2.28386
5500001 2.19525
5510001 2.34149
5520001 2.26809
5530001 2.25076
5540001 2.37042
5550001 2.28851
5560001 2.18524
5570001 2.31112
5580001 2.20851
5590001 2.31314
5600001 2.38663
5610001 2.34054
5620001 2.23069
5630001 2.22406
5640001 2.28479
5650001 2.27603
5660001 2.28045
5670001 2.2933
5680001 2.29413
5690001 2.28175
5700001 2.11911
5710001 2.31471
5720001 2.25746
5730001 2.23494
5740001 2.24347
5750001 2.20982
5760001 2.25375
5770001 2.42447
5780001 2.1621
5790001 2.22867
5800001 2.4285
5810001 2.22785
5820001 2.17085
5830001 2.28642
5840001 2.33435
5850001 2.23397
5860001 2.31362
5870001 2.21914
5880001 2.4593
5890001 2.1858
5900001 2.3532
5910001 2.22561
5920001 2.24931
5930001 2.23415
5940001 2.14567
5950001 2.2446
5960001 2.37764
5970001 2.21684
5980001 2.32983
5990001 2.41104
6000001 2.30647
6010001 2.27259
6020001 2.34623
6030001 2.15752
6040001 2.31016
6050001 2.21839
6060001 2.24125
6070001 2.35378
6080001 2.37949
6090001 2.25572
6100001 2.24509
6110001 2.28139
6120001 2.37703
6130001 2.26176
6140001 2.17032
6150001 2.255
6160001 2.3751
6170001 2.29503
6180001 2.22735
6190001 2.36507
6200001 2.39051
6210001 2.20295
6220001 2.22508
6230001 2.21749
6240001 2.28885
6250001 2.11587
6260001 2.58533
6270001 2.20257
6280001 2.47136
6290001 2.27013
6300001 2.36548
6310001 2.32115
6320001 2.2653
6330001 2.31156
6340001 2.34738
6350001 2.31945
6360001 2.32361
6370001 2.1425
6380001 2.21862
6390001 2.46395
6400001 2.28452
6410001 2.2045
6420001 2.21753
6430001 2.26667
6440001 2.2826
6450001 2.28358
6460001 2.28723
6470001 2.36567
6480001 2.32115
6490001 2.26272
6500001 2.31785
6510001 2.37172
6520001 2.25772
6530001 2.31896
6540001 2.2578
6550001 2.28122
6560001 2.25834
6570001 2.21914
6580001 2.28893
6590001 2.30749
6600001 2.49081
6610001 2.29381
6620001 2.18399
6630001 2.31373
6640001 2.14322
6650001 2.26881
6660001 2.36596
6670001 2.2866
6680001 2.25291
6690001 2.39431
6700001 2.40382
6710001 2.3116
6720001 2.23155
6730001 2.22609
6740001 2.25009
6750001 2.28764
6760001 2.25073
6770001 2.2712
6780001 2.21224
6790001 2.19826
6800001 2.2868
6810001 2.46761
6820001 2.27231
6830001 2.39956
6840001 2.21876
6850001 2.20472
6860001 2.33576
6870001 2.37314
6880001 2.29412
6890001 2.24994
6900001 2.28299
6910001 2.4789
6920001 2.24365
6930001 2.24069
6940001 2.23061
6950001 2.38605
6960001 2.28548
6970001 2.23971
6980001 2.27964
6990001 2.19838
7000001 2.34271
7010001 2.254
7020001 2.33776
7030001 2.35549
7040001 2.31603
7050001 2.29004
7060001 2.15941
7070001 2.54201
7080001 2.33024
7090001 2.21197
7100001 2.29412
7110001 2.34089
7120001 2.29118
7130001 2.36881
7140001 2.30234
7150001 2.25079
7160001 2.26668
7170001 2.30594
7180001 2.38068
7190001 2.26093
7200001 2.22926
7210001 2.28741
7220001 2.18155
7230001 2.37736
7240001 2.19226
7250001 2.21691
7260001 2.28763
7270001 2.31392
7280001 2.24241
7290001 2.22707
7300001 2.26342
7310001 2.38514
7320001 2.27616
7330001 2.242
7340001 2.24271
7350001 2.3251
7360001 2.25806
7370001 2.62012
7380001 2.33866
7390001 2.27204
7400001 2.43225
7410001 2.34409
7420001 2.24111
7430001 2.21392
7440001 2.2207
7450001 2.29853
7460001 2.25412
7470001 2.33755
7480001 2.46498
7490001 2.22862
7500001 2.31055
7510001 2.15463
7520001 2.26295
7530001 2.30968
7540001 2.22793
7550001 2.29342
7560001 2.35259
7570001 2.33307
7580001 2.25742
7590001 2.34394
7600001 2.37508
7610001 2.21564
7620001 2.41154
7630001 2.35369
7640001 2.28577
7650001 2.25724
7660001 2.29267
7670001 2.20497
7680001 2.16613
7690001 2.2247
7700001 2.20972
7710001 2.21971
7720001 2.21415
7730001 2.30115
7740001 2.21666
7750001 2.35046
7760001 2.26977
7770001 2.21185
7780001 2.21254
7790001 2.19703
7800001 2.52064
7810001 2.42543
7820001 2.19728
7830001 2.3124
7840001 2.20026
7850001 2.26697
7860001 2.31381
7870001 2.56769
7880001 2.36984
7890001 2.265
7900001 2.24199
7910001 2.23478
7920001 2.27349
7930001 2.19895
7940001 2.34802
7950001 2.23181
7960001 2.34599
7970001 2.2451
7980001 2.28028
7990001 2.24313
8000001 2.32644
8010001 2.18696
8020001 2.28771
8030001 2.28545
8040001 2.30196
8050001 2.29673
8060001 2.32625
8070001 2.19876
8080001 2.24646
8090001 2.25579
8100001 2.3185
8110001 2.28938
8120001 2.35722
8130001 2.18677
8140001 2.22882
8150001 2.41007
8160001 2.38621
8170001 2.27696
8180001 2.27167
8190001 2.31057
8200001 2.28266
8210001 2.33453
8220001 2.21213
8230001 2.18323
8240001 2.27647
8250001 2.27798
8260001 2.19518
8270001 2.34834
8280001 2.33261
8290001 2.29637
8300001 2.21082
8310001 2.27203
8320001 2.36628
8330001 2.51383
8340001 2.45063
8350001 2.31262
8360001 2.24488
8370001 2.30395
8380001 2.42442
8390001 2.18982
8400001 2.23939
8410001 2.36322
8420001 2.35844
8430001 2.28151
8440001 2.33646
8450001 2.32343
8460001 2.35653
8470001 2.45508
8480001 2.37754
8490001 2.28455
8500001 2.28355
8510001 2.2325
8520001 2.24891
8530001 2.22228
8540001 2.30572
8550001 2.41533
8560001 2.30551
8570001 2.28267
8580001 2.25682
8590001 2.46993
8600001 2.25707
8610001 2.2218
8620001 2.23256
8630001 2.31726
8640001 2.21026
8650001 2.32064
8660001 2.18623
8670001 2.21392
8680001 2.35925
8690001 2.24192
8700001 2.3226
8710001 2.27777
8720001 2.3402
8730001 2.26023
8740001 2.20076
8750001 2.25678
8760001 2.33816
8770001 2.23713
8780001 2.19931
8790001 2.5415
8800001 2.32872
8810001 2.39377
8820001 2.30766
8830001 2.40396
8840001 2.3199
8850001 2.34158
8860001 2.24347
8870001 2.37975
8880001 2.25919
8890001 2.32716
8900001 2.35772
8910001 2.1992
8920001 2.34668
8930001 2.22236
8940001 2.26753
8950001 2.37227
8960001 2.23773
8970001 2.26564
8980001 2.30803
8990001 2.31251
9000001 2.24785
9010001 2.27654
9020001 2.37911
9030001 2.30719
9040001 2.29659
9050001 2.32666
9060001 2.32971
9070001 2.35744
9080001 2.31061
9090001 2.21407
9100001 2.29424
9110001 2.23455
9120001 2.23528
9130001 2.27619
9140001 2.27742
9150001 2.29835
9160001 2.38792
9170001 2.29053
9180001 2.3802
9190001 2.19609
9200001 2.27407
9210001 2.31364
9220001 2.27433
9230001 2.25501
9240001 2.33524
9250001 2.30736
9260001 2.27212
9270001 2.27391
9280001 2.18318
9290001 2.32596
9300001 2.26572
9310001 2.24143
9320001 2.38086
9330001 2.24986
9340001 2.2534
9350001 2.2265
9360001 2.26286
9370001 2.34764
9380001 2.35595
9390001 2.2363
9400001 2.26745
9410001 2.26185
9420001 2.28543
9430001 2.1662
9440001 2.2813
9450001 2.22394
9460001 2.35589
9470001 2.27367
9480001 2.27129
9490001 2.30045
9500001 2.37161
9510001 2.20252
9520001 2.28464
9530001 2.31467
9540001 2.40862
9550001 2.25454
9560001 2.19182
9570001 2.36778
9580001 2.44842
9590001 2.31827
9600001 2.25072
9610001 2.40625
9620001 2.23775
9630001 2.26534
9640001 2.15456
9650001 2.29945
9660001 2.27214
9670001 2.33509
9680001 2.25763
9690001 2.40361
9700001 2.32591
9710001 2.17736
9720001 2.34318
9730001 2.3152
9740001 2.15393
9750001 2.37176
9760001 2.53868
9770001 2.3421
9780001 2.41889
9790001 2.2305
9800001 2.15671
9810001 2.30911
9820001 2.25554
9830001 2.41646
9840001 2.34493
9850001 2.33423
9860001 2.30372
9870001 2.31853
9880001 2.21516
9890001 2.24015
9900001 2.43205
9910001 2.37713
9920001 2.31496
9930001 2.32558
9940001 2.3209
9950001 2.33393
9960001 2.36777
9970001 2.28326
9980001 2.2709
9990001 2.26878
10000001 2.3997
10010001 2.20779
10020001 2.37065
10030001 2.31005
10040001 2.35091
10050001 2.22797
10060001 2.25198
10070001 2.37006
10080001 2.23468
10090001 2.34141
10100001 2.36964
10110001 2.26684
10120001 2.36214
10130001 2.22347
10140001 2.17284
10150001 2.30839
10160001 2.20637
10170001 2.22725
10180001 2.29585
10190001 2.4261
10200001 2.30928
10210001 2.27105
10220001 2.34437
10230001 2.23827
10240001 2.28761
10250001 2.38191
10260001 2.28503
10270001 2.2507
10280001 2.36563
10290001 2.33424
10300001 2.26958
10310001 2.34257
10320001 2.20765
10330001 2.30167
10340001 2.49813
10350001 2.39941
10360001 2.32558
10370001 2.28722
10380001 2.40941
10390001 2.30695
10400001 2.42169
10410001 2.26009
10420001 2.36732
10430001 2.24568
10440001 2.22302
10450001 2.28198
10460001 2.31722
10470001 2.28573
10480001 2.23677
10490001 2.21978
10500001 2.3133
10510001 2.28056
10520001 2.33104
10530001 2.2906
10540001 2.19882
10550001 2.26753
10560001 2.25866
10570001 2.33326
10580001 2.35035
10590001 2.35361
10600001 2.39195
10610001 2.36138
10620001 2.2384
10630001 2.38068
10640001 2.27062
10650001 2.32674
10660001 2.26916
10670001 2.3389
10680001 2.27754
10690001 2.21128
10700001 2.28273
10710001 2.2368
10720001 2.26951
10730001 2.28137
10740001 2.33748
10750001 2.36767
10760001 2.28309
10770001 2.30551
10780001 2.24226
10790001 2.24514
10800001 2.23016
10810001 2.32978
10820001 2.17832
10830001 2.23225
10840001 2.25452
10850001 2.24678
10860001 2.32024
10870001 2.32574
10880001 2.24765
10890001 2.32272
10900001 2.31392
10910001 2.18062
10920001 2.27058
10930001 2.19118
10940001 2.32617
10950001 2.34046
10960001 2.36926
10970001 2.26292
10980001 2.3786
10990001 2.20566
11000001 2.35955
11010001 2.29288
11020001 2.24291
11030001 2.20332
11040001 2.24439
11050001 2.2284
11060001 2.27531
11070001 2.32323
11080001 2.26094
11090001 2.29227
11100001 2.20034
11110001 2.11461
11120001 2.2026
11130001 2.27447
11140001 2.20603
11150001 2.22965
11160001 2.37346
11170001 2.34385
11180001 2.28433
11190001 2.29687
11200001 2.22655
11210001 2.29039
11220001 2.19119
11230001 2.26649
11240001 2.24916
11250001 2.28819
11260001 2.21062
11270001 2.35736
11280001 2.19082
11290001 2.25442
11300001 2.36106
11310001 2.1927
11320001 2.36322
11330001 2.3896
11340001 2.23205
11350001 2.40802
11360001 2.44138
11370001 2.18008
11380001 2.33772
11390001 2.18565
11400001 2.33244
11410001 2.20264
11420001 2.2702
11430001 2.37961
11440001 2.27361
11450001 2.29421
11460001 2.22109
11470001 2.29351
11480001 2.28704
11490001 2.40729
11500001 2.25076
11510001 2.49842
11520001 2.29568
11530001 2.26021
11540001 2.38675
11550001 2.19587
11560001 2.2634
11570001 2.27016
11580001 2.16263
11590001 2.29035
11600001 2.24416
11610001 2.30408
11620001 2.311
11630001 2.51719
11640001 2.41276
11650001 2.28
11660001 2.24
11670001 2.33726
11680001 2.34205
11690001 2.25757
11700001 2.21875
11710001 2.27181
11720001 2.35776
11730001 2.22034
11740001 2.53927
11750001 2.29722
11760001 2.21665
11770001 2.22629
11780001 2.31834
11790001 2.22317
11800001 2.29499
11810001 2.33044
11820001 2.24972
11830001 2.26597
11840001 2.29145
11850001 2.31981
11860001 2.39394
11870001 2.35055
11880001 2.26691
11890001 2.23742
11900001 2.36756
11910001 2.22781
11920001 2.24463
11930001 2.41634
11940001 2.25072
11950001 2.29887
11960001 2.29806
11970001 2.31221
11980001 2.27852
11990001 2.50329
12000001 2.26246
12010001 2.3013
12020001 2.31728
12030001 2.31791
12040001 2.24582
12050001 2.26302
12060001 2.21149
12070001 2.3393
12080001 2.28939
12090001 2.33776
12100001 2.29967
12110001 2.18529
12120001 2.32815
12130001 2.46067
12140001 2.2608
12150001 2.25931
12160001 2.1816
12170001 2.24483
12180001 2.16432
12190001 2.42003
12200001 2.24859
12210001 2.12264
12220001 2.25567
12230001 2.39153
12240001 2.25943
12250001 2.38004
12260001 2.26223
12270001 2.14692
12280001 2.33482
12290001 2.37651
12300001 2.33874
12310001 2.26747
12320001 2.3632
12330001 2.36301
12340001 2.30483
12350001 2.25697
12360001 2.29708
12370001 2.18509
12380001 2.50697
12390001 2.28404
12400001 2.32403
12410001 2.32849
12420001 2.27268
12430001 2.27266
12440001 2.25047
12450001 2.21742
12460001 2.2134
12470001 2.30765
12480001 2.24303
12490001 2.22862
12500001 2.30413
12510001 2.25313
12520001 2.27535
12530001 2.31956
12540001 2.14284
12550001 2.31126
12560001 2.28229
12570001 2.28589
12580001 2.44423
12590001 2.3717
12600001 2.29184
12610001 2.18809
12620001 2.38834
12630001 2.24161
12640001 2.18623
12650001 2.29628
12660001 2.30737
12670001 2.31066
12680001 2.35654
12690001 2.25999
12700001 2.24315
12710001 2.22775
12720001 2.24263
12730001 2.31189
12740001 2.33164
12750001 2.42695
12760001 2.31519
12770001 2.19462
12780001 2.35485
12790001 2.23084
12800001 2.19723
12810001 2.25784
12820001 2.30794
12830001 2.36
12840001 2.42566
12850001 2.4669
12860001 2.12941
12870001 2.49423
12880001 2.55599
12890001 2.34356
12900001 2.22183
12910001 2.29721
12920001 2.22258
12930001 2.21741
12940001 2.30129
12950001 2.28649
12960001 2.27335
12970001 2.42135
12980001 2.20758
12990001 2.28413
13000001 2.26883
13010001 2.27364
13020001 2.36149
13030001 2.31932
13040001 2.56445
13050001 2.23158
13060001 2.30821
13070001 2.17888
13080001 2.22466
13090001 2.27344
13100001 2.23605
13110001 2.13302
13120001 2.41777
13130001 2.20988
13140001 2.29849
13150001 2.37823
13160001 2.23946
13170001 2.28709
13180001 2.30875
13190001 2.2699
13200001 2.31418
13210001 2.36496
13220001 2.21768
13230001 2.2426
13240001 2.29831
13250001 2.24515
13260001 2.28628
13270001 2.36768
13280001 2.31472
13290001 2.17165
13300001 2.23383
13310001 2.28101
13320001 2.259
13330001 2.37371
13340001 2.48727
13350001 2.38741
13360001 2.24013
13370001 2.39828
13380001 2.23486
13390001 2.21985
13400001 2.3146
13410001 2.25362
13420001 2.27246
13430001 2.33255
13440001 2.26687
13450001 2.24927
13460001 2.50019
13470001 2.23966
13480001 2.30684
13490001 2.24269
13500001 2.23348
13510001 2.22344
13520001 2.48228
13530001 2.27924
13540001 2.24292
13550001 2.23918
13560001 2.28622
13570001 2.26457
13580001 2.15772
13590001 2.23249
13600001 2.35005
13610001 2.21676
13620001 2.3849
13630001 2.2157
13640001 2.32693
13650001 2.39976
13660001 2.40612
13670001 2.30616
13680001 2.26758
13690001 2.53209
13700001 2.34595
13710001 2.35944
13720001 2.26566
13730001 2.27667
13740001 2.30408
13750001 2.37311
13760001 2.26173
13770001 2.29391
13780001 2.20482
13790001 2.2004
13800001 2.16499
13810001 2.34922
13820001 2.25372
13830001 2.20066
13840001 2.25613
13850001 2.30588
13860001 2.27578
13870001 2.32496
13880001 2.37879
13890001 2.31769
13900001 2.29132
13910001 2.2357
13920001 2.22784
13930001 2.35666
13940001 2.37015
13950001 2.20949
13960001 2.35037
13970001 2.34246
13980001 2.37817
13990001 2.28026
14000001 2.18062
14010001 2.29452
14020001 2.31853
14030001 2.23506
14040001 2.37702
14050001 2.17842
14060001 2.37093
14070001 2.29115
14080001 2.27626
14090001 2.2746
14100001 2.25355
14110001 2.16867
14120001 2.30975
14130001 2.44154
14140001 2.23237
14150001 2.27283
14160001 2.50822
14170001 2.23666
14180001 2.27435
14190001 2.30574
14200001 2.30493
14210001 2.38369
14220001 2.22121
14230001 2.28386
14240001 2.30083
14250001 2.24216
14260001 2.36397
14270001 2.36335
14280001 2.32582
14290001 2.24673
14300001 2.30462
14310001 2.34615
14320001 2.39627
14330001 2.42686
14340001 2.26254
14350001 2.39381
14360001 2.23044
14370001 2.39878
14380001 2.30266
14390001 2.24838
14400001 2.34264
14410001 2.27026
14420001 2.26369
14430001 2.44774
14440001 2.33777
14450001 2.19511
14460001 2.41385
14470001 2.27718
14480001 2.27467
14490001 2.30666
14500001 2.26984
14510001 2.27342
14520001 2.26986
14530001 2.24573
14540001 2.17595
14550001 2.24813
14560001 2.19649
14570001 2.3809
14580001 2.2067
14590001 2.18778
14600001 2.45061
14610001 2.30819
14620001 2.2579
14630001 2.39635
14640001 2.16635
14650001 2.2487
14660001 2.32214
14670001 2.28887
14680001 2.37175
14690001 2.30194
14700001 2.20276
14710001 2.27617
14720001 2.33003
14730001 2.27831
14740001 2.41489
14750001 2.33147
14760001 2.32124
14770001 2.29357
14780001 2.42437
14790001 2.27544
14800001 2.22199
14810001 2.19771
14820001 2.37803
14830001 2.28387
14840001 2.19379
14850001 2.31931
14860001 2.23785
14870001 2.29976
14880001 2.21657
14890001 2.18865
14900001 2.31316
14910001 2.2309
14920001 2.29315
14930001 2.31512
14940001 2.32712
14950001 2.29422
14960001 2.2336
14970001 2.32905
14980001 2.31791
14990001 2.35416
15000001 2.23805
15010001 2.29747
15020001 2.28187
15030001 2.25054
15040001 2.21689
15050001 2.16614
15060001 2.53724
15070001 2.43471
15080001 2.21944
15090001 2.31676
15100001 2.26595
15110001 2.2865
15120001 2.25032
15130001 2.17347
15140001 2.33351
15150001 2.26222
15160001 2.23704
15170001 2.18837
15180001 2.2813
15190001 2.27324
15200001 2.35646
15210001 2.2923
15220001 2.35542
15230001 2.27226
15240001 2.31577
15250001 2.25795
15260001 2.28649
15270001 2.18576
15280001 2.24243
15290001 2.30554
15300001 2.225
15310001 2.29354
15320001 2.28882
15330001 2.27905
15340001 2.31014
15350001 2.35094
15360001 2.25178
15370001 2.32288
15380001 2.36577
15390001 2.3065
15400001 2.20607
15410001 2.37784
15420001 2.18479
15430001 2.20285
15440001 2.29226
15450001 2.22374
15460001 2.26018
15470001 2.27932
15480001 2.22645
15490001 2.18023
15500001 2.40155
15510001 2.29757
15520001 2.31025
15530001 2.19898
15540001 2.21396
15550001 2.20815
15560001 2.32429
15570001 2.35272
15580001 2.29176
15590001 2.30387
15600001 2.51316
15610001 2.26635
15620001 2.41298
15630001 2.3554
15640001 2.28794
15650001 2.26952
15660001 2.20195
15670001 2.34416
15680001 2.2532
15690001 2.66994
15700001 2.32907
15710001 2.27643
15720001 2.32522
15730001 2.21153
15740001 2.25333
15750001 2.23053
15760001 2.18667
15770001 2.38103
15780001 2.26927
15790001 2.32229
15800001 2.2357
15810001 2.33123
15820001 2.30718
15830001 2.30121
15840001 2.29826
15850001 2.26274
15860001 2.30011
15870001 2.31231
15880001 2.35695
15890001 2.31714
15900001 2.32166
15910001 2.31956
15920001 2.25741
15930001 2.20543
15940001 2.2773
15950001 2.30357
15960001 2.31376
15970001 2.26605
15980001 2.26471
15990001 2.35455
16000001 2.21854
16010001 2.32797
16020001 2.34291
16030001 2.1712
16040001 2.19389
16050001 2.10231
16060001 2.34342
16070001 2.40154
16080001 2.2162
16090001 2.24196
16100001 2.17923
16110001 2.25546
16120001 2.40403
16130001 2.39907
16140001 2.22112
16150001 2.31744
16160001 2.22503
16170001 2.33099
16180001 2.31353
16190001 2.17705
16200001 2.29379
16210001 2.32226
16220001 2.25758
16230001 2.34227
16240001 2.34359
16250001 2.23612
16260001 2.32468
16270001 2.23833
16280001 2.39878
16290001 2.37806
16300001 2.33355
16310001 2.22518
16320001 2.23875
16330001 2.37189
16340001 2.29114
16350001 2.31483
16360001 2.18795
16370001 2.21861
16380001 2.24311
16390001 2.22246
16400001 2.41435
16410001 2.33318
16420001 2.29944
16430001 2.1745
16440001 2.208
16450001 2.22636
16460001 2.24194
16470001 2.48547
16480001 2.17533
16490001 2.32046
16500001 2.38181
16510001 2.2338
16520001 2.22679
16530001 2.18616
16540001 2.24683
16550001 2.24689
16560001 2.32004
16570001 2.25883
16580001 2.29931
16590001 2.37264
16600001 2.33052
16610001 2.25508
16620001 2.29249
16630001 2.2776
16640001 2.22255
16650001 2.41092
16660001 2.40583
16670001 2.27538
16680001 2.31027
16690001 2.20724
16700001 2.19822
16710001 2.41805
16720001 2.29257
16730001 2.47085
16740001 2.25532
16750001 2.2243
16760001 2.2447
16770001 2.32354
16780001 2.17807
16790001 2.29373
16800001 2.27309
16810001 2.30121
16820001 2.22237
16830001 2.32567
16840001 2.24012
16850001 2.20503
16860001 2.23351
16870001 2.39344
16880001 2.3444
16890001 2.34598
16900001 2.30376
16910001 2.36657
16920001 2.30365
16930001 2.4884
16940001 2.16638
16950001 2.21775
16960001 2.30801
16970001 2.25657
16980001 2.334
16990001 2.45557
17000001 2.13942
17010001 2.48932
17020001 2.22581
17030001 2.3327
17040001 2.23288
17050001 2.36852
17060001 2.2708
17070001 2.4238
17080001 2.27627
17090001 2.2716
17100001 2.24851
17110001 2.29542
17120001 2.39165
17130001 2.2137
17140001 2.40416
17150001 2.2977
17160001 2.34593
17170001 2.56034
17180001 2.2806
17190001 2.25266
17200001 2.32264
17210001 2.26397
17220001 2.2427
17230001 2.35058
17240001 2.39005
17250001 2.24136
17260001 2.25904
17270001 2.28772
17280001 2.21714
17290001 2.3575
17300001 2.31787
17310001 2.30004
17320001 2.19468
17330001 2.1145
17340001 2.35989
17350001 2.33599
17360001 2.27033
17370001 2.20265
17380001 2.32952
17390001 2.3186
17400001 2.2501
17410001 2.29549
17420001 2.45255
17430001 2.28632
17440001 2.23951
17450001 2.20729
17460001 2.32075
17470001 2.38686
17480001 2.18871
17490001 2.24914
17500001 2.36911
17510001 2.22246
17520001 2.48681
17530001 2.28502
17540001 2.3191
17550001 2.38897
17560001 2.31005
17570001 2.40331
17580001 2.23392
17590001 2.26889
17600001 2.23936
17610001 2.49369
17620001 2.27632
17630001 2.16175
17640001 2.19783
17650001 2.15501
17660001 2.2722
17670001 2.20242
17680001 2.2092
17690001 2.28994
17700001 2.46102
17710001 2.24297
17720001 2.45332
17730001 2.34526
17740001 2.34143
17750001 2.22613
17760001 2.2764
17770001 2.34575
17780001 2.2384
17790001 2.23864
17800001 2.31754
17810001 2.26606
17820001 2.28849
17830001 2.40641
17840001 2.207
17850001 2.29636
17860001 2.18757
17870001 2.35712
17880001 2.33039
17890001 2.24551
17900001 2.40258
17910001 2.27644
17920001 2.28913
17930001 2.25117
17940001 2.49635
17950001 2.2862
17960001 2.13844
17970001 2.27873
17980001 2.4464
17990001 2.26163
18000001 2.27379
18010001 2.32107
18020001 2.32566
18030001 2.19471
18040001 2.3149
18050001 2.22453
18060001 2.2318
18070001 2.29882
18080001 2.46555
18090001 2.29639
18100001 2.22589
18110001 2.362
18120001 2.36548
18130001 2.3076
18140001 2.25156
18150001 2.18758
18160001 2.41885
18170001 2.27247
18180001 2.22622
18190001 2.33623
18200001 2.32124
18210001 2.36041
18220001 2.50766
18230001 2.24966
18240001 2.29635
18250001 2.24242
18260001 2.30301
18270001 2.24988
18280001 2.25978
18290001 2.23191
18300001 2.23533
18310001 2.37153
18320001 2.20171
18330001 2.23089
18340001 2.22785
18350001 2.40429
18360001 2.40235
18370001 2.2822
18380001 2.23124
18390001 2.29762
18400001 2.21295
18410001 2.41141
18420001 2.35004
18430001 2.31829
18440001 2.25777
18450001 2.33049
18460001 2.15155
18470001 2.1908
18480001 2.29693
18490001 2.21576
18500001 2.40472
18510001 2.16188
18520001 2.23955
18530001 2.2603
18540001 2.31502
18550001 2.35281
18560001 2.32153
18570001 2.29895
18580001 2.3219
18590001 2.22494
18600001 2.35104
18610001 2.27484
18620001 2.3513
18630001 2.37272
18640001 2.28927
18650001 2.28027
18660001 2.46415
18670001 2.4764
18680001 2.18084
18690001 2.29031
18700001 2.29979
18710001 2.3761
18720001 2.40764
18730001 2.24708
18740001 2.20367
18750001 2.24142
18760001 2.24076
18770001 2.2545
18780001 2.38207
18790001 2.34831
18800001 2.43954
18810001 2.36706
18820001 2.37368
18830001 2.18455
18840001 2.31198
18850001 2.18468
18860001 2.2914
18870001 2.33026
18880001 2.29216
18890001 2.24546
18900001 2.20188
18910001 2.24628
18920001 2.22504
18930001 2.27211
18940001 2.25044
18950001 2.24251
18960001 2.30252
18970001 2.43844
18980001 2.28424
18990001 2.38276
19000001 2.27297
19010001 2.16493
19020001 2.27926
19030001 2.22806
19040001 2.23479
19050001 2.27917
19060001 2.26903
19070001 2.30348
19080001 2.30072
19090001 2.32276
19100001 2.22069
19110001 2.17529
19120001 2.26126
19130001 2.37594
19140001 2.14411
19150001 2.35806
19160001 2.23695
19170001 2.34076
19180001 2.25433
19190001 2.19854
19200001 2.37107
19210001 2.2807
19220001 2.25821
19230001 2.27375
19240001 2.30279
19250001 2.22334
19260001 2.32942
19270001 2.26657
19280001 2.30603
19290001 2.30969
19300001 2.27534
19310001 2.32719
19320001 2.2639
19330001 2.25896
19340001 2.30417
19350001 2.3192
19360001 2.24416
19370001 2.19638
19380001 2.22006
19390001 2.23967
19400001 2.21605
19410001 2.30821
19420001 2.31942
19430001 2.35629
19440001 2.37455
19450001 2.47848
19460001 2.47589
19470001 2.22613
19480001 2.26995
19490001 2.33769
19500001 2.2608
19510001 2.30462
19520001 2.32902
19530001 2.25121
19540001 2.27852
19550001 2.2671
19560001 2.2397
19570001 2.27399
19580001 2.21868
19590001 2.30457
19600001 2.18649
19610001 2.32043
19620001 2.42174
19630001 2.35876
19640001 2.30428
19650001 2.26851
19660001 2.30809
19670001 2.3154
19680001 2.50561
19690001 2.2579
19700001 2.25051
19710001 2.24994
19720001 2.16888
19730001 2.22787
19740001 2.33974
19750001 2.15997
19760001 2.19804
19770001 2.24687
19780001 2.21097
19790001 2.26989
19800001 2.13463
19810001 2.30329
19820001 2.36819
19830001 2.33631
19840001 2.27991
19850001 2.30471
19860001 2.19655
19870001 2.39974
19880001 2.26293
19890001 2.27102
19900001 2.29967
19910001 2.26476
19920001 2.29991
19930001 2.19228
19940001 2.24434
19950001 2.26335
19960001 2.30642
19970001 2.29632
19980001 2.2611
19990001 2.18358
20000001 2.28738
20010001 2.31289
20020001 2.27563
20030001 2.21377
20040001 2.29775
20050001 2.26482
20060001 2.29443
20070001 2.13172
20080001 2.25761
20090001 2.26255
20100001 2.41153
20110001 2.22829
20120001 2.26346
20130001 2.41166
20140001 2.47168
20150001 2.37716
20160001 2.21026
20170001 2.3417
20180001 2.27038
20190001 2.2442
20200001 2.22954
20210001 2.27133
20220001 2.28046
20230001 2.37713
20240001 2.28877
20250001 2.31138
20260001 2.22788
20270001 2.30209
20280001 2.22208
20290001 2.24781
20300001 2.3818
20310001 2.33959
20320001 2.19118
20330001 2.22279
20340001 2.25021
20350001 2.47509
20360001 2.2051
20370001 2.34073
20380001 2.3032
20390001 2.24835
20400001 2.25043
20410001 2.32361
20420001 2.238
20430001 2.32811
20440001 2.23121
20450001 2.31782
20460001 2.28323
20470001 2.26708
20480001 2.24548
20490001 2.32639
20500001 2.24675
20510001 2.42023
20520001 2.26066
20530001 2.24561
20540001 2.35127
20550001 2.27842
20560001 2.17788
20570001 2.19151
20580001 2.30808
20590001 2.20588
20600001 2.21987
20610001 2.24175
20620001 2.28199
20630001 2.26777
20640001 2.31227
20650001 2.43505
20660001 2.38857
20670001 2.1885
20680001 2.35656
20690001 2.24389
20700001 2.31896
20710001 2.26703
20720001 2.33883
20730001 2.23615
20740001 2.2808
20750001 2.3536
20760001 2.17991
20770001 2.27206
20780001 2.18793
20790001 2.21359
20800001 2.24811
20810001 2.31124
20820001 2.22964
20830001 2.22462
20840001 2.35659
20850001 2.25623
20860001 2.30694
20870001 2.21552
20880001 2.36585
20890001 2.2871
20900001 2.24831
20910001 2.21863
20920001 2.47376
20930001 2.39551
20940001 2.26601
20950001 2.20142
20960001 2.2037
20970001 2.22344
20980001 2.3139
20990001 2.17614
21000001 2.18682
21010001 2.26624
21020001 2.22362
21030001 2.33931
21040001 2.29474
21050001 2.33419
21060001 2.25755
21070001 2.27888
21080001 2.22468
21090001 2.32846
21100001 2.21127
21110001 2.18306
21120001 2.37906
21130001 2.21974
21140001 2.23217
21150001 2.26558
21160001 2.26076
21170001 2.19861
21180001 2.28636
21190001 2.16821
21200001 2.27591
21210001 2.31257
21220001 2.25437
21230001 2.407
21240001 2.24425
21250001 2.36024
21260001 2.33017
21270001 2.30971
21280001 2.27552
21290001 2.32987
21300001 2.24682
21310001 2.32183
21320001 2.68436
21330001 2.35025
21340001 2.3153
21350001 2.43174
21360001 2.34467
21370001 2.29029
21380001 2.23432
21390001 2.28707
21400001 2.29674
21410001 2.25743
21420001 2.20557
21430001 2.28551
21440001 2.2605
21450001 2.20075
21460001 2.4525
21470001 2.27241
21480001 2.33473
21490001 2.24316
21500001 2.32465
21510001 2.29676
21520001 2.35285
21530001 2.34568
21540001 2.31347
21550001 2.39337
21560001 2.37441
21570001 2.32634
21580001 2.45075
21590001 2.64937
21600001 2.2802
21610001 2.24123
21620001 2.29952
21630001 2.47017
21640001 2.2439
21650001 2.20714
21660001 2.23862
21670001 2.3011
21680001 2.25649
21690001 2.26679
21700001 2.1432
21710001 2.27477
21720001 2.16299
21730001 2.20945
21740001 2.36431
21750001 2.26049
21760001 2.3109
21770001 2.29886
21780001 2.47917
21790001 2.36891
21800001 2.23952
21810001 2.25872
21820001 2.30583
21830001 2.35636
21840001 2.24417
21850001 2.25366
21860001 2.3515
21870001 2.18576
21880001 2.17265
21890001 2.17037
21900001 2.3108
21910001 2.1945
21920001 2.24238
21930001 2.28746
21940001 2.42452
21950001 2.22696
21960001 2.24316
21970001 2.25292
21980001 2.38144
21990001 2.24915
22000001 2.2709
22010001 2.26507
22020001 2.45054
22030001 2.28342
22040001 2.38948
22050001 2.40649
22060001 2.27688
22070001 2.22673
22080001 2.29964
22090001 2.3966
22100001 2.21408
22110001 2.29838
22120001 2.19795
22130001 2.36893
22140001 2.30651
22150001 2.19161
22160001 2.34136
22170001 2.34032
22180001 2.34551
22190001 2.14782
22200001 2.20937
22210001 2.26153
22220001 2.29184
22230001 2.24386
22240001 2.24582
22250001 2.2009
22260001 2.2639
22270001 2.30086
22280001 2.39849
22290001 2.24237
22300001 2.39071
22310001 2.19761
22320001 2.47839
22330001 2.20061
22340001 2.2862
22350001 2.21606
22360001 2.35361
22370001 2.27498
22380001 2.36404
22390001 2.36576
22400001 2.30161
22410001 2.35656
22420001 2.20093
22430001 2.26017
22440001 2.1811
22450001 2.28255
22460001 2.2989
22470001 2.36346
22480001 2.2239
22490001 2.20125
22500001 2.28292
22510001 2.29583
22520001 2.37163
22530001 2.21242
22540001 2.20863
22550001 2.2763
22560001 2.30954
22570001 2.24419
22580001 2.36794
22590001 2.2527
22600001 2.29385
22610001 2.22248
22620001 2.24391
22630001 2.4567
22640001 2.23018
22650001 2.2282
22660001 2.24082
22670001 2.35155
22680001 2.29172
22690001 2.28552
22700001 2.24984
22710001 2.38166
22720001 2.27832
22730001 2.21243
22740001 2.28937
22750001 2.22703
22760001 2.32234
22770001 2.26813
22780001 2.19033
22790001 2.29582
22800001 2.34482
22810001 2.2442
22820001 2.33783
22830001 2.28951
22840001 2.47796
22850001 2.25022
22860001 2.41293
22870001 2.24143
22880001 2.19668
22890001 2.38643
22900001 2.29101
22910001 2.34547
22920001 2.28862
22930001 2.20366
22940001 2.23576
22950001 2.31582
22960001 2.41791
22970001 2.24415
22980001 2.33539
22990001 2.29364
23000001 2.24964
23010001 2.36931
23020001 2.23682
23030001 2.19626
23040001 2.30918
23050001 2.27414
23060001 2.28019
23070001 2.22017
23080001 2.35087
23090001 2.33458
23100001 2.37231
23110001 2.27408
23120001 2.25371
23130001 2.26883
23140001 2.39078
23150001 2.20515
23160001 2.18544
23170001 2.19113
23180001 2.1765
23190001 2.40493
23200001 2.35036
23210001 2.26135
23220001 2.33831
23230001 2.47699
23240001 2.39727
23250001 2.33278
23260001 2.17914
23270001 2.28973
23280001 2.39715
23290001 2.35386
23300001 2.24287
23310001 2.30839
23320001 2.38896
23330001 2.34892
23340001 2.30962
23350001 2.22178
23360001 2.28264
23370001 2.3479
23380001 2.3363
23390001 2.33688
23400001 2.20627
23410001 2.33963
23420001 2.19662
23430001 2.2156
23440001 2.3792
23450001 2.33231
23460001 2.24343
23470001 2.37219
23480001 2.32035
23490001 2.26789
23500001 2.17145
23510001 2.22005
23520001 2.38639
23530001 2.33626
23540001 2.31607
23550001 2.26706
23560001 2.25301
23570001 2.33241
23580001 2.22359
23590001 2.24772
23600001 2.21017
23610001 2.40406
23620001 2.23846
23630001 2.25915
23640001 2.14617
23650001 2.37067
23660001 2.50375
23670001 2.28309
23680001 2.23029
23690001 2.27647
23700001 2.32547
23710001 2.26985
23720001 2.37807
23730001 2.25162
23740001 2.43181
23750001 2.44545
23760001 2.441
23770001 2.31348
23780001 2.31985
23790001 2.27679
23800001 2.26795
23810001 2.30649
23820001 2.24433
23830001 2.26124
23840001 2.15877
23850001 2.43586
23860001 2.36731
23870001 2.43763
23880001 2.193
23890001 2.27022
23900001 2.38686
23910001 2.33414
23920001 2.33849
23930001 2.17909
23940001 2.28538
23950001 2.29668
23960001 2.26717
23970001 2.31073
23980001 2.30382
23990001 2.23977
24000001 2.24136
24010001 2.24802
24020001 2.33273
24030001 2.3653
24040001 2.46971
24050001 2.33082
24060001 2.34138
24070001 2.30392
24080001 2.45511
24090001 2.28794
24100001 2.39433
24110001 2.28946
24120001 2.37363
24130001 2.18319
24140001 2.27251
24150001 2.15756
24160001 2.25991
24170001 2.38508
24180001 2.29814
24190001 2.29271
24200001 2.25773
24210001 2.24434
24220001 2.33656
24230001 2.23748
24240001 2.35938
24250001 2.2306
24260001 2.17797
24270001 2.42023
24280001 2.19602
24290001 2.2339
24300001 2.23553
24310001 2.28498
24320001 2.21509
24330001 2.35918
24340001 2.35257
24350001 2.23096
24360001 2.27881
24370001 2.25559
24380001 2.4169
24390001 2.27269
24400001 2.26516
24410001 2.35604
24420001 2.21817
24430001 2.27748
24440001 2.29356
24450001 2.32632
24460001 2.29965
24470001 2.18319
24480001 2.28096
24490001 2.31803
24500001 2.344
24510001 2.24316
24520001 2.21932
24530001 2.21175
24540001 2.24153
24550001 2.18701
24560001 2.19987
24570001 2.32024
24580001 2.2533
24590001 2.34625
24600001 2.27254
24610001 2.3503
24620001 2.29646
24630001 2.3738
24640001 2.29696
24650001 2.31005
24660001 2.28573
24670001 2.29502
24680001 2.34851
24690001 2.20568
24700001 2.24739
24710001 2.25223
24720001 2.27413
24730001 2.38086
24740001 2.29589
24750001 2.25378
24760001 2.22927
24770001 2.27876
24780001 2.17736
24790001 2.22607
24800001 2.19917
24810001 2.32268
24820001 2.20128
24830001 2.20901
24840001 2.26709
24850001 2.23434
24860001 2.26744
24870001 2.21516
24880001 2.39677
24890001 2.29459
24900001 2.37644
24910001 2.29648
24920001 2.3853
24930001 2.22676
24940001 2.2642
24950001 2.19418
24960001 2.29476
24970001 2.29912
24980001 2.33243
24990001 2.29095
25000001 2.15911
25010001 2.24624
25020001 2.2185
25030001 2.3422
25040001 2.28112
25050001 2.19723
25060001 2.21992
25070001 2.33107
25080001 2.24793
25090001 2.1862
25100001 2.16136
25110001 2.45937
25120001 2.35307
25130001 2.26963
25140001 2.23796
25150001 2.2427
25160001 2.27013
25170001 2.34084
25180001 2.30745
25190001 2.28778
25200001 2.24039
25210001 2.26787
25220001 2.36788
25230001 2.24527
25240001 2.33249
25250001 2.21804
25260001 2.31671
25270001 2.18818
25280001 2.21934
25290001 2.18654
25300001 2.30537
25310001 2.18423
25320001 2.36012
25330001 2.20061
25340001 2.33237
25350001 2.30772
25360001 2.28702
25370001 2.41708
25380001 2.26539
25390001 2.3983
25400001 2.28261
25410001 2.37278
25420001 2.25064
25430001 2.41128
25440001 2.35843
25450001 2.3491
25460001 2.29727
25470001 2.354
25480001 2.34343
25490001 2.2858
25500001 2.33388
25510001 2.38855
25520001 2.35812
25530001 2.47198
25540001 2.35757
25550001 2.27484
25560001 2.21234
25570001 2.2587
25580001 2.34446
25590001 2.20677
25600001 2.34237
25610001 2.17082
25620001 2.20204
25630001 2.22324
25640001 2.35395
25650001 2.28951
25660001 2.22564
25670001 2.15586
25680001 2.16988
25690001 2.24847
25700001 2.544
25710001 2.23077
25720001 2.36791
25730001 2.34302
25740001 2.22346
25750001 2.30726
25760001 2.29561
25770001 2.38723
25780001 2.22631
25790001 2.24054
25800001 2.2544
25810001 2.29159
25820001 2.30292
25830001 2.29041
25840001 2.16233
25850001 2.44716
25860001 2.34694
25870001 2.24716
25880001 2.29272
25890001 2.26783
25900001 2.37332
25910001 2.29161
25920001 2.20204
25930001 2.31645
25940001 2.28521
25950001 2.26687
25960001 2.29322
25970001 2.22193
25980001 2.2513
25990001 2.27267
26000001 2.52391
26010001 2.26734
26020001 2.2184
26030001 2.55784
26040001 2.33496
26050001 2.33151
26060001 2.24309
26070001 2.24801
26080001 2.35848
26090001 2.33314
26100001 2.26501
26110001 2.29109
26120001 2.31783
26130001 2.24596
26140001 2.22672
26150001 2.31014
26160001 2.23151
26170001 2.32577
26180001 2.22161
26190001 2.3035
26200001 2.39481
26210001 2.23044
26220001 2.39679
26230001 2.29764
26240001 2.33375
26250001 2.40277
26260001 2.36181
26270001 2.37859
26280001 2.3183
26290001 2.3841
26300001 2.24521
26310001 2.2495
26320001 2.20194
26330001 2.40212
26340001 2.20868
26350001 2.32482
26360001 2.36862
26370001 2.16472
26380001 2.33458
26390001 2.25744
26400001 2.18873
26410001 2.18878
26420001 2.27487
26430001 2.32868
26440001 2.3316
26450001 2.30237
26460001 2.25753
26470001 2.38352
26480001 2.37233
26490001 2.33341
26500001 2.24813
26510001 2.24703
26520001 2.27118
26530001 2.19846
26540001 2.34184
26550001 2.18534
26560001 2.25725
26570001 2.25852
26580001 2.27418
26590001 2.16051
26600001 2.45244
26610001 2.32367
26620001 2.31104
26630001 2.19303
26640001 2.43008
26650001 2.52438
26660001 2.23383
26670001 2.24893
26680001 2.31457
26690001 2.25679
26700001 2.33033
26710001 2.25285
26720001 2.25674
26730001 2.26294
26740001 2.25069
26750001 2.26718
26760001 2.49835
26770001 2.23806
26780001 2.40244
26790001 2.38851
26800001 2.38679
26810001 2.30569
26820001 2.24153
26830001 2.25585
26840001 2.30902
26850001 2.14602
26860001 2.32687
26870001 2.28588
26880001 2.19722
26890001 2.22977
26900001 2.20107
26910001 2.37616
26920001 2.32963
26930001 2.22882
26940001 2.27795
26950001 2.25135
26960001 2.19562
26970001 2.26274
26980001 2.46386
26990001 2.22429
27000001 2.35803
27010001 2.19062
27020001 2.29562
27030001 2.38934
27040001 2.29528
27050001 2.2163
27060001 2.27891
27070001 2.24314
27080001 2.29837
27090001 2.28081
27100001 2.29364
27110001 2.2206
27120001 2.25941
27130001 2.27709
27140001 2.23795
27150001 2.21401
27160001 2.37874
27170001 2.27162
27180001 2.32568
27190001 2.2707
27200001 2.2411
27210001 2.33638
27220001 2.34046
27230001 2.2497
27240001 2.28103
27250001 2.37042
27260001 2.24744
27270001 2.13302
27280001 2.241
27290001 2.41413
27300001 2.2284
27310001 2.20194
27320001 2.32534
27330001 2.19347
27340001 2.24504
27350001 2.24643
27360001 2.37228
27370001 2.23577
27380001 2.21549
27390001 2.27426
27400001 2.24876
27410001 2.3204
27420001 2.2949
27430001 2.50134
27440001 2.29079
27450001 2.35751
27460001 2.23099
27470001 2.18082
27480001 2.34894
27490001 2.12776
27500001 2.2314
27510001 2.31107
27520001 2.28658
27530001 2.24883
27540001 2.28333
27550001 2.36312
27560001 2.25356
27570001 2.37657
27580001 2.23965
27590001 2.31123
27600001 2.22311
27610001 2.211
27620001 2.29215
27630001 2.24909
27640001 2.32921
27650001 2.335
27660001 2.18495
27670001 2.21897
27680001 2.28265
27690001 2.24061
27700001 2.35821
27710001 2.19538
27720001 2.42017
27730001 2.39183
27740001 2.26685
27750001 2.19066
27760001 2.49658
27770001 2.44082
27780001 2.31924
27790001 2.23656
27800001 2.50081
27810001 2.34112
27820001 2.20075
27830001 2.4365
27840001 2.3915
27850001 2.28568
27860001 2.17294
27870001 2.29567
27880001 2.43022
27890001 2.33919
27900001 2.32046
27910001 2.17236
27920001 2.32935
27930001 2.22287
27940001 2.30596
27950001 2.31818
27960001 2.25433
27970001 2.40089
27980001 2.25549
27990001 2.39675
28000001 2.29936
28010001 2.22076
28020001 2.25713
28030001 2.16102
28040001 2.32288
28050001 2.24058
28060001 2.17062
28070001 2.33801
28080001 2.23776
28090001 2.37154
28100001 2.26672
28110001 2.24921
28120001 2.32919
28130001 2.26439
28140001 2.24923
28150001 2.39306
28160001 2.29986
28170001 2.278
28180001 2.27471
28190001 2.24095
28200001 2.29996
28210001 2.21987
28220001 2.24015
28230001 2.27738
28240001 2.27367
28250001 2.26349
28260001 2.23388
28270001 2.29687
28280001 2.34652
28290001 2.25974
28300001 2.34107
28310001 2.37487
28320001 2.1676
28330001 2.22422
28340001 2.19777
28350001 2.1743
28360001 2.26575
28370001 2.32886
28380001 2.24389
28390001 2.20122
28400001 2.38031
28410001 2.32419
28420001 2.27179
28430001 2.35169
28440001 2.28171
28450001 2.43719
28460001 2.20595
28470001 2.45077
28480001 2.39271
28490001 2.27168
28500001 2.24775
28510001 2.19642
28520001 2.25133
28530001 2.17576
28540001 2.28033
28550001 2.35633
28560001 2.36637
28570001 2.28049
28580001 2.26308
28590001 2.24811
28600001 2.23727
28610001 2.26976
28620001 2.31517
28630001 2.28999
28640001 2.29211
28650001 2.2538
28660001 2.16802
28670001 2.29791
28680001 2.34681
28690001 2.28352
28700001 2.37832
28710001 2.32806
28720001 2.48197
28730001 2.30921
28740001 2.31959
28750001 2.31095
28760001 2.35862
28770001 2.28652
28780001 2.21972
28790001 2.30186
28800001 2.32571
28810001 2.2935
28820001 2.2636
28830001 2.47545
28840001 2.25838
28850001 2.20538
28860001 2.34332
28870001 2.23951
28880001 2.33382
28890001 2.21253
28900001 2.17953
28910001 2.23594
28920001 2.30556
28930001 2.31363
28940001 2.33489
28950001 2.2552
28960001 2.33416
28970001 2.1938
28980001 2.34724
28990001 2.23584
29000001 2.23906
29010001 2.30858
29020001 2.26665
29030001 2.30927
29040001 2.3236
29050001 2.23826
29060001 2.30371
29070001 2.24761
29080001 2.23961
29090001 2.28552
29100001 2.40225
29110001 2.37635
29120001 2.31005
29130001 2.34413
29140001 2.3582
29150001 2.2706
29160001 2.28757
29170001 2.23521
29180001 2.36859
29190001 2.36203
29200001 2.31409
29210001 2.27704
29220001 2.31118
29230001 2.25547
29240001 2.38593
29250001 2.24692
29260001 2.21307
29270001 2.30759
29280001 2.24403
29290001 2.32519
29300001 2.19457
29310001 2.25992
29320001 2.32405
29330001 2.37192
29340001 2.1637
29350001 2.51895
29360001 2.2962
29370001 2.31685
29380001 2.23254
29390001 2.21549
29400001 2.51961
29410001 2.44205
29420001 2.22229
29430001 2.28656
29440001 2.23812
29450001 2.29774
29460001 2.23734
29470001 2.33149
29480001 2.2204
29490001 2.23544
29500001 2.30926
29510001 2.27578
29520001 2.30874
29530001 2.39721
29540001 2.37812
29550001 2.28319
29560001 2.17344
29570001 2.3628
29580001 2.34984
29590001 2.43594
29600001 2.23901
29610001 2.18972
29620001 2.31366
29630001 2.21699
29640001 2.25133
29650001 2.39277
29660001 2.38875
29670001 2.30747
29680001 2.29467
29690001 2.30543
29700001 2.36253
29710001 2.25549
29720001 2.37773
29730001 2.18925
29740001 2.27719
29750001 2.28623
29760001 2.40315
29770001 2.1812
29780001 2.20888
29790001 2.2882
29800001 2.26844
29810001 2.354
29820001 2.44638
29830001 2.32448
29840001 2.34906
29850001 2.25689
29860001 2.32626
29870001 2.2713
29880001 2.26488
29890001 2.17924
29900001 2.23299
29910001 2.28896
29920001 2.27249
29930001 2.37224
29940001 2.30693
29950001 2.4159
29960001 2.22664
29970001 2.26055
29980001 2.29904
29990001 2.33472
