1 2696.77
10001 233.743
20001 148.385
30001 106.951
40001 79.4578
50001 61.5641
60001 50.1363
70001 41.4339
80001 35.1531
90001 30.5464
100001 26.9944
110001 24.6234
120001 22.3612
130001 20.7696
140001 19.3123
150001 18.2426
160001 17.306
170001 16.5112
180001 15.7928
190001 15.301
200001 14.8157
210001 14.325
220001 14.0764
230001 13.5177
240001 13.0543
250001 12.9068
260001 12.6604
270001 12.3892
280001 12.1227
290001 11.9546
300001 11.5311
310001 11.3691
320001 11.7571
330001 11.2448
340001 11.0204
350001 11.0709
360001 11.1291
370001 10.7722
380001 10.7591
390001 10.6467
400001 10.4663
410001 10.3525
420001 10.3726
430001 10.1895
440001 10.2297
450001 10.0267
460001 9.95229
470001 9.82772
480001 10.0618
490001 9.9977
500001 9.70358
510001 9.61296
520001 9.52666
530001 9.6222
540001 9.40146
550001 9.49837
560001 9.29889
570001 9.56426
580001 9.25541
590001 9.39236
600001 9.57772
610001 9.23016
620001 9.17795
630001 8.9381
640001 9.18369
650001 8.9568
660001 8.89621
670001 9.23759
680001 9.17231
690001 9.02576
700001 8.92297
710001 8.89286
720001 8.86961
730001 9.02372
740001 9.0597
750001 8.93481
760001 8.72193
770001 8.79238
780001 8.84626
790001 8.86726
800001 8.91216
810001 8.77823
820001 8.67167
830001 8.65044
840001 8.6683
850001 8.79669
860001 8.71787
870001 8.65298
880001 8.9941
890001 8.64513
900001 8.73736
910001 8.6101
920001 8.55137
930001 8.5395
940001 8.71276
950001 8.46162
960001 8.7681
970001 8.59757
980001 8.52015
990001 8.42281
1000001 8.59774
1010001 8.55959
1020001 8.42636
1030001 8.61461
1040001 8.62831
1050001 8.63862
1060001 8.85496
1070001 8.528
1080001 8.56118
1090001 8.74108
1100001 8.43582
1110001 8.6204
1120001 8.79992
1130001 8.55192
1140001 8.65026
1150001 8.50882
1160001 8.36728
1170001 8.32878
1180001 8.49252
1190001 8.37689
1200001 8.36639
1210001 8.50996
1220001 8.42316
1230001 8.47539
1240001 8.61957
1250001 8.43756
1260001 8.48298
1270001 8.24789
1280001 8.35247
1290001 8.36547
1300001 8.5222
1310001 8.20958
1320001 8.32663
1330001 8.21659
1340001 8.23861
1350001 8.36994
1360001 8.34831
1370001 8.48856
1380001 8.17546
1390001 8.4534
1400001 8.20807
1410001 8.36114
1420001 8.17368
1430001 8.25037
1440001 8.227
1450001 8.27533
1460001 8.47946
1470001 8.26852
1480001 8.09803
1490001 8.38262
1500001 8.29074
1510001 8.23675
1520001 8.29512
1530001 8.24649
1540001 8.2845
1550001 8.30606
1560001 8.27856
1570001 8.26397
1580001 8.19475
1590001 8.07596
1600001 8.22749
1610001 8.21437
1620001 8.17534
1630001 8.18675
1640001 8.34954
1650001 8.22911
1660001 8.20638
1670001 8.4024
1680001 8.0971
1690001 8.08906
1700001 8.20238
1710001 8.06032
1720001 8.15256
1730001 8.04201
1740001 8.12333
1750001 8.1464
1760001 8.28753
1770001 8.15655
1780001 8.20183
1790001 8.19423
1800001 8.23196
1810001 8.31823
1820001 8.16865
1830001 8.20875
1840001 8.51436
1850001 8.25345
1860001 8.34611
1870001 8.24179
1880001 8.21838
1890001 8.51877
1900001 8.16349
1910001 8.23286
1920001 8.06313
1930001 8.16053
1940001 8.18844
1950001 8.21415
1960001 8.10243
1970001 8.30044
1980001 8.39356
1990001 8.32099
2000001 8.18258
2010001 8.09744
2020001 8.40901
2030001 8.35283
2040001 8.24031
2050001 8.13752
2060001 8.10055
2070001 8.22406
2080001 8.11801
2090001 8.17001
2100001 8.04759
2110001 8.27868
2120001 8.22676
2130001 8.28431
2140001 8.15779
2150001 8.04451
2160001 8.04155
2170001 8.03178
2180001 8.03013
2190001 8.11428
2200001 8.17389
2210001 8.21012
2220001 8.14013
2230001 8.19132
2240001 8.05643
2250001 8.20794
2260001 8.20889
2270001 8.07654
2280001 8.18594
2290001 8.1991
2300001 8.14849
2310001 8.17272
2320001 8.30658
2330001 8.45241
2340001 8.14032
2350001 8.1328
2360001 8.00948
2370001 7.9925
2380001 8.00303
2390001 8.11685
2400001 8.02005
2410001 8.11154
2420001 8.38663
2430001 8.01804
2440001 8.08682
2450001 7.89134
2460001 8.16414
2470001 8.0835
2480001 8.25226
2490001 8.07322
2500001 8.20208
2510001 8.18738
2520001 7.99844
2530001 7.86083
2540001 8.28843
2550001 8.07568
2560001 8.10558
2570001 8.0984
2580001 8.04849
2590001 8.22029
2600001 8.1723
2610001 8.15622
2620001 8.11311
2630001 8.0227
2640001 8.08616
2650001 8.09652
2660001 7.96974
2670001 8.14238
2680001 8.3274
2690001 8.16332
2700001 8.15932
2710001 7.97868
2720001 8.23777
2730001 8.00189
2740001 7.99927
2750001 7.98987
2760001 7.97691
2770001 8.04168
2780001 8.21778
2790001 8.07425
2800001 8.16229
2810001 8.05879
2820001 8.02434
2830001 8.1476
2840001 8.17268
2850001 8.1111
2860001 8.19207
2870001 8.25346
2880001 8.21757
2890001 8.18341
2900001 8.19796
2910001 8.22921
2920001 8.1717
2930001 8.20363
2940001 8.34796
2950001 8.005
2960001 8.06025
2970001 8.01096
2980001 8.05879
2990001 8.00185
3000001 8.19334
3010001 8.28615
3020001 8.35176
3030001 8.43322
3040001 8.45019
3050001 8.44434
3060001 8.23171
3070001 8.23182
3080001 8.15422
3090001 8.30773
3100001 8.02709
3110001 8.07922
3120001 8.26678
3130001 7.95488
3140001 8.25295
3150001 7.95598
3160001 8.1379
3170001 8.1817
3180001 8.21354
3190001 8.2043
3200001 8.07302
3210001 8.32434
3220001 8.23812
3230001 8.27747
3240001 8.02546
3250001 8.14452
3260001 8.16275
3270001 8.12337
3280001 8.06221
3290001 8.07139
3300001 8.14508
3310001 8.09121
3320001 8.21583
3330001 8.17927
3340001 8.28429
3350001 8.20679
3360001 8.11862
3370001 7.9551
3380001 8.17034
3390001 8.1106
3400001 8.18453
3410001 8.2475
3420001 8.21208
3430001 7.90923
3440001 8.28784
3450001 8.10784
3460001 8.1721
3470001 8.00641
3480001 8.13908
3490001 8.19391
3500001 7.99968
3510001 8.04082
3520001 8.18503
3530001 8.04338
3540001 8.19316
3550001 8.06215
3560001 7.95828
3570001 7.99563
3580001 7.96629
3590001 8.03051
3600001 8.05927
3610001 8.12532
3620001 7.9789
3630001 8.13286
3640001 8.03833
3650001 8.08044
3660001 7.99748
3670001 8.04027
3680001 8.09409
3690001 8.07059
3700001 8.2317
3710001 8.19811
3720001 8.03648
3730001 8.07565
3740001 8.00378
3750001 8.2584
3760001 8.21161
3770001 8.1794
3780001 8.22764
3790001 8.13625
3800001 8.22848
3810001 8.07688
3820001 7.8308
3830001 7.94863
3840001 8.05027
3850001 8.04633
3860001 8.23669
3870001 8.19555
3880001 8.10068
3890001 8.00868
3900001 8.08079
3910001 8.17997
3920001 8.37088
3930001 8.13034
3940001 8.06209
3950001 8.29111
3960001 8.06984
3970001 8.2768
3980001 8.06193
3990001 8.09078
4000001 8.01285
4010001 8.18297
4020001 8.09007
4030001 8.15313
4040001 8.28634
4050001 8.09245
4060001 8.10013
4070001 8.01699
4080001 8.03626
4090001 7.97647
4100001 8.05814
4110001 8.09328
4120001 8.02787
4130001 8.46548
4140001 8.04322
4150001 8.14745
4160001 8.11646
4170001 7.93983
4180001 8.05013
4190001 8.34654
4200001 7.9561
4210001 8.0688
4220001 8.06186
4230001 8.20583
4240001 8.04673
4250001 7.95035
4260001 7.94812
4270001 8.30636
4280001 8.16476
4290001 8.22006
4300001 8.19173
4310001 8.37717
4320001 7.92125
4330001 7.96106
4340001 8.13012
4350001 7.97435
4360001 7.94566
4370001 8.13961
4380001 8.20053
4390001 8.13749
4400001 7.98415
4410001 8.20861
4420001 8.19228
4430001 8.14753
4440001 8.26978
4450001 8.27817
4460001 7.88535
4470001 7.95625
4480001 7.90345
4490001 8.22861
4500001 8.21443
4510001 8.38071
4520001 7.91446
4530001 7.85222
4540001 8.01901
4550001 8.17877
4560001 7.88274
4570001 8.05313
4580001 8.00755
4590001 7.96391
4600001 7.99926
4610001 7.99117
4620001 7.95191
4630001 7.90801
4640001 7.94216
4650001 7.94245
4660001 8.01614
4670001 8.10746
4680001 8.11277
4690001 8.02361
4700001 8.04473
4710001 8.05593
4720001 8.21051
4730001 8.35174
4740001 8.35978
4750001 8.03285
4760001 8.13732
4770001 8.28728
4780001 8.02977
4790001 7.98246
4800001 8.16076
4810001 8.3497
4820001 8.20121
4830001 8.01946
4840001 8.16096
4850001 7.89708
4860001 8.06488
4870001 8.05951
4880001 8.22617
4890001 8.18112
4900001 8.03681
4910001 8.15147
4920001 8.10584
4930001 7.96219
4940001 7.81362
4950001 8.02889
4960001 8.1238
4970001 8.0035
4980001 8.09851
4990001 8.06477
5000001 7.89065
5010001 7.83966
5020001 8.09489
5030001 8.01751
5040001 8.17774
5050001 8.11354
5060001 7.97162
5070001 8.04493
5080001 7.96104
5090001 7.96659
5100001 7.98803
5110001 8.33358
5120001 8.05755
5130001 8.20221
5140001 7.93571
5150001 8.03603
5160001 8.26644
5170001 8.16404
5180001 8.13338
5190001 8.13818
5200001 8.15491
5210001 8.04192
5220001 8.33128
5230001 8.24768
5240001 8.05698
5250001 8.12908
5260001 8.01733
5270001 8.08868
5280001 8.10624
5290001 8.13303
5300001 7.94701
5310001 8.1042
5320001 8.09271
5330001 8.06336
5340001 8.14435
5350001 8.13218
5360001 8.29253
5370001 8.25213
5380001 8.10126
5390001 7.88421
5400001 8.16682
5410001 7.87818
5420001 8.03637
5430001 8.127
5440001 8.03199
5450001 7.93789
5460001 7.95464
5470001 7.96545
5480001 8.0395
5490001 8.28485
5500001 8.10482
5510001 8.22253
5520001 8.16429
5530001 8.2086
5540001 8.08845
5550001 8.23821
5560001 7.92609
5570001 8.17585
5580001 7.97087
5590001 8.0596
5600001 8.10136
5610001 8.144
5620001 8.12646
5630001 8.25343
5640001 8.09513
5650001 8.03161
5660001 8.11798
5670001 8.2416
5680001 7.97129
5690001 7.86503
5700001 8.02178
5710001 8.06219
5720001 8.21906
5730001 8.01026
5740001 8.37514
5750001 7.86145
5760001 8.03887
5770001 8.31878
5780001 7.98973
5790001 7.9355
5800001 7.93166
5810001 8.15222
5820001 7.9809
5830001 8.15063
5840001 8.12418
5850001 8.25747
5860001 8.11082
5870001 8.05754
5880001 7.91257
5890001 8.22475
5900001 7.96675
5910001 7.98374
5920001 7.94408
5930001 8.00194
5940001 8.12422
5950001 8.03702
5960001 8.18829
5970001 8.18192
5980001 8.05472
5990001 8.05079
6000001 7.86397
6010001 8.01169
6020001 8.10499
6030001 8.29636
6040001 8.19942
6050001 8.24503
6060001 8.08179
6070001 8.34572
6080001 8.02083
6090001 8.13133
6100001 7.94271
6110001 8.03262
6120001 8.07853
6130001 7.96085
6140001 8.09458
6150001 8.17683
6160001 8.17071
6170001 7.97393
6180001 8.12166
6190001 7.97774
6200001 8.01951
6210001 8.06527
6220001 8.19197
6230001 7.98292
6240001 8.03077
6250001 8.08624
6260001 8.10315
6270001 8.15494
6280001 8.07006
6290001 8.01476
6300001 8.03885
6310001 7.96402
6320001 8.01987
6330001 7.7764
6340001 7.87594
6350001 8.03274
6360001 8.28381
6370001 8.12308
6380001 8.11746
6390001 8.34215
6400001 8.13311
6410001 8.12533
6420001 8.16625
6430001 8.0218
6440001 8.21684
6450001 7.96065
6460001 7.99371
6470001 8.0341
6480001 8.11446
6490001 7.8136
6500001 7.9929
6510001 8.06153
6520001 8.08647
6530001 8.07138
6540001 8.18157
6550001 8.10402
6560001 8.16982
6570001 8.25459
6580001 7.92995
6590001 7.93383
6600001 7.96966
6610001 8.19346
6620001 8.06937
6630001 7.9751
6640001 8.05141
6650001 8.06565
6660001 7.91094
6670001 7.94367
6680001 8.03812
6690001 8.03378
6700001 8.09496
6710001 8.63914
6720001 8.15388
6730001 8.18373
6740001 8.09838
6750001 7.97032
6760001 8.14062
6770001 7.92834
6780001 8.10938
6790001 8.00085
6800001 8.00088
6810001 7.97052
6820001 8.03235
6830001 8.1192
6840001 7.87985
6850001 8.11074
6860001 7.9452
6870001 8.03367
6880001 8.15249
6890001 8.11841
6900001 8.12528
6910001 8.08531
6920001 8.16707
6930001 8.12928
6940001 8.20849
6950001 8.22587
6960001 8.12507
6970001 8.04602
6980001 7.9481
6990001 7.97118
7000001 8.23539
7010001 8.10658
7020001 8.15454
7030001 8.01301
7040001 8.07445
7050001 7.8841
7060001 8.06538
7070001 7.97555
7080001 7.96153
7090001 7.94278
7100001 7.97791
7110001 7.93694
7120001 8.13374
7130001 8.09743
7140001 8.13501
7150001 8.181
7160001 8.01052
7170001 8.1118
7180001 8.10987
7190001 8.24334
7200001 8.01993
7210001 7.98622
7220001 8.16207
7230001 8.23195
7240001 8.11686
7250001 7.86311
7260001 8.06752
7270001 8.09752
7280001 7.99595
7290001 8.11137
7300001 8.04065
7310001 8.09656
7320001 8.0864
7330001 7.97157
7340001 8.21131
7350001 7.99455
7360001 8.04252
7370001 8.39911
7380001 8.10425
7390001 8.19352
7400001 8.0174
7410001 8.17158
7420001 7.94429
7430001 8.21687
7440001 7.94593
7450001 8.00091
7460001 8.00122
7470001 8.10409
7480001 7.90574
7490001 8.20569
7500001 8.08936
7510001 8.06343
7520001 8.15336
7530001 8.1853
7540001 7.90894
7550001 7.94115
7560001 7.97817
7570001 8.03491
7580001 8.0341
7590001 8.04459
7600001 8.03991
7610001 7.92516
7620001 7.99832
7630001 7.93428
7640001 7.93953
7650001 8.01697
7660001 8.10393
7670001 8.04768
7680001 8.15579
7690001 8.21461
7700001 8.302
7710001 8.08468
7720001 8.13188
7730001 8.18388
7740001 7.96755
7750001 8.0802
7760001 8.13286
7770001 8.25169
7780001 7.92784
7790001 8.05984
7800001 8.17685
7810001 7.83443
7820001 8.17544
7830001 8.11022
7840001 8.15929
7850001 7.96693
7860001 7.98165
7870001 7.85287
7880001 8.04307
7890001 8.05475
7900001 8.06476
7910001 8.12336
7920001 8.17218
7930001 8.24105
7940001 8.18841
7950001 8.32832
7960001 8.16259
7970001 8.41377
7980001 8.061
7990001 8.23071
8000001 8.08788
8010001 7.88141
8020001 8.23533
8030001 8.2555
8040001 8.18985
8050001 8.22412
8060001 8.04082
8070001 8.01215
8080001 8.23421
8090001 8.06031
8100001 8.31973
8110001 8.04409
8120001 8.23188
8130001 8.10338
8140001 7.92829
8150001 8.11175
8160001 7.99253
8170001 8.23756
8180001 8.24299
8190001 8.24996
8200001 8.03073
8210001 8.03072
8220001 8.06438
8230001 8.21771
8240001 8.34453
8250001 8.12485
8260001 8.04179
8270001 8.09034
8280001 7.78635
8290001 8.08739
8300001 8.17385
8310001 8.02475
8320001 7.76816
8330001 7.8102
8340001 7.94007
8350001 8.09287
8360001 7.93497
8370001 8.30391
8380001 8.02235
8390001 8.39379
8400001 8.05139
8410001 8.211
8420001 8.05031
8430001 8.03139
8440001 8.06716
8450001 8.16954
8460001 8.18507
8470001 7.91845
8480001 8.01081
8490001 7.95475
8500001 8.19903
8510001 8.33364
8520001 8.10674
8530001 8.07384
8540001 8.06962
8550001 8.26131
8560001 7.99746
8570001 8.03493
8580001 7.90366
8590001 8.10199
8600001 8.34165
8610001 8.18542
8620001 8.46771
8630001 8.04167
8640001 7.94222
8650001 8.20861
8660001 7.90157
8670001 7.96405
8680001 8.05855
8690001 8.22099
8700001 8.04486
8710001 7.80384
8720001 8.05217
8730001 8.04505
8740001 8.0599
8750001 8.1184
8760001 7.89798
8770001 8.10539
8780001 8.22079
8790001 8.115
8800001 8.17378
8810001 7.92885
8820001 7.88833
8830001 8.01544
8840001 8.20743
8850001 7.995
8860001 7.88837
8870001 8.09178
8880001 8.06068
8890001 8.18245
8900001 7.99796
8910001 7.87832
8920001 8.08104
8930001 7.99839
8940001 8.07458
8950001 8.20814
8960001 8.18918
8970001 8.368
8980001 8.06216
8990001 8.07178
9000001 8.10636
9010001 8.20842
9020001 8.15997
9030001 7.91695
9040001 7.95338
9050001 8.17486
9060001 8.13007
9070001 8.18153
9080001 7.83098
9090001 8.10055
9100001 8.10777
9110001 7.99419
9120001 8.1534
9130001 8.17626
9140001 8.14297
9150001 7.93941
9160001 7.92564
9170001 7.93137
9180001 7.90951
9190001 8.05328
9200001 8.14081
9210001 8.0121
9220001 8.17315
9230001 8.00175
9240001 7.92056
9250001 7.9104
9260001 8.1027
9270001 8.07085
9280001 8.16291
9290001 8.34742
9300001 7.85484
9310001 8.06535
9320001 8.30739
9330001 8.09611
9340001 8.105
9350001 8.02211
9360001 8.06293
9370001 8.0645
9380001 8.26722
9390001 7.99818
9400001 8.33393
9410001 8.05827
9420001 8.11485
9430001 8.04922
9440001 8.10916
9450001 8.06385
9460001 7.88055
9470001 8.1443
9480001 7.99063
9490001 7.97741
9500001 7.93094
9510001 8.05677
9520001 7.91499
9530001 8.18769
9540001 7.98035
9550001 7.9512
9560001 8.00838
9570001 8.19457
9580001 7.91915
9590001 8.0015
9600001 8.25189
9610001 7.99452
9620001 8.23661
9630001 8.13212
9640001 8.11569
9650001 7.93715
9660001 8.19533
9670001 8.13154
9680001 8.11686
9690001 8.26277
9700001 8.04448
9710001 8.16013
9720001 8.20578
9730001 8.01448
9740001 8.0316
9750001 8.06821
9760001 8.20855
9770001 8.25947
9780001 8.09801
9790001 8.07394
9800001 7.82648
9810001 8.06567
9820001 8.02809
9830001 8.10511
9840001 7.96159
9850001 7.89653
9860001 7.82055
9870001 7.80471
9880001 8.07994
9890001 8.03715
9900001 8.20109
9910001 7.91901
9920001 7.85244
9930001 8.20287
9940001 8.2144
9950001 8.16796
9960001 8.21576
9970001 8.19677
9980001 7.88178
9990001 8.18573
