1 960.473
10001 47.5617
20001 21.0443
30001 12.8347
40001 9.06671
50001 7.20531
60001 5.78435
70001 4.90445
80001 4.28468
90001 3.85492
100001 3.37776
110001 3.07551
120001 2.75304
130001 2.6488
140001 2.41975
150001 2.27932
160001 2.09499
170001 2.07341
180001 1.8669
190001 1.82053
200001 1.75297
210001 1.68625
220001 1.58339
230001 1.57002
240001 1.58054
250001 1.5221
260001 1.42976
270001 1.39132
280001 1.35368
290001 1.39336
300001 1.35791
310001 1.32122
320001 1.33078
330001 1.3224
340001 1.34849
350001 1.25773
360001 1.24914
370001 1.20333
380001 1.32643
390001 1.25438
400001 1.18383
410001 1.23448
420001 1.17093
430001 1.18156
440001 1.19114
450001 1.25649
460001 1.18358
470001 1.17301
480001 1.23436
490001 1.17744
500001 1.17731
510001 1.1306
520001 1.15822
530001 1.14513
540001 1.26423
550001 1.13775
560001 1.12041
570001 1.22832
580001 1.15138
590001 1.1389
600001 1.19328
610001 1.14408
620001 1.15189
630001 1.12998
640001 1.09138
650001 1.14389
660001 1.18865
670001 1.23511
680001 1.12891
690001 1.14435
700001 1.16334
710001 1.18554
720001 1.11636
730001 1.13009
740001 1.15456
750001 1.10014
760001 1.12722
770001 1.1598
780001 1.13112
790001 1.1234
800001 1.08776
810001 1.17588
820001 1.15192
830001 1.13158
840001 1.11422
850001 1.08733
860001 1.17384
870001 1.09524
880001 1.12313
890001 1.22697
900001 1.11279
910001 1.11893
920001 1.09737
930001 1.13935
940001 1.08359
950001 1.08745
960001 1.11517
970001 1.1312
980001 1.1132
990001 1.11736
1000001 1.1461
1010001 1.098
1020001 1.15498
1030001 1.10745
1040001 1.20426
1050001 1.1233
1060001 1.0949
1070001 1.18056
1080001 1.1291
1090001 1.08202
1100001 1.10901
1110001 1.18945
1120001 1.15666
1130001 1.09299
1140001 1.07871
1150001 1.11374
1160001 1.07843
1170001 1.1299
1180001 1.12876
1190001 1.12595
1200001 1.11152
1210001 1.14376
1220001 1.08284
1230001 1.11053
1240001 1.11311
1250001 1.07722
1260001 1.1053
1270001 1.10422
1280001 1.07483
1290001 1.10608
1300001 1.10097
1310001 1.15631
1320001 1.06768
1330001 1.1306
1340001 1.07651
1350001 1.11174
1360001 1.14948
1370001 1.10447
1380001 1.07804
1390001 1.11615
1400001 1.09932
1410001 1.12699
1420001 1.21342
1430001 1.09803
1440001 1.0546
1450001 1.12412
1460001 1.11218
1470001 1.13511
1480001 1.05848
1490001 1.17436
1500001 1.07276
1510001 1.13051
1520001 1.10809
1530001 1.08277
1540001 1.08224
1550001 1.05711
1560001 1.13961
1570001 1.17126
1580001 1.11932
1590001 1.06934
1600001 1.09209
1610001 1.0977
1620001 1.10595
1630001 1.10214
1640001 1.14974
1650001 1.15264
1660001 1.08998
1670001 1.1074
1680001 1.10952
1690001 1.18075
1700001 1.09324
1710001 1.07834
1720001 1.09803
1730001 1.09423
1740001 1.1625
1750001 1.08505
1760001 1.08348
1770001 1.1107
1780001 1.06868
1790001 1.08912
1800001 1.15274
1810001 1.17476
1820001 1.07505
1830001 1.04375
1840001 1.12205
1850001 1.15921
1860001 1.16325
1870001 1.04906
1880001 1.09617
1890001 1.07497
1900001 1.17045
1910001 1.0883
1920001 1.06702
1930001 1.11731
1940001 1.0791
1950001 1.13667
1960001 1.05154
1970001 1.15323
1980001 1.1363
1990001 1.10827
2000001 1.10293
2010001 1.1391
2020001 1.16538
2030001 1.12547
2040001 1.10757
2050001 1.07122
2060001 1.18314
2070001 1.15418
2080001 1.13308
2090001 1.17563
2100001 1.10678
2110001 1.06859
2120001 1.07632
2130001 1.0712
2140001 1.12594
2150001 1.06417
2160001 1.05626
2170001 1.11264
2180001 1.10933
2190001 1.0547
2200001 1.09436
2210001 1.11488
2220001 1.0971
2230001 1.12367
2240001 1.13458
2250001 1.10564
2260001 1.0695
2270001 1.18946
2280001 1.10221
2290001 1.12914
2300001 1.11701
2310001 1.09045
2320001 1.1032
2330001 1.13375
2340001 1.08035
2350001 1.10496
2360001 1.02825
2370001 1.1616
2380001 1.10353
2390001 1.16624
2400001 1.04299
2410001 1.1199
2420001 1.17116
2430001 1.09425
2440001 1.11134
2450001 1.07888
2460001 1.1313
2470001 1.13443
2480001 1.06139
2490001 1.13692
2500001 1.06997
2510001 1.07526
2520001 1.11775
2530001 1.09601
2540001 1.04313
2550001 1.15469
2560001 1.08978
2570001 1.08693
2580001 1.14289
2590001 1.09872
2600001 1.08969
2610001 1.09206
2620001 1.10576
2630001 1.10687
2640001 1.11886
2650001 1.08698
2660001 1.09807
2670001 1.07568
2680001 1.13245
2690001 1.11013
2700001 1.06648
2710001 1.09356
2720001 1.11511
2730001 1.08647
2740001 1.09286
2750001 1.06934
2760001 1.1629
2770001 1.10677
2780001 1.20029
2790001 1.09866
2800001 1.11626
2810001 1.1031
2820001 1.11606
2830001 1.09551
2840001 1.1824
2850001 1.14895
2860001 1.04715
2870001 1.13933
2880001 1.09521
2890001 1.12885
2900001 1.1708
2910001 1.1647
2920001 1.13883
2930001 1.1218
2940001 1.1715
2950001 1.10115
2960001 1.08032
2970001 1.09317
2980001 1.16256
2990001 1.10582
3000001 1.19163
3010001 1.13597
3020001 1.28665
3030001 1.12706
3040001 1.1819
3050001 1.09308
3060001 1.14137
3070001 1.13688
3080001 1.10481
3090001 1.09875
3100001 1.14131
3110001 1.10789
3120001 1.08843
3130001 1.12664
3140001 1.05328
3150001 1.08623
3160001 1.12621
3170001 1.22363
3180001 1.18745
3190001 1.15061
3200001 1.10132
3210001 1.10535
3220001 1.10207
3230001 1.14589
3240001 1.11641
3250001 1.14566
3260001 1.08629
3270001 1.08563
3280001 1.06274
3290001 1.10833
3300001 1.07921
3310001 1.09063
3320001 1.08947
3330001 1.1251
3340001 1.11943
3350001 1.07665
3360001 1.13053
3370001 1.08347
3380001 1.13512
3390001 1.07119
3400001 1.08528
3410001 1.12958
3420001 1.09359
3430001 1.07548
3440001 1.13783
3450001 1.08651
3460001 1.13771
3470001 1.09719
3480001 1.09439
3490001 1.10781
3500001 1.1049
3510001 1.08156
3520001 1.10776
3530001 1.1319
3540001 1.07495
3550001 1.07015
3560001 1.11904
3570001 1.11625
3580001 1.14254
3590001 1.06753
3600001 1.09318
3610001 1.09224
3620001 1.14739
3630001 1.0885
3640001 1.0812
3650001 1.12525
3660001 1.11219
3670001 1.13172
3680001 1.10158
3690001 1.11344
3700001 1.12227
3710001 1.07606
3720001 1.08334
3730001 1.06452
3740001 1.07093
3750001 1.14265
3760001 1.11966
3770001 1.09762
3780001 1.08451
3790001 1.14922
3800001 1.1481
3810001 1.11603
3820001 1.08215
3830001 1.09668
3840001 1.1104
3850001 1.12599
3860001 1.12842
3870001 1.06906
3880001 1.08923
3890001 1.13118
3900001 1.09223
3910001 1.07946
3920001 1.12732
3930001 1.07204
3940001 1.10028
3950001 1.09716
3960001 1.08805
3970001 1.15961
3980001 1.16998
3990001 1.16737
4000001 1.06871
4010001 1.1393
4020001 1.10163
4030001 1.13588
4040001 1.06749
4050001 1.18522
4060001 1.14071
4070001 1.05755
4080001 1.08306
4090001 1.12505
4100001 1.03963
4110001 1.1076
4120001 1.13725
4130001 1.18368
4140001 1.07328
4150001 1.1946
4160001 1.10467
4170001 1.11136
4180001 1.05576
4190001 1.16967
4200001 1.09595
4210001 1.09655
4220001 1.12395
4230001 1.07678
4240001 1.09899
4250001 1.10084
4260001 1.0628
4270001 1.10296
4280001 1.08514
4290001 1.11798
4300001 1.10269
4310001 1.11526
4320001 1.09579
4330001 1.06979
4340001 1.11331
4350001 1.09617
4360001 1.11752
4370001 1.11658
4380001 1.19504
4390001 1.20504
4400001 1.11341
4410001 1.13331
4420001 1.09871
4430001 1.10878
4440001 1.04953
4450001 1.10319
4460001 1.07086
4470001 1.17737
4480001 1.1347
4490001 1.09868
4500001 1.0967
4510001 1.11749
4520001 1.10337
4530001 1.0919
4540001 1.06685
4550001 1.14849
4560001 1.14266
4570001 1.07493
4580001 1.10034
4590001 1.07247
4600001 1.09704
4610001 1.13754
4620001 1.23037
4630001 1.06867
4640001 1.07308
4650001 1.10727
4660001 1.07281
4670001 1.0573
4680001 1.058
4690001 1.09283
4700001 1.17565
4710001 1.12966
4720001 1.12698
4730001 1.16731
4740001 1.10883
4750001 1.07806
4760001 1.08748
4770001 1.11832
4780001 1.1418
4790001 1.1506
4800001 1.07558
4810001 1.09632
4820001 1.1318
4830001 1.12428
4840001 1.11371
4850001 1.17338
4860001 1.04207
4870001 1.07921
4880001 1.11017
4890001 1.13967
4900001 1.17718
4910001 1.11163
4920001 1.06499
4930001 1.11312
4940001 1.11376
4950001 1.10656
4960001 1.13556
4970001 1.121
4980001 1.0812
4990001 1.1386
5000001 1.09591
5010001 1.09801
5020001 1.08479
5030001 1.10916
5040001 1.14327
5050001 1.20984
5060001 1.17715
5070001 1.12189
5080001 1.17344
5090001 1.10964
5100001 1.1254
5110001 1.20707
5120001 1.06044
5130001 1.07991
5140001 1.16085
5150001 1.10443
5160001 1.10706
5170001 1.16131
5180001 1.12376
5190001 1.11271
5200001 1.12173
5210001 1.1222
5220001 1.12193
5230001 1.12826
5240001 1.11071
5250001 1.1027
5260001 1.12102
5270001 1.17051
5280001 1.13904
5290001 1.1922
5300001 1.08275
5310001 1.09894
5320001 1.13504
5330001 1.11056
5340001 1.08661
5350001 1.12798
5360001 1.08473
5370001 1.14111
5380001 1.11819
5390001 1.12498
5400001 1.11562
5410001 1.1487
5420001 1.11307
5430001 1.10004
5440001 1.08091
5450001 1.13307
5460001 1.03186
5470001 1.06842
5480001 1.07647
5490001 1.12996
5500001 1.12399
5510001 1.11373
5520001 1.12383
5530001 1.08675
5540001 1.15684
5550001 1.10506
5560001 1.12517
5570001 1.17584
5580001 1.10078
5590001 1.10134
5600001 1.08794
5610001 1.07618
5620001 1.12315
5630001 1.12048
5640001 1.13822
5650001 1.08235
5660001 1.07447
5670001 1.17269
5680001 1.06579
5690001 1.08451
5700001 1.08205
5710001 1.09435
5720001 1.08598
5730001 1.12256
5740001 1.11142
5750001 1.09218
5760001 1.14268
5770001 1.11271
5780001 1.10272
5790001 1.086
5800001 1.08236
5810001 1.09504
5820001 1.0543
5830001 1.14058
5840001 1.06718
5850001 1.09129
5860001 1.11525
5870001 1.12977
5880001 1.13596
5890001 1.15856
5900001 1.1235
5910001 1.08528
5920001 1.11098
5930001 1.16232
5940001 1.11899
5950001 1.09026
5960001 1.15765
5970001 1.1166
5980001 1.15595
5990001 1.17872
6000001 1.06863
6010001 1.12155
6020001 1.12213
6030001 1.1506
6040001 1.17721
6050001 1.07615
6060001 1.12457
6070001 1.06997
6080001 1.11908
6090001 1.13348
6100001 1.132
6110001 1.07223
6120001 1.14069
6130001 1.06391
6140001 1.14723
6150001 1.09459
6160001 1.12154
6170001 1.08366
6180001 1.16723
6190001 1.14869
6200001 1.23085
6210001 1.09982
6220001 1.1674
6230001 1.15904
6240001 1.1459
6250001 1.13588
6260001 1.15208
6270001 1.14125
6280001 1.11124
6290001 1.12979
6300001 1.12916
6310001 1.09972
6320001 1.0527
6330001 1.04275
6340001 1.11832
6350001 1.08233
6360001 1.14046
6370001 1.14404
6380001 1.16875
6390001 1.13982
6400001 1.18899
6410001 1.13498
6420001 1.09034
6430001 1.08078
6440001 1.1091
6450001 1.11387
6460001 1.11183
6470001 1.1034
6480001 1.14935
6490001 1.12781
6500001 1.08487
6510001 1.10718
6520001 1.07333
6530001 1.07595
6540001 1.09571
6550001 1.08861
6560001 1.09012
6570001 1.11942
6580001 1.08751
6590001 1.07698
6600001 1.14795
6610001 1.11346
6620001 1.10034
6630001 1.17946
6640001 1.12687
6650001 1.06334
6660001 1.07624
6670001 1.09472
6680001 1.13246
6690001 1.07275
6700001 1.15034
6710001 1.10905
6720001 1.12964
6730001 1.11353
6740001 1.0898
6750001 1.11253
6760001 1.06378
6770001 1.13184
6780001 1.09794
6790001 1.07905
6800001 1.10372
6810001 1.06089
6820001 1.07511
6830001 1.13289
6840001 1.05476
6850001 1.12809
6860001 1.127
6870001 1.11072
6880001 1.09557
6890001 1.06786
6900001 1.14408
6910001 1.07821
6920001 1.17324
6930001 1.09347
6940001 1.11163
6950001 1.08429
6960001 1.10432
6970001 1.0554
6980001 1.11417
6990001 1.11575
7000001 1.08499
7010001 1.12356
7020001 1.06981
7030001 1.086
7040001 1.13121
7050001 1.09599
7060001 1.14564
7070001 1.10001
7080001 1.06843
7090001 1.04481
7100001 1.14268
7110001 1.06549
7120001 1.09646
7130001 1.10273
7140001 1.13226
7150001 1.11141
7160001 1.114
7170001 1.14321
7180001 1.10569
7190001 1.14421
7200001 1.12052
7210001 1.11296
7220001 1.13283
7230001 1.14371
7240001 1.15306
7250001 1.11223
7260001 1.1168
7270001 1.11938
7280001 1.12577
7290001 1.10353
7300001 1.1335
7310001 1.07984
7320001 1.1311
7330001 1.09386
7340001 1.15087
7350001 1.07708
7360001 1.11546
7370001 1.09132
7380001 1.04269
7390001 1.11283
7400001 1.08744
7410001 1.11989
7420001 1.1603
7430001 1.06354
7440001 1.11622
7450001 1.10593
7460001 1.10829
7470001 1.08399
7480001 1.07159
7490001 1.08379
7500001 1.114
7510001 1.13248
7520001 1.11073
7530001 1.08208
7540001 1.06002
7550001 1.1712
7560001 1.14493
7570001 1.16136
7580001 1.0922
7590001 1.10419
7600001 1.10866
7610001 1.10726
7620001 1.10328
7630001 1.09188
7640001 1.07899
7650001 1.10592
7660001 1.07333
7670001 1.06878
7680001 1.09275
7690001 1.13749
7700001 1.08632
7710001 1.07334
7720001 1.08447
7730001 1.10817
7740001 1.11151
7750001 1.08223
7760001 1.07909
7770001 1.13434
7780001 1.11273
7790001 1.14083
7800001 1.13993
7810001 1.08873
7820001 1.0781
7830001 1.0723
7840001 1.1847
7850001 1.09268
7860001 1.16192
7870001 1.11202
7880001 1.10205
7890001 1.05748
7900001 1.11831
7910001 1.12214
7920001 1.09344
7930001 1.07655
7940001 1.1154
7950001 1.0883
7960001 1.1146
7970001 1.15057
7980001 1.08315
7990001 1.07847
8000001 1.10351
8010001 1.14659
8020001 1.12456
8030001 1.09339
8040001 1.11461
8050001 1.13864
8060001 1.14205
8070001 1.11597
8080001 1.06117
8090001 1.11681
8100001 1.05957
8110001 1.03447
8120001 1.08799
8130001 1.10747
8140001 1.04911
8150001 1.14025
8160001 1.1246
8170001 1.14381
8180001 1.24114
8190001 1.07672
8200001 1.09738
8210001 1.20292
8220001 1.06213
8230001 1.07662
8240001 1.07863
8250001 1.04834
8260001 1.15165
8270001 1.14795
8280001 1.06994
8290001 1.16624
8300001 1.08305
8310001 1.06678
8320001 1.05732
8330001 1.08342
8340001 1.13069
8350001 1.08808
8360001 1.0856
8370001 1.08486
8380001 1.09544
8390001 1.11548
8400001 1.14202
8410001 1.13037
8420001 1.13402
8430001 1.09424
8440001 1.07828
8450001 1.1182
8460001 1.15633
8470001 1.1161
8480001 1.0944
8490001 1.04561
8500001 1.16699
8510001 1.09593
8520001 1.0578
8530001 1.07846
8540001 1.08516
8550001 1.22838
8560001 1.11196
8570001 1.09918
8580001 1.14555
8590001 1.10559
8600001 1.10401
8610001 1.15693
8620001 1.10549
8630001 1.11235
8640001 1.09017
8650001 1.06206
8660001 1.07707
8670001 1.1518
8680001 1.15233
8690001 1.07956
8700001 1.20348
8710001 1.11031
8720001 1.19633
8730001 1.15613
8740001 1.07251
8750001 1.11035
8760001 1.09539
8770001 1.08196
8780001 1.06998
8790001 1.06457
8800001 1.12124
8810001 1.12231
8820001 1.07145
8830001 1.09868
8840001 1.10471
8850001 1.10639
8860001 1.14094
8870001 1.09679
8880001 1.12378
8890001 1.07093
8900001 1.07951
8910001 1.07433
8920001 1.11519
8930001 1.08331
8940001 1.13484
8950001 1.0821
8960001 1.08209
8970001 1.06821
8980001 1.10394
8990001 1.05054
9000001 1.11911
9010001 1.06765
9020001 1.10334
9030001 1.12543
9040001 1.08362
9050001 1.11726
9060001 1.13727
9070001 1.13483
9080001 1.08441
9090001 1.13706
9100001 1.11533
9110001 1.09532
9120001 1.14083
9130001 1.0878
9140001 1.16779
9150001 1.12163
9160001 1.12594
9170001 1.09724
9180001 1.0486
9190001 1.10497
9200001 1.08356
9210001 1.13748
9220001 1.09034
9230001 1.23002
9240001 1.09889
9250001 1.11548
9260001 1.11865
9270001 1.07551
9280001 1.04491
9290001 1.08404
9300001 1.08877
9310001 1.11193
9320001 1.16816
9330001 1.18599
9340001 1.11145
9350001 1.06069
9360001 1.09127
9370001 1.07262
9380001 1.10365
9390001 1.04293
9400001 1.0935
9410001 1.1011
9420001 1.12841
9430001 1.08661
9440001 1.17254
9450001 1.12654
9460001 1.13805
9470001 1.14497
9480001 1.09064
9490001 1.09829
9500001 1.07937
9510001 1.07894
9520001 1.26937
9530001 1.08748
9540001 1.1386
9550001 1.10078
9560001 1.18665
9570001 1.08392
9580001 1.14864
9590001 1.09985
9600001 1.0889
9610001 1.11817
9620001 1.12544
9630001 1.16664
9640001 1.0737
9650001 1.07877
9660001 1.14663
9670001 1.06477
9680001 1.07837
9690001 1.14357
9700001 1.13698
9710001 1.09338
9720001 1.06049
9730001 1.1098
9740001 1.06725
9750001 1.13936
9760001 1.09493
9770001 1.06929
9780001 1.08009
9790001 1.1206
9800001 1.07321
9810001 1.11424
9820001 1.1166
9830001 1.08941
9840001 1.09208
9850001 1.11907
9860001 1.05799
9870001 1.14333
9880001 1.12089
9890001 1.09497
9900001 1.07481
9910001 1.15259
9920001 1.05927
9930001 1.08067
9940001 1.07692
9950001 1.10594
9960001 1.06765
9970001 1.14567
9980001 1.10553
9990001 1.1085
