1 15.8474
10001 4.90038
20001 3.0096
30001 2.28025
40001 1.87803
50001 1.60982
60001 1.41848
70001 1.27113
80001 1.1508
90001 1.05369
100001 0.972839
110001 0.90223
120001 0.844465
130001 0.792783
140001 0.747375
150001 0.707761
160001 0.671823
170001 0.641853
180001 0.612024
190001 0.586797
200001 0.563412
210001 0.541238
220001 0.521469
230001 0.503473
240001 0.486109
250001 0.47134
260001 0.455592
270001 0.442539
280001 0.430293
290001 0.417551
300001 0.40739
310001 0.396449
320001 0.388087
330001 0.379149
340001 0.370082
350001 0.361579
360001 0.35396
370001 0.346268
380001 0.339734
390001 0.332719
400001 0.326619
410001 0.32138
420001 0.314317
430001 0.309669
440001 0.305993
450001 0.301637
460001 0.295021
470001 0.290492
480001 0.290105
490001 0.283493
500001 0.279141
510001 0.2761
520001 0.273207
530001 0.270055
540001 0.268418
550001 0.263161
560001 0.257381
570001 0.256155
580001 0.254271
590001 0.251173
600001 0.247195
610001 0.243198
620001 0.240802
630001 0.238795
640001 0.235221
650001 0.232757
660001 0.232423
670001 0.230679
680001 0.227109
690001 0.225538
700001 0.224156
710001 0.220863
720001 0.219963
730001 0.217762
740001 0.214767
750001 0.212532
760001 0.212223
770001 0.209147
780001 0.207919
790001 0.207911
800001 0.20728
810001 0.208474
820001 0.204682
830001 0.201773
840001 0.200117
850001 0.198206
860001 0.197601
870001 0.195865
880001 0.194496
890001 0.195934
900001 0.193471
910001 0.192852
920001 0.190335
930001 0.188719
940001 0.187072
950001 0.185483
960001 0.183755
970001 0.185847
980001 0.184292
990001 0.183365
1000001 0.182736
1010001 0.18025
1020001 0.180624
1030001 0.18079
1040001 0.18327
1050001 0.180379
1060001 0.177974
1070001 0.177861
1080001 0.177258
1090001 0.175279
1100001 0.17485
1110001 0.175952
1120001 0.176028
1130001 0.172527
1140001 0.174438
1150001 0.174219
1160001 0.171757
1170001 0.174022
1180001 0.17285
1190001 0.173598
1200001 0.171157
1210001 0.172231
1220001 0.169076
1230001 0.170252
1240001 0.17059
1250001 0.167395
1260001 0.171125
1270001 0.16855
1280001 0.166227
1290001 0.166549
1300001 0.165452
1310001 0.164932
1320001 0.162492
1330001 0.163845
1340001 0.162702
1350001 0.163989
1360001 0.163899
1370001 0.163858
1380001 0.161496
1390001 0.160849
1400001 0.162124
1410001 0.162834
1420001 0.163176
1430001 0.163522
1440001 0.160808
1450001 0.160718
1460001 0.156835
1470001 0.160791
1480001 0.157648
1490001 0.159181
1500001 0.1571
1510001 0.156918
1520001 0.159206
1530001 0.156579
1540001 0.157021
1550001 0.156814
1560001 0.158803
1570001 0.158955
1580001 0.156335
1590001 0.153891
1600001 0.154949
1610001 0.156739
1620001 0.156026
1630001 0.157544
1640001 0.157368
1650001 0.158729
1660001 0.155504
1670001 0.154726
1680001 0.158431
1690001 0.157132
1700001 0.156635
1710001 0.153606
1720001 0.154611
1730001 0.155652
1740001 0.153968
1750001 0.151817
1760001 0.151427
1770001 0.151035
1780001 0.149291
1790001 0.151041
1800001 0.152828
1810001 0.15022
1820001 0.151882
1830001 0.14813
1840001 0.151241
1850001 0.15236
1860001 0.151314
1870001 0.147848
1880001 0.148121
1890001 0.14899
1900001 0.152638
1910001 0.147989
1920001 0.150331
1930001 0.147345
1940001 0.147319
1950001 0.146817
1960001 0.144099
1970001 0.15198
1980001 0.150243
1990001 0.150198
2000001 0.147754
2010001 0.150717
2020001 0.148391
2030001 0.151377
2040001 0.149877
2050001 0.148128
2060001 0.15023
2070001 0.147449
2080001 0.148406
2090001 0.148014
2100001 0.147738
2110001 0.145212
2120001 0.146857
2130001 0.143772
2140001 0.14752
2150001 0.143945
2160001 0.143696
2170001 0.14719
2180001 0.143605
2190001 0.144339
2200001 0.143838
2210001 0.146491
2220001 0.144443
2230001 0.143336
2240001 0.142073
2250001 0.141144
2260001 0.141093
2270001 0.143899
2280001 0.142506
2290001 0.142509
2300001 0.145028
2310001 0.144333
2320001 0.142476
2330001 0.14395
2340001 0.141913
2350001 0.143059
2360001 0.138534
2370001 0.143581
2380001 0.141985
2390001 0.143884
2400001 0.13833
2410001 0.140996
2420001 0.144961
2430001 0.141062
2440001 0.142586
2450001 0.143239
2460001 0.145947
2470001 0.144314
2480001 0.139487
2490001 0.141723
2500001 0.14135
2510001 0.137554
2520001 0.142133
2530001 0.141513
2540001 0.140773
2550001 0.144509
2560001 0.145135
2570001 0.145949
2580001 0.14351
2590001 0.14123
2600001 0.140143
2610001 0.141094
2620001 0.140128
2630001 0.143237
2640001 0.142296
2650001 0.141027
2660001 0.140465
2670001 0.140957
2680001 0.140256
2690001 0.140523
2700001 0.137401
2710001 0.138675
2720001 0.142961
2730001 0.139411
2740001 0.138392
2750001 0.140306
2760001 0.14247
2770001 0.140019
2780001 0.144081
2790001 0.140918
2800001 0.142742
2810001 0.140969
2820001 0.140895
2830001 0.140042
2840001 0.141634
2850001 0.140781
2860001 0.137164
2870001 0.138187
2880001 0.139335
2890001 0.13908
2900001 0.14236
2910001 0.140543
2920001 0.142278
2930001 0.142071
2940001 0.144428
2950001 0.142406
2960001 0.140998
2970001 0.140339
2980001 0.142651
2990001 0.142287
3000001 0.143388
3010001 0.140921
3020001 0.142011
3030001 0.140847
3040001 0.141386
3050001 0.14223
3060001 0.1445
3070001 0.139401
3080001 0.14172
3090001 0.140247
3100001 0.142691
3110001 0.140719
3120001 0.139899
3130001 0.142801
3140001 0.142053
3150001 0.142607
3160001 0.143813
3170001 0.146341
3180001 0.144798
3190001 0.144961
3200001 0.141868
3210001 0.14193
3220001 0.14131
3230001 0.141651
3240001 0.142178
3250001 0.14589
3260001 0.143353
3270001 0.141612
3280001 0.140446
3290001 0.138082
3300001 0.140213
3310001 0.140117
3320001 0.140436
3330001 0.141114
3340001 0.138145
3350001 0.139038
3360001 0.142369
3370001 0.14102
3380001 0.143183
3390001 0.138543
3400001 0.138727
3410001 0.14224
3420001 0.139823
3430001 0.138235
3440001 0.140032
3450001 0.138554
3460001 0.138896
3470001 0.138941
3480001 0.138556
3490001 0.137292
3500001 0.138747
3510001 0.137023
3520001 0.139544
3530001 0.140272
3540001 0.135004
3550001 0.134871
3560001 0.138578
3570001 0.136807
3580001 0.138103
3590001 0.134523
3600001 0.135993
3610001 0.139351
3620001 0.137567
3630001 0.135219
3640001 0.1367
3650001 0.137079
3660001 0.14049
3670001 0.13962
3680001 0.137345
3690001 0.138681
3700001 0.13761
3710001 0.136718
3720001 0.139222
3730001 0.138332
3740001 0.137411
3750001 0.138198
3760001 0.139062
3770001 0.139084
3780001 0.136363
3790001 0.139157
3800001 0.138617
3810001 0.13976
3820001 0.138064
3830001 0.139172
3840001 0.135214
3850001 0.136094
3860001 0.136872
3870001 0.132717
3880001 0.132877
3890001 0.132815
3900001 0.134028
3910001 0.133988
3920001 0.13668
3930001 0.135517
3940001 0.13844
3950001 0.135478
3960001 0.13818
3970001 0.139451
3980001 0.138076
3990001 0.138595
4000001 0.136401
4010001 0.137429
4020001 0.138159
4030001 0.137794
4040001 0.137055
4050001 0.138449
4060001 0.137615
4070001 0.134534
4080001 0.135047
4090001 0.136039
4100001 0.13541
4110001 0.13498
4120001 0.138653
4130001 0.144257
4140001 0.139314
4150001 0.140192
4160001 0.137497
4170001 0.137124
4180001 0.135913
4190001 0.136422
4200001 0.133429
4210001 0.134451
4220001 0.135928
4230001 0.133881
4240001 0.13499
4250001 0.136654
4260001 0.133851
4270001 0.135501
4280001 0.136023
4290001 0.137764
4300001 0.134988
4310001 0.134819
4320001 0.133003
4330001 0.132827
4340001 0.135842
4350001 0.133851
4360001 0.134086
4370001 0.134386
4380001 0.133481
4390001 0.134583
4400001 0.133202
4410001 0.131681
4420001 0.130646
4430001 0.131939
4440001 0.129523
4450001 0.132357
4460001 0.132985
4470001 0.134096
4480001 0.132869
4490001 0.13208
4500001 0.129298
4510001 0.127779
4520001 0.130546
4530001 0.13061
4540001 0.130772
4550001 0.133787
4560001 0.135416
4570001 0.131818
4580001 0.1304
4590001 0.131467
4600001 0.131169
4610001 0.133509
4620001 0.132724
4630001 0.13159
4640001 0.12862
4650001 0.133463
4660001 0.130307
4670001 0.132774
4680001 0.130784
4690001 0.134004
4700001 0.13468
4710001 0.137477
4720001 0.13654
4730001 0.138398
4740001 0.135063
4750001 0.135875
4760001 0.132805
4770001 0.134146
4780001 0.140909
4790001 0.136468
4800001 0.134396
4810001 0.132664
4820001 0.133566
4830001 0.136208
4840001 0.134256
4850001 0.137862
4860001 0.131446
4870001 0.133038
4880001 0.135122
4890001 0.136401
4900001 0.139508
4910001 0.138008
4920001 0.134289
4930001 0.13621
4940001 0.132611
4950001 0.13309
4960001 0.132236
4970001 0.134591
4980001 0.133533
4990001 0.133194
5000001 0.131411
5010001 0.133127
5020001 0.131122
5030001 0.131508
5040001 0.134512
5050001 0.135427
5060001 0.135603
5070001 0.135998
5080001 0.138097
5090001 0.133163
5100001 0.134876
5110001 0.134987
5120001 0.132817
5130001 0.132789
5140001 0.134021
5150001 0.133275
5160001 0.134168
5170001 0.134367
5180001 0.132289
5190001 0.128407
5200001 0.130538
5210001 0.130718
5220001 0.128669
5230001 0.131332
5240001 0.129312
5250001 0.133019
5260001 0.135162
5270001 0.133169
5280001 0.130538
5290001 0.130557
5300001 0.130476
5310001 0.130737
5320001 0.132624
5330001 0.131432
5340001 0.129035
5350001 0.132994
5360001 0.132364
5370001 0.131839
5380001 0.131356
5390001 0.13189
5400001 0.129016
5410001 0.13073
5420001 0.134151
5430001 0.133613
5440001 0.130553
5450001 0.131976
5460001 0.128134
5470001 0.127378
5480001 0.128201
5490001 0.12978
5500001 0.130531
5510001 0.131371
5520001 0.134492
5530001 0.131007
5540001 0.130934
5550001 0.128995
5560001 0.133774
5570001 0.132448
5580001 0.130959
5590001 0.131281
5600001 0.132155
5610001 0.133743
5620001 0.132153
5630001 0.134053
5640001 0.13342
5650001 0.13258
5660001 0.129839
5670001 0.131632
5680001 0.128133
5690001 0.130975
5700001 0.12932
5710001 0.132586
5720001 0.13093
5730001 0.128669
5740001 0.129759
5750001 0.131383
5760001 0.132778
5770001 0.133729
5780001 0.132565
5790001 0.131139
5800001 0.131292
5810001 0.133753
5820001 0.129537
5830001 0.133383
5840001 0.130426
5850001 0.12785
5860001 0.129861
5870001 0.128285
5880001 0.13239
5890001 0.133542
5900001 0.135717
5910001 0.13034
5920001 0.132332
5930001 0.134243
5940001 0.133601
5950001 0.132098
5960001 0.13711
5970001 0.134719
5980001 0.135637
5990001 0.136222
6000001 0.130394
6010001 0.134108
6020001 0.13516
6030001 0.132347
6040001 0.135197
6050001 0.133405
6060001 0.133809
6070001 0.132707
6080001 0.136068
6090001 0.134378
6100001 0.135321
6110001 0.132614
6120001 0.134619
6130001 0.131336
6140001 0.135201
6150001 0.132428
6160001 0.130268
6170001 0.130375
6180001 0.135693
6190001 0.132674
6200001 0.133454
6210001 0.132536
6220001 0.134407
6230001 0.134722
6240001 0.134533
6250001 0.132532
6260001 0.133856
6270001 0.135007
6280001 0.133549
6290001 0.13249
6300001 0.131957
6310001 0.131197
6320001 0.129541
6330001 0.125127
6340001 0.130413
6350001 0.131223
6360001 0.132475
6370001 0.132724
6380001 0.134777
6390001 0.131097
6400001 0.13274
6410001 0.130072
6420001 0.131179
6430001 0.128138
6440001 0.132192
6450001 0.129857
6460001 0.132032
6470001 0.129844
6480001 0.130538
6490001 0.128271
6500001 0.133097
6510001 0.133228
6520001 0.133501
6530001 0.132973
6540001 0.132693
6550001 0.133246
6560001 0.134906
6570001 0.132903
6580001 0.133507
6590001 0.131328
6600001 0.132311
6610001 0.131005
6620001 0.130278
6630001 0.136446
6640001 0.136769
6650001 0.133788
6660001 0.134971
6670001 0.133035
6680001 0.134503
6690001 0.135886
6700001 0.139619
6710001 0.137997
6720001 0.138037
6730001 0.136945
6740001 0.135865
6750001 0.135697
6760001 0.134249
6770001 0.138741
6780001 0.135134
6790001 0.134909
6800001 0.131184
6810001 0.130135
6820001 0.128784
6830001 0.131873
6840001 0.128726
6850001 0.132294
6860001 0.132437
6870001 0.131534
6880001 0.132988
6890001 0.129357
6900001 0.133271
6910001 0.130461
6920001 0.134146
6930001 0.132339
6940001 0.133502
6950001 0.130509
6960001 0.134394
6970001 0.130146
6980001 0.133171
6990001 0.131008
7000001 0.132337
7010001 0.13802
7020001 0.13403
7030001 0.132844
7040001 0.134977
7050001 0.13256
7060001 0.135363
7070001 0.133599
7080001 0.132894
7090001 0.129887
7100001 0.132987
7110001 0.13249
7120001 0.132874
7130001 0.132652
7140001 0.131947
7150001 0.135469
7160001 0.134425
7170001 0.135836
7180001 0.135291
7190001 0.13579
7200001 0.132819
7210001 0.136692
7220001 0.131565
7230001 0.13584
7240001 0.137363
7250001 0.136696
7260001 0.135342
7270001 0.139414
7280001 0.136493
7290001 0.139618
7300001 0.140568
7310001 0.134169
7320001 0.135628
7330001 0.137195
7340001 0.138388
7350001 0.132912
7360001 0.135718
7370001 0.135346
7380001 0.132381
7390001 0.133492
7400001 0.135389
7410001 0.135954
7420001 0.138244
7430001 0.135902
7440001 0.135224
7450001 0.136802
7460001 0.134051
7470001 0.132738
7480001 0.132807
7490001 0.131676
7500001 0.131698
7510001 0.133476
7520001 0.132632
7530001 0.132834
7540001 0.131615
7550001 0.135308
7560001 0.132934
7570001 0.134925
7580001 0.132169
7590001 0.134316
7600001 0.132915
7610001 0.130941
7620001 0.132255
7630001 0.133699
7640001 0.130512
7650001 0.130015
7660001 0.131978
7670001 0.12944
7680001 0.129964
7690001 0.13267
7700001 0.1328
7710001 0.129657
7720001 0.132398
7730001 0.13275
7740001 0.133187
7750001 0.132725
7760001 0.131668
7770001 0.131431
7780001 0.134504
7790001 0.13294
7800001 0.129898
7810001 0.129716
7820001 0.129232
7830001 0.128815
7840001 0.135142
7850001 0.129066
7860001 0.132799
7870001 0.130597
7880001 0.133754
7890001 0.132063
7900001 0.136341
7910001 0.135727
7920001 0.134142
7930001 0.1312
7940001 0.131917
7950001 0.131365
7960001 0.135156
7970001 0.136371
7980001 0.132971
7990001 0.132508
8000001 0.132203
8010001 0.134905
8020001 0.132605
8030001 0.133909
8040001 0.134632
8050001 0.134369
8060001 0.132471
8070001 0.133865
8080001 0.130559
8090001 0.131362
8100001 0.129861
8110001 0.129803
8120001 0.131836
8130001 0.133086
8140001 0.13037
8150001 0.131649
8160001 0.130724
8170001 0.134859
8180001 0.135353
8190001 0.132189
8200001 0.131212
8210001 0.134127
8220001 0.131217
8230001 0.129951
8240001 0.13126
8250001 0.130193
8260001 0.135808
8270001 0.132467
8280001 0.131698
8290001 0.134823
8300001 0.131126
8310001 0.131043
8320001 0.132184
8330001 0.133102
8340001 0.137789
8350001 0.133156
8360001 0.133328
8370001 0.133902
8380001 0.13261
8390001 0.135293
8400001 0.138174
8410001 0.134575
8420001 0.134585
8430001 0.134849
8440001 0.133554
8450001 0.135241
8460001 0.135307
8470001 0.135525
8480001 0.133911
8490001 0.132357
8500001 0.136415
8510001 0.135467
8520001 0.13307
8530001 0.132049
8540001 0.131168
8550001 0.136745
8560001 0.134435
8570001 0.131811
8580001 0.13336
8590001 0.132776
8600001 0.131987
8610001 0.133651
8620001 0.131016
8630001 0.13258
8640001 0.131784
8650001 0.130985
8660001 0.132481
8670001 0.136314
8680001 0.137681
8690001 0.134123
8700001 0.138384
8710001 0.136111
8720001 0.138705
8730001 0.137526
8740001 0.13485
8750001 0.133026
8760001 0.13118
8770001 0.134447
8780001 0.131468
8790001 0.131725
8800001 0.135044
8810001 0.135468
8820001 0.134035
8830001 0.136937
8840001 0.135986
8850001 0.1365
8860001 0.138594
8870001 0.137547
8880001 0.138897
8890001 0.137704
8900001 0.135351
8910001 0.135118
8920001 0.138762
8930001 0.132667
8940001 0.13501
8950001 0.133409
8960001 0.13418
8970001 0.132157
8980001 0.134755
8990001 0.131333
9000001 0.13493
9010001 0.132609
9020001 0.132219
9030001 0.135182
9040001 0.134939
9050001 0.135523
9060001 0.135455
9070001 0.140252
9080001 0.136806
9090001 0.137917
9100001 0.132583
9110001 0.132078
9120001 0.133602
9130001 0.132455
9140001 0.13803
9150001 0.135405
9160001 0.134995
9170001 0.132339
9180001 0.131095
9190001 0.133704
9200001 0.132592
9210001 0.134656
9220001 0.131377
9230001 0.135698
9240001 0.131661
9250001 0.134242
9260001 0.135702
9270001 0.132775
9280001 0.131154
9290001 0.134102
9300001 0.133838
9310001 0.135437
9320001 0.138451
9330001 0.134593
9340001 0.135957
9350001 0.135141
9360001 0.135218
9370001 0.135093
9380001 0.133534
9390001 0.131908
9400001 0.133153
9410001 0.132594
9420001 0.132601
9430001 0.131957
9440001 0.133832
9450001 0.134207
9460001 0.134365
9470001 0.138349
9480001 0.134541
9490001 0.131753
9500001 0.134773
9510001 0.133899
9520001 0.133481
9530001 0.132424
9540001 0.134543
9550001 0.131563
9560001 0.135696
9570001 0.133376
9580001 0.133806
9590001 0.131306
9600001 0.13074
9610001 0.132153
9620001 0.132199
9630001 0.135157
9640001 0.132242
9650001 0.131898
9660001 0.136667
9670001 0.134856
9680001 0.134656
9690001 0.135746
9700001 0.135684
9710001 0.134251
9720001 0.130112
9730001 0.132446
9740001 0.129044
9750001 0.130505
9760001 0.133627
9770001 0.130457
9780001 0.129355
9790001 0.131162
9800001 0.128805
9810001 0.131179
9820001 0.132709
9830001 0.13327
9840001 0.130565
9850001 0.130243
9860001 0.129121
9870001 0.131185
9880001 0.133088
9890001 0.132989
9900001 0.134011
9910001 0.135607
9920001 0.132518
9930001 0.132275
9940001 0.131963
9950001 0.136118
9960001 0.133868
9970001 0.135755
9980001 0.132129
9990001 0.133666
10000001 0.134341
10010001 0.129669
10020001 0.131724
10030001 0.128462
10040001 0.134133
10050001 0.134207
10060001 0.131397
10070001 0.134091
10080001 0.132767
10090001 0.132921
10100001 0.133117
10110001 0.136116
10120001 0.130727
10130001 0.130256
10140001 0.135493
10150001 0.13399
10160001 0.133162
10170001 0.12968
10180001 0.129439
10190001 0.129783
10200001 0.134857
10210001 0.130938
10220001 0.131036
10230001 0.129504
10240001 0.13111
10250001 0.130516
10260001 0.130803
10270001 0.128307
10280001 0.129031
10290001 0.130972
10300001 0.127852
10310001 0.127262
10320001 0.128448
10330001 0.131818
10340001 0.129006
10350001 0.129673
10360001 0.133738
10370001 0.128748
10380001 0.129048
10390001 0.131644
10400001 0.134399
10410001 0.133501
10420001 0.132551
10430001 0.135036
10440001 0.131951
10450001 0.131213
10460001 0.136924
10470001 0.133199
10480001 0.134459
10490001 0.134373
10500001 0.133086
10510001 0.134187
10520001 0.13502
10530001 0.13316
10540001 0.133605
10550001 0.131479
10560001 0.134076
10570001 0.128918
10580001 0.132199
10590001 0.136797
10600001 0.13497
10610001 0.135524
10620001 0.133576
10630001 0.136817
10640001 0.133877
10650001 0.136928
10660001 0.135311
10670001 0.13615
10680001 0.133255
10690001 0.137107
10700001 0.135189
10710001 0.138592
10720001 0.137717
10730001 0.136054
10740001 0.13358
10750001 0.134853
10760001 0.136277
10770001 0.132731
10780001 0.129731
10790001 0.133222
10800001 0.131263
10810001 0.130987
10820001 0.131793
10830001 0.132494
10840001 0.130706
10850001 0.133017
10860001 0.133948
10870001 0.133215
10880001 0.133462
10890001 0.136057
10900001 0.137005
10910001 0.134586
10920001 0.140131
10930001 0.136387
10940001 0.137966
10950001 0.138591
10960001 0.138733
10970001 0.136686
10980001 0.136578
10990001 0.131682
11000001 0.13341
11010001 0.13625
11020001 0.134806
11030001 0.131691
11040001 0.133382
11050001 0.134697
11060001 0.133343
11070001 0.135218
11080001 0.136779
11090001 0.136357
11100001 0.137546
11110001 0.134999
11120001 0.133692
11130001 0.13462
11140001 0.134533
11150001 0.134551
11160001 0.137107
11170001 0.134841
11180001 0.135212
11190001 0.132568
11200001 0.134275
11210001 0.13463
11220001 0.135656
11230001 0.133668
11240001 0.134658
11250001 0.135543
11260001 0.132086
11270001 0.130912
11280001 0.127613
11290001 0.128549
11300001 0.13266
11310001 0.130362
11320001 0.136938
11330001 0.131492
11340001 0.133217
11350001 0.132463
11360001 0.135443
11370001 0.135016
11380001 0.129172
11390001 0.132554
11400001 0.137112
11410001 0.136337
11420001 0.136143
11430001 0.135236
11440001 0.135956
11450001 0.133416
11460001 0.13337
11470001 0.131218
11480001 0.132151
11490001 0.132586
11500001 0.130551
11510001 0.133754
11520001 0.13346
11530001 0.137887
11540001 0.134455
11550001 0.135332
11560001 0.134613
11570001 0.133598
11580001 0.132206
11590001 0.133811
11600001 0.134741
11610001 0.133076
11620001 0.13911
11630001 0.13846
11640001 0.132857
11650001 0.132697
11660001 0.134625
11670001 0.138413
11680001 0.136338
11690001 0.137327
11700001 0.133998
11710001 0.135899
11720001 0.133081
11730001 0.135309
11740001 0.137536
11750001 0.134765
11760001 0.132683
11770001 0.132565
11780001 0.133189
11790001 0.133031
11800001 0.13726
11810001 0.138633
11820001 0.137626
11830001 0.135138
11840001 0.13645
11850001 0.134796
11860001 0.134824
11870001 0.135251
11880001 0.136452
11890001 0.134006
11900001 0.136793
11910001 0.134495
11920001 0.136729
11930001 0.134989
11940001 0.135163
11950001 0.134848
11960001 0.137697
11970001 0.135288
11980001 0.134868
11990001 0.139234
12000001 0.135499
12010001 0.134915
12020001 0.137508
12030001 0.136707
12040001 0.137034
12050001 0.138285
12060001 0.132893
12070001 0.131998
12080001 0.130488
12090001 0.136604
12100001 0.133345
12110001 0.132606
12120001 0.135683
12130001 0.134521
12140001 0.136019
12150001 0.134154
12160001 0.135177
12170001 0.135646
12180001 0.134443
12190001 0.139406
12200001 0.1381
12210001 0.138108
12220001 0.136892
12230001 0.135479
12240001 0.137284
12250001 0.137882
12260001 0.138966
12270001 0.135917
12280001 0.13537
12290001 0.136264
12300001 0.136968
12310001 0.135834
12320001 0.134295
12330001 0.134159
12340001 0.133132
12350001 0.134714
12360001 0.134876
12370001 0.137297
12380001 0.133676
12390001 0.135155
12400001 0.135745
12410001 0.137653
12420001 0.135828
12430001 0.136643
12440001 0.136813
12450001 0.136252
12460001 0.135706
12470001 0.135346
12480001 0.137521
12490001 0.138159
12500001 0.136833
12510001 0.135194
12520001 0.131634
12530001 0.136107
12540001 0.133491
12550001 0.133078
12560001 0.137598
12570001 0.136502
12580001 0.135108
12590001 0.132955
12600001 0.132055
12610001 0.131471
12620001 0.132388
12630001 0.133662
12640001 0.132573
12650001 0.131289
12660001 0.132023
12670001 0.133554
12680001 0.131172
12690001 0.13154
12700001 0.135029
12710001 0.136375
12720001 0.132234
12730001 0.131761
12740001 0.130393
12750001 0.13636
12760001 0.13296
12770001 0.131211
12780001 0.131109
12790001 0.129856
12800001 0.131063
12810001 0.129158
12820001 0.132499
12830001 0.135331
12840001 0.132287
12850001 0.132311
12860001 0.128471
12870001 0.131098
12880001 0.128952
12890001 0.132741
12900001 0.135152
12910001 0.133695
12920001 0.134529
12930001 0.132724
12940001 0.133242
12950001 0.133237
12960001 0.133171
12970001 0.13086
12980001 0.129407
12990001 0.132183
13000001 0.131467
13010001 0.130752
13020001 0.130765
13030001 0.128332
13040001 0.128737
13050001 0.130314
13060001 0.133648
13070001 0.132499
13080001 0.134537
13090001 0.132367
13100001 0.133275
13110001 0.13433
13120001 0.132971
13130001 0.133822
13140001 0.132325
13150001 0.131846
13160001 0.129716
13170001 0.12847
13180001 0.125052
13190001 0.126946
13200001 0.127554
13210001 0.128403
13220001 0.127846
13230001 0.130298
13240001 0.128853
13250001 0.125777
13260001 0.128585
13270001 0.126921
13280001 0.130275
13290001 0.133826
13300001 0.132885
13310001 0.133845
13320001 0.132334
13330001 0.130431
13340001 0.130774
13350001 0.132654
13360001 0.134648
13370001 0.133669
13380001 0.134598
13390001 0.133356
13400001 0.131284
13410001 0.131548
13420001 0.132871
13430001 0.135683
13440001 0.131463
13450001 0.132947
13460001 0.12937
13470001 0.130076
13480001 0.128875
13490001 0.124377
13500001 0.132972
13510001 0.133872
13520001 0.132991
13530001 0.128797
13540001 0.130168
13550001 0.130672
13560001 0.129608
13570001 0.135239
13580001 0.132252
13590001 0.130722
13600001 0.13073
13610001 0.130475
13620001 0.132371
13630001 0.135234
13640001 0.134051
13650001 0.129285
13660001 0.131356
13670001 0.130933
13680001 0.13199
13690001 0.132761
13700001 0.131595
13710001 0.129367
13720001 0.128669
13730001 0.127324
13740001 0.128051
13750001 0.13061
13760001 0.130047
13770001 0.130294
13780001 0.127903
13790001 0.131899
13800001 0.132406
13810001 0.133994
13820001 0.12988
13830001 0.129746
13840001 0.128578
13850001 0.131392
13860001 0.131192
13870001 0.134007
13880001 0.13051
13890001 0.13436
13900001 0.133303
13910001 0.127865
13920001 0.128391
13930001 0.129585
13940001 0.131538
13950001 0.134711
13960001 0.128677
13970001 0.128664
13980001 0.126826
13990001 0.130661
14000001 0.133724
14010001 0.132731
14020001 0.131853
14030001 0.133949
14040001 0.138002
14050001 0.137115
14060001 0.135013
14070001 0.132978
14080001 0.131689
14090001 0.1359
14100001 0.136412
14110001 0.137349
14120001 0.130979
14130001 0.130048
14140001 0.132009
14150001 0.131309
14160001 0.132594
14170001 0.1317
14180001 0.130162
14190001 0.131036
14200001 0.128813
14210001 0.127849
14220001 0.133938
14230001 0.136084
14240001 0.135318
14250001 0.133157
14260001 0.133426
14270001 0.131913
14280001 0.13001
14290001 0.134374
14300001 0.131237
14310001 0.13467
14320001 0.133732
14330001 0.133233
14340001 0.13506
14350001 0.133009
14360001 0.129686
14370001 0.132506
14380001 0.134743
14390001 0.133066
14400001 0.132974
14410001 0.132987
14420001 0.133816
14430001 0.13275
14440001 0.1307
14450001 0.132074
14460001 0.13072
14470001 0.134017
14480001 0.131906
14490001 0.135138
14500001 0.131621
14510001 0.134062
14520001 0.135008
14530001 0.133153
14540001 0.134881
14550001 0.134466
14560001 0.135859
14570001 0.131976
14580001 0.135358
14590001 0.130949
14600001 0.130553
14610001 0.133703
14620001 0.13436
14630001 0.129585
14640001 0.130543
14650001 0.129612
14660001 0.130618
14670001 0.13002
14680001 0.131959
14690001 0.138825
14700001 0.129792
14710001 0.130721
14720001 0.127127
14730001 0.13311
14740001 0.136821
14750001 0.131412
14760001 0.131491
14770001 0.133232
14780001 0.135978
14790001 0.131926
14800001 0.129836
14810001 0.135179
14820001 0.134499
14830001 0.13372
14840001 0.133344
14850001 0.132113
14860001 0.131569
14870001 0.133268
14880001 0.13014
14890001 0.131682
14900001 0.135746
14910001 0.134478
14920001 0.134777
14930001 0.13448
14940001 0.13298
14950001 0.133096
14960001 0.132077
14970001 0.130947
14980001 0.131491
14990001 0.134079
15000001 0.133645
15010001 0.131278
15020001 0.131827
15030001 0.133922
15040001 0.130943
15050001 0.13239
15060001 0.135282
15070001 0.135067
15080001 0.134388
15090001 0.134914
15100001 0.134805
15110001 0.134658
15120001 0.135177
15130001 0.133024
15140001 0.129432
15150001 0.130827
15160001 0.132239
15170001 0.13498
15180001 0.133222
15190001 0.132928
15200001 0.132662
15210001 0.135819
15220001 0.133511
15230001 0.139039
15240001 0.137248
15250001 0.132802
15260001 0.134817
15270001 0.135517
15280001 0.136562
15290001 0.136362
15300001 0.134826
15310001 0.138708
15320001 0.136311
15330001 0.133657
15340001 0.136083
15350001 0.133789
15360001 0.1346
15370001 0.134321
15380001 0.135131
15390001 0.136924
15400001 0.136701
15410001 0.136228
15420001 0.138388
15430001 0.136263
15440001 0.142283
15450001 0.137261
15460001 0.137821
15470001 0.140887
15480001 0.138758
15490001 0.136922
15500001 0.134474
15510001 0.133893
15520001 0.135573
15530001 0.13553
15540001 0.139386
15550001 0.139094
15560001 0.135303
15570001 0.134273
15580001 0.132861
15590001 0.13589
15600001 0.1368
15610001 0.138388
15620001 0.136254
15630001 0.13703
15640001 0.137681
15650001 0.138147
15660001 0.13866
15670001 0.134997
15680001 0.139325
15690001 0.139526
15700001 0.13826
15710001 0.136359
15720001 0.141189
15730001 0.138069
15740001 0.135495
15750001 0.136913
15760001 0.138675
15770001 0.137379
15780001 0.136996
15790001 0.136924
15800001 0.135597
15810001 0.141215
15820001 0.136652
15830001 0.131578
15840001 0.133018
15850001 0.133454
15860001 0.13773
15870001 0.135229
15880001 0.137327
15890001 0.139153
15900001 0.135431
15910001 0.135894
15920001 0.137023
15930001 0.138807
15940001 0.138595
15950001 0.137206
15960001 0.135561
15970001 0.13458
15980001 0.137491
15990001 0.137543
16000001 0.137348
16010001 0.137046
16020001 0.138154
16030001 0.139445
16040001 0.134278
16050001 0.136078
16060001 0.137426
16070001 0.13615
16080001 0.136959
16090001 0.135308
16100001 0.137916
16110001 0.136526
16120001 0.136214
16130001 0.133711
16140001 0.134742
16150001 0.139829
16160001 0.133702
16170001 0.134391
16180001 0.131213
16190001 0.13416
16200001 0.134757
16210001 0.133821
16220001 0.135529
16230001 0.135309
16240001 0.133702
16250001 0.133531
16260001 0.132854
16270001 0.132655
16280001 0.132623
16290001 0.130726
16300001 0.127738
16310001 0.12879
16320001 0.132067
16330001 0.130048
16340001 0.13088
16350001 0.130589
16360001 0.131408
16370001 0.128372
16380001 0.12882
16390001 0.129959
16400001 0.131525
16410001 0.129574
16420001 0.126938
16430001 0.127993
16440001 0.130743
16450001 0.129835
16460001 0.128249
16470001 0.13397
16480001 0.134185
16490001 0.132233
16500001 0.131915
16510001 0.130955
16520001 0.128573
16530001 0.133011
16540001 0.131731
16550001 0.130932
16560001 0.129566
16570001 0.1318
16580001 0.133692
16590001 0.130509
16600001 0.130097
16610001 0.131307
16620001 0.133637
16630001 0.134258
16640001 0.132327
16650001 0.132619
16660001 0.135636
16670001 0.133834
16680001 0.132827
16690001 0.133353
16700001 0.131588
16710001 0.134519
16720001 0.134653
16730001 0.133239
16740001 0.131718
16750001 0.131413
16760001 0.131611
16770001 0.132269
16780001 0.132409
16790001 0.130947
16800001 0.132321
16810001 0.132911
16820001 0.129469
16830001 0.129585
16840001 0.130569
16850001 0.13301
16860001 0.13105
16870001 0.130469
16880001 0.129984
16890001 0.13372
16900001 0.131323
16910001 0.133325
16920001 0.135004
16930001 0.139512
16940001 0.135168
16950001 0.130785
16960001 0.133271
16970001 0.133081
16980001 0.134632
16990001 0.133436
17000001 0.133278
17010001 0.131688
17020001 0.131059
17030001 0.13335
17040001 0.136551
17050001 0.136123
17060001 0.133159
17070001 0.133087
17080001 0.135138
17090001 0.133875
17100001 0.134974
17110001 0.136969
17120001 0.133259
17130001 0.131656
17140001 0.133413
17150001 0.131198
17160001 0.131118
17170001 0.129689
17180001 0.128948
17190001 0.131502
17200001 0.133019
17210001 0.134524
17220001 0.131408
17230001 0.131201
17240001 0.129178
17250001 0.127023
17260001 0.127152
17270001 0.131669
17280001 0.12983
17290001 0.126887
17300001 0.131948
17310001 0.132037
17320001 0.129647
17330001 0.131384
17340001 0.133322
17350001 0.129646
17360001 0.133559
17370001 0.134155
17380001 0.137146
17390001 0.13366
17400001 0.135753
17410001 0.132674
17420001 0.133342
17430001 0.130815
17440001 0.132079
17450001 0.133358
17460001 0.135082
17470001 0.13247
17480001 0.129449
17490001 0.132036
17500001 0.128453
17510001 0.131128
17520001 0.134527
17530001 0.132434
17540001 0.131278
17550001 0.132049
17560001 0.132886
17570001 0.131024
17580001 0.132083
17590001 0.1317
17600001 0.132497
17610001 0.131159
17620001 0.131891
17630001 0.131748
17640001 0.131439
17650001 0.132298
17660001 0.135705
17670001 0.135702
17680001 0.135962
17690001 0.132279
17700001 0.130933
17710001 0.129376
17720001 0.135859
17730001 0.135763
17740001 0.132913
17750001 0.133892
17760001 0.131395
17770001 0.13244
17780001 0.134858
17790001 0.137511
17800001 0.13335
17810001 0.134838
17820001 0.132703
17830001 0.13235
17840001 0.133772
17850001 0.137191
17860001 0.13292
17870001 0.136361
17880001 0.135798
17890001 0.133265
17900001 0.135118
17910001 0.13479
17920001 0.133314
17930001 0.13066
17940001 0.137375
17950001 0.13551
17960001 0.132905
17970001 0.13766
17980001 0.133022
17990001 0.133567
18000001 0.132182
18010001 0.132221
18020001 0.134542
18030001 0.138632
18040001 0.13854
18050001 0.1335
18060001 0.134519
18070001 0.133469
18080001 0.135591
18090001 0.134798
18100001 0.135427
18110001 0.136186
18120001 0.134148
18130001 0.135383
18140001 0.137842
18150001 0.136164
18160001 0.137982
18170001 0.139598
18180001 0.134501
18190001 0.135661
18200001 0.136013
18210001 0.134441
18220001 0.135695
18230001 0.135611
18240001 0.138228
18250001 0.134641
18260001 0.136474
18270001 0.139696
18280001 0.136134
18290001 0.134981
18300001 0.134724
18310001 0.132868
18320001 0.133633
18330001 0.135358
18340001 0.135987
18350001 0.139181
18360001 0.134678
18370001 0.137261
18380001 0.133051
18390001 0.13819
18400001 0.133169
18410001 0.135412
18420001 0.134895
18430001 0.136573
18440001 0.137412
18450001 0.134511
18460001 0.137194
18470001 0.132607
18480001 0.13409
18490001 0.135067
18500001 0.13694
18510001 0.133685
18520001 0.132528
18530001 0.13682
18540001 0.13418
18550001 0.135897
18560001 0.135121
18570001 0.134538
18580001 0.136253
18590001 0.134352
18600001 0.134402
18610001 0.136642
18620001 0.13603
18630001 0.136129
18640001 0.136941
18650001 0.135708
18660001 0.133658
18670001 0.139046
18680001 0.134649
18690001 0.133425
18700001 0.133657
18710001 0.136371
18720001 0.135936
18730001 0.137021
18740001 0.136383
18750001 0.134438
18760001 0.135213
18770001 0.136154
18780001 0.135971
18790001 0.135344
18800001 0.136435
18810001 0.135312
18820001 0.134589
18830001 0.137451
18840001 0.131632
18850001 0.135751
18860001 0.130945
18870001 0.130237
18880001 0.132017
18890001 0.139948
18900001 0.136477
18910001 0.134497
18920001 0.136935
18930001 0.137783
18940001 0.136253
18950001 0.136407
18960001 0.133211
18970001 0.133842
18980001 0.136267
18990001 0.134217
19000001 0.132627
19010001 0.130607
19020001 0.132174
19030001 0.131981
19040001 0.133551
19050001 0.128931
19060001 0.134941
19070001 0.133726
19080001 0.136243
19090001 0.134303
19100001 0.13492
19110001 0.135034
19120001 0.13831
19130001 0.136543
19140001 0.135847
19150001 0.134603
19160001 0.133717
19170001 0.132758
19180001 0.131105
19190001 0.133466
19200001 0.137611
19210001 0.13566
19220001 0.134709
19230001 0.132593
19240001 0.134827
19250001 0.132662
19260001 0.133766
19270001 0.132916
19280001 0.133075
19290001 0.132457
19300001 0.132994
19310001 0.134039
19320001 0.134213
19330001 0.132461
19340001 0.133482
19350001 0.135716
19360001 0.136152
19370001 0.138909
19380001 0.135145
19390001 0.136652
19400001 0.135294
19410001 0.13587
19420001 0.133911
19430001 0.133552
19440001 0.131318
19450001 0.133014
19460001 0.13747
19470001 0.135378
19480001 0.138395
19490001 0.135851
19500001 0.134046
19510001 0.133741
19520001 0.133704
19530001 0.134338
19540001 0.132469
19550001 0.132188
19560001 0.131729
19570001 0.130021
19580001 0.1324
19590001 0.138668
19600001 0.137007
19610001 0.133108
19620001 0.131439
19630001 0.133519
19640001 0.131131
19650001 0.132378
19660001 0.134366
19670001 0.133716
19680001 0.133469
19690001 0.135434
19700001 0.137392
19710001 0.131852
19720001 0.137238
19730001 0.132711
19740001 0.13252
19750001 0.135371
19760001 0.132612
19770001 0.132198
19780001 0.132923
19790001 0.133846
19800001 0.134692
19810001 0.132506
19820001 0.130876
19830001 0.133964
19840001 0.134178
19850001 0.133509
19860001 0.130438
19870001 0.135578
19880001 0.132199
19890001 0.132636
19900001 0.130328
19910001 0.13682
19920001 0.135425
19930001 0.13702
19940001 0.132914
19950001 0.136675
19960001 0.135585
19970001 0.134801
19980001 0.134303
19990001 0.133944
20000001 0.130978
20010001 0.134436
20020001 0.134578
20030001 0.133719
20040001 0.136689
20050001 0.135639
20060001 0.134844
20070001 0.132078
20080001 0.134533
20090001 0.134918
20100001 0.135498
20110001 0.131542
20120001 0.134318
20130001 0.135547
20140001 0.134739
20150001 0.135803
20160001 0.136506
20170001 0.135839
20180001 0.133159
20190001 0.132822
20200001 0.133864
20210001 0.1316
20220001 0.129896
20230001 0.130447
20240001 0.129469
20250001 0.132829
20260001 0.129974
20270001 0.127313
20280001 0.129924
20290001 0.131875
20300001 0.13495
20310001 0.134366
20320001 0.134132
20330001 0.131848
20340001 0.131004
20350001 0.134681
20360001 0.133139
20370001 0.134748
20380001 0.134154
20390001 0.132277
20400001 0.133559
20410001 0.133778
20420001 0.131899
20430001 0.132865
20440001 0.132699
20450001 0.132899
20460001 0.130108
20470001 0.130728
20480001 0.132831
20490001 0.131044
20500001 0.129432
20510001 0.129626
20520001 0.132106
20530001 0.134028
20540001 0.134757
20550001 0.134329
20560001 0.13488
20570001 0.135271
20580001 0.135491
20590001 0.137705
20600001 0.134385
20610001 0.133498
20620001 0.133318
20630001 0.131429
20640001 0.136011
20650001 0.134139
20660001 0.137571
20670001 0.137448
20680001 0.133998
20690001 0.136746
20700001 0.138082
20710001 0.138913
20720001 0.139072
20730001 0.140259
20740001 0.135577
20750001 0.14029
20760001 0.13812
20770001 0.137505
20780001 0.135572
20790001 0.13586
20800001 0.134905
20810001 0.137175
20820001 0.136342
20830001 0.137946
20840001 0.136245
20850001 0.133617
20860001 0.131833
20870001 0.133504
20880001 0.135915
20890001 0.132652
20900001 0.133986
20910001 0.137013
20920001 0.134461
20930001 0.133418
20940001 0.135012
20950001 0.136432
20960001 0.136117
20970001 0.134374
20980001 0.135295
20990001 0.132107
21000001 0.133044
21010001 0.131409
21020001 0.134848
21030001 0.133245
21040001 0.133813
21050001 0.133174
21060001 0.134087
21070001 0.133934
21080001 0.137965
21090001 0.133664
21100001 0.133229
21110001 0.137089
21120001 0.134581
21130001 0.132848
21140001 0.13244
21150001 0.131263
21160001 0.134049
21170001 0.132796
21180001 0.132407
21190001 0.130267
21200001 0.134384
21210001 0.129969
21220001 0.131098
21230001 0.129452
21240001 0.136143
21250001 0.136954
21260001 0.133156
21270001 0.136274
21280001 0.133464
21290001 0.130754
21300001 0.134119
21310001 0.129117
21320001 0.13393
21330001 0.133833
21340001 0.131437
21350001 0.132854
21360001 0.13106
21370001 0.133922
21380001 0.134456
21390001 0.133055
21400001 0.129342
21410001 0.132424
21420001 0.130408
21430001 0.132269
21440001 0.129579
21450001 0.131129
21460001 0.131488
21470001 0.133559
21480001 0.13126
21490001 0.134622
21500001 0.133246
21510001 0.131602
21520001 0.13382
21530001 0.129604
21540001 0.133395
21550001 0.138311
21560001 0.132936
21570001 0.135254
21580001 0.13451
21590001 0.132637
21600001 0.131889
21610001 0.13199
21620001 0.127946
21630001 0.132217
21640001 0.131115
21650001 0.131329
21660001 0.131724
21670001 0.130868
21680001 0.132326
21690001 0.130645
21700001 0.132832
21710001 0.131577
21720001 0.132879
21730001 0.133396
21740001 0.130705
21750001 0.133655
21760001 0.132117
21770001 0.135564
21780001 0.132928
21790001 0.130205
21800001 0.131086
21810001 0.129954
21820001 0.131639
21830001 0.133233
21840001 0.135771
21850001 0.132754
21860001 0.135852
21870001 0.134242
21880001 0.135053
21890001 0.134105
21900001 0.133654
21910001 0.132826
21920001 0.13258
21930001 0.131732
21940001 0.131713
21950001 0.13531
21960001 0.134957
21970001 0.132076
21980001 0.133647
21990001 0.134342
22000001 0.133666
22010001 0.13504
22020001 0.133354
22030001 0.136123
22040001 0.133921
22050001 0.135519
22060001 0.137404
22070001 0.136176
22080001 0.134807
22090001 0.134562
22100001 0.137837
22110001 0.133035
22120001 0.13157
22130001 0.134103
22140001 0.135088
22150001 0.132807
22160001 0.135089
22170001 0.134143
22180001 0.13553
22190001 0.133367
22200001 0.136349
22210001 0.134193
22220001 0.135076
22230001 0.132983
22240001 0.13016
22250001 0.13127
22260001 0.13282
22270001 0.131193
22280001 0.13657
22290001 0.134113
22300001 0.13513
22310001 0.133352
22320001 0.132538
22330001 0.136995
22340001 0.132979
22350001 0.134148
22360001 0.133827
22370001 0.134435
22380001 0.131986
22390001 0.134565
22400001 0.133871
22410001 0.134166
22420001 0.138446
22430001 0.138492
22440001 0.136173
22450001 0.133777
22460001 0.13449
22470001 0.134733
22480001 0.130653
22490001 0.13502
22500001 0.136646
22510001 0.13556
22520001 0.135831
22530001 0.130909
22540001 0.134891
22550001 0.133703
22560001 0.137622
22570001 0.134912
22580001 0.135777
22590001 0.137008
22600001 0.135253
22610001 0.137318
22620001 0.136474
22630001 0.136055
22640001 0.139464
22650001 0.139895
22660001 0.140345
22670001 0.137868
22680001 0.133143
22690001 0.133025
22700001 0.135619
22710001 0.136965
22720001 0.13278
22730001 0.138134
22740001 0.135524
22750001 0.134753
22760001 0.13618
22770001 0.135378
22780001 0.134015
22790001 0.134518
22800001 0.134787
22810001 0.136625
22820001 0.136447
22830001 0.134048
22840001 0.134442
22850001 0.133124
22860001 0.131166
22870001 0.12772
22880001 0.133882
22890001 0.135197
22900001 0.133525
22910001 0.137251
22920001 0.134112
22930001 0.136369
22940001 0.135011
22950001 0.134314
22960001 0.133085
22970001 0.133131
22980001 0.13302
22990001 0.132307
23000001 0.135205
23010001 0.13533
23020001 0.132096
23030001 0.133294
23040001 0.133177
23050001 0.129313
23060001 0.139304
23070001 0.131287
23080001 0.134842
23090001 0.131624
23100001 0.132793
23110001 0.129334
23120001 0.134621
23130001 0.137782
23140001 0.136026
23150001 0.133703
23160001 0.131967
23170001 0.131259
23180001 0.131991
23190001 0.135653
23200001 0.13502
23210001 0.134937
23220001 0.133378
23230001 0.135449
23240001 0.130954
23250001 0.130459
23260001 0.13105
23270001 0.132493
23280001 0.130285
23290001 0.13458
23300001 0.136575
23310001 0.134147
23320001 0.132053
23330001 0.134011
23340001 0.133233
23350001 0.132461
23360001 0.13454
23370001 0.136326
23380001 0.134196
23390001 0.136451
23400001 0.13665
23410001 0.132054
23420001 0.133307
23430001 0.135559
23440001 0.130193
23450001 0.131417
23460001 0.13377
23470001 0.134906
23480001 0.131424
23490001 0.131605
23500001 0.134882
23510001 0.132506
23520001 0.134639
23530001 0.132162
23540001 0.133987
23550001 0.13354
23560001 0.133707
23570001 0.134721
23580001 0.134213
23590001 0.136219
23600001 0.139024
23610001 0.132933
23620001 0.134349
23630001 0.135893
23640001 0.131724
23650001 0.129602
23660001 0.135581
23670001 0.132051
23680001 0.133359
23690001 0.135249
23700001 0.130566
23710001 0.134643
23720001 0.135649
23730001 0.13199
23740001 0.133448
23750001 0.132343
23760001 0.135985
23770001 0.131933
23780001 0.137334
23790001 0.136416
23800001 0.135996
23810001 0.135642
23820001 0.134643
23830001 0.130833
23840001 0.132254
23850001 0.13185
23860001 0.128238
23870001 0.129252
23880001 0.131331
23890001 0.130951
23900001 0.130074
23910001 0.133179
23920001 0.131437
23930001 0.132556
23940001 0.128254
23950001 0.131854
23960001 0.132578
23970001 0.134802
23980001 0.135673
23990001 0.132493
24000001 0.134685
24010001 0.131949
24020001 0.134931
24030001 0.130414
24040001 0.135648
24050001 0.133484
24060001 0.134604
24070001 0.135004
24080001 0.1302
24090001 0.130624
24100001 0.132256
24110001 0.134196
24120001 0.131914
24130001 0.130806
24140001 0.13071
24150001 0.133925
24160001 0.132397
24170001 0.131595
24180001 0.135857
24190001 0.131769
24200001 0.130621
24210001 0.133484
24220001 0.134845
24230001 0.135397
24240001 0.135099
24250001 0.135855
24260001 0.134744
24270001 0.134758
24280001 0.13477
24290001 0.140352
24300001 0.136493
24310001 0.138233
24320001 0.134265
24330001 0.132488
24340001 0.134412
24350001 0.138693
24360001 0.135649
24370001 0.136606
24380001 0.13298
24390001 0.135248
24400001 0.137228
24410001 0.136129
24420001 0.134565
24430001 0.134528
24440001 0.13328
24450001 0.135224
24460001 0.136242
24470001 0.137839
24480001 0.134748
24490001 0.136198
24500001 0.134617
24510001 0.134625
24520001 0.134088
24530001 0.134135
24540001 0.131199
24550001 0.130911
24560001 0.131781
24570001 0.130825
24580001 0.132372
24590001 0.128308
24600001 0.12861
24610001 0.130944
24620001 0.132213
24630001 0.134914
24640001 0.134235
24650001 0.131717
24660001 0.130503
24670001 0.131671
24680001 0.131807
24690001 0.135222
24700001 0.131305
24710001 0.134424
24720001 0.133479
24730001 0.130381
24740001 0.132917
24750001 0.133358
24760001 0.132716
24770001 0.132972
24780001 0.136375
24790001 0.134039
24800001 0.131388
24810001 0.130334
24820001 0.135158
24830001 0.13137
24840001 0.132668
24850001 0.13367
24860001 0.134896
24870001 0.135623
24880001 0.134814
24890001 0.133913
24900001 0.131431
24910001 0.131562
24920001 0.134123
24930001 0.137392
24940001 0.137027
24950001 0.133544
24960001 0.131937
24970001 0.134706
24980001 0.133486
24990001 0.131601
25000001 0.131898
25010001 0.132303
25020001 0.13271
25030001 0.135032
25040001 0.12965
25050001 0.134732
25060001 0.132304
25070001 0.12774
25080001 0.131877
25090001 0.129848
25100001 0.130108
25110001 0.132678
25120001 0.132125
25130001 0.131774
25140001 0.132059
25150001 0.133396
25160001 0.134131
25170001 0.131872
25180001 0.131466
25190001 0.133416
25200001 0.134039
25210001 0.133644
25220001 0.134626
25230001 0.134815
25240001 0.135259
25250001 0.135486
25260001 0.133345
25270001 0.138419
25280001 0.139262
25290001 0.138496
25300001 0.134311
25310001 0.13451
25320001 0.136786
25330001 0.134126
25340001 0.134103
25350001 0.131683
25360001 0.133174
25370001 0.136945
25380001 0.136388
25390001 0.13514
25400001 0.13627
25410001 0.135444
25420001 0.136731
25430001 0.135643
25440001 0.137581
25450001 0.133044
25460001 0.13646
25470001 0.135747
25480001 0.133773
25490001 0.134891
25500001 0.132052
25510001 0.135548
25520001 0.132199
25530001 0.131868
25540001 0.132639
25550001 0.131422
25560001 0.133807
25570001 0.138702
25580001 0.134404
25590001 0.130552
25600001 0.133148
25610001 0.133574
25620001 0.133623
25630001 0.133306
25640001 0.13091
25650001 0.133844
25660001 0.132917
25670001 0.131891
25680001 0.132236
25690001 0.133985
25700001 0.136472
25710001 0.132417
25720001 0.131951
25730001 0.135405
25740001 0.134881
25750001 0.132625
25760001 0.131222
25770001 0.13207
25780001 0.13079
25790001 0.13237
25800001 0.132851
25810001 0.134966
25820001 0.135236
25830001 0.137632
25840001 0.137062
25850001 0.132751
25860001 0.133226
25870001 0.131573
25880001 0.135184
25890001 0.132345
25900001 0.128808
25910001 0.132812
25920001 0.134709
25930001 0.133271
25940001 0.132135
25950001 0.1334
25960001 0.131204
25970001 0.130753
25980001 0.13261
25990001 0.135186
26000001 0.132778
26010001 0.130561
26020001 0.130697
26030001 0.130812
26040001 0.132748
26050001 0.135122
26060001 0.136245
26070001 0.137791
26080001 0.135065
26090001 0.133718
26100001 0.13293
26110001 0.131681
26120001 0.135778
26130001 0.133357
26140001 0.13573
26150001 0.13685
26160001 0.135791
26170001 0.134855
26180001 0.133341
26190001 0.135494
26200001 0.132944
26210001 0.133582
26220001 0.135822
26230001 0.133988
26240001 0.136954
26250001 0.136264
26260001 0.134471
26270001 0.134782
26280001 0.134664
26290001 0.139339
26300001 0.133964
26310001 0.138794
26320001 0.139218
26330001 0.136501
26340001 0.136257
26350001 0.137109
26360001 0.13333
26370001 0.133194
26380001 0.135134
26390001 0.133614
26400001 0.131572
26410001 0.132361
26420001 0.132028
26430001 0.13196
26440001 0.133795
26450001 0.131832
26460001 0.130571
26470001 0.132826
26480001 0.133017
26490001 0.1332
26500001 0.134705
26510001 0.134053
26520001 0.136472
26530001 0.137113
26540001 0.136278
26550001 0.132269
26560001 0.132906
26570001 0.131406
26580001 0.135261
26590001 0.133955
26600001 0.133444
26610001 0.133547
26620001 0.132061
26630001 0.13402
26640001 0.130854
26650001 0.129962
26660001 0.131011
26670001 0.129823
26680001 0.130663
26690001 0.131193
26700001 0.132878
26710001 0.1341
26720001 0.133893
26730001 0.136239
26740001 0.13934
26750001 0.137662
26760001 0.139386
26770001 0.138704
26780001 0.136674
26790001 0.135792
26800001 0.131735
26810001 0.136304
26820001 0.135344
26830001 0.137203
26840001 0.134218
26850001 0.135148
26860001 0.135805
26870001 0.136628
26880001 0.136869
26890001 0.134978
26900001 0.138242
26910001 0.139189
26920001 0.138132
26930001 0.13778
26940001 0.135169
26950001 0.131192
26960001 0.132441
26970001 0.134079
26980001 0.134331
26990001 0.134455
27000001 0.137981
27010001 0.134071
27020001 0.136415
27030001 0.133878
27040001 0.136291
27050001 0.138163
27060001 0.132694
27070001 0.134809
27080001 0.133397
27090001 0.132332
27100001 0.131534
27110001 0.13216
27120001 0.133372
27130001 0.130744
27140001 0.133152
27150001 0.131722
27160001 0.130033
27170001 0.133633
27180001 0.132632
27190001 0.13128
27200001 0.131347
27210001 0.134397
27220001 0.131363
27230001 0.134244
27240001 0.131435
27250001 0.133559
27260001 0.133945
27270001 0.134402
27280001 0.138356
27290001 0.138054
27300001 0.134562
27310001 0.134396
27320001 0.136983
27330001 0.137352
27340001 0.136736
27350001 0.133413
27360001 0.135388
27370001 0.136731
27380001 0.136032
27390001 0.136609
27400001 0.133712
27410001 0.13351
27420001 0.137149
27430001 0.134244
27440001 0.135807
27450001 0.132811
27460001 0.134455
27470001 0.137296
27480001 0.136472
27490001 0.139481
27500001 0.132997
27510001 0.1325
27520001 0.134384
27530001 0.135475
27540001 0.136955
27550001 0.135721
27560001 0.135159
27570001 0.133837
27580001 0.134492
27590001 0.13203
27600001 0.133939
27610001 0.133282
27620001 0.132522
27630001 0.133085
27640001 0.133208
27650001 0.133867
27660001 0.133934
27670001 0.134388
27680001 0.131898
27690001 0.133543
27700001 0.133539
27710001 0.135116
27720001 0.135226
27730001 0.133676
27740001 0.134799
27750001 0.132769
27760001 0.133399
27770001 0.131879
27780001 0.13247
27790001 0.133991
27800001 0.134905
27810001 0.13517
27820001 0.132575
27830001 0.13555
27840001 0.134016
27850001 0.133717
27860001 0.1353
27870001 0.134181
27880001 0.133797
27890001 0.132955
27900001 0.133338
27910001 0.131748
27920001 0.13396
27930001 0.135614
27940001 0.132742
27950001 0.134148
27960001 0.134304
27970001 0.132196
27980001 0.134045
27990001 0.134442
28000001 0.134814
28010001 0.136144
28020001 0.137818
28030001 0.135594
28040001 0.136173
28050001 0.137049
28060001 0.134262
28070001 0.137395
28080001 0.135945
28090001 0.13632
28100001 0.135852
28110001 0.137972
28120001 0.137276
28130001 0.134856
28140001 0.134092
28150001 0.134737
28160001 0.136113
28170001 0.136461
28180001 0.137525
28190001 0.135518
28200001 0.133601
28210001 0.13339
28220001 0.135487
28230001 0.139289
28240001 0.136903
28250001 0.13816
28260001 0.135764
28270001 0.136377
28280001 0.135535
28290001 0.13463
28300001 0.135892
28310001 0.139613
28320001 0.140494
28330001 0.137359
28340001 0.13798
28350001 0.133743
28360001 0.13911
28370001 0.136369
28380001 0.136271
28390001 0.135235
28400001 0.133755
28410001 0.132608
28420001 0.133737
28430001 0.13625
28440001 0.135945
28450001 0.133735
28460001 0.13387
28470001 0.133915
28480001 0.131405
28490001 0.132846
28500001 0.137111
28510001 0.134264
28520001 0.132641
28530001 0.13495
28540001 0.134439
28550001 0.132896
28560001 0.13232
28570001 0.131815
28580001 0.134039
28590001 0.134268
28600001 0.133697
28610001 0.131632
28620001 0.134369
28630001 0.133562
28640001 0.131587
28650001 0.134035
28660001 0.133934
28670001 0.13306
28680001 0.137221
28690001 0.138626
28700001 0.139545
28710001 0.138205
28720001 0.142738
28730001 0.137947
28740001 0.137925
28750001 0.136408
28760001 0.135558
28770001 0.138381
28780001 0.136152
28790001 0.135748
28800001 0.135181
28810001 0.136277
28820001 0.133558
28830001 0.131231
28840001 0.134018
28850001 0.132953
28860001 0.136019
28870001 0.139417
28880001 0.13764
28890001 0.135179
28900001 0.138224
28910001 0.13427
28920001 0.134999
28930001 0.135198
28940001 0.136161
28950001 0.13852
28960001 0.136477
28970001 0.135825
28980001 0.136465
28990001 0.136647
29000001 0.136086
29010001 0.135659
29020001 0.136491
29030001 0.139243
29040001 0.139537
29050001 0.137303
29060001 0.136966
29070001 0.138888
29080001 0.137758
29090001 0.1368
29100001 0.133867
29110001 0.138031
29120001 0.135738
29130001 0.135532
29140001 0.134176
29150001 0.134699
29160001 0.132443
29170001 0.132772
29180001 0.132176
29190001 0.132732
29200001 0.131715
29210001 0.13473
29220001 0.133437
29230001 0.132439
29240001 0.132496
29250001 0.13019
29260001 0.132951
29270001 0.131048
29280001 0.131451
29290001 0.130889
29300001 0.128098
29310001 0.133841
29320001 0.128831
29330001 0.129831
29340001 0.132147
29350001 0.131491
29360001 0.132512
29370001 0.131859
29380001 0.130228
29390001 0.132132
29400001 0.133112
29410001 0.132339
29420001 0.135028
29430001 0.133279
29440001 0.131758
29450001 0.132535
29460001 0.131123
29470001 0.131412
29480001 0.132115
29490001 0.136059
29500001 0.134663
29510001 0.132616
29520001 0.135919
29530001 0.135698
29540001 0.135694
29550001 0.134367
29560001 0.1319
29570001 0.133203
29580001 0.134859
29590001 0.1325
29600001 0.135979
29610001 0.13415
29620001 0.133137
29630001 0.133547
29640001 0.134168
29650001 0.134183
29660001 0.132326
29670001 0.136177
29680001 0.131437
29690001 0.133665
29700001 0.130312
29710001 0.132962
29720001 0.131363
29730001 0.132755
29740001 0.133065
29750001 0.131207
29760001 0.128918
29770001 0.13156
29780001 0.132792
29790001 0.134301
29800001 0.132836
29810001 0.133839
29820001 0.130856
29830001 0.132385
29840001 0.133412
29850001 0.130549
29860001 0.130517
29870001 0.133114
29880001 0.130402
29890001 0.134339
29900001 0.133226
29910001 0.135911
29920001 0.134642
29930001 0.135518
29940001 0.132765
29950001 0.133827
29960001 0.132778
29970001 0.130439
29980001 0.131229
29990001 0.131905
