1 2660.26
10001 191.145
20001 106.183
30001 66.6794
40001 47.5453
50001 34.9442
60001 28.999
70001 23.472
80001 20.633
90001 17.4398
100001 16.0071
110001 14.5016
120001 13.6482
130001 12.8378
140001 12.0309
150001 11.6683
160001 11.4514
170001 11.1615
180001 10.5442
190001 10.4797
200001 10.4297
210001 10.2951
220001 10.1018
230001 9.99069
240001 10.4233
250001 9.82933
260001 9.96885
270001 9.79362
280001 9.74553
290001 9.65537
300001 9.67315
310001 9.34933
320001 9.68635
330001 9.59591
340001 9.32629
350001 9.56268
360001 9.72694
370001 9.53564
380001 9.19696
390001 9.50309
400001 9.87585
410001 9.58748
420001 9.36807
430001 9.16221
440001 9.77228
450001 9.55779
460001 10.6415
470001 9.44618
480001 9.19545
490001 9.1674
500001 9.55441
510001 9.30949
520001 9.40763
530001 9.0176
540001 9.13641
550001 9.64677
560001 9.40489
570001 9.4698
580001 9.20386
590001 9.71992
600001 9.47754
610001 9.3553
620001 9.29679
630001 8.92727
640001 9.06115
650001 9.12977
660001 9.26442
670001 9.49819
680001 9.35783
690001 9.18935
700001 9.41141
710001 9.29861
720001 9.09177
730001 9.19806
740001 9.09945
750001 9.1034
760001 9.23873
770001 9.28625
780001 9.4349
790001 9.48175
800001 9.60589
810001 9.4557
820001 9.36692
830001 9.06624
840001 9.32199
850001 9.25134
860001 9.41346
870001 9.27154
880001 9.22399
890001 9.12414
900001 9.17695
910001 9.18325
920001 9.11434
930001 9.15782
940001 9.48406
950001 9.51866
960001 9.88864
970001 9.52536
980001 9.4738
990001 9.29194
1000001 9.2982
1010001 9.3261
1020001 9.28875
1030001 9.51915
1040001 9.28089
1050001 9.29597
1060001 9.44973
1070001 9.29101
1080001 9.22004
1090001 9.37631
1100001 8.97531
1110001 9.17203
1120001 9.49893
1130001 9.1922
1140001 9.15005
1150001 9.3226
1160001 9.8637
1170001 9.08812
1180001 9.27001
1190001 9.12143
1200001 9.27562
1210001 9.14696
1220001 9.21936
1230001 9.29494
1240001 9.3066
1250001 9.06035
1260001 9.37244
1270001 9.39037
1280001 9.25409
1290001 9.15805
1300001 9.2693
1310001 9.24356
1320001 9.17576
1330001 9.21922
1340001 9.03578
1350001 8.99162
1360001 9.52136
1370001 9.52344
1380001 9.21363
1390001 9.37898
1400001 9.29636
1410001 9.40278
1420001 9.08247
1430001 9.34704
1440001 9.40248
1450001 9.46944
1460001 9.24717
1470001 9.5622
1480001 9.59501
1490001 9.61625
1500001 9.10294
1510001 9.37734
1520001 9.49659
1530001 9.33459
1540001 9.63465
1550001 9.69954
1560001 9.49117
1570001 9.4241
1580001 9.2216
1590001 9.33842
1600001 9.57243
1610001 9.34259
1620001 9.15692
1630001 9.27806
1640001 9.45337
1650001 9.26652
1660001 9.50727
1670001 9.30318
1680001 9.27024
1690001 9.49617
1700001 9.49833
1710001 9.12798
1720001 9.41761
1730001 9.23013
1740001 9.46198
1750001 8.9788
1760001 9.43899
1770001 9.5623
1780001 9.11556
1790001 9.37229
1800001 9.79152
1810001 9.42244
1820001 9.67103
1830001 9.42815
1840001 9.32577
1850001 9.01532
1860001 9.3435
1870001 9.69931
1880001 8.90783
1890001 9.27939
1900001 9.21843
1910001 9.18924
1920001 9.12328
1930001 9.74235
1940001 9.04246
1950001 8.82493
1960001 9.27887
1970001 9.51072
1980001 9.20609
1990001 9.21332
2000001 9.73613
2010001 9.33264
2020001 9.30241
2030001 9.23538
2040001 9.39557
2050001 9.2676
2060001 9.36691
2070001 9.10623
2080001 9.46178
2090001 9.05287
2100001 9.23933
2110001 9.10367
2120001 9.17976
2130001 9.07378
2140001 9.63898
2150001 9.60647
2160001 9.4169
2170001 9.50144
2180001 9.22141
2190001 9.34588
2200001 8.98415
2210001 9.24357
2220001 9.35309
2230001 9.30997
2240001 9.59153
2250001 9.38223
2260001 9.36869
2270001 9.36333
2280001 9.23866
2290001 9.4329
2300001 9.58051
2310001 9.43551
2320001 9.26601
2330001 9.06649
2340001 9.36375
2350001 9.27537
2360001 9.05613
2370001 9.1795
2380001 9.52837
2390001 9.69226
2400001 9.28937
2410001 9.23347
2420001 9.67118
2430001 9.35686
2440001 9.42634
2450001 9.21721
2460001 9.49895
2470001 9.00721
2480001 9.49277
2490001 9.64796
2500001 9.43091
2510001 9.3342
2520001 9.42349
2530001 9.42513
2540001 9.05317
2550001 9.55921
2560001 9.18355
2570001 9.19455
2580001 9.33194
2590001 9.30872
2600001 8.98734
2610001 9.61288
2620001 9.70963
2630001 9.45555
2640001 9.31271
2650001 9.56639
2660001 9.48549
2670001 9.37118
2680001 9.34959
2690001 9.20711
2700001 9.06107
2710001 9.04805
2720001 9.5046
2730001 9.50278
2740001 9.22279
2750001 9.22826
2760001 9.13684
2770001 9.27014
2780001 9.26869
2790001 9.08689
2800001 9.34571
2810001 9.34997
2820001 9.26671
2830001 9.22572
2840001 9.37259
2850001 9.21785
2860001 9.23554
2870001 9.32744
2880001 8.93255
2890001 9.07081
2900001 9.4094
2910001 9.2638
2920001 9.09107
2930001 9.53917
2940001 9.83602
2950001 9.31167
2960001 9.61962
2970001 9.32194
2980001 9.26297
2990001 9.30296
3000001 9.73871
3010001 9.14897
3020001 9.26441
3030001 9.30191
3040001 9.50904
3050001 9.31679
3060001 9.35922
3070001 9.50356
3080001 9.44735
3090001 9.24156
3100001 9.4579
3110001 9.35737
3120001 8.95616
3130001 9.19196
3140001 9.35503
3150001 9.72522
3160001 9.46132
3170001 9.3854
3180001 9.68223
3190001 9.14254
3200001 9.52954
3210001 9.38426
3220001 9.32993
3230001 9.44763
3240001 9.25187
3250001 9.2721
3260001 9.07897
3270001 9.25187
3280001 9.48078
3290001 9.57432
3300001 9.51532
3310001 9.05866
3320001 9.03308
3330001 9.36341
3340001 9.32641
3350001 9.14446
3360001 9.24398
3370001 9.47131
3380001 9.39877
3390001 9.48727
3400001 9.20707
3410001 9.08566
3420001 9.42457
3430001 9.25206
3440001 9.2855
3450001 9.33201
3460001 9.29289
3470001 9.08482
3480001 9.45264
3490001 9.38923
3500001 9.25948
3510001 9.14993
3520001 9.29615
3530001 9.21205
3540001 9.33637
3550001 9.16568
3560001 9.47472
3570001 9.1529
3580001 9.39273
3590001 9.56657
3600001 9.00152
3610001 9.91206
3620001 9.21946
3630001 9.29201
3640001 9.43352
3650001 9.33223
3660001 9.13579
3670001 9.33025
3680001 9.18269
3690001 9.0635
3700001 9.21227
3710001 9.33758
3720001 9.10416
3730001 9.29206
3740001 9.64568
3750001 9.23641
3760001 9.37576
3770001 9.75309
3780001 9.49034
3790001 9.19658
3800001 9.36164
3810001 9.11093
3820001 9.12519
3830001 9.27195
3840001 9.34106
3850001 9.15286
3860001 9.76438
3870001 9.25124
3880001 9.43619
3890001 9.40071
3900001 9.54246
3910001 9.8009
3920001 9.34433
3930001 9.30222
3940001 9.22342
3950001 9.25893
3960001 9.36789
3970001 9.08624
3980001 9.23078
3990001 9.63369
4000001 9.44916
4010001 9.36775
4020001 9.32614
4030001 9.09178
4040001 9.2309
4050001 9.66647
4060001 9.0336
4070001 9.21724
4080001 9.50058
4090001 9.36744
4100001 9.16895
4110001 9.15068
4120001 9.38958
4130001 9.38458
4140001 9.65678
4150001 9.38152
4160001 9.20385
4170001 9.50734
4180001 9.38633
4190001 9.12589
4200001 9.42886
4210001 9.05832
4220001 9.22086
4230001 9.49283
4240001 9.16826
4250001 9.19675
4260001 9.03445
4270001 9.11065
4280001 9.23258
4290001 9.44807
4300001 9.40708
4310001 9.05358
4320001 9.10736
4330001 9.2588
4340001 9.6618
4350001 9.36641
4360001 9.44053
4370001 9.63339
4380001 9.50561
4390001 9.24997
4400001 9.34754
4410001 9.34136
4420001 9.10958
4430001 9.43882
4440001 9.15616
4450001 9.55805
4460001 9.53425
4470001 9.33653
4480001 9.56863
4490001 9.43516
4500001 9.59872
4510001 9.19178
4520001 9.86317
4530001 9.03838
4540001 9.17348
4550001 9.01972
4560001 9.22849
4570001 9.22749
4580001 9.38061
4590001 9.07967
4600001 9.25121
4610001 9.09572
4620001 9.29988
4630001 9.28132
4640001 9.29537
4650001 9.05527
4660001 9.10571
4670001 9.55779
4680001 9.18015
4690001 9.12387
4700001 9.23605
4710001 9.42704
4720001 9.12454
4730001 9.04027
4740001 9.40898
4750001 9.40552
4760001 9.25383
4770001 9.03409
4780001 9.23392
4790001 8.9449
4800001 9.30093
4810001 9.11875
4820001 9.27025
4830001 9.01416
4840001 9.02854
4850001 9.08795
4860001 9.10916
4870001 9.39248
4880001 9.23782
4890001 9.36635
4900001 9.63
4910001 9.42814
4920001 9.2828
4930001 9.19053
4940001 9.05418
4950001 9.20349
4960001 9.08187
4970001 9.24551
4980001 9.52943
4990001 9.29809
5000001 9.31889
5010001 9.16104
5020001 9.5622
5030001 9.12469
5040001 9.07157
5050001 9.25617
5060001 9.60503
5070001 9.36067
5080001 9.48011
5090001 9.31492
5100001 9.70303
5110001 9.7399
5120001 9.38919
5130001 9.66053
5140001 9.19848
5150001 9.29163
5160001 9.08176
5170001 9.17579
5180001 9.41113
5190001 9.40611
5200001 9.63442
5210001 9.1732
5220001 9.17701
5230001 9.44782
5240001 9.36243
5250001 8.89502
5260001 9.69203
5270001 9.14417
5280001 9.45175
5290001 9.30938
5300001 9.32304
5310001 9.58245
5320001 9.14125
5330001 9.68621
5340001 9.1163
5350001 9.28379
5360001 9.46875
5370001 9.30952
5380001 9.48738
5390001 9.84165
5400001 9.34108
5410001 9.62426
5420001 9.15288
5430001 9.15326
5440001 9.254
5450001 9.31534
5460001 9.4097
5470001 9.27205
5480001 8.92458
5490001 9.18672
5500001 9.3908
5510001 9.09124
5520001 9.28602
5530001 9.17451
5540001 9.248
5550001 9.21782
5560001 9.40468
5570001 9.23083
5580001 9.51417
5590001 9.32645
5600001 9.30584
5610001 9.26882
5620001 9.25538
5630001 9.02202
5640001 9.12291
5650001 9.35366
5660001 9.49505
5670001 9.615
5680001 9.48325
5690001 9.61332
5700001 9.26431
5710001 9.13899
5720001 9.11529
5730001 9.07796
5740001 8.98983
5750001 9.42311
5760001 9.29066
5770001 9.74167
5780001 9.39975
5790001 9.36755
5800001 9.32861
5810001 9.1225
5820001 9.53444
5830001 8.78453
5840001 9.17719
5850001 9.38736
5860001 9.29415
5870001 9.53042
5880001 9.24019
5890001 9.16721
5900001 8.92968
5910001 9.04983
5920001 9.45986
5930001 9.68332
5940001 9.73864
5950001 9.14675
5960001 9.5078
5970001 9.05325
5980001 9.68114
5990001 9.62036
6000001 9.6102
6010001 9.29845
6020001 9.24242
6030001 8.98936
6040001 9.25842
6050001 9.40481
6060001 9.35405
6070001 9.27882
6080001 9.27257
6090001 9.30533
6100001 9.319
6110001 9.10387
6120001 9.24342
6130001 8.9603
6140001 9.57088
6150001 9.31588
6160001 9.7151
6170001 9.13319
6180001 9.38561
6190001 9.15789
6200001 9.07816
6210001 9.44652
6220001 9.0892
6230001 9.11711
6240001 9.0739
6250001 9.12318
6260001 9.57474
6270001 9.28183
6280001 9.17668
6290001 9.25095
6300001 9.39889
6310001 9.3529
6320001 9.20561
6330001 9.23762
6340001 9.33582
6350001 9.06314
6360001 9.6564
6370001 9.17896
6380001 9.26655
6390001 9.39636
6400001 9.55258
6410001 9.09522
6420001 9.39662
6430001 9.1387
6440001 9.12197
6450001 9.01948
6460001 9.56977
6470001 9.4207
6480001 9.10556
6490001 9.32475
6500001 9.20256
6510001 9.22958
6520001 9.17482
6530001 9.69669
6540001 9.01595
6550001 9.23578
6560001 9.34964
6570001 9.2054
6580001 9.24145
6590001 9.08614
6600001 9.40733
6610001 9.11456
6620001 9.09871
6630001 9.41715
6640001 9.14082
6650001 9.16349
6660001 9.08618
6670001 8.99055
6680001 8.95447
6690001 9.19687
6700001 9.58197
6710001 9.4931
6720001 8.94117
6730001 9.52162
6740001 9.19489
6750001 9.39597
6760001 9.42919
6770001 9.01352
6780001 9.49722
6790001 9.14232
6800001 9.53103
6810001 8.87205
6820001 9.24851
6830001 9.2057
6840001 9.17962
6850001 9.19262
6860001 9.30005
6870001 9.24901
6880001 9.28165
6890001 9.18183
6900001 9.42771
6910001 9.42794
6920001 9.18535
6930001 9.20776
6940001 9.27147
6950001 8.97656
6960001 9.24905
6970001 9.34011
6980001 9.82343
6990001 9.39576
7000001 9.35851
7010001 9.50144
7020001 9.75328
7030001 9.60953
7040001 9.28532
7050001 9.50191
7060001 8.89064
7070001 9.47341
7080001 9.16474
7090001 9.3026
7100001 9.29408
7110001 9.21081
7120001 9.2248
7130001 9.03607
7140001 9.41986
7150001 9.09062
7160001 9.39732
7170001 9.16385
7180001 9.51413
7190001 9.32154
7200001 9.65851
7210001 9.27657
7220001 9.22637
7230001 8.95412
7240001 9.29564
7250001 9.28876
7260001 9.12359
7270001 9.43002
7280001 9.14978
7290001 9.29381
7300001 9.42876
7310001 9.07039
7320001 9.12053
7330001 9.50366
7340001 9.17583
7350001 9.31608
7360001 9.16581
7370001 9.12792
7380001 9.6111
7390001 9.32991
7400001 9.63086
7410001 9.24571
7420001 9.50016
7430001 9.3617
7440001 9.10348
7450001 9.2998
7460001 9.3913
7470001 9.35751
7480001 9.38347
7490001 9.05122
7500001 9.30764
7510001 9.25846
7520001 9.42572
7530001 9.72043
7540001 9.39662
7550001 9.40197
7560001 9.60655
7570001 9.17149
7580001 9.10786
7590001 9.16957
7600001 9.17746
7610001 9.12019
7620001 9.42548
7630001 9.63171
7640001 9.12746
7650001 9.16519
7660001 9.0467
7670001 9.08205
7680001 9.25248
7690001 9.15178
7700001 9.04598
7710001 9.21636
7720001 9.24099
7730001 9.37476
7740001 9.44372
7750001 9.49458
7760001 9.38149
7770001 9.18313
7780001 9.61053
7790001 9.17605
7800001 9.48318
7810001 9.15089
7820001 9.09407
7830001 9.34346
7840001 9.3945
7850001 9.55379
7860001 9.53405
7870001 9.32158
7880001 9.43497
7890001 9.1192
7900001 9.63133
7910001 9.17256
7920001 9.15239
7930001 9.54932
7940001 9.22297
7950001 9.28055
7960001 9.30365
7970001 9.3749
7980001 9.43495
7990001 9.21732
8000001 9.03339
8010001 9.57601
8020001 9.4333
8030001 9.34609
8040001 9.25547
8050001 9.36752
8060001 9.38631
8070001 9.07179
8080001 9.3253
8090001 9.03733
8100001 9.45653
8110001 9.24647
8120001 9.46824
8130001 9.26604
8140001 9.33019
8150001 9.28735
8160001 9.38865
8170001 8.88455
8180001 9.16046
8190001 9.38989
8200001 9.31781
8210001 9.43246
8220001 9.4285
8230001 9.58616
8240001 9.31698
8250001 9.21627
8260001 9.11164
8270001 9.66248
8280001 9.26297
8290001 9.62367
8300001 9.56048
8310001 9.22344
8320001 9.38821
8330001 9.48179
8340001 9.35755
8350001 9.37211
8360001 9.35813
8370001 9.14811
8380001 9.71078
8390001 9.63061
8400001 9.34897
8410001 9.24197
8420001 8.96608
8430001 9.14984
8440001 9.3825
8450001 9.34216
8460001 9.15052
8470001 9.3399
8480001 9.35522
8490001 9.26434
8500001 9.18007
8510001 9.15372
8520001 9.22699
8530001 9.48334
8540001 9.14923
8550001 9.47524
8560001 9.19149
8570001 9.31236
8580001 9.48287
8590001 9.33135
8600001 9.35923
8610001 9.19454
8620001 9.04286
8630001 9.5024
8640001 9.14928
8650001 9.43405
8660001 9.15833
8670001 9.26901
8680001 9.52945
8690001 9.47478
8700001 9.2969
8710001 9.25483
8720001 9.28406
8730001 9.30741
8740001 9.40049
8750001 9.12296
8760001 9.32119
8770001 9.26329
8780001 9.28763
8790001 9.22195
8800001 9.33692
8810001 9.36732
8820001 9.08642
8830001 9.62381
8840001 9.12638
8850001 9.38603
8860001 9.21429
8870001 9.37269
8880001 9.62576
8890001 9.20197
8900001 9.31101
8910001 9.11473
8920001 9.15224
8930001 9.06668
8940001 9.17956
8950001 9.23284
8960001 9.2842
8970001 9.29123
8980001 9.30143
8990001 9.38135
9000001 9.02838
9010001 9.38795
9020001 9.4221
9030001 9.43728
9040001 8.87306
9050001 9.19054
9060001 9.07397
9070001 9.0922
9080001 9.41351
9090001 9.33219
9100001 9.70457
9110001 9.39467
9120001 9.41651
9130001 9.5943
9140001 9.30935
9150001 9.26846
9160001 9.14427
9170001 9.1389
9180001 9.28936
9190001 9.25829
9200001 9.58118
9210001 9.22038
9220001 9.58105
9230001 9.18627
9240001 9.38825
9250001 9.4834
9260001 9.20468
9270001 9.40986
9280001 9.29588
9290001 9.2528
9300001 8.99703
9310001 9.24406
9320001 9.56943
9330001 9.11769
9340001 9.57199
9350001 9.12867
9360001 9.40761
9370001 9.63231
9380001 9.36317
9390001 9.83057
9400001 9.33889
9410001 9.17086
9420001 9.36483
9430001 9.21902
9440001 9.45323
9450001 9.46693
9460001 9.19044
9470001 9.38502
9480001 9.27418
9490001 9.25316
9500001 9.34245
9510001 9.37564
9520001 9.46396
9530001 9.00773
9540001 9.23436
9550001 9.18727
9560001 8.92981
9570001 9.39352
9580001 9.31489
9590001 9.27295
9600001 9.08878
9610001 9.25552
9620001 9.17856
9630001 9.14472
9640001 9.1275
9650001 9.22637
9660001 9.50314
9670001 9.33718
9680001 9.39116
9690001 9.52062
9700001 9.07938
9710001 9.16531
9720001 9.21426
9730001 9.32575
9740001 9.47025
9750001 9.40176
9760001 9.33057
9770001 9.33406
9780001 8.98846
9790001 9.04258
9800001 8.96756
9810001 9.36629
9820001 9.32864
9830001 9.39971
9840001 9.11677
9850001 9.2654
9860001 9.29101
9870001 9.07782
9880001 8.86738
9890001 9.29172
9900001 9.35657
9910001 8.95717
9920001 9.23352
9930001 9.50787
9940001 9.41481
9950001 9.62398
9960001 9.17182
9970001 9.42117
9980001 9.33387
9990001 9.15578
