1 2660.26
10001 235.748
20001 154.391
30001 107.901
40001 80.3361
50001 62.3333
60001 50.2165
70001 40.9947
80001 34.8932
90001 30.3048
100001 26.8774
110001 23.9404
120001 22.2107
130001 20.4724
140001 18.9819
150001 17.9004
160001 17.24
170001 16.3774
180001 15.6603
190001 15.0826
200001 14.5189
210001 14.1138
220001 13.8548
230001 13.3074
240001 13.3396
250001 12.6792
260001 12.5256
270001 12.0107
280001 12.0874
290001 11.8371
300001 11.6441
310001 11.4279
320001 11.2671
330001 11.2198
340001 10.8692
350001 11.0123
360001 10.6868
370001 10.6255
380001 10.4282
390001 10.4222
400001 10.4544
410001 10.3006
420001 10.0413
430001 9.96717
440001 10.0136
450001 10.0653
460001 10.3127
470001 9.99811
480001 9.8343
490001 9.65309
500001 9.74151
510001 9.58618
520001 9.60346
530001 9.47434
540001 9.53995
550001 9.50544
560001 9.52071
570001 9.4318
580001 9.23608
590001 9.39398
600001 9.4229
610001 9.22453
620001 9.15881
630001 8.96361
640001 8.99591
650001 8.9473
660001 8.93472
670001 9.09218
680001 9.1077
690001 9.0094
700001 8.87765
710001 8.79583
720001 8.80385
730001 8.87724
740001 8.82799
750001 8.92162
760001 8.92702
770001 8.78707
780001 8.83331
790001 8.9313
800001 9.13934
810001 8.89807
820001 8.76459
830001 8.6267
840001 8.7956
850001 8.71925
860001 8.81545
870001 8.70154
880001 8.6457
890001 8.5617
900001 8.55372
910001 8.50343
920001 8.47746
930001 8.65681
940001 8.71951
950001 8.58795
960001 8.7513
970001 8.55049
980001 8.63008
990001 8.67841
1000001 8.52933
1010001 8.51888
1020001 8.60753
1030001 8.80463
1040001 8.54407
1050001 8.44444
1060001 8.6733
1070001 8.48751
1080001 8.38876
1090001 8.56188
1100001 8.36644
1110001 8.37147
1120001 8.6219
1130001 8.52216
1140001 8.40318
1150001 8.55185
1160001 8.80432
1170001 8.31105
1180001 8.3911
1190001 8.42805
1200001 8.49797
1210001 8.33118
1220001 8.35687
1230001 8.48879
1240001 8.49603
1250001 8.35628
1260001 8.35728
1270001 8.49234
1280001 8.31951
1290001 8.34693
1300001 8.2207
1310001 8.26075
1320001 8.1647
1330001 8.25587
1340001 8.08128
1350001 8.14487
1360001 8.2811
1370001 8.63474
1380001 8.47571
1390001 8.38418
1400001 8.38586
1410001 8.53365
1420001 8.17612
1430001 8.31351
1440001 8.40952
1450001 8.43396
1460001 8.29659
1470001 8.57494
1480001 8.30416
1490001 8.50352
1500001 8.26227
1510001 8.30911
1520001 8.33149
1530001 8.55779
1540001 8.55912
1550001 8.38218
1560001 8.14793
1570001 8.24687
1580001 8.17873
1590001 8.30666
1600001 8.23091
1610001 8.19536
1620001 8.27644
1630001 8.19017
1640001 8.19518
1650001 8.27109
1660001 8.2509
1670001 8.20106
1680001 8.28492
1690001 8.46069
1700001 8.39987
1710001 8.12249
1720001 8.34221
1730001 8.22615
1740001 8.31666
1750001 8.13555
1760001 8.61463
1770001 8.26474
1780001 8.02399
1790001 8.12484
1800001 8.37739
1810001 8.27733
1820001 8.4958
1830001 8.55167
1840001 8.3935
1850001 8.05746
1860001 8.25704
1870001 8.39795
1880001 8.06856
1890001 8.1863
1900001 8.13036
1910001 8.08284
1920001 8.07117
1930001 8.40131
1940001 8.22003
1950001 7.95425
1960001 8.27834
1970001 8.32399
1980001 8.15818
1990001 8.27464
2000001 8.47167
2010001 8.22477
2020001 8.18817
2030001 8.08064
2040001 8.06555
2050001 8.22672
2060001 8.21688
2070001 8.13245
2080001 8.21122
2090001 8.08247
2100001 8.14531
2110001 8.14291
2120001 7.97651
2130001 8.05393
2140001 8.24297
2150001 8.05946
2160001 8.2015
2170001 8.19853
2180001 8.11827
2190001 8.16589
2200001 8.07928
2210001 8.07394
2220001 8.24171
2230001 8.24015
2240001 8.14381
2250001 8.20964
2260001 8.12209
2270001 8.16101
2280001 8.03448
2290001 8.22317
2300001 8.20602
2310001 8.29768
2320001 8.03693
2330001 8.00516
2340001 8.10271
2350001 8.17543
2360001 8.14128
2370001 8.41113
2380001 8.13669
2390001 8.08149
2400001 8.02195
2410001 8.20312
2420001 8.21661
2430001 8.15852
2440001 8.13391
2450001 8.05949
2460001 8.18233
2470001 8.07463
2480001 8.17369
2490001 8.17179
2500001 8.38894
2510001 8.10478
2520001 8.19145
2530001 8.19804
2540001 8.04482
2550001 8.31015
2560001 8.13108
2570001 8.11291
2580001 8.10173
2590001 8.01473
2600001 7.96826
2610001 8.23251
2620001 8.29736
2630001 8.12629
2640001 8.15048
2650001 8.1651
2660001 8.27965
2670001 8.13597
2680001 8.10447
2690001 8.16734
2700001 8.01068
2710001 7.95896
2720001 8.08954
2730001 8.14904
2740001 8.09678
2750001 8.05426
2760001 7.93467
2770001 8.23149
2780001 7.97689
2790001 8.051
2800001 8.13763
2810001 8.23431
2820001 7.94978
2830001 8.07032
2840001 8.10459
2850001 8.14545
2860001 7.96724
2870001 8.05479
2880001 8.00766
2890001 7.97078
2900001 8.17321
2910001 8.07304
2920001 7.95212
2930001 8.12008
2940001 8.23617
2950001 8.20681
2960001 8.30129
2970001 8.15563
2980001 8.13406
2990001 8.06573
3000001 8.09169
3010001 7.99559
3020001 7.90555
3030001 7.92233
3040001 8.12126
3050001 8.10661
3060001 8.07706
3070001 8.23866
3080001 8.11973
3090001 8.09258
3100001 8.1411
3110001 8.05602
3120001 8.08549
3130001 8.10589
3140001 7.88985
3150001 8.1287
3160001 8.14186
3170001 8.15321
3180001 8.07642
3190001 8.01399
3200001 8.19514
3210001 8.16851
3220001 8.1662
3230001 8.15939
3240001 8.05388
3250001 7.97548
3260001 7.97262
3270001 8.07949
3280001 8.32818
3290001 8.19469
3300001 8.17674
3310001 7.98831
3320001 7.87034
3330001 8.1494
3340001 8.12397
3350001 8.1074
3360001 8.06448
3370001 8.11108
3380001 8.2212
3390001 8.22588
3400001 8.0574
3410001 7.91897
3420001 8.25884
3430001 8.10842
3440001 8.13059
3450001 8.04186
3460001 8.12845
3470001 8.06648
3480001 8.05759
3490001 8.11041
3500001 7.99324
3510001 7.9739
3520001 8.10472
3530001 8.16508
3540001 8.03797
3550001 8.03007
3560001 8.08229
3570001 7.96349
3580001 8.22823
3590001 8.21403
3600001 7.99389
3610001 8.20039
3620001 8.01921
3630001 8.15424
3640001 8.08291
3650001 8.29079
3660001 8.0652
3670001 8.15159
3680001 7.99248
3690001 7.90286
3700001 7.86387
3710001 8.08962
3720001 7.93829
3730001 8.329
3740001 8.13752
3750001 7.97502
3760001 8.11486
3770001 8.32414
3780001 8.12357
3790001 7.99231
3800001 8.11311
3810001 7.97577
3820001 8.12117
3830001 8.18007
3840001 8.02392
3850001 7.93797
3860001 8.35884
3870001 8.16844
3880001 8.08917
3890001 8.09525
3900001 8.28777
3910001 8.35617
3920001 8.12122
3930001 8.01731
3940001 8.04038
3950001 8.15245
3960001 7.93569
3970001 7.92021
3980001 8.07091
3990001 8.0621
4000001 8.07198
4010001 8.14336
4020001 8.17501
4030001 7.89582
4040001 8.02327
4050001 8.01586
4060001 7.93873
4070001 8.07013
4080001 8.1405
4090001 8.10492
4100001 7.9847
4110001 8.03159
4120001 8.16838
4130001 8.11022
4140001 8.14759
4150001 8.0302
4160001 8.02177
4170001 8.08716
4180001 8.11116
4190001 7.85827
4200001 8.05876
4210001 7.90869
4220001 7.94752
4230001 8.05287
4240001 7.8121
4250001 7.93221
4260001 7.85982
4270001 7.96395
4280001 8.03059
4290001 8.15957
4300001 8.14895
4310001 7.97857
4320001 7.90093
4330001 7.92998
4340001 8.23868
4350001 8.0516
4360001 8.11088
4370001 8.0701
4380001 7.9911
4390001 7.99726
4400001 8.08113
4410001 7.92361
4420001 8.02949
4430001 8.14567
4440001 7.95575
4450001 8.19498
4460001 8.25271
4470001 8.18313
4480001 8.23799
4490001 8.07066
4500001 8.11204
4510001 8.01971
4520001 8.28972
4530001 7.96069
4540001 7.97445
4550001 7.95431
4560001 7.97459
4570001 8.01302
4580001 8.02339
4590001 7.90426
4600001 8.07491
4610001 8.02833
4620001 7.95988
4630001 7.99385
4640001 8.12558
4650001 7.96217
4660001 7.99897
4670001 8.02562
4680001 7.97383
4690001 7.97384
4700001 8.02547
4710001 8.09104
4720001 7.90527
4730001 7.99071
4740001 8.04056
4750001 8.0133
4760001 7.99792
4770001 7.85293
4780001 7.97994
4790001 7.80607
4800001 7.95269
4810001 7.95596
4820001 8.19804
4830001 7.88312
4840001 7.86144
4850001 7.98356
4860001 8.01512
4870001 7.91792
4880001 7.9878
4890001 7.91464
4900001 8.20081
4910001 8.12108
4920001 8.09578
4930001 8.02534
4940001 7.9986
4950001 7.96918
4960001 7.88157
4970001 8.01244
4980001 8.15789
4990001 7.92837
5000001 8.02273
5010001 7.95467
5020001 8.06562
5030001 7.87896
5040001 7.90266
5050001 7.9105
5060001 8.28108
5070001 8.14945
5080001 8.11458
5090001 8.05997
5100001 8.16168
5110001 8.3435
5120001 8.10058
5130001 8.14704
5140001 8.0675
5150001 8.06526
5160001 8.00907
5170001 8.09282
5180001 8.07425
5190001 7.99402
5200001 8.16425
5210001 7.98733
5220001 7.90472
5230001 7.96302
5240001 8.1657
5250001 7.83843
5260001 8.17305
5270001 7.94393
5280001 8.17378
5290001 8.17179
5300001 8.10697
5310001 8.25144
5320001 7.97129
5330001 8.1276
5340001 7.99074
5350001 7.95735
5360001 8.23284
5370001 8.09115
5380001 8.07903
5390001 8.10074
5400001 8.02886
5410001 8.19608
5420001 7.99645
5430001 7.90833
5440001 8.0307
5450001 8.10678
5460001 8.00759
5470001 7.92745
5480001 7.78086
5490001 7.97464
5500001 8.18328
5510001 7.95584
5520001 8.10679
5530001 8.09502
5540001 8.08607
5550001 7.917
5560001 7.83118
5570001 8.06262
5580001 8.0475
5590001 8.06081
5600001 7.93268
5610001 8.12057
5620001 7.98543
5630001 7.80603
5640001 7.91258
5650001 7.9275
5660001 7.90681
5670001 8.01722
5680001 8.02877
5690001 8.23888
5700001 7.99297
5710001 7.94604
5720001 7.97042
5730001 8.03719
5740001 7.92333
5750001 8.07175
5760001 8.11921
5770001 8.22257
5780001 8.19769
5790001 8.04159
5800001 7.96967
5810001 7.92672
5820001 8.05413
5830001 7.87006
5840001 8.03356
5850001 8.0351
5860001 8.10735
5870001 8.39718
5880001 8.0753
5890001 8.11425
5900001 7.82891
5910001 7.88702
5920001 8.07471
5930001 8.22986
5940001 8.14276
5950001 7.88561
5960001 8.09752
5970001 7.86977
5980001 8.19487
5990001 8.19011
6000001 8.07632
6010001 8.10347
6020001 7.99525
6030001 7.88795
6040001 7.91099
6050001 8.16148
6060001 8.18719
6070001 8.00645
6080001 8.0676
6090001 8.05914
6100001 8.19591
6110001 7.99699
6120001 7.98848
6130001 7.81811
6140001 8.10288
6150001 8.00653
6160001 8.01757
6170001 7.90962
6180001 8.13424
6190001 7.86701
6200001 7.88071
6210001 8.01671
6220001 7.87621
6230001 8.02315
6240001 7.80391
6250001 7.92235
6260001 7.99673
6270001 7.98266
6280001 8.09747
6290001 7.94041
6300001 7.996
6310001 7.97606
6320001 8.01872
6330001 7.91946
6340001 7.94256
6350001 7.81995
6360001 8.26271
6370001 7.98098
6380001 8.27019
6390001 8.05238
6400001 8.48642
6410001 7.87268
6420001 8.12295
6430001 8.00176
6440001 8.0346
6450001 7.82709
6460001 8.27545
6470001 8.00239
6480001 7.99287
6490001 8.14109
6500001 8.14016
6510001 8.0279
6520001 7.94785
6530001 8.21086
6540001 8.03776
6550001 8.18517
6560001 8.01241
6570001 7.94119
6580001 7.95479
6590001 7.91579
6600001 8.11272
6610001 7.9673
6620001 8.0258
6630001 7.82774
6640001 7.97274
6650001 7.8852
6660001 7.98535
6670001 7.78977
6680001 7.79557
6690001 7.93755
6700001 8.10122
6710001 8.16068
6720001 7.83668
6730001 8.18337
6740001 8.06793
6750001 7.91071
6760001 8.02023
6770001 7.8131
6780001 7.97778
6790001 7.8657
6800001 8.06841
6810001 7.75824
6820001 8.00983
6830001 7.9166
6840001 8.00334
6850001 8.18481
6860001 8.00236
6870001 8.09164
6880001 8.00311
6890001 7.99862
6900001 7.88185
6910001 8.03386
6920001 8.02705
6930001 8.11023
6940001 7.91372
6950001 8.07004
6960001 7.90707
6970001 8.00343
6980001 8.07716
6990001 8.04112
7000001 7.98788
7010001 8.08522
7020001 8.37341
7030001 8.06677
7040001 7.9659
7050001 8.06396
7060001 7.79584
7070001 8.0356
7080001 8.03883
7090001 7.86931
7100001 8.06848
7110001 8.04447
7120001 7.87549
7130001 7.88397
7140001 7.93976
7150001 7.9047
7160001 7.98394
7170001 7.95304
7180001 8.1906
7190001 8.01165
7200001 8.33644
7210001 8.09536
7220001 7.93297
7230001 7.91352
7240001 7.89617
7250001 7.93106
7260001 7.99328
7270001 8.10564
7280001 7.86348
7290001 7.95376
7300001 8.14522
7310001 8.00874
7320001 7.87502
7330001 7.93362
7340001 7.98903
7350001 7.98841
7360001 7.92869
7370001 8.0447
7380001 8.00524
7390001 8.02052
7400001 8.23866
7410001 8.11681
7420001 8.07214
7430001 7.9828
7440001 7.93064
7450001 8.12714
7460001 8.32229
7470001 8.1992
7480001 7.95551
7490001 7.90051
7500001 7.89563
7510001 8.05607
7520001 8.03524
7530001 8.12698
7540001 8.05172
7550001 7.96642
7560001 8.0846
7570001 7.9512
7580001 7.91492
7590001 7.884
7600001 7.96806
7610001 7.85405
7620001 7.98642
7630001 8.09806
7640001 7.95186
7650001 7.8978
7660001 7.77212
7670001 7.90403
7680001 7.95875
7690001 7.93468
7700001 7.93111
7710001 8.00975
7720001 8.03905
7730001 8.10553
7740001 8.00178
7750001 8.1327
7760001 8.15951
7770001 8.02319
7780001 8.17524
7790001 7.93971
7800001 8.04232
7810001 7.923
7820001 7.88252
7830001 8.05489
7840001 8.21909
7850001 8.2707
7860001 7.91633
7870001 7.95847
7880001 8.06691
7890001 7.95
7900001 8.15873
7910001 7.96478
7920001 7.84954
7930001 8.11797
7940001 8.12889
7950001 7.92647
7960001 8.09387
7970001 8.13721
7980001 8.04151
7990001 8.09073
8000001 7.84795
8010001 7.95058
8020001 8.02978
8030001 7.91442
8040001 7.76564
8050001 8.09727
8060001 8.10214
8070001 7.90139
8080001 7.93167
8090001 7.8168
8100001 8.01586
8110001 7.91564
8120001 8.04531
8130001 8.18542
8140001 8.11384
8150001 8.19554
8160001 7.98484
8170001 7.81881
8180001 8.03366
8190001 7.99961
8200001 8.07886
8210001 8.03638
8220001 8.17974
8230001 8.12568
8240001 8.08627
8250001 8.00202
8260001 8.03295
8270001 8.1038
8280001 7.97966
8290001 8.18528
8300001 8.15579
8310001 7.95789
8320001 8.22808
8330001 8.16585
8340001 7.95319
8350001 7.99284
8360001 8.08236
8370001 7.90425
8380001 8.06346
8390001 8.10584
8400001 8.15631
8410001 8.04607
8420001 7.94944
8430001 7.79357
8440001 8.0076
8450001 8.03112
8460001 8.01496
8470001 8.14685
8480001 8.1721
8490001 8.0675
8500001 7.94391
8510001 8.00819
8520001 7.97929
8530001 8.20718
8540001 8.01433
8550001 8.15033
8560001 7.97175
8570001 8.08671
8580001 8.10865
8590001 8.06295
8600001 7.87533
8610001 7.87635
8620001 7.93398
8630001 7.95506
8640001 7.91755
8650001 8.12853
8660001 7.81013
8670001 7.90537
8680001 8.24271
8690001 8.12283
8700001 7.99944
8710001 8.00394
8720001 7.97442
8730001 8.08291
8740001 8.18447
8750001 7.98051
8760001 8.0503
8770001 8.04359
8780001 7.98246
8790001 7.89089
8800001 7.9793
8810001 7.93344
8820001 7.86887
8830001 8.12015
8840001 7.91235
8850001 7.94097
8860001 8.0977
8870001 8.05775
8880001 8.16594
8890001 8.04717
8900001 7.95075
8910001 7.9206
8920001 8.04409
8930001 7.92214
8940001 7.86116
8950001 7.99482
8960001 7.98601
8970001 8.00329
8980001 8.06363
8990001 7.95784
9000001 7.82996
9010001 8.19297
9020001 7.88121
9030001 8.01977
9040001 7.75647
9050001 7.97786
9060001 7.8869
9070001 7.87203
9080001 7.96387
9090001 7.89235
9100001 8.14779
9110001 8.05258
9120001 8.04571
9130001 8.05288
9140001 8.11312
9150001 8.05585
9160001 7.93959
9170001 7.84206
9180001 7.99136
9190001 8.0592
9200001 8.07311
9210001 8.02644
9220001 7.9702
9230001 7.93734
9240001 8.16364
9250001 7.9108
9260001 7.9965
9270001 8.17843
9280001 8.00938
9290001 7.93682
9300001 7.89643
9310001 7.95019
9320001 8.15932
9330001 7.83887
9340001 8.23857
9350001 7.89344
9360001 8.17195
9370001 8.09832
9380001 8.02957
9390001 8.25607
9400001 8.05641
9410001 8.00371
9420001 8.02382
9430001 8.02402
9440001 8.0169
9450001 8.01055
9460001 7.88668
9470001 8.10618
9480001 7.93146
9490001 7.90103
9500001 7.99889
9510001 7.98956
9520001 7.97718
9530001 7.99181
9540001 8.13696
9550001 7.98014
9560001 7.8387
9570001 8.00717
9580001 8.0006
9590001 7.9886
9600001 7.9105
9610001 8.05491
9620001 8.1047
9630001 8.07187
9640001 7.96543
9650001 7.966
9660001 8.27717
9670001 7.93671
9680001 8.01052
9690001 8.1279
9700001 7.93355
9710001 7.99028
9720001 8.08811
9730001 7.97267
9740001 8.04678
9750001 8.03137
9760001 7.95887
9770001 7.95739
9780001 7.90138
9790001 7.89298
9800001 7.92986
9810001 7.9593
9820001 8.09102
9830001 8.23873
9840001 7.81984
9850001 7.93002
9860001 7.88856
9870001 7.88754
9880001 7.81844
9890001 7.9499
9900001 8.076
9910001 7.75806
9920001 8.10234
9930001 8.15078
9940001 8.04241
9950001 8.18364
9960001 7.94121
9970001 8.06606
9980001 7.83585
9990001 7.92927
