1 2661.13
10001 236.152
20001 154.407
30001 107.614
40001 80.0698
50001 61.9428
60001 49.9211
70001 40.3064
80001 34.1236
90001 29.4356
100001 25.5859
110001 22.5988
120001 20.5634
130001 18.7075
140001 17.374
150001 16.0552
160001 15.1395
170001 14.1811
180001 13.4742
190001 12.7799
200001 12.1284
210001 11.6469
220001 11.2219
230001 10.7257
240001 10.5155
250001 10.0289
260001 9.61008
270001 9.17745
280001 8.9945
290001 8.70569
300001 8.41036
310001 8.23219
320001 8.00855
330001 7.84671
340001 7.56653
350001 7.46971
360001 7.26166
370001 7.07076
380001 6.93041
390001 6.77171
400001 6.60035
410001 6.5735
420001 6.33402
430001 6.20126
440001 6.09053
450001 6.01589
460001 5.85795
470001 5.85912
480001 5.72131
490001 5.64914
500001 5.54613
510001 5.49557
520001 5.45473
530001 5.40248
540001 5.22387
550001 5.12113
560001 5.0804
570001 4.99153
580001 4.92332
590001 4.87853
600001 4.85082
610001 4.81987
620001 4.72376
630001 4.69548
640001 4.59652
650001 4.56374
660001 4.64084
670001 4.47766
680001 4.48955
690001 4.36677
700001 4.42309
710001 4.32412
720001 4.26783
730001 4.23285
740001 4.2335
750001 4.18871
760001 4.04771
770001 4.08377
780001 4.1203
790001 4.06429
800001 4.03415
810001 3.98319
820001 3.93905
830001 3.90699
840001 3.86697
850001 3.83646
860001 3.79615
870001 3.82404
880001 3.78637
890001 3.71752
900001 3.73671
910001 3.73083
920001 3.70455
930001 3.65651
940001 3.6663
950001 3.61883
960001 3.62491
970001 3.61175
980001 3.53187
990001 3.59054
1000001 3.4888
1010001 3.49011
1020001 3.46212
1030001 3.46953
1040001 3.45984
1050001 3.40627
1060001 3.44893
1070001 3.48301
1080001 3.39786
1090001 3.35783
1100001 3.32727
1110001 3.35002
1120001 3.36424
1130001 3.22782
1140001 3.23858
1150001 3.23394
1160001 3.19453
1170001 3.24901
1180001 3.18691
1190001 3.22679
1200001 3.18349
1210001 3.19871
1220001 3.22651
1230001 3.18374
1240001 3.14536
1250001 3.09357
1260001 3.09751
1270001 3.20974
1280001 3.13909
1290001 3.06145
1300001 3.04336
1310001 3.02684
1320001 3.0608
1330001 3.02745
1340001 3.03265
1350001 3.0115
1360001 2.96767
1370001 3.03214
1380001 3.07086
1390001 2.9541
1400001 3.00824
1410001 2.97472
1420001 3.03106
1430001 2.98418
1440001 2.9821
1450001 2.95999
1460001 2.95404
1470001 2.99921
1480001 2.92017
1490001 2.94228
1500001 2.90599
1510001 2.86616
1520001 2.86249
1530001 2.88788
1540001 2.81585
1550001 2.86712
1560001 2.84298
1570001 2.90457
1580001 2.84753
1590001 2.81942
1600001 2.78331
1610001 2.8605
1620001 2.7788
1630001 2.77474
1640001 2.78927
1650001 2.79398
1660001 2.80227
1670001 2.7958
1680001 2.7656
1690001 2.78339
1700001 2.73492
1710001 2.73157
1720001 2.75156
1730001 2.68759
1740001 2.68732
1750001 2.73634
1760001 2.73857
1770001 2.71732
1780001 2.72654
1790001 2.68271
1800001 2.73649
1810001 2.67185
1820001 2.75157
1830001 2.71381
1840001 2.70358
1850001 2.76935
1860001 2.69023
1870001 2.69612
1880001 2.65513
1890001 2.68863
1900001 2.69203
1910001 2.69712
1920001 2.71231
1930001 2.70729
1940001 2.61845
1950001 2.60639
1960001 2.65661
1970001 2.65611
1980001 2.67385
1990001 2.67366
2000001 2.67221
2010001 2.65497
2020001 2.66532
2030001 2.62184
2040001 2.68541
2050001 2.5986
2060001 2.60975
2070001 2.6163
2080001 2.64128
2090001 2.67814
2100001 2.62049
2110001 2.57224
2120001 2.60308
2130001 2.60152
2140001 2.59767
2150001 2.59205
2160001 2.57671
2170001 2.56473
2180001 2.57448
2190001 2.6079
2200001 2.55122
2210001 2.59796
2220001 2.53615
2230001 2.60955
2240001 2.61349
2250001 2.52403
2260001 2.54788
2270001 2.5361
2280001 2.58691
2290001 2.56558
2300001 2.56713
2310001 2.57167
2320001 2.49297
2330001 2.56802
2340001 2.5876
2350001 2.54047
2360001 2.51516
2370001 2.59722
2380001 2.50654
2390001 2.56076
2400001 2.51498
2410001 2.56228
2420001 2.55718
2430001 2.52496
2440001 2.60069
2450001 2.48791
2460001 2.61399
2470001 2.51684
2480001 2.52716
2490001 2.43417
2500001 2.4837
2510001 2.46166
2520001 2.48534
2530001 2.53903
2540001 2.46062
2550001 2.52059
2560001 2.47581
2570001 2.48671
2580001 2.53768
2590001 2.43709
2600001 2.46689
2610001 2.63457
2620001 2.63026
2630001 2.50038
2640001 2.49891
2650001 2.51051
2660001 2.47907
2670001 2.50501
2680001 2.52114
2690001 2.45272
2700001 2.45203
2710001 2.43188
2720001 2.46864
2730001 2.439
2740001 2.44115
2750001 2.44911
2760001 2.47617
2770001 2.53722
2780001 2.43739
2790001 2.40975
2800001 2.4487
2810001 2.49162
2820001 2.4477
2830001 2.41606
2840001 2.40981
2850001 2.41534
2860001 2.42099
2870001 2.43571
2880001 2.38685
2890001 2.40503
2900001 2.41681
2910001 2.43451
2920001 2.41577
2930001 2.50954
2940001 2.52165
2950001 2.43017
2960001 2.47457
2970001 2.4636
2980001 2.53519
2990001 2.44649
3000001 2.54142
3010001 2.49936
3020001 2.50984
3030001 2.43391
3040001 2.51032
3050001 2.43528
3060001 2.52073
3070001 2.4728
3080001 2.46826
3090001 2.39647
3100001 2.38479
3110001 2.38887
3120001 2.38868
3130001 2.35768
3140001 2.44987
3150001 2.41978
3160001 2.41701
3170001 2.45458
3180001 2.4173
3190001 2.35088
3200001 2.37324
3210001 2.49039
3220001 2.41246
3230001 2.39017
3240001 2.37363
3250001 2.40417
3260001 2.41984
3270001 2.60199
3280001 2.50392
3290001 2.37545
3300001 2.36601
3310001 2.3665
3320001 2.39125
3330001 2.34091
3340001 2.41348
3350001 2.39196
3360001 2.49501
3370001 2.40331
3380001 2.40713
3390001 2.42732
3400001 2.42134
3410001 2.451
3420001 2.41819
3430001 2.41854
3440001 2.43827
3450001 2.38059
3460001 2.4055
3470001 2.41309
3480001 2.41778
3490001 2.45572
3500001 2.44103
3510001 2.34547
3520001 2.40676
3530001 2.39118
3540001 2.49695
3550001 2.47334
3560001 2.39978
3570001 2.41108
3580001 2.48306
3590001 2.3809
3600001 2.38798
3610001 2.37107
3620001 2.39091
3630001 2.36844
3640001 2.44412
3650001 2.3806
3660001 2.41945
3670001 2.40223
3680001 2.41696
3690001 2.38331
3700001 2.47554
3710001 2.37252
3720001 2.44722
3730001 2.47001
3740001 2.38486
3750001 2.36132
3760001 2.3421
3770001 2.40608
3780001 2.35957
3790001 2.45678
3800001 2.38827
3810001 2.36082
3820001 2.32446
3830001 2.29279
3840001 2.42054
3850001 2.39772
3860001 2.42755
3870001 2.46172
3880001 2.35472
3890001 2.35419
3900001 2.40914
3910001 2.36858
3920001 2.35793
3930001 2.32451
3940001 2.39697
3950001 2.44168
3960001 2.38588
3970001 2.41757
3980001 2.46231
3990001 2.45999
4000001 2.37147
4010001 2.32657
4020001 2.36253
4030001 2.34255
4040001 2.36359
4050001 2.37141
4060001 2.38154
4070001 2.34182
4080001 2.36592
4090001 2.40283
4100001 2.32531
4110001 2.36039
4120001 2.36531
4130001 2.37025
4140001 2.40724
4150001 2.39966
4160001 2.35467
4170001 2.39949
4180001 2.34619
4190001 2.35636
4200001 2.38718
4210001 2.35344
4220001 2.31037
4230001 2.43348
4240001 2.45069
4250001 2.39312
4260001 2.3182
4270001 2.27851
4280001 2.32836
4290001 2.33057
4300001 2.43707
4310001 2.31657
4320001 2.38064
4330001 2.37856
4340001 2.34131
4350001 2.40021
4360001 2.35007
4370001 2.38145
4380001 2.32306
4390001 2.39376
4400001 2.3591
4410001 2.3033
4420001 2.30274
4430001 2.31292
4440001 2.28571
4450001 2.38122
4460001 2.30691
4470001 2.33658
4480001 2.34013
4490001 2.34488
4500001 2.36413
4510001 2.31696
4520001 2.38294
4530001 2.48723
4540001 2.36065
4550001 2.31624
4560001 2.38128
4570001 2.35708
4580001 2.37219
4590001 2.34709
4600001 2.32307
4610001 2.45552
4620001 2.31169
4630001 2.34593
4640001 2.32138
4650001 2.34048
4660001 2.38162
4670001 2.34015
4680001 2.35628
4690001 2.34997
4700001 2.3116
4710001 2.38902
4720001 2.28042
4730001 2.34778
4740001 2.33347
4750001 2.35903
4760001 2.35283
4770001 2.3591
4780001 2.33516
4790001 2.38428
4800001 2.38187
4810001 2.32408
4820001 2.39306
4830001 2.39284
4840001 2.29149
4850001 2.29199
4860001 2.3623
4870001 2.32524
4880001 2.34616
4890001 2.3908
4900001 2.33607
4910001 2.38055
4920001 2.30002
4930001 2.27353
4940001 2.40097
4950001 2.33183
4960001 2.33649
4970001 2.35657
4980001 2.35574
4990001 2.39273
5000001 2.35641
5010001 2.31478
5020001 2.35393
5030001 2.34998
5040001 2.33882
5050001 2.37226
5060001 2.35289
5070001 2.37257
5080001 2.35462
5090001 2.29637
5100001 2.4389
5110001 2.35566
5120001 2.3658
5130001 2.35857
5140001 2.45424
5150001 2.45173
5160001 2.40075
5170001 2.35202
5180001 2.4368
5190001 2.39432
5200001 2.39595
5210001 2.37738
5220001 2.38335
5230001 2.29587
5240001 2.36685
5250001 2.30203
5260001 2.32296
5270001 2.27753
5280001 2.31508
5290001 2.26533
5300001 2.30422
5310001 2.33899
5320001 2.30724
5330001 2.29607
5340001 2.31547
5350001 2.31916
5360001 2.34272
5370001 2.29884
5380001 2.35501
5390001 2.30259
5400001 2.34761
5410001 2.39066
5420001 2.328
5430001 2.27838
5440001 2.40838
5450001 2.40457
5460001 2.42868
5470001 2.35438
5480001 2.35725
5490001 2.34711
5500001 2.36819
5510001 2.37071
5520001 2.41069
5530001 2.33354
5540001 2.37809
5550001 2.29465
5560001 2.32801
5570001 2.31787
5580001 2.29339
5590001 2.34592
5600001 2.32516
5610001 2.39446
5620001 2.41884
5630001 2.28247
5640001 2.30851
5650001 2.31339
5660001 2.32486
5670001 2.34098
5680001 2.31061
5690001 2.32948
5700001 2.33154
5710001 2.31042
5720001 2.29039
5730001 2.28486
5740001 2.28843
5750001 2.33847
5760001 2.37445
5770001 2.39399
5780001 2.32801
5790001 2.36386
5800001 2.36883
5810001 2.32558
5820001 2.302
5830001 2.33994
5840001 2.28853
5850001 2.32501
5860001 2.36318
5870001 2.42483
5880001 2.38849
5890001 2.29459
5900001 2.32293
5910001 2.35969
5920001 2.32524
5930001 2.3962
5940001 2.34995
5950001 2.46116
5960001 2.4133
5970001 2.37186
5980001 2.44191
5990001 2.3326
6000001 2.37717
6010001 2.3178
6020001 2.38872
6030001 2.37745
6040001 2.36004
6050001 2.39389
6060001 2.30688
6070001 2.46008
6080001 2.32589
6090001 2.31078
6100001 2.35227
6110001 2.28164
6120001 2.37746
6130001 2.28505
6140001 2.28512
6150001 2.31484
6160001 2.35501
6170001 2.32991
6180001 2.29608
6190001 2.33086
6200001 2.34765
6210001 2.37552
6220001 2.35399
6230001 2.32089
6240001 2.32302
6250001 2.2854
6260001 2.3385
6270001 2.39714
6280001 2.28899
6290001 2.40339
6300001 2.32044
6310001 2.32699
6320001 2.28799
6330001 2.37706
6340001 2.37822
6350001 2.34393
6360001 2.31526
6370001 2.30924
6380001 2.37755
6390001 2.33546
6400001 2.33518
6410001 2.3346
6420001 2.33134
6430001 2.36268
6440001 2.37054
6450001 2.28394
6460001 2.39025
6470001 2.35574
6480001 2.33258
6490001 2.39937
6500001 2.3207
6510001 2.31307
6520001 2.37875
6530001 2.37796
6540001 2.39833
6550001 2.29523
6560001 2.28408
6570001 2.27818
6580001 2.31965
6590001 2.32712
6600001 2.26728
6610001 2.23939
6620001 2.27588
6630001 2.34383
6640001 2.35985
6650001 2.31718
6660001 2.36619
6670001 2.34927
6680001 2.283
6690001 2.30691
6700001 2.32034
6710001 2.31709
6720001 2.30252
6730001 2.34784
6740001 2.40445
6750001 2.32821
6760001 2.3047
6770001 2.3997
6780001 2.35229
6790001 2.39196
6800001 2.33886
6810001 2.29087
6820001 2.36529
6830001 2.29543
6840001 2.32271
6850001 2.27982
6860001 2.35426
6870001 2.35149
6880001 2.33686
6890001 2.37751
6900001 2.34979
6910001 2.28998
6920001 2.33486
6930001 2.37538
6940001 2.34591
6950001 2.30477
6960001 2.32697
6970001 2.39343
6980001 2.37625
6990001 2.3659
7000001 2.31454
7010001 2.28465
7020001 2.26287
7030001 2.26892
7040001 2.41561
7050001 2.35113
7060001 2.30257
7070001 2.40412
7080001 2.3528
7090001 2.36376
7100001 2.34737
7110001 2.3081
7120001 2.30452
7130001 2.35734
7140001 2.36497
7150001 2.34461
7160001 2.30781
7170001 2.35042
7180001 2.30471
7190001 2.37962
7200001 2.41317
7210001 2.36897
7220001 2.3371
7230001 2.36767
7240001 2.37023
7250001 2.34073
7260001 2.39928
7270001 2.31191
7280001 2.3378
7290001 2.2694
7300001 2.28226
7310001 2.39073
7320001 2.30838
7330001 2.43925
7340001 2.3787
7350001 2.34173
7360001 2.42964
7370001 2.30147
7380001 2.38712
7390001 2.30823
7400001 2.48822
7410001 2.30016
7420001 2.43019
7430001 2.33169
7440001 2.28629
7450001 2.39263
7460001 2.33701
7470001 2.38735
7480001 2.28698
7490001 2.31309
7500001 2.36841
7510001 2.29568
7520001 2.28774
7530001 2.22843
7540001 2.38082
7550001 2.26331
7560001 2.28942
7570001 2.28839
7580001 2.31458
7590001 2.27221
7600001 2.26258
7610001 2.27656
7620001 2.3234
7630001 2.33653
7640001 2.31862
7650001 2.26392
7660001 2.36493
7670001 2.28554
7680001 2.31762
7690001 2.31513
7700001 2.27313
7710001 2.25586
7720001 2.3217
7730001 2.33037
7740001 2.31453
7750001 2.32206
7760001 2.35199
7770001 2.28314
7780001 2.3088
7790001 2.30902
7800001 2.33333
7810001 2.35318
7820001 2.30247
7830001 2.35291
7840001 2.35582
7850001 2.33973
7860001 2.36786
7870001 2.27015
7880001 2.25464
7890001 2.31197
7900001 2.37069
7910001 2.37042
7920001 2.37936
7930001 2.35247
7940001 2.40563
7950001 2.37112
7960001 2.3416
7970001 2.32185
7980001 2.37294
7990001 2.35316
8000001 2.34342
8010001 2.29982
8020001 2.35434
8030001 2.32204
8040001 2.29383
8050001 2.27291
8060001 2.31963
8070001 2.32521
8080001 2.2854
8090001 2.33
8100001 2.35817
8110001 2.29184
8120001 2.3236
8130001 2.3264
8140001 2.3266
8150001 2.27376
8160001 2.32125
8170001 2.25975
8180001 2.43687
8190001 2.2844
8200001 2.36094
8210001 2.28349
8220001 2.33365
8230001 2.38454
8240001 2.28718
8250001 2.31321
8260001 2.33778
8270001 2.43384
8280001 2.3529
8290001 2.34157
8300001 2.31236
8310001 2.31178
8320001 2.37313
8330001 2.34807
8340001 2.43804
8350001 2.3724
8360001 2.3631
8370001 2.37187
8380001 2.36199
8390001 2.37145
8400001 2.3082
8410001 2.31308
8420001 2.30688
8430001 2.45795
8440001 2.43151
8450001 2.35871
8460001 2.3014
8470001 2.33434
8480001 2.30087
8490001 2.35558
8500001 2.33975
8510001 2.34761
8520001 2.29994
8530001 2.31097
8540001 2.28428
8550001 2.33575
8560001 2.31678
8570001 2.35746
8580001 2.34771
8590001 2.31593
8600001 2.28414
8610001 2.26569
8620001 2.44473
8630001 2.38982
8640001 2.29768
8650001 2.27454
8660001 2.33985
8670001 2.30827
8680001 2.34943
8690001 2.35393
8700001 2.42863
8710001 2.32581
8720001 2.44043
8730001 2.37514
8740001 2.35348
8750001 2.28348
8760001 2.36952
8770001 2.33685
8780001 2.3186
8790001 2.34061
8800001 2.30129
8810001 2.3698
8820001 2.29917
8830001 2.34044
8840001 2.32959
8850001 2.31862
8860001 2.4027
8870001 2.43801
8880001 2.28826
8890001 2.37383
8900001 2.36644
8910001 2.33422
8920001 2.29369
8930001 2.41021
8940001 2.2633
8950001 2.32453
8960001 2.32548
8970001 2.29086
8980001 2.34021
8990001 2.34466
9000001 2.28716
9010001 2.283
9020001 2.26028
9030001 2.35509
9040001 2.27146
9050001 2.38182
9060001 2.3588
9070001 2.31125
9080001 2.26656
9090001 2.26307
9100001 2.27938
9110001 2.2725
9120001 2.30265
9130001 2.27347
9140001 2.3577
9150001 2.25631
9160001 2.22216
9170001 2.33464
9180001 2.37034
9190001 2.35387
9200001 2.32787
9210001 2.35625
9220001 2.34083
9230001 2.32356
9240001 2.47269
9250001 2.33189
9260001 2.32194
9270001 2.35671
9280001 2.37699
9290001 2.36288
9300001 2.26238
9310001 2.41342
9320001 2.32892
9330001 2.38914
9340001 2.36572
9350001 2.29199
9360001 2.31375
9370001 2.28864
9380001 2.33163
9390001 2.34635
9400001 2.35826
9410001 2.3088
9420001 2.31321
9430001 2.31726
9440001 2.37532
9450001 2.23692
9460001 2.38016
9470001 2.39896
9480001 2.31139
9490001 2.36323
9500001 2.38299
9510001 2.32937
9520001 2.36713
9530001 2.34283
9540001 2.43853
9550001 2.38073
9560001 2.32248
9570001 2.34937
9580001 2.27013
9590001 2.23175
9600001 2.24348
9610001 2.29967
9620001 2.29914
9630001 2.29562
9640001 2.27944
9650001 2.2968
9660001 2.30713
9670001 2.32367
9680001 2.29489
9690001 2.32619
9700001 2.30051
9710001 2.29858
9720001 2.374
9730001 2.3436
9740001 2.35851
9750001 2.31055
9760001 2.39105
9770001 2.33558
9780001 2.32728
9790001 2.2547
9800001 2.32378
9810001 2.28044
9820001 2.25804
9830001 2.35696
9840001 2.34262
9850001 2.25421
9860001 2.34648
9870001 2.3722
9880001 2.2619
9890001 2.27872
9900001 2.29397
9910001 2.32871
9920001 2.26107
9930001 2.28649
9940001 2.28665
9950001 2.3392
9960001 2.24791
9970001 2.29406
9980001 2.33142
9990001 2.32713
10000001 2.32478
10010001 2.30819
10020001 2.29334
10030001 2.23803
10040001 2.2458
10050001 2.37344
10060001 2.27959
10070001 2.2901
10080001 2.35365
10090001 2.29597
10100001 2.34117
10110001 2.39111
10120001 2.28523
10130001 2.41845
10140001 2.35322
10150001 2.315
10160001 2.32505
10170001 2.2707
10180001 2.30474
10190001 2.3367
10200001 2.32696
10210001 2.32408
10220001 2.31133
10230001 2.315
10240001 2.26335
10250001 2.28332
10260001 2.27801
10270001 2.35564
10280001 2.35614
10290001 2.3737
10300001 2.30767
10310001 2.39028
10320001 2.32418
10330001 2.29533
10340001 2.35234
10350001 2.4275
10360001 2.29457
10370001 2.34363
10380001 2.3485
10390001 2.31566
10400001 2.36833
10410001 2.29946
10420001 2.31514
10430001 2.28998
10440001 2.327
10450001 2.31559
10460001 2.28475
10470001 2.31627
10480001 2.32297
10490001 2.43593
10500001 2.35337
10510001 2.37035
10520001 2.33794
10530001 2.25708
10540001 2.28838
10550001 2.30353
10560001 2.32827
10570001 2.27006
10580001 2.30592
10590001 2.30598
10600001 2.3013
10610001 2.35711
10620001 2.29866
10630001 2.32162
10640001 2.35816
10650001 2.28759
10660001 2.30328
10670001 2.33922
10680001 2.32267
10690001 2.29265
10700001 2.32541
10710001 2.32358
10720001 2.33612
10730001 2.29587
10740001 2.27272
10750001 2.19916
10760001 2.26042
10770001 2.31822
10780001 2.26286
10790001 2.30216
10800001 2.3059
10810001 2.42705
10820001 2.37142
10830001 2.33806
10840001 2.34667
10850001 2.35474
10860001 2.30534
10870001 2.3695
10880001 2.28193
10890001 2.29436
10900001 2.28206
10910001 2.30772
10920001 2.3124
10930001 2.26672
10940001 2.28488
10950001 2.29323
10960001 2.38498
10970001 2.31311
10980001 2.36007
10990001 2.30115
11000001 2.31177
11010001 2.35328
11020001 2.31937
11030001 2.335
11040001 2.28375
11050001 2.39309
11060001 2.29197
11070001 2.33684
11080001 2.26817
11090001 2.2587
11100001 2.323
11110001 2.26999
11120001 2.26816
11130001 2.33876
11140001 2.30972
11150001 2.28263
11160001 2.24151
11170001 2.4406
11180001 2.24708
11190001 2.37783
11200001 2.32131
11210001 2.3857
11220001 2.40502
11230001 2.37643
11240001 2.45323
11250001 2.35473
11260001 2.3606
11270001 2.38
11280001 2.32933
11290001 2.31062
11300001 2.32151
11310001 2.36663
11320001 2.32417
11330001 2.33108
11340001 2.35541
11350001 2.30399
11360001 2.33043
11370001 2.26192
11380001 2.25031
11390001 2.32068
11400001 2.28559
11410001 2.39494
11420001 2.28218
11430001 2.36435
11440001 2.32555
11450001 2.31778
11460001 2.34708
11470001 2.36154
11480001 2.33807
11490001 2.37171
11500001 2.34267
11510001 2.30804
11520001 2.35273
11530001 2.31625
11540001 2.33557
11550001 2.31208
11560001 2.37484
11570001 2.3125
11580001 2.31323
11590001 2.26832
11600001 2.30832
11610001 2.28133
11620001 2.32325
11630001 2.25281
11640001 2.30315
11650001 2.36228
11660001 2.27711
11670001 2.27882
11680001 2.31997
11690001 2.34955
11700001 2.37383
11710001 2.32177
11720001 2.27986
11730001 2.27459
11740001 2.22266
11750001 2.25607
11760001 2.41576
11770001 2.30297
11780001 2.346
11790001 2.31586
11800001 2.32556
11810001 2.35714
11820001 2.3394
11830001 2.32879
11840001 2.33189
11850001 2.29464
11860001 2.28968
11870001 2.36163
11880001 2.31528
11890001 2.2885
11900001 2.35618
11910001 2.38095
11920001 2.2982
11930001 2.31594
11940001 2.31318
11950001 2.35963
11960001 2.38154
11970001 2.36079
11980001 2.26086
11990001 2.31817
12000001 2.43217
12010001 2.33584
12020001 2.38044
12030001 2.31305
12040001 2.38854
12050001 2.374
12060001 2.33965
12070001 2.39904
12080001 2.28167
12090001 2.26915
12100001 2.29267
12110001 2.30706
12120001 2.36267
12130001 2.33211
12140001 2.29466
12150001 2.31265
12160001 2.30452
12170001 2.28609
12180001 2.33185
12190001 2.39925
12200001 2.34907
12210001 2.29614
12220001 2.31333
12230001 2.36282
12240001 2.42873
12250001 2.38027
12260001 2.33411
12270001 2.35266
12280001 2.27187
12290001 2.33175
12300001 2.30231
12310001 2.32403
12320001 2.3315
12330001 2.24708
12340001 2.30487
12350001 2.45408
12360001 2.31466
12370001 2.32889
12380001 2.40314
12390001 2.30534
12400001 2.2156
12410001 2.32068
12420001 2.28398
12430001 2.33531
12440001 2.31148
12450001 2.32841
12460001 2.28037
12470001 2.34548
12480001 2.36018
12490001 2.29332
12500001 2.35014
12510001 2.30161
12520001 2.308
12530001 2.32643
12540001 2.2308
12550001 2.27414
12560001 2.29316
12570001 2.32589
12580001 2.33046
12590001 2.29385
12600001 2.38022
12610001 2.3292
12620001 2.28198
12630001 2.38483
12640001 2.28857
12650001 2.21301
12660001 2.25094
12670001 2.32221
12680001 2.31202
12690001 2.25526
12700001 2.29114
12710001 2.32469
12720001 2.29944
12730001 2.31031
12740001 2.3428
12750001 2.3426
12760001 2.32186
12770001 2.31583
12780001 2.36921
12790001 2.36752
12800001 2.29006
12810001 2.46036
12820001 2.35971
12830001 2.26136
12840001 2.39897
12850001 2.38775
12860001 2.3845
12870001 2.41497
12880001 2.296
12890001 2.31157
12900001 2.31985
12910001 2.30805
12920001 2.34211
12930001 2.36856
12940001 2.34587
12950001 2.3208
12960001 2.29556
12970001 2.28442
12980001 2.23721
12990001 2.30874
13000001 2.31792
13010001 2.27751
13020001 2.34872
13030001 2.31064
13040001 2.31382
13050001 2.34348
13060001 2.3325
13070001 2.29342
13080001 2.34754
13090001 2.35548
13100001 2.3204
13110001 2.28306
13120001 2.27039
13130001 2.29442
13140001 2.32222
13150001 2.28461
13160001 2.28634
13170001 2.31387
13180001 2.29311
13190001 2.37334
13200001 2.37241
13210001 2.37558
13220001 2.37638
13230001 2.3604
13240001 2.32652
13250001 2.31396
13260001 2.29047
13270001 2.3204
13280001 2.30105
13290001 2.38385
13300001 2.35591
13310001 2.2542
13320001 2.29225
13330001 2.25563
13340001 2.32212
13350001 2.37287
13360001 2.31076
13370001 2.29192
13380001 2.2519
13390001 2.35399
13400001 2.30552
13410001 2.28136
13420001 2.26257
13430001 2.24156
13440001 2.29863
13450001 2.27414
13460001 2.31226
13470001 2.42558
13480001 2.31701
13490001 2.26061
13500001 2.27635
13510001 2.34654
13520001 2.32304
13530001 2.34003
13540001 2.35576
13550001 2.38013
13560001 2.327
13570001 2.33835
13580001 2.3412
13590001 2.31952
13600001 2.34808
13610001 2.30311
13620001 2.37812
13630001 2.31326
13640001 2.35133
13650001 2.37436
13660001 2.38732
13670001 2.29341
13680001 2.34798
13690001 2.38127
13700001 2.37673
13710001 2.2965
13720001 2.31305
13730001 2.30644
13740001 2.34674
13750001 2.31376
13760001 2.3302
13770001 2.29902
13780001 2.27934
13790001 2.31078
13800001 2.29981
13810001 2.31958
13820001 2.21789
13830001 2.28772
13840001 2.31512
13850001 2.29122
13860001 2.34221
13870001 2.32788
13880001 2.3767
13890001 2.39724
13900001 2.28959
13910001 2.25377
13920001 2.28956
13930001 2.27664
13940001 2.29488
13950001 2.50431
13960001 2.38044
13970001 2.35517
13980001 2.31932
13990001 2.31643
14000001 2.23272
14010001 2.46254
14020001 2.45868
14030001 2.35712
14040001 2.37678
14050001 2.30532
14060001 2.26468
14070001 2.39879
14080001 2.47231
14090001 2.34222
14100001 2.26472
14110001 2.30191
14120001 2.19779
14130001 2.25247
14140001 2.22693
14150001 2.31936
14160001 2.26613
14170001 2.33896
14180001 2.37291
14190001 2.31363
14200001 2.32749
14210001 2.31132
14220001 2.38983
14230001 2.36643
14240001 2.40464
14250001 2.36564
14260001 2.4396
14270001 2.24988
14280001 2.37191
14290001 2.25003
14300001 2.29818
14310001 2.31276
14320001 2.31162
14330001 2.30907
14340001 2.31446
14350001 2.41929
14360001 2.36965
14370001 2.29801
14380001 2.31148
14390001 2.33938
14400001 2.36734
14410001 2.29675
14420001 2.28503
14430001 2.25829
14440001 2.34036
14450001 2.3349
14460001 2.37596
14470001 2.33654
14480001 2.30204
14490001 2.29131
14500001 2.34012
14510001 2.25503
14520001 2.34778
14530001 2.26971
14540001 2.33664
14550001 2.37459
14560001 2.31373
14570001 2.31079
14580001 2.35093
14590001 2.28784
14600001 2.33844
14610001 2.26542
14620001 2.3703
14630001 2.3313
14640001 2.31417
14650001 2.24445
14660001 2.29917
14670001 2.36835
14680001 2.27467
14690001 2.26955
14700001 2.3278
14710001 2.30125
14720001 2.36735
14730001 2.36941
14740001 2.37136
14750001 2.27566
14760001 2.2614
14770001 2.24727
14780001 2.33981
14790001 2.31991
14800001 2.31985
14810001 2.35144
14820001 2.23739
14830001 2.30899
14840001 2.27935
14850001 2.39662
14860001 2.27572
14870001 2.42663
14880001 2.29
14890001 2.2974
14900001 2.37624
14910001 2.2686
14920001 2.29181
14930001 2.33154
14940001 2.29963
14950001 2.35152
14960001 2.29375
14970001 2.30757
14980001 2.24785
14990001 2.30024
15000001 2.37946
15010001 2.30348
15020001 2.35077
15030001 2.33301
15040001 2.34765
15050001 2.24307
15060001 2.33105
15070001 2.33807
15080001 2.26928
15090001 2.33871
15100001 2.41561
15110001 2.2763
15120001 2.31702
15130001 2.27609
15140001 2.27843
15150001 2.28968
15160001 2.3014
15170001 2.26222
15180001 2.30869
15190001 2.30997
15200001 2.29372
15210001 2.33062
15220001 2.33352
15230001 2.29609
15240001 2.30479
15250001 2.35759
15260001 2.25491
15270001 2.28635
15280001 2.35603
15290001 2.28672
15300001 2.26763
15310001 2.34206
15320001 2.2886
15330001 2.40429
15340001 2.34885
15350001 2.31293
15360001 2.30836
15370001 2.32801
15380001 2.31661
15390001 2.45546
15400001 2.38911
15410001 2.35477
15420001 2.24658
15430001 2.34481
15440001 2.29744
15450001 2.34286
15460001 2.32962
15470001 2.30991
15480001 2.3118
15490001 2.34439
15500001 2.37497
15510001 2.37629
15520001 2.33635
15530001 2.29724
15540001 2.28569
15550001 2.27241
15560001 2.26124
15570001 2.25307
15580001 2.27527
15590001 2.35413
15600001 2.26462
15610001 2.30214
15620001 2.23759
15630001 2.38089
15640001 2.23977
15650001 2.3214
15660001 2.32199
15670001 2.27811
15680001 2.42417
15690001 2.37179
15700001 2.30277
15710001 2.34396
15720001 2.28191
15730001 2.33795
15740001 2.28153
15750001 2.37274
15760001 2.26072
15770001 2.3148
15780001 2.36269
15790001 2.28571
15800001 2.33803
15810001 2.33596
15820001 2.33838
15830001 2.42208
15840001 2.27657
15850001 2.28946
15860001 2.36676
15870001 2.33111
15880001 2.27668
15890001 2.35217
15900001 2.28279
15910001 2.32615
15920001 2.31261
15930001 2.29343
15940001 2.27367
15950001 2.26581
15960001 2.27022
15970001 2.2697
15980001 2.27343
15990001 2.37909
16000001 2.33818
16010001 2.33391
16020001 2.35105
16030001 2.45724
16040001 2.32764
16050001 2.28988
16060001 2.32092
16070001 2.35924
16080001 2.32052
16090001 2.32875
16100001 2.33568
16110001 2.35722
16120001 2.29057
16130001 2.34631
16140001 2.28799
16150001 2.32542
16160001 2.33397
16170001 2.30711
16180001 2.28776
16190001 2.3865
16200001 2.30845
16210001 2.24475
16220001 2.28909
16230001 2.31091
16240001 2.38605
16250001 2.29363
16260001 2.31486
16270001 2.31517
16280001 2.27849
16290001 2.29754
16300001 2.28174
16310001 2.37979
16320001 2.30099
16330001 2.26104
16340001 2.29319
16350001 2.28831
16360001 2.36342
16370001 2.39137
16380001 2.30741
16390001 2.30541
16400001 2.28818
16410001 2.25731
16420001 2.3528
16430001 2.29146
16440001 2.26119
16450001 2.32963
16460001 2.35345
16470001 2.31053
16480001 2.28981
16490001 2.25092
16500001 2.40552
16510001 2.42537
16520001 2.34278
16530001 2.32607
16540001 2.33626
16550001 2.27618
16560001 2.31282
16570001 2.3448
16580001 2.37727
16590001 2.32978
16600001 2.28677
16610001 2.31483
16620001 2.37402
16630001 2.35351
16640001 2.33173
16650001 2.38938
16660001 2.42719
16670001 2.3223
16680001 2.38692
16690001 2.25423
16700001 2.25296
16710001 2.39798
16720001 2.29981
16730001 2.39525
16740001 2.31567
16750001 2.34308
16760001 2.36163
16770001 2.3299
16780001 2.29189
16790001 2.3066
16800001 2.27952
16810001 2.26735
16820001 2.34067
16830001 2.37255
16840001 2.26667
16850001 2.35736
16860001 2.26518
16870001 2.26183
16880001 2.34527
16890001 2.32524
16900001 2.30008
16910001 2.3341
16920001 2.23677
16930001 2.30267
16940001 2.30786
16950001 2.26074
16960001 2.27649
16970001 2.26232
16980001 2.3731
16990001 2.27171
17000001 2.30485
17010001 2.29065
17020001 2.29884
17030001 2.35579
17040001 2.31695
17050001 2.32641
17060001 2.27658
17070001 2.31156
17080001 2.2564
17090001 2.28939
17100001 2.29609
17110001 2.37616
17120001 2.32961
17130001 2.32422
17140001 2.34412
17150001 2.32364
17160001 2.35935
17170001 2.32176
17180001 2.31585
17190001 2.33146
17200001 2.39747
17210001 2.27401
17220001 2.30448
17230001 2.3192
17240001 2.42469
17250001 2.29105
17260001 2.29847
17270001 2.31934
17280001 2.28968
17290001 2.37594
17300001 2.39751
17310001 2.41309
17320001 2.35508
17330001 2.32703
17340001 2.30247
17350001 2.3403
17360001 2.30807
17370001 2.30572
17380001 2.39271
17390001 2.25615
17400001 2.42725
17410001 2.28338
17420001 2.28037
17430001 2.27357
17440001 2.31431
17450001 2.29042
17460001 2.30144
17470001 2.32382
17480001 2.28116
17490001 2.40559
17500001 2.32597
17510001 2.30992
17520001 2.34775
17530001 2.34638
17540001 2.32019
17550001 2.30161
17560001 2.31449
17570001 2.35553
17580001 2.42343
17590001 2.38562
17600001 2.2983
17610001 2.32299
17620001 2.25784
17630001 2.32998
17640001 2.38533
17650001 2.33221
17660001 2.29617
17670001 2.35822
17680001 2.33846
17690001 2.32054
17700001 2.33402
17710001 2.2759
17720001 2.38055
17730001 2.32383
17740001 2.36566
17750001 2.34442
17760001 2.28335
17770001 2.33234
17780001 2.24092
17790001 2.29383
17800001 2.33389
17810001 2.38099
17820001 2.33412
17830001 2.29437
17840001 2.25716
17850001 2.36762
17860001 2.27784
17870001 2.31181
17880001 2.49407
17890001 2.31426
17900001 2.25722
17910001 2.25688
17920001 2.30627
17930001 2.32245
17940001 2.33991
17950001 2.33779
17960001 2.23225
17970001 2.36537
17980001 2.28812
17990001 2.31396
18000001 2.43031
18010001 2.30887
18020001 2.27977
18030001 2.2871
18040001 2.29836
18050001 2.29597
18060001 2.33057
18070001 2.26737
18080001 2.35784
18090001 2.33227
18100001 2.28168
18110001 2.35544
18120001 2.35461
18130001 2.32658
18140001 2.30968
18150001 2.31952
18160001 2.25753
18170001 2.24816
18180001 2.368
18190001 2.31456
18200001 2.32279
18210001 2.36198
18220001 2.34309
18230001 2.38079
18240001 2.34613
18250001 2.29495
18260001 2.30442
18270001 2.34231
18280001 2.31872
18290001 2.33446
18300001 2.33485
18310001 2.34141
18320001 2.29803
18330001 2.3224
18340001 2.38232
18350001 2.35998
18360001 2.32819
18370001 2.34799
18380001 2.33202
18390001 2.30237
18400001 2.28624
18410001 2.3123
18420001 2.38518
18430001 2.28388
18440001 2.34922
18450001 2.32085
18460001 2.27718
18470001 2.30242
18480001 2.35333
18490001 2.31423
18500001 2.32256
18510001 2.33164
18520001 2.25705
18530001 2.31333
18540001 2.27099
18550001 2.41843
18560001 2.28396
18570001 2.30941
18580001 2.40098
18590001 2.36031
18600001 2.27823
18610001 2.25821
18620001 2.29015
18630001 2.3582
18640001 2.26804
18650001 2.29225
18660001 2.31631
18670001 2.23264
18680001 2.28679
18690001 2.25484
18700001 2.31429
18710001 2.25342
18720001 2.24336
18730001 2.25459
18740001 2.32835
18750001 2.29124
18760001 2.3459
18770001 2.33242
18780001 2.323
18790001 2.36706
18800001 2.34385
18810001 2.3201
18820001 2.40002
18830001 2.39454
18840001 2.31547
18850001 2.29631
18860001 2.27315
18870001 2.32709
18880001 2.23389
18890001 2.2523
18900001 2.32196
18910001 2.30351
18920001 2.25302
18930001 2.33941
18940001 2.31179
18950001 2.31881
18960001 2.34057
18970001 2.34752
18980001 2.25836
18990001 2.29884
19000001 2.39218
19010001 2.33656
19020001 2.39183
19030001 2.26335
19040001 2.27703
19050001 2.39178
19060001 2.33139
19070001 2.34627
19080001 2.33612
19090001 2.27296
19100001 2.37752
19110001 2.30389
19120001 2.29538
19130001 2.26639
19140001 2.40307
19150001 2.33935
19160001 2.24467
19170001 2.30018
19180001 2.2864
19190001 2.39182
19200001 2.33307
19210001 2.36307
19220001 2.27698
19230001 2.20936
19240001 2.24922
19250001 2.4096
19260001 2.31219
19270001 2.27724
19280001 2.32008
19290001 2.29615
19300001 2.2593
19310001 2.32183
19320001 2.31789
19330001 2.30296
19340001 2.37267
19350001 2.27139
19360001 2.29595
19370001 2.29234
19380001 2.26013
19390001 2.21779
19400001 2.30897
19410001 2.31462
19420001 2.25164
19430001 2.28259
19440001 2.36293
19450001 2.38689
19460001 2.35894
19470001 2.29001
19480001 2.31362
19490001 2.27913
19500001 2.31962
19510001 2.35451
19520001 2.38044
19530001 2.30969
19540001 2.25062
19550001 2.35753
19560001 2.25091
19570001 2.25068
19580001 2.32776
19590001 2.31612
19600001 2.30681
19610001 2.25923
19620001 2.26298
19630001 2.30496
19640001 2.26966
19650001 2.3524
19660001 2.35384
19670001 2.45156
19680001 2.35298
19690001 2.40032
19700001 2.30421
19710001 2.22506
19720001 2.24662
19730001 2.43426
19740001 2.35744
19750001 2.35753
19760001 2.31343
19770001 2.36075
19780001 2.30082
19790001 2.30444
19800001 2.37827
19810001 2.35551
19820001 2.31191
19830001 2.31707
19840001 2.30535
19850001 2.32186
19860001 2.36465
19870001 2.32582
19880001 2.30409
19890001 2.34724
19900001 2.3271
19910001 2.30477
19920001 2.33442
19930001 2.33686
19940001 2.29718
19950001 2.32753
19960001 2.29585
19970001 2.26174
19980001 2.33639
19990001 2.32405
20000001 2.30061
20010001 2.32484
20020001 2.26291
20030001 2.22346
20040001 2.31689
20050001 2.31198
20060001 2.34656
20070001 2.33184
20080001 2.28211
20090001 2.29765
20100001 2.30612
20110001 2.34788
20120001 2.31092
20130001 2.2803
20140001 2.3837
20150001 2.33166
20160001 2.35064
20170001 2.3225
20180001 2.28954
20190001 2.36415
20200001 2.3285
20210001 2.34553
20220001 2.32011
20230001 2.27941
20240001 2.28337
20250001 2.23464
20260001 2.26771
20270001 2.27174
20280001 2.31504
20290001 2.27035
20300001 2.32791
20310001 2.35637
20320001 2.35513
20330001 2.32075
20340001 2.32804
20350001 2.25552
20360001 2.28877
20370001 2.38707
20380001 2.30889
20390001 2.37263
20400001 2.33584
20410001 2.24227
20420001 2.3594
20430001 2.29067
20440001 2.28887
20450001 2.28431
20460001 2.35162
20470001 2.25715
20480001 2.34206
20490001 2.31225
20500001 2.22495
20510001 2.40701
20520001 2.34294
20530001 2.30938
20540001 2.2984
20550001 2.23243
20560001 2.33679
20570001 2.2364
20580001 2.38533
20590001 2.29838
20600001 2.2154
20610001 2.37584
20620001 2.27964
20630001 2.29104
20640001 2.2726
20650001 2.29898
20660001 2.36563
20670001 2.32583
20680001 2.27954
20690001 2.29047
20700001 2.30285
20710001 2.36046
20720001 2.29123
20730001 2.32695
20740001 2.27027
20750001 2.38199
20760001 2.31021
20770001 2.31155
20780001 2.28057
20790001 2.2618
20800001 2.26641
20810001 2.3969
20820001 2.36109
20830001 2.29389
20840001 2.24637
20850001 2.38764
20860001 2.28766
20870001 2.29761
20880001 2.2476
20890001 2.26051
20900001 2.25067
20910001 2.31623
20920001 2.27685
20930001 2.38986
20940001 2.29455
20950001 2.29875
20960001 2.28642
20970001 2.31385
20980001 2.28699
20990001 2.2923
21000001 2.34064
21010001 2.34341
21020001 2.3082
21030001 2.37844
21040001 2.37721
21050001 2.3829
21060001 2.28526
21070001 2.38298
21080001 2.31135
21090001 2.3969
21100001 2.37693
21110001 2.31391
21120001 2.32941
21130001 2.32223
21140001 2.31942
21150001 2.28328
21160001 2.30225
21170001 2.35151
21180001 2.32695
21190001 2.27653
21200001 2.2879
21210001 2.41728
21220001 2.30712
21230001 2.3332
21240001 2.36099
21250001 2.32477
21260001 2.29151
21270001 2.32769
21280001 2.37085
21290001 2.34374
21300001 2.30107
21310001 2.26544
21320001 2.27811
21330001 2.2716
21340001 2.31999
21350001 2.28163
21360001 2.27281
21370001 2.28026
21380001 2.30466
21390001 2.35276
21400001 2.34318
21410001 2.3417
21420001 2.35406
21430001 2.3061
21440001 2.30758
21450001 2.32163
21460001 2.31829
21470001 2.35535
21480001 2.26633
21490001 2.34592
21500001 2.31971
21510001 2.3242
21520001 2.24691
21530001 2.2496
21540001 2.2995
21550001 2.29595
21560001 2.2862
21570001 2.26654
21580001 2.33111
21590001 2.3463
21600001 2.31041
21610001 2.35064
21620001 2.36014
21630001 2.27551
21640001 2.336
21650001 2.2796
21660001 2.32814
21670001 2.33486
21680001 2.37637
21690001 2.2691
21700001 2.27993
21710001 2.32498
21720001 2.24575
21730001 2.34763
21740001 2.26119
21750001 2.23466
21760001 2.22332
21770001 2.31535
21780001 2.2577
21790001 2.32409
21800001 2.24171
21810001 2.30282
21820001 2.26346
21830001 2.33393
21840001 2.32868
21850001 2.31615
21860001 2.31154
21870001 2.32165
21880001 2.29826
21890001 2.39622
21900001 2.31746
21910001 2.29511
21920001 2.42001
21930001 2.32802
21940001 2.28647
21950001 2.37933
21960001 2.29429
21970001 2.34163
21980001 2.36039
21990001 2.32517
22000001 2.34013
22010001 2.37011
22020001 2.26532
22030001 2.28719
22040001 2.29072
22050001 2.29851
22060001 2.31333
22070001 2.31569
22080001 2.29816
22090001 2.31063
22100001 2.34405
22110001 2.28291
22120001 2.29827
22130001 2.30918
22140001 2.34763
22150001 2.28712
22160001 2.30545
22170001 2.30516
22180001 2.3283
22190001 2.29369
22200001 2.37213
22210001 2.25964
22220001 2.30937
22230001 2.33937
22240001 2.32023
22250001 2.31276
22260001 2.24622
22270001 2.25583
22280001 2.23508
22290001 2.29807
22300001 2.37149
22310001 2.33154
22320001 2.3765
22330001 2.26837
22340001 2.26766
22350001 2.27924
22360001 2.31033
22370001 2.30362
22380001 2.31247
22390001 2.29648
22400001 2.31181
22410001 2.38115
22420001 2.41092
22430001 2.33553
22440001 2.27079
22450001 2.31353
22460001 2.27031
22470001 2.31057
22480001 2.31239
22490001 2.39503
22500001 2.28398
22510001 2.26659
22520001 2.3038
22530001 2.38331
22540001 2.33067
22550001 2.34184
22560001 2.36686
22570001 2.35648
22580001 2.33165
22590001 2.33688
22600001 2.36751
22610001 2.29086
22620001 2.33774
22630001 2.31804
22640001 2.34892
22650001 2.30901
22660001 2.36193
22670001 2.39096
22680001 2.45011
22690001 2.44413
22700001 2.33772
22710001 2.33499
22720001 2.28219
22730001 2.3762
22740001 2.35037
22750001 2.30366
22760001 2.34705
22770001 2.38513
22780001 2.30415
22790001 2.28152
22800001 2.21673
22810001 2.23282
22820001 2.37912
22830001 2.29479
22840001 2.36447
22850001 2.43627
22860001 2.34063
22870001 2.31209
22880001 2.29507
22890001 2.20407
22900001 2.22902
22910001 2.21849
22920001 2.27913
22930001 2.30302
22940001 2.3499
22950001 2.29216
22960001 2.29015
22970001 2.39235
22980001 2.30641
22990001 2.30357
23000001 2.31792
23010001 2.2737
23020001 2.35733
23030001 2.28074
23040001 2.27749
23050001 2.26482
23060001 2.39937
23070001 2.29345
23080001 2.3048
23090001 2.26933
23100001 2.3375
23110001 2.32812
23120001 2.32515
23130001 2.28429
23140001 2.27372
23150001 2.34126
23160001 2.23016
23170001 2.31951
23180001 2.31107
23190001 2.31656
23200001 2.33867
23210001 2.30688
23220001 2.25858
23230001 2.34605
23240001 2.26766
23250001 2.30164
23260001 2.33232
23270001 2.26196
23280001 2.30736
23290001 2.38608
23300001 2.29416
23310001 2.33566
23320001 2.37718
23330001 2.33659
23340001 2.40043
23350001 2.39435
23360001 2.33919
23370001 2.28193
23380001 2.26702
23390001 2.35154
23400001 2.23182
23410001 2.31141
23420001 2.31497
23430001 2.33609
23440001 2.40241
23450001 2.32702
23460001 2.32298
23470001 2.32645
23480001 2.28941
23490001 2.33257
23500001 2.25298
23510001 2.3107
23520001 2.28955
23530001 2.31087
23540001 2.28041
23550001 2.3477
23560001 2.31181
23570001 2.39235
23580001 2.3348
23590001 2.34101
23600001 2.3036
23610001 2.26806
23620001 2.30419
23630001 2.23441
23640001 2.29177
23650001 2.40205
23660001 2.35317
23670001 2.34242
23680001 2.29857
23690001 2.3601
23700001 2.32954
23710001 2.35731
23720001 2.34899
23730001 2.33287
23740001 2.32241
23750001 2.31823
23760001 2.36871
23770001 2.29833
23780001 2.32763
23790001 2.29834
23800001 2.23374
23810001 2.31599
23820001 2.29597
23830001 2.22358
23840001 2.28096
23850001 2.29661
23860001 2.33188
23870001 2.32813
23880001 2.27392
23890001 2.42835
23900001 2.37457
23910001 2.30001
23920001 2.32178
23930001 2.29416
23940001 2.22558
23950001 2.21683
23960001 2.31937
23970001 2.30009
23980001 2.29111
23990001 2.26629
24000001 2.28975
24010001 2.28373
24020001 2.36131
24030001 2.33949
24040001 2.37358
24050001 2.31353
24060001 2.30082
24070001 2.35861
24080001 2.31929
24090001 2.3295
24100001 2.33821
24110001 2.30784
24120001 2.34838
24130001 2.30208
24140001 2.37874
24150001 2.27481
24160001 2.30577
24170001 2.3489
24180001 2.34133
24190001 2.36574
24200001 2.28384
24210001 2.28524
24220001 2.32496
24230001 2.30026
24240001 2.30449
24250001 2.32686
24260001 2.2478
24270001 2.36513
24280001 2.25013
24290001 2.36748
24300001 2.37215
24310001 2.32135
24320001 2.28195
24330001 2.35299
24340001 2.30693
24350001 2.29959
24360001 2.33485
24370001 2.30025
24380001 2.31472
24390001 2.33573
24400001 2.31999
24410001 2.35066
24420001 2.36007
24430001 2.31206
24440001 2.35362
24450001 2.31061
24460001 2.31764
24470001 2.3341
24480001 2.31373
24490001 2.37698
24500001 2.29995
24510001 2.34365
24520001 2.31154
24530001 2.27018
24540001 2.32033
24550001 2.26954
24560001 2.32223
24570001 2.37598
24580001 2.31803
24590001 2.32321
24600001 2.24406
24610001 2.34479
24620001 2.32721
24630001 2.25828
24640001 2.26928
24650001 2.33314
24660001 2.39159
24670001 2.30376
24680001 2.27614
24690001 2.29182
24700001 2.25217
24710001 2.23349
24720001 2.25303
24730001 2.25123
24740001 2.3149
24750001 2.34913
24760001 2.35502
24770001 2.38439
24780001 2.26818
24790001 2.30241
24800001 2.3389
24810001 2.25357
24820001 2.29397
24830001 2.31756
24840001 2.31644
24850001 2.34693
24860001 2.33743
24870001 2.33575
24880001 2.33792
24890001 2.40084
24900001 2.45478
24910001 2.30141
24920001 2.31039
24930001 2.4075
24940001 2.4154
24950001 2.38629
24960001 2.3484
24970001 2.27721
24980001 2.29284
24990001 2.3163
25000001 2.33922
25010001 2.35986
25020001 2.33329
25030001 2.35389
25040001 2.31582
25050001 2.29797
25060001 2.34962
25070001 2.25985
25080001 2.23874
25090001 2.34807
25100001 2.33498
25110001 2.31432
25120001 2.27165
25130001 2.28602
25140001 2.39976
25150001 2.36451
25160001 2.31234
25170001 2.28429
25180001 2.35807
25190001 2.4107
25200001 2.30928
25210001 2.25879
25220001 2.25733
25230001 2.27878
25240001 2.35116
25250001 2.32717
25260001 2.29288
25270001 2.2708
25280001 2.39493
25290001 2.30882
25300001 2.26544
25310001 2.2513
25320001 2.31471
25330001 2.29207
25340001 2.32832
25350001 2.27419
25360001 2.23978
25370001 2.23727
25380001 2.23842
25390001 2.23743
25400001 2.28898
25410001 2.37887
25420001 2.39732
25430001 2.31762
25440001 2.37273
25450001 2.26787
25460001 2.26093
25470001 2.35702
25480001 2.27091
25490001 2.30607
25500001 2.3028
25510001 2.23348
25520001 2.29178
25530001 2.31051
25540001 2.28215
25550001 2.4083
25560001 2.37125
25570001 2.2758
25580001 2.26889
25590001 2.30878
25600001 2.35342
25610001 2.33819
25620001 2.29443
25630001 2.30975
25640001 2.35575
25650001 2.37509
25660001 2.33179
25670001 2.30088
25680001 2.29464
25690001 2.25726
25700001 2.39448
25710001 2.30724
25720001 2.30731
25730001 2.30892
25740001 2.28897
25750001 2.30342
25760001 2.21964
25770001 2.33814
25780001 2.33928
25790001 2.30708
25800001 2.27948
25810001 2.39068
25820001 2.2984
25830001 2.32597
25840001 2.41363
25850001 2.294
25860001 2.299
25870001 2.28353
25880001 2.36411
25890001 2.25819
25900001 2.34729
25910001 2.34584
25920001 2.33251
25930001 2.3587
25940001 2.36714
25950001 2.30295
25960001 2.26484
25970001 2.32901
25980001 2.31889
25990001 2.35428
26000001 2.37812
26010001 2.29031
26020001 2.2769
26030001 2.25785
26040001 2.31286
26050001 2.27641
26060001 2.28644
26070001 2.40695
26080001 2.25833
26090001 2.31198
26100001 2.26283
26110001 2.3634
26120001 2.39697
26130001 2.31181
26140001 2.28755
26150001 2.28553
26160001 2.32601
26170001 2.24626
26180001 2.28666
26190001 2.32275
26200001 2.32639
26210001 2.2726
26220001 2.33562
26230001 2.40289
26240001 2.32035
26250001 2.34183
26260001 2.28536
26270001 2.30905
26280001 2.33103
26290001 2.4157
26300001 2.32385
26310001 2.29456
26320001 2.32135
26330001 2.23667
26340001 2.29569
26350001 2.2681
26360001 2.30211
26370001 2.29889
26380001 2.3483
26390001 2.27755
26400001 2.27058
26410001 2.24145
26420001 2.30608
26430001 2.2766
26440001 2.31332
26450001 2.34883
26460001 2.36843
26470001 2.34139
26480001 2.3473
26490001 2.30683
26500001 2.23427
26510001 2.20619
26520001 2.32932
26530001 2.29051
26540001 2.32796
26550001 2.36559
26560001 2.29939
26570001 2.27899
26580001 2.32382
26590001 2.29051
26600001 2.24478
26610001 2.26072
26620001 2.35077
26630001 2.28421
26640001 2.32488
26650001 2.37642
26660001 2.30474
26670001 2.34584
26680001 2.27779
26690001 2.314
26700001 2.34386
26710001 2.39743
26720001 2.37933
26730001 2.34109
26740001 2.34261
26750001 2.36557
26760001 2.27516
26770001 2.36495
26780001 2.2654
26790001 2.30002
26800001 2.43242
26810001 2.35685
26820001 2.32228
26830001 2.37933
26840001 2.30291
26850001 2.25882
26860001 2.30333
26870001 2.34257
26880001 2.30511
26890001 2.33707
26900001 2.36232
26910001 2.42152
26920001 2.30722
26930001 2.30317
26940001 2.271
26950001 2.36693
26960001 2.40395
26970001 2.38186
26980001 2.31514
26990001 2.27842
27000001 2.29121
27010001 2.26796
27020001 2.32302
27030001 2.39805
27040001 2.34592
27050001 2.34321
27060001 2.31621
27070001 2.31597
27080001 2.32382
27090001 2.32274
27100001 2.31289
27110001 2.30676
27120001 2.34274
27130001 2.30638
27140001 2.26809
27150001 2.3218
27160001 2.35333
27170001 2.3537
27180001 2.23866
27190001 2.28069
27200001 2.29212
27210001 2.30208
27220001 2.23754
27230001 2.28974
27240001 2.31928
27250001 2.29313
27260001 2.314
27270001 2.36373
27280001 2.361
27290001 2.32234
27300001 2.3677
27310001 2.35792
27320001 2.36005
27330001 2.34316
27340001 2.33259
27350001 2.30277
27360001 2.28976
27370001 2.29845
27380001 2.32565
27390001 2.30959
27400001 2.27119
27410001 2.335
27420001 2.29132
27430001 2.33289
27440001 2.34206
27450001 2.29805
27460001 2.35583
27470001 2.27766
27480001 2.26496
27490001 2.29734
27500001 2.27556
27510001 2.36366
27520001 2.28311
27530001 2.30448
27540001 2.27984
27550001 2.31664
27560001 2.31728
27570001 2.32468
27580001 2.32043
27590001 2.27359
27600001 2.35969
27610001 2.4084
27620001 2.35421
27630001 2.31251
27640001 2.32912
27650001 2.33977
27660001 2.26228
27670001 2.33882
27680001 2.37018
27690001 2.3592
27700001 2.3538
27710001 2.34827
27720001 2.27386
27730001 2.3168
27740001 2.26655
27750001 2.24803
27760001 2.35724
27770001 2.32251
27780001 2.26947
27790001 2.29118
27800001 2.31167
27810001 2.37062
27820001 2.36744
27830001 2.27155
27840001 2.36139
27850001 2.38266
27860001 2.31396
27870001 2.3119
27880001 2.29219
27890001 2.37669
27900001 2.34953
27910001 2.28468
27920001 2.24673
27930001 2.26909
27940001 2.37214
27950001 2.27704
27960001 2.39537
27970001 2.33076
27980001 2.3117
27990001 2.47259
28000001 2.39243
28010001 2.32351
28020001 2.28977
28030001 2.33677
28040001 2.24724
28050001 2.35589
28060001 2.30165
28070001 2.32603
28080001 2.2852
28090001 2.26091
28100001 2.27046
28110001 2.30992
28120001 2.32428
28130001 2.34298
28140001 2.35654
28150001 2.35481
28160001 2.39609
28170001 2.32662
28180001 2.42309
28190001 2.39182
28200001 2.25684
28210001 2.29331
28220001 2.2999
28230001 2.30498
28240001 2.37137
28250001 2.28322
28260001 2.28902
28270001 2.33356
28280001 2.31456
28290001 2.28316
28300001 2.39204
28310001 2.33263
28320001 2.31436
28330001 2.32233
28340001 2.33152
28350001 2.27111
28360001 2.38862
28370001 2.35789
28380001 2.25462
28390001 2.31807
28400001 2.26594
28410001 2.30098
28420001 2.35718
28430001 2.33864
28440001 2.28385
28450001 2.28968
28460001 2.29242
28470001 2.4351
28480001 2.32474
28490001 2.25154
28500001 2.25959
28510001 2.25587
28520001 2.28647
28530001 2.25714
28540001 2.38786
28550001 2.41105
28560001 2.3317
28570001 2.3169
28580001 2.37156
28590001 2.37038
28600001 2.32576
28610001 2.32693
28620001 2.29348
28630001 2.25088
28640001 2.29387
28650001 2.21236
28660001 2.2359
28670001 2.29416
28680001 2.28698
28690001 2.44319
28700001 2.36481
28710001 2.3088
28720001 2.29507
28730001 2.33812
28740001 2.35496
28750001 2.27015
28760001 2.2875
28770001 2.36901
28780001 2.27213
28790001 2.28232
28800001 2.34623
28810001 2.27475
28820001 2.26437
28830001 2.32693
28840001 2.27674
28850001 2.30108
28860001 2.30325
28870001 2.32591
28880001 2.31976
28890001 2.29643
28900001 2.29286
28910001 2.31676
28920001 2.31362
28930001 2.32215
28940001 2.27674
28950001 2.35467
28960001 2.30506
28970001 2.3212
28980001 2.36939
28990001 2.31343
29000001 2.38737
29010001 2.28088
29020001 2.31828
29030001 2.32308
29040001 2.32993
29050001 2.3917
29060001 2.32615
29070001 2.32442
29080001 2.31348
29090001 2.29036
29100001 2.32305
29110001 2.33724
29120001 2.27964
29130001 2.37823
29140001 2.34481
29150001 2.47263
29160001 2.24799
29170001 2.25323
29180001 2.33806
29190001 2.33065
29200001 2.29225
29210001 2.29247
29220001 2.33694
29230001 2.33139
29240001 2.37616
29250001 2.25578
29260001 2.46279
29270001 2.29665
29280001 2.28804
29290001 2.33195
29300001 2.26251
29310001 2.31433
29320001 2.39064
29330001 2.33883
29340001 2.30553
29350001 2.28436
29360001 2.40837
29370001 2.27668
29380001 2.38792
29390001 2.29611
29400001 2.3255
29410001 2.34922
29420001 2.36808
29430001 2.40304
29440001 2.2502
29450001 2.28567
29460001 2.29957
29470001 2.227
29480001 2.42186
29490001 2.34016
29500001 2.39764
29510001 2.29751
29520001 2.34444
29530001 2.33298
29540001 2.26336
29550001 2.39218
29560001 2.34924
29570001 2.30481
29580001 2.36443
29590001 2.29379
29600001 2.25615
29610001 2.28923
29620001 2.30799
29630001 2.32792
29640001 2.31544
29650001 2.33666
29660001 2.3393
29670001 2.30164
29680001 2.40649
29690001 2.33101
29700001 2.27339
29710001 2.34759
29720001 2.32162
29730001 2.29262
29740001 2.35768
29750001 2.27398
29760001 2.25556
29770001 2.32123
29780001 2.34749
29790001 2.29194
29800001 2.3886
29810001 2.3377
29820001 2.29235
29830001 2.31181
29840001 2.36622
29850001 2.34234
29860001 2.30516
29870001 2.30275
29880001 2.31336
29890001 2.29458
29900001 2.29833
29910001 2.3507
29920001 2.32595
29930001 2.323
29940001 2.31454
29950001 2.32471
29960001 2.29302
29970001 2.27751
29980001 2.33678
29990001 2.25437
30000001 2.38699
30010001 2.38737
30020001 2.32319
30030001 2.33055
30040001 2.35255
30050001 2.37942
30060001 2.32465
30070001 2.34889
30080001 2.33608
30090001 2.24996
30100001 2.30021
30110001 2.24468
30120001 2.25602
30130001 2.25524
30140001 2.31713
30150001 2.24103
30160001 2.3514
30170001 2.35568
30180001 2.33633
30190001 2.22155
30200001 2.29664
30210001 2.2678
30220001 2.35298
30230001 2.32662
30240001 2.31969
30250001 2.26986
30260001 2.26395
30270001 2.32351
30280001 2.33708
30290001 2.32184
30300001 2.23191
30310001 2.25688
30320001 2.26511
30330001 2.28658
30340001 2.31589
30350001 2.30817
30360001 2.32196
30370001 2.38304
30380001 2.29862
30390001 2.33913
30400001 2.28544
30410001 2.26959
30420001 2.22774
30430001 2.21137
30440001 2.28377
30450001 2.25556
30460001 2.28679
30470001 2.32371
30480001 2.28024
30490001 2.33943
30500001 2.32476
30510001 2.34998
30520001 2.37883
30530001 2.32097
30540001 2.39868
30550001 2.36407
30560001 2.27407
30570001 2.25715
30580001 2.32976
30590001 2.31788
30600001 2.30905
30610001 2.30936
30620001 2.30197
30630001 2.24728
30640001 2.23482
30650001 2.23592
30660001 2.27629
30670001 2.3266
30680001 2.22237
30690001 2.29981
30700001 2.33037
30710001 2.27817
30720001 2.26424
30730001 2.26618
30740001 2.30795
30750001 2.30364
30760001 2.28851
30770001 2.30036
30780001 2.33254
30790001 2.25627
30800001 2.25513
30810001 2.23427
30820001 2.3315
30830001 2.32921
30840001 2.27205
30850001 2.32898
30860001 2.29257
30870001 2.27
30880001 2.33484
30890001 2.27989
30900001 2.36175
30910001 2.29062
30920001 2.39727
30930001 2.39433
30940001 2.32833
30950001 2.40448
30960001 2.30357
30970001 2.25095
30980001 2.36586
30990001 2.34801
31000001 2.37726
31010001 2.29523
31020001 2.35667
31030001 2.39544
31040001 2.31726
31050001 2.33106
31060001 2.37996
31070001 2.37281
31080001 2.33016
31090001 2.32602
31100001 2.31625
31110001 2.30753
31120001 2.3564
31130001 2.34108
31140001 2.42194
31150001 2.32456
31160001 2.31417
31170001 2.29221
31180001 2.28503
31190001 2.25558
31200001 2.28175
31210001 2.31784
31220001 2.3465
31230001 2.36757
31240001 2.29826
31250001 2.40219
31260001 2.29231
31270001 2.35761
31280001 2.33001
31290001 2.31748
31300001 2.23912
31310001 2.26682
31320001 2.34494
31330001 2.24244
31340001 2.39097
31350001 2.3201
31360001 2.32436
31370001 2.22194
31380001 2.35565
31390001 2.27926
31400001 2.37805
31410001 2.34289
31420001 2.28616
31430001 2.3252
31440001 2.35765
31450001 2.40516
31460001 2.34635
31470001 2.37994
31480001 2.35629
31490001 2.39882
31500001 2.3514
31510001 2.33606
31520001 2.35674
31530001 2.35148
31540001 2.33537
31550001 2.33597
31560001 2.35181
31570001 2.2846
31580001 2.43074
31590001 2.29538
31600001 2.33142
31610001 2.3125
31620001 2.30383
31630001 2.29754
31640001 2.32647
31650001 2.31599
31660001 2.27793
31670001 2.36647
31680001 2.29818
31690001 2.3165
31700001 2.32824
31710001 2.26517
31720001 2.34716
31730001 2.31095
31740001 2.34875
31750001 2.2915
31760001 2.32147
31770001 2.39985
31780001 2.31291
31790001 2.25478
31800001 2.29927
31810001 2.34844
31820001 2.2803
31830001 2.24882
31840001 2.27604
31850001 2.37641
31860001 2.31213
31870001 2.23702
31880001 2.36958
31890001 2.32119
31900001 2.39016
31910001 2.29156
31920001 2.27652
31930001 2.34623
31940001 2.28701
31950001 2.427
31960001 2.33545
31970001 2.29854
31980001 2.30426
31990001 2.31672
32000001 2.31205
32010001 2.34573
32020001 2.33683
32030001 2.35801
32040001 2.34936
32050001 2.37215
32060001 2.28928
32070001 2.27826
32080001 2.31627
32090001 2.23631
32100001 2.25538
32110001 2.36255
32120001 2.27514
32130001 2.29222
32140001 2.31233
32150001 2.28332
32160001 2.34033
32170001 2.23478
32180001 2.32023
32190001 2.31985
32200001 2.37423
32210001 2.31845
32220001 2.36522
32230001 2.43903
32240001 2.36743
32250001 2.30326
32260001 2.27736
32270001 2.34235
32280001 2.25614
32290001 2.28216
32300001 2.27061
32310001 2.26026
32320001 2.31335
32330001 2.3427
32340001 2.38019
32350001 2.33978
32360001 2.27594
32370001 2.31032
32380001 2.32201
32390001 2.33912
32400001 2.36088
32410001 2.24665
32420001 2.3419
32430001 2.28343
32440001 2.29588
32450001 2.2854
32460001 2.28294
32470001 2.28386
32480001 2.29995
32490001 2.31636
32500001 2.33098
32510001 2.27992
32520001 2.32697
32530001 2.33138
32540001 2.34196
32550001 2.35645
32560001 2.28695
32570001 2.31525
32580001 2.2808
32590001 2.28957
32600001 2.32958
32610001 2.29671
32620001 2.2606
32630001 2.37857
32640001 2.26563
32650001 2.27584
32660001 2.24614
32670001 2.34116
32680001 2.27765
32690001 2.32096
32700001 2.32947
32710001 2.29675
32720001 2.35815
32730001 2.27949
32740001 2.28998
32750001 2.39174
32760001 2.34696
32770001 2.26623
32780001 2.27896
32790001 2.35683
32800001 2.33534
32810001 2.34183
32820001 2.29477
32830001 2.38471
32840001 2.32006
32850001 2.25233
32860001 2.33872
32870001 2.29296
32880001 2.27742
32890001 2.2377
32900001 2.23244
32910001 2.29472
32920001 2.2692
32930001 2.32396
32940001 2.24174
32950001 2.333
32960001 2.28241
32970001 2.27765
32980001 2.27695
32990001 2.33741
33000001 2.26336
33010001 2.28947
33020001 2.30968
33030001 2.26618
33040001 2.33786
33050001 2.31772
33060001 2.30123
33070001 2.24466
33080001 2.30657
33090001 2.23508
33100001 2.33208
33110001 2.27936
33120001 2.3549
33130001 2.31277
33140001 2.3258
33150001 2.30268
33160001 2.32036
33170001 2.32755
33180001 2.45086
33190001 2.31772
33200001 2.39816
33210001 2.43939
33220001 2.29876
33230001 2.43354
33240001 2.27746
33250001 2.26046
33260001 2.30657
33270001 2.28341
33280001 2.31762
33290001 2.35712
33300001 2.31378
33310001 2.38072
33320001 2.41596
33330001 2.34821
33340001 2.34433
33350001 2.35252
33360001 2.30169
33370001 2.32096
33380001 2.39785
33390001 2.31535
33400001 2.33369
33410001 2.40372
33420001 2.30451
33430001 2.30759
33440001 2.36305
33450001 2.30694
33460001 2.3573
33470001 2.2749
33480001 2.26087
33490001 2.35124
33500001 2.3114
33510001 2.37285
33520001 2.40492
33530001 2.26479
33540001 2.31412
33550001 2.3612
33560001 2.31446
33570001 2.32321
33580001 2.35216
33590001 2.41595
33600001 2.35507
33610001 2.27515
33620001 2.29972
33630001 2.27346
33640001 2.269
33650001 2.28385
33660001 2.36756
33670001 2.3364
33680001 2.41542
33690001 2.2721
33700001 2.3047
33710001 2.38746
33720001 2.28535
33730001 2.28784
33740001 2.33082
33750001 2.4463
33760001 2.33824
33770001 2.34862
33780001 2.30263
33790001 2.27897
33800001 2.39412
33810001 2.31752
33820001 2.3001
33830001 2.32408
33840001 2.3116
33850001 2.31316
33860001 2.33358
33870001 2.31296
33880001 2.31513
33890001 2.27849
33900001 2.35477
33910001 2.33412
33920001 2.3216
33930001 2.2779
33940001 2.31437
33950001 2.24588
33960001 2.27676
33970001 2.3043
33980001 2.27093
33990001 2.31925
34000001 2.45235
34010001 2.38555
34020001 2.27476
34030001 2.29133
34040001 2.31653
34050001 2.31646
34060001 2.32015
34070001 2.27886
34080001 2.2715
34090001 2.3008
34100001 2.32711
34110001 2.34171
34120001 2.28129
34130001 2.21062
34140001 2.38027
34150001 2.33991
34160001 2.34299
34170001 2.30893
34180001 2.33384
34190001 2.37101
34200001 2.27124
34210001 2.27812
34220001 2.35286
34230001 2.36337
34240001 2.29867
34250001 2.27712
34260001 2.36523
34270001 2.25228
34280001 2.24734
34290001 2.25759
34300001 2.22657
34310001 2.31107
34320001 2.34234
34330001 2.29047
34340001 2.3122
34350001 2.31503
34360001 2.31071
34370001 2.28871
34380001 2.35983
34390001 2.36204
34400001 2.34535
34410001 2.26494
34420001 2.34656
34430001 2.35464
34440001 2.31983
34450001 2.33183
34460001 2.30175
34470001 2.30454
34480001 2.33698
34490001 2.37082
34500001 2.31158
34510001 2.40312
34520001 2.31969
34530001 2.31957
34540001 2.27888
34550001 2.26381
34560001 2.31972
34570001 2.32683
34580001 2.27342
34590001 2.29279
34600001 2.33447
34610001 2.30945
34620001 2.29226
34630001 2.29073
34640001 2.29935
34650001 2.33216
34660001 2.27645
34670001 2.29734
34680001 2.26753
34690001 2.3591
34700001 2.29791
34710001 2.28961
34720001 2.4143
34730001 2.31262
34740001 2.29153
34750001 2.32868
34760001 2.31925
34770001 2.28196
34780001 2.31869
34790001 2.34911
34800001 2.31125
34810001 2.27583
34820001 2.33843
34830001 2.2969
34840001 2.27629
34850001 2.33069
34860001 2.28567
34870001 2.27471
34880001 2.2981
34890001 2.29255
34900001 2.30135
34910001 2.27917
34920001 2.26886
34930001 2.29742
34940001 2.36741
34950001 2.27926
34960001 2.37217
34970001 2.27774
34980001 2.26631
34990001 2.31343
35000001 2.34159
35010001 2.37307
35020001 2.28768
35030001 2.31791
35040001 2.29422
35050001 2.28797
35060001 2.35793
35070001 2.35569
35080001 2.28921
35090001 2.30906
35100001 2.22551
35110001 2.32606
35120001 2.25294
35130001 2.33025
35140001 2.42012
35150001 2.29703
35160001 2.3062
35170001 2.33459
35180001 2.27609
35190001 2.29325
35200001 2.29237
35210001 2.26748
35220001 2.34753
35230001 2.2639
35240001 2.31529
35250001 2.29243
35260001 2.36074
35270001 2.36092
35280001 2.30321
35290001 2.29779
35300001 2.30733
35310001 2.34127
35320001 2.36924
35330001 2.29254
35340001 2.33404
35350001 2.46439
35360001 2.31836
35370001 2.34109
35380001 2.28648
35390001 2.37234
35400001 2.37569
35410001 2.34557
35420001 2.33286
35430001 2.37021
35440001 2.31931
35450001 2.34861
35460001 2.29146
35470001 2.32226
35480001 2.29699
35490001 2.27077
35500001 2.29999
35510001 2.27147
35520001 2.29031
35530001 2.32111
35540001 2.36621
35550001 2.32586
35560001 2.36257
35570001 2.33072
35580001 2.3304
35590001 2.32611
35600001 2.33039
35610001 2.27617
35620001 2.35709
35630001 2.32971
35640001 2.44673
35650001 2.33378
35660001 2.28634
35670001 2.36204
35680001 2.29307
35690001 2.30307
35700001 2.26008
35710001 2.30298
35720001 2.24731
35730001 2.32521
35740001 2.2704
35750001 2.32382
35760001 2.37494
35770001 2.38374
35780001 2.26269
35790001 2.28248
35800001 2.40368
35810001 2.41641
35820001 2.3479
35830001 2.27946
35840001 2.27501
35850001 2.25561
35860001 2.2466
35870001 2.32427
35880001 2.31505
35890001 2.29212
35900001 2.4254
35910001 2.24731
35920001 2.32089
35930001 2.31983
35940001 2.34241
35950001 2.34545
35960001 2.32365
35970001 2.25262
35980001 2.26754
35990001 2.28963
36000001 2.22412
36010001 2.27023
36020001 2.24768
36030001 2.29577
36040001 2.27255
36050001 2.38798
36060001 2.37396
36070001 2.34231
36080001 2.34136
36090001 2.37344
36100001 2.30287
36110001 2.27778
36120001 2.28746
36130001 2.31001
36140001 2.34343
36150001 2.22276
36160001 2.3087
36170001 2.43813
36180001 2.27129
36190001 2.34993
36200001 2.27059
36210001 2.29003
36220001 2.37896
36230001 2.43274
36240001 2.33728
36250001 2.40635
36260001 2.33222
36270001 2.38051
36280001 2.28659
36290001 2.27497
36300001 2.28171
36310001 2.33087
36320001 2.35939
36330001 2.32449
36340001 2.31819
36350001 2.29887
36360001 2.3219
36370001 2.29413
36380001 2.37984
36390001 2.31667
36400001 2.33941
36410001 2.29923
36420001 2.29604
36430001 2.27861
36440001 2.26314
36450001 2.33487
36460001 2.26477
36470001 2.23436
36480001 2.23722
36490001 2.28208
36500001 2.27596
36510001 2.3389
36520001 2.35126
36530001 2.36285
36540001 2.35319
36550001 2.37807
36560001 2.32973
36570001 2.43658
36580001 2.2923
36590001 2.3075
36600001 2.32251
36610001 2.31838
36620001 2.30225
36630001 2.25752
36640001 2.29039
36650001 2.34906
36660001 2.34688
36670001 2.28091
36680001 2.3185
36690001 2.32527
36700001 2.33332
36710001 2.36341
36720001 2.37707
36730001 2.26871
36740001 2.26233
36750001 2.35433
36760001 2.3129
36770001 2.2306
36780001 2.30475
36790001 2.23972
36800001 2.23415
36810001 2.30617
36820001 2.32833
36830001 2.29603
36840001 2.25038
36850001 2.33
36860001 2.27055
36870001 2.2544
36880001 2.32903
36890001 2.28175
36900001 2.27077
36910001 2.32219
36920001 2.26213
36930001 2.32413
36940001 2.33247
36950001 2.29779
36960001 2.25401
36970001 2.24099
36980001 2.30765
36990001 2.26718
37000001 2.37651
37010001 2.29244
37020001 2.37813
37030001 2.25041
37040001 2.31913
37050001 2.29387
37060001 2.23226
37070001 2.3123
37080001 2.44613
37090001 2.30582
37100001 2.30493
37110001 2.28778
37120001 2.29235
37130001 2.28239
37140001 2.33882
37150001 2.35671
37160001 2.25914
37170001 2.35902
37180001 2.33428
37190001 2.26458
37200001 2.32747
37210001 2.29055
37220001 2.34992
37230001 2.32514
37240001 2.38121
37250001 2.33241
37260001 2.25539
37270001 2.33928
37280001 2.26369
37290001 2.36199
37300001 2.29606
37310001 2.28646
37320001 2.26077
37330001 2.38838
37340001 2.3322
37350001 2.32133
37360001 2.28279
37370001 2.31223
37380001 2.25674
37390001 2.3468
37400001 2.2771
37410001 2.34856
37420001 2.26385
37430001 2.28834
37440001 2.26499
37450001 2.32343
37460001 2.38071
37470001 2.32936
37480001 2.36249
37490001 2.47869
37500001 2.29126
37510001 2.28462
37520001 2.30188
37530001 2.32246
37540001 2.24912
37550001 2.25338
37560001 2.30357
37570001 2.30052
37580001 2.30874
37590001 2.24213
37600001 2.32881
37610001 2.32408
37620001 2.37729
37630001 2.31059
37640001 2.36646
37650001 2.28223
37660001 2.36397
37670001 2.33457
37680001 2.28115
37690001 2.30138
37700001 2.25345
37710001 2.33572
37720001 2.30325
37730001 2.35362
37740001 2.31143
37750001 2.32911
37760001 2.29068
37770001 2.45844
37780001 2.33097
37790001 2.35958
37800001 2.31527
37810001 2.35313
37820001 2.30543
37830001 2.22913
37840001 2.36383
37850001 2.29869
37860001 2.32363
37870001 2.24929
37880001 2.31204
37890001 2.26022
37900001 2.30722
37910001 2.3189
37920001 2.36708
37930001 2.34144
37940001 2.28369
37950001 2.31815
37960001 2.34756
37970001 2.36017
37980001 2.30114
37990001 2.38886
38000001 2.2946
38010001 2.40167
38020001 2.33072
38030001 2.23698
38040001 2.34308
38050001 2.28786
38060001 2.36152
38070001 2.31387
38080001 2.3525
38090001 2.30649
38100001 2.27139
38110001 2.29612
38120001 2.31221
38130001 2.31643
38140001 2.26927
38150001 2.30392
38160001 2.36703
38170001 2.3602
38180001 2.29536
38190001 2.30757
38200001 2.36162
38210001 2.32853
38220001 2.25625
38230001 2.33433
38240001 2.30136
38250001 2.34457
38260001 2.28981
38270001 2.33362
38280001 2.26769
38290001 2.24438
38300001 2.41889
38310001 2.3306
38320001 2.3061
38330001 2.29627
38340001 2.29805
38350001 2.31667
38360001 2.36904
38370001 2.32134
38380001 2.35118
38390001 2.31023
38400001 2.35671
38410001 2.2938
38420001 2.3443
38430001 2.39216
38440001 2.34336
38450001 2.25671
38460001 2.29935
38470001 2.25976
38480001 2.33317
38490001 2.30195
38500001 2.24496
38510001 2.28207
38520001 2.2577
38530001 2.29393
38540001 2.2827
38550001 2.27562
38560001 2.3028
38570001 2.30205
38580001 2.28406
38590001 2.30232
38600001 2.32963
38610001 2.25286
38620001 2.29352
38630001 2.32835
38640001 2.27004
38650001 2.29718
38660001 2.29842
38670001 2.31572
38680001 2.24614
38690001 2.27887
38700001 2.35246
38710001 2.22597
38720001 2.35037
38730001 2.32235
38740001 2.31443
38750001 2.37122
38760001 2.31471
38770001 2.29637
38780001 2.32055
38790001 2.27869
38800001 2.3546
38810001 2.3144
38820001 2.32502
38830001 2.29257
38840001 2.30134
38850001 2.31166
38860001 2.25792
38870001 2.37288
38880001 2.28536
38890001 2.2377
38900001 2.28137
38910001 2.33513
38920001 2.30453
38930001 2.34954
38940001 2.31023
38950001 2.25383
38960001 2.30654
38970001 2.30408
38980001 2.32987
38990001 2.29823
39000001 2.32044
39010001 2.29236
39020001 2.30235
39030001 2.24562
39040001 2.26849
39050001 2.3366
39060001 2.33608
39070001 2.36656
39080001 2.43707
39090001 2.30988
39100001 2.28549
39110001 2.37375
39120001 2.33441
39130001 2.29088
39140001 2.34539
39150001 2.28478
39160001 2.23441
39170001 2.30258
39180001 2.2739
39190001 2.30981
39200001 2.31384
39210001 2.30805
39220001 2.28196
39230001 2.32332
39240001 2.26521
39250001 2.29541
39260001 2.28984
39270001 2.32114
39280001 2.20696
39290001 2.2524
39300001 2.28612
39310001 2.22409
39320001 2.26917
39330001 2.32246
39340001 2.23436
39350001 2.36146
39360001 2.42458
39370001 2.30779
39380001 2.29767
39390001 2.34554
39400001 2.35773
39410001 2.27772
39420001 2.32063
39430001 2.32889
39440001 2.33659
39450001 2.37873
39460001 2.31552
39470001 2.29178
39480001 2.27354
39490001 2.28246
39500001 2.23601
39510001 2.27992
39520001 2.28239
39530001 2.26339
39540001 2.27533
39550001 2.34309
39560001 2.36155
39570001 2.34071
39580001 2.32194
39590001 2.32079
39600001 2.26224
39610001 2.27614
39620001 2.30556
39630001 2.28115
39640001 2.41109
39650001 2.31316
39660001 2.38294
39670001 2.39678
39680001 2.32186
39690001 2.30769
39700001 2.35693
39710001 2.38279
39720001 2.33244
39730001 2.38046
39740001 2.27079
39750001 2.29269
39760001 2.33537
39770001 2.30827
39780001 2.25993
39790001 2.25746
39800001 2.22475
39810001 2.26086
39820001 2.30451
39830001 2.38077
39840001 2.3362
39850001 2.34146
39860001 2.33272
39870001 2.2622
39880001 2.30584
39890001 2.34619
39900001 2.308
39910001 2.28337
39920001 2.25117
39930001 2.28573
39940001 2.28655
39950001 2.28481
39960001 2.27969
39970001 2.36384
39980001 2.37327
39990001 2.36827
40000001 2.26508
40010001 2.23644
40020001 2.27575
40030001 2.33478
40040001 2.31933
40050001 2.34985
40060001 2.31468
40070001 2.29128
40080001 2.28084
40090001 2.31212
40100001 2.2775
40110001 2.35439
40120001 2.33214
40130001 2.40715
40140001 2.30209
40150001 2.38951
40160001 2.33401
40170001 2.33955
40180001 2.30169
40190001 2.28726
40200001 2.33143
40210001 2.31483
40220001 2.28461
40230001 2.4373
40240001 2.31933
40250001 2.36937
40260001 2.31707
40270001 2.29664
40280001 2.39895
40290001 2.25779
40300001 2.31944
40310001 2.25707
40320001 2.26067
40330001 2.3738
40340001 2.24474
40350001 2.29842
40360001 2.21922
40370001 2.4999
40380001 2.34554
40390001 2.40314
40400001 2.34505
40410001 2.24749
40420001 2.27964
40430001 2.27852
40440001 2.22444
40450001 2.31192
40460001 2.31275
40470001 2.27061
40480001 2.33876
40490001 2.36454
40500001 2.32753
40510001 2.2839
40520001 2.27855
40530001 2.2723
40540001 2.35959
40550001 2.32203
40560001 2.31723
40570001 2.36622
40580001 2.40605
40590001 2.37055
40600001 2.26543
40610001 2.29428
40620001 2.32868
40630001 2.30488
40640001 2.30251
40650001 2.34847
40660001 2.29367
40670001 2.30265
40680001 2.25048
40690001 2.32957
40700001 2.29488
40710001 2.26051
40720001 2.31805
40730001 2.28212
40740001 2.36071
40750001 2.22905
40760001 2.29066
40770001 2.28335
40780001 2.35811
40790001 2.28694
40800001 2.34043
40810001 2.30018
40820001 2.32866
40830001 2.33555
40840001 2.3343
40850001 2.3059
40860001 2.27781
40870001 2.33508
40880001 2.35053
40890001 2.34137
40900001 2.31041
40910001 2.31403
40920001 2.28271
40930001 2.36037
40940001 2.28726
40950001 2.31551
40960001 2.34694
40970001 2.33472
40980001 2.34212
40990001 2.28017
41000001 2.24837
41010001 2.35958
41020001 2.28645
41030001 2.28073
41040001 2.3064
41050001 2.30535
41060001 2.3388
41070001 2.31447
41080001 2.34556
41090001 2.32238
41100001 2.28819
41110001 2.36876
41120001 2.27699
41130001 2.21905
41140001 2.26911
41150001 2.3181
41160001 2.32377
41170001 2.23993
41180001 2.34759
41190001 2.36283
41200001 2.28202
41210001 2.20952
41220001 2.21674
41230001 2.27028
41240001 2.24332
41250001 2.34729
41260001 2.25336
41270001 2.33596
41280001 2.26987
41290001 2.30288
41300001 2.37771
41310001 2.3801
41320001 2.31317
41330001 2.26672
41340001 2.28806
41350001 2.29897
41360001 2.24045
41370001 2.25943
41380001 2.28754
41390001 2.26006
41400001 2.3013
41410001 2.26687
41420001 2.28691
41430001 2.40162
41440001 2.38169
41450001 2.30674
41460001 2.2386
41470001 2.28434
41480001 2.3029
41490001 2.36513
41500001 2.30047
41510001 2.31611
41520001 2.42975
41530001 2.22232
41540001 2.25583
41550001 2.20086
41560001 2.28651
41570001 2.25176
41580001 2.29924
41590001 2.35738
41600001 2.33411
41610001 2.28559
41620001 2.34885
41630001 2.57985
41640001 2.31466
41650001 2.33531
41660001 2.25984
41670001 2.29664
41680001 2.39863
41690001 2.37035
41700001 2.25489
41710001 2.36554
41720001 2.31522
41730001 2.46205
41740001 2.35504
41750001 2.28063
41760001 2.25786
41770001 2.26389
41780001 2.22177
41790001 2.31311
41800001 2.3082
41810001 2.27778
41820001 2.29386
41830001 2.23424
41840001 2.3037
41850001 2.32463
41860001 2.33157
41870001 2.31824
41880001 2.28251
41890001 2.26974
41900001 2.29951
41910001 2.28517
41920001 2.30557
41930001 2.27541
41940001 2.30903
41950001 2.33584
41960001 2.31553
41970001 2.27278
41980001 2.26586
41990001 2.36591
42000001 2.27606
42010001 2.34622
42020001 2.31902
42030001 2.32647
42040001 2.43934
42050001 2.2806
42060001 2.21753
42070001 2.28943
42080001 2.30306
42090001 2.40075
42100001 2.32334
42110001 2.2953
42120001 2.32822
42130001 2.35068
42140001 2.29174
42150001 2.29034
42160001 2.32652
42170001 2.34032
42180001 2.29999
42190001 2.28363
42200001 2.3167
42210001 2.249
42220001 2.3393
42230001 2.32815
42240001 2.25903
42250001 2.31253
42260001 2.29496
42270001 2.26667
42280001 2.35422
42290001 2.34988
42300001 2.3725
42310001 2.26195
42320001 2.3069
42330001 2.28284
42340001 2.28956
42350001 2.29068
42360001 2.30939
42370001 2.45266
42380001 2.28137
42390001 2.3289
42400001 2.32395
42410001 2.30071
42420001 2.31197
42430001 2.2841
42440001 2.27945
42450001 2.31759
42460001 2.35562
42470001 2.29605
42480001 2.25908
42490001 2.29609
42500001 2.36418
42510001 2.21182
42520001 2.37181
42530001 2.37989
42540001 2.38955
42550001 2.4207
42560001 2.30587
42570001 2.32828
42580001 2.31608
42590001 2.28668
42600001 2.28482
42610001 2.30652
42620001 2.2717
42630001 2.32499
42640001 2.33645
42650001 2.37967
42660001 2.30637
42670001 2.3262
42680001 2.29725
42690001 2.30745
42700001 2.2799
42710001 2.30461
42720001 2.32043
42730001 2.24667
42740001 2.27228
42750001 2.29188
42760001 2.28403
42770001 2.2544
42780001 2.3547
42790001 2.29837
42800001 2.33288
42810001 2.34466
42820001 2.35541
42830001 2.27059
42840001 2.2637
42850001 2.23597
42860001 2.37136
42870001 2.28624
42880001 2.28255
42890001 2.32111
42900001 2.23451
42910001 2.34464
42920001 2.3076
42930001 2.27238
42940001 2.26234
42950001 2.27517
42960001 2.28592
42970001 2.30379
42980001 2.36669
42990001 2.35261
43000001 2.38394
43010001 2.34336
43020001 2.34326
43030001 2.35357
43040001 2.31087
43050001 2.32207
43060001 2.38622
43070001 2.37693
43080001 2.309
43090001 2.30404
43100001 2.26604
43110001 2.28942
43120001 2.29377
43130001 2.30448
43140001 2.3119
43150001 2.32743
43160001 2.26947
43170001 2.3398
43180001 2.32337
43190001 2.37656
43200001 2.33452
43210001 2.29704
43220001 2.31201
43230001 2.26867
43240001 2.30069
43250001 2.25123
43260001 2.26996
43270001 2.29087
43280001 2.40142
43290001 2.27513
43300001 2.32562
43310001 2.27851
43320001 2.33733
43330001 2.28405
43340001 2.31451
43350001 2.26862
43360001 2.27028
43370001 2.31245
43380001 2.33357
43390001 2.24609
43400001 2.28402
43410001 2.29065
43420001 2.30783
43430001 2.3011
43440001 2.30824
43450001 2.27154
43460001 2.29469
43470001 2.26899
43480001 2.33632
43490001 2.31821
43500001 2.31585
43510001 2.3297
43520001 2.36117
43530001 2.28104
43540001 2.26916
43550001 2.27383
43560001 2.24596
43570001 2.24819
43580001 2.28223
43590001 2.25865
43600001 2.29943
43610001 2.28764
43620001 2.33445
43630001 2.34617
43640001 2.26344
43650001 2.26681
43660001 2.29597
43670001 2.33756
43680001 2.3373
43690001 2.30549
43700001 2.30882
43710001 2.28526
43720001 2.28547
43730001 2.33244
43740001 2.38689
43750001 2.33132
43760001 2.28589
43770001 2.31475
43780001 2.34796
43790001 2.29898
43800001 2.28586
43810001 2.27372
43820001 2.28032
43830001 2.31072
43840001 2.29506
43850001 2.30003
43860001 2.29018
43870001 2.27417
43880001 2.3553
43890001 2.33004
43900001 2.34301
43910001 2.31966
43920001 2.24604
43930001 2.32589
43940001 2.27686
43950001 2.25682
43960001 2.28395
43970001 2.32943
43980001 2.29049
43990001 2.28474
44000001 2.30176
44010001 2.31093
44020001 2.30234
44030001 2.29011
44040001 2.29551
44050001 2.3255
44060001 2.28051
44070001 2.27052
44080001 2.33292
44090001 2.33962
44100001 2.307
44110001 2.35165
44120001 2.29645
44130001 2.26384
44140001 2.26819
44150001 2.41995
44160001 2.37682
44170001 2.35591
44180001 2.30595
44190001 2.28677
44200001 2.31247
44210001 2.2938
44220001 2.27136
44230001 2.38575
44240001 2.39543
44250001 2.29728
44260001 2.30759
44270001 2.31088
44280001 2.31719
44290001 2.32556
44300001 2.27723
44310001 2.30131
44320001 2.2981
44330001 2.26773
44340001 2.27376
44350001 2.45917
44360001 2.29296
44370001 2.27766
44380001 2.29516
44390001 2.34155
44400001 2.27297
44410001 2.34122
44420001 2.29875
44430001 2.30828
44440001 2.26745
44450001 2.32945
44460001 2.3634
44470001 2.30776
44480001 2.32685
44490001 2.35351
44500001 2.34076
44510001 2.29589
44520001 2.25627
44530001 2.30889
44540001 2.31566
44550001 2.27844
44560001 2.37912
44570001 2.32691
44580001 2.33396
44590001 2.28176
44600001 2.32457
44610001 2.2836
44620001 2.27321
44630001 2.33719
44640001 2.34683
44650001 2.25856
44660001 2.32905
44670001 2.31025
44680001 2.37277
44690001 2.37905
44700001 2.31431
44710001 2.31828
44720001 2.30532
44730001 2.21349
44740001 2.32646
44750001 2.32376
44760001 2.33024
44770001 2.37175
44780001 2.25778
44790001 2.31911
44800001 2.29587
44810001 2.35531
44820001 2.34367
44830001 2.3075
44840001 2.35603
44850001 2.34006
44860001 2.38934
44870001 2.34228
44880001 2.3037
44890001 2.30456
44900001 2.29143
44910001 2.24431
44920001 2.28768
44930001 2.32643
44940001 2.30292
44950001 2.30446
44960001 2.31961
44970001 2.29704
44980001 2.29787
44990001 2.32509
45000001 2.27348
45010001 2.28663
45020001 2.29491
45030001 2.37145
45040001 2.28462
45050001 2.42122
45060001 2.36595
45070001 2.27235
45080001 2.31902
45090001 2.29485
45100001 2.31586
45110001 2.24771
45120001 2.3358
45130001 2.29003
45140001 2.3205
45150001 2.32783
45160001 2.31634
45170001 2.27908
45180001 2.28623
45190001 2.27209
45200001 2.26776
45210001 2.28453
45220001 2.2712
45230001 2.25688
45240001 2.28763
45250001 2.29199
45260001 2.29237
45270001 2.31772
45280001 2.30872
45290001 2.25709
45300001 2.34821
45310001 2.38032
45320001 2.22263
45330001 2.28652
45340001 2.31686
45350001 2.42441
45360001 2.33185
45370001 2.33408
45380001 2.25775
45390001 2.31934
45400001 2.26456
45410001 2.38389
45420001 2.31849
45430001 2.34591
45440001 2.3022
45450001 2.30426
45460001 2.31121
45470001 2.27774
45480001 2.22974
45490001 2.31808
45500001 2.29604
45510001 2.38927
45520001 2.28441
45530001 2.27752
45540001 2.27857
45550001 2.3506
45560001 2.28218
45570001 2.31825
45580001 2.31099
45590001 2.38136
45600001 2.24162
45610001 2.30788
45620001 2.33597
45630001 2.32018
45640001 2.37678
45650001 2.45719
45660001 2.36026
45670001 2.27435
45680001 2.43034
45690001 2.30022
45700001 2.42956
45710001 2.32993
45720001 2.35316
45730001 2.38492
45740001 2.3458
45750001 2.38319
45760001 2.2559
45770001 2.30646
45780001 2.27039
45790001 2.30339
45800001 2.31929
45810001 2.29982
45820001 2.28214
45830001 2.25467
45840001 2.2905
45850001 2.33439
45860001 2.30146
45870001 2.38291
45880001 2.32807
45890001 2.32535
45900001 2.25009
45910001 2.27713
45920001 2.27955
45930001 2.27059
45940001 2.32171
45950001 2.3205
45960001 2.33215
45970001 2.36439
45980001 2.34053
45990001 2.31239
46000001 2.23144
46010001 2.27569
46020001 2.33967
46030001 2.32096
46040001 2.30549
46050001 2.31642
46060001 2.34142
46070001 2.29235
46080001 2.35343
46090001 2.43331
46100001 2.31574
46110001 2.30494
46120001 2.34022
46130001 2.27579
46140001 2.30986
46150001 2.28658
46160001 2.31998
46170001 2.27181
46180001 2.32746
46190001 2.3956
46200001 2.28131
46210001 2.29297
46220001 2.32042
46230001 2.32661
46240001 2.37554
46250001 2.30479
46260001 2.34607
46270001 2.28962
46280001 2.23018
46290001 2.24432
46300001 2.27486
46310001 2.3534
46320001 2.31416
46330001 2.28634
46340001 2.27444
46350001 2.31262
46360001 2.34336
46370001 2.26028
46380001 2.26907
46390001 2.3117
46400001 2.3491
46410001 2.35008
46420001 2.24068
46430001 2.29642
46440001 2.3319
46450001 2.35874
46460001 2.34744
46470001 2.29154
46480001 2.32494
46490001 2.30278
46500001 2.24456
46510001 2.30564
46520001 2.23139
46530001 2.32477
46540001 2.34234
46550001 2.27439
46560001 2.30677
46570001 2.30635
46580001 2.25659
46590001 2.28423
46600001 2.29006
46610001 2.2717
46620001 2.26314
46630001 2.25651
46640001 2.26848
46650001 2.30133
46660001 2.25456
46670001 2.22993
46680001 2.28373
46690001 2.33651
46700001 2.36607
46710001 2.23847
46720001 2.23472
46730001 2.32133
46740001 2.25672
46750001 2.25262
46760001 2.25343
46770001 2.29129
46780001 2.31502
46790001 2.35886
46800001 2.40179
46810001 2.38589
46820001 2.34727
46830001 2.31767
46840001 2.4552
46850001 2.29701
46860001 2.38083
46870001 2.27217
46880001 2.30514
46890001 2.26459
46900001 2.29535
46910001 2.29294
46920001 2.30807
46930001 2.32163
46940001 2.29323
46950001 2.29907
46960001 2.32217
46970001 2.26429
46980001 2.28154
46990001 2.30663
47000001 2.35467
47010001 2.27921
47020001 2.28684
47030001 2.29451
47040001 2.35793
47050001 2.3661
47060001 2.3563
47070001 2.34162
47080001 2.34414
47090001 2.27216
47100001 2.34592
47110001 2.28624
47120001 2.2671
47130001 2.33837
47140001 2.23916
47150001 2.21788
47160001 2.28064
47170001 2.23551
47180001 2.26365
47190001 2.27039
47200001 2.29406
47210001 2.29929
47220001 2.25081
47230001 2.3071
47240001 2.2877
47250001 2.37798
47260001 2.33708
47270001 2.27253
47280001 2.20014
47290001 2.32159
47300001 2.35113
47310001 2.26347
47320001 2.32275
47330001 2.24229
47340001 2.3663
47350001 2.36955
47360001 2.28711
47370001 2.30413
47380001 2.22928
47390001 2.32852
47400001 2.31471
47410001 2.35845
47420001 2.30487
47430001 2.27058
47440001 2.31034
47450001 2.3322
47460001 2.33206
47470001 2.39218
47480001 2.34121
47490001 2.31207
47500001 2.35549
47510001 2.39039
47520001 2.43131
47530001 2.27649
47540001 2.26353
47550001 2.40127
47560001 2.26126
47570001 2.36682
47580001 2.34048
47590001 2.34334
47600001 2.34996
47610001 2.37531
47620001 2.35672
47630001 2.3232
47640001 2.31704
47650001 2.3507
47660001 2.34856
47670001 2.32171
47680001 2.35601
47690001 2.27764
47700001 2.29934
47710001 2.31472
47720001 2.31825
47730001 2.31773
47740001 2.38559
47750001 2.35408
47760001 2.31097
47770001 2.2685
47780001 2.25324
47790001 2.30811
47800001 2.28146
47810001 2.28421
47820001 2.30534
47830001 2.32788
47840001 2.25495
47850001 2.30857
47860001 2.36076
47870001 2.31347
47880001 2.34595
47890001 2.37187
47900001 2.28962
47910001 2.35736
47920001 2.28557
47930001 2.29236
47940001 2.31343
47950001 2.29309
47960001 2.36323
47970001 2.35136
47980001 2.26532
47990001 2.34227
48000001 2.3443
48010001 2.36079
48020001 2.28647
48030001 2.3265
48040001 2.29529
48050001 2.33654
48060001 2.2978
48070001 2.2756
48080001 2.33854
48090001 2.31788
48100001 2.24564
48110001 2.31875
48120001 2.26825
48130001 2.32583
48140001 2.39148
48150001 2.32232
48160001 2.38208
48170001 2.30183
48180001 2.30657
48190001 2.27369
48200001 2.32551
48210001 2.32724
48220001 2.32826
48230001 2.29814
48240001 2.30083
48250001 2.25425
48260001 2.27529
48270001 2.23564
48280001 2.26367
48290001 2.27216
48300001 2.30892
48310001 2.30724
48320001 2.32259
48330001 2.28983
48340001 2.28464
48350001 2.26871
48360001 2.32484
48370001 2.31514
48380001 2.31727
48390001 2.32093
48400001 2.32646
48410001 2.25096
48420001 2.38771
48430001 2.31526
48440001 2.25944
48450001 2.43537
48460001 2.31112
48470001 2.29148
48480001 2.3055
48490001 2.44531
48500001 2.27051
48510001 2.35928
48520001 2.28929
48530001 2.3059
48540001 2.24999
48550001 2.29959
48560001 2.26077
48570001 2.25223
48580001 2.26079
48590001 2.22702
48600001 2.27794
48610001 2.34683
48620001 2.32179
48630001 2.34108
48640001 2.31311
48650001 2.31831
48660001 2.31703
48670001 2.28899
48680001 2.35167
48690001 2.2924
48700001 2.27575
48710001 2.31816
48720001 2.35179
48730001 2.2613
48740001 2.31559
48750001 2.28474
48760001 2.32225
48770001 2.43323
48780001 2.30345
48790001 2.36071
48800001 2.35043
48810001 2.33963
48820001 2.27755
48830001 2.27213
48840001 2.34184
48850001 2.28039
48860001 2.30956
48870001 2.30571
48880001 2.3264
48890001 2.32126
48900001 2.3571
48910001 2.24139
48920001 2.30695
48930001 2.3474
48940001 2.37128
48950001 2.32018
48960001 2.30848
48970001 2.268
48980001 2.2719
48990001 2.21287
49000001 2.20778
49010001 2.36357
49020001 2.24548
49030001 2.37172
49040001 2.42091
49050001 2.45889
49060001 2.41228
49070001 2.306
49080001 2.31556
49090001 2.24185
49100001 2.32331
49110001 2.24356
49120001 2.32484
49130001 2.31605
49140001 2.3006
49150001 2.29169
49160001 2.35762
49170001 2.25194
49180001 2.23949
49190001 2.31597
49200001 2.34791
49210001 2.33312
49220001 2.29699
49230001 2.30923
49240001 2.28356
49250001 2.28693
49260001 2.32063
49270001 2.32825
49280001 2.42516
49290001 2.313
49300001 2.34294
49310001 2.30631
49320001 2.26351
49330001 2.33838
49340001 2.34689
49350001 2.31662
49360001 2.35362
49370001 2.29281
49380001 2.3016
49390001 2.27957
49400001 2.34564
49410001 2.36304
49420001 2.31628
49430001 2.28187
49440001 2.25693
49450001 2.28902
49460001 2.26777
49470001 2.3834
49480001 2.29612
49490001 2.32079
49500001 2.29073
49510001 2.3292
49520001 2.35033
49530001 2.29686
49540001 2.32785
49550001 2.27261
49560001 2.29234
49570001 2.33858
49580001 2.30484
49590001 2.30674
49600001 2.33093
49610001 2.27527
49620001 2.30845
49630001 2.28621
49640001 2.28768
49650001 2.29338
49660001 2.23754
49670001 2.3997
49680001 2.32499
49690001 2.25825
49700001 2.2829
49710001 2.33004
49720001 2.26907
49730001 2.30263
49740001 2.35952
49750001 2.3261
49760001 2.27719
49770001 2.23981
49780001 2.36062
49790001 2.29411
49800001 2.33453
49810001 2.24906
49820001 2.31734
49830001 2.29636
49840001 2.26672
49850001 2.37723
49860001 2.38033
49870001 2.32491
49880001 2.26765
49890001 2.30311
49900001 2.31198
49910001 2.27793
49920001 2.35396
49930001 2.32686
49940001 2.26429
49950001 2.24275
49960001 2.25055
49970001 2.26936
49980001 2.27847
49990001 2.27614
