1 2677.57
10001 319.281
20001 229.733
30001 182.758
40001 149.813
50001 116.19
60001 92.7115
70001 74.9918
80001 60.217
90001 52.6424
100001 44.2678
110001 38.286
120001 33.8862
130001 30.0926
140001 26.3992
150001 24.0036
160001 21.3555
170001 19.5391
180001 18.0855
190001 17.0886
200001 15.5349
210001 14.265
220001 13.3159
230001 12.6444
240001 11.939
250001 16.3479
260001 10.6776
270001 9.97018
280001 9.58081
290001 9.21703
300001 8.71266
310001 8.34714
320001 8.13176
330001 7.63264
340001 7.65273
350001 7.1273
360001 6.95273
370001 6.68187
380001 6.55878
390001 6.15871
400001 6.18434
410001 5.91191
420001 5.82029
430001 5.71186
440001 5.54416
450001 5.30009
460001 5.17114
470001 5.17295
480001 5.01127
490001 4.93788
500001 5.0667
510001 4.73051
520001 4.54045
530001 4.53914
540001 4.50428
550001 4.42968
560001 4.56998
570001 4.27266
580001 4.12964
590001 4.13872
600001 4.1524
610001 4.08449
620001 3.93897
630001 3.9065
640001 3.7728
650001 3.80935
660001 3.75565
670001 3.72571
680001 3.77182
690001 3.69442
700001 3.53145
710001 3.5562
720001 3.51069
730001 3.50069
740001 3.53812
750001 3.47337
760001 3.42892
770001 3.32328
780001 3.34627
790001 3.49455
800001 3.29748
810001 3.74712
820001 3.27193
830001 3.17767
840001 3.20447
850001 3.21509
860001 3.1358
870001 3.16542
880001 3.17719
890001 3.05186
900001 3.12094
910001 3.12485
920001 3.05467
930001 3.04888
940001 3.0582
950001 2.98997
960001 2.95876
970001 3.01871
980001 3.12556
990001 3.01792
1000001 2.96521
1010001 2.94575
1020001 2.88037
1030001 2.98544
1040001 2.89273
1050001 2.92382
1060001 2.9827
1070001 2.87301
1080001 2.77662
1090001 2.85892
1100001 2.9117
1110001 2.84247
1120001 2.84516
1130001 2.8174
1140001 2.78337
1150001 2.857
1160001 2.86768
1170001 2.77879
1180001 2.78402
1190001 2.80724
1200001 2.74321
1210001 2.78707
1220001 2.81895
1230001 2.83402
1240001 2.80904
1250001 2.77767
1260001 2.69642
1270001 2.74667
1280001 2.7543
1290001 2.78193
1300001 2.81139
1310001 2.76908
1320001 2.78244
1330001 2.69206
1340001 2.75357
1350001 2.77414
1360001 2.72773
1370001 2.86716
1380001 2.73197
1390001 2.63764
1400001 2.70162
1410001 2.83833
1420001 2.69246
1430001 2.70457
1440001 2.75042
1450001 2.63436
1460001 2.61982
1470001 2.77807
1480001 2.77589
1490001 2.68321
1500001 2.68069
1510001 2.61344
1520001 2.62948
1530001 2.74854
1540001 2.67931
1550001 2.6526
1560001 2.65384
1570001 2.65369
1580001 2.60869
1590001 2.7333
1600001 2.64132
1610001 2.6307
1620001 2.69541
1630001 2.63124
1640001 2.5413
1650001 2.63046
1660001 2.71887
1670001 2.64729
1680001 2.64519
1690001 2.61798
1700001 2.62215
1710001 2.67709
1720001 2.68876
1730001 2.60514
1740001 2.59937
1750001 2.64288
1760001 2.63739
1770001 2.54885
1780001 2.64515
1790001 2.68279
1800001 2.65792
1810001 2.58281
1820001 2.58553
1830001 2.57561
1840001 2.63946
1850001 2.71464
1860001 2.67487
1870001 2.6571
1880001 2.67323
1890001 2.64019
1900001 2.66124
1910001 2.62842
1920001 2.64818
1930001 2.80584
1940001 2.61929
1950001 2.56547
1960001 2.6118
1970001 2.64956
1980001 2.62442
1990001 2.61163
2000001 2.64801
2010001 2.52505
2020001 2.57351
2030001 2.5997
2040001 2.6301
2050001 2.63055
2060001 2.61584
2070001 2.52067
2080001 2.56209
2090001 2.58618
2100001 2.60722
2110001 2.64162
2120001 2.63028
2130001 2.60184
2140001 2.53111
2150001 2.62121
2160001 2.7315
2170001 2.58694
2180001 2.64134
2190001 2.5965
2200001 2.48139
2210001 2.5653
2220001 2.72831
2230001 2.55187
2240001 2.61239
2250001 2.5982
2260001 2.55056
2270001 2.59654
2280001 2.71198
2290001 2.56572
2300001 2.55276
2310001 2.58108
2320001 2.59007
2330001 2.51901
2340001 2.62281
2350001 2.80225
2360001 2.6378
2370001 2.56049
2380001 2.58277
2390001 2.52878
2400001 2.60894
2410001 2.56412
2420001 2.58636
2430001 2.67027
2440001 2.6235
2450001 2.46007
2460001 2.67083
2470001 2.60111
2480001 2.69094
2490001 2.64482
2500001 2.55714
2510001 2.51611
2520001 2.61261
2530001 2.6408
2540001 2.75922
2550001 2.66331
2560001 2.58615
2570001 2.51702
2580001 2.58149
2590001 2.59263
2600001 2.60657
2610001 2.60465
2620001 2.5723
2630001 2.5072
2640001 2.5447
2650001 2.5718
2660001 2.5965
2670001 2.64143
2680001 2.59709
2690001 2.64991
2700001 2.51462
2710001 2.5984
2720001 2.62786
2730001 2.60642
2740001 2.73218
2750001 2.58734
2760001 2.48611
2770001 2.57143
2780001 2.68991
2790001 2.56831
2800001 2.59558
2810001 2.61819
2820001 2.49759
2830001 2.53544
2840001 2.69714
2850001 2.65977
2860001 2.56087
2870001 2.59613
2880001 2.51216
2890001 2.52621
2900001 2.61086
2910001 2.79357
2920001 2.57449
2930001 2.55584
2940001 2.58534
2950001 2.51856
2960001 2.67486
2970001 2.55414
2980001 2.52366
2990001 2.65265
3000001 2.56758
3010001 2.45838
3020001 2.55516
3030001 2.62967
3040001 2.56105
3050001 2.57172
3060001 2.56419
3070001 2.55382
3080001 2.61097
3090001 2.60409
3100001 2.54533
3110001 2.53098
3120001 2.58308
3130001 2.58404
3140001 2.50661
3150001 2.58503
3160001 2.66952
3170001 2.58302
3180001 2.59758
3190001 2.541
3200001 2.53192
3210001 2.60431
3220001 2.62307
3230001 2.60903
3240001 2.60782
3250001 2.64975
3260001 2.57277
3270001 2.59763
3280001 2.58225
3290001 2.59849
3300001 2.81219
3310001 2.57896
3320001 2.51578
3330001 2.60428
3340001 2.67314
3350001 2.57718
3360001 2.57817
3370001 2.67422
3380001 2.4809
3390001 2.51142
3400001 2.7266
3410001 2.61743
3420001 2.57241
3430001 2.57373
3440001 2.499
3450001 2.52848
3460001 2.67517
3470001 2.58131
3480001 2.57232
3490001 2.57106
3500001 2.56872
3510001 2.51278
3520001 2.66237
3530001 2.63707
3540001 2.54912
3550001 2.62225
3560001 2.57621
3570001 2.46693
3580001 2.53336
3590001 2.64337
3600001 2.52068
3610001 2.5796
3620001 2.589
3630001 2.62948
3640001 2.56562
3650001 2.62563
3660001 2.52666
3670001 2.53219
3680001 2.60622
3690001 2.58343
3700001 2.50853
3710001 2.61048
3720001 2.70076
3730001 2.62854
3740001 2.53187
3750001 2.56025
3760001 2.51335
3770001 2.583
3780001 2.56896
3790001 2.56072
3800001 2.63937
3810001 2.66188
3820001 2.44327
3830001 2.61777
3840001 2.59018
3850001 2.57267
3860001 2.67343
3870001 2.61346
3880001 2.53206
3890001 2.59194
3900001 2.63313
3910001 2.68719
3920001 2.57934
3930001 2.57402
3940001 2.50512
3950001 2.57586
3960001 2.5761
3970001 2.60141
3980001 2.61945
3990001 2.55516
4000001 2.50657
4010001 2.51897
4020001 2.55916
4030001 2.60302
4040001 2.6201
4050001 2.58117
4060001 2.63272
4070001 2.50394
4080001 2.57964
4090001 2.58648
4100001 2.57208
4110001 2.71278
4120001 2.57437
4130001 2.49468
4140001 2.55989
4150001 2.60054
4160001 2.53296
4170001 2.59417
4180001 2.58652
4190001 2.52905
4200001 2.58739
4210001 2.62652
4220001 2.63753
4230001 2.54234
4240001 2.5674
4250001 2.49711
4260001 2.5107
4270001 2.60212
4280001 2.74742
4290001 2.60604
4300001 2.54841
4310001 2.56736
4320001 2.51563
4330001 2.66298
4340001 2.5501
4350001 2.54993
4360001 2.65467
4370001 2.53931
4380001 2.44725
4390001 2.54109
4400001 2.60985
4410001 2.5377
4420001 2.56712
4430001 2.55038
4440001 2.52848
4450001 2.60446
4460001 2.62593
4470001 2.55832
4480001 2.5388
4490001 2.59446
4500001 2.50818
4510001 2.51196
4520001 2.58122
4530001 2.60316
4540001 2.59458
4550001 2.55986
4560001 2.50499
4570001 2.55749
4580001 2.56396
4590001 2.62146
4600001 2.69406
4610001 2.57575
4620001 2.63944
4630001 2.52582
4640001 2.59536
4650001 2.62132
4660001 2.57578
4670001 2.75764
4680001 2.58974
4690001 2.50173
4700001 2.57934
4710001 2.69541
4720001 2.5688
4730001 2.57505
4740001 2.62685
4750001 2.52283
4760001 2.51006
4770001 2.67771
4780001 2.57778
4790001 2.55987
4800001 2.57902
4810001 2.49871
4820001 2.52596
4830001 2.64898
4840001 2.59648
4850001 2.55745
4860001 2.5533
4870001 2.5671
4880001 2.50149
4890001 2.64644
4900001 2.62895
4910001 2.54374
4920001 2.60496
4930001 2.55275
4940001 2.45446
4950001 2.54002
4960001 2.63581
4970001 2.56031
4980001 2.57114
4990001 2.56262
5000001 2.60981
5010001 2.61711
5020001 2.63466
5030001 2.53157
5040001 2.52983
5050001 2.58571
5060001 2.6084
5070001 2.49828
5080001 2.58774
5090001 2.62471
5100001 2.61438
5110001 2.52719
5120001 2.54045
5130001 2.51739
5140001 2.5844
5150001 2.59856
5160001 2.56027
5170001 2.60902
5180001 2.64599
5190001 2.48698
5200001 2.62962
5210001 2.59712
5220001 2.58755
5230001 2.72312
5240001 2.58905
5250001 2.49623
5260001 2.56556
5270001 2.61145
5280001 2.60129
5290001 2.56525
5300001 2.57382
5310001 2.48684
5320001 2.55745
5330001 2.57025
5340001 2.60984
5350001 2.64632
5360001 2.58438
5370001 2.49048
5380001 2.53243
5390001 2.55684
5400001 2.58267
5410001 2.61432
5420001 2.57175
5430001 2.59489
5440001 2.50294
5450001 2.55862
5460001 2.70402
5470001 2.51682
5480001 2.61123
5490001 2.56904
5500001 2.45462
5510001 2.54953
5520001 2.59373
5530001 2.51633
5540001 2.58757
5550001 2.57718
5560001 2.52809
5570001 2.57704
5580001 2.60475
5590001 2.54378
5600001 2.53343
5610001 2.5648
5620001 2.56052
5630001 2.50291
5640001 2.58363
5650001 2.70456
5660001 2.6077
5670001 2.53958
5680001 2.60797
5690001 2.51698
5700001 2.65081
5710001 2.54371
5720001 2.58717
5730001 2.66558
5740001 2.62251
5750001 2.44573
5760001 2.65871
5770001 2.60094
5780001 2.58693
5790001 2.55901
5800001 2.55721
5810001 2.51063
5820001 2.60397
5830001 2.64192
5840001 2.53356
5850001 2.55198
5860001 2.57564
5870001 2.50477
5880001 2.60189
5890001 2.59666
5900001 2.61394
5910001 2.59223
5920001 2.56916
5930001 2.49527
5940001 2.5409
5950001 2.57032
5960001 2.60074
5970001 2.62389
5980001 2.59162
5990001 2.63613
6000001 2.5195
6010001 2.5911
6020001 2.61892
6030001 2.56468
6040001 2.72161
6050001 2.58962
6060001 2.47028
6070001 2.56748
6080001 2.70437
6090001 2.57122
6100001 2.57417
6110001 2.61241
6120001 2.49447
6130001 2.51964
6140001 2.63334
6150001 2.63957
6160001 2.55895
6170001 2.57485
6180001 2.51244
6190001 2.52016
6200001 2.65526
6210001 2.5629
6220001 2.5535
6230001 2.54405
6240001 2.5631
6250001 2.52429
6260001 2.63826
6270001 2.55175
6280001 2.53064
6290001 2.59703
6300001 2.55829
6310001 2.46028
6320001 2.55043
6330001 2.62732
6340001 2.5483
6350001 2.56608
6360001 2.56655
6370001 2.53904
6380001 2.58317
6390001 2.61058
6400001 2.53918
6410001 2.53424
6420001 2.57934
6430001 2.5771
6440001 2.49464
6450001 2.58557
6460001 2.61603
6470001 2.58424
6480001 2.52124
6490001 2.53217
6500001 2.52783
6510001 2.58318
6520001 2.65032
6530001 2.62899
6540001 2.60165
6550001 2.74734
6560001 2.57898
6570001 2.6087
6580001 2.60386
6590001 2.60448
6600001 2.73239
6610001 2.57053
6620001 2.50484
6630001 2.56591
6640001 2.63704
6650001 2.57575
6660001 2.56558
6670001 2.59213
6680001 2.51188
6690001 2.53937
6700001 2.62692
6710001 2.61551
6720001 2.59177
6730001 2.57837
6740001 2.48811
6750001 2.53165
6760001 2.57425
6770001 2.57331
6780001 2.60693
6790001 2.56494
6800001 2.57459
6810001 2.51017
6820001 2.58155
6830001 2.64529
6840001 2.54777
6850001 2.6172
6860001 2.57222
6870001 2.45041
6880001 2.54066
6890001 2.6904
6900001 2.51891
6910001 2.58174
6920001 2.58113
6930001 2.51766
6940001 2.57142
6950001 2.6657
6960001 2.53948
6970001 2.52946
6980001 2.60454
6990001 2.58585
7000001 2.49804
7010001 2.59695
7020001 2.76465
7030001 2.61256
7040001 2.53154
7050001 2.56419
7060001 2.5174
7070001 2.58422
7080001 2.54868
7090001 2.56912
7100001 2.65599
7110001 2.6082
7120001 2.44478
7130001 2.65279
7140001 2.58415
7150001 2.68193
7160001 2.6847
7170001 2.53275
7180001 2.48433
7190001 2.58797
7200001 2.6196
7210001 2.71469
7220001 2.62408
7230001 2.57382
7240001 2.52049
7250001 2.57217
7260001 2.60596
7270001 2.60002
7280001 2.63296
7290001 2.56498
7300001 2.4964
7310001 2.53283
7320001 2.57506
7330001 2.58073
7340001 2.62377
7350001 2.59371
7360001 2.62672
7370001 2.50397
7380001 2.58624
7390001 2.61182
7400001 2.60893
7410001 2.7172
7420001 2.58028
7430001 2.47746
7440001 2.5605
7450001 2.68146
7460001 2.54937
7470001 2.58575
7480001 2.62071
7490001 2.48508
7500001 2.57144
7510001 2.6494
7520001 2.6504
7530001 2.54693
7540001 2.5804
7550001 2.50106
7560001 2.51807
7570001 2.59992
7580001 2.75819
7590001 2.58571
7600001 2.5438
7610001 2.57074
7620001 2.51409
7630001 2.6545
7640001 2.55097
7650001 2.51615
7660001 2.65075
7670001 2.55847
7680001 2.45093
7690001 2.54586
7700001 2.61313
7710001 2.54667
7720001 2.57033
7730001 2.55569
7740001 2.53767
7750001 2.62782
7760001 2.60085
7770001 2.53786
7780001 2.54865
7790001 2.57361
7800001 2.50874
7810001 2.50391
7820001 2.57924
7830001 2.65558
7840001 2.58815
7850001 2.58206
7860001 2.51542
7870001 2.52758
7880001 2.57931
7890001 2.61791
7900001 2.70474
7910001 2.5796
7920001 2.65057
7930001 2.55058
7940001 2.59017
7950001 2.5779
7960001 2.59128
7970001 2.78986
7980001 2.59533
7990001 2.53899
8000001 2.59506
8010001 2.66855
8020001 2.54835
8030001 2.57455
8040001 2.64635
8050001 2.47909
8060001 2.51881
8070001 2.72337
8080001 2.60262
8090001 2.56856
8100001 2.56096
8110001 2.49527
8120001 2.52477
8130001 2.66938
8140001 2.57578
8150001 2.56195
8160001 2.55494
8170001 2.56286
8180001 2.50202
8190001 2.651
8200001 2.63331
8210001 2.54582
8220001 2.61335
8230001 2.56316
8240001 2.46117
8250001 2.53087
8260001 2.63539
8270001 2.51957
8280001 2.56948
8290001 2.57958
8300001 2.63738
8310001 2.61311
8320001 2.6192
8330001 2.52438
8340001 2.52797
8350001 2.60855
8360001 2.58748
8370001 2.50049
8380001 2.6019
8390001 2.66042
8400001 2.62308
8410001 2.53365
8420001 2.55379
8430001 2.51279
8440001 2.58274
8450001 2.56743
8460001 2.55679
8470001 2.66562
8480001 2.65701
8490001 2.44441
8500001 2.65128
8510001 2.58346
8520001 2.58775
8530001 2.66539
8540001 2.5992
8550001 2.51495
8560001 2.58439
8570001 2.62164
8580001 2.68631
8590001 2.57585
8600001 2.5741
8610001 2.48901
8620001 2.56526
8630001 2.572
8640001 2.60769
8650001 2.61694
8660001 2.59928
8670001 2.49376
8680001 2.51176
8690001 2.55757
8700001 2.5917
8710001 2.61688
8720001 2.5744
8730001 2.59883
8740001 2.50224
8750001 2.57605
8760001 2.72692
8770001 2.5357
8780001 2.71236
8790001 2.57554
8800001 2.45666
8810001 2.55246
8820001 2.59484
8830001 2.53009
8840001 2.58737
8850001 2.58649
8860001 2.5187
8870001 2.58918
8880001 2.60983
8890001 2.54747
8900001 2.53951
8910001 2.57064
8920001 2.54956
8930001 2.50323
8940001 2.59311
8950001 2.71819
8960001 2.60463
8970001 2.54659
8980001 2.56164
8990001 2.51562
9000001 2.66203
9010001 2.54771
9020001 2.60074
9030001 2.65675
9040001 2.53817
9050001 2.44772
9060001 2.53801
9070001 2.60752
9080001 2.53468
9090001 2.5663
9100001 2.54958
9110001 2.51796
9120001 2.60375
9130001 2.62421
9140001 2.55184
9150001 2.5371
9160001 2.57558
9170001 2.5048
9180001 2.56662
9190001 2.59276
9200001 2.60977
9210001 2.59304
9220001 2.58565
9230001 2.49632
9240001 2.55959
9250001 2.55469
9260001 2.62055
9270001 2.63289
9280001 2.57224
9290001 2.64144
9300001 2.52102
9310001 2.59379
9320001 2.62354
9330001 2.57832
9340001 2.74519
9350001 2.59143
9360001 2.50303
9370001 2.57915
9380001 2.72216
9390001 2.57224
9400001 2.57291
9410001 2.61786
9420001 2.51082
9430001 2.50985
9440001 2.66762
9450001 2.69143
9460001 2.55498
9470001 2.58074
9480001 2.51785
9490001 2.52094
9500001 2.64883
9510001 2.59258
9520001 2.55477
9530001 2.55423
9540001 2.56164
9550001 2.50854
9560001 2.64162
9570001 2.62597
9580001 2.54111
9590001 2.59703
9600001 2.55357
9610001 2.458
9620001 2.54051
9630001 2.62965
9640001 2.56857
9650001 2.57067
9660001 2.57909
9670001 2.5511
9680001 2.59157
9690001 2.62701
9700001 2.5274
9710001 2.53018
9720001 2.58247
9730001 2.60309
9740001 2.50214
9750001 2.58378
9760001 2.62789
9770001 2.59959
9780001 2.52199
9790001 2.53784
9800001 2.52787
9810001 2.58106
9820001 2.60067
9830001 2.62865
9840001 2.60499
9850001 2.64878
9860001 2.48803
9870001 2.62014
9880001 2.59385
9890001 2.59598
9900001 2.75044
9910001 2.5928
9920001 2.50125
9930001 2.59283
9940001 2.60861
9950001 2.59409
9960001 2.57412
9970001 2.5665
9980001 2.48812
9990001 2.54201
