1 2677.57
10001 174.627
20001 96.1527
30001 89.7501
40001 42.4191
50001 32.9934
60001 30.743
70001 21.1119
80001 17.4602
90001 16.584
100001 12.8578
110001 11.5307
120001 10.5637
130001 9.10549
140001 8.5321
150001 7.81091
160001 6.9791
170001 6.57875
180001 6.26353
190001 5.86021
200001 5.48869
210001 5.3097
220001 4.95982
230001 5.1556
240001 4.62742
250001 4.40519
260001 4.33933
270001 4.18181
280001 3.95987
290001 4.02447
300001 3.79427
310001 3.65476
320001 3.68223
330001 3.55161
340001 3.40348
350001 3.49018
360001 3.30651
370001 3.29808
380001 3.26509
390001 3.15636
400001 3.1052
410001 3.09978
420001 3.01095
430001 3.23118
440001 3.08069
450001 2.97069
460001 3.00779
470001 2.96824
480001 2.93151
490001 2.90127
500001 2.94496
510001 2.82984
520001 2.92956
530001 2.90508
540001 2.78097
550001 3.02116
560001 2.95085
570001 2.79327
580001 2.93007
590001 2.88492
600001 2.74276
610001 2.89139
620001 2.83461
630001 2.71771
640001 2.96408
650001 2.78269
660001 2.70915
670001 3.02943
680001 2.69343
690001 2.75396
700001 2.97763
710001 2.70641
720001 2.74252
730001 3.15125
740001 2.70766
750001 2.7262
760001 2.85002
770001 2.7006
780001 2.81825
790001 2.84971
800001 2.68553
810001 2.68168
820001 2.82015
830001 2.66311
840001 2.60724
850001 2.80127
860001 2.67513
870001 2.60298
880001 2.85372
890001 2.6758
900001 2.57683
910001 2.75615
920001 2.62128
930001 2.60572
940001 2.70012
950001 2.58633
960001 2.60324
970001 2.64874
980001 2.59565
990001 2.58656
1000001 2.61933
1010001 2.56887
1020001 2.76707
1030001 2.69569
1040001 2.61359
1050001 2.63475
1060001 2.66237
1070001 2.63687
1080001 2.62717
1090001 2.6387
1100001 2.56679
1110001 2.71465
1120001 2.73239
1130001 2.58702
1140001 2.78082
1150001 2.77484
1160001 2.62091
1170001 2.74386
1180001 2.70514
1190001 2.6172
1200001 2.73243
1210001 2.65201
1220001 2.58542
1230001 2.89164
1240001 2.64443
1250001 2.59417
1260001 2.94228
1270001 2.59079
1280001 2.64104
1290001 2.84039
1300001 2.60566
1310001 2.73843
1320001 3.04486
1330001 2.64279
1340001 2.66372
1350001 2.79093
1360001 2.63485
1370001 2.74773
1380001 2.80185
1390001 2.62632
1400001 2.62832
1410001 2.76779
1420001 2.60649
1430001 2.55211
1440001 2.76242
1450001 2.66068
1460001 2.56562
1470001 2.7709
1480001 2.63321
1490001 2.54249
1500001 2.71564
1510001 2.57347
1520001 2.5788
1530001 2.65889
1540001 2.56124
1550001 2.57232
1560001 2.61574
1570001 2.56325
1580001 2.5613
1590001 2.59643
1600001 2.56607
1610001 2.7047
1620001 2.67322
1630001 2.67315
1640001 2.60756
1650001 2.6441
1660001 2.61807
1670001 2.73631
1680001 2.66051
1690001 2.53934
1700001 2.68663
1710001 2.68589
1720001 2.57283
1730001 2.74474
1740001 2.75142
1750001 2.59839
1760001 2.69501
1770001 2.68601
1780001 2.62891
1790001 2.68329
1800001 2.64298
1810001 2.57626
1820001 2.85414
1830001 2.63073
1840001 2.58553
1850001 2.91301
1860001 2.57377
1870001 2.62323
1880001 2.84749
1890001 2.59517
1900001 2.70712
1910001 2.94485
1920001 2.62958
1930001 2.7173
1940001 2.76214
1950001 2.62977
1960001 2.74753
1970001 2.77792
1980001 2.60998
1990001 2.60847
2000001 2.80144
2010001 2.59422
2020001 2.55546
2030001 2.7616
2040001 2.65643
2050001 2.55375
2060001 2.75312
2070001 2.62542
2080001 2.63139
2090001 2.71251
2100001 2.55652
2110001 2.56065
2120001 2.64812
2130001 2.5476
2140001 2.56947
2150001 2.59949
2160001 2.56031
2170001 2.56521
2180001 2.59261
2190001 2.59208
2200001 2.6837
2210001 2.66869
2220001 2.671
2230001 2.6173
2240001 2.65267
2250001 2.59151
2260001 2.72937
2270001 2.65936
2280001 2.55781
2290001 2.67724
2300001 2.68857
2310001 2.6515
2320001 2.7399
2330001 2.76013
2340001 2.58534
2350001 2.69438
2360001 2.70783
2370001 2.61303
2380001 2.7636
2390001 2.62501
2400001 2.57399
2410001 2.9986
2420001 2.66526
2430001 2.65727
2440001 2.88814
2450001 2.57125
2460001 2.6017
2470001 2.86426
2480001 2.59337
2490001 2.70468
2500001 2.93257
2510001 2.61141
2520001 2.69186
2530001 2.75768
2540001 2.62068
2550001 2.77157
2560001 2.77726
2570001 2.60604
2580001 2.60431
2590001 2.78061
2600001 2.58884
2610001 2.55313
2620001 2.80612
2630001 2.65523
2640001 2.56011
2650001 2.75529
2660001 2.62482
2670001 2.61855
2680001 2.71156
2690001 2.55885
2700001 2.56246
2710001 2.66592
2720001 2.53925
2730001 2.59241
2740001 2.59005
2750001 2.61044
2760001 2.56197
2770001 2.61518
2780001 2.59191
2790001 2.65801
2800001 2.65981
2810001 2.64859
2820001 2.63385
2830001 2.65122
2840001 2.61858
2850001 2.73763
2860001 2.66046
2870001 2.54474
2880001 2.67614
2890001 2.66183
2900001 2.6202
2910001 2.78604
2920001 2.76033
2930001 2.58851
2940001 2.69113
2950001 2.69801
2960001 2.60541
2970001 2.70437
2980001 2.62824
2990001 2.56916
3000001 2.93623
3010001 2.64339
3020001 2.63666
3030001 2.88613
3040001 2.56932
3050001 2.59387
3060001 2.85403
3070001 2.60188
3080001 2.66441
3090001 2.94159
3100001 2.62316
3110001 2.76625
3120001 2.75121
3130001 2.61217
3140001 2.72992
3150001 2.75642
3160001 2.60926
3170001 2.61198
3180001 2.77319
3190001 2.58264
3200001 2.55157
3210001 2.79869
3220001 2.65398
3230001 2.56247
3240001 2.75005
3250001 2.63352
3260001 2.6005
3270001 2.76728
3280001 2.54322
3290001 2.55551
3300001 2.6431
3310001 2.55951
3320001 2.56864
3330001 2.59313
3340001 2.59983
3350001 2.5426
3360001 2.59836
3370001 2.6042
3380001 2.62128
3390001 2.65773
3400001 2.64865
3410001 2.61601
3420001 2.64716
3430001 2.62248
3440001 2.73046
3450001 2.67445
3460001 2.56651
3470001 2.6721
3480001 2.65034
3490001 2.63768
3500001 2.75437
3510001 2.76137
3520001 2.58595
3530001 2.7021
3540001 2.69494
3550001 2.60661
3560001 2.69455
3570001 2.62736
3580001 2.56575
3590001 2.89994
3600001 2.6424
3610001 2.6238
3620001 2.88686
3630001 2.58907
3640001 2.69718
3650001 2.84165
3660001 2.5973
3670001 2.76174
3680001 2.90791
3690001 2.61899
3700001 2.76291
3710001 2.74051
3720001 2.61113
3730001 2.73011
3740001 2.75133
3750001 2.61617
3760001 2.61507
3770001 2.8157
3780001 2.58344
3790001 2.55976
3800001 2.79214
3810001 2.65206
3820001 2.54911
3830001 2.74616
3840001 2.65871
3850001 2.59272
3860001 2.78884
3870001 2.54444
3880001 2.54955
3890001 2.64083
3900001 2.55973
3910001 2.56556
3920001 2.59153
3930001 2.59127
3940001 2.5388
3950001 2.59298
3960001 2.61105
3970001 2.59936
3980001 2.64039
3990001 2.64624
4000001 2.61585
4010001 2.64514
4020001 2.64383
4030001 2.77335
4040001 2.67888
4050001 2.66536
4060001 2.65352
4070001 2.6528
4080001 2.62192
4090001 2.73686
4100001 2.74922
4110001 2.57914
4120001 2.71155
4130001 2.6814
4140001 2.5943
4150001 3.00143
4160001 2.62457
4170001 2.56548
4180001 2.88093
4190001 2.63042
4200001 2.60008
4210001 2.90369
4220001 2.59645
4230001 2.68651
4240001 2.8281
4250001 2.59688
4260001 2.69585
4270001 2.82736
4280001 2.61606
4290001 2.93971
4300001 2.73938
4310001 2.64015
4320001 2.72414
4330001 2.75909
4340001 2.60905
4350001 2.65274
4360001 2.8156
4370001 2.61876
4380001 2.55082
4390001 2.80439
4400001 2.64638
4410001 2.56711
4420001 2.72291
4430001 2.6566
4440001 2.62982
4450001 2.77859
4460001 2.54394
4470001 2.61518
4480001 2.63544
4490001 2.5583
4500001 2.56382
4510001 2.58665
4520001 2.58718
4530001 2.54955
4540001 2.59583
4550001 2.60283
4560001 2.58015
4570001 2.64236
4580001 2.64202
4590001 2.62575
4600001 2.64334
4610001 2.62546
4620001 2.79064
4630001 2.67405
4640001 2.61813
4650001 2.64435
4660001 2.65378
4670001 2.62411
4680001 2.71994
4690001 2.75079
4700001 2.58103
4710001 2.69559
4720001 2.6795
4730001 2.59064
4740001 2.91843
4750001 2.62179
4760001 2.5613
4770001 2.90004
4780001 2.63362
4790001 2.58572
4800001 2.89159
4810001 2.6112
4820001 2.70682
4830001 2.80596
4840001 2.59339
4850001 2.69472
4860001 2.82679
4870001 2.61369
4880001 2.74198
4890001 2.73889
4900001 2.63027
4910001 2.67419
4920001 2.75254
4930001 2.60164
4940001 2.58657
4950001 2.76404
4960001 2.63335
4970001 2.55374
4980001 2.79189
4990001 2.6333
5000001 2.55742
5010001 2.71256
5020001 2.65128
5030001 2.62826
5040001 2.73702
5050001 2.54047
5060001 2.59591
5070001 2.63831
5080001 2.55791
5090001 2.56756
5100001 2.58586
5110001 2.57718
5120001 2.71544
5130001 2.59962
5140001 2.59755
5150001 2.57886
5160001 2.64403
5170001 2.63709
5180001 2.64248
5190001 2.64246
5200001 2.61896
5210001 2.78582
5220001 2.67617
5230001 2.64657
5240001 2.63395
5250001 2.65238
5260001 2.61101
5270001 2.70967
5280001 2.74641
5290001 2.58295
5300001 2.74697
5310001 2.65216
5320001 2.59357
5330001 2.89529
5340001 2.60906
5350001 2.55784
5360001 2.88861
5370001 2.58921
5380001 2.66461
5390001 2.87773
5400001 2.62178
5410001 2.66718
5420001 2.94488
5430001 2.60233
5440001 2.68726
5450001 2.82216
5460001 2.60964
5470001 2.72785
5480001 2.73666
5490001 2.61881
5500001 2.6632
5510001 2.75311
5520001 2.60346
5530001 2.58515
5540001 2.75384
5550001 2.62846
5560001 2.55011
5570001 2.77419
5580001 2.6077
5590001 2.55822
5600001 2.7043
5610001 2.64286
5620001 2.62898
5630001 2.71513
5640001 2.54947
5650001 2.59248
5660001 2.64265
5670001 2.55773
5680001 2.56082
5690001 2.5963
5700001 2.56634
5710001 2.65022
5720001 2.6013
5730001 2.58069
5740001 2.57569
5750001 2.64723
5760001 2.63636
5770001 2.63149
5780001 2.63121
5790001 2.61536
5800001 2.73125
5810001 2.68455
5820001 2.66453
5830001 2.61501
5840001 2.66527
5850001 2.61102
5860001 2.72004
5870001 2.75138
5880001 2.59589
5890001 2.72213
5900001 2.65113
5910001 2.5863
5920001 2.89668
5930001 2.61163
5940001 2.5574
5950001 2.98031
5960001 2.59084
5970001 2.62431
5980001 2.86972
5990001 2.62219
6000001 2.64036
6010001 2.92535
6020001 2.59546
6030001 2.70203
6040001 2.81891
6050001 2.61994
6060001 2.76781
6070001 2.73179
6080001 2.6167
6090001 2.6414
6100001 2.75425
6110001 2.59978
6120001 2.57781
6130001 2.75251
6140001 2.62229
6150001 2.55121
6160001 2.80616
6170001 2.60457
6180001 2.55214
6190001 2.70458
6200001 2.60888
6210001 2.57988
6220001 2.69471
6230001 2.54502
6240001 2.58642
6250001 2.6517
6260001 2.55585
6270001 2.566
6280001 2.59264
6290001 2.55604
6300001 2.61444
6310001 2.68163
6320001 2.57562
6330001 2.56533
6340001 2.64967
6350001 2.63301
6360001 2.62167
6370001 2.63371
6380001 2.58612
6390001 2.6851
6400001 2.6882
6410001 2.64656
6420001 2.8672
6430001 2.73452
6440001 2.60632
6450001 2.83426
6460001 2.79431
6470001 2.57484
6480001 2.76912
6490001 2.65215
6500001 2.57516
6510001 2.89986
6520001 2.60757
6530001 2.55526
6540001 2.95824
6550001 2.58525
6560001 2.6099
6570001 2.91026
6580001 2.61039
6590001 2.63177
6600001 2.90917
6610001 2.61451
6620001 2.69756
6630001 2.80859
6640001 2.62027
6650001 2.75988
6660001 2.72438
6670001 2.62096
6680001 2.64306
6690001 2.75619
6700001 2.59692
6710001 2.57156
6720001 2.74091
6730001 2.64963
6740001 2.58125
6750001 2.80152
6760001 2.59396
6770001 2.54368
6780001 2.69316
6790001 2.59624
6800001 2.56163
6810001 2.68137
6820001 2.578
6830001 2.59072
6840001 2.63877
6850001 2.55537
6860001 2.59032
6870001 2.58768
6880001 2.5511
6890001 2.6181
6900001 2.69265
6910001 2.59711
6920001 2.56407
6930001 2.648
6940001 2.62336
6950001 2.61868
6960001 2.65316
6970001 2.56616
6980001 2.67612
6990001 2.68125
7000001 2.60588
7010001 2.85814
7020001 2.75037
7030001 2.61404
7040001 2.80627
7050001 2.70335
7060001 2.58061
7070001 2.71037
7080001 2.65206
7090001 2.59515
7100001 2.88448
7110001 2.67253
7120001 2.55456
7130001 2.93025
7140001 2.58487
7150001 2.57933
7160001 2.89251
7170001 2.60227
7180001 2.61452
7190001 2.97722
7200001 2.63182
7210001 2.66188
7220001 2.80587
7230001 2.63382
7240001 2.75026
7250001 2.74569
7260001 2.61822
7270001 2.63508
7280001 2.76827
7290001 2.61346
7300001 2.56282
7310001 2.74777
7320001 2.64168
7330001 2.56417
7340001 2.79486
7350001 2.64124
7360001 2.53677
7370001 2.69449
7380001 2.59855
7390001 2.56313
7400001 2.67719
7410001 2.55117
7420001 2.57185
7430001 2.62255
7440001 2.55631
7450001 2.57693
7460001 2.59727
7470001 2.54731
7480001 2.61632
7490001 2.68047
7500001 2.59551
7510001 2.64004
7520001 2.6459
7530001 2.61684
7540001 2.61124
7550001 2.64412
7560001 2.55238
7570001 2.67852
7580001 2.6677
7590001 2.58102
7600001 2.83679
7610001 2.78445
7620001 2.61635
7630001 2.78869
7640001 2.69657
7650001 2.57797
7660001 2.73451
7670001 2.65433
7680001 2.5858
7690001 2.85588
7700001 2.65692
7710001 2.57736
7720001 2.92569
7730001 2.57851
7740001 2.64974
7750001 2.88694
7760001 2.59634
7770001 2.70309
7780001 3.0947
7790001 2.64266
7800001 2.65624
7810001 2.79292
7820001 2.64413
7830001 2.74533
7840001 2.80371
7850001 2.61382
7860001 2.6312
7870001 2.77208
7880001 2.59998
7890001 2.55365
7900001 2.7455
7910001 2.63107
7920001 2.55581
7930001 2.78878
7940001 2.63601
7950001 2.54087
7960001 2.69815
7970001 2.59201
7980001 2.55946
7990001 2.6717
8000001 2.55379
8010001 2.56986
8020001 2.61761
8030001 2.57352
8040001 2.56475
8050001 2.59558
8060001 2.54653
8070001 2.7239
8080001 2.66945
8090001 2.59822
8100001 2.61506
8110001 2.64359
8120001 2.62176
8130001 2.60796
8140001 2.64142
8150001 2.54419
8160001 2.68782
8170001 2.67194
8180001 2.57434
8190001 2.76212
8200001 2.76786
8210001 2.61222
8220001 2.74704
8230001 2.68485
8240001 2.5876
8250001 2.72992
8260001 2.64797
8270001 2.58503
8280001 2.85483
8290001 2.65296
8300001 2.59175
8310001 2.92297
8320001 2.5766
8330001 2.63491
8340001 2.8522
8350001 2.5994
8360001 2.68934
8370001 3.05598
8380001 2.63791
8390001 2.65411
8400001 2.78961
8410001 2.6335
8420001 2.74895
8430001 2.77804
8440001 2.61514
8450001 2.62318
8460001 2.7551
8470001 2.60249
8480001 2.54664
8490001 2.76351
8500001 2.6404
8510001 2.56264
8520001 2.80655
8530001 2.62751
8540001 2.5375
8550001 2.71413
8560001 2.58187
8570001 2.57408
8580001 2.65631
8590001 2.54995
8600001 2.57599
8610001 2.61163
8620001 2.5601
8630001 2.55653
8640001 2.59206
8650001 2.54287
8660001 2.69351
8670001 2.6653
8680001 2.67418
8690001 2.60302
8700001 2.64226
8710001 2.61462
8720001 2.61176
8730001 2.66089
8740001 2.54074
8750001 2.69846
8760001 2.71675
8770001 2.57029
8780001 2.75237
8790001 2.75551
8800001 2.60117
8810001 2.71799
8820001 2.68879
8830001 2.62828
8840001 2.70901
8850001 2.64532
8860001 2.57054
8870001 2.86035
8880001 2.63092
8890001 2.57541
8900001 2.92472
8910001 2.5734
8920001 2.62875
8930001 2.83067
8940001 2.59146
8950001 2.71515
8960001 2.97721
8970001 2.63244
8980001 2.72183
8990001 2.77363
9000001 2.62648
9010001 2.75226
9020001 2.79103
9030001 2.61081
9040001 2.61983
9050001 2.7982
9060001 2.58318
9070001 2.55092
9080001 2.75962
9090001 2.64768
9100001 2.55289
9110001 2.75263
9120001 2.62528
9130001 2.53563
9140001 2.71107
9150001 2.5603
9160001 2.56577
9170001 2.64863
9180001 2.55191
9190001 2.56492
9200001 2.59688
9210001 2.55706
9220001 2.55697
9230001 2.5919
9240001 2.59553
9250001 2.68956
9260001 2.66867
9270001 2.66744
9280001 2.59249
9290001 2.62372
9300001 2.59103
9310001 2.74571
9320001 2.66534
9330001 2.55552
9340001 2.68489
9350001 2.67397
9360001 2.57158
9370001 2.74335
9380001 2.76093
9390001 2.58537
9400001 2.69614
9410001 2.70644
9420001 2.62304
9430001 2.67839
9440001 2.62906
9450001 2.57394
9460001 3.0171
9470001 2.63213
9480001 2.67456
9490001 2.90332
9500001 2.57106
9510001 2.61531
9520001 2.84222
9530001 2.59272
9540001 2.71046
9550001 2.93669
9560001 2.6264
9570001 2.70537
9580001 2.75419
9590001 2.62649
9600001 2.74297
9610001 2.77721
9620001 2.60545
9630001 2.60608
9640001 2.79222
9650001 2.58891
9660001 2.55324
9670001 2.7464
9680001 2.65438
9690001 2.54952
9700001 2.74928
9710001 2.61786
9720001 2.62782
9730001 2.70994
9740001 2.5549
9750001 2.5558
9760001 2.66642
9770001 2.54386
9780001 2.56987
9790001 2.58775
9800001 2.55815
9810001 2.56391
9820001 2.59035
9830001 2.59176
9840001 2.6776
9850001 2.66252
9860001 2.67944
9870001 2.62181
9880001 2.64929
9890001 2.59423
9900001 2.72892
9910001 2.65692
9920001 2.55144
9930001 2.67577
9940001 2.66978
9950001 2.62276
9960001 2.80303
9970001 2.76424
9980001 2.58351
9990001 2.69463
