1 2195.71
10001 147.982
20001 109.722
30001 49.7133
40001 40.1508
50001 26.6435
60001 22.4689
70001 18.5444
80001 15.6227
90001 13.979
100001 12.0564
110001 10.5816
120001 9.8021
130001 8.92522
140001 8.37151
150001 7.95697
160001 7.53883
170001 7.03668
180001 6.90322
190001 6.49984
200001 6.22244
210001 6.36936
220001 5.84235
230001 5.7609
240001 5.67097
250001 5.5766
260001 5.38006
270001 5.38207
280001 5.62095
290001 5.03918
300001 5.24689
310001 4.8153
320001 5.00943
330001 4.68262
340001 4.74106
350001 4.58233
360001 4.49094
370001 4.58215
380001 4.35698
390001 4.50946
400001 4.28973
410001 4.4827
420001 4.37513
430001 4.40355
440001 4.13934
450001 4.3429
460001 4.09187
470001 4.20587
480001 3.95676
490001 4.15909
500001 4.1971
510001 4.09289
520001 4.06682
530001 3.9923
540001 4.06369
550001 3.88587
560001 3.95896
570001 3.86435
580001 3.82967
590001 3.83797
600001 3.91673
610001 3.78899
620001 3.91069
630001 3.73425
640001 3.89008
650001 3.80704
660001 3.92928
670001 3.71406
680001 3.89929
690001 3.92101
700001 3.84956
710001 3.87461
720001 3.82018
730001 4.16398
740001 3.80879
750001 4.18137
760001 3.81426
770001 3.95731
780001 3.75774
790001 3.85246
800001 3.68018
810001 3.71644
820001 3.858
830001 3.6899
840001 3.82929
850001 3.65353
860001 3.82653
870001 3.62883
880001 3.86616
890001 3.61007
900001 3.81727
910001 3.56236
920001 3.75914
930001 3.55498
940001 3.68794
950001 3.83975
960001 3.71548
970001 3.72194
980001 3.67046
990001 3.63972
1000001 3.62887
1010001 3.59539
1020001 3.6147
1030001 3.60191
1040001 3.56786
1050001 3.70245
1060001 3.5655
1070001 3.62452
1080001 3.53155
1090001 3.84328
1100001 3.51899
1110001 3.67474
1120001 4.00617
1130001 3.68199
1140001 3.74804
1150001 3.66957
1160001 3.96962
1170001 3.66067
1180001 4.00634
1190001 3.68883
1200001 3.95949
1210001 3.66049
1220001 3.78699
1230001 3.64448
1240001 3.64938
1250001 3.63344
1260001 3.58602
1270001 3.79269
1280001 3.60278
1290001 3.81281
1300001 3.53535
1310001 3.73087
1320001 3.5521
1330001 3.77344
1340001 3.5066
1350001 3.67704
1360001 3.47446
1370001 3.6502
1380001 3.73651
1390001 3.63913
1400001 3.61868
1410001 3.67948
1420001 3.6129
1430001 3.55204
1440001 3.57239
1450001 3.54081
1460001 3.50735
1470001 3.56286
1480001 3.60445
1490001 3.485
1500001 3.59124
1510001 3.47938
1520001 3.56997
1530001 3.45997
1540001 3.69119
1550001 3.47486
1560001 3.61422
1570001 3.89598
1580001 3.66933
1590001 3.67623
1600001 3.66949
1610001 4.0655
1620001 3.59535
1630001 3.94487
1640001 3.6395
1650001 3.87605
1660001 3.62518
1670001 3.70884
1680001 3.54907
1690001 3.57268
1700001 3.73427
1710001 3.55131
1720001 3.69804
1730001 3.53386
1740001 3.72979
1750001 3.63489
1760001 3.72284
1770001 3.49672
1780001 3.73682
1790001 3.4585
1800001 3.60241
1810001 3.43235
1820001 3.57617
1830001 3.65441
1840001 3.62856
1850001 3.54814
1860001 3.58321
1870001 3.60671
1880001 3.46667
1890001 3.56124
1900001 3.60807
1910001 3.51744
1920001 3.49429
1930001 3.60737
1940001 3.49275
1950001 3.55747
1960001 3.44046
1970001 3.64264
1980001 3.49952
1990001 3.65206
2000001 3.47346
2010001 3.71228
2020001 3.76366
2030001 3.6222
2040001 3.8463
2050001 3.63439
2060001 3.92159
2070001 3.60268
2080001 4.09665
2090001 3.63876
2100001 3.82367
2110001 3.57328
2120001 3.6849
2130001 3.51996
2140001 3.55143
2150001 3.71113
2160001 3.52303
2170001 3.68221
2180001 3.49744
2190001 3.70937
2200001 3.48957
2210001 3.83101
2220001 3.47784
2230001 3.73871
2240001 3.43922
2250001 3.65853
2260001 3.45445
2270001 3.56416
2280001 3.65849
2290001 3.6629
2300001 3.58765
2310001 3.58007
2320001 3.51809
2330001 3.54114
2340001 3.50202
2350001 3.49557
2360001 3.59326
2370001 3.47688
2380001 3.59972
2390001 3.45115
2400001 3.54439
2410001 3.43976
2420001 3.73
2430001 3.43577
2440001 3.57263
2450001 3.79728
2460001 3.67084
2470001 3.66921
2480001 3.73811
2490001 3.81485
2500001 3.6122
2510001 3.88398
2520001 3.61588
2530001 3.85048
2540001 3.60036
2550001 3.76453
2560001 3.52933
2570001 3.58385
2580001 3.63763
2590001 3.52528
2600001 3.71544
2610001 3.56038
2620001 3.75302
2630001 3.48706
2640001 3.68403
2650001 3.49881
2660001 3.70919
2670001 3.45184
2680001 3.63991
2690001 3.40739
2700001 3.59556
2710001 3.64634
2720001 3.62183
2730001 3.567
2740001 3.60923
2750001 3.58522
2760001 3.46167
2770001 3.54468
2780001 3.52835
2790001 3.47637
2800001 3.49391
2810001 3.59292
2820001 3.44536
2830001 3.55936
2840001 3.4497
2850001 3.54045
2860001 3.44621
2870001 3.64987
2880001 3.44592
2890001 3.7027
2900001 3.7822
2910001 3.61151
2920001 3.65167
2930001 3.63508
2940001 3.96332
2950001 3.62377
2960001 3.86072
2970001 3.64894
2980001 3.80857
2990001 3.5885
3000001 3.68593
3010001 3.50803
3020001 3.55354
3030001 3.70515
3040001 3.51571
3050001 3.67671
3060001 3.50367
3070001 3.68666
3080001 3.54621
3090001 3.68384
3100001 3.4628
3110001 3.82929
3120001 3.45408
3130001 3.69045
3140001 3.43661
3150001 3.58335
3160001 3.63466
3170001 3.61419
3180001 3.63579
3190001 3.59383
3200001 3.57698
3210001 3.44182
3220001 3.52421
3230001 3.5402
3240001 3.55661
3250001 3.46593
3260001 3.59052
3270001 3.47775
3280001 3.51853
3290001 3.44684
3300001 3.787
3310001 3.4718
3320001 3.6229
3330001 4.01133
3340001 3.68883
3350001 3.69716
3360001 3.6008
3370001 3.94288
3380001 3.6168
3390001 3.98622
3400001 3.63749
3410001 4.04369
3420001 3.61975
3430001 3.7696
3440001 3.57251
3450001 3.60895
3460001 3.52278
3470001 3.53971
3480001 3.68349
3490001 3.52854
3500001 3.65717
3510001 3.48433
3520001 3.70829
3530001 3.48294
3540001 3.77704
3550001 3.45621
3560001 3.6637
3570001 3.42012
3580001 3.61655
3590001 3.4819
3600001 3.54032
3610001 3.57627
3620001 3.64392
3630001 3.55796
3640001 3.52479
3650001 3.51857
3660001 3.53792
3670001 3.48756
3680001 3.48501
3690001 3.56915
3700001 3.47898
3710001 3.57365
3720001 3.46311
3730001 3.57209
3740001 3.42691
3750001 3.73979
3760001 3.43309
3770001 3.60141
3780001 3.75597
3790001 3.6116
3800001 3.65057
3810001 3.70892
3820001 4.0635
3830001 3.58583
3840001 3.92752
3850001 3.63315
3860001 3.83807
3870001 3.60358
3880001 3.73286
3890001 3.51402
3900001 3.57547
3910001 3.62645
3920001 3.52121
3930001 3.68822
3940001 3.51433
3950001 3.71763
3960001 3.64093
3970001 3.69938
3980001 3.47839
3990001 3.80212
4000001 3.44244
4010001 3.61642
4020001 3.40286
4030001 3.59738
4040001 3.59834
4050001 3.60573
4060001 3.55721
4070001 3.57676
4080001 3.58634
4090001 3.45223
4100001 3.55388
4110001 3.48247
4120001 3.4817
4130001 3.47384
4140001 3.58055
4150001 3.46107
4160001 3.57165
4170001 3.41869
4180001 3.56223
4190001 3.49819
4200001 3.62631
4210001 3.43953
4220001 3.64948
4230001 3.66115
4240001 3.58027
4250001 3.64301
4260001 3.61592
4270001 3.93451
4280001 3.60565
4290001 3.95826
4300001 3.63429
4310001 3.77207
4320001 3.57357
4330001 3.68729
4340001 3.49528
4350001 3.55237
4360001 3.7041
4370001 3.51375
4380001 3.67463
4390001 3.49318
4400001 3.67748
4410001 3.48489
4420001 3.72447
4430001 3.45854
4440001 3.77474
4450001 3.42583
4460001 3.67802
4470001 3.4246
4480001 3.55734
4490001 3.65084
4500001 3.61034
4510001 3.58432
4520001 3.571
4530001 3.51512
4540001 3.5161
4550001 3.49052
4560001 3.51376
4570001 3.49309
4580001 3.46102
4590001 3.60749
4600001 3.48066
4610001 3.5466
4620001 3.43192
4630001 3.74922
4640001 3.43343
4650001 3.58077
4660001 3.93704
4670001 3.61774
4680001 3.66292
4690001 3.60696
4700001 3.88885
4710001 3.59613
4720001 3.94642
4730001 3.64219
4740001 3.89773
4750001 3.60534
4760001 3.72498
4770001 3.57403
4780001 3.59157
4790001 3.5816
4800001 3.52787
4810001 3.73225
4820001 3.53591
4830001 3.75598
4840001 3.47541
4850001 3.67474
4860001 3.50142
4870001 3.75309
4880001 3.44662
4890001 3.66981
4900001 3.42561
4910001 3.60871
4920001 3.64894
4930001 3.59648
4940001 3.56557
4950001 3.64432
4960001 3.55139
4970001 3.51264
4980001 3.51954
4990001 3.51642
5000001 3.46712
5010001 3.51939
5020001 3.56137
5030001 3.44832
5040001 3.55743
5050001 3.44416
5060001 3.53716
5070001 3.41896
5080001 3.65011
5090001 3.44032
5100001 3.57825
5110001 3.86286
5120001 3.63253
5130001 3.6412
5140001 3.64262
5150001 4.01744
5160001 3.56862
5170001 3.92133
5180001 3.62222
5190001 3.85056
5200001 3.59594
5210001 3.69003
5220001 3.52378
5230001 3.54708
5240001 3.71198
5250001 3.52412
5260001 3.67031
5270001 3.50424
5280001 3.70345
5290001 3.5991
5300001 3.70435
5310001 3.46822
5320001 3.74683
5330001 3.43554
5340001 3.5939
5350001 3.40877
5360001 3.55873
5370001 3.60488
5380001 3.60907
5390001 3.52852
5400001 3.56192
5410001 3.57197
5420001 3.4401
5430001 3.54361
5440001 3.58222
5450001 3.49732
5460001 3.4673
5470001 3.59033
5480001 3.47494
5490001 3.53621
5500001 3.4194
5510001 3.6288
5520001 3.48247
5530001 3.62636
5540001 3.45493
5550001 3.69103
5560001 3.74052
5570001 3.60566
5580001 3.82073
5590001 3.62202
5600001 4.0242
5610001 3.59089
5620001 4.08986
5630001 3.62885
5640001 3.80992
5650001 3.55896
5660001 3.67538
5670001 3.50434
5680001 3.54056
5690001 3.69794
5700001 3.50634
5710001 3.66624
5720001 3.48198
5730001 3.69523
5740001 3.47365
5750001 3.83311
5760001 3.45508
5770001 3.75168
5780001 3.42785
5790001 3.6511
5800001 3.43976
5810001 3.56174
5820001 3.63484
5830001 3.65701
5840001 3.56814
5850001 3.56781
5860001 3.50622
5870001 3.52814
5880001 3.49124
5890001 3.47997
5900001 3.58176
5910001 3.46368
5920001 3.5918
5930001 3.44111
5940001 3.52868
5950001 3.42735
5960001 3.72185
5970001 3.42452
5980001 3.5647
5990001 3.78894
6000001 3.66872
6010001 3.65659
6020001 3.73191
6030001 3.79883
6040001 3.60501
6050001 3.87692
6060001 3.61244
6070001 3.85084
6080001 3.59124
6090001 3.75758
6100001 3.52241
6110001 3.57824
6120001 3.63093
6130001 3.51797
6140001 3.70531
6150001 3.55117
6160001 3.74162
6170001 3.4803
6180001 3.66915
6190001 3.48832
6200001 3.7174
6210001 3.44136
6220001 3.64464
6230001 3.39948
6240001 3.58981
6250001 3.63527
6260001 3.61674
6270001 3.55589
6280001 3.60281
6290001 3.57485
6300001 3.45233
6310001 3.5397
6320001 3.51926
6330001 3.47009
6340001 3.47177
6350001 3.58416
6360001 3.43956
6370001 3.55918
6380001 3.44416
6390001 3.53617
6400001 3.44588
6410001 3.64525
6420001 3.43946
6430001 3.69482
6440001 3.77219
6450001 3.62224
6460001 3.64057
6470001 3.63009
6480001 3.95488
6490001 3.62008
6500001 3.86402
6510001 3.64701
6520001 3.81136
6530001 3.58291
6540001 3.68496
6550001 3.50356
6560001 3.54994
6570001 3.70274
6580001 3.51176
6590001 3.66829
6600001 3.50035
6610001 3.68146
6620001 3.54161
6630001 3.68397
6640001 3.45785
6650001 3.83622
6660001 3.449
6670001 3.69217
6680001 3.42903
6690001 3.58203
6700001 3.61941
6710001 3.60982
6720001 3.66037
6730001 3.58811
6740001 3.56966
6750001 3.4352
6760001 3.52352
6770001 3.53169
6780001 3.55429
6790001 3.45849
6800001 3.58937
6810001 3.47624
6820001 3.51804
6830001 3.44198
6840001 3.78691
6850001 3.46104
6860001 3.61795
6870001 4.00084
6880001 3.6887
6890001 3.69727
6900001 3.59982
6910001 3.93183
6920001 3.60844
6930001 3.98128
6940001 3.63685
6950001 4.04719
6960001 3.61869
6970001 3.76561
6980001 3.57738
6990001 3.60497
7000001 3.52049
7010001 3.53604
7020001 3.67717
7030001 3.52319
7040001 3.78968
7050001 3.48697
7060001 3.70661
7070001 3.47882
7080001 3.78
7090001 3.45024
7100001 3.6703
7110001 3.41997
7120001 3.62265
7130001 3.47787
7140001 3.54231
7150001 3.57021
7160001 3.64034
7170001 3.55105
7180001 3.52202
7190001 3.51719
7200001 3.53633
7210001 3.48659
7220001 3.48443
7230001 3.56613
7240001 3.47665
7250001 3.5736
7260001 3.46319
7270001 3.57315
7280001 3.42278
7290001 3.73654
7300001 3.43024
7310001 3.59945
7320001 3.75568
7330001 3.61474
7340001 3.64621
7350001 3.70408
7360001 4.05772
7370001 3.58403
7380001 3.93031
7390001 3.63606
7400001 3.84042
7410001 3.60303
7420001 3.72774
7430001 3.51359
7440001 3.56631
7450001 3.62657
7460001 3.52057
7470001 3.68474
7480001 3.5122
7490001 3.7146
7500001 3.63299
7510001 3.69643
7520001 3.47488
7530001 3.80783
7540001 3.43861
7550001 3.61924
7560001 3.40169
7570001 3.59528
7580001 3.59118
7590001 3.60272
7600001 3.55298
7610001 3.57482
7620001 3.58139
7630001 3.44906
7640001 3.54579
7650001 3.48298
7660001 3.48089
7670001 3.47307
7680001 3.57868
7690001 3.46258
7700001 3.56846
7710001 3.41674
7720001 3.55698
7730001 3.50296
7740001 3.62453
7750001 3.43658
7760001 3.65057
7770001 3.65592
7780001 3.57664
7790001 3.6394
7800001 3.6117
7810001 3.93107
7820001 3.60455
7830001 3.96469
7840001 3.62747
7850001 3.77402
7860001 3.56939
7870001 3.68538
7880001 3.49402
7890001 3.55144
7900001 3.72532
7910001 3.51261
7920001 3.6714
7930001 3.49272
7940001 3.682
7950001 3.48066
7960001 3.72059
7970001 3.45618
7980001 3.77318
7990001 3.42167
8000001 3.68161
8010001 3.42302
8020001 3.55411
8030001 3.64257
8040001 3.60797
8050001 3.57957
8060001 3.56829
8070001 3.51508
8080001 3.51268
8090001 3.49066
8100001 3.50898
8110001 3.4905
8120001 3.45874
8130001 3.60435
8140001 3.47934
8150001 3.54699
8160001 3.42894
8170001 3.75266
8180001 3.43529
8190001 3.58376
8200001 3.93418
8210001 3.6164
8220001 3.66246
8230001 3.60554
8240001 3.89013
8250001 3.59676
8260001 3.94712
8270001 3.64027
8280001 3.89618
8290001 3.60787
8300001 3.72247
8310001 3.57265
8320001 3.59042
8330001 3.58213
8340001 3.52662
8350001 3.72781
8360001 3.54687
8370001 3.75192
8380001 3.47319
8390001 3.66908
8400001 3.49916
8410001 3.75167
8420001 3.44586
8430001 3.67034
8440001 3.42329
8450001 3.60778
8460001 3.63765
8470001 3.59395
8480001 3.56086
8490001 3.64295
8500001 3.54769
8510001 3.51224
8520001 3.51832
8530001 3.51525
8540001 3.46695
8550001 3.51868
8560001 3.55882
8570001 3.44798
8580001 3.55844
8590001 3.44736
8600001 3.53705
8610001 3.41827
8620001 3.64914
8630001 3.43891
8640001 3.57848
8650001 3.8505
8660001 3.6335
8670001 3.63772
8680001 3.64025
8690001 4.01093
8700001 3.59539
8710001 3.92171
8720001 3.62696
8730001 3.85366
8740001 3.60192
8750001 3.69026
8760001 3.52734
8770001 3.54699
8780001 3.71039
8790001 3.52202
8800001 3.6672
8810001 3.50342
8820001 3.69463
8830001 3.58947
8840001 3.70419
8850001 3.4674
8860001 3.74387
8870001 3.42838
8880001 3.59524
8890001 3.40694
8900001 3.56626
8910001 3.58789
8920001 3.60845
8930001 3.52843
8940001 3.56043
8950001 3.57023
8960001 3.43841
8970001 3.54068
8980001 3.58183
8990001 3.49721
9000001 3.46678
9010001 3.59087
9020001 3.47566
9030001 3.53005
9040001 3.41862
9050001 3.62884
9060001 3.48386
9070001 3.61985
9080001 3.46153
9090001 3.68802
9100001 3.73534
9110001 3.60224
9120001 3.81796
9130001 3.62015
9140001 4.02621
9150001 3.58477
9160001 4.09423
9170001 3.63091
9180001 3.80744
9190001 3.57172
9200001 3.651
9210001 3.50471
9220001 3.53975
9230001 3.69482
9240001 3.50795
9250001 3.66486
9260001 3.48053
9270001 3.69401
9280001 3.47108
9290001 3.83389
9300001 3.45255
9310001 3.74529
9320001 3.42787
9330001 3.64415
9340001 3.43896
9350001 3.56269
9360001 3.6252
9370001 3.65621
9380001 3.56689
9390001 3.56631
9400001 3.50398
9410001 3.52852
9420001 3.49028
9430001 3.48924
9440001 3.58062
9450001 3.46018
9460001 3.59319
9470001 3.43561
9480001 3.61384
9490001 3.42641
9500001 3.72053
9510001 3.42442
9520001 3.56363
9530001 3.78589
9540001 3.66802
9550001 3.65927
9560001 3.73281
9570001 3.79481
9580001 3.60519
9590001 3.87117
9600001 3.61083
9610001 3.85771
9620001 3.59156
9630001 3.75566
9640001 3.52246
9650001 3.57762
9660001 3.63151
9670001 3.51729
9680001 3.70618
9690001 3.55086
9700001 3.74182
9710001 3.48019
9720001 3.66653
9730001 3.48734
9740001 3.72892
9750001 3.44057
9760001 3.63697
9770001 3.39915
9780001 3.59073
9790001 3.63188
9800001 3.61764
9810001 3.55469
9820001 3.60187
9830001 3.57116
9840001 3.45045
9850001 3.53997
9860001 3.52127
9870001 3.47043
9880001 3.46926
9890001 3.58403
9900001 3.43761
9910001 3.55845
9920001 3.43882
9930001 3.53581
9940001 3.44485
9950001 3.64551
9960001 3.43878
9970001 3.6959
9980001 3.76451
9990001 3.62079
