1 31.3153
10001 12.0047
20001 8.04724
30001 5.69527
40001 4.52802
50001 3.82279
60001 3.28453
70001 2.9286
80001 2.66485
90001 2.43612
100001 2.28825
110001 2.16127
120001 2.04181
130001 1.96618
140001 1.88893
150001 1.81762
160001 1.7779
170001 1.7253
180001 1.67222
190001 1.65438
200001 1.61487
210001 1.57694
220001 1.57247
230001 1.54209
240001 1.52884
250001 1.51932
260001 1.50053
270001 1.48378
280001 1.4868
290001 1.46744
300001 1.44982
310001 1.45912
320001 1.43833
330001 1.42671
340001 1.43407
350001 1.42354
360001 1.41052
370001 1.4193
380001 1.40922
390001 1.39911
400001 1.41217
410001 1.39076
420001 1.39821
430001 1.39473
440001 1.37432
450001 1.39336
460001 1.39263
470001 1.36888
480001 1.38163
490001 1.39317
500001 1.36028
510001 1.38982
520001 1.40223
530001 1.36371
540001 1.38525
550001 1.39847
560001 1.36651
570001 1.38432
580001 1.39686
590001 1.35839
600001 1.3796
610001 1.39475
620001 1.36104
630001 1.37998
640001 1.39129
650001 1.35619
660001 1.37271
670001 1.38811
680001 1.35104
690001 1.38302
700001 1.38394
710001 1.36422
720001 1.38067
730001 1.37661
740001 1.36482
750001 1.37966
760001 1.37308
770001 1.35749
780001 1.37576
790001 1.36896
800001 1.35717
810001 1.37477
820001 1.36484
830001 1.37454
840001 1.3777
850001 1.37297
860001 1.37045
870001 1.38614
880001 1.3768
890001 1.36967
900001 1.38806
910001 1.37341
920001 1.37054
930001 1.38437
940001 1.37942
950001 1.37225
960001 1.38709
970001 1.38033
980001 1.38136
990001 1.39037
1000001 1.37154
1010001 1.38379
1020001 1.38196
1030001 1.36494
1040001 1.38609
1050001 1.38774
1060001 1.36622
1070001 1.38099
1080001 1.39416
1090001 1.3664
1100001 1.39377
1110001 1.4092
1120001 1.37077
1130001 1.39296
1140001 1.41338
1150001 1.37689
1160001 1.39481
1170001 1.40794
1180001 1.36944
1190001 1.3968
1200001 1.40749
1210001 1.37598
1220001 1.39435
1230001 1.40614
1240001 1.37087
1250001 1.38747
1260001 1.40408
1270001 1.37553
1280001 1.39972
1290001 1.40061
1300001 1.38127
1310001 1.39885
1320001 1.39422
1330001 1.38285
1340001 1.39737
1350001 1.39076
1360001 1.3756
1370001 1.39239
1380001 1.38775
1390001 1.38854
1400001 1.39305
1410001 1.38369
1420001 1.39215
1430001 1.39528
1440001 1.39134
1450001 1.38921
1460001 1.40279
1470001 1.3976
1480001 1.38751
1490001 1.40624
1500001 1.39121
1510001 1.38919
1520001 1.40477
1530001 1.39985
1540001 1.39027
1550001 1.40373
1560001 1.3978
1570001 1.40011
1580001 1.40719
1590001 1.38912
1600001 1.39984
1610001 1.40603
1620001 1.38227
1630001 1.40383
1640001 1.40589
1650001 1.38267
1660001 1.39857
1670001 1.41943
1680001 1.38757
1690001 1.40932
1700001 1.42491
1710001 1.38622
1720001 1.40853
1730001 1.42825
1740001 1.3923
1750001 1.41011
1760001 1.42456
1770001 1.38502
1780001 1.41188
1790001 1.42235
1800001 1.39114
1810001 1.40916
1820001 1.425
1830001 1.38596
1840001 1.40183
1850001 1.41696
1860001 1.39028
1870001 1.41389
1880001 1.4143
1890001 1.39508
1900001 1.41249
1910001 1.40643
1920001 1.39465
1930001 1.41106
1940001 1.40418
1950001 1.3883
1960001 1.4043
1970001 1.4007
1980001 1.40178
1990001 1.40551
2000001 1.39563
2010001 1.40659
2020001 1.40756
2030001 1.40383
2040001 1.4032
2050001 1.41506
2060001 1.41247
2070001 1.40007
2080001 1.41739
2090001 1.40272
2100001 1.40195
2110001 1.41531
2120001 1.41096
2130001 1.40191
2140001 1.41348
2150001 1.40881
2160001 1.4116
2170001 1.41798
2180001 1.4003
2190001 1.40885
2200001 1.41792
2210001 1.39277
2220001 1.41443
2230001 1.41557
2240001 1.39561
2250001 1.41189
2260001 1.43529
2270001 1.39813
2280001 1.4204
2290001 1.43529
2300001 1.39616
2310001 1.42237
2320001 1.43836
2330001 1.40258
2340001 1.41884
2350001 1.43448
2360001 1.39824
2370001 1.4217
2380001 1.43161
2390001 1.40111
2400001 1.41873
2410001 1.43372
2420001 1.39581
2430001 1.41129
2440001 1.42588
2450001 1.39958
2460001 1.42316
2470001 1.42321
2480001 1.40421
2490001 1.42163
2500001 1.41539
2510001 1.40068
2520001 1.42008
2530001 1.41286
2540001 1.39739
2550001 1.4129
2560001 1.40949
2570001 1.41167
2580001 1.41386
2590001 1.40447
2600001 1.41476
2610001 1.41562
2620001 1.41819
2630001 1.4115
2640001 1.42319
2650001 1.42105
2660001 1.40851
2670001 1.42359
2680001 1.41085
2690001 1.41025
2700001 1.42452
2710001 1.41968
2720001 1.41003
2730001 1.42627
2740001 1.416
2750001 1.4226
2760001 1.42572
2770001 1.41005
2780001 1.41908
2790001 1.42514
2800001 1.40078
2810001 1.42179
2820001 1.43513
2830001 1.40359
2840001 1.42089
2850001 1.4426
2860001 1.406
2870001 1.42808
2880001 1.44259
2890001 1.40314
2900001 1.42807
2910001 1.44468
2920001 1.41034
2930001 1.42544
2940001 1.44175
2950001 1.4056
2960001 1.42912
2970001 1.43948
2980001 1.40595
2990001 1.42587
3000001 1.44121
3010001 1.40201
3020001 1.41876
3030001 1.4329
3040001 1.41028
3050001 1.43033
3060001 1.42959
3070001 1.41213
3080001 1.43075
3090001 1.42252
3100001 1.40879
3110001 1.42829
3120001 1.41995
3130001 1.40442
3140001 1.42065
3150001 1.41693
3160001 1.42399
3170001 1.42325
3180001 1.41149
3190001 1.42146
3200001 1.42268
3210001 1.42484
3220001 1.41955
3230001 1.43006
3240001 1.42779
3250001 1.4158
3260001 1.43031
3270001 1.42961
3280001 1.41916
3290001 1.43055
3300001 1.42863
3310001 1.42276
3320001 1.42895
3330001 1.42314
3340001 1.4291
3350001 1.43225
3360001 1.41557
3370001 1.43042
3380001 1.43148
3390001 1.40739
3400001 1.42781
3410001 1.44131
3420001 1.41001
3430001 1.42965
3440001 1.44908
3450001 1.41059
3460001 1.4344
3470001 1.44897
3480001 1.40935
3490001 1.43583
3500001 1.4508
3510001 1.41686
3520001 1.43143
3530001 1.44809
3540001 1.41197
3550001 1.43533
3560001 1.44489
3570001 1.4137
3580001 1.43182
3590001 1.44717
3600001 1.4078
3610001 1.42484
3620001 1.4395
3630001 1.42185
3640001 1.43914
3650001 1.43505
3660001 1.42324
3670001 1.43686
3680001 1.42862
3690001 1.41494
3700001 1.43347
3710001 1.42555
3720001 1.4107
3730001 1.42622
3740001 1.42296
3750001 1.42936
3760001 1.42973
3770001 1.42396
3780001 1.42695
3790001 1.43342
3800001 1.4293
3810001 1.42366
3820001 1.43567
3830001 1.43352
3840001 1.42531
3850001 1.4357
3860001 1.43485
3870001 1.42695
3880001 1.43568
3890001 1.43443
3900001 1.42806
3910001 1.43477
3920001 1.42867
3930001 1.43838
3940001 1.43781
3950001 1.42052
3960001 1.43706
3970001 1.43727
3980001 1.41401
3990001 1.4332
4000001 1.44762
4010001 1.41524
4020001 1.43603
4030001 1.45593
4040001 1.41625
4050001 1.44333
4060001 1.45446
4070001 1.41463
4080001 1.44233
4090001 1.45624
4100001 1.42226
4110001 1.44013
4120001 1.45353
4130001 1.4149
4140001 1.44092
4150001 1.45244
4160001 1.41928
4170001 1.43726
4180001 1.45203
4190001 1.41336
4200001 1.43264
4210001 1.44915
4220001 1.42629
4230001 1.44464
4240001 1.43978
4250001 1.42868
4260001 1.44446
4270001 1.43765
4280001 1.42036
4290001 1.43877
4300001 1.43038
4310001 1.41982
4320001 1.431
4330001 1.42989
4340001 1.43445
4350001 1.43969
4360001 1.42983
4370001 1.43341
4380001 1.43892
4390001 1.43579
4400001 1.42862
4410001 1.43907
4420001 1.43816
4430001 1.43075
4440001 1.43821
4450001 1.43974
4460001 1.43226
4470001 1.4417
4480001 1.44165
4490001 1.43349
4500001 1.43941
4510001 1.43459
4520001 1.44356
4530001 1.44217
4540001 1.42416
4550001 1.44222
4560001 1.44231
4570001 1.41909
4580001 1.43854
4590001 1.45262
4600001 1.42031
4610001 1.44145
4620001 1.46061
4630001 1.4213
4640001 1.44838
4650001 1.46011
4660001 1.41957
4670001 1.44798
4680001 1.46138
4690001 1.42754
4700001 1.44521
4710001 1.45875
4720001 1.42027
4730001 1.44591
4740001 1.45811
4750001 1.42443
4760001 1.44236
4770001 1.45606
4780001 1.41758
4790001 1.44234
4800001 1.45436
4810001 1.43126
4820001 1.44971
4830001 1.4449
4840001 1.43383
4850001 1.44956
4860001 1.44285
4870001 1.42475
4880001 1.44328
4890001 1.43535
4900001 1.42439
4910001 1.43624
4920001 1.43298
4930001 1.43936
4940001 1.44597
4950001 1.43699
4960001 1.43608
4970001 1.4425
4980001 1.44118
4990001 1.43345
5000001 1.44919
5010001 1.44291
5020001 1.43572
5030001 1.44277
5040001 1.44611
5050001 1.43725
5060001 1.44661
5070001 1.44604
5080001 1.43867
5090001 1.44453
5100001 1.4397
5110001 1.44842
5120001 1.44687
5130001 1.43016
5140001 1.44718
5150001 1.44701
5160001 1.42396
5170001 1.44363
5180001 1.45614
5190001 1.42512
5200001 1.44631
5210001 1.46532
5220001 1.42635
5230001 1.45321
5240001 1.46502
5250001 1.4245
5260001 1.45213
5270001 1.46613
5280001 1.43251
5290001 1.45018
5300001 1.46429
5310001 1.42513
5320001 1.45081
5330001 1.46292
5340001 1.42927
5350001 1.44693
5360001 1.46011
5370001 1.42489
5380001 1.44685
5390001 1.45879
5400001 1.43825
5410001 1.45433
5420001 1.44893
5430001 1.44128
5440001 1.45395
5450001 1.44771
5460001 1.42956
5470001 1.44804
5480001 1.4404
5490001 1.42903
5500001 1.44108
5510001 1.43791
5520001 1.44537
5530001 1.45085
5540001 1.44358
5550001 1.4423
5560001 1.44695
5570001 1.44666
5580001 1.43803
5590001 1.45385
5600001 1.4476
5610001 1.44024
5620001 1.4473
5630001 1.45067
5640001 1.44215
5650001 1.45131
5660001 1.45093
5670001 1.4435
5680001 1.44914
5690001 1.44579
5700001 1.45318
5710001 1.45181
5720001 1.43409
5730001 1.45131
5740001 1.45175
5750001 1.42889
5760001 1.44795
5770001 1.46079
5780001 1.42986
5790001 1.45096
5800001 1.46965
5810001 1.43229
5820001 1.45807
5830001 1.47027
5840001 1.43249
5850001 1.45623
5860001 1.47041
5870001 1.43721
5880001 1.45546
5890001 1.46879
5900001 1.42993
5910001 1.45538
5920001 1.46775
5930001 1.43394
5940001 1.4507
5950001 1.46582
5960001 1.42961
5970001 1.45141
5980001 1.46295
5990001 1.44384
6000001 1.45851
6010001 1.45234
6020001 1.44575
6030001 1.45996
6040001 1.45219
6050001 1.43418
6060001 1.45351
6070001 1.44519
6080001 1.43361
6090001 1.45259
6100001 1.44246
6110001 1.44974
6120001 1.45546
6130001 1.4482
6140001 1.44681
6150001 1.45153
6160001 1.45342
6170001 1.44305
6180001 1.45874
6190001 1.4521
6200001 1.44427
6210001 1.45352
6220001 1.45498
6230001 1.44674
6240001 1.4558
6250001 1.45419
6260001 1.44734
6270001 1.46173
6280001 1.45002
6290001 1.45705
6300001 1.45626
6310001 1.43826
6320001 1.45594
6330001 1.45583
6340001 1.43936
6350001 1.45222
6360001 1.46533
6370001 1.43443
6380001 1.46478
6390001 1.47423
6400001 1.43649
6410001 1.4627
6420001 1.47477
6430001 1.44701
6440001 1.4606
6450001 1.47464
6460001 1.44218
6470001 1.45947
6480001 1.47389
6490001 1.43499
6500001 1.45991
6510001 1.47058
6520001 1.43802
6530001 1.45522
6540001 1.47053
6550001 1.43285
6560001 1.45689
6570001 1.46672
6580001 1.44831
6590001 1.46285
6600001 1.45684
6610001 1.44895
6620001 1.46443
6630001 1.45665
6640001 1.44038
6650001 1.45814
6660001 1.44899
6670001 1.43776
6680001 1.45678
6690001 1.44644
6700001 1.4536
6710001 1.45966
6720001 1.45244
6730001 1.45466
6740001 1.46671
6750001 1.45904
6760001 1.44706
6770001 1.46272
6780001 1.45543
6790001 1.45062
6800001 1.45712
6810001 1.45923
6820001 1.45181
6830001 1.46009
6840001 1.45868
6850001 1.4523
6860001 1.46758
6870001 1.45187
6880001 1.46124
6890001 1.46005
6900001 1.44348
6910001 1.46351
6920001 1.46024
6930001 1.44374
6940001 1.45666
6950001 1.4697
6960001 1.43987
6970001 1.46867
6980001 1.478
6990001 1.44089
7000001 1.46684
7010001 1.47911
7020001 1.45211
7030001 1.46696
7040001 1.47896
7050001 1.44536
7060001 1.4636
7070001 1.47826
7080001 1.44033
7090001 1.46715
7100001 1.47448
7110001 1.44464
7120001 1.45957
7130001 1.47424
7140001 1.43948
7150001 1.46471
7160001 1.47016
7170001 1.45252
7180001 1.4673
7190001 1.46247
7200001 1.45337
7210001 1.46667
7220001 1.46097
7230001 1.44434
7240001 1.46248
7250001 1.45407
7260001 1.44219
7270001 1.46089
7280001 1.4516
7290001 1.45815
7300001 1.46382
7310001 1.45952
7320001 1.45795
7330001 1.47099
7340001 1.46319
7350001 1.45475
7360001 1.47019
7370001 1.45919
7380001 1.4548
7390001 1.46725
7400001 1.4631
7410001 1.45587
7420001 1.46501
7430001 1.46309
7440001 1.45694
7450001 1.47188
7460001 1.45546
7470001 1.46546
7480001 1.46437
7490001 1.44733
7500001 1.46777
7510001 1.46805
7520001 1.448
7530001 1.46093
7540001 1.47389
7550001 1.4443
7560001 1.47286
7570001 1.48293
7580001 1.44765
7590001 1.47081
7600001 1.48405
7610001 1.45584
7620001 1.47186
7630001 1.48466
7640001 1.44931
7650001 1.46783
7660001 1.48337
7670001 1.45255
7680001 1.47021
7690001 1.48085
7700001 1.44863
7710001 1.46373
7720001 1.47836
7730001 1.44398
7740001 1.46946
7750001 1.47455
7760001 1.45647
7770001 1.47242
7780001 1.46772
7790001 1.45696
7800001 1.47037
7810001 1.46456
7820001 1.45031
7830001 1.46645
7840001 1.46
7850001 1.44902
7860001 1.46507
7870001 1.45583
7880001 1.46215
7890001 1.46704
7900001 1.46352
7910001 1.46052
7920001 1.47464
7930001 1.46667
7940001 1.45889
7950001 1.47579
7960001 1.4623
7970001 1.45899
7980001 1.47075
7990001 1.46708
8000001 1.45981
8010001 1.47356
8020001 1.46703
8030001 1.4645
8040001 1.47598
8050001 1.45748
8060001 1.46902
8070001 1.46772
8080001 1.4511
8090001 1.47051
8100001 1.47202
8110001 1.45217
8120001 1.46448
8130001 1.47699
8140001 1.4484
8150001 1.47617
8160001 1.48906
8170001 1.45467
8180001 1.47465
8190001 1.49389
8200001 1.45944
8210001 1.47589
8220001 1.48811
8230001 1.45324
8240001 1.47276
8250001 1.4871
8260001 1.45634
8270001 1.47416
8280001 1.48491
8290001 1.4522
8300001 1.46778
8310001 1.48241
8320001 1.44794
8330001 1.47786
8340001 1.47846
8350001 1.46012
8360001 1.47557
8370001 1.47175
8380001 1.46075
8390001 1.47444
8400001 1.46818
8410001 1.45366
8420001 1.46925
8430001 1.46543
8440001 1.46472
8450001 1.46933
8460001 1.45982
8470001 1.4681
8480001 1.47129
8490001 1.46657
8500001 1.46381
8510001 1.47756
8520001 1.46951
8530001 1.46235
8540001 1.48024
8550001 1.46553
8560001 1.46351
8570001 1.47577
8580001 1.4698
8590001 1.4639
8600001 1.47706
8610001 1.47083
8620001 1.47292
8630001 1.47974
8640001 1.46228
8650001 1.47282
8660001 1.47067
8670001 1.45501
8680001 1.47534
8690001 1.4771
8700001 1.45531
8710001 1.46892
8720001 1.48192
8730001 1.45929
8740001 1.47996
8750001 1.49448
8760001 1.45826
8770001 1.47858
8780001 1.49722
8790001 1.46327
8800001 1.4798
8810001 1.49194
8820001 1.45568
8830001 1.48093
8840001 1.49073
8850001 1.46109
8860001 1.47802
8870001 1.48851
8880001 1.45571
8890001 1.47081
8900001 1.48524
8910001 1.45956
8920001 1.48181
8930001 1.48221
8940001 1.46368
8950001 1.48011
8960001 1.4745
8970001 1.46478
8980001 1.47872
8990001 1.47163
9000001 1.45726
9010001 1.47299
9020001 1.46816
9030001 1.46886
9040001 1.47302
9050001 1.46392
9060001 1.47008
9070001 1.47437
9080001 1.47036
9090001 1.46821
9100001 1.48106
9110001 1.47594
9120001 1.46625
9130001 1.4836
9140001 1.46922
9150001 1.46833
9160001 1.48106
9170001 1.47684
9180001 1.46777
9190001 1.47985
9200001 1.47419
9210001 1.47659
9220001 1.48266
9230001 1.4658
9240001 1.47384
9250001 1.48148
9260001 1.45835
9270001 1.47911
9280001 1.48072
9290001 1.45872
9300001 1.47647
9310001 1.49852
9320001 1.46301
9330001 1.48399
9340001 1.49811
9350001 1.46124
9360001 1.48563
9370001 1.50102
9380001 1.46678
9390001 1.48215
9400001 1.49695
9410001 1.46231
9420001 1.48466
9430001 1.49441
9440001 1.46512
9450001 1.48169
9460001 1.49575
9470001 1.45956
9480001 1.47481
9490001 1.48817
9500001 1.46323
9510001 1.48557
9520001 1.48567
9530001 1.46727
9540001 1.48395
9550001 1.47801
9560001 1.46647
9570001 1.48208
9580001 1.47542
9590001 1.4603
9600001 1.4752
9610001 1.47168
9620001 1.47242
9630001 1.47636
9640001 1.4666
9650001 1.4767
9660001 1.47742
9670001 1.47409
9680001 1.47326
9690001 1.48432
9700001 1.48216
9710001 1.47004
9720001 1.48667
9730001 1.47228
9740001 1.47171
9750001 1.48408
9760001 1.48054
9770001 1.47123
9780001 1.48232
9790001 1.47716
9800001 1.48035
9810001 1.4863
9820001 1.46934
9830001 1.4774
9840001 1.48599
9850001 1.46198
9860001 1.48225
9870001 1.48884
9880001 1.46437
9890001 1.47971
9900001 1.50206
9910001 1.46665
9920001 1.48768
9930001 1.50162
9940001 1.46395
9950001 1.48764
9960001 1.50431
9970001 1.47049
9980001 1.48578
9990001 1.50048
10000001 1.46581
10010001 1.48819
10020001 1.49759
10030001 1.46847
10040001 1.48514
10050001 1.49928
10060001 1.46206
10070001 1.47797
10080001 1.49151
10090001 1.46646
10100001 1.48909
10110001 1.48899
10120001 1.47081
10130001 1.48937
10140001 1.48125
10150001 1.46757
10160001 1.48672
10170001 1.47864
10180001 1.46382
10190001 1.47939
10200001 1.475
10210001 1.48252
10220001 1.47925
10230001 1.47024
10240001 1.48002
10250001 1.4811
10260001 1.48319
10270001 1.47802
10280001 1.48786
10290001 1.48573
10300001 1.47537
10310001 1.48807
10320001 1.47546
10330001 1.47716
10340001 1.48829
10350001 1.48631
10360001 1.47461
10370001 1.48673
10380001 1.48082
10390001 1.48645
10400001 1.48936
10410001 1.47387
10420001 1.48276
10430001 1.4888
10440001 1.4654
10450001 1.48493
10460001 1.49808
10470001 1.46794
10480001 1.48679
10490001 1.50518
10500001 1.47004
10510001 1.49104
10520001 1.5051
10530001 1.46719
10540001 1.49089
10550001 1.5068
10560001 1.47417
10570001 1.48835
10580001 1.504
10590001 1.46923
10600001 1.49171
10610001 1.50166
10620001 1.47107
10630001 1.48841
10640001 1.50299
10650001 1.46517
10660001 1.4816
10670001 1.49502
10680001 1.47379
10690001 1.49367
10700001 1.49136
10710001 1.47996
10720001 1.49279
10730001 1.4848
10740001 1.47162
10750001 1.48961
10760001 1.48199
10770001 1.46724
10780001 1.4831
10790001 1.47913
10800001 1.48579
10810001 1.48504
10820001 1.47994
10830001 1.48302
10840001 1.48901
10850001 1.48565
10860001 1.4799
10870001 1.49134
10880001 1.48908
10890001 1.48111
10900001 1.4911
10910001 1.49034
10920001 1.48242
10930001 1.49103
10940001 1.4897
10950001 1.4839
10960001 1.48984
10970001 1.48409
10980001 1.49426
10990001 1.4927
11000001 1.47675
11010001 1.49205
11020001 1.49198
11030001 1.46966
11040001 1.48831
11050001 1.50159
11060001 1.47072
11070001 1.48995
11080001 1.50872
11090001 1.47157
11100001 1.49445
11110001 1.50854
11120001 1.47013
11130001 1.4967
11140001 1.51015
11150001 1.47728
11160001 1.49112
11170001 1.50719
11180001 1.47244
11190001 1.49509
11200001 1.50396
11210001 1.47418
11220001 1.49151
11230001 1.50626
11240001 1.46843
11250001 1.48462
11260001 1.50274
11270001 1.48154
11280001 1.49836
11290001 1.4942
11300001 1.48292
11310001 1.49805
11320001 1.48715
11330001 1.47487
11340001 1.49266
11350001 1.48494
11360001 1.47044
11370001 1.4855
11380001 1.48218
11390001 1.4885
11400001 1.49344
11410001 1.48363
11420001 1.48707
11430001 1.49253
11440001 1.48829
11450001 1.48273
11460001 1.49425
11470001 1.49201
11480001 1.48433
11490001 1.49435
11500001 1.49308
11510001 1.48564
11520001 1.49378
11530001 1.49265
11540001 1.4868
11550001 1.49303
11560001 1.48788
11570001 1.49647
11580001 1.49584
11590001 1.47784
11600001 1.49497
11610001 1.49521
11620001 1.47286
11630001 1.49139
11640001 1.50495
11650001 1.47387
11660001 1.49402
11670001 1.51277
11680001 1.47484
11690001 1.50065
11700001 1.51198
11710001 1.4732
11720001 1.49977
11730001 1.51319
11740001 1.48112
11750001 1.49757
11760001 1.51039
11770001 1.47335
11780001 1.49796
11790001 1.50971
11800001 1.47734
11810001 1.4946
11820001 1.50813
11830001 1.47155
11840001 1.49444
11850001 1.50588
11860001 1.48336
11870001 1.50147
11880001 1.49679
11890001 1.48614
11900001 1.50122
11910001 1.4946
11920001 1.4776
11930001 1.49565
11940001 1.48754
11950001 1.47699
11960001 1.48821
11970001 1.48766
11980001 1.49121
11990001 1.49641
12000001 1.48676
12010001 1.48934
12020001 1.49423
12030001 1.49365
12040001 1.48531
12050001 1.50041
12060001 1.4945
12070001 1.48702
12080001 1.4943
12090001 1.49607
12100001 1.48882
12110001 1.49783
12120001 1.49764
12130001 1.48995
12140001 1.49569
12150001 1.49094
12160001 1.4993
12170001 1.49787
12180001 1.4814
12190001 1.49814
12200001 1.49806
12210001 1.47564
12220001 1.49452
12230001 1.50679
12240001 1.47673
12250001 1.49711
12260001 1.51561
12270001 1.47776
12280001 1.5031
12290001 1.51512
12300001 1.47603
12310001 1.50272
12320001 1.51613
12330001 1.48358
12340001 1.50067
12350001 1.51328
12360001 1.47628
12370001 1.50103
12380001 1.51282
12390001 1.4804
12400001 1.49749
12410001 1.51069
12420001 1.47418
12430001 1.49749
12440001 1.5087
12450001 1.48888
12460001 1.50459
12470001 1.49869
12480001 1.48918
12490001 1.50398
12500001 1.49768
12510001 1.48011
12520001 1.498
12530001 1.49051
12540001 1.47971
12550001 1.49114
12560001 1.48799
12570001 1.49421
12580001 1.50061
12590001 1.49184
12600001 1.49096
12610001 1.49672
12620001 1.49696
12630001 1.4881
12640001 1.50326
12650001 1.4974
12660001 1.4902
12670001 1.49709
12680001 1.50037
12690001 1.49181
12700001 1.50068
12710001 1.50016
12720001 1.49305
12730001 1.4986
12740001 1.49519
12750001 1.50238
12760001 1.50101
12770001 1.48373
12780001 1.50039
12790001 1.50078
12800001 1.47863
12810001 1.49743
12820001 1.50951
12830001 1.47973
12840001 1.5
12850001 1.51801
12860001 1.48076
12870001 1.50671
12880001 1.51906
12890001 1.47873
12900001 1.505
12910001 1.5185
12920001 1.48661
12930001 1.50407
12940001 1.51697
12950001 1.47921
12960001 1.50412
12970001 1.51561
12980001 1.48328
12990001 1.49968
13000001 1.51448
13010001 1.47879
13020001 1.49982
13030001 1.51134
13040001 1.49251
13050001 1.50663
13060001 1.501
13070001 1.49463
13080001 1.5081
13090001 1.50071
13100001 1.48309
13110001 1.5018
13120001 1.49351
13130001 1.48261
13140001 1.50072
13150001 1.491
13160001 1.49797
13170001 1.50335
13180001 1.49623
13190001 1.49501
13200001 1.4996
13210001 1.50127
13220001 1.49099
13230001 1.50612
13240001 1.50002
13250001 1.49296
13260001 1.49962
13270001 1.50259
13280001 1.49454
13290001 1.50334
13300001 1.50184
13310001 1.49521
13320001 1.5071
13330001 1.49782
13340001 1.50427
13350001 1.50382
13360001 1.48714
13370001 1.50323
13380001 1.50342
13390001 1.48164
13400001 1.49977
13410001 1.5123
13420001 1.48269
13430001 1.50232
13440001 1.52121
13450001 1.48472
13460001 1.50956
13470001 1.52241
13480001 1.48477
13490001 1.50761
13500001 1.52118
13510001 1.48971
13520001 1.50642
13530001 1.5187
13540001 1.48221
13550001 1.50681
13560001 1.51698
13570001 1.48555
13580001 1.50218
13590001 1.5167
13600001 1.48149
13610001 1.50275
13620001 1.5135
13630001 1.49536
13640001 1.50941
13650001 1.50347
13660001 1.4968
13670001 1.5108
13680001 1.50316
13690001 1.48777
13700001 1.50451
13710001 1.49608
13720001 1.48519
13730001 1.50348
13740001 1.49306
13750001 1.50019
13760001 1.50614
13770001 1.49905
13780001 1.50126
13790001 1.50857
13800001 1.5055
13810001 1.49373
13820001 1.50903
13830001 1.50227
13840001 1.49688
13850001 1.50336
13860001 1.50531
13870001 1.49731
13880001 1.50576
13890001 1.50455
13900001 1.4979
13910001 1.51105
13920001 1.50021
13930001 1.50711
13940001 1.50581
13950001 1.48901
13960001 1.50828
13970001 1.50586
13980001 1.48999
13990001 1.50231
14000001 1.51489
14010001 1.48514
14020001 1.51425
14030001 1.52359
14040001 1.48705
14050001 1.51221
14060001 1.52398
14070001 1.49706
14080001 1.51074
14090001 1.52381
14100001 1.49126
14110001 1.50892
14120001 1.52296
14130001 1.48632
14140001 1.51296
14150001 1.51941
14160001 1.49028
14170001 1.50479
14180001 1.51927
14190001 1.48541
14200001 1.5058
14210001 1.51552
14220001 1.49789
14230001 1.512
14240001 1.50602
14250001 1.49833
14260001 1.51343
14270001 1.50585
14280001 1.48999
14290001 1.50726
14300001 1.49796
14310001 1.48745
14320001 1.50573
14330001 1.49649
14340001 1.50269
14350001 1.50847
14360001 1.50142
14370001 1.50363
14380001 1.51531
14390001 1.50771
14400001 1.49618
14410001 1.51084
14420001 1.50372
14430001 1.49963
14440001 1.50536
14450001 1.50762
14460001 1.50066
14470001 1.50864
14480001 1.50812
14490001 1.50136
14500001 1.51588
14510001 1.49987
14520001 1.50947
14530001 1.50843
14540001 1.49198
14550001 1.51171
14560001 1.51196
14570001 1.49257
14580001 1.50519
14590001 1.51755
14600001 1.48878
14610001 1.51651
14620001 1.52557
14630001 1.48956
14640001 1.51427
14650001 1.5273
14660001 1.49992
14670001 1.51542
14680001 1.52627
14690001 1.49358
14700001 1.51138
14710001 1.52642
14720001 1.49627
14730001 1.51469
14740001 1.52397
14750001 1.49274
14760001 1.50677
14770001 1.52143
14780001 1.48839
14790001 1.51216
14800001 1.51757
14810001 1.50007
14820001 1.51466
14830001 1.51099
14840001 1.50069
14850001 1.51405
14860001 1.50779
14870001 1.49421
14880001 1.50981
14890001 1.50119
14900001 1.49013
14910001 1.50822
14920001 1.49914
14930001 1.50529
14940001 1.51013
14950001 1.50675
14960001 1.50441
14970001 1.51744
14980001 1.50968
14990001 1.50204
15000001 1.51839
15010001 1.50621
15020001 1.50197
15030001 1.51381
15040001 1.50995
15050001 1.50273
15060001 1.5143
15070001 1.5098
15080001 1.50386
15090001 1.51834
15100001 1.50233
15110001 1.51163
15120001 1.51101
15130001 1.49433
15140001 1.51382
15150001 1.51449
15160001 1.49503
15170001 1.50756
15180001 1.51933
15190001 1.4913
15200001 1.51841
15210001 1.5309
15220001 1.49451
15230001 1.51686
15240001 1.52963
15250001 1.50211
15260001 1.51775
15270001 1.52985
15280001 1.49596
15290001 1.51352
15300001 1.52896
15310001 1.49904
15320001 1.51606
15330001 1.52642
15340001 1.49512
15350001 1.50993
15360001 1.52384
15370001 1.4905
15380001 1.51945
15390001 1.52019
15400001 1.50246
15410001 1.51716
15420001 1.51343
15430001 1.5028
15440001 1.51597
15450001 1.5099
15460001 1.49598
15470001 1.51204
15480001 1.50573
15490001 1.49499
15500001 1.51067
15510001 1.50144
15520001 1.51023
15530001 1.51269
15540001 1.50815
15550001 1.50589
15560001 1.51981
15570001 1.5111
15580001 1.50436
15590001 1.52073
15600001 1.50721
15610001 1.50438
15620001 1.51661
15630001 1.51191
15640001 1.50517
15650001 1.51839
15660001 1.51201
15670001 1.51267
15680001 1.52054
15690001 1.50314
15700001 1.51387
15710001 1.51231
15720001 1.49634
15730001 1.51525
15740001 1.51659
15750001 1.4968
15760001 1.50973
15770001 1.52155
15780001 1.49622
15790001 1.52066
15800001 1.53459
15810001 1.49959
15820001 1.51916
15830001 1.53772
15840001 1.50423
15850001 1.52014
15860001 1.53194
15870001 1.49665
15880001 1.52129
15890001 1.53094
15900001 1.5018
15910001 1.51811
15920001 1.52873
15930001 1.49662
15940001 1.51135
15950001 1.52619
15960001 1.50001
15970001 1.52185
15980001 1.52235
15990001 1.50444
16000001 1.52035
16010001 1.51585
16020001 1.50519
16030001 1.51836
16040001 1.512
16050001 1.49797
16060001 1.51305
16070001 1.50859
16080001 1.50909
16090001 1.51303
16100001 1.50431
16110001 1.51181
16120001 1.5145
16130001 1.51065
16140001 1.50858
16150001 1.52046
16160001 1.51574
16170001 1.50629
16180001 1.52346
16190001 1.50927
16200001 1.50718
16210001 1.52145
16220001 1.51335
16230001 1.50763
16240001 1.51985
16250001 1.51422
16260001 1.51616
16270001 1.52244
16280001 1.50559
16290001 1.51523
16300001 1.52094
16310001 1.49879
16320001 1.51844
16330001 1.52017
16340001 1.49871
16350001 1.51307
16360001 1.53221
16370001 1.5027
16380001 1.52252
16390001 1.53681
16400001 1.50096
16410001 1.52132
16420001 1.53946
16430001 1.50613
16440001 1.52233
16450001 1.53367
16460001 1.4989
16470001 1.5235
16480001 1.53307
16490001 1.50406
16500001 1.52045
16510001 1.53502
16520001 1.4988
16530001 1.51331
16540001 1.52712
16550001 1.50229
16560001 1.52406
16570001 1.52417
16580001 1.50637
16590001 1.52231
16600001 1.51645
16610001 1.50611
16620001 1.52051
16630001 1.51396
16640001 1.49918
16650001 1.51392
16660001 1.51023
16670001 1.51077
16680001 1.51457
16690001 1.50612
16700001 1.51525
16710001 1.51603
16720001 1.51235
16730001 1.5115
16740001 1.52254
16750001 1.52002
16760001 1.50838
16770001 1.52496
16780001 1.51049
16790001 1.50975
16800001 1.52234
16810001 1.51777
16820001 1.5094
16830001 1.51988
16840001 1.51552
16850001 1.51786
16860001 1.5237
16870001 1.50713
16880001 1.51505
16890001 1.52341
16900001 1.49984
16910001 1.51977
16920001 1.52071
16930001 1.49975
16940001 1.51713
16950001 1.53888
16960001 1.50417
16970001 1.52464
16980001 1.53846
16990001 1.50195
17000001 1.52616
17010001 1.54106
17020001 1.50776
17030001 1.52259
17040001 1.53704
17050001 1.50327
17060001 1.52491
17070001 1.53413
17080001 1.50566
17090001 1.52182
17100001 1.53568
17110001 1.50041
17120001 1.51465
17130001 1.52812
17140001 1.5036
17150001 1.52539
17160001 1.52523
17170001 1.50754
17180001 1.52365
17190001 1.51765
17200001 1.5039
17210001 1.52187
17220001 1.51499
17230001 1.50056
17240001 1.51485
17250001 1.51151
17260001 1.51355
17270001 1.51553
17280001 1.50651
17290001 1.5161
17300001 1.51686
17310001 1.51905
17320001 1.5128
17330001 1.52363
17340001 1.52145
17350001 1.50963
17360001 1.52543
17370001 1.51159
17380001 1.51104
17390001 1.52422
17400001 1.51955
17410001 1.51052
17420001 1.52564
17430001 1.51601
17440001 1.51925
17450001 1.52493
17460001 1.51005
17470001 1.51836
17480001 1.52409
17490001 1.50109
17500001 1.5208
17510001 1.53303
17520001 1.50344
17530001 1.51955
17540001 1.53976
17550001 1.50545
17560001 1.52599
17570001 1.53951
17580001 1.5027
17590001 1.52581
17600001 1.5412
17610001 1.50898
17620001 1.52312
17630001 1.53812
17640001 1.50427
17650001 1.52613
17660001 1.53574
17670001 1.50436
17680001 1.52285
17690001 1.53706
17700001 1.50033
17710001 1.51596
17720001 1.52903
17730001 1.50794
17740001 1.52652
17750001 1.52638
17760001 1.50898
17770001 1.52677
17780001 1.51877
17790001 1.50734
17800001 1.52405
17810001 1.51605
17820001 1.50152
17830001 1.51667
17840001 1.513
17850001 1.51956
17860001 1.51635
17870001 1.50756
17880001 1.51691
17890001 1.51809
17900001 1.51984
17910001 1.51487
17920001 1.52462
17930001 1.52235
17940001 1.51106
17950001 1.52461
17960001 1.5239
17970001 1.51392
17980001 1.52455
17990001 1.5226
18000001 1.51718
18010001 1.52284
18020001 1.51721
18030001 1.52273
18040001 1.5257
18050001 1.50984
18060001 1.52375
18070001 1.52472
18080001 1.50196
18090001 1.52103
18100001 1.53368
18110001 1.50423
18120001 1.52266
18130001 1.54053
18140001 1.50458
18150001 1.52679
18160001 1.54037
18170001 1.50312
18180001 1.52785
18190001 1.54186
18200001 1.50998
18210001 1.52351
18220001 1.53909
18230001 1.50506
18240001 1.52693
18250001 1.53579
18260001 1.50659
18270001 1.52338
18280001 1.53782
18290001 1.5007
18300001 1.5167
18310001 1.53027
18320001 1.51338
18330001 1.52984
18340001 1.52584
18350001 1.51493
18360001 1.52747
18370001 1.51959
18380001 1.50669
18390001 1.52402
18400001 1.5164
18410001 1.50267
18420001 1.51712
18430001 1.51371
18440001 1.51976
18450001 1.52009
18460001 1.51441
18470001 1.51729
18480001 1.52333
18490001 1.51921
18500001 1.51403
18510001 1.52516
18520001 1.52306
18530001 1.51523
18540001 1.52498
18550001 1.524
18560001 1.51646
18570001 1.52466
18580001 1.52332
18590001 1.51779
18600001 1.52363
18610001 1.51772
18620001 1.52787
18630001 1.52626
18640001 1.51029
18650001 1.52536
18660001 1.52552
18670001 1.50345
18680001 1.52147
18690001 1.53514
18700001 1.50439
18710001 1.52399
18720001 1.54119
18730001 1.50514
18740001 1.53076
18750001 1.54106
18760001 1.50345
18770001 1.52942
18780001 1.54251
18790001 1.51045
18800001 1.52716
18810001 1.53969
18820001 1.50333
18830001 1.52767
18840001 1.53843
18850001 1.50715
18860001 1.52409
18870001 1.53782
18880001 1.50138
18890001 1.51953
18900001 1.53485
18910001 1.5133
18920001 1.53056
18930001 1.52636
18940001 1.51536
18950001 1.53019
18960001 1.52359
18970001 1.50732
18980001 1.52456
18990001 1.51645
19000001 1.50663
19010001 1.51706
19020001 1.51578
19030001 1.52015
19040001 1.52506
19050001 1.51549
19060001 1.5189
19070001 1.52407
19080001 1.52092
19090001 1.51414
19100001 1.52396
19110001 1.52297
19120001 1.51595
19130001 1.52296
19140001 1.5242
19150001 1.51717
19160001 1.52613
19170001 1.52576
19180001 1.51811
19190001 1.52364
19200001 1.51892
19210001 1.52746
19220001 1.52606
19230001 1.50892
19240001 1.52586
19250001 1.52597
19260001 1.50388
19270001 1.52218
19280001 1.53553
19290001 1.50481
19300001 1.52477
19310001 1.54278
19320001 1.50559
19330001 1.53112
19340001 1.54213
19350001 1.50381
19360001 1.53004
19370001 1.54312
19380001 1.51174
19390001 1.52771
19400001 1.54047
19410001 1.50398
19420001 1.52813
19430001 1.53956
19440001 1.50773
19450001 1.5246
19460001 1.53744
19470001 1.50203
19480001 1.52438
19490001 1.53559
19500001 1.51344
19510001 1.53116
19520001 1.52643
19530001 1.51597
19540001 1.53079
19550001 1.52431
19560001 1.50727
19570001 1.52464
19580001 1.51694
19590001 1.50686
19600001 1.51775
19610001 1.51452
19620001 1.52064
19630001 1.52677
19640001 1.51806
19650001 1.51722
19660001 1.5233
19670001 1.52183
19680001 1.51453
19690001 1.52937
19700001 1.52331
19710001 1.51643
19720001 1.52311
19730001 1.52607
19740001 1.51769
19750001 1.52646
19760001 1.52584
19770001 1.51881
19780001 1.52437
19790001 1.51959
19800001 1.52781
19810001 1.52629
19820001 1.51038
19830001 1.52647
19840001 1.52625
19850001 1.50431
19860001 1.52293
19870001 1.53477
19880001 1.50528
19890001 1.52528
19900001 1.54337
19910001 1.5062
19920001 1.53156
19930001 1.54269
19940001 1.50423
19950001 1.53042
19960001 1.54363
19970001 1.51161
19980001 1.5283
19990001 1.54161
20000001 1.50445
20010001 1.52874
20020001 1.54008
20030001 1.50824
20040001 1.5248
20050001 1.53723
20060001 1.50379
20070001 1.52474
20080001 1.53572
20090001 1.51626
20100001 1.53157
20110001 1.52625
20120001 1.51911
20130001 1.53093
20140001 1.52482
20150001 1.50758
20160001 1.52508
20170001 1.51761
20180001 1.50695
20190001 1.51826
20200001 1.51512
20210001 1.5222
20220001 1.52739
20230001 1.51857
20240001 1.51918
20250001 1.52341
20260001 1.52297
20270001 1.51469
20280001 1.52981
20290001 1.52374
20300001 1.51675
20310001 1.52333
20320001 1.52635
20330001 1.51833
20340001 1.52691
20350001 1.52643
20360001 1.51935
20370001 1.52466
20380001 1.5214
20390001 1.52837
20400001 1.52702
20410001 1.51004
20420001 1.52643
20430001 1.52678
20440001 1.50493
20450001 1.52301
20460001 1.5352
20470001 1.50564
20480001 1.52566
20490001 1.54342
20500001 1.50783
20510001 1.53222
20520001 1.54374
20530001 1.50772
20540001 1.53032
20550001 1.5437
20560001 1.51206
20570001 1.52935
20580001 1.54193
20590001 1.50493
20600001 1.52911
20610001 1.54078
20620001 1.50857
20630001 1.52441
20640001 1.53881
20650001 1.50424
20660001 1.52493
20670001 1.53575
20680001 1.51759
20690001 1.53151
20700001 1.52576
20710001 1.51922
20720001 1.53271
20730001 1.52513
20740001 1.50801
20750001 1.52644
20760001 1.5182
20770001 1.50734
20780001 1.52526
20790001 1.51544
20800001 1.5224
20810001 1.5278
20820001 1.52067
20830001 1.5193
20840001 1.52388
20850001 1.52548
20860001 1.51562
20870001 1.5305
20880001 1.52414
20890001 1.51656
20900001 1.5253
20910001 1.52656
20920001 1.51875
20930001 1.52732
20940001 1.52563
20950001 1.51908
20960001 1.53279
20970001 1.52151
20980001 1.52797
20990001 1.52732
21000001 1.51004
21010001 1.5269
21020001 1.52673
21030001 1.51094
21040001 1.52316
21050001 1.53562
21060001 1.50602
21070001 1.53493
21080001 1.54416
21090001 1.50831
21100001 1.53288
21110001 1.54419
21120001 1.51766
21130001 1.53058
21140001 1.54391
21150001 1.51289
21160001 1.52929
21170001 1.54138
21180001 1.50586
21190001 1.52954
21200001 1.53959
21210001 1.50868
21220001 1.52495
21230001 1.53936
21240001 1.50339
21250001 1.5263
21260001 1.53551
21270001 1.51794
21280001 1.53179
21290001 1.52593
21300001 1.51843
21310001 1.53309
21320001 1.5255
21330001 1.50999
21340001 1.52692
21350001 1.51794
21360001 1.50739
21370001 1.52552
21380001 1.51534
21390001 1.52221
21400001 1.52795
21410001 1.52094
21420001 1.52308
21430001 1.53462
21440001 1.527
21450001 1.51554
21460001 1.53048
21470001 1.52377
21480001 1.51876
21490001 1.52512
21500001 1.52676
21510001 1.51868
21520001 1.5276
21530001 1.52608
21540001 1.52001
21550001 1.53457
21560001 1.52023
21570001 1.52827
21580001 1.52719
21590001 1.51118
21600001 1.5303
21610001 1.52718
21620001 1.51134
21630001 1.52358
21640001 1.53598
21650001 1.50737
21660001 1.53489
21670001 1.5437
21680001 1.50819
21690001 1.53295
21700001 1.54458
21710001 1.51903
21720001 1.53287
21730001 1.54426
21740001 1.51208
21750001 1.52927
21760001 1.54339
21770001 1.50713
21780001 1.53312
21790001 1.5396
21800001 1.51103
21810001 1.52522
21820001 1.53958
21830001 1.50602
21840001 1.53002
21850001 1.53503
21860001 1.51822
21870001 1.53224
21880001 1.52759
21890001 1.51877
21900001 1.53151
21910001 1.52586
21920001 1.51013
21930001 1.52728
21940001 1.51791
21950001 1.50771
21960001 1.52557
21970001 1.5165
21980001 1.52278
21990001 1.52817
22000001 1.52391
22010001 1.52356
22020001 1.53486
22030001 1.52727
22040001 1.51915
22050001 1.5341
22060001 1.52321
22070001 1.51903
22080001 1.53088
22090001 1.52692
22100001 1.52017
22110001 1.52853
22120001 1.52657
22130001 1.52071
22140001 1.53498
22150001 1.51908
22160001 1.52862
22170001 1.52756
22180001 1.51097
22190001 1.53035
22200001 1.5309
22210001 1.51156
22220001 1.52394
22230001 1.53634
22240001 1.50784
22250001 1.53522
22260001 1.54479
22270001 1.50857
22280001 1.53312
22290001 1.54568
22300001 1.51861
22310001 1.53394
22320001 1.54657
22330001 1.51215
22340001 1.52986
22350001 1.54467
22360001 1.51505
22370001 1.53208
22380001 1.54206
22390001 1.51109
22400001 1.52557
22410001 1.53949
22420001 1.50649
22430001 1.53087
22440001 1.53558
22450001 1.51827
22460001 1.53267
22470001 1.52886
22480001 1.51854
22490001 1.53137
22500001 1.52564
22510001 1.51204
22520001 1.52743
22530001 1.52104
22540001 1.51055
22550001 1.526
22560001 1.51693
22570001 1.52296
22580001 1.5276
22590001 1.52428
22600001 1.52151
22610001 1.53472
22620001 1.52695
22630001 1.51948
22640001 1.53565
22650001 1.52253
22660001 1.51936
22670001 1.53063
22680001 1.52707
22690001 1.51997
22700001 1.53313
22710001 1.52678
22720001 1.52426
22730001 1.5353
22740001 1.51746
22750001 1.52842
22760001 1.52744
22770001 1.51111
22780001 1.53039
22790001 1.53119
22800001 1.51193
22810001 1.5239
22820001 1.53571
22830001 1.50815
22840001 1.53477
22850001 1.54719
22860001 1.51388
22870001 1.5332
22880001 1.5516
22890001 1.51842
22900001 1.53414
22910001 1.5459
22920001 1.51233
22930001 1.53107
22940001 1.54466
22950001 1.51506
22960001 1.53214
22970001 1.5424
22980001 1.51096
22990001 1.52598
23000001 1.53981
23010001 1.5066
23020001 1.53538
23030001 1.53579
23040001 1.51816
23050001 1.53298
23060001 1.52917
23070001 1.51856
23080001 1.53176
23090001 1.52564
23100001 1.5116
23110001 1.52656
23120001 1.52267
23130001 1.52213
23140001 1.52602
23150001 1.51714
23160001 1.52534
23170001 1.52819
23180001 1.52346
23190001 1.52081
23200001 1.53426
23210001 1.52614
23220001 1.51928
23230001 1.5364
23240001 1.52214
23250001 1.52015
23260001 1.53188
23270001 1.52603
23280001 1.52032
23290001 1.53295
23300001 1.52694
23310001 1.52738
23320001 1.53538
23330001 1.51842
23340001 1.52856
23350001 1.52649
23360001 1.51126
23370001 1.53083
23380001 1.5325
23390001 1.5114
23400001 1.52447
23410001 1.53705
23420001 1.51503
23430001 1.53509
23440001 1.54883
23450001 1.51388
23460001 1.53345
23470001 1.55135
23480001 1.51853
23490001 1.53443
23500001 1.54607
23510001 1.51104
23520001 1.53549
23530001 1.54483
23540001 1.51609
23550001 1.53236
23560001 1.5424
23570001 1.51076
23580001 1.52526
23590001 1.54009
23600001 1.51428
23610001 1.53572
23620001 1.53592
23630001 1.51813
23640001 1.53408
23650001 1.52938
23660001 1.51898
23670001 1.53201
23680001 1.52543
23690001 1.51156
23700001 1.52682
23710001 1.52191
23720001 1.5226
23730001 1.52652
23740001 1.51761
23750001 1.52359
23760001 1.52767
23770001 1.52357
23780001 1.5217
23790001 1.53392
23800001 1.52883
23810001 1.51952
23820001 1.53623
23830001 1.5223
23840001 1.52137
23850001 1.53408
23860001 1.52935
23870001 1.52064
23880001 1.53241
23890001 1.5267
23900001 1.52895
23910001 1.53482
23920001 1.51842
23930001 1.52609
23940001 1.5335
23950001 1.51101
23960001 1.53103
23970001 1.53257
23980001 1.51135
23990001 1.52833
24000001 1.54959
24010001 1.51517
24020001 1.53492
24030001 1.54898
24040001 1.51337
24050001 1.5335
24060001 1.55164
24070001 1.5185
24080001 1.53345
24090001 1.54757
24100001 1.51401
24110001 1.53557
24120001 1.54493
24130001 1.51659
24140001 1.53256
24150001 1.54697
24160001 1.51101
24170001 1.52542
24180001 1.53872
24190001 1.51438
24200001 1.53596
24210001 1.5359
24220001 1.51815
24230001 1.53422
24240001 1.52832
24250001 1.51723
24260001 1.53224
24270001 1.52567
24280001 1.51108
24290001 1.52566
24300001 1.52193
24310001 1.52269
24320001 1.52636
24330001 1.51677
24340001 1.52656
24350001 1.52725
24360001 1.52394
24370001 1.52308
24380001 1.53372
24390001 1.5315
24400001 1.51983
24410001 1.53585
24420001 1.52174
24430001 1.5212
24440001 1.53326
24450001 1.52945
24460001 1.52065
24470001 1.53128
24480001 1.52617
24490001 1.52922
24500001 1.53497
24510001 1.51847
24520001 1.52621
24530001 1.53452
24540001 1.51116
24550001 1.53086
24560001 1.53197
24570001 1.51329
24580001 1.52814
24590001 1.54974
24600001 1.51536
24610001 1.53567
24620001 1.54913
24630001 1.51267
24640001 1.53706
24650001 1.55162
24660001 1.51876
24670001 1.53352
24680001 1.54769
24690001 1.51408
24700001 1.53572
24710001 1.54474
24720001 1.51655
24730001 1.53258
24740001 1.54632
24750001 1.51125
24760001 1.52548
24770001 1.53873
24780001 1.51419
24790001 1.5361
24800001 1.53583
24810001 1.51824
24820001 1.53406
24830001 1.52819
24840001 1.51493
24850001 1.53285
24860001 1.52548
24870001 1.51094
24880001 1.5262
24890001 1.52184
24900001 1.52401
24910001 1.52592
24920001 1.51701
24930001 1.52653
24940001 1.52751
24950001 1.52943
24960001 1.52444
24970001 1.53389
24980001 1.53169
24990001 1.51998
25000001 1.53393
25010001 1.52155
25020001 1.52326
25030001 1.53406
25040001 1.53191
25050001 1.52067
25060001 1.53565
25070001 1.52644
25080001 1.5319
25090001 1.5347
25100001 1.51965
25110001 1.5282
25120001 1.53399
25130001 1.51123
25140001 1.53052
25150001 1.54285
25160001 1.51358
25170001 1.5319
25180001 1.54955
25190001 1.51539
25200001 1.53589
25210001 1.54928
25220001 1.51246
25230001 1.53543
25240001 1.5508
25250001 1.51891
25260001 1.53282
25270001 1.54788
25280001 1.51412
25290001 1.53591
25300001 1.54547
25310001 1.51582
25320001 1.53253
25330001 1.5467
25340001 1.50985
25350001 1.52579
25360001 1.53873
25370001 1.51809
25380001 1.53735
25390001 1.53509
25400001 1.52397
25410001 1.53636
25420001 1.52841
25430001 1.51564
25440001 1.53313
25450001 1.52559
25460001 1.51123
25470001 1.52665
25480001 1.52263
25490001 1.52916
25500001 1.52832
25510001 1.52323
25520001 1.52649
25530001 1.53202
25540001 1.52865
25550001 1.52304
25560001 1.53414
25570001 1.5318
25580001 1.52067
25590001 1.53387
25600001 1.53315
25610001 1.52517
25620001 1.5337
25630001 1.53206
25640001 1.52651
25650001 1.53224
25660001 1.5265
25670001 1.5365
25680001 1.53489
25690001 1.51926
25700001 1.5331
25710001 1.53394
25720001 1.51213
25730001 1.53024
25740001 1.54288
25750001 1.51302
25760001 1.53172
25770001 1.54987
25780001 1.5137
25790001 1.53593
25800001 1.54947
25810001 1.51213
25820001 1.53846
25830001 1.55097
25840001 1.51914
25850001 1.53268
25860001 1.54792
25870001 1.51398
25880001 1.53608
25890001 1.5447
25900001 1.51565
25910001 1.53245
25920001 1.54676
25930001 1.50987
25940001 1.5257
25950001 1.54313
25960001 1.52249
25970001 1.53882
25980001 1.53462
25990001 1.52372
26000001 1.53839
26010001 1.52761
26020001 1.51576
26030001 1.53295
26040001 1.52529
26050001 1.51131
26060001 1.52587
26070001 1.52261
26080001 1.52864
26090001 1.52876
26100001 1.52348
26110001 1.52603
26120001 1.53239
26130001 1.52811
26140001 1.52273
26150001 1.53397
26160001 1.53159
26170001 1.52414
26180001 1.53384
26190001 1.53246
26200001 1.52523
26210001 1.5331
26220001 1.53188
26230001 1.52624
26240001 1.53222
26250001 1.52712
26260001 1.5355
26270001 1.53491
26280001 1.51755
26290001 1.53391
26300001 1.53422
26310001 1.5123
26320001 1.53021
26330001 1.5434
26340001 1.51304
26350001 1.53267
26360001 1.55083
26370001 1.51394
26380001 1.53905
26390001 1.5499
26400001 1.51211
26410001 1.53792
26420001 1.55095
26430001 1.51903
26440001 1.53566
26450001 1.54809
26460001 1.51192
26470001 1.53586
26480001 1.54691
26490001 1.51571
26500001 1.53248
26510001 1.54558
26520001 1.50986
26530001 1.53217
26540001 1.5432
26550001 1.52122
26560001 1.53893
26570001 1.53421
26580001 1.52389
26590001 1.53859
26600001 1.53187
26610001 1.51536
26620001 1.5329
26630001 1.52481
26640001 1.515
26650001 1.52548
26660001 1.52409
26670001 1.52834
26680001 1.53334
26690001 1.52382
26700001 1.52633
26710001 1.53106
26720001 1.53035
26730001 1.5223
26740001 1.53041
26750001 1.53103
26760001 1.52416
26770001 1.53081
26780001 1.53238
26790001 1.52534
26800001 1.53414
26810001 1.5339
26820001 1.52629
26830001 1.53186
26840001 1.52711
26850001 1.53526
26860001 1.53399
26870001 1.51772
26880001 1.53401
26890001 1.53391
26900001 1.51188
26910001 1.53031
26920001 1.54227
26930001 1.51285
26940001 1.53273
26950001 1.55071
26960001 1.51369
26970001 1.53842
26980001 1.55007
26990001 1.51185
27000001 1.53791
27010001 1.55093
27020001 1.51907
27030001 1.5357
27040001 1.54803
27050001 1.51187
27060001 1.536
27070001 1.54743
27080001 1.51571
27090001 1.53237
27100001 1.54518
27110001 1.50944
27120001 1.53221
27130001 1.54304
27140001 1.52168
27150001 1.539
27160001 1.5341
27170001 1.52385
27180001 1.53879
27190001 1.53197
27200001 1.51484
27210001 1.5323
27220001 1.52479
27230001 1.51429
27240001 1.52541
27250001 1.52219
27260001 1.52831
27270001 1.53453
27280001 1.52581
27290001 1.52498
27300001 1.53074
27310001 1.5294
27320001 1.52224
27330001 1.53697
27340001 1.53099
27350001 1.52404
27360001 1.53077
27370001 1.53373
27380001 1.52538
27390001 1.53403
27400001 1.53338
27410001 1.52643
27420001 1.53193
27430001 1.52852
27440001 1.53526
27450001 1.53396
27460001 1.51706
27470001 1.53329
27480001 1.53375
27490001 1.51194
27500001 1.53035
27510001 1.54218
27520001 1.51286
27530001 1.53271
27540001 1.55049
27550001 1.51376
27560001 1.5391
27570001 1.55058
27580001 1.51165
27590001 1.53772
27600001 1.55043
27610001 1.51916
27620001 1.53634
27630001 1.54879
27640001 1.51192
27650001 1.53614
27660001 1.5473
27670001 1.51563
27680001 1.53167
27690001 1.5461
27700001 1.51111
27710001 1.53167
27720001 1.5428
27730001 1.52437
27740001 1.53871
27750001 1.53255
27760001 1.52632
27770001 1.53955
27780001 1.53214
27790001 1.51488
27800001 1.53319
27810001 1.52491
27820001 1.51428
27830001 1.532
27840001 1.52231
27850001 1.52921
27860001 1.53442
27870001 1.52731
27880001 1.52616
27890001 1.5306
27900001 1.53215
27910001 1.52208
27920001 1.53691
27930001 1.53074
27940001 1.52383
27950001 1.53035
27960001 1.53321
27970001 1.52528
27980001 1.53386
27990001 1.53227
28000001 1.52581
28010001 1.53735
28020001 1.5282
28030001 1.53449
28040001 1.53403
28050001 1.51741
28060001 1.53339
28070001 1.53359
28080001 1.51197
28090001 1.52986
28100001 1.54206
28110001 1.51296
28120001 1.53233
28130001 1.55061
28140001 1.51479
28150001 1.53916
28160001 1.55169
28170001 1.51472
28180001 1.53715
28190001 1.55036
28200001 1.51913
28210001 1.53626
28220001 1.54778
28230001 1.51194
28240001 1.53604
28250001 1.54594
28260001 1.51505
28270001 1.53135
28280001 1.54554
28290001 1.51096
28300001 1.53178
28310001 1.54219
28320001 1.52443
28330001 1.53822
28340001 1.53225
28350001 1.52571
28360001 1.53944
28370001 1.5318
28380001 1.51677
28390001 1.53309
28400001 1.52478
28410001 1.51407
28420001 1.53196
28430001 1.5216
28440001 1.52862
28450001 1.53445
28460001 1.52736
28470001 1.52936
28480001 1.53709
28490001 1.53374
28500001 1.52234
28510001 1.53699
28520001 1.53028
28530001 1.52494
28540001 1.5315
28550001 1.53309
28560001 1.52525
28570001 1.53356
28580001 1.53222
28590001 1.52573
28600001 1.53858
28610001 1.5278
28620001 1.53458
28630001 1.53347
28640001 1.51668
28650001 1.5333
28660001 1.5332
28670001 1.51752
28680001 1.52966
28690001 1.54198
28700001 1.51263
28710001 1.54139
28720001 1.55033
28730001 1.51439
28740001 1.53908
28750001 1.55056
28760001 1.52407
28770001 1.53751
28780001 1.55029
28790001 1.51824
28800001 1.5356
28810001 1.54931
28820001 1.51235
28830001 1.53958
28840001 1.54572
28850001 1.51704
28860001 1.53127
28870001 1.54542
28880001 1.51212
28890001 1.53212
28900001 1.54158
28910001 1.52426
28920001 1.5381
28930001 1.53222
28940001 1.52454
28950001 1.53941
28960001 1.53179
28970001 1.51632
28980001 1.53323
28990001 1.5242
29000001 1.5136
29010001 1.53153
29020001 1.52283
29030001 1.52846
29040001 1.53409
29050001 1.52701
29060001 1.52922
29070001 1.54067
29080001 1.53308
29090001 1.52178
29100001 1.53618
29110001 1.52911
29120001 1.5249
29130001 1.53072
29140001 1.53274
29150001 1.52588
29160001 1.53373
29170001 1.53309
29180001 1.52639
29190001 1.54074
29200001 1.52543
29210001 1.53432
29220001 1.53325
29230001 1.51698
29240001 1.5364
29250001 1.53318
29260001 1.51742
29270001 1.52966
29280001 1.54204
29290001 1.51358
29300001 1.54089
29310001 1.5497
29320001 1.51421
29330001 1.53852
29340001 1.55137
29350001 1.52451
29360001 1.53954
29370001 1.55014
29380001 1.51791
29390001 1.53543
29400001 1.54935
29410001 1.51295
29420001 1.53858
29430001 1.54544
29440001 1.51693
29450001 1.53081
29460001 1.54498
29470001 1.51242
29480001 1.53588
29490001 1.54105
29500001 1.5239
29510001 1.53814
29520001 1.53441
29530001 1.52424
29540001 1.53741
29550001 1.53117
29560001 1.5176
29570001 1.53313
29580001 1.52447
29590001 1.51359
29600001 1.53144
29610001 1.52237
29620001 1.52841
29630001 1.53327
29640001 1.52975
29650001 1.52742
29660001 1.5403
29670001 1.53249
29680001 1.52499
29690001 1.53962
29700001 1.52891
29710001 1.52478
29720001 1.53649
29730001 1.53247
29740001 1.52539
29750001 1.53401
29760001 1.53225
29770001 1.52637
29780001 1.54067
29790001 1.52475
29800001 1.53402
29810001 1.53329
29820001 1.51677
29830001 1.53616
29840001 1.53657
29850001 1.5173
29860001 1.52963
29870001 1.54181
29880001 1.51349
29890001 1.54027
29900001 1.55248
29910001 1.51662
29920001 1.53857
29930001 1.55106
29940001 1.52393
29950001 1.53931
29960001 1.55116
29970001 1.51773
29980001 1.53539
29990001 1.55018
