1 15.8474
10001 6.2877
20001 3.67782
30001 2.60004
40001 2.06919
50001 1.72206
60001 1.51348
70001 1.32017
80001 1.20681
90001 1.10614
100001 1.03204
110001 0.98781
120001 0.918823
130001 0.909958
140001 0.849508
150001 0.841362
160001 0.819415
170001 0.776905
180001 0.787964
190001 0.758913
200001 0.773781
210001 0.735281
220001 0.75917
230001 0.732885
240001 0.736522
250001 0.730364
260001 0.702466
270001 0.747775
280001 0.715447
290001 0.742909
300001 0.71495
310001 0.7268
320001 0.709879
330001 0.706981
340001 0.729312
350001 0.708065
360001 0.741699
370001 0.707298
380001 0.721642
390001 0.723184
400001 0.709553
410001 0.710296
420001 0.697696
430001 0.744058
440001 0.709032
450001 0.738541
460001 0.707047
470001 0.715974
480001 0.71736
490001 0.714033
500001 0.738275
510001 0.708329
520001 0.74824
530001 0.71089
540001 0.73265
550001 0.730734
560001 0.701271
570001 0.729501
580001 0.710855
590001 0.737424
600001 0.704538
610001 0.736384
620001 0.714434
630001 0.722309
640001 0.719991
650001 0.694966
660001 0.742663
670001 0.711827
680001 0.741052
690001 0.714548
700001 0.727319
710001 0.711103
720001 0.709219
730001 0.731534
740001 0.710633
750001 0.744781
760001 0.710732
770001 0.725522
780001 0.726634
790001 0.713659
800001 0.713808
810001 0.70156
820001 0.746395
830001 0.71252
840001 0.742149
850001 0.710324
860001 0.719279
870001 0.720891
880001 0.717664
890001 0.741144
900001 0.710957
910001 0.751238
920001 0.713911
930001 0.735661
940001 0.733668
950001 0.704383
960001 0.732081
970001 0.713943
980001 0.740122
990001 0.707308
1000001 0.738957
1010001 0.716857
1020001 0.724453
1030001 0.722334
1040001 0.694116
1050001 0.742891
1060001 0.714181
1070001 0.742362
1080001 0.716724
1090001 0.729299
1100001 0.714124
1110001 0.712292
1120001 0.733631
1130001 0.713914
1140001 0.746828
1150001 0.712619
1160001 0.727562
1170001 0.728525
1180001 0.715348
1190001 0.71569
1200001 0.704014
1210001 0.748197
1220001 0.7147
1230001 0.743821
1240001 0.709799
1250001 0.721023
1260001 0.722356
1270001 0.719606
1280001 0.742306
1290001 0.713261
1300001 0.753386
1310001 0.712231
1320001 0.73782
1330001 0.735382
1340001 0.706082
1350001 0.733582
1360001 0.715388
1370001 0.741618
1380001 0.709132
1390001 0.740735
1400001 0.718499
1410001 0.726118
1420001 0.723894
1430001 0.695583
1440001 0.744518
1450001 0.715836
1460001 0.744014
1470001 0.718208
1480001 0.730849
1490001 0.715388
1500001 0.714032
1510001 0.735093
1520001 0.715365
1530001 0.746598
1540001 0.713999
1550001 0.728862
1560001 0.730019
1570001 0.711975
1580001 0.717244
1590001 0.705237
1600001 0.749842
1610001 0.716583
1620001 0.745179
1630001 0.711091
1640001 0.722442
1650001 0.723432
1660001 0.721277
1670001 0.744035
1680001 0.714582
1690001 0.754715
1700001 0.713739
1710001 0.735227
1720001 0.736673
1730001 0.708085
1740001 0.734874
1750001 0.716716
1760001 0.743166
1770001 0.710293
1780001 0.742627
1790001 0.719978
1800001 0.724933
1810001 0.724895
1820001 0.696526
1830001 0.745613
1840001 0.717585
1850001 0.745297
1860001 0.719322
1870001 0.730624
1880001 0.716848
1890001 0.715115
1900001 0.736869
1910001 0.7166
1920001 0.747465
1930001 0.715309
1940001 0.729798
1950001 0.731143
1960001 0.713306
1970001 0.718375
1980001 0.706421
1990001 0.750951
2000001 0.716869
2010001 0.746133
2020001 0.71212
2030001 0.723676
2040001 0.72416
2050001 0.722359
2060001 0.745431
2070001 0.715459
2080001 0.755705
2090001 0.715906
2100001 0.736348
2110001 0.737795
2120001 0.709327
2130001 0.736042
2140001 0.717704
2150001 0.744105
2160001 0.711373
2170001 0.74394
2180001 0.720985
2190001 0.726075
2200001 0.726129
2210001 0.697489
2220001 0.746554
2230001 0.718534
2240001 0.746088
2250001 0.720985
2260001 0.731691
2270001 0.717915
2280001 0.715922
2290001 0.737783
2300001 0.707249
2310001 0.748392
2320001 0.714497
2330001 0.730917
2340001 0.732068
2350001 0.714451
2360001 0.719335
2370001 0.707415
2380001 0.75183
2390001 0.718212
2400001 0.74737
2410001 0.713027
2420001 0.724609
2430001 0.725407
2440001 0.723473
2450001 0.748122
2460001 0.715812
2470001 0.749216
2480001 0.717438
2490001 0.737496
2500001 0.738837
2510001 0.710286
2520001 0.736554
2530001 0.718299
2540001 0.744899
2550001 0.711328
2560001 0.744933
2570001 0.722073
2580001 0.727203
2590001 0.727343
2600001 0.698726
2610001 0.747744
2620001 0.719619
2630001 0.747152
2640001 0.720845
2650001 0.732803
2660001 0.718819
2670001 0.71661
2680001 0.738638
2690001 0.70808
2700001 0.749134
2710001 0.715597
2720001 0.731697
2730001 0.733238
2740001 0.716262
2750001 0.720003
2760001 0.708269
2770001 0.752676
2780001 0.719093
2790001 0.7482
2800001 0.713612
2810001 0.725671
2820001 0.726265
2830001 0.724211
2840001 0.748813
2850001 0.715693
2860001 0.750374
2870001 0.718492
2880001 0.73834
2890001 0.739722
2900001 0.711289
2910001 0.737548
2920001 0.717668
2930001 0.746504
2940001 0.711831
2950001 0.745616
2960001 0.722842
2970001 0.727777
2980001 0.727838
2990001 0.699636
3000001 0.748263
3010001 0.723075
3020001 0.74789
3030001 0.721852
3040001 0.733625
3050001 0.719603
3060001 0.717451
3070001 0.739728
3080001 0.70913
3090001 0.749941
3100001 0.716675
3110001 0.732536
3120001 0.734128
3130001 0.716983
3140001 0.722638
3150001 0.709218
3160001 0.752553
3170001 0.719917
3180001 0.74902
3190001 0.714333
3200001 0.727144
3210001 0.727058
3220001 0.725099
3230001 0.749349
3240001 0.716893
3250001 0.751252
3260001 0.717769
3270001 0.739188
3280001 0.740911
3290001 0.710477
3300001 0.738233
3310001 0.718525
3320001 0.747233
3330001 0.712532
3340001 0.746735
3350001 0.7235
3360001 0.728765
3370001 0.728384
3380001 0.70057
3390001 0.748968
3400001 0.723063
3410001 0.748897
3420001 0.72271
3430001 0.734606
3440001 0.720627
3450001 0.718799
3460001 0.7411
3470001 0.710441
3480001 0.750631
3490001 0.71761
3500001 0.733424
3510001 0.73481
3520001 0.717737
3530001 0.723483
3540001 0.709886
3550001 0.753434
3560001 0.720746
3570001 0.750367
3580001 0.715518
3590001 0.727114
3600001 0.728477
3610001 0.726704
3620001 0.750279
3630001 0.717464
3640001 0.751989
3650001 0.718642
3660001 0.739324
3670001 0.741689
3680001 0.711256
3690001 0.738949
3700001 0.71797
3710001 0.747882
3720001 0.713475
3730001 0.746664
3740001 0.725132
3750001 0.72972
3760001 0.728732
3770001 0.701386
3780001 0.749521
3790001 0.724321
3800001 0.749706
3810001 0.723533
3820001 0.735235
3830001 0.721396
3840001 0.719586
3850001 0.742036
3860001 0.711796
3870001 0.750984
3880001 0.718439
3890001 0.734155
3900001 0.735566
3910001 0.718489
3920001 0.724182
3930001 0.711018
3940001 0.753987
3950001 0.721317
3960001 0.751372
3970001 0.716314
3980001 0.727849
3990001 0.729265
4000001 0.727761
4010001 0.749904
4020001 0.718076
4030001 0.752766
4040001 0.720556
4050001 0.739827
4060001 0.742709
4070001 0.71184
4080001 0.739836
4090001 0.718587
4100001 0.748667
4110001 0.713916
4120001 0.74739
4130001 0.725897
4140001 0.730288
4150001 0.729485
4160001 0.702075
4170001 0.750058
4180001 0.725212
4190001 0.750457
4200001 0.726646
4210001 0.736077
4220001 0.721962
4230001 0.721077
4240001 0.742696
4250001 0.712476
4260001 0.751713
4270001 0.719175
4280001 0.735283
4290001 0.736127
4300001 0.719244
4310001 0.724178
4320001 0.711726
4330001 0.748107
4340001 0.72192
4350001 0.752318
4360001 0.717234
4370001 0.729329
4380001 0.729918
4390001 0.728456
4400001 0.742157
4410001 0.719088
4420001 0.753543
4430001 0.718555
4440001 0.740658
4450001 0.743267
4460001 0.712578
4470001 0.740672
4480001 0.719247
4490001 0.748505
4500001 0.714692
4510001 0.748117
4520001 0.726542
4530001 0.731038
4540001 0.730492
4550001 0.702733
4560001 0.750113
4570001 0.726125
4580001 0.751046
4590001 0.727212
4600001 0.732341
4610001 0.722654
4620001 0.721602
4630001 0.743372
4640001 0.71313
4650001 0.752308
4660001 0.719496
4670001 0.736407
4680001 0.736815
4690001 0.719687
4700001 0.726432
4710001 0.712317
4720001 0.750663
4730001 0.722692
4740001 0.739774
4750001 0.717543
4760001 0.730571
4770001 0.730602
4780001 0.729044
4790001 0.742942
4800001 0.720199
4810001 0.754104
4820001 0.719437
4830001 0.740405
4840001 0.743885
4850001 0.713176
4860001 0.741214
4870001 0.719753
4880001 0.748045
4890001 0.71536
4900001 0.748627
4910001 0.727311
4920001 0.731697
4930001 0.730981
4940001 0.703391
4950001 0.750551
4960001 0.726546
4970001 0.75217
4980001 0.727716
4990001 0.733196
5000001 0.723726
5010001 0.722143
5020001 0.743896
5030001 0.713733
5040001 0.752852
5050001 0.720039
5060001 0.737013
5070001 0.7374
5080001 0.720344
5090001 0.727877
5100001 0.712938
5110001 0.75191
5120001 0.723313
5130001 0.740212
5140001 0.718142
5150001 0.728227
5160001 0.731114
5170001 0.729579
5180001 0.743699
5190001 0.720316
5200001 0.754752
5210001 0.713092
5220001 0.741082
5230001 0.744629
5240001 0.713676
5250001 0.741712
5260001 0.720271
5270001 0.748736
5280001 0.715936
5290001 0.749414
5300001 0.727943
5310001 0.732256
5320001 0.731491
5330001 0.704643
5340001 0.751077
5350001 0.7272
5360001 0.752852
5370001 0.728636
5380001 0.733909
5390001 0.724484
5400001 0.722739
5410001 0.744716
5420001 0.71148
5430001 0.753638
5440001 0.721358
5450001 0.737674
5460001 0.73825
5470001 0.720969
5480001 0.72849
5490001 0.713712
5500001 0.752058
5510001 0.724472
5520001 0.740614
5530001 0.718782
5540001 0.72841
5550001 0.731614
5560001 0.730241
5570001 0.744473
5580001 0.721062
5590001 0.751275
5600001 0.716643
5610001 0.735431
5620001 0.745146
5630001 0.714411
5640001 0.741925
5650001 0.72091
5660001 0.749059
5670001 0.716637
5680001 0.749896
5690001 0.728608
5700001 0.732386
5710001 0.731805
5720001 0.706035
5730001 0.751605
5740001 0.727715
5750001 0.753371
5760001 0.729609
5770001 0.73288
5780001 0.725141
5790001 0.722693
5800001 0.74519
5810001 0.7118
5820001 0.754301
5830001 0.721576
5840001 0.738122
5850001 0.738108
5860001 0.721048
5870001 0.729209
5880001 0.714998
5890001 0.752403
5900001 0.725574
5910001 0.739137
5920001 0.719351
5930001 0.728581
5940001 0.732209
5950001 0.730986
5960001 0.745264
5970001 0.722311
5980001 0.751924
5990001 0.71725
6000001 0.73603
6010001 0.745312
6020001 0.714678
6030001 0.742604
6040001 0.721308
6050001 0.750078
6060001 0.716991
6070001 0.751112
6080001 0.729357
6090001 0.732964
6100001 0.732117
6110001 0.706627
6120001 0.751957
6130001 0.727471
6140001 0.753927
6150001 0.730352
6160001 0.733267
6170001 0.725583
6180001 0.723387
6190001 0.746254
6200001 0.712404
6210001 0.754842
6220001 0.722313
6230001 0.738896
6240001 0.738572
6250001 0.721619
6260001 0.730029
6270001 0.715854
6280001 0.753021
6290001 0.726156
6300001 0.739547
6310001 0.719993
6320001 0.729068
6330001 0.732487
6340001 0.731268
6350001 0.744602
6360001 0.719476
6370001 0.752391
6380001 0.71767
6390001 0.736568
6400001 0.745948
6410001 0.715207
6420001 0.743704
6430001 0.721844
6440001 0.750444
6450001 0.71772
6460001 0.75163
6470001 0.729926
6480001 0.733485
6490001 0.732429
6500001 0.707884
6510001 0.752367
6520001 0.728098
6530001 0.75457
6540001 0.730348
6550001 0.733705
6560001 0.726175
6570001 0.723805
6580001 0.747289
6590001 0.712836
6600001 0.755595
6610001 0.722725
6620001 0.739342
6630001 0.739283
6640001 0.72219
6650001 0.730596
6660001 0.716598
6670001 0.753739
6680001 0.726531
6690001 0.740002
6700001 0.720472
6710001 0.729571
6720001 0.728582
6730001 0.731179
6740001 0.745006
6750001 0.720005
6760001 0.755427
6770001 0.717886
6780001 0.737553
6790001 0.746343
6800001 0.715871
6810001 0.744607
6820001 0.722174
6830001 0.751093
6840001 0.71776
6850001 0.752124
6860001 0.730046
6870001 0.733986
6880001 0.733216
6890001 0.708172
6900001 0.752938
6910001 0.728875
6920001 0.751805
6930001 0.729091
6940001 0.733653
6950001 0.726862
6960001 0.724177
6970001 0.747024
6980001 0.713337
6990001 0.75611
7000001 0.723313
7010001 0.739358
7020001 0.739817
7030001 0.722685
7040001 0.730886
7050001 0.717751
7060001 0.754474
7070001 0.726896
7080001 0.740512
7090001 0.720829
7100001 0.730017
7110001 0.729215
7120001 0.731619
7130001 0.74535
7140001 0.720489
7150001 0.755839
7160001 0.719653
7170001 0.737993
7180001 0.746757
7190001 0.716187
7200001 0.745016
7210001 0.72133
7220001 0.751491
7230001 0.718374
7240001 0.754848
7250001 0.730502
7260001 0.734835
7270001 0.733693
7280001 0.708784
7290001 0.756063
7300001 0.729341
7310001 0.751821
7320001 0.729426
7330001 0.734097
7340001 0.727529
7350001 0.724643
7360001 0.747297
7370001 0.713722
7380001 0.75672
7390001 0.724101
7400001 0.739709
7410001 0.740999
7420001 0.72309
7430001 0.732016
7440001 0.71834
7450001 0.754826
7460001 0.727165
7470001 0.741166
7480001 0.721395
7490001 0.730433
7500001 0.729458
7510001 0.73156
7520001 0.745721
7530001 0.720899
7540001 0.756398
7550001 0.720142
7560001 0.738416
7570001 0.747012
7580001 0.716563
7590001 0.74546
7600001 0.721677
7610001 0.75206
7620001 0.718872
7630001 0.755471
7640001 0.730907
7650001 0.735223
7660001 0.734063
7670001 0.709695
7680001 0.756327
7690001 0.729938
7700001 0.752176
7710001 0.720234
7720001 0.734635
7730001 0.728607
7740001 0.724897
7750001 0.747673
7760001 0.712031
7770001 0.757306
7780001 0.724775
7790001 0.741123
7800001 0.741459
7810001 0.723564
7820001 0.732502
7830001 0.718874
7840001 0.755249
7850001 0.727592
7860001 0.741528
7870001 0.72177
7880001 0.730923
7890001 0.730335
7900001 0.730946
7910001 0.746266
7920001 0.721238
7930001 0.7564
7940001 0.720575
7950001 0.738314
7960001 0.747703
7970001 0.716941
7980001 0.745761
7990001 0.722243
8000001 0.752549
8010001 0.71945
8020001 0.75592
8030001 0.731284
8040001 0.733049
8050001 0.734474
8060001 0.709723
8070001 0.756785
8080001 0.730541
8090001 0.752434
8100001 0.720622
8110001 0.735101
8120001 0.728829
8130001 0.725484
8140001 0.748202
8150001 0.712676
8160001 0.755788
8170001 0.725177
8180001 0.741479
8190001 0.742874
8200001 0.723799
8210001 0.732943
8220001 0.718197
8230001 0.755811
8240001 0.727872
8250001 0.741499
8260001 0.722238
8270001 0.731879
8280001 0.731188
8290001 0.731155
8300001 0.746939
8310001 0.72211
8320001 0.750515
8330001 0.721426
8340001 0.738896
8350001 0.748423
8360001 0.717362
8370001 0.746225
8380001 0.722717
8390001 0.753144
8400001 0.719908
8410001 0.756305
8420001 0.731711
8430001 0.732283
8440001 0.734971
8450001 0.710061
8460001 0.755811
8470001 0.730975
8480001 0.752764
8490001 0.720962
8500001 0.735522
8510001 0.729205
8520001 0.725892
8530001 0.748516
8540001 0.713679
8550001 0.756384
8560001 0.725558
8570001 0.742346
8580001 0.742042
8590001 0.724267
8600001 0.733414
8610001 0.719326
8620001 0.756211
8630001 0.728422
8640001 0.741848
8650001 0.722857
8660001 0.732825
8670001 0.731731
8680001 0.731629
8690001 0.748252
8700001 0.722541
8710001 0.750915
8720001 0.722065
8730001 0.73938
8740001 0.748791
8750001 0.717776
8760001 0.746567
8770001 0.72321
8780001 0.753706
8790001 0.717739
8800001 0.755825
8810001 0.732327
8820001 0.732645
8830001 0.735375
8840001 0.71066
8850001 0.756256
8860001 0.731371
8870001 0.753057
8880001 0.721295
8890001 0.73577
8900001 0.729792
8910001 0.726131
8920001 0.747912
8930001 0.714157
8940001 0.756373
8950001 0.725919
8960001 0.742701
8970001 0.742582
8980001 0.724621
8990001 0.733829
9000001 0.719962
9010001 0.756666
9020001 0.728574
9030001 0.742668
9040001 0.723474
9050001 0.733243
9060001 0.732073
9070001 0.732862
9080001 0.748744
9090001 0.722919
9100001 0.751752
9110001 0.722401
9120001 0.739646
9130001 0.749166
9140001 0.718142
9150001 0.746991
9160001 0.723628
9170001 0.754071
9180001 0.719718
9190001 0.75608
9200001 0.732775
9210001 0.732978
9220001 0.735667
9230001 0.712556
9240001 0.756413
9250001 0.731506
9260001 0.753432
9270001 0.722026
9280001 0.736088
9290001 0.730139
9300001 0.726684
9310001 0.747748
9320001 0.714667
9330001 0.756973
9340001 0.72587
9350001 0.743246
9360001 0.742337
9370001 0.725006
9380001 0.734265
9390001 0.715889
9400001 0.751865
9410001 0.728794
9420001 0.743522
9430001 0.724042
9440001 0.733794
9450001 0.732649
9460001 0.733324
9470001 0.74949
9480001 0.723195
9490001 0.752287
9500001 0.722978
9510001 0.739543
9520001 0.749547
9530001 0.718978
9540001 0.747503
9550001 0.72392
9560001 0.753069
9570001 0.720018
9580001 0.756224
9590001 0.733208
9600001 0.73326
9610001 0.736375
9620001 0.71277
9630001 0.756836
9640001 0.731751
9650001 0.753876
9660001 0.72258
9670001 0.736695
9680001 0.730729
9690001 0.726925
9700001 0.748756
9710001 0.72088
9720001 0.757352
9730001 0.726839
9740001 0.743739
9750001 0.742655
9760001 0.725779
9770001 0.734459
9780001 0.716544
9790001 0.752546
9800001 0.728519
9810001 0.746577
9820001 0.724384
9830001 0.73403
9840001 0.732913
9850001 0.733863
9860001 0.749938
9870001 0.723819
9880001 0.752569
9890001 0.723741
9900001 0.739796
9910001 0.749851
9920001 0.719279
9930001 0.747827
9940001 0.724
9950001 0.753245
9960001 0.721756
9970001 0.755894
9980001 0.733698
9990001 0.733658
