1 31.3626
10001 21.7185
20001 18.4474
30001 15.6619
40001 13.1803
50001 11.0372
60001 9.02109
70001 7.9794
80001 7.18203
90001 6.55466
100001 6.02952
110001 5.51812
120001 5.14761
130001 4.85546
140001 4.59575
150001 4.37289
160001 4.13973
170001 3.96162
180001 3.80785
190001 3.66538
200001 3.53952
210001 3.40923
220001 3.30064
230001 3.20441
240001 3.11269
250001 3.03268
260001 2.95265
270001 2.87423
280001 2.80495
290001 2.73937
300001 2.68219
310001 2.62729
320001 2.57094
330001 2.51709
340001 2.46809
350001 2.42459
360001 2.3833
370001 2.3362
380001 2.29753
390001 2.25833
400001 2.22302
410001 2.19073
420001 2.15368
430001 2.12381
440001 2.09207
450001 2.06158
460001 2.03349
470001 2.00792
480001 1.9815
490001 1.95489
500001 1.92761
510001 1.9052
520001 1.88526
530001 1.86288
540001 1.84002
550001 1.81586
560001 1.79776
570001 1.78014
580001 1.75884
590001 1.74044
600001 1.7211
610001 1.7041
620001 1.69044
630001 1.67014
640001 1.65529
650001 1.63776
660001 1.62297
670001 1.60698
680001 1.5944
690001 1.58107
700001 1.56574
710001 1.55039
720001 1.53643
730001 1.52723
740001 1.51637
750001 1.50221
760001 1.48682
770001 1.47595
780001 1.46743
790001 1.45427
800001 1.44427
810001 1.43032
820001 1.4216
830001 1.41338
840001 1.40039
850001 1.39168
860001 1.37967
870001 1.37057
880001 1.36
890001 1.35174
900001 1.34512
910001 1.33428
920001 1.32425
930001 1.31484
940001 1.30957
950001 1.30355
960001 1.29328
970001 1.28229
980001 1.2746
990001 1.2699
1000001 1.26567
1010001 1.25605
1020001 1.24422
1030001 1.23984
1040001 1.23452
1050001 1.22497
1060001 1.21912
1070001 1.21
1080001 1.20455
1090001 1.19873
1100001 1.19083
1110001 1.187
1120001 1.17851
1130001 1.17235
1140001 1.16385
1150001 1.16159
1160001 1.15832
1170001 1.15062
1180001 1.14124
1190001 1.13532
1200001 1.13426
1210001 1.13252
1220001 1.12448
1230001 1.11435
1240001 1.11135
1250001 1.10843
1260001 1.10174
1270001 1.09684
1280001 1.09049
1290001 1.08571
1300001 1.08535
1310001 1.07627
1320001 1.074
1330001 1.06651
1340001 1.06311
1350001 1.05432
1360001 1.05439
1370001 1.05264
1380001 1.04617
1390001 1.03943
1400001 1.03338
1410001 1.0344
1420001 1.03413
1430001 1.02745
1440001 1.01872
1450001 1.01563
1460001 1.0157
1470001 1.00964
1480001 1.00811
1490001 0.999836
1500001 0.998501
1510001 0.997709
1520001 0.990912
1530001 0.988876
1540001 0.982268
1550001 0.979704
1560001 0.973739
1570001 0.972423
1580001 0.972645
1590001 0.966525
1600001 0.961795
1610001 0.956078
1620001 0.957959
1630001 0.95834
1640001 0.952892
1650001 0.944794
1660001 0.942283
1670001 0.942924
1680001 0.944978
1690001 0.937786
1700001 0.929853
1710001 0.930246
1720001 0.929561
1730001 0.924091
1740001 0.923496
1750001 0.916222
1760001 0.91501
1770001 0.912503
1780001 0.909167
1790001 0.909922
1800001 0.904687
1810001 0.900169
1820001 0.896288
1830001 0.897658
1840001 0.899076
1850001 0.893873
1860001 0.886796
1870001 0.883684
1880001 0.886828
1890001 0.888284
1900001 0.883352
1910001 0.875388
1920001 0.875735
1930001 0.875539
1940001 0.870747
1950001 0.870129
1960001 0.86565
1970001 0.863719
1980001 0.863705
1990001 0.859048
2000001 0.860564
2010001 0.854637
2020001 0.85403
2030001 0.846938
2040001 0.849788
2050001 0.851484
2060001 0.846641
2070001 0.839765
2080001 0.837568
2090001 0.841611
2100001 0.84403
2110001 0.839309
2120001 0.830899
2130001 0.831554
2140001 0.833862
2150001 0.829591
2160001 0.830254
2170001 0.82354
2180001 0.824186
2190001 0.825766
2200001 0.820166
2210001 0.820463
2220001 0.814924
2230001 0.814675
2240001 0.808876
2250001 0.811027
2260001 0.813018
2270001 0.808209
2280001 0.804078
2290001 0.798887
2300001 0.804837
2310001 0.807817
2320001 0.803221
2330001 0.796247
2340001 0.795098
2350001 0.797746
2360001 0.802725
2370001 0.795643
2380001 0.788503
2390001 0.790509
2400001 0.791904
2410001 0.78748
2420001 0.788522
2430001 0.782066
2440001 0.781523
2450001 0.777633
2460001 0.778508
2470001 0.781679
2480001 0.776875
2490001 0.774619
2500001 0.770577
2510001 0.774323
2520001 0.77753
2530001 0.772539
2540001 0.766429
2550001 0.764994
2560001 0.76908
2570001 0.772867
2580001 0.768555
2590001 0.760685
2600001 0.76325
2610001 0.764651
2620001 0.759837
2630001 0.760417
2640001 0.755045
2650001 0.756264
2660001 0.755756
2670001 0.753425
2680001 0.756643
2690001 0.750841
2700001 0.750158
2710001 0.744322
2720001 0.749082
2730001 0.752374
2740001 0.748116
2750001 0.741885
2760001 0.740019
2770001 0.745732
2780001 0.74926
2790001 0.745368
2800001 0.737037
2810001 0.739181
2820001 0.741421
2830001 0.738678
2840001 0.738903
2850001 0.734285
2860001 0.733818
2870001 0.739104
2880001 0.732257
2890001 0.734159
2900001 0.729027
2910001 0.730495
2920001 0.724858
2930001 0.728096
2940001 0.731344
2950001 0.726846
2960001 0.723431
2970001 0.718458
2980001 0.725662
2990001 0.729939
3000001 0.725763
3010001 0.718888
3020001 0.719007
3030001 0.723556
3040001 0.719802
3050001 0.722064
3060001 0.714669
3070001 0.717429
3080001 0.720149
3090001 0.715146
3100001 0.716682
3110001 0.711382
3120001 0.712234
3130001 0.708109
3140001 0.709987
3150001 0.714194
3160001 0.70947
3170001 0.707157
3180001 0.70419
3190001 0.708925
3200001 0.713045
3210001 0.708272
3220001 0.702698
3230001 0.7017
3240001 0.706364
3250001 0.711968
3260001 0.707667
3270001 0.6987
3280001 0.702778
3290001 0.704742
3300001 0.700455
3310001 0.701542
3320001 0.696344
3330001 0.697932
3340001 0.698382
3350001 0.695628
3360001 0.699361
3370001 0.694334
3380001 0.694604
3390001 0.689289
3400001 0.694627
3410001 0.698784
3420001 0.694567
3430001 0.688421
3440001 0.687125
3450001 0.693802
3460001 0.699377
3470001 0.694464
3480001 0.686103
3490001 0.688945
3500001 0.691784
3510001 0.688965
3520001 0.68853
3530001 0.685484
3540001 0.685328
3550001 0.691537
3560001 0.684321
3570001 0.687596
3580001 0.68228
3590001 0.68402
3600001 0.67654
3610001 0.682694
3620001 0.686578
3630001 0.682278
3640001 0.678589
3650001 0.674986
3660001 0.682462
3670001 0.687334
3680001 0.683103
3690001 0.675797
3700001 0.676645
3710001 0.681814
3720001 0.678131
3730001 0.681064
3740001 0.673782
3750001 0.677005
3760001 0.680518
3770001 0.675533
3780001 0.677302
3790001 0.672244
3800001 0.673367
3810001 0.668207
3820001 0.671555
3830001 0.676548
3840001 0.671871
3850001 0.669815
3860001 0.665273
3870001 0.672393
3880001 0.67713
3890001 0.67332
3900001 0.66613
3910001 0.666493
3920001 0.671256
3930001 0.677773
3940001 0.671654
3950001 0.664087
3960001 0.667888
3970001 0.670901
3980001 0.666957
3990001 0.669633
4000001 0.663033
4010001 0.664913
4020001 0.664575
4030001 0.663436
4040001 0.667769
4050001 0.663653
4060001 0.661021
4070001 0.658835
4080001 0.663566
4090001 0.668596
4100001 0.664354
4110001 0.658031
4120001 0.656894
4130001 0.663934
4140001 0.668681
4150001 0.664971
4160001 0.657087
4170001 0.66032
4180001 0.663481
4190001 0.659014
4200001 0.660723
4210001 0.657508
4220001 0.65766
4230001 0.660302
4240001 0.656508
4250001 0.660964
4260001 0.655539
4270001 0.654998
4280001 0.650561
4290001 0.656449
4300001 0.661013
4310001 0.656915
4320001 0.650569
4330001 0.649957
4340001 0.657276
4350001 0.662659
4360001 0.658574
4370001 0.650086
4380001 0.653102
4390001 0.658024
4400001 0.65453
4410001 0.657519
4420001 0.650924
4430001 0.653783
4440001 0.657645
4450001 0.651826
4460001 0.654828
4470001 0.649734
4480001 0.651384
4490001 0.645987
4500001 0.65034
4510001 0.654679
4520001 0.650365
4530001 0.647269
4540001 0.642483
4550001 0.651453
4560001 0.656825
4570001 0.65279
4580001 0.64594
4590001 0.64632
4600001 0.651764
4610001 0.658614
4620001 0.651691
4630001 0.644442
4640001 0.648541
4650001 0.651666
4660001 0.647782
4670001 0.649396
4680001 0.644258
4690001 0.645123
4700001 0.641784
4710001 0.644318
4720001 0.649504
4730001 0.645033
4740001 0.643895
4750001 0.640455
4760001 0.646126
4770001 0.651298
4780001 0.64661
4790001 0.640733
4800001 0.640386
4810001 0.646476
4820001 0.652164
4830001 0.648652
4840001 0.640214
4850001 0.644563
4860001 0.647372
4870001 0.642817
4880001 0.64481
4890001 0.639564
4900001 0.642267
4910001 0.642867
4920001 0.640272
4930001 0.646075
4940001 0.640304
4950001 0.640782
4960001 0.635079
4970001 0.64155
4980001 0.646536
4990001 0.642537
5000001 0.63642
5010001 0.635387
5020001 0.642957
5030001 0.648031
5040001 0.644041
5050001 0.636016
5060001 0.639442
5070001 0.642942
5080001 0.640694
5090001 0.641981
5100001 0.637577
5110001 0.638106
5120001 0.644977
5130001 0.637979
5140001 0.641146
5150001 0.636118
5160001 0.638802
5170001 0.633263
5180001 0.637713
5190001 0.642291
5200001 0.637978
5210001 0.635046
5220001 0.630271
5230001 0.639212
5240001 0.644874
5250001 0.640949
5260001 0.633966
5270001 0.634911
5280001 0.640884
5290001 0.637347
5300001 0.640769
5310001 0.633137
5320001 0.637141
5330001 0.640855
5340001 0.635971
5350001 0.638461
5360001 0.633219
5370001 0.634989
5380001 0.631081
5390001 0.633805
5400001 0.639199
5410001 0.634654
5420001 0.632812
5430001 0.630249
5440001 0.636076
5450001 0.641378
5460001 0.636678
5470001 0.631215
5480001 0.63084
5490001 0.636607
5500001 0.643369
5510001 0.639367
5520001 0.630033
5530001 0.635209
5540001 0.637915
5550001 0.633745
5560001 0.635622
5570001 0.630462
5580001 0.632902
5590001 0.633937
5600001 0.631436
5610001 0.636163
5620001 0.631249
5630001 0.631276
5640001 0.62703
5650001 0.633199
5660001 0.638314
5670001 0.634247
5680001 0.628099
5690001 0.627356
5700001 0.635053
5710001 0.641637
5720001 0.636854
5730001 0.628245
5740001 0.631851
5750001 0.635459
5760001 0.632862
5770001 0.632943
5780001 0.630099
5790001 0.630517
5800001 0.637676
5810001 0.630277
5820001 0.634373
5830001 0.629045
5840001 0.631497
5850001 0.624101
5860001 0.630867
5870001 0.635568
5880001 0.631384
5890001 0.627912
5900001 0.62452
5910001 0.632954
5920001 0.638645
5930001 0.63452
5940001 0.627032
5950001 0.628541
5960001 0.63443
5970001 0.630856
5980001 0.634497
5990001 0.627071
6000001 0.631016
6010001 0.635078
6020001 0.630103
6030001 0.632511
6040001 0.627458
6050001 0.629093
6060001 0.623961
6070001 0.627909
6080001 0.633587
6090001 0.628996
6100001 0.627218
6110001 0.622774
6120001 0.630647
6130001 0.636079
6140001 0.632392
6150001 0.625113
6160001 0.625989
6170001 0.631311
6180001 0.638545
6190001 0.632575
6200001 0.624709
6210001 0.629215
6220001 0.632631
6230001 0.628784
6240001 0.632063
6250001 0.625348
6260001 0.627761
6270001 0.627629
6280001 0.626198
6290001 0.631654
6300001 0.626516
6310001 0.625249
6320001 0.623003
6330001 0.628462
6340001 0.634071
6350001 0.629893
6360001 0.623569
6370001 0.622684
6380001 0.630395
6390001 0.635678
6400001 0.632118
6410001 0.624082
6420001 0.627897
6430001 0.631508
6440001 0.62693
6450001 0.628983
6460001 0.625965
6470001 0.626452
6480001 0.629487
6490001 0.625723
6500001 0.630719
6510001 0.625278
6520001 0.625959
6530001 0.620484
6540001 0.627006
6550001 0.632263
6560001 0.628056
6570001 0.621691
6580001 0.621352
6590001 0.629201
6600001 0.634806
6610001 0.631068
6620001 0.622473
6630001 0.625923
6640001 0.631213
6650001 0.627787
6660001 0.631207
6670001 0.624617
6680001 0.627825
6690001 0.632293
6700001 0.626143
6710001 0.629276
6720001 0.624485
6730001 0.626195
6740001 0.621095
6750001 0.625752
6760001 0.630551
6770001 0.626259
6780001 0.62336
6790001 0.618592
6800001 0.628016
6810001 0.63381
6820001 0.629857
6830001 0.622974
6840001 0.623634
6850001 0.629576
6860001 0.636688
6870001 0.62981
6880001 0.622457
6890001 0.627002
6900001 0.630365
6910001 0.626488
6920001 0.628438
6930001 0.623291
6940001 0.62441
6950001 0.621151
6960001 0.623893
6970001 0.629478
6980001 0.625036
6990001 0.622981
7000001 0.62075
7010001 0.626742
7020001 0.632226
7030001 0.627568
7040001 0.621732
7050001 0.621603
7060001 0.627999
7070001 0.634135
7080001 0.630602
7090001 0.62207
7100001 0.626783
7110001 0.629772
7120001 0.625237
7130001 0.627506
7140001 0.622297
7150001 0.625254
7160001 0.625974
7170001 0.623452
7180001 0.629626
7190001 0.623832
7200001 0.624517
7210001 0.61888
7220001 0.625582
7230001 0.630872
7240001 0.626957
7250001 0.620819
7260001 0.619967
7270001 0.627804
7280001 0.633491
7290001 0.629221
7300001 0.621172
7310001 0.624871
7320001 0.628535
7330001 0.626397
7340001 0.627895
7350001 0.623497
7360001 0.624242
7370001 0.631323
7380001 0.624292
7390001 0.627819
7400001 0.62276
7410001 0.625289
7420001 0.620098
7430001 0.624756
7440001 0.629558
7450001 0.62535
7460001 0.622457
7470001 0.617742
7480001 0.626917
7490001 0.632839
7500001 0.629003
7510001 0.62199
7520001 0.623142
7530001 0.629069
7540001 0.625764
7550001 0.629225
7560001 0.621883
7570001 0.626032
7580001 0.629891
7590001 0.624989
7600001 0.627696
7610001 0.622475
7620001 0.624419
7630001 0.62055
7640001 0.623401
7650001 0.62904
7660001 0.624515
7670001 0.622776
7680001 0.620304
7690001 0.626273
7700001 0.63177
7710001 0.627125
7720001 0.621715
7730001 0.621486
7740001 0.62739
7750001 0.634364
7760001 0.63042
7770001 0.621076
7780001 0.626465
7790001 0.629016
7800001 0.625105
7810001 0.627166
7820001 0.622016
7830001 0.62425
7840001 0.625718
7850001 0.623292
7860001 0.628194
7870001 0.623191
7880001 0.62345
7890001 0.619259
7900001 0.625557
7910001 0.630837
7920001 0.626835
7930001 0.620336
7940001 0.620103
7950001 0.62791
7960001 0.634672
7970001 0.629937
7980001 0.621333
7990001 0.625098
8000001 0.628795
8010001 0.624361
8020001 0.626454
8030001 0.623666
8040001 0.624198
8050001 0.631464
8060001 0.624075
8070001 0.628353
8080001 0.623027
8090001 0.625601
8100001 0.61845
8110001 0.625084
8120001 0.629933
8130001 0.625832
8140001 0.62241
8150001 0.619083
8160001 0.627606
8170001 0.633465
8180001 0.629381
8190001 0.621912
8200001 0.623678
8210001 0.629505
8220001 0.62608
8230001 0.629761
8240001 0.622341
8250001 0.626434
8260001 0.630533
8270001 0.625537
8280001 0.628128
8290001 0.623131
8300001 0.624865
8310001 0.619742
8320001 0.623794
8330001 0.629582
8340001 0.625016
8350001 0.623339
8360001 0.618926
8370001 0.626877
8380001 0.632421
8390001 0.628835
8400001 0.621542
8410001 0.6226
8420001 0.627927
8430001 0.63525
8440001 0.629282
8450001 0.621621
8460001 0.626132
8470001 0.629543
8480001 0.62575
8490001 0.629211
8500001 0.622597
8510001 0.624988
8520001 0.624862
8530001 0.623467
8540001 0.629091
8550001 0.624048
8560001 0.622802
8570001 0.620415
8580001 0.626149
8590001 0.631759
8600001 0.627622
8610001 0.621347
8620001 0.620583
8630001 0.628305
8640001 0.6337
8650001 0.630176
8660001 0.62218
8670001 0.626737
8680001 0.629709
8690001 0.625197
8700001 0.627485
8710001 0.624346
8720001 0.624914
8730001 0.625831
8740001 0.624247
8750001 0.629374
8760001 0.623959
8770001 0.624677
8780001 0.619254
8790001 0.625824
8800001 0.631162
8810001 0.627127
8820001 0.620668
8830001 0.620397
8840001 0.628169
8850001 0.63395
8860001 0.630258
8870001 0.621721
8880001 0.625234
8890001 0.630545
8900001 0.627173
8910001 0.630648
8920001 0.624119
8930001 0.626133
8940001 0.632082
8950001 0.625757
8960001 0.628957
8970001 0.624268
8980001 0.626038
8990001 0.620967
9000001 0.625596
9010001 0.630459
9020001 0.626242
9030001 0.623383
9040001 0.618623
9050001 0.62811
9060001 0.633943
9070001 0.630047
9080001 0.62323
9090001 0.623939
9100001 0.629899
9110001 0.63704
9120001 0.630239
9130001 0.622962
9140001 0.627527
9150001 0.630886
9160001 0.627064
9170001 0.62909
9180001 0.62397
9190001 0.625609
9200001 0.621956
9210001 0.624737
9220001 0.630317
9230001 0.625903
9240001 0.623915
9250001 0.621732
9260001 0.627804
9270001 0.633236
9280001 0.628632
9290001 0.622871
9300001 0.622784
9310001 0.629173
9320001 0.63537
9330001 0.631879
9340001 0.623403
9350001 0.628155
9360001 0.631134
9370001 0.626656
9380001 0.628955
9390001 0.623779
9400001 0.626804
9410001 0.627518
9420001 0.625033
9430001 0.631254
9440001 0.625511
9450001 0.626253
9460001 0.620647
9470001 0.62733
9480001 0.63266
9490001 0.628808
9500001 0.62272
9510001 0.62191
9520001 0.629728
9530001 0.635466
9540001 0.631224
9550001 0.623286
9560001 0.626991
9570001 0.630627
9580001 0.628558
9590001 0.630062
9600001 0.625712
9610001 0.626567
9620001 0.633595
9630001 0.626462
9640001 0.630146
9650001 0.625157
9660001 0.627849
9670001 0.622565
9680001 0.627185
9690001 0.632022
9700001 0.62787
9710001 0.625038
9720001 0.620379
9730001 0.629501
9740001 0.63543
9750001 0.631676
9760001 0.624701
9770001 0.625908
9780001 0.631868
9790001 0.628542
9800001 0.632062
9810001 0.62463
9820001 0.628924
9830001 0.632742
9840001 0.627897
9850001 0.630636
9860001 0.625494
9870001 0.627448
9880001 0.623613
9890001 0.626456
9900001 0.632103
9910001 0.627648
9920001 0.626094
9930001 0.623517
9940001 0.629455
9950001 0.634939
9960001 0.630511
9970001 0.624957
9980001 0.624813
9990001 0.630702
