1 7.89113
10001 1.05549
20001 0.540071
30001 0.35542
40001 0.259284
50001 0.202648
60001 0.166435
70001 0.142401
80001 0.125528
90001 0.112541
100001 0.102068
110001 0.0937246
120001 0.0863004
130001 0.0796044
140001 0.0740637
150001 0.0690326
160001 0.064123
170001 0.0600406
180001 0.0562847
190001 0.0525632
200001 0.0493022
210001 0.0464936
220001 0.0436232
230001 0.0409782
240001 0.0388164
250001 0.0365514
260001 0.034397
270001 0.0325868
280001 0.030879
290001 0.0291166
300001 0.0276313
310001 0.0262612
320001 0.0248163
330001 0.0235442
340001 0.0224357
350001 0.0212922
360001 0.0202118
370001 0.0193096
380001 0.0183639
390001 0.017458
400001 0.0166692
410001 0.0159246
420001 0.0151574
430001 0.0144894
440001 0.0138696
450001 0.0132169
460001 0.0126327
470001 0.0121064
480001 0.0115782
490001 0.0110738
500001 0.0106295
510001 0.0101766
520001 0.00974543
530001 0.00935032
540001 0.00897879
550001 0.00860281
560001 0.00826167
570001 0.00794313
580001 0.00761325
590001 0.00731347
600001 0.00703334
610001 0.00675962
620001 0.00649766
630001 0.00625585
640001 0.00601452
650001 0.00578717
660001 0.00557117
670001 0.00536712
680001 0.00516515
690001 0.0049759
700001 0.00479822
710001 0.00461723
720001 0.00445117
730001 0.00429184
740001 0.00413808
750001 0.00399208
760001 0.00385183
770001 0.00371443
780001 0.00358588
790001 0.00346036
800001 0.00334135
810001 0.00322574
820001 0.00311445
830001 0.00300996
840001 0.00290411
850001 0.00280662
860001 0.00271124
870001 0.00261968
880001 0.00253337
890001 0.00244816
900001 0.00236529
910001 0.00228818
920001 0.00221157
930001 0.00213832
940001 0.00206802
950001 0.001999
960001 0.00193426
970001 0.00186974
980001 0.00180823
990001 0.00174837
1000001 0.00169095
1010001 0.00163709
1020001 0.00158319
1030001 0.00153102
1040001 0.00148234
1050001 0.00143391
1060001 0.00138731
1070001 0.00134304
1080001 0.00129885
1090001 0.00125765
1100001 0.00121673
1110001 0.00117758
1120001 0.00113947
1130001 0.0011029
1140001 0.00106853
1150001 0.00103421
1160001 0.00100108
1170001 0.000969521
1180001 0.000938653
1190001 0.00090869
1200001 0.000886871
1210001 0.000851506
1220001 0.000824935
1230001 0.000798476
1240001 0.000772909
1250001 0.000748066
1260001 0.000724411
1270001 0.000701862
1280001 0.000679533
1290001 0.000658335
1300001 0.000637004
1310001 0.000617124
1320001 0.000597531
1330001 0.000588956
1340001 0.000559696
1350001 0.000542278
1360001 0.000525069
1370001 0.000507958
1380001 0.00049174
1390001 0.000476308
1400001 0.000461195
1410001 0.000447558
1420001 0.000433645
1430001 0.00041841
1440001 0.000406071
1450001 0.000393121
1460001 0.000396107
1470001 0.000367712
1480001 0.000356364
1490001 0.000345373
1500001 0.000333599
1510001 0.000323105
1520001 0.000313185
1530001 0.00030282
1540001 0.00029392
1550001 0.000286344
1560001 0.000274565
1570001 0.000267581
1580001 0.000259006
1590001 0.000274132
1600001 0.000241583
1610001 0.000234311
1620001 0.000227549
1630001 0.000219074
1640001 0.00021245
1650001 0.000206336
1660001 0.000198897
1670001 0.000193933
1680001 0.000190683
1690001 0.000180314
1700001 0.00017741
1710001 0.000171808
1720001 0.000199857
1730001 0.000159391
1740001 0.00015489
1750001 0.000151283
1760001 0.000144604
1770001 0.000140688
1780001 0.00013734
1790001 0.000131554
1800001 0.000133106
1810001 0.00013018
1820001 0.000119406
1830001 0.000123372
1840001 0.000116342
1850001 0.000158063
1860001 0.000106764
1870001 0.000104317
1880001 0.000103007
1890001 9.70808e-05
1900001 9.51816e-05
1910001 9.39283e-05
1920001 8.88345e-05
1930001 9.44834e-05
1940001 9.97982e-05
1950001 8.10129e-05
1960001 8.95772e-05
1970001 8.25377e-05
1980001 0.000136843
1990001 7.43899e-05
2000001 7.34426e-05
2010001 7.42299e-05
2020001 6.81729e-05
2030001 6.78153e-05
2040001 6.81612e-05
2050001 6.31802e-05
2060001 6.26338e-05
2070001 8.2251e-05
2080001 5.79949e-05
2090001 7.12771e-05
2100001 6.38576e-05
2110001 0.000128504
2120001 5.61658e-05
2130001 5.62424e-05
2140001 5.86527e-05
2150001 5.19842e-05
2160001 5.2948e-05
2170001 5.44923e-05
2180001 4.92427e-05
2190001 4.97601e-05
2200001 7.35451e-05
2210001 4.59196e-05
2220001 6.25231e-05
2230001 5.48026e-05
2240001 0.000124724
2250001 4.74122e-05
2260001 4.79433e-05
2270001 5.15984e-05
2280001 4.43255e-05
2290001 4.60321e-05
2300001 4.84071e-05
2310001 4.28157e-05
2320001 4.39315e-05
2330001 7.02719e-05
2340001 4.04771e-05
2350001 5.90403e-05
2360001 5.10947e-05
2370001 0.000123297
2380001 4.37904e-05
2390001 4.47195e-05
2400001 4.88257e-05
2410001 4.13045e-05
2420001 4.34811e-05
2430001 4.63214e-05
2440001 4.05995e-05
2450001 4.20027e-05
2460001 6.92345e-05
2470001 3.87423e-05
2480001 5.79894e-05
2490001 5.11027e-05
2500001 0.000122913
2510001 4.28872e-05
2520001 4.39808e-05
2530001 4.88693e-05
2540001 4.06733e-05
2550001 4.30375e-05
2560001 4.58487e-05
2570001 4.02954e-05
2580001 4.17917e-05
2590001 6.99301e-05
2600001 3.87383e-05
2610001 5.80718e-05
2620001 5.30711e-05
2630001 4.19828e-05
2640001 4.2972e-05
2650001 4.42172e-05
2660001 4.90709e-05
2670001 4.07497e-05
2680001 4.32246e-05
2690001 4.59998e-05
2700001 4.06231e-05
2710001 4.22179e-05
2720001 4.47391e-05
2730001 3.91153e-05
2740001 5.84538e-05
2750001 5.33447e-05
2760001 4.24373e-05
2770001 4.34172e-05
2780001 4.45186e-05
2790001 4.92749e-05
2800001 4.13021e-05
2810001 4.35252e-05
2820001 4.63259e-05
2830001 4.10418e-05
2840001 4.25651e-05
2850001 4.49875e-05
2860001 4.24802e-05
2870001 5.87584e-05
2880001 5.38122e-05
2890001 4.27424e-05
2900001 4.37575e-05
2910001 4.47208e-05
2920001 4.98917e-05
2930001 4.15391e-05
2940001 4.38353e-05
2950001 4.64928e-05
2960001 4.03071e-05
2970001 4.28101e-05
2980001 4.52986e-05
2990001 4.26237e-05
3000001 5.90072e-05
3010001 5.40712e-05
3020001 3.90307e-05
3030001 4.39963e-05
3040001 4.48743e-05
3050001 5.01049e-05
3060001 4.18821e-05
3070001 4.41318e-05
3080001 4.6743e-05
3090001 4.0599e-05
3100001 4.31254e-05
3110001 4.55138e-05
3120001 4.2704e-05
3130001 5.91394e-05
3140001 5.42108e-05
3150001 3.92112e-05
3160001 4.43364e-05
3170001 4.50818e-05
3180001 5.36962e-05
3190001 4.19655e-05
3200001 4.45015e-05
3210001 4.67977e-05
3220001 4.07745e-05
3230001 4.32569e-05
3240001 4.5625e-05
3250001 4.27699e-05
3260001 6.03417e-05
3270001 5.53213e-05
3280001 3.8964e-05
3290001 4.45804e-05
3300001 4.52345e-05
3310001 5.38564e-05
3320001 4.20912e-05
3330001 4.41922e-05
3340001 4.70487e-05
3350001 4.08914e-05
3360001 4.35245e-05
3370001 4.55433e-05
3380001 4.29027e-05
3390001 6.08898e-05
3400001 5.54302e-05
3410001 3.91101e-05
3420001 4.47701e-05
3430001 4.52991e-05
3440001 5.41188e-05
3450001 4.2237e-05
3460001 4.42832e-05
3470001 4.71937e-05
3480001 4.09721e-05
3490001 4.35115e-05
3500001 4.5626e-05
3510001 4.30031e-05
3520001 4.6147e-05
3530001 5.57329e-05
3540001 3.92349e-05
3550001 4.47603e-05
3560001 4.53755e-05
3570001 5.42427e-05
3580001 4.26129e-05
3590001 4.43632e-05
3600001 4.73716e-05
3610001 4.10467e-05
3620001 4.35094e-05
3630001 4.56907e-05
3640001 3.99491e-05
3650001 4.63863e-05
3660001 5.57584e-05
3670001 3.9404e-05
3680001 4.89483e-05
3690001 4.93408e-05
3700001 5.43629e-05
3710001 4.27009e-05
3720001 4.43586e-05
3730001 4.73629e-05
3740001 4.10643e-05
3750001 4.34696e-05
3760001 4.58597e-05
3770001 4.00476e-05
3780001 4.6347e-05
3790001 5.58818e-05
3800001 3.93528e-05
3810001 4.90967e-05
3820001 4.93784e-05
3830001 5.40855e-05
3840001 4.28102e-05
3850001 4.437e-05
3860001 4.75221e-05
3870001 4.10713e-05
3880001 4.35639e-05
3890001 4.59e-05
3900001 4.0156e-05
3910001 4.63246e-05
3920001 5.65745e-05
3930001 3.9336e-05
3940001 4.93144e-05
3950001 4.97879e-05
3960001 5.42842e-05
3970001 4.29904e-05
3980001 4.45002e-05
3990001 4.75636e-05
4000001 4.11169e-05
4010001 4.33117e-05
4020001 4.60814e-05
4030001 4.06681e-05
4040001 4.65077e-05
4050001 5.6718e-05
4060001 3.91357e-05
4070001 4.94152e-05
4080001 4.98418e-05
4090001 5.45233e-05
4100001 4.30526e-05
4110001 4.46649e-05
4120001 4.76615e-05
4130001 4.11979e-05
4140001 4.32839e-05
4150001 4.61724e-05
4160001 4.07079e-05
4170001 4.67513e-05
4180001 5.69309e-05
4190001 3.9253e-05
4200001 4.95759e-05
4210001 4.98979e-05
4220001 0.000119657
4230001 4.35222e-05
4240001 4.44249e-05
4250001 4.77576e-05
4260001 4.11113e-05
4270001 4.32871e-05
4280001 4.62264e-05
4290001 4.08098e-05
4300001 5.38217e-05
4310001 5.69851e-05
4320001 3.91481e-05
4330001 5.03718e-05
4340001 5.00204e-05
4350001 0.000119929
4360001 4.32377e-05
4370001 4.42936e-05
4380001 4.80588e-05
4390001 4.12338e-05
4400001 4.33159e-05
4410001 4.62944e-05
4420001 4.08409e-05
4430001 4.7622e-05
4440001 5.7324e-05
4450001 3.9291e-05
4460001 5.04783e-05
4470001 5.01614e-05
4480001 0.000121146
4490001 4.30406e-05
4500001 4.43029e-05
4510001 4.79958e-05
4520001 4.13719e-05
4530001 4.36201e-05
4540001 4.63243e-05
4550001 4.09181e-05
4560001 4.75165e-05
4570001 5.75549e-05
4580001 3.93751e-05
4590001 5.07577e-05
4600001 5.02268e-05
4610001 0.000121257
4620001 4.31e-05
4630001 4.43952e-05
4640001 4.8104e-05
4650001 4.1332e-05
4660001 4.35923e-05
4670001 4.64002e-05
4680001 4.09299e-05
4690001 5.62923e-05
4700001 5.77485e-05
4710001 3.95591e-05
4720001 5.08396e-05
4730001 5.03436e-05
4740001 0.0001213
4750001 4.31364e-05
4760001 4.43679e-05
4770001 4.82705e-05
4780001 4.13754e-05
4790001 4.36012e-05
4800001 4.65425e-05
4810001 4.10006e-05
4820001 5.63149e-05
4830001 6.07671e-05
4840001 3.9808e-05
4850001 5.84527e-05
4860001 5.03742e-05
4870001 0.000121449
4880001 4.31382e-05
4890001 4.46088e-05
4900001 4.83903e-05
4910001 4.16603e-05
4920001 4.37585e-05
4930001 4.65373e-05
4940001 4.11084e-05
4950001 5.63811e-05
4960001 6.79796e-05
4970001 3.9571e-05
4980001 5.84923e-05
4990001 5.03633e-05
5000001 0.000121506
5010001 4.33592e-05
5020001 4.4705e-05
5030001 4.8731e-05
5040001 4.15796e-05
5050001 4.38659e-05
5060001 4.6575e-05
5070001 4.121e-05
5080001 4.26933e-05
5090001 6.93273e-05
5100001 3.96205e-05
5110001 5.86029e-05
5120001 5.06826e-05
5130001 0.000123017
5140001 4.36608e-05
5150001 4.4775e-05
5160001 4.88791e-05
5170001 4.16731e-05
5180001 4.38918e-05
5190001 4.66179e-05
5200001 4.12025e-05
5210001 4.27726e-05
5220001 6.94133e-05
5230001 3.97199e-05
5240001 5.86469e-05
5250001 5.08335e-05
5260001 0.000123238
5270001 4.37951e-05
5280001 4.48594e-05
5290001 4.90994e-05
5300001 4.17856e-05
5310001 4.40015e-05
5320001 4.67838e-05
5330001 4.13123e-05
5340001 4.27545e-05
5350001 6.97072e-05
5360001 3.97541e-05
5370001 5.8662e-05
5380001 5.09826e-05
5390001 0.000123273
5400001 4.39013e-05
5410001 4.49886e-05
5420001 4.9789e-05
5430001 4.18292e-05
5440001 4.40859e-05
5450001 4.69582e-05
5460001 4.14789e-05
5470001 4.29087e-05
5480001 7.06065e-05
5490001 3.98102e-05
5500001 5.87258e-05
5510001 5.18047e-05
5520001 4.30241e-05
5530001 4.39303e-05
5540001 4.50879e-05
5550001 4.98497e-05
5560001 4.18113e-05
5570001 4.41352e-05
5580001 4.68927e-05
5590001 4.15606e-05
5600001 4.30928e-05
5610001 7.06167e-05
5620001 4.00091e-05
5630001 5.89001e-05
5640001 5.3926e-05
5650001 4.31016e-05
5660001 4.40086e-05
5670001 4.51779e-05
5680001 4.98416e-05
5690001 4.18931e-05
5700001 4.41185e-05
5710001 4.6854e-05
5720001 4.15871e-05
5730001 4.31154e-05
5740001 4.55351e-05
5750001 4.01971e-05
5760001 5.90841e-05
5770001 5.40442e-05
5780001 4.31952e-05
5790001 4.41924e-05
5800001 4.52262e-05
5810001 4.99462e-05
5820001 4.20676e-05
5830001 4.41851e-05
5840001 4.6916e-05
5850001 4.16503e-05
5860001 4.31401e-05
5870001 4.55909e-05
5880001 4.29629e-05
5890001 5.9151e-05
5900001 5.42121e-05
5910001 3.93296e-05
5920001 4.42077e-05
5930001 4.508e-05
5940001 5.03187e-05
5950001 4.20949e-05
5960001 4.42634e-05
5970001 4.6878e-05
5980001 4.07305e-05
5990001 4.32783e-05
6000001 4.5647e-05
6010001 4.29727e-05
6020001 5.92648e-05
6030001 5.43255e-05
6040001 3.93391e-05
6050001 4.43029e-05
6060001 4.51726e-05
6070001 5.37788e-05
6080001 4.20864e-05
6090001 4.45469e-05
6100001 4.69699e-05
6110001 4.08539e-05
6120001 4.34539e-05
6130001 4.57046e-05
6140001 4.29199e-05
6150001 6.0352e-05
6160001 5.44754e-05
6170001 3.94238e-05
6180001 4.45597e-05
6190001 4.52561e-05
6200001 5.38069e-05
6210001 4.21192e-05
6220001 4.4263e-05
6230001 4.69754e-05
6240001 4.09695e-05
6250001 4.35147e-05
6260001 4.56308e-05
6270001 4.29337e-05
6280001 6.0888e-05
6290001 5.54188e-05
6300001 3.91054e-05
6310001 4.47204e-05
6320001 4.53321e-05
6330001 5.40992e-05
6340001 4.21883e-05
6350001 4.42768e-05
6360001 4.71384e-05
6370001 4.0976e-05
6380001 4.35819e-05
6390001 4.56142e-05
6400001 4.29925e-05
6410001 4.61642e-05
6420001 5.55633e-05
6430001 3.918e-05
6440001 4.47269e-05
6450001 4.53696e-05
6460001 5.42106e-05
6470001 4.25913e-05
6480001 4.43263e-05
6490001 4.73932e-05
6500001 4.10016e-05
6510001 4.35831e-05
6520001 4.56699e-05
6530001 4.30605e-05
6540001 4.63865e-05
6550001 5.58022e-05
6560001 3.9251e-05
6570001 4.45387e-05
6580001 4.55393e-05
6590001 5.42924e-05
6600001 4.26862e-05
6610001 4.43838e-05
6620001 4.73636e-05
6630001 4.1049e-05
6640001 4.35484e-05
6650001 4.58058e-05
6660001 4.0009e-05
6670001 4.64084e-05
6680001 5.59098e-05
6690001 3.93643e-05
6700001 4.89978e-05
6710001 4.93398e-05
6720001 5.4477e-05
6730001 4.27137e-05
6740001 4.43866e-05
6750001 4.74521e-05
6760001 4.10421e-05
6770001 4.34744e-05
6780001 4.58742e-05
6790001 4.01151e-05
6800001 4.61203e-05
6810001 5.59128e-05
6820001 3.94017e-05
6830001 4.93199e-05
6840001 4.97239e-05
6850001 5.42146e-05
6860001 4.28885e-05
6870001 4.44759e-05
6880001 4.75331e-05
6890001 4.11061e-05
6900001 4.32841e-05
6910001 4.59996e-05
6920001 4.04609e-05
6930001 4.64363e-05
6940001 5.67039e-05
6950001 3.91136e-05
6960001 4.92993e-05
6970001 4.97998e-05
6980001 5.44692e-05
6990001 4.30007e-05
7000001 4.45414e-05
7010001 4.7646e-05
7020001 4.11347e-05
7030001 4.3317e-05
7040001 4.61633e-05
7050001 4.07324e-05
7060001 4.65396e-05
7070001 5.66971e-05
7080001 3.92445e-05
7090001 4.94006e-05
7100001 4.98752e-05
7110001 0.000119611
7120001 4.3477e-05
7130001 4.45275e-05
7140001 4.77162e-05
7150001 4.12361e-05
7160001 4.32772e-05
7170001 4.61708e-05
7180001 4.07246e-05
7190001 4.68526e-05
7200001 5.6947e-05
7210001 3.9269e-05
7220001 4.9453e-05
7230001 4.99603e-05
7240001 0.000119744
7250001 4.35523e-05
7260001 4.43965e-05
7270001 4.77412e-05
7280001 4.11605e-05
7290001 4.3304e-05
7300001 4.62447e-05
7310001 4.08144e-05
7320001 5.38163e-05
7330001 5.72874e-05
7340001 3.92407e-05
7350001 5.0404e-05
7360001 5.01542e-05
7370001 0.000119961
7380001 4.30808e-05
7390001 4.42593e-05
7400001 4.79407e-05
7410001 4.12705e-05
7420001 4.34436e-05
7430001 4.63419e-05
7440001 4.08584e-05
7450001 4.7499e-05
7460001 5.7459e-05
7470001 3.93222e-05
7480001 5.08312e-05
7490001 5.02016e-05
7500001 0.000121151
7510001 4.30703e-05
7520001 4.43958e-05
7530001 4.80402e-05
7540001 4.13168e-05
7550001 4.36489e-05
7560001 4.63627e-05
7570001 4.09075e-05
7580001 4.75522e-05
7590001 5.75979e-05
7600001 3.9443e-05
7610001 5.08555e-05
7620001 5.02542e-05
7630001 0.000121275
7640001 4.30922e-05
7650001 4.42902e-05
7660001 4.82316e-05
7670001 4.13387e-05
7680001 4.36016e-05
7690001 4.64147e-05
7700001 4.09635e-05
7710001 5.62995e-05
7720001 5.80204e-05
7730001 3.96284e-05
7740001 5.84269e-05
7750001 5.03014e-05
7760001 0.000121346
7770001 4.30523e-05
7780001 4.44682e-05
7790001 4.82357e-05
7800001 4.141e-05
7810001 4.36596e-05
7820001 4.65166e-05
7830001 4.10265e-05
7840001 5.63784e-05
7850001 6.79218e-05
7860001 3.98469e-05
7870001 5.8463e-05
7880001 5.03734e-05
7890001 0.000121486
7900001 4.31908e-05
7910001 4.46292e-05
7920001 4.85995e-05
7930001 4.16876e-05
7940001 4.38329e-05
7950001 4.65617e-05
7960001 4.11836e-05
7970001 4.26354e-05
7980001 6.94155e-05
7990001 3.96153e-05
8000001 5.86126e-05
8010001 5.06536e-05
8020001 0.000122997
8030001 4.34081e-05
8040001 4.47382e-05
8050001 4.87777e-05
8060001 4.16245e-05
8070001 4.39146e-05
8080001 4.65958e-05
8090001 4.11974e-05
8100001 4.27059e-05
8110001 6.93956e-05
8120001 3.97049e-05
8130001 5.85921e-05
8140001 5.07799e-05
8150001 0.000123208
8160001 4.37466e-05
8170001 4.47954e-05
8180001 4.90772e-05
8190001 4.17537e-05
8200001 4.39835e-05
8210001 4.67544e-05
8220001 4.12612e-05
8230001 4.27441e-05
8240001 6.96782e-05
8250001 3.97202e-05
8260001 5.86798e-05
8270001 5.08507e-05
8280001 0.000123261
8290001 4.38347e-05
8300001 4.49173e-05
8310001 4.91206e-05
8320001 4.17724e-05
8330001 4.40427e-05
8340001 4.69184e-05
8350001 4.13743e-05
8360001 4.28341e-05
8370001 6.97694e-05
8380001 3.97675e-05
8390001 5.87017e-05
8400001 5.19474e-05
8410001 0.000123279
8420001 4.39465e-05
8430001 4.50426e-05
8440001 4.98291e-05
8450001 4.18438e-05
8460001 4.41586e-05
8470001 4.68897e-05
8480001 4.14842e-05
8490001 4.2934e-05
8500001 7.06062e-05
8510001 3.9948e-05
8520001 5.88618e-05
8530001 5.39202e-05
8540001 4.30349e-05
8550001 4.39794e-05
8560001 4.5183e-05
8570001 4.99165e-05
8580001 4.17485e-05
8590001 4.41497e-05
8600001 4.68391e-05
8610001 4.15532e-05
8620001 4.30905e-05
8630001 4.55362e-05
8640001 4.00063e-05
8650001 5.90296e-05
8660001 5.39559e-05
8670001 4.31804e-05
8680001 4.41208e-05
8690001 4.51854e-05
8700001 4.98539e-05
8710001 4.19732e-05
8720001 4.41465e-05
8730001 4.68835e-05
8740001 4.16521e-05
8750001 4.31343e-05
8760001 4.55052e-05
8770001 4.30128e-05
8780001 5.91263e-05
8790001 5.41998e-05
8800001 4.32121e-05
8810001 4.41996e-05
8820001 4.51385e-05
8830001 5.02498e-05
8840001 4.19549e-05
8850001 4.42186e-05
8860001 4.68366e-05
8870001 4.06901e-05
8880001 4.31576e-05
8890001 4.56125e-05
8900001 4.29472e-05
8910001 5.92295e-05
8920001 5.43048e-05
8930001 3.93415e-05
8940001 4.42611e-05
8950001 4.51249e-05
8960001 5.03191e-05
8970001 4.2129e-05
8980001 4.43596e-05
8990001 4.69472e-05
9000001 4.08251e-05
9010001 4.33306e-05
9020001 4.56997e-05
9030001 4.28954e-05
9040001 5.92707e-05
9050001 5.43486e-05
9060001 3.93938e-05
9070001 4.44914e-05
9080001 4.52286e-05
9090001 5.38138e-05
9100001 4.21102e-05
9110001 4.46343e-05
9120001 4.69173e-05
9130001 4.09064e-05
9140001 4.33769e-05
9150001 4.57335e-05
9160001 4.28816e-05
9170001 6.04173e-05
9180001 5.54001e-05
9190001 3.90715e-05
9200001 4.46703e-05
9210001 4.53197e-05
9220001 5.39248e-05
9230001 4.21752e-05
9240001 4.42699e-05
9250001 4.71178e-05
9260001 4.09679e-05
9270001 4.35936e-05
9280001 4.56064e-05
9290001 4.29673e-05
9300001 6.09333e-05
9310001 5.54758e-05
9320001 3.91723e-05
9330001 4.4822e-05
9340001 4.53484e-05
9350001 5.41582e-05
9360001 4.22853e-05
9370001 4.4328e-05
9380001 4.72335e-05
9390001 4.10162e-05
9400001 4.35514e-05
9410001 4.56624e-05
9420001 4.30403e-05
9430001 4.61799e-05
9440001 5.5759e-05
9450001 3.92707e-05
9460001 4.47903e-05
9470001 4.5404e-05
9480001 5.42654e-05
9490001 4.26406e-05
9500001 4.4389e-05
9510001 4.73945e-05
9520001 4.1072e-05
9530001 4.35324e-05
9540001 4.57116e-05
9550001 3.99722e-05
9560001 4.64052e-05
9570001 5.57735e-05
9580001 3.94245e-05
9590001 4.89641e-05
9600001 4.93559e-05
9610001 5.4376e-05
9620001 4.27168e-05
9630001 4.43734e-05
9640001 4.73761e-05
9650001 4.10789e-05
9660001 4.34829e-05
9670001 4.58717e-05
9680001 4.00609e-05
9690001 4.63579e-05
9700001 5.58904e-05
9710001 3.93646e-05
9720001 4.91057e-05
9730001 4.93871e-05
9740001 5.40931e-05
9750001 4.28193e-05
9760001 4.43786e-05
9770001 4.75297e-05
9780001 4.10797e-05
9790001 4.35716e-05
9800001 4.59069e-05
9810001 4.01636e-05
9820001 4.63309e-05
9830001 5.65795e-05
9840001 3.93428e-05
9850001 4.93195e-05
9860001 4.97928e-05
9870001 5.42885e-05
9880001 4.29956e-05
9890001 4.45051e-05
9900001 4.7568e-05
9910001 4.11217e-05
9920001 4.33161e-05
9930001 4.60853e-05
9940001 4.06724e-05
9950001 4.65112e-05
9960001 5.67208e-05
9970001 3.91396e-05
9980001 4.94182e-05
9990001 4.98447e-05
