1 31.3626
10001 12.1756
20001 7.51147
30001 5.77466
40001 4.65268
50001 4.01034
60001 3.54851
70001 3.2219
80001 2.98886
90001 2.78321
100001 2.65137
110001 2.50834
120001 2.42879
130001 2.31974
140001 2.26413
150001 2.18631
160001 2.14098
170001 2.08562
180001 2.04625
190001 2.00098
200001 1.98233
210001 1.94077
220001 1.92746
230001 1.88511
240001 1.87258
250001 1.84295
260001 1.83834
270001 1.80234
280001 1.80876
290001 1.77011
300001 1.77952
310001 1.74274
320001 1.75683
330001 1.72363
340001 1.73396
350001 1.71579
360001 1.71666
370001 1.70217
380001 1.70025
390001 1.69273
400001 1.68637
410001 1.67925
420001 1.66862
430001 1.67382
440001 1.6623
450001 1.673
460001 1.6478
470001 1.65808
480001 1.63884
490001 1.6507
500001 1.62653
510001 1.65089
520001 1.63023
530001 1.65855
540001 1.62639
550001 1.65458
560001 1.62369
570001 1.65128
580001 1.62231
590001 1.64341
600001 1.62749
610001 1.63437
620001 1.62657
630001 1.64168
640001 1.62379
650001 1.64515
660001 1.62453
670001 1.64102
680001 1.62415
690001 1.63289
700001 1.62275
710001 1.63944
720001 1.61965
730001 1.64275
740001 1.61699
750001 1.64236
760001 1.62185
770001 1.64317
780001 1.62596
790001 1.64173
800001 1.63205
810001 1.64246
820001 1.64546
830001 1.64115
840001 1.64389
850001 1.64028
860001 1.65103
870001 1.63583
880001 1.64793
890001 1.6381
900001 1.65231
910001 1.63281
920001 1.64954
930001 1.63115
940001 1.65134
950001 1.62759
960001 1.659
970001 1.63854
980001 1.66683
990001 1.63799
1000001 1.67606
1010001 1.64348
1020001 1.67194
1030001 1.64921
1040001 1.66608
1050001 1.657
1060001 1.66108
1070001 1.65511
1080001 1.67671
1090001 1.65932
1100001 1.67739
1110001 1.66106
1120001 1.67568
1130001 1.66158
1140001 1.68112
1150001 1.66194
1160001 1.68052
1170001 1.66263
1180001 1.68345
1190001 1.66464
1200001 1.69215
1210001 1.66699
1220001 1.68688
1230001 1.68158
1240001 1.68955
1250001 1.68557
1260001 1.68951
1270001 1.69053
1280001 1.69051
1290001 1.69203
1300001 1.68876
1310001 1.6984
1320001 1.68555
1330001 1.70441
1340001 1.68595
1350001 1.70119
1360001 1.68444
1370001 1.7013
1380001 1.68238
1390001 1.70558
1400001 1.69004
1410001 1.72022
1420001 1.69244
1430001 1.72283
1440001 1.69414
1450001 1.72583
1460001 1.69873
1470001 1.72223
1480001 1.70426
1490001 1.71681
1500001 1.70967
1510001 1.72224
1520001 1.71093
1530001 1.7287
1540001 1.71754
1550001 1.73187
1560001 1.71613
1570001 1.72759
1580001 1.71767
1590001 1.73351
1600001 1.71617
1610001 1.73922
1620001 1.71687
1630001 1.7414
1640001 1.71715
1650001 1.74135
1660001 1.72465
1670001 1.74113
1680001 1.73403
1690001 1.7422
1700001 1.74494
1710001 1.74438
1720001 1.74314
1730001 1.74288
1740001 1.74863
1750001 1.73744
1760001 1.74869
1770001 1.74194
1780001 1.75879
1790001 1.73752
1800001 1.75164
1810001 1.73756
1820001 1.75823
1830001 1.73276
1840001 1.76387
1850001 1.74537
1860001 1.77204
1870001 1.74397
1880001 1.77138
1890001 1.74668
1900001 1.77663
1910001 1.75523
1920001 1.77008
1930001 1.75789
1940001 1.76578
1950001 1.75989
1960001 1.77534
1970001 1.76194
1980001 1.78092
1990001 1.76341
2000001 1.78
2010001 1.7662
2020001 1.77818
2030001 1.76589
2040001 1.78241
2050001 1.76448
2060001 1.78607
2070001 1.76265
2080001 1.78757
2090001 1.76901
2100001 1.78863
2110001 1.77374
2120001 1.7883
2130001 1.78038
2140001 1.78984
2150001 1.79219
2160001 1.79211
2170001 1.79162
2180001 1.78847
2190001 1.7977
2200001 1.78506
2210001 1.79626
2220001 1.78664
2230001 1.80023
2240001 1.78273
2250001 1.79817
2260001 1.78102
2270001 1.80027
2280001 1.7819
2290001 1.81227
2300001 1.78703
2310001 1.81472
2320001 1.79409
2330001 1.82192
2340001 1.79224
2350001 1.81775
2360001 1.79555
2370001 1.81255
2380001 1.80382
2390001 1.81108
2400001 1.80318
2410001 1.82139
2420001 1.80478
2430001 1.82508
2440001 1.80755
2450001 1.81913
2460001 1.80806
2470001 1.82453
2480001 1.80801
2490001 1.82716
2500001 1.80787
2510001 1.82878
2520001 1.80826
2530001 1.83334
2540001 1.81127
2550001 1.83015
2560001 1.82215
2570001 1.82984
2580001 1.82505
2590001 1.82974
2600001 1.82968
2610001 1.82926
2620001 1.83038
2630001 1.82441
2640001 1.83516
2650001 1.82334
2660001 1.84031
2670001 1.82329
2680001 1.83666
2690001 1.82273
2700001 1.83665
2710001 1.81888
2720001 1.84264
2730001 1.82528
2740001 1.854
2750001 1.82753
2760001 1.85429
2770001 1.82945
2780001 1.85582
2790001 1.83114
2800001 1.85203
2810001 1.83723
2820001 1.84662
2830001 1.84054
2840001 1.85138
2850001 1.84013
2860001 1.85798
2870001 1.8431
2880001 1.85915
2890001 1.84442
2900001 1.85425
2910001 1.84493
2920001 1.85966
2930001 1.84227
2940001 1.86346
2950001 1.84119
2960001 1.86333
2970001 1.84544
2980001 1.86513
2990001 1.85061
3000001 1.86415
3010001 1.85649
3020001 1.86371
3030001 1.8656
3040001 1.86446
3050001 1.86653
3060001 1.86327
3070001 1.86814
3080001 1.85694
3090001 1.86765
3100001 1.86069
3110001 1.87394
3120001 1.85596
3130001 1.87145
3140001 1.85515
3150001 1.8732
3160001 1.84953
3170001 1.87912
3180001 1.86012
3190001 1.8852
3200001 1.8595
3210001 1.8915
3220001 1.86133
3230001 1.88863
3240001 1.86812
3250001 1.88226
3260001 1.87011
3270001 1.87733
3280001 1.8719
3290001 1.88501
3300001 1.87461
3310001 1.89069
3320001 1.87502
3330001 1.88793
3340001 1.8756
3350001 1.88686
3360001 1.87444
3370001 1.89181
3380001 1.87257
3390001 1.89295
3400001 1.87496
3410001 1.89398
3420001 1.87616
3430001 1.89343
3440001 1.87979
3450001 1.89454
3460001 1.88872
3470001 1.89432
3480001 1.89635
3490001 1.89463
3500001 1.89476
3510001 1.89159
3520001 1.89994
3530001 1.8883
3540001 1.90257
3550001 1.88771
3560001 1.90047
3570001 1.88496
3580001 1.89915
3590001 1.88243
3600001 1.90032
3610001 1.888
3620001 1.91437
3630001 1.88898
3640001 1.9143
3650001 1.89057
3660001 1.91831
3670001 1.89107
3680001 1.91361
3690001 1.89664
3700001 1.90912
3710001 1.90103
3720001 1.90717
3730001 1.89857
3740001 1.9163
3750001 1.90494
3760001 1.91904
3770001 1.90257
3780001 1.91236
3790001 1.90472
3800001 1.91798
3810001 1.90167
3820001 1.9216
3830001 1.90129
3840001 1.92343
3850001 1.90054
3860001 1.92278
3870001 1.90633
3880001 1.92084
3890001 1.91366
3900001 1.92116
3910001 1.91617
3920001 1.92029
3930001 1.92035
3940001 1.91979
3950001 1.91919
3960001 1.91392
3970001 1.9236
3980001 1.91697
3990001 1.93072
4000001 1.91194
4010001 1.92429
4020001 1.91067
4030001 1.92392
4040001 1.90595
4050001 1.92905
4060001 1.91371
4070001 1.93979
4080001 1.9146
4090001 1.93997
4100001 1.91571
4110001 1.94007
4120001 1.9175
4130001 1.93622
4140001 1.92397
4150001 1.93087
4160001 1.92517
4170001 1.93887
4180001 1.92448
4190001 1.94317
4200001 1.92649
4210001 1.94081
4220001 1.92731
4230001 1.93502
4240001 1.92692
4250001 1.94115
4260001 1.92496
4270001 1.94443
4280001 1.92323
4290001 1.94451
4300001 1.92761
4310001 1.94528
4320001 1.93108
4330001 1.94419
4340001 1.93616
4350001 1.94474
4360001 1.94706
4370001 1.94344
4380001 1.94572
4390001 1.94235
4400001 1.95141
4410001 1.93805
4420001 1.94819
4430001 1.93943
4440001 1.95117
4450001 1.93436
4460001 1.94815
4470001 1.93236
4480001 1.94907
4490001 1.92869
4500001 1.95474
4510001 1.93705
4520001 1.96045
4530001 1.93579
4540001 1.96731
4550001 1.93936
4560001 1.96289
4570001 1.94333
4580001 1.95692
4590001 1.94873
4600001 1.95178
4610001 1.9461
4620001 1.96396
4630001 1.94841
4640001 1.96345
4650001 1.94894
4660001 1.96084
4670001 1.94825
4680001 1.96446
4690001 1.94748
4700001 1.96277
4710001 1.9469
4720001 1.96412
4730001 1.94751
4740001 1.9703
4750001 1.94834
4760001 1.96467
4770001 1.95963
4780001 1.9659
4790001 1.96183
4800001 1.96471
4810001 1.96502
4820001 1.96437
4830001 1.96504
4840001 1.96166
4850001 1.96938
4860001 1.95761
4870001 1.97331
4880001 1.95676
4890001 1.96923
4900001 1.95422
4910001 1.96812
4920001 1.95129
4930001 1.97065
4940001 1.95663
4950001 1.98209
4960001 1.95748
4970001 1.98307
4980001 1.95769
4990001 1.98418
5000001 1.96038
5010001 1.98005
5020001 1.96397
5030001 1.97414
5040001 1.96728
5050001 1.97767
5060001 1.96714
5070001 1.98201
5080001 1.97165
5090001 1.98357
5100001 1.9692
5110001 1.9787
5120001 1.96935
5130001 1.98264
5140001 1.96682
5150001 1.98636
5160001 1.96626
5170001 1.98706
5180001 1.96529
5190001 1.98577
5200001 1.9707
5210001 1.98451
5220001 1.97772
5230001 1.98435
5240001 1.98615
5250001 1.98513
5260001 1.98341
5270001 1.98269
5280001 1.98712
5290001 1.97667
5300001 1.98603
5310001 1.97949
5320001 1.99374
5330001 1.9745
5340001 1.98629
5350001 1.97335
5360001 1.99105
5370001 1.9681
5380001 1.99489
5390001 1.97647
5400001 2.00093
5410001 1.97569
5420001 1.99925
5430001 1.9769
5440001 2.00277
5450001 1.98334
5460001 1.99594
5470001 1.98459
5480001 1.99102
5490001 1.98529
5500001 1.99849
5510001 1.98596
5520001 2.00233
5530001 1.98622
5540001 2.00047
5550001 1.98762
5560001 1.99784
5570001 1.98634
5580001 2.00055
5590001 1.98401
5600001 2.0027
5610001 1.9813
5620001 2.00303
5630001 1.98599
5640001 2.00296
5650001 1.98919
5660001 2.00174
5670001 1.99413
5680001 2.00216
5690001 2.0037
5700001 2.00321
5710001 2.00221
5720001 1.99899
5730001 2.00671
5740001 1.99492
5750001 2.00435
5760001 1.9953
5770001 2.007
5780001 1.9909
5790001 2.00423
5800001 1.98841
5810001 2.00519
5820001 1.98825
5830001 2.01504
5840001 1.99189
5850001 2.01627
5860001 1.99727
5870001 2.0217
5880001 1.99469
5890001 2.01711
5900001 1.99674
5910001 2.01155
5920001 2.00323
5930001 2.00932
5940001 2.00158
5950001 2.01771
5960001 2.00226
5970001 2.0201
5980001 2.00384
5990001 2.01395
6000001 2.00341
6010001 2.01795
6020001 2.00251
6030001 2.02107
6040001 2.00151
6050001 2.01999
6060001 2.00103
6070001 2.02321
6080001 2.00292
6090001 2.01956
6100001 2.01191
6110001 2.01853
6120001 2.01372
6130001 2.01763
6140001 2.0171
6150001 2.01639
6160001 2.0169
6170001 2.01116
6180001 2.02044
6190001 2.00937
6200001 2.02432
6210001 2.00852
6220001 2.02021
6230001 2.0072
6240001 2.01939
6250001 2.00293
6260001 2.02414
6270001 2.00903
6280001 2.03368
6290001 2.00922
6300001 2.03316
6310001 2.01016
6320001 2.03373
6330001 2.01093
6340001 2.02946
6350001 2.01572
6360001 2.02389
6370001 2.01797
6380001 2.0275
6390001 2.01679
6400001 2.03273
6410001 2.01877
6420001 2.03303
6430001 2.01925
6440001 2.02795
6450001 2.01897
6460001 2.03213
6470001 2.01584
6480001 2.03489
6490001 2.01416
6500001 2.03406
6510001 2.01732
6520001 2.03498
6530001 2.02136
6540001 2.03347
6550001 2.02604
6560001 2.03241
6570001 2.03372
6580001 2.03242
6590001 2.03391
6600001 2.03066
6610001 2.03471
6620001 2.02415
6630001 2.0336
6640001 2.02691
6650001 2.03869
6660001 2.02191
6670001 2.03577
6680001 2.0205
6690001 2.03678
6700001 2.0147
6710001 2.04155
6720001 2.02379
6730001 2.04648
6740001 2.02253
6750001 2.05163
6760001 2.02354
6770001 2.04832
6780001 2.02921
6790001 2.04187
6800001 2.03038
6810001 2.03672
6820001 2.03138
6830001 2.0432
6840001 2.03323
6850001 2.04778
6860001 2.03299
6870001 2.04463
6880001 2.0329
6890001 2.04514
6900001 2.03126
6910001 2.04702
6920001 2.02882
6930001 2.04745
6940001 2.03054
6950001 2.04776
6960001 2.03105
6970001 2.04673
6980001 2.04195
6990001 2.04723
7000001 2.04148
7010001 2.04647
7020001 2.04799
7030001 2.04619
7040001 2.04628
7050001 2.04283
7060001 2.0502
7070001 2.03917
7080001 2.05208
7090001 2.03807
7100001 2.04958
7110001 2.03497
7120001 2.04783
7130001 2.03207
7140001 2.04824
7150001 2.03663
7160001 2.06086
7170001 2.03704
7180001 2.06027
7190001 2.03797
7200001 2.06334
7210001 2.03788
7220001 2.05853
7230001 2.04252
7240001 2.05379
7250001 2.04608
7260001 2.05151
7270001 2.04324
7280001 2.05944
7290001 2.0486
7300001 2.0615
7310001 2.0459
7320001 2.05479
7330001 2.04738
7340001 2.05952
7350001 2.04401
7360001 2.06235
7370001 2.04316
7380001 2.06353
7390001 2.04196
7400001 2.06242
7410001 2.04685
7420001 2.06015
7430001 2.05322
7440001 2.05998
7450001 2.05506
7460001 2.05871
7470001 2.05848
7480001 2.0578
7490001 2.05693
7500001 2.05183
7510001 2.06058
7520001 2.05419
7530001 2.06673
7540001 2.04902
7550001 2.06024
7560001 2.04731
7570001 2.05947
7580001 2.04248
7590001 2.0638
7600001 2.04923
7610001 2.07338
7620001 2.04924
7630001 2.07308
7640001 2.05016
7650001 2.07268
7660001 2.05139
7670001 2.06864
7680001 2.05698
7690001 2.06321
7700001 2.05764
7710001 2.07024
7720001 2.05642
7730001 2.07379
7740001 2.05798
7750001 2.07116
7760001 2.05828
7770001 2.06533
7780001 2.05747
7790001 2.07061
7800001 2.05519
7810001 2.07326
7820001 2.05317
7830001 2.07288
7840001 2.05684
7850001 2.07319
7860001 2.05965
7870001 2.07173
7880001 2.06402
7890001 2.0719
7900001 2.07375
7910001 2.07028
7920001 2.07214
7930001 2.06885
7940001 2.07662
7950001 2.06439
7960001 2.07361
7970001 2.06527
7980001 2.07601
7990001 2.06006
8000001 2.07283
8010001 2.0578
8020001 2.07325
8030001 2.05396
8040001 2.07824
8050001 2.0614
8060001 2.08316
8070001 2.05982
8080001 2.08909
8090001 2.06275
8100001 2.08465
8110001 2.06608
8120001 2.07868
8130001 2.07076
8140001 2.07347
8150001 2.06793
8160001 2.08449
8170001 2.0697
8180001 2.08363
8190001 2.0698
8200001 2.08085
8210001 2.06877
8220001 2.08388
8230001 2.06766
8240001 2.0819
8250001 2.06662
8260001 2.08281
8270001 2.06691
8280001 2.08824
8290001 2.06736
8300001 2.08255
8310001 2.07763
8320001 2.08341
8330001 2.07934
8340001 2.08193
8350001 2.082
8360001 2.08143
8370001 2.08165
8380001 2.07836
8390001 2.08538
8400001 2.07412
8410001 2.08873
8420001 2.07299
8430001 2.08455
8440001 2.07021
8450001 2.08317
8460001 2.0671
8470001 2.08519
8480001 2.07176
8490001 2.09569
8500001 2.07225
8510001 2.09626
8520001 2.07209
8530001 2.09693
8540001 2.07427
8550001 2.09269
8560001 2.07734
8570001 2.08674
8580001 2.08008
8590001 2.08978
8600001 2.07963
8610001 2.09351
8620001 2.08352
8630001 2.09465
8640001 2.08089
8650001 2.08976
8660001 2.0807
8670001 2.09315
8680001 2.07798
8690001 2.09633
8700001 2.07689
8710001 2.09667
8720001 2.07589
8730001 2.09509
8740001 2.08262
8750001 2.09363
8760001 2.08701
8770001 2.09318
8780001 2.09469
8790001 2.09355
8800001 2.09178
8810001 2.09099
8820001 2.09499
8830001 2.08495
8840001 2.09364
8850001 2.08731
8860001 2.10059
8870001 2.08221
8880001 2.09315
8890001 2.08085
8900001 2.09747
8910001 2.07552
8920001 2.10083
8930001 2.08319
8940001 2.1062
8950001 2.08215
8960001 2.10426
8970001 2.08298
8980001 2.10731
8990001 2.08876
9000001 2.10059
9010001 2.08968
9020001 2.09561
9030001 2.08992
9040001 2.10242
9050001 2.09033
9060001 2.10574
9070001 2.09032
9080001 2.10284
9090001 2.09134
9100001 2.10093
9110001 2.08981
9120001 2.1032
9130001 2.0873
9140001 2.10492
9150001 2.08444
9160001 2.10497
9170001 2.08859
9180001 2.1046
9190001 2.09114
9200001 2.10333
9210001 2.09578
9220001 2.10333
9230001 2.10456
9240001 2.10407
9250001 2.10293
9260001 2.09975
9270001 2.10693
9280001 2.09557
9290001 2.1044
9300001 2.09569
9310001 2.10659
9320001 2.09122
9330001 2.10374
9340001 2.08854
9350001 2.10441
9360001 2.08813
9370001 2.11351
9380001 2.09133
9390001 2.11441
9400001 2.09618
9410001 2.1193
9420001 2.09339
9430001 2.11466
9440001 2.09511
9450001 2.10906
9460001 2.10106
9470001 2.10666
9480001 2.0975
9490001 2.11442
9500001 2.09957
9510001 2.11645
9520001 2.10073
9530001 2.11033
9540001 2.10013
9550001 2.11374
9560001 2.09901
9570001 2.11659
9580001 2.09779
9590001 2.11531
9600001 2.09707
9610001 2.11812
9620001 2.09863
9630001 2.11437
9640001 2.10696
9650001 2.11317
9660001 2.10843
9670001 2.11208
9680001 2.11141
9690001 2.11062
9700001 2.1106
9710001 2.10541
9720001 2.11407
9730001 2.10343
9740001 2.11756
9750001 2.10238
9760001 2.1134
9770001 2.10085
9780001 2.11236
9790001 2.09649
9800001 2.11667
9810001 2.1021
9820001 2.12555
9830001 2.10202
9840001 2.12479
9850001 2.10268
9860001 2.12509
9870001 2.10318
9880001 2.12075
9890001 2.10754
9900001 2.11513
9910001 2.10944
9920001 2.11838
9930001 2.10805
9940001 2.12315
9950001 2.10971
9960001 2.1232
9970001 2.10993
9980001 2.11812
9990001 2.10943
10000001 2.12184
10010001 2.10613
10020001 2.12428
10030001 2.10436
10040001 2.12329
10050001 2.10715
10060001 2.12391
10070001 2.11077
10080001 2.12227
10090001 2.11503
10100001 2.12105
10110001 2.12287
10120001 2.12071
10130001 2.12213
10140001 2.11893
10150001 2.12266
10160001 2.11247
10170001 2.12124
10180001 2.11488
10190001 2.12604
10200001 2.10986
10210001 2.12302
10220001 2.10827
10230001 2.12362
10240001 2.10251
10250001 2.12813
10260001 2.11088
10270001 2.13263
10280001 2.10955
10290001 2.13734
10300001 2.1103
10310001 2.13391
10320001 2.11549
10330001 2.12755
10340001 2.11642
10350001 2.12239
10360001 2.11711
10370001 2.12838
10380001 2.11865
10390001 2.13255
10400001 2.11827
10410001 2.12924
10420001 2.11798
10430001 2.12962
10440001 2.1161
10450001 2.1312
10460001 2.11362
10470001 2.13139
10480001 2.11505
10490001 2.13144
10500001 2.11534
10510001 2.13029
10520001 2.1256
10530001 2.1306
10540001 2.12491
10550001 2.12967
10560001 2.13098
10570001 2.1292
10580001 2.12914
10590001 2.12577
10600001 2.13272
10610001 2.12201
10620001 2.13416
10630001 2.12075
10640001 2.1317
10650001 2.11767
10660001 2.12983
10670001 2.11458
10680001 2.13004
10690001 2.11876
10700001 2.14196
10710001 2.11896
10720001 2.14114
10730001 2.11964
10740001 2.14393
10750001 2.11934
10760001 2.13905
10770001 2.1236
10780001 2.13378
10790001 2.12687
10800001 2.13195
10810001 2.12393
10820001 2.1394
10830001 2.12882
10840001 2.14118
10850001 2.12609
10860001 2.13552
10870001 2.12731
10880001 2.1389
10890001 2.12385
10900001 2.14143
10910001 2.12284
10920001 2.14238
10930001 2.12148
10940001 2.1411
10950001 2.12602
10960001 2.13875
10970001 2.13198
10980001 2.13827
10990001 2.13354
11000001 2.137
11010001 2.13662
11020001 2.13595
11030001 2.13498
11040001 2.13001
11050001 2.13832
11060001 2.13209
11070001 2.14404
11080001 2.12691
11090001 2.13759
11100001 2.12505
11110001 2.13671
11120001 2.12015
11130001 2.14071
11140001 2.12654
11150001 2.14974
11160001 2.12637
11170001 2.14926
11180001 2.12705
11190001 2.14869
11200001 2.12808
11210001 2.1446
11220001 2.1333
11230001 2.1392
11240001 2.13376
11250001 2.14578
11260001 2.13239
11270001 2.14904
11280001 2.13372
11290001 2.14631
11300001 2.13382
11310001 2.14054
11320001 2.13286
11330001 2.14544
11340001 2.13047
11350001 2.14782
11360001 2.12831
11370001 2.14728
11380001 2.13169
11390001 2.14741
11400001 2.13425
11410001 2.1457
11420001 2.13829
11430001 2.14577
11440001 2.14747
11450001 2.1441
11460001 2.14577
11470001 2.14257
11480001 2.14996
11490001 2.13806
11500001 2.14687
11510001 2.13877
11520001 2.14898
11530001 2.13355
11540001 2.1457
11550001 2.13119
11560001 2.14602
11570001 2.1273
11580001 2.15069
11590001 2.13432
11600001 2.15525
11610001 2.13264
11620001 2.1608
11630001 2.13529
11640001 2.15632
11650001 2.13815
11660001 2.15042
11670001 2.14264
11680001 2.14523
11690001 2.1398
11700001 2.15569
11710001 2.14133
11720001 2.15466
11730001 2.14126
11740001 2.15186
11750001 2.1401
11760001 2.15471
11770001 2.13885
11780001 2.15255
11790001 2.13891
11800001 2.15326
11810001 2.13782
11820001 2.15834
11830001 2.13789
11840001 2.15255
11850001 2.14785
11860001 2.15339
11870001 2.14935
11880001 2.1518
11890001 2.15172
11900001 2.15117
11910001 2.15121
11920001 2.14803
11930001 2.15473
11940001 2.14378
11950001 2.15777
11960001 2.14253
11970001 2.15359
11980001 2.13962
11990001 2.15213
12000001 2.1365
12010001 2.15394
12020001 2.14082
12030001 2.16393
12040001 2.14118
12050001 2.16434
12060001 2.14086
12070001 2.16481
12080001 2.1428
12090001 2.16054
12100001 2.14563
12110001 2.15465
12120001 2.14814
12130001 2.15744
12140001 2.14753
12150001 2.16088
12160001 2.15116
12170001 2.16171
12180001 2.14842
12190001 2.15697
12200001 2.14812
12210001 2.16011
12220001 2.14532
12230001 2.16303
12240001 2.1441
12250001 2.16319
12260001 2.143
12270001 2.16151
12280001 2.14937
12290001 2.15997
12300001 2.15346
12310001 2.1594
12320001 2.16079
12330001 2.15943
12340001 2.15781
12350001 2.15699
12360001 2.16078
12370001 2.15099
12380001 2.15931
12390001 2.15311
12400001 2.16592
12410001 2.14803
12420001 2.15854
12430001 2.14657
12440001 2.16259
12450001 2.14126
12460001 2.16573
12470001 2.14855
12480001 2.17079
12490001 2.14741
12500001 2.16875
12510001 2.14804
12520001 2.17157
12530001 2.15351
12540001 2.16491
12550001 2.15427
12560001 2.15994
12570001 2.15437
12580001 2.1664
12590001 2.15461
12600001 2.16947
12610001 2.15446
12620001 2.16652
12630001 2.15531
12640001 2.16454
12650001 2.15368
12660001 2.16659
12670001 2.1511
12680001 2.16814
12690001 2.1479
12700001 2.16804
12710001 2.15207
12720001 2.16753
12730001 2.15441
12740001 2.16619
12750001 2.15873
12760001 2.16606
12770001 2.16717
12780001 2.16666
12790001 2.16545
12800001 2.16232
12810001 2.16921
12820001 2.15812
12830001 2.16929
12840001 2.15811
12850001 2.16859
12860001 2.15359
12870001 2.16572
12880001 2.15084
12890001 2.16623
12900001 2.15035
12910001 2.17487
12920001 2.15333
12930001 2.17568
12940001 2.15786
12950001 2.18028
12960001 2.15505
12970001 2.17564
12980001 2.1566
12990001 2.17003
13000001 2.16225
13010001 2.16761
13020001 2.15865
13030001 2.17501
13040001 2.16023
13050001 2.17686
13060001 2.16128
13070001 2.17077
13080001 2.1608
13090001 2.17396
13100001 2.15957
13110001 2.17649
13120001 2.15826
13130001 2.17524
13140001 2.15745
13150001 2.17782
13160001 2.1588
13170001 2.17407
13180001 2.16681
13190001 2.17279
13200001 2.1681
13210001 2.17161
13220001 2.17089
13230001 2.17006
13240001 2.16996
13250001 2.16488
13260001 2.17321
13270001 2.16282
13280001 2.17648
13290001 2.16166
13300001 2.17231
13310001 2.16005
13320001 2.17119
13330001 2.15568
13340001 2.17525
13350001 2.16101
13360001 2.18377
13370001 2.16083
13380001 2.18289
13390001 2.16133
13400001 2.18307
13410001 2.16169
13420001 2.17873
13430001 2.1658
13440001 2.17319
13450001 2.16754
13460001 2.17618
13470001 2.16606
13480001 2.18067
13490001 2.16756
13500001 2.1806
13510001 2.16764
13520001 2.17556
13530001 2.16704
13540001 2.17907
13550001 2.1637
13560001 2.18128
13570001 2.16185
13580001 2.18023
13590001 2.16445
13600001 2.18071
13610001 2.16785
13620001 2.17901
13630001 2.17183
13640001 2.17771
13650001 2.17939
13660001 2.17727
13670001 2.17881
13680001 2.17542
13690001 2.17897
13700001 2.16898
13710001 2.17748
13720001 2.17124
13730001 2.18203
13740001 2.16623
13750001 2.17898
13760001 2.16456
13770001 2.17945
13780001 2.15905
13790001 2.18374
13800001 2.16686
13810001 2.18798
13820001 2.16546
13830001 2.19246
13840001 2.16607
13850001 2.18902
13860001 2.17101
13870001 2.18269
13880001 2.17181
13890001 2.17756
13900001 2.17237
13910001 2.18326
13920001 2.17374
13930001 2.18682
13940001 2.17326
13950001 2.18386
13960001 2.17286
13970001 2.18415
13980001 2.17087
13990001 2.18556
14000001 2.16838
14010001 2.18565
14020001 2.16967
14030001 2.18559
14040001 2.16983
14050001 2.18436
14060001 2.1797
14070001 2.18455
14080001 2.17893
14090001 2.18355
14100001 2.18475
14110001 2.18299
14120001 2.18285
14130001 2.17954
14140001 2.18621
14150001 2.17546
14160001 2.18749
14170001 2.1744
14180001 2.185
14190001 2.1713
14200001 2.18311
14210001 2.16817
14220001 2.1832
14230001 2.17206
14240001 2.19472
14250001 2.17222
14260001 2.19377
14270001 2.17278
14280001 2.19633
14290001 2.17238
14300001 2.19151
14310001 2.17643
14320001 2.18628
14330001 2.17951
14340001 2.18441
14350001 2.17654
14360001 2.19155
14370001 2.18119
14380001 2.1932
14390001 2.17842
14400001 2.18757
14410001 2.17949
14420001 2.19061
14430001 2.17602
14440001 2.19311
14450001 2.17493
14460001 2.19396
14470001 2.1735
14480001 2.19257
14490001 2.17781
14500001 2.19021
14510001 2.18351
14520001 2.18964
14530001 2.18497
14540001 2.18826
14550001 2.18787
14560001 2.18719
14570001 2.18616
14580001 2.18128
14590001 2.1893
14600001 2.18321
14610001 2.19478
14620001 2.17804
14630001 2.1884
14640001 2.17613
14650001 2.18743
14660001 2.17123
14670001 2.19127
14680001 2.17735
14690001 2.19997
14700001 2.17711
14710001 2.1994
14720001 2.17767
14730001 2.19876
14740001 2.17858
14750001 2.19466
14760001 2.18358
14770001 2.18928
14780001 2.18393
14790001 2.19561
14800001 2.18248
14810001 2.19869
14820001 2.18369
14830001 2.19593
14840001 2.18368
14850001 2.1902
14860001 2.18262
14870001 2.19485
14880001 2.1803
14890001 2.19718
14900001 2.17801
14910001 2.19719
14920001 2.18119
14930001 2.19652
14940001 2.18361
14950001 2.19474
14960001 2.18746
14970001 2.19474
14980001 2.19633
14990001 2.19302
15000001 2.19459
15010001 2.19142
15020001 2.19859
15030001 2.1868
15040001 2.19546
15050001 2.18751
15060001 2.19745
15070001 2.18232
15080001 2.19412
15090001 2.1799
15100001 2.19434
15110001 2.176
15120001 2.1988
15130001 2.18278
15140001 2.20318
15150001 2.18033
15160001 2.20851
15170001 2.18352
15180001 2.20404
15190001 2.18625
15200001 2.1982
15210001 2.19051
15220001 2.19301
15230001 2.18766
15240001 2.20316
15250001 2.18908
15260001 2.20204
15270001 2.1889
15280001 2.19911
15290001 2.18767
15300001 2.20181
15310001 2.18636
15320001 2.19952
15330001 2.18633
15340001 2.20031
15350001 2.18513
15360001 2.20519
15370001 2.18514
15380001 2.19944
15390001 2.19479
15400001 2.20017
15410001 2.19618
15420001 2.19854
15430001 2.19841
15440001 2.19784
15450001 2.19782
15460001 2.19468
15470001 2.20116
15480001 2.19041
15490001 2.20407
15500001 2.18911
15510001 2.1998
15520001 2.18602
15530001 2.19836
15540001 2.18302
15550001 2.20005
15560001 2.18715
15570001 2.20973
15580001 2.18743
15590001 2.21006
15600001 2.18684
15610001 2.2104
15620001 2.18883
15630001 2.20616
15640001 2.19151
15650001 2.20027
15660001 2.1939
15670001 2.20293
15680001 2.19321
15690001 2.20621
15700001 2.19666
15710001 2.20695
15720001 2.1939
15730001 2.20222
15740001 2.19351
15750001 2.20521
15760001 2.19068
15770001 2.20798
15780001 2.18891
15790001 2.20804
15800001 2.18824
15810001 2.20632
15820001 2.1944
15830001 2.20467
15840001 2.19832
15850001 2.2041
15860001 2.20523
15870001 2.20405
15880001 2.2024
15890001 2.20157
15900001 2.20523
15910001 2.19564
15920001 2.20372
15930001 2.19757
15940001 2.21009
15950001 2.19248
15960001 2.20277
15970001 2.19103
15980001 2.20668
15990001 2.18574
16000001 2.20968
16010001 2.19279
16020001 2.21455
16030001 2.19159
16040001 2.21245
16050001 2.19213
16060001 2.21514
16070001 2.19737
16080001 2.20853
16090001 2.19807
16100001 2.20357
16110001 2.19809
16120001 2.20927
16130001 2.19789
16140001 2.21275
16150001 2.19802
16160001 2.20978
16170001 2.19876
16180001 2.20773
16190001 2.19706
16200001 2.20969
16210001 2.19446
16220001 2.21113
16230001 2.19519
16240001 2.21095
16250001 2.19525
16260001 2.21037
16270001 2.19746
16280001 2.20898
16290001 2.20155
16300001 2.20878
16310001 2.20982
16320001 2.20928
16330001 2.20806
16340001 2.20496
16350001 2.21167
16360001 2.20077
16370001 2.21167
16380001 2.20064
16390001 2.2109
16400001 2.19616
16410001 2.20802
16420001 2.1933
16430001 2.20844
16440001 2.19282
16450001 2.21683
16460001 2.19566
16470001 2.21756
16480001 2.20002
16490001 2.22198
16500001 2.1972
16510001 2.21736
16520001 2.19861
16530001 2.21173
16540001 2.20446
16550001 2.20931
16560001 2.20051
16570001 2.21637
16580001 2.20594
16590001 2.21823
16600001 2.2029
16610001 2.2122
16620001 2.20183
16630001 2.21524
16640001 2.20108
16650001 2.21763
16660001 2.19972
16670001 2.21634
16680001 2.19884
16690001 2.2188
16700001 2.2001
16710001 2.21506
16720001 2.20788
16730001 2.21373
16740001 2.20909
16750001 2.21246
16760001 2.21179
16770001 2.2109
16780001 2.21076
16790001 2.20575
16800001 2.21388
16810001 2.20365
16820001 2.21701
16830001 2.20242
16840001 2.21285
16850001 2.20078
16860001 2.21167
16870001 2.19641
16880001 2.21558
16890001 2.20157
16900001 2.22389
16910001 2.20131
16920001 2.22294
16930001 2.20172
16940001 2.22302
16950001 2.20202
16960001 2.21866
16970001 2.20599
16980001 2.2131
16990001 2.20763
17000001 2.21606
17010001 2.2063
17020001 2.22223
17030001 2.20749
17040001 2.22023
17050001 2.2075
17060001 2.21522
17070001 2.20678
17080001 2.21861
17090001 2.20348
17100001 2.2207
17110001 2.20159
17120001 2.2196
17130001 2.20405
17140001 2.22001
17150001 2.20734
17160001 2.21824
17170001 2.2111
17180001 2.21693
17190001 2.21853
17200001 2.21644
17210001 2.21789
17220001 2.21455
17230001 2.21799
17240001 2.20815
17250001 2.21691
17260001 2.2103
17270001 2.22085
17280001 2.20532
17290001 2.21739
17300001 2.20359
17310001 2.21807
17320001 2.19811
17330001 2.22233
17340001 2.20572
17350001 2.22642
17360001 2.20427
17370001 2.23076
17380001 2.2048
17390001 2.22711
17400001 2.20943
17410001 2.22101
17420001 2.2103
17430001 2.21585
17440001 2.21077
17450001 2.22145
17460001 2.21206
17470001 2.2248
17480001 2.21152
17490001 2.2219
17500001 2.21106
17510001 2.22209
17520001 2.20898
17530001 2.22341
17540001 2.20652
17550001 2.22344
17560001 2.20772
17570001 2.22333
17580001 2.20781
17590001 2.22206
17600001 2.21743
17610001 2.22218
17620001 2.21662
17630001 2.22113
17640001 2.22226
17650001 2.22052
17660001 2.22034
17670001 2.21707
17680001 2.22358
17690001 2.21299
17700001 2.22476
17710001 2.21185
17720001 2.22226
17730001 2.20876
17740001 2.22034
17750001 2.20562
17760001 2.22037
17770001 2.20937
17780001 2.23163
17790001 2.20948
17800001 2.23063
17810001 2.20995
17820001 2.23307
17830001 2.2095
17840001 2.22828
17850001 2.21342
17860001 2.223
17870001 2.21605
17880001 2.22467
17890001 2.21349
17900001 2.22812
17910001 2.21791
17920001 2.22916
17930001 2.21508
17940001 2.22407
17950001 2.21611
17960001 2.22699
17970001 2.21262
17980001 2.2294
17990001 2.2114
18000001 2.23014
18010001 2.21003
18020001 2.22874
18030001 2.2142
18040001 2.22638
18050001 2.21975
18060001 2.22566
18070001 2.22108
18080001 2.224
18090001 2.22392
18100001 2.22322
18110001 2.22214
18120001 2.2173
18130001 2.22519
18140001 2.21918
18150001 2.23053
18160001 2.21403
18170001 2.22416
18180001 2.21208
18190001 2.22313
18200001 2.20721
18210001 2.22691
18220001 2.21316
18230001 2.23548
18240001 2.21287
18250001 2.23481
18260001 2.21336
18270001 2.23407
18280001 2.21907
18290001 2.22998
18300001 2.21906
18310001 2.22462
18320001 2.21934
18330001 2.2308
18340001 2.21784
18350001 2.23372
18360001 2.21898
18370001 2.23098
18380001 2.21892
18390001 2.22522
18400001 2.21779
18410001 2.22981
18420001 2.21544
18430001 2.23199
18440001 2.21315
18450001 2.23198
18460001 2.21621
18470001 2.23127
18480001 2.21853
18490001 2.22947
18500001 2.22226
18510001 2.22942
18520001 2.23091
18530001 2.22767
18540001 2.22917
18550001 2.22604
18560001 2.23304
18570001 2.22143
18580001 2.22991
18590001 2.22207
18600001 2.2318
18610001 2.21688
18620001 2.22846
18630001 2.21446
18640001 2.22865
18650001 2.21057
18660001 2.23298
18670001 2.21716
18680001 2.23723
18690001 2.21471
18700001 2.24238
18710001 2.21779
18720001 2.23794
18730001 2.22042
18740001 2.23216
18750001 2.22455
18760001 2.22699
18770001 2.2217
18780001 2.2369
18790001 2.2225
18800001 2.23576
18810001 2.22279
18820001 2.23282
18830001 2.22151
18840001 2.23542
18850001 2.22018
18860001 2.2331
18870001 2.22009
18880001 2.23382
18890001 2.21887
18900001 2.23858
18910001 2.21873
18920001 2.23287
18930001 2.22827
18940001 2.23354
18950001 2.22957
18960001 2.23228
18970001 2.23172
18980001 2.23113
18990001 2.23108
19000001 2.22798
19010001 2.23379
19020001 2.2237
19030001 2.23713
19040001 2.22238
19050001 2.23288
19060001 2.21925
19070001 2.2314
19080001 2.21627
19090001 2.23302
19100001 2.22029
19110001 2.24245
19120001 2.22047
19130001 2.24278
19140001 2.21983
19150001 2.24305
19160001 2.22174
19170001 2.23881
19180001 2.22436
19190001 2.23296
19200001 2.22664
19210001 2.23553
19220001 2.22593
19230001 2.2387
19240001 2.22907
19250001 2.23938
19260001 2.2265
19270001 2.23464
19280001 2.22606
19290001 2.23832
19300001 2.22319
19310001 2.2402
19320001 2.22142
19330001 2.24023
19340001 2.22071
19350001 2.23849
19360001 2.22671
19370001 2.23681
19380001 2.23047
19390001 2.2362
19400001 2.23729
19410001 2.23611
19420001 2.23445
19430001 2.23361
19440001 2.23716
19450001 2.22771
19460001 2.23566
19470001 2.22958
19480001 2.24187
19490001 2.22451
19500001 2.23462
19510001 2.22302
19520001 2.23843
19530001 2.21775
19540001 2.24133
19550001 2.22471
19560001 2.24608
19570001 2.22341
19580001 2.24395
19590001 2.2239
19600001 2.24636
19610001 2.22902
19620001 2.23999
19630001 2.22966
19640001 2.23503
19650001 2.22962
19660001 2.24061
19670001 2.22933
19680001 2.24399
19690001 2.22945
19700001 2.24102
19710001 2.23012
19720001 2.23885
19730001 2.2284
19740001 2.24079
19750001 2.22576
19760001 2.24219
19770001 2.22646
19780001 2.24197
19790001 2.22647
19800001 2.24133
19810001 2.2286
19820001 2.23993
19830001 2.23258
19840001 2.23968
19850001 2.24069
19860001 2.24015
19870001 2.23881
19880001 2.23585
19890001 2.24242
19900001 2.23165
19910001 2.24236
19920001 2.23148
19930001 2.24156
19940001 2.22698
19950001 2.23867
19960001 2.22414
19970001 2.23898
19980001 2.22356
19990001 2.24728
20000001 2.22636
20010001 2.24794
20020001 2.23063
20030001 2.25226
20040001 2.22777
20050001 2.24765
20060001 2.22912
20070001 2.24206
20080001 2.23486
20090001 2.23961
20100001 2.23068
20110001 2.24648
20120001 2.23623
20130001 2.24831
20140001 2.23317
20150001 2.24232
20160001 2.23193
20170001 2.24526
20180001 2.23128
20190001 2.24758
20200001 2.22989
20210001 2.24626
20220001 2.22846
20230001 2.2486
20240001 2.23015
20250001 2.2449
20260001 2.23778
20270001 2.24355
20280001 2.23893
20290001 2.24227
20300001 2.24158
20310001 2.24062
20320001 2.24015
20330001 2.23555
20340001 2.24354
20350001 2.23343
20360001 2.24651
20370001 2.23217
20380001 2.24243
20390001 2.23051
20400001 2.2412
20410001 2.22611
20420001 2.24505
20430001 2.23117
20440001 2.25328
20450001 2.23089
20460001 2.25222
20470001 2.23122
20480001 2.25224
20490001 2.2315
20500001 2.24785
20510001 2.23656
20520001 2.24237
20530001 2.23695
20540001 2.24524
20550001 2.2356
20560001 2.25128
20570001 2.23668
20580001 2.24923
20590001 2.23666
20600001 2.24426
20610001 2.23584
20620001 2.24756
20630001 2.23261
20640001 2.24958
20650001 2.23072
20660001 2.24846
20670001 2.23308
20680001 2.24882
20690001 2.23629
20700001 2.24703
20710001 2.23996
20720001 2.24571
20730001 2.24721
20740001 2.24516
20750001 2.24659
20760001 2.24327
20770001 2.24662
20780001 2.23691
20790001 2.2451
20800001 2.23899
20810001 2.24938
20820001 2.23401
20830001 2.24592
20840001 2.23226
20850001 2.24642
20860001 2.22683
20870001 2.25072
20880001 2.23429
20890001 2.25472
20900001 2.2328
20910001 2.25954
20920001 2.23331
20930001 2.25531
20940001 2.23783
20950001 2.24921
20960001 2.23922
20970001 2.24409
20980001 2.23905
20990001 2.24959
21000001 2.2403
21010001 2.25285
21020001 2.23972
21030001 2.24996
21040001 2.23923
21050001 2.2501
21060001 2.23721
21070001 2.25136
21080001 2.23466
21090001 2.25134
21100001 2.23578
21110001 2.25252
21120001 2.23585
21130001 2.2499
21140001 2.24531
21150001 2.24998
21160001 2.24443
21170001 2.24889
21180001 2.24999
21190001 2.24824
21200001 2.24805
21210001 2.24483
21220001 2.25118
21230001 2.24074
21240001 2.25235
21250001 2.23955
21260001 2.24984
21270001 2.23648
21280001 2.24877
21290001 2.23334
21300001 2.24788
21310001 2.23698
21320001 2.25893
21330001 2.23706
21340001 2.25913
21350001 2.23749
21360001 2.26024
21370001 2.237
21380001 2.2555
21390001 2.24084
21400001 2.25026
21410001 2.24339
21420001 2.2519
21430001 2.2408
21440001 2.25524
21450001 2.24515
21460001 2.25623
21470001 2.24232
21480001 2.25117
21490001 2.24328
21500001 2.25403
21510001 2.23981
21520001 2.25634
21530001 2.23856
21540001 2.25706
21550001 2.23717
21560001 2.25554
21570001 2.24125
21580001 2.25317
21590001 2.2467
21600001 2.25252
21610001 2.24802
21620001 2.25083
21630001 2.25072
21640001 2.25004
21650001 2.24975
21660001 2.24414
21670001 2.25191
21680001 2.24596
21690001 2.25716
21700001 2.24084
21710001 2.25083
21720001 2.23887
21730001 2.24976
21740001 2.234
21750001 2.2534
21760001 2.23987
21770001 2.2619
21780001 2.23953
21790001 2.26118
21800001 2.23998
21810001 2.26043
21820001 2.24558
21830001 2.25635
21840001 2.24554
21850001 2.25101
21860001 2.24578
21870001 2.25708
21880001 2.24426
21890001 2.25993
21900001 2.24533
21910001 2.25764
21920001 2.24524
21930001 2.25145
21940001 2.24391
21950001 2.25592
21960001 2.24167
21970001 2.25811
21980001 2.2394
21990001 2.25802
22000001 2.24242
22010001 2.25728
22020001 2.24465
22030001 2.25547
22040001 2.24832
22050001 2.25539
22060001 2.25683
22070001 2.25362
22080001 2.25508
22090001 2.25197
22100001 2.25879
22110001 2.24736
22120001 2.25574
22130001 2.24797
22140001 2.25754
22150001 2.24279
22160001 2.25424
22170001 2.24039
22180001 2.25438
22190001 2.23631
22200001 2.25862
22210001 2.24299
22220001 2.26281
22230001 2.24052
22240001 2.26786
22250001 2.24365
22260001 2.26335
22270001 2.24609
22280001 2.25768
22290001 2.25003
22300001 2.25253
22310001 2.2473
22320001 2.26229
22330001 2.24804
22340001 2.26112
22350001 2.24996
22360001 2.25819
22370001 2.247
22380001 2.26072
22390001 2.24564
22400001 2.25838
22410001 2.24551
22420001 2.25908
22430001 2.24427
22440001 2.26371
22450001 2.2441
22460001 2.25806
22470001 2.25342
22480001 2.2587
22490001 2.25475
22500001 2.25741
22510001 2.25685
22520001 2.25622
22530001 2.25617
22540001 2.2531
22550001 2.2588
22560001 2.24884
22570001 2.26208
22580001 2.24748
22590001 2.25784
22600001 2.24436
22610001 2.25635
22620001 2.24136
22630001 2.25794
22640001 2.24532
22650001 2.26722
22660001 2.24547
22670001 2.26747
22680001 2.24645
22690001 2.26774
22700001 2.24665
22710001 2.26351
22720001 2.2492
22730001 2.2577
22740001 2.25141
22750001 2.2602
22760001 2.25069
22770001 2.2633
22780001 2.25375
22790001 2.26394
22800001 2.25119
22810001 2.25922
22820001 2.2507
22830001 2.26275
22840001 2.24785
22850001 2.26464
22860001 2.24606
22870001 2.26455
22880001 2.2453
22890001 2.26289
22900001 2.25123
22910001 2.26121
22920001 2.25491
22930001 2.26054
22940001 2.2616
22950001 2.26045
22960001 2.25878
22970001 2.25791
22980001 2.26144
22990001 2.25203
23000001 2.25991
23010001 2.25389
23020001 2.26602
23030001 2.24885
23040001 2.25883
23050001 2.24735
23060001 2.26256
23070001 2.24208
23080001 2.26539
23090001 2.2488
23100001 2.27007
23110001 2.24763
23120001 2.26795
23130001 2.24808
23140001 2.27028
23150001 2.25311
23160001 2.26401
23170001 2.2537
23180001 2.25901
23190001 2.25363
23200001 2.26448
23210001 2.25333
23220001 2.26778
23230001 2.2534
23240001 2.26483
23250001 2.25404
23260001 2.26265
23270001 2.2523
23280001 2.26449
23290001 2.24966
23300001 2.2659
23310001 2.25028
23320001 2.26565
23330001 2.25026
23340001 2.26499
23350001 2.25237
23360001 2.26357
23370001 2.25626
23380001 2.2633
23390001 2.26435
23400001 2.2636
23410001 2.26226
23420001 2.25945
23430001 2.26561
23440001 2.25525
23450001 2.26584
23460001 2.25506
23470001 2.265
23480001 2.25058
23490001 2.26213
23500001 2.24773
23510001 2.26241
23520001 2.2471
23530001 2.27057
23540001 2.24988
23550001 2.27121
23560001 2.25406
23570001 2.27544
23580001 2.2512
23590001 2.27086
23600001 2.25251
23610001 2.2653
23620001 2.25814
23630001 2.26283
23640001 2.25398
23650001 2.26961
23660001 2.25944
23670001 2.27139
23680001 2.25638
23690001 2.26542
23700001 2.25512
23710001 2.26832
23720001 2.25446
23730001 2.2721
23740001 2.25305
23750001 2.26923
23760001 2.25161
23770001 2.27152
23780001 2.25326
23790001 2.26784
23800001 2.26076
23810001 2.26648
23820001 2.26189
23830001 2.26518
23840001 2.26448
23850001 2.2635
23860001 2.26304
23870001 2.25848
23880001 2.26635
23890001 2.25635
23900001 2.26928
23910001 2.25507
23920001 2.26499
23930001 2.25334
23940001 2.26396
23950001 2.249
23960001 2.26774
23970001 2.25398
23980001 2.27583
23990001 2.25368
24000001 2.27478
24010001 2.25398
24020001 2.27477
24030001 2.25424
24040001 2.2704
24050001 2.2592
24060001 2.26495
24070001 2.25957
24080001 2.26776
24090001 2.25819
24100001 2.27371
24110001 2.25924
24120001 2.27163
24130001 2.25917
24140001 2.2667
24150001 2.25836
24160001 2.26994
24170001 2.25513
24180001 2.2719
24190001 2.25323
24200001 2.27071
24210001 2.25554
24220001 2.27106
24230001 2.25867
24240001 2.26931
24250001 2.26229
24260001 2.26797
24270001 2.26936
24280001 2.26738
24290001 2.26879
24300001 2.2655
24310001 2.26878
24320001 2.25917
24330001 2.26726
24340001 2.26121
24350001 2.27146
24360001 2.25625
24370001 2.26784
24380001 2.2545
24390001 2.2685
24400001 2.24908
24410001 2.27273
24420001 2.25645
24430001 2.27667
24440001 2.25495
24450001 2.28137
24460001 2.25541
24470001 2.27719
24480001 2.25985
24490001 2.27108
24500001 2.26122
24510001 2.26602
24520001 2.26103
24530001 2.27143
24540001 2.26223
24550001 2.27461
24560001 2.2616
24570001 2.27176
24580001 2.26111
24590001 2.27187
24600001 2.25909
24610001 2.27211
24620001 2.25654
24630001 2.27305
24640001 2.25762
24650001 2.27418
24660001 2.25767
24670001 2.27154
24680001 2.26683
24690001 2.27162
24700001 2.26609
24710001 2.27051
24720001 2.27159
24730001 2.26984
24740001 2.26963
24750001 2.26644
24760001 2.27268
24770001 2.26237
24780001 2.27385
24790001 2.26116
24800001 2.27134
24810001 2.25807
24820001 2.27025
24830001 2.25495
24840001 2.26935
24850001 2.25853
24860001 2.28027
24870001 2.25858
24880001 2.28044
24890001 2.25876
24900001 2.28149
24910001 2.25848
24920001 2.27678
24930001 2.26225
24940001 2.27149
24950001 2.26475
24960001 2.27317
24970001 2.26215
24980001 2.27635
24990001 2.26638
25000001 2.2774
25010001 2.26362
25020001 2.27235
25030001 2.26454
25040001 2.27509
25050001 2.26101
25060001 2.27744
25070001 2.25981
25080001 2.27813
25090001 2.25842
25100001 2.2766
25110001 2.26243
25120001 2.27421
25130001 2.2678
25140001 2.27352
25150001 2.26907
25160001 2.27154
25170001 2.27171
25180001 2.27102
25190001 2.27068
25200001 2.26519
25210001 2.27287
25220001 2.26696
25230001 2.27796
25240001 2.26187
25250001 2.27174
25260001 2.25989
25270001 2.27204
25280001 2.25504
25290001 2.27425
25300001 2.26083
25310001 2.2822
25320001 2.26047
25330001 2.28191
25340001 2.26089
25350001 2.28113
25360001 2.26642
25370001 2.27706
25380001 2.26635
25390001 2.27172
25400001 2.26651
25410001 2.27769
25420001 2.26503
25430001 2.28055
25440001 2.26607
25450001 2.27824
25460001 2.26595
25470001 2.27539
25480001 2.26464
25490001 2.2765
25500001 2.26235
25510001 2.27865
25520001 2.26008
25530001 2.2785
25540001 2.26306
25550001 2.27777
25560001 2.26525
25570001 2.27594
25580001 2.26886
25590001 2.27585
25600001 2.27726
25610001 2.27407
25620001 2.27548
25630001 2.27241
25640001 2.27915
25650001 2.26782
25660001 2.2759
25670001 2.26841
25680001 2.27788
25690001 2.26315
25700001 2.27457
25710001 2.26084
25720001 2.27471
25730001 2.25675
25740001 2.27889
25750001 2.26338
25760001 2.28301
25770001 2.26091
25780001 2.28799
25790001 2.26381
25800001 2.2834
25810001 2.26635
25820001 2.27785
25830001 2.27026
25840001 2.27274
25850001 2.26753
25860001 2.28237
25870001 2.26825
25880001 2.28116
25890001 2.27008
25900001 2.27827
25910001 2.26714
25920001 2.28075
25930001 2.26579
25940001 2.27839
25950001 2.26564
25960001 2.27894
25970001 2.2644
25980001 2.28363
25990001 2.26415
26000001 2.27802
26010001 2.27341
26020001 2.27862
26030001 2.27472
26040001 2.27732
26050001 2.27672
26060001 2.27612
26070001 2.27607
26080001 2.27303
26090001 2.27866
26100001 2.26877
26110001 2.28189
26120001 2.2674
26130001 2.27766
26140001 2.26428
26150001 2.27616
26160001 2.26128
26170001 2.27772
26180001 2.26519
26190001 2.28688
26200001 2.26532
26210001 2.28708
26220001 2.26627
26230001 2.28734
26240001 2.26645
26250001 2.28316
26260001 2.26896
26270001 2.27736
26280001 2.27113
26290001 2.27983
26300001 2.27039
26310001 2.28288
26320001 2.2734
26330001 2.28346
26340001 2.27085
26350001 2.27877
26360001 2.27033
26370001 2.28226
26380001 2.26746
26390001 2.28405
26400001 2.26565
26410001 2.28401
26420001 2.26492
26430001 2.28245
26440001 2.27077
26450001 2.28159
26460001 2.27439
26470001 2.27998
26480001 2.28101
26490001 2.27987
26500001 2.27819
26510001 2.27733
26520001 2.28079
26530001 2.2714
26540001 2.27927
26550001 2.27322
26560001 2.2853
26570001 2.26828
26580001 2.27816
26590001 2.26677
26600001 2.28184
26610001 2.26152
26620001 2.28463
26630001 2.26816
26640001 2.28924
26650001 2.26697
26660001 2.28711
26670001 2.26735
26680001 2.28938
26690001 2.27237
26700001 2.28317
26710001 2.27293
26720001 2.27815
26730001 2.27253
26740001 2.28359
26750001 2.2725
26760001 2.28684
26770001 2.27257
26780001 2.2839
26790001 2.27316
26800001 2.2817
26810001 2.27145
26820001 2.28486
26830001 2.26879
26840001 2.28489
26850001 2.26939
26860001 2.28461
26870001 2.26935
26880001 2.28395
26890001 2.27142
26900001 2.28251
26910001 2.27527
26920001 2.28218
26930001 2.28327
26940001 2.28252
26950001 2.28118
26960001 2.27836
26970001 2.28447
26980001 2.27419
26990001 2.28466
27000001 2.27399
27010001 2.28379
27020001 2.26958
27030001 2.28097
27040001 2.26667
27050001 2.28122
27060001 2.26602
27070001 2.2893
27080001 2.26874
27090001 2.28991
27100001 2.27289
27110001 2.29408
27120001 2.27004
27130001 2.28949
27140001 2.27131
27150001 2.28398
27160001 2.27687
27170001 2.28152
27180001 2.27267
27190001 2.28822
27200001 2.27811
27210001 2.28994
27220001 2.27506
27230001 2.284
27240001 2.2738
27250001 2.28688
27260001 2.27313
27270001 2.29061
27280001 2.27171
27290001 2.28775
27300001 2.27026
27310001 2.29
27320001 2.27188
27330001 2.28632
27340001 2.2793
27350001 2.28497
27360001 2.28033
27370001 2.28365
27380001 2.28295
27390001 2.28195
27400001 2.2815
27410001 2.27698
27420001 2.28475
27430001 2.27484
27440001 2.28765
27450001 2.27355
27460001 2.28338
27470001 2.27181
27480001 2.28235
27490001 2.26749
27500001 2.28605
27510001 2.27241
27520001 2.29406
27530001 2.2721
27540001 2.29299
27550001 2.27231
27560001 2.29299
27570001 2.27261
27580001 2.28861
27590001 2.27751
27600001 2.2832
27610001 2.27781
27620001 2.2859
27630001 2.27648
27640001 2.29186
27650001 2.2775
27660001 2.28977
27670001 2.27738
27680001 2.28479
27690001 2.27656
27700001 2.28798
27710001 2.27354
27720001 2.28998
27730001 2.27143
27740001 2.28877
27750001 2.27372
27760001 2.28912
27770001 2.27682
27780001 2.28735
27790001 2.28038
27800001 2.28603
27810001 2.28739
27820001 2.28541
27830001 2.2867
27840001 2.28353
27850001 2.28677
27860001 2.27724
27870001 2.28524
27880001 2.27924
27890001 2.2894
27900001 2.27429
27910001 2.28578
27920001 2.27254
27930001 2.28643
27940001 2.26715
27950001 2.2906
27960001 2.2744
27970001 2.29428
27980001 2.27294
27990001 2.29907
28000001 2.27337
28010001 2.29493
28020001 2.27776
28030001 2.2889
28040001 2.2791
28050001 2.28383
28060001 2.27889
28070001 2.28919
28080001 2.28008
28090001 2.29229
28100001 2.27942
28110001 2.28948
28120001 2.27891
28130001 2.28958
28140001 2.27689
28150001 2.28979
28160001 2.27579
28170001 2.29072
28180001 2.2754
28190001 2.29183
28200001 2.27543
28210001 2.28918
28220001 2.28443
28230001 2.28922
28240001 2.28571
28250001 2.28814
28260001 2.2892
28270001 2.28745
28280001 2.28723
28290001 2.28405
28300001 2.29025
28310001 2.28001
28320001 2.29138
28330001 2.27878
28340001 2.28886
28350001 2.27571
28360001 2.28775
28370001 2.27259
28380001 2.28685
28390001 2.27612
28400001 2.29767
28410001 2.27616
28420001 2.29783
28430001 2.27631
28440001 2.29884
28450001 2.27591
28460001 2.29418
28470001 2.27975
28480001 2.28884
28490001 2.28222
28500001 2.29056
28510001 2.27937
28520001 2.29368
28530001 2.28376
28540001 2.29471
28550001 2.28104
28560001 2.28964
28570001 2.28194
28580001 2.29239
28590001 2.27841
28600001 2.2947
28610001 2.27713
28620001 2.29537
28630001 2.27581
28640001 2.2934
28650001 2.27977
28660001 2.29145
28670001 2.28472
28680001 2.29075
28690001 2.28633
28700001 2.28878
28710001 2.28892
28720001 2.28818
28730001 2.2879
28740001 2.28244
28750001 2.29005
28760001 2.28418
28770001 2.295
28780001 2.27909
28790001 2.2889
28800001 2.27711
28810001 2.28918
28820001 2.27231
28830001 2.29136
28840001 2.27802
28850001 2.29924
28860001 2.27766
28870001 2.29892
28880001 2.27806
28890001 2.29776
28900001 2.28346
28910001 2.29406
28920001 2.28345
28930001 2.28877
28940001 2.28356
28950001 2.29465
28960001 2.28209
28970001 2.29749
28980001 2.28306
28990001 2.29522
29000001 2.28298
29010001 2.29235
29020001 2.28165
29030001 2.29343
29040001 2.27937
29050001 2.29552
29060001 2.27711
29070001 2.29537
29080001 2.28005
29090001 2.29461
29100001 2.28214
29110001 2.2928
29120001 2.28576
29130001 2.2927
29140001 2.29409
29150001 2.29091
29160001 2.29232
29170001 2.28925
29180001 2.29594
29190001 2.28469
29200001 2.2927
29210001 2.28525
29220001 2.29464
29230001 2.28002
29240001 2.29136
29250001 2.27771
29260001 2.29147
29270001 2.27362
29280001 2.2956
29290001 2.2802
29300001 2.29968
29310001 2.27772
29320001 2.3046
29330001 2.2806
29340001 2.30004
29350001 2.28311
29360001 2.29458
29370001 2.28697
29380001 2.28942
29390001 2.28424
29400001 2.29897
29410001 2.28493
29420001 2.29775
29430001 2.28674
29440001 2.29474
29450001 2.28379
29460001 2.29732
29470001 2.28248
29480001 2.29493
29490001 2.28229
29500001 2.29547
29510001 2.281
29520001 2.30011
29530001 2.28078
29540001 2.29453
29550001 2.28996
29560001 2.29512
29570001 2.29122
29580001 2.29382
29590001 2.29317
29600001 2.29261
29610001 2.29252
29620001 2.2895
29630001 2.29511
29640001 2.28528
29650001 2.2983
29660001 2.2839
29670001 2.29401
29680001 2.28079
29690001 2.29259
29700001 2.2778
29710001 2.29412
29720001 2.28167
29730001 2.30319
29740001 2.28112
29750001 2.30338
29760001 2.28271
29770001 2.30322
29780001 2.28288
29790001 2.29946
29800001 2.28535
29810001 2.29367
29820001 2.2875
29830001 2.29613
29840001 2.28663
29850001 2.29912
29860001 2.28972
29870001 2.29969
29880001 2.28717
29890001 2.29503
29900001 2.28745
29910001 2.29846
29920001 2.28377
29930001 2.30024
29940001 2.28197
29950001 2.30019
29960001 2.28113
29970001 2.29863
29980001 2.28701
29990001 2.29773
30000001 2.29059
30010001 2.29613
30020001 2.29703
30030001 2.29601
30040001 2.29432
30050001 2.29348
30060001 2.29691
30070001 2.28757
30080001 2.29536
30090001 2.28936
30100001 2.30133
30110001 2.28445
30120001 2.29425
30130001 2.28293
30140001 2.29787
30150001 2.27767
30160001 2.30066
30170001 2.28429
30180001 2.30516
30190001 2.28308
30200001 2.30677
30210001 2.28346
30220001 2.30533
30230001 2.2884
30240001 2.29915
30250001 2.28897
30260001 2.29415
30270001 2.28856
30280001 2.2995
30290001 2.28852
30300001 2.30275
30310001 2.28857
30320001 2.29965
30330001 2.28911
30340001 2.2976
30350001 2.2874
30360001 2.30075
30370001 2.28475
30380001 2.30074
30390001 2.28533
30400001 2.30046
30410001 2.28531
30420001 2.2998
30430001 2.28734
30440001 2.29836
30450001 2.29115
30460001 2.29801
30470001 2.29908
30480001 2.29834
30490001 2.29699
30500001 2.29419
30510001 2.30025
30520001 2.29004
30530001 2.30029
30540001 2.28981
30550001 2.29955
30560001 2.28543
30570001 2.29674
30580001 2.28252
30590001 2.29698
30600001 2.28583
30610001 2.30498
30620001 2.28454
30630001 2.30558
30640001 2.28866
30650001 2.30971
30660001 2.28581
30670001 2.30511
30680001 2.28686
30690001 2.29964
30700001 2.29257
30710001 2.29718
30720001 2.28839
30730001 2.30382
30740001 2.29378
30750001 2.3055
30760001 2.29073
30770001 2.29959
30780001 2.28947
30790001 2.30245
30800001 2.2888
30810001 2.30614
30820001 2.28738
30830001 2.30329
30840001 2.28566
30850001 2.30551
30860001 2.28746
30870001 2.30105
30880001 2.29486
30890001 2.30048
30900001 2.29609
30910001 2.29918
30920001 2.29845
30930001 2.29791
30940001 2.29701
30950001 2.29248
30960001 2.30022
30970001 2.29038
30980001 2.3031
30990001 2.28909
31000001 2.29883
31010001 2.28734
31020001 2.29753
31030001 2.28304
31040001 2.30116
31050001 2.28792
31060001 2.30941
31070001 2.28759
31080001 2.30834
31090001 2.28777
31100001 2.30832
31110001 2.28808
31120001 2.30397
31130001 2.29292
31140001 2.29857
31150001 2.29321
31160001 2.30073
31170001 2.29188
31180001 2.30716
31190001 2.29287
31200001 2.30507
31210001 2.29268
31220001 2.29872
31230001 2.29193
31240001 2.30324
31250001 2.28891
31260001 2.30514
31270001 2.28679
31280001 2.30399
31290001 2.28906
31300001 2.30435
31310001 2.29213
31320001 2.30258
31330001 2.29565
31340001 2.30126
31350001 2.3026
31360001 2.30065
31370001 2.30184
31380001 2.29875
31390001 2.30192
31400001 2.2925
31410001 2.30044
31420001 2.29443
31430001 2.30446
31440001 2.28953
31450001 2.30094
31460001 2.28778
31470001 2.30157
31480001 2.28242
31490001 2.30569
31500001 2.28959
31510001 2.30925
31520001 2.28815
31530001 2.31409
31540001 2.28853
31550001 2.30983
31560001 2.2929
31570001 2.30397
31580001 2.29423
31590001 2.29893
31600001 2.294
31610001 2.30424
31620001 2.29515
31630001 2.30728
31640001 2.29451
31650001 2.3045
31660001 2.29397
31670001 2.30459
31680001 2.29197
31690001 2.30475
31700001 2.29087
31710001 2.30569
31720001 2.29047
31730001 2.30678
31740001 2.29048
31750001 2.30413
31760001 2.29941
31770001 2.30417
31780001 2.30069
31790001 2.30302
31800001 2.30413
31810001 2.30237
31820001 2.3021
31830001 2.29901
31840001 2.30515
31850001 2.29482
31860001 2.30626
31870001 2.29372
31880001 2.3037
31890001 2.29055
31900001 2.30262
31910001 2.28756
31920001 2.30173
31930001 2.29106
31940001 2.31246
31950001 2.29108
31960001 2.31261
31970001 2.29121
31980001 2.3136
31990001 2.29081
32000001 2.30896
32010001 2.29463
32020001 2.30362
32030001 2.29706
32040001 2.30534
32050001 2.29418
32060001 2.30843
32070001 2.29853
32080001 2.30944
32090001 2.29586
32100001 2.30438
32110001 2.29671
32120001 2.30711
32130001 2.2932
32140001 2.30962
32150001 2.29194
32160001 2.31003
32170001 2.29059
32180001 2.30807
32190001 2.29454
32200001 2.30613
32210001 2.29944
32220001 2.30543
32230001 2.30102
32240001 2.30345
32250001 2.30359
32260001 2.30285
32270001 2.30256
32280001 2.29713
32290001 2.30468
32300001 2.29883
32310001 2.3096
32320001 2.29378
32330001 2.30353
32340001 2.2918
32350001 2.30376
32360001 2.28699
32370001 2.30592
32380001 2.29268
32390001 2.31375
32400001 2.29232
32410001 2.31344
32420001 2.2927
32430001 2.31227
32440001 2.29804
32450001 2.30859
32460001 2.29802
32470001 2.30331
32480001 2.29814
32490001 2.30916
32500001 2.29667
32510001 2.31196
32520001 2.29762
32530001 2.3097
32540001 2.29751
32550001 2.30683
32560001 2.29619
32570001 2.30789
32580001 2.29391
32590001 2.30995
32600001 2.29165
32610001 2.30979
32620001 2.29456
32630001 2.30896
32640001 2.29664
32650001 2.30721
32660001 2.30022
32670001 2.30711
32680001 2.30846
32690001 2.30531
32700001 2.3067
32710001 2.30367
32720001 2.31028
32730001 2.2991
32740001 2.30707
32750001 2.29965
32760001 2.309
32770001 2.29446
32780001 2.30572
32790001 2.29212
32800001 2.30582
32810001 2.28807
32820001 2.30991
32830001 2.2946
32840001 2.31393
32850001 2.29213
32860001 2.31884
32870001 2.29498
32880001 2.31426
32890001 2.29745
32900001 2.30886
32910001 2.30127
32920001 2.30591
32930001 2.29857
32940001 2.31318
32950001 2.29925
32960001 2.31197
32970001 2.30102
32980001 2.30898
32990001 2.29808
33000001 2.3115
33010001 2.29674
33020001 2.30913
33030001 2.29658
33040001 2.30963
33050001 2.29529
33060001 2.31411
33070001 2.29506
33080001 2.30871
33090001 2.30415
33100001 2.30927
33110001 2.3054
33120001 2.30799
33130001 2.30731
33140001 2.30677
33150001 2.30667
33160001 2.30368
33170001 2.3092
33180001 2.29947
33190001 2.31241
33200001 2.29809
33210001 2.30821
33220001 2.29499
33230001 2.30671
33240001 2.292
33250001 2.30822
33260001 2.29584
33270001 2.31722
33280001 2.29528
33290001 2.31739
33300001 2.29683
33310001 2.31723
33320001 2.29701
33330001 2.31349
33340001 2.29945
33350001 2.3077
33360001 2.30157
33370001 2.31016
33380001 2.30069
33390001 2.31312
33400001 2.30376
33410001 2.31367
33420001 2.30117
33430001 2.30902
33440001 2.30148
33450001 2.31243
33460001 2.29779
33470001 2.31417
33480001 2.29603
33490001 2.31413
33500001 2.29517
33510001 2.31254
33520001 2.30101
33530001 2.31143
33540001 2.30456
33550001 2.31006
33560001 2.31096
33570001 2.30994
33580001 2.30826
33590001 2.30742
33600001 2.31079
33610001 2.30153
33620001 2.30925
33630001 2.30329
33640001 2.31489
33650001 2.29841
33660001 2.30812
33670001 2.29686
33680001 2.31172
33690001 2.29165
33700001 2.31449
33710001 2.29822
33720001 2.31895
33730001 2.29701
33740001 2.32049
33750001 2.29737
33760001 2.31894
33770001 2.30224
33780001 2.31296
33790001 2.30281
33800001 2.30797
33810001 2.3024
33820001 2.31328
33830001 2.30255
33840001 2.31651
33850001 2.30239
33860001 2.31342
33870001 2.30293
33880001 2.31137
33890001 2.30114
33900001 2.31449
33910001 2.29858
33920001 2.31437
33930001 2.29915
33940001 2.31417
33950001 2.29909
33960001 2.31351
33970001 2.30111
33980001 2.31206
33990001 2.3049
34000001 2.31172
34010001 2.31273
34020001 2.31204
34030001 2.31066
34040001 2.30784
34050001 2.3139
34060001 2.30376
34070001 2.31394
34080001 2.3027
34090001 2.31319
34100001 2.29916
34110001 2.3104
34120001 2.29625
34130001 2.31063
34140001 2.29954
34150001 2.31856
34160001 2.29826
34170001 2.31916
34180001 2.30234
34190001 2.32316
34200001 2.2995
34210001 2.31868
34220001 2.30051
34230001 2.31323
34240001 2.30619
34250001 2.31077
34260001 2.30203
34270001 2.31735
34280001 2.30736
34290001 2.31902
34300001 2.30434
34310001 2.31314
34320001 2.30307
34330001 2.31597
34340001 2.3024
34350001 2.31964
34360001 2.30096
34370001 2.31679
34380001 2.29927
34390001 2.31898
34400001 2.30097
34410001 2.31455
34420001 2.30831
34430001 2.31396
34440001 2.3096
34450001 2.31267
34460001 2.31193
34470001 2.31137
34480001 2.31047
34490001 2.30599
34500001 2.31343
34510001 2.3039
34520001 2.31652
34530001 2.30258
34540001 2.31226
34550001 2.30051
34560001 2.31098
34570001 2.29657
34580001 2.31457
34590001 2.30141
34600001 2.32278
34610001 2.30108
34620001 2.3217
34630001 2.30125
34640001 2.32161
34650001 2.30153
34660001 2.31733
34670001 2.30631
34680001 2.31197
34690001 2.30663
34700001 2.31409
34710001 2.30529
34720001 2.32048
34730001 2.30625
34740001 2.31838
34750001 2.30601
34760001 2.31208
34770001 2.30531
34780001 2.31656
34790001 2.30231
34800001 2.31828
34810001 2.30018
34820001 2.31725
34830001 2.30243
34840001 2.31758
34850001 2.30546
34860001 2.31586
34870001 2.30896
34880001 2.31455
34890001 2.31587
34900001 2.31393
34910001 2.3151
34920001 2.31204
34930001 2.31513
34940001 2.30581
34950001 2.3137
34960001 2.30772
34970001 2.31767
34980001 2.30284
34990001 2.31431
35000001 2.30109
35010001 2.31414
35020001 2.29552
35030001 2.3183
35040001 2.30288
35050001 2.32241
35060001 2.30142
35070001 2.32718
35080001 2.3018
35090001 2.32298
35100001 2.30613
35110001 2.31712
35120001 2.30744
35130001 2.31211
35140001 2.30722
35150001 2.31739
35160001 2.30836
35170001 2.32041
35180001 2.3077
35190001 2.31761
35200001 2.30698
35210001 2.31765
35220001 2.30516
35230001 2.3178
35240001 2.30401
35250001 2.31879
35260001 2.30364
35270001 2.31987
35280001 2.30364
35290001 2.31722
35300001 2.3125
35310001 2.31721
35320001 2.31377
35330001 2.3161
35340001 2.31719
35350001 2.31542
35360001 2.31518
35370001 2.3121
35380001 2.31819
35390001 2.30786
35400001 2.31927
35410001 2.30682
35420001 2.31672
35430001 2.30366
35440001 2.31566
35450001 2.30068
35460001 2.31477
35470001 2.30414
35480001 2.32541
35490001 2.30416
35500001 2.32554
35510001 2.30428
35520001 2.32653
35530001 2.30387
35540001 2.32193
35550001 2.30766
35560001 2.31658
35570001 2.31007
35580001 2.31831
35590001 2.30721
35600001 2.32137
35610001 2.31152
35620001 2.32236
35630001 2.30886
35640001 2.31733
35650001 2.3097
35660001 2.32003
35670001 2.3062
35680001 2.32251
35690001 2.30491
35700001 2.32291
35710001 2.30358
35720001 2.32097
35730001 2.30745
35740001 2.31902
35750001 2.31236
35760001 2.31824
35770001 2.31393
35780001 2.31634
35790001 2.31647
35800001 2.31573
35810001 2.31545
35820001 2.31005
35830001 2.3175
35840001 2.31171
35850001 2.32243
35860001 2.3067
35870001 2.31634
35880001 2.30472
35890001 2.31658
35900001 2.29993
35910001 2.31875
35920001 2.30804
35930001 2.32652
35940001 2.30521
35950001 2.32622
35960001 2.30556
35970001 2.32505
35980001 2.31089
35990001 2.32137
36000001 2.31086
36010001 2.3161
36020001 2.31093
36030001 2.32188
36040001 2.3095
36050001 2.32471
36060001 2.31043
36070001 2.32245
36080001 2.31031
36090001 2.31958
36100001 2.309
36110001 2.32082
36120001 2.30672
36130001 2.32266
36140001 2.30446
36150001 2.3225
36160001 2.30736
36170001 2.32166
36180001 2.30941
36190001 2.31988
36200001 2.31298
36210001 2.31979
36220001 2.32116
36230001 2.31799
36240001 2.31938
36250001 2.31636
36260001 2.32295
36270001 2.31183
36280001 2.31975
36290001 2.31241
36300001 2.32166
36310001 2.30711
36320001 2.31839
36330001 2.30487
36340001 2.31844
36350001 2.30363
36360001 2.32256
36370001 2.30726
36380001 2.32653
36390001 2.30484
36400001 2.33141
36410001 2.30766
36420001 2.32676
36430001 2.31011
36440001 2.32146
36450001 2.31392
36460001 2.31848
36470001 2.31123
36480001 2.32574
36490001 2.31187
36500001 2.32454
36510001 2.31364
36520001 2.32156
36530001 2.3107
36540001 2.32406
36550001 2.30933
36560001 2.32164
36570001 2.3092
36580001 2.32214
36590001 2.3079
36600001 2.32663
36610001 2.30766
36620001 2.32125
36630001 2.31672
36640001 2.32181
36650001 2.31805
36660001 2.32052
36670001 2.31984
36680001 2.3193
36690001 2.31919
36700001 2.31419
36710001 2.32171
36720001 2.31203
36730001 2.32488
36740001 2.31059
36750001 2.32064
36760001 2.30755
36770001 2.31921
36780001 2.30458
36790001 2.3207
36800001 2.30839
36810001 2.33079
36820001 2.30778
36830001 2.32981
36840001 2.30936
36850001 2.32964
36860001 2.3095
36870001 2.32591
36880001 2.31192
36890001 2.32013
36900001 2.31404
36910001 2.32259
36920001 2.31315
36930001 2.32527
36940001 2.31622
36950001 2.32607
36960001 2.31363
36970001 2.32141
36980001 2.31393
36990001 2.32481
37000001 2.31026
37010001 2.32653
37020001 2.30846
37030001 2.32649
37040001 2.30763
37050001 2.32491
37060001 2.31344
37070001 2.3238
37080001 2.31693
37090001 2.32242
37100001 2.32331
37110001 2.3223
37120001 2.32061
37130001 2.31985
37140001 2.3231
37150001 2.31393
37160001 2.32157
37170001 2.31566
37180001 2.32719
37190001 2.31075
37200001 2.32046
37210001 2.30922
37220001 2.32404
37230001 2.30404
37240001 2.32679
37250001 2.3111
37260001 2.3312
37270001 2.30938
37280001 2.33272
37290001 2.30972
37300001 2.33118
37310001 2.31455
37320001 2.32504
37330001 2.31513
37340001 2.32011
37350001 2.31472
37360001 2.32553
37370001 2.31506
37380001 2.32873
37390001 2.31462
37400001 2.32565
37410001 2.31509
37420001 2.32361
37430001 2.31342
37440001 2.32669
37450001 2.31088
37460001 2.32658
37470001 2.31144
37480001 2.32638
37490001 2.31137
37500001 2.32572
37510001 2.31337
37520001 2.32425
37530001 2.31702
37540001 2.32392
37550001 2.32492
37560001 2.32423
37570001 2.32284
37580001 2.32001
37590001 2.32606
37600001 2.31598
37610001 2.32595
37620001 2.31489
37630001 2.32535
37640001 2.31136
37650001 2.32256
37660001 2.30845
37670001 2.32278
37680001 2.31164
37690001 2.33067
37700001 2.31046
37710001 2.33126
37720001 2.31452
37730001 2.33523
37740001 2.31169
37750001 2.33077
37760001 2.31268
37770001 2.32535
37780001 2.31835
37790001 2.32289
37800001 2.31545
37810001 2.32942
37820001 2.31949
37830001 2.33108
37840001 2.31648
37850001 2.32523
37860001 2.31521
37870001 2.32804
37880001 2.31454
37890001 2.33161
37900001 2.3131
37910001 2.32884
37920001 2.3114
37930001 2.33097
37940001 2.31308
37950001 2.3266
37960001 2.32036
37970001 2.32596
37980001 2.32167
37990001 2.32472
38000001 2.32442
38010001 2.32342
38020001 2.32252
38030001 2.31805
38040001 2.32577
38050001 2.31579
38060001 2.32852
38070001 2.31465
38080001 2.32426
38090001 2.31256
38100001 2.323
38110001 2.30847
38120001 2.32656
38130001 2.31338
38140001 2.33471
38150001 2.31316
38160001 2.33364
38170001 2.31329
38180001 2.33354
38190001 2.31357
38200001 2.32927
38210001 2.31832
38220001 2.32394
38230001 2.31862
38240001 2.326
38250001 2.31729
38260001 2.33239
38270001 2.31823
38280001 2.33029
38290001 2.31799
38300001 2.324
38310001 2.31729
38320001 2.32848
38330001 2.31427
38340001 2.33017
38350001 2.31217
38360001 2.32915
38370001 2.3144
38380001 2.32947
38390001 2.31741
38400001 2.32775
38410001 2.32089
38420001 2.32642
38430001 2.32776
38440001 2.32582
38450001 2.32697
38460001 2.32393
38470001 2.327
38480001 2.31769
38490001 2.32545
38500001 2.31962
38510001 2.3295
38520001 2.31474
38530001 2.32618
38540001 2.31302
38550001 2.326
38560001 2.30747
38570001 2.33013
38580001 2.31479
38590001 2.33421
38600001 2.31332
38610001 2.33896
38620001 2.31352
38630001 2.33476
38640001 2.318
38650001 2.32894
38660001 2.31929
38670001 2.32394
38680001 2.31909
38690001 2.32918
38700001 2.3202
38710001 2.33218
38720001 2.31954
38730001 2.32939
38740001 2.3188
38750001 2.32943
38760001 2.31699
38770001 2.32956
38780001 2.31583
38790001 2.33054
38800001 2.31546
38810001 2.33161
38820001 2.31547
38830001 2.32895
38840001 2.32426
38850001 2.32896
38860001 2.32554
38870001 2.32779
38880001 2.32894
38890001 2.32717
38900001 2.32688
38910001 2.32385
38920001 2.32991
38930001 2.31944
38940001 2.33092
38950001 2.31859
38960001 2.32844
38970001 2.31543
38980001 2.32711
38990001 2.31247
39000001 2.32648
39010001 2.31588
39020001 2.33707
39030001 2.31591
39040001 2.33765
39050001 2.31604
39060001 2.33816
39070001 2.31562
39080001 2.33339
39090001 2.31936
39100001 2.32822
39110001 2.32177
39120001 2.32997
39130001 2.31891
39140001 2.33302
39150001 2.32319
39160001 2.33399
39170001 2.32055
39180001 2.32897
39190001 2.32138
39200001 2.33166
39210001 2.3179
39220001 2.33412
39230001 2.31661
39240001 2.33435
39250001 2.31528
39260001 2.33258
39270001 2.31912
39280001 2.33052
39290001 2.32401
39300001 2.32984
39310001 2.32556
39320001 2.32796
39330001 2.32808
39340001 2.32734
39350001 2.32705
39360001 2.32168
39370001 2.32909
39380001 2.32332
39390001 2.33399
39400001 2.31834
39410001 2.32793
39420001 2.31635
39430001 2.32816
39440001 2.31159
39450001 2.3303
39460001 2.31964
39470001 2.33804
39480001 2.3168
39490001 2.33771
39500001 2.31717
39510001 2.33656
39520001 2.32247
39530001 2.3329
39540001 2.32244
39550001 2.32765
39560001 2.32249
39570001 2.3334
39580001 2.32108
39590001 2.33619
39600001 2.32199
39610001 2.33389
39620001 2.32184
39630001 2.33108
39640001 2.32052
39650001 2.33229
39660001 2.31827
39670001 2.33404
39680001 2.31603
39690001 2.33394
39700001 2.31888
39710001 2.33313
39720001 2.32089
39730001 2.33136
39740001 2.32448
39750001 2.33126
39760001 2.33237
39770001 2.32939
39780001 2.33082
39790001 2.32783
39800001 2.33439
39810001 2.3233
39820001 2.33118
39830001 2.3239
39840001 2.3331
39850001 2.31861
39860001 2.32984
39870001 2.31638
39880001 2.32988
39890001 2.31514
39900001 2.33396
39910001 2.31875
39920001 2.33792
39930001 2.31633
39940001 2.34278
39950001 2.31912
39960001 2.33815
39970001 2.32156
39980001 2.33286
39990001 2.32536
40000001 2.32989
40010001 2.32266
40020001 2.3371
40030001 2.32331
40040001 2.33589
40050001 2.32505
40060001 2.33294
40070001 2.32213
40080001 2.33542
40090001 2.32076
40100001 2.33301
40110001 2.32061
40120001 2.33349
40130001 2.31933
40140001 2.33795
40150001 2.31909
40160001 2.3326
40170001 2.32808
40180001 2.33315
40190001 2.32941
40200001 2.33187
40210001 2.33117
40220001 2.33063
40230001 2.33053
40240001 2.32552
40250001 2.33303
40260001 2.32339
40270001 2.33619
40280001 2.32196
40290001 2.33184
40300001 2.31858
40310001 2.33053
40320001 2.31596
40330001 2.33201
40340001 2.31975
40350001 2.34205
40360001 2.32035
40370001 2.34106
40380001 2.3207
40390001 2.34088
40400001 2.32081
40410001 2.33718
40420001 2.32357
40430001 2.33142
40440001 2.32535
40450001 2.33384
40460001 2.32447
40470001 2.33649
40480001 2.3263
40490001 2.3373
40500001 2.32492
40510001 2.33262
40520001 2.32521
40530001 2.33603
40540001 2.32156
40550001 2.33773
40560001 2.31976
40570001 2.3376
40580001 2.31894
40590001 2.33613
40600001 2.3247
40610001 2.33501
40620001 2.32818
40630001 2.33364
40640001 2.33451
40650001 2.33349
40660001 2.33179
40670001 2.33108
40680001 2.3343
40690001 2.32485
40700001 2.33278
40710001 2.32688
40720001 2.33837
40730001 2.32199
40740001 2.33166
40750001 2.32047
40760001 2.33522
40770001 2.31531
40780001 2.33795
40790001 2.32204
40800001 2.34234
40810001 2.32061
40820001 2.34383
40830001 2.32095
40840001 2.3423
40850001 2.32575
40860001 2.33618
40870001 2.32632
40880001 2.33125
40890001 2.3259
40900001 2.33666
40910001 2.32624
40920001 2.33985
40930001 2.32579
40940001 2.33677
40950001 2.32626
40960001 2.33468
40970001 2.32459
40980001 2.33779
40990001 2.32221
41000001 2.33768
41010001 2.32262
41020001 2.33748
41030001 2.32254
41040001 2.33682
41050001 2.3245
41060001 2.33528
41070001 2.32812
41080001 2.335
41090001 2.33601
41100001 2.3353
41110001 2.33394
41120001 2.33111
41130001 2.33714
41140001 2.3271
41150001 2.33702
41160001 2.32601
41170001 2.33642
41180001 2.3225
41190001 2.33364
41200001 2.3196
41210001 2.33385
41220001 2.32275
41230001 2.3417
41240001 2.32158
41250001 2.34226
41260001 2.32561
41270001 2.34572
41280001 2.3228
41290001 2.34176
41300001 2.32377
41310001 2.33635
41320001 2.32941
41330001 2.33393
41340001 2.32651
41350001 2.34042
41360001 2.33051
41370001 2.34204
41380001 2.3272
41390001 2.33624
41400001 2.32626
41410001 2.33902
41420001 2.32559
41430001 2.34257
41440001 2.32413
41450001 2.33982
41460001 2.32242
41470001 2.34185
41480001 2.32411
41490001 2.33758
41500001 2.33134
41510001 2.33745
41520001 2.33266
41530001 2.33568
41540001 2.33518
41550001 2.3344
41560001 2.3335
41570001 2.32905
41580001 2.3362
41590001 2.3268
41600001 2.33946
41610001 2.32565
41620001 2.33519
41630001 2.32357
41640001 2.33397
41650001 2.31878
41660001 2.33747
41670001 2.32438
41680001 2.34553
41690001 2.32416
41700001 2.34453
41710001 2.32428
41720001 2.34444
41730001 2.32455
41740001 2.34018
41750001 2.32905
41760001 2.33487
41770001 2.32957
41780001 2.3369
41790001 2.32823
41800001 2.34326
41810001 2.32914
41820001 2.34116
41830001 2.32893
41840001 2.33489
41850001 2.32823
41860001 2.33936
41870001 2.32533
41880001 2.34104
41890001 2.32309
41900001 2.34001
41910001 2.32533
41920001 2.34033
41930001 2.32832
41940001 2.33862
41950001 2.33178
41960001 2.33729
41970001 2.33862
41980001 2.33668
41990001 2.33781
42000001 2.3348
42010001 2.33786
42020001 2.32857
42030001 2.33842
42040001 2.33051
42050001 2.34033
42060001 2.326
42070001 2.33699
42080001 2.32386
42090001 2.33685
42100001 2.31839
42110001 2.34094
42120001 2.32568
42130001 2.345
42140001 2.3242
42150001 2.3497
42160001 2.3244
42170001 2.34551
42180001 2.32885
42190001 2.33972
42200001 2.33014
42210001 2.33477
42220001 2.32994
42230001 2.33997
42240001 2.33098
42250001 2.34294
42260001 2.33037
42270001 2.34002
42280001 2.32963
42290001 2.34018
42300001 2.32783
42310001 2.3403
42320001 2.32666
42330001 2.34131
42340001 2.32628
42350001 2.34235
42360001 2.32629
42370001 2.33964
42380001 2.33504
42390001 2.33966
42400001 2.33631
42410001 2.33855
42420001 2.33965
42430001 2.33792
42440001 2.33764
42450001 2.33462
42460001 2.34065
42470001 2.33021
42480001 2.34164
42490001 2.32933
42500001 2.33918
42510001 2.32622
42520001 2.33785
42530001 2.32327
42540001 2.3372
42550001 2.32665
42560001 2.34776
42570001 2.32669
42580001 2.34831
42590001 2.32679
42600001 2.34883
42610001 2.32639
42620001 2.34408
42630001 2.33004
42640001 2.33892
42650001 2.33249
42660001 2.34063
42670001 2.32965
42680001 2.34369
42690001 2.33391
42700001 2.34466
42710001 2.33127
42720001 2.33966
42730001 2.33209
42740001 2.34233
42750001 2.3286
42760001 2.34477
42770001 2.32735
42780001 2.345
42790001 2.326
42800001 2.34322
42810001 2.32984
42820001 2.34117
42830001 2.33517
42840001 2.34048
42850001 2.33622
42860001 2.33861
42870001 2.33874
42880001 2.33799
42890001 2.33771
42900001 2.33235
42910001 2.33972
42920001 2.33398
42930001 2.34461
42940001 2.32902
42950001 2.33857
42960001 2.32704
42970001 2.33879
42980001 2.32229
42990001 2.34088
43000001 2.3303
43010001 2.34862
43020001 2.32748
43030001 2.34829
43040001 2.32783
43050001 2.34714
43060001 2.3331
43070001 2.34349
43080001 2.33307
43090001 2.33826
43100001 2.33312
43110001 2.34397
43120001 2.33173
43130001 2.34673
43140001 2.33262
43150001 2.34443
43160001 2.33246
43170001 2.34164
43180001 2.33114
43190001 2.34285
43200001 2.32889
43210001 2.34459
43220001 2.32666
43230001 2.34445
43240001 2.32949
43250001 2.34368
43260001 2.33149
43270001 2.34191
43280001 2.33503
43290001 2.34181
43300001 2.34288
43310001 2.34221
43320001 2.34136
43330001 2.33836
43340001 2.34492
43350001 2.33387
43360001 2.3417
43370001 2.33447
43380001 2.34359
43390001 2.3292
43400001 2.34037
43410001 2.32697
43420001 2.34039
43430001 2.32573
43440001 2.34447
43450001 2.32929
43460001 2.3484
43470001 2.3269
43480001 2.35324
43490001 2.32966
43500001 2.34859
43510001 2.33211
43520001 2.34335
43530001 2.33588
43540001 2.34037
43550001 2.3332
43560001 2.34756
43570001 2.33383
43580001 2.34635
43590001 2.33543
43600001 2.34341
43610001 2.33264
43620001 2.34588
43630001 2.33129
43640001 2.34347
43650001 2.33114
43660001 2.34389
43670001 2.32985
43680001 2.34838
43690001 2.33091
43700001 2.34305
43710001 2.33855
43720001 2.3436
43730001 2.33986
43740001 2.34232
43750001 2.34163
43760001 2.34104
43770001 2.34097
43780001 2.33599
43790001 2.34345
43800001 2.33383
43810001 2.34659
43820001 2.33235
43830001 2.34222
43840001 2.32907
43850001 2.34096
43860001 2.32646
43870001 2.34236
43880001 2.33022
43890001 2.35241
43900001 2.33083
43910001 2.35144
43920001 2.33117
43930001 2.35125
43940001 2.33127
43950001 2.34747
43960001 2.33397
43970001 2.34183
43980001 2.33627
43990001 2.34421
44000001 2.33485
44010001 2.34684
44020001 2.33672
44030001 2.34766
44040001 2.33534
44050001 2.34299
44060001 2.33563
44070001 2.34638
44080001 2.33199
44090001 2.34807
44100001 2.33019
44110001 2.34795
44120001 2.33251
44130001 2.34648
44140001 2.3351
44150001 2.34535
44160001 2.33856
44170001 2.34399
44180001 2.34486
44190001 2.34385
44200001 2.34214
44210001 2.34133
44220001 2.34464
44230001 2.33524
44240001 2.34313
44250001 2.33725
44260001 2.34868
44270001 2.33237
44280001 2.34199
44290001 2.33086
44300001 2.34556
44310001 2.32568
44320001 2.34822
44330001 2.33242
44340001 2.35263
44350001 2.33099
44360001 2.3541
44370001 2.33132
44380001 2.35257
44390001 2.33608
44400001 2.34648
44410001 2.33666
44420001 2.34157
44430001 2.33623
44440001 2.34696
44450001 2.33658
44460001 2.3501
44470001 2.33611
44480001 2.34557
44490001 2.33652
44500001 2.34496
44510001 2.33491
44520001 2.34806
44530001 2.33252
44540001 2.34794
44550001 2.33293
44560001 2.34774
44570001 2.33287
44580001 2.34708
44590001 2.3348
44600001 2.34554
44610001 2.33842
44620001 2.34526
44630001 2.34626
44640001 2.34556
44650001 2.3442
44660001 2.34138
44670001 2.34738
44680001 2.33739
44690001 2.34726
44700001 2.3361
44710001 2.34666
44720001 2.33279
44730001 2.34389
44740001 2.32989
44750001 2.34407
44760001 2.33304
44770001 2.35191
44780001 2.33343
44790001 2.35255
44800001 2.33542
44810001 2.3559
44820001 2.33306
44830001 2.35196
44840001 2.33396
44850001 2.34656
44860001 2.33965
44870001 2.34382
44880001 2.33675
44890001 2.35056
44900001 2.34075
44910001 2.35222
44920001 2.33744
44930001 2.34644
44940001 2.3365
44950001 2.34919
44960001 2.33582
44970001 2.35273
44980001 2.33437
44990001 2.34999
45000001 2.33267
45010001 2.352
45020001 2.33435
45030001 2.34775
45040001 2.34154
45050001 2.34754
45060001 2.34285
45070001 2.34584
45080001 2.34532
45090001 2.34457
45100001 2.34366
45110001 2.33908
45120001 2.34636
45130001 2.33701
45140001 2.34959
45150001 2.33581
45160001 2.34535
45170001 2.33378
45180001 2.34408
45190001 2.32899
45200001 2.34761
45210001 2.33446
45220001 2.3556
45230001 2.33446
45240001 2.35464
45250001 2.33447
45260001 2.3543
45270001 2.33537
45280001 2.3503
45290001 2.3392
45300001 2.34501
45310001 2.33972
45320001 2.34702
45330001 2.33833
45340001 2.35333
45350001 2.33926
45360001 2.35122
45370001 2.33907
45380001 2.34501
45390001 2.33838
45400001 2.34945
45410001 2.33549
45420001 2.35112
45430001 2.33325
45440001 2.35007
45450001 2.33548
45460001 2.35041
45470001 2.33844
45480001 2.34871
45490001 2.34155
45500001 2.34738
45510001 2.3487
45520001 2.34668
45530001 2.34788
45540001 2.34488
45550001 2.3479
45560001 2.33868
45570001 2.34847
45580001 2.34061
45590001 2.35039
45600001 2.3361
45610001 2.34706
45620001 2.33398
45630001 2.34699
45640001 2.32848
45650001 2.35097
45660001 2.33584
45670001 2.35503
45680001 2.33431
45690001 2.35991
45700001 2.33451
45710001 2.3555
45720001 2.33893
45730001 2.34974
45740001 2.34022
45750001 2.34477
45760001 2.34001
45770001 2.34994
45780001 2.34105
45790001 2.35292
45800001 2.34044
45810001 2.35004
45820001 2.3392
45830001 2.3502
45840001 2.33788
45850001 2.35026
45860001 2.33672
45870001 2.35129
45880001 2.33634
45890001 2.35235
45900001 2.33634
45910001 2.34963
45920001 2.34506
45930001 2.34965
45940001 2.34632
45950001 2.34855
45960001 2.34964
45970001 2.34792
45980001 2.3476
45990001 2.34461
46000001 2.35063
46010001 2.34024
46020001 2.35162
46030001 2.33934
46040001 2.34916
46050001 2.3362
46060001 2.34782
46070001 2.33331
46080001 2.34718
46090001 2.33668
46100001 2.35768
46110001 2.33671
46120001 2.35824
46130001 2.33681
46140001 2.35874
46150001 2.33639
46160001 2.35401
46170001 2.34003
46180001 2.34847
46190001 2.34247
46200001 2.35058
46210001 2.34154
46220001 2.35363
46230001 2.34384
46240001 2.35458
46250001 2.34123
46260001 2.3496
46270001 2.34205
46280001 2.35221
46290001 2.33856
46300001 2.35468
46310001 2.33734
46320001 2.3549
46330001 2.33596
46340001 2.35294
46350001 2.33978
46360001 2.35109
46370001 2.34511
46380001 2.3504
46390001 2.34609
46400001 2.34853
46410001 2.34866
46420001 2.34792
46430001 2.34761
46440001 2.34228
46450001 2.34959
46460001 2.34389
46470001 2.35449
46480001 2.33898
46490001 2.34847
46500001 2.33699
46510001 2.35188
46520001 2.33221
46530001 2.35434
46540001 2.34023
46550001 2.35844
46560001 2.33741
46570001 2.35814
46580001 2.33776
46590001 2.35693
46600001 2.34301
46610001 2.35336
46620001 2.34298
46630001 2.34815
46640001 2.34302
46650001 2.35383
46660001 2.34162
46670001 2.35651
46680001 2.34251
46690001 2.35427
46700001 2.34235
46710001 2.3515
46720001 2.34104
46730001 2.3527
46740001 2.3388
46750001 2.35442
46760001 2.33657
46770001 2.35429
46780001 2.33939
46790001 2.35348
46800001 2.34137
46810001 2.35172
46820001 2.34489
46830001 2.35168
46840001 2.35271
46850001 2.35204
46860001 2.35119
46870001 2.34821
46880001 2.35472
46890001 2.34373
46900001 2.35152
46910001 2.34427
46920001 2.35321
46930001 2.33907
46940001 2.35019
46950001 2.33676
46960001 2.35021
46970001 2.3356
46980001 2.35427
46990001 2.33915
47000001 2.35817
47010001 2.33675
47020001 2.363
47030001 2.33952
47040001 2.35835
47050001 2.34193
47060001 2.35312
47070001 2.34571
47080001 2.35015
47090001 2.34302
47100001 2.35733
47110001 2.34364
47120001 2.35612
47130001 2.34506
47140001 2.35319
47150001 2.34245
47160001 2.35565
47170001 2.3411
47180001 2.35324
47190001 2.34096
47200001 2.35624
47210001 2.33967
47220001 2.35812
47230001 2.34031
47240001 2.35279
47250001 2.34833
47260001 2.35336
47270001 2.34963
47280001 2.35208
47290001 2.35139
47300001 2.3508
47310001 2.35074
47320001 2.34577
47330001 2.35319
47340001 2.34362
47350001 2.35631
47360001 2.34214
47370001 2.35195
47380001 2.33887
47390001 2.35069
47400001 2.33627
47410001 2.35209
47420001 2.34
47430001 2.3621
47440001 2.34061
47450001 2.36113
47460001 2.34074
47470001 2.36094
47480001 2.34097
47490001 2.35714
47500001 2.34372
47510001 2.35155
47520001 2.34602
47530001 2.35393
47540001 2.3445
47550001 2.35654
47560001 2.34645
47570001 2.35734
47580001 2.34508
47590001 2.35266
47600001 2.34535
47610001 2.35603
47620001 2.34172
47630001 2.35774
47640001 2.33994
47650001 2.35763
47660001 2.34223
47670001 2.35616
47680001 2.34482
47690001 2.355
47700001 2.34826
47710001 2.35365
47720001 2.35453
47730001 2.3535
47740001 2.35183
47750001 2.35102
47760001 2.35432
47770001 2.34493
47780001 2.35279
47790001 2.34694
47800001 2.35833
47810001 2.34204
47820001 2.35166
47830001 2.34058
47840001 2.35522
47850001 2.33542
47860001 2.35785
47870001 2.34213
47880001 2.36225
47890001 2.34064
47900001 2.36371
47910001 2.34102
47920001 2.36218
47930001 2.34577
47940001 2.3561
47950001 2.34634
47960001 2.35122
47970001 2.34589
47980001 2.35659
47990001 2.34625
48000001 2.35971
48010001 2.34579
48020001 2.3552
48030001 2.34618
48040001 2.35458
48050001 2.34458
48060001 2.35766
48070001 2.34208
48080001 2.35754
48090001 2.3426
48100001 2.35734
48110001 2.34254
48120001 2.35668
48130001 2.34445
48140001 2.35515
48150001 2.34803
48160001 2.35487
48170001 2.35584
48180001 2.35516
48190001 2.3538
48200001 2.351
48210001 2.35695
48220001 2.347
48230001 2.35685
48240001 2.34573
48250001 2.35624
48260001 2.34243
48270001 2.35349
48280001 2.33953
48290001 2.35358
48300001 2.34267
48310001 2.36146
48320001 2.34307
48330001 2.3621
48340001 2.34503
48350001 2.3654
48360001 2.3427
48370001 2.3615
48380001 2.34356
48390001 2.35607
48400001 2.34924
48410001 2.3534
48420001 2.3463
48430001 2.3601
48440001 2.35033
48450001 2.36126
48460001 2.34703
48470001 2.35506
48480001 2.34606
48490001 2.35867
48500001 2.34541
48510001 2.36225
48520001 2.34397
48530001 2.35952
48540001 2.34227
48550001 2.36151
48560001 2.3439
48570001 2.35729
48580001 2.35109
48590001 2.35706
48600001 2.3524
48610001 2.35539
48620001 2.35483
48630001 2.35411
48640001 2.3532
48650001 2.34863
48660001 2.35589
48670001 2.34655
48680001 2.35911
48690001 2.34523
48700001 2.35488
48710001 2.34335
48720001 2.3536
48730001 2.33858
48740001 2.35713
48750001 2.34397
48760001 2.36508
48770001 2.344
48780001 2.36411
48790001 2.34397
48800001 2.36376
48810001 2.3449
48820001 2.35979
48830001 2.34869
48840001 2.35452
48850001 2.34925
48860001 2.3565
48870001 2.34787
48880001 2.3628
48890001 2.34879
48900001 2.36065
48910001 2.3486
48920001 2.35448
48930001 2.3479
48940001 2.35892
48950001 2.34501
48960001 2.36059
48970001 2.34278
48980001 2.35953
48990001 2.34501
49000001 2.35987
49010001 2.34772
49020001 2.35817
49030001 2.35104
49040001 2.35686
49050001 2.35814
49060001 2.35615
49070001 2.35733
49080001 2.35436
49090001 2.35736
49100001 2.34818
49110001 2.35793
49120001 2.35009
49130001 2.3598
49140001 2.34556
49150001 2.35649
49160001 2.34349
49170001 2.35644
49180001 2.33801
49190001 2.3604
49200001 2.34531
49210001 2.36444
49220001 2.3438
49230001 2.3693
49240001 2.34399
49250001 2.3649
49260001 2.34827
49270001 2.35916
49280001 2.34965
49290001 2.35421
49300001 2.34948
49310001 2.35936
49320001 2.35048
49330001 2.36233
49340001 2.34989
49350001 2.35945
49360001 2.34866
49370001 2.35953
49380001 2.34725
49390001 2.35967
49400001 2.34617
49410001 2.36066
49420001 2.3458
49430001 2.36381
49440001 2.34579
49450001 2.35902
49460001 2.35447
49470001 2.35905
49480001 2.35573
49490001 2.35795
49500001 2.35902
49510001 2.35756
49520001 2.357
49530001 2.35402
49540001 2.36
49550001 2.34966
49560001 2.36099
49570001 2.34874
49580001 2.35854
49590001 2.34561
49600001 2.35721
49610001 2.34277
49620001 2.35673
49630001 2.34611
49640001 2.36702
49650001 2.34612
49660001 2.36758
49670001 2.34621
49680001 2.36804
49690001 2.34582
49700001 2.36337
49710001 2.34942
49720001 2.35784
49730001 2.35185
49740001 2.35995
49750001 2.35094
49760001 2.36297
49770001 2.3532
49780001 2.36391
49790001 2.35061
49800001 2.35891
49810001 2.35139
49820001 2.36151
49830001 2.34794
49840001 2.36397
49850001 2.34673
49860001 2.36423
49870001 2.34535
49880001 2.36215
49890001 2.34915
49900001 2.36042
49910001 2.35447
49920001 2.35974
49930001 2.35543
49940001 2.35787
49950001 2.358
49960001 2.35726
49970001 2.35694
49980001 2.35164
49990001 2.35891
