1 15.8474
10001 5.45002
20001 2.98138
30001 2.12936
40001 1.64783
50001 1.3627
60001 1.14636
70001 0.994917
80001 0.872831
90001 0.777731
100001 0.697531
110001 0.635208
120001 0.580546
130001 0.533993
140001 0.498552
150001 0.460989
160001 0.433136
170001 0.408332
180001 0.386011
190001 0.367486
200001 0.350891
210001 0.33415
220001 0.321598
230001 0.31048
240001 0.297265
250001 0.288692
260001 0.279793
270001 0.273356
280001 0.267338
290001 0.261598
300001 0.254758
310001 0.256038
320001 0.244038
330001 0.24649
340001 0.240956
350001 0.241025
360001 0.237287
370001 0.234338
380001 0.229495
390001 0.227132
400001 0.225933
410001 0.222395
420001 0.22135
430001 0.22338
440001 0.222705
450001 0.21918
460001 0.218949
470001 0.218823
480001 0.219374
490001 0.212504
500001 0.217891
510001 0.213611
520001 0.219881
530001 0.216021
540001 0.215971
550001 0.211972
560001 0.209921
570001 0.211447
580001 0.210205
590001 0.208877
600001 0.211324
610001 0.211374
620001 0.209387
630001 0.218302
640001 0.208588
650001 0.211513
660001 0.211875
670001 0.211244
680001 0.212336
690001 0.213076
700001 0.209534
710001 0.210215
720001 0.210374
730001 0.206788
740001 0.207554
750001 0.206878
760001 0.207701
770001 0.208155
780001 0.208011
790001 0.206421
800001 0.213026
810001 0.203946
820001 0.211099
830001 0.208607
840001 0.212012
850001 0.21097
860001 0.210228
870001 0.207301
880001 0.206632
890001 0.207216
900001 0.205343
910001 0.205611
920001 0.209315
930001 0.209729
940001 0.207271
950001 0.207941
960001 0.208826
970001 0.210094
980001 0.203912
990001 0.209999
1000001 0.206415
1010001 0.213274
1020001 0.209883
1030001 0.210278
1040001 0.206536
1050001 0.204977
1060001 0.206885
1070001 0.206043
1080001 0.204917
1090001 0.207826
1100001 0.208045
1110001 0.20641
1120001 0.215569
1130001 0.205973
1140001 0.209034
1150001 0.209689
1160001 0.209084
1170001 0.210442
1180001 0.211336
1190001 0.207977
1200001 0.208693
1210001 0.209064
1220001 0.20553
1230001 0.206417
1240001 0.205957
1250001 0.206771
1260001 0.207351
1270001 0.207266
1280001 0.205798
1290001 0.212432
1300001 0.203455
1310001 0.210563
1320001 0.208267
1330001 0.211933
1340001 0.210768
1350001 0.21004
1360001 0.20714
1370001 0.206508
1380001 0.207283
1390001 0.205373
1400001 0.205672
1410001 0.209413
1420001 0.209879
1430001 0.207482
1440001 0.208164
1450001 0.209083
1460001 0.210384
1470001 0.20428
1480001 0.210339
1490001 0.206792
1500001 0.213644
1510001 0.210115
1520001 0.210688
1530001 0.207047
1540001 0.205489
1550001 0.207434
1560001 0.206615
1570001 0.205517
1580001 0.208453
1590001 0.20869
1600001 0.207068
1610001 0.216214
1620001 0.206185
1630001 0.209726
1640001 0.210334
1650001 0.209794
1660001 0.211146
1670001 0.212044
1680001 0.208743
1690001 0.209469
1700001 0.209822
1710001 0.206344
1720001 0.207235
1730001 0.206814
1740001 0.20763
1750001 0.208193
1760001 0.207796
1770001 0.206682
1780001 0.213277
1790001 0.204366
1800001 0.211452
1810001 0.209179
1820001 0.212809
1830001 0.211707
1840001 0.210985
1850001 0.208068
1860001 0.207464
1870001 0.208223
1880001 0.206355
1890001 0.206663
1900001 0.210393
1910001 0.210795
1920001 0.208505
1930001 0.209165
1940001 0.210086
1950001 0.211376
1960001 0.205291
1970001 0.211252
1980001 0.207839
1990001 0.214638
2000001 0.211142
2010001 0.211693
2020001 0.208085
2030001 0.206535
2040001 0.208477
2050001 0.207687
2060001 0.206588
2070001 0.209517
2080001 0.209754
2090001 0.208133
2100001 0.217275
2110001 0.207223
2120001 0.210765
2130001 0.211399
2140001 0.210853
2150001 0.212186
2160001 0.213045
2170001 0.209816
2180001 0.210532
2190001 0.210885
2200001 0.207196
2210001 0.208319
2220001 0.207903
2230001 0.209025
2240001 0.209274
2250001 0.208859
2260001 0.207768
2270001 0.21434
2280001 0.205468
2290001 0.212502
2300001 0.210249
2310001 0.213853
2320001 0.212778
2330001 0.212047
2340001 0.209087
2350001 0.208543
2360001 0.209308
2370001 0.207443
2380001 0.207755
2390001 0.21146
2400001 0.211872
2410001 0.209585
2420001 0.210242
2430001 0.211148
2440001 0.2124
2450001 0.214039
2460001 0.212267
2470001 0.208873
2480001 0.215564
2490001 0.212211
2500001 0.212733
2510001 0.209189
2520001 0.207611
2530001 0.20952
2540001 0.208731
2550001 0.207663
2560001 0.21057
2570001 0.210816
2580001 0.209182
2590001 0.218229
2600001 0.208273
2610001 0.211823
2620001 0.212416
2630001 0.21188
2640001 0.213786
2650001 0.21405
2660001 0.210855
2670001 0.211562
2680001 0.211899
2690001 0.208232
2700001 0.20934
2710001 0.208936
2720001 0.21006
2730001 0.210296
2740001 0.209872
2750001 0.208806
2760001 0.215346
2770001 0.206494
2780001 0.213487
2790001 0.211204
2800001 0.214841
2810001 0.213735
2820001 0.213026
2830001 0.210089
2840001 0.209543
2850001 0.210305
2860001 0.208449
2870001 0.208757
2880001 0.212455
2890001 0.212837
2900001 0.210574
2910001 0.213377
2920001 0.212136
2930001 0.213372
2940001 0.214982
2950001 0.213234
2960001 0.20984
2970001 0.21651
2980001 0.21317
2990001 0.213669
3000001 0.210147
3010001 0.208595
3020001 0.210476
3030001 0.209677
3040001 0.208632
3050001 0.211515
3060001 0.21177
3070001 0.21005
3080001 0.219097
3090001 0.209153
3100001 0.212673
3110001 0.213315
3120001 0.212797
3130001 0.214703
3140001 0.214962
3150001 0.21177
3160001 0.212478
3170001 0.212802
3180001 0.209162
3190001 0.210246
3200001 0.210101
3210001 0.210962
3220001 0.211203
3230001 0.210789
3240001 0.209714
3250001 0.216199
3260001 0.20739
3270001 0.214136
3280001 0.212185
3290001 0.215731
3300001 0.214619
3310001 0.213894
3320001 0.21094
3330001 0.210432
3340001 0.211168
3350001 0.209352
3360001 0.209619
3370001 0.213292
3380001 0.213702
3390001 0.211495
3400001 0.214567
3410001 0.212976
3420001 0.214232
3430001 0.215801
3440001 0.214057
3450001 0.210699
3460001 0.21734
3470001 0.213966
3480001 0.21451
3490001 0.21097
3500001 0.209436
3510001 0.211312
3520001 0.210524
3530001 0.209477
3540001 0.212347
3550001 0.212541
3560001 0.210885
3570001 0.21987
3580001 0.209909
3590001 0.21349
3600001 0.214124
3610001 0.213617
3620001 0.215458
3630001 0.215494
3640001 0.212573
3650001 0.21329
3660001 0.213582
3670001 0.209996
3680001 0.211047
3690001 0.210535
3700001 0.211763
3710001 0.211999
3720001 0.211588
3730001 0.210519
3740001 0.216969
3750001 0.208619
3760001 0.214911
3770001 0.21294
3780001 0.216504
3790001 0.215378
3800001 0.214685
3810001 0.211688
3820001 0.211185
3830001 0.211939
3840001 0.210107
3850001 0.210414
3860001 0.214073
3870001 0.214472
3880001 0.212201
3890001 0.215312
3900001 0.213412
3910001 0.214986
3920001 0.216547
3930001 0.214801
3940001 0.211413
3950001 0.218054
3960001 0.214708
3970001 0.215244
3980001 0.211709
3990001 0.210175
4000001 0.211997
4010001 0.211258
4020001 0.213009
4030001 0.21302
4040001 0.213265
4050001 0.211731
4060001 0.22072
4070001 0.210638
4080001 0.214217
4090001 0.214884
4100001 0.214339
4110001 0.216171
4120001 0.216178
4130001 0.213274
4140001 0.214051
4150001 0.214285
4160001 0.210712
4170001 0.211763
4180001 0.211251
4190001 0.212463
4200001 0.212691
4210001 0.212289
4220001 0.211225
4230001 0.217661
4240001 0.209329
4250001 0.215584
4260001 0.213588
4270001 0.217106
4280001 0.216066
4290001 0.215367
4300001 0.212385
4310001 0.211875
4320001 0.212474
4330001 0.210796
4340001 0.211107
4350001 0.214724
4360001 0.21515
4370001 0.212887
4380001 0.215956
4390001 0.214345
4400001 0.215656
4410001 0.217211
4420001 0.215465
4430001 0.212001
4440001 0.218691
4450001 0.215373
4460001 0.215837
4470001 0.212333
4480001 0.210833
4490001 0.212595
4500001 0.211923
4510001 0.213635
4520001 0.213667
4530001 0.213922
4540001 0.212379
4550001 0.222769
4560001 0.211295
4570001 0.214818
4580001 0.215508
4590001 0.214979
4600001 0.216814
4610001 0.216814
4620001 0.213918
4630001 0.214682
4640001 0.214907
4650001 0.211351
4660001 0.212405
4670001 0.211876
4680001 0.213099
4690001 0.213321
4700001 0.212917
4710001 0.211876
4720001 0.218275
4730001 0.209968
4740001 0.216168
4750001 0.21419
4760001 0.217676
4770001 0.21665
4780001 0.215909
4790001 0.212998
4800001 0.21249
4810001 0.213094
4820001 0.211414
4830001 0.211715
4840001 0.215317
4850001 0.215753
4860001 0.213497
4870001 0.216545
4880001 0.214922
4890001 0.216258
4900001 0.217796
4910001 0.216048
4920001 0.212598
4930001 0.219263
4940001 0.215962
4950001 0.216419
4960001 0.212929
4970001 0.211436
4980001 0.213193
4990001 0.212419
5000001 0.214225
5010001 0.214257
5020001 0.214503
5030001 0.213035
5040001 0.223331
5050001 0.21162
5060001 0.215351
5070001 0.216266
5080001 0.215557
5090001 0.217359
5100001 0.217367
5110001 0.214494
5120001 0.215248
5130001 0.21549
5140001 0.211933
5150001 0.213011
5160001 0.212446
5170001 0.213883
5180001 0.213892
5190001 0.213475
5200001 0.212271
5210001 0.218834
5220001 0.21054
5230001 0.21672
5240001 0.21475
5250001 0.218162
5260001 0.217198
5270001 0.216464
5280001 0.213537
5290001 0.213052
5300001 0.213644
5310001 0.211992
5320001 0.212272
5330001 0.215864
5340001 0.216303
5350001 0.214055
5360001 0.217072
5370001 0.215439
5380001 0.216756
5390001 0.218326
5400001 0.216515
5410001 0.213119
5420001 0.219804
5430001 0.216501
5440001 0.216958
5450001 0.213472
5460001 0.212153
5470001 0.213738
5480001 0.213036
5490001 0.214717
5500001 0.214779
5510001 0.215043
5520001 0.213578
5530001 0.223818
5540001 0.212148
5550001 0.215883
5560001 0.216751
5570001 0.216345
5580001 0.217837
5590001 0.217882
5600001 0.215015
5610001 0.215774
5620001 0.216011
5630001 0.212465
5640001 0.21354
5650001 0.212975
5660001 0.214412
5670001 0.214392
5680001 0.213971
5690001 0.212799
5700001 0.219336
5710001 0.211049
5720001 0.217215
5730001 0.215284
5740001 0.218658
5750001 0.217708
5760001 0.216971
5770001 0.214046
5780001 0.213562
5790001 0.214172
5800001 0.212501
5810001 0.212831
5820001 0.216377
5830001 0.216743
5840001 0.214544
5850001 0.217556
5860001 0.215939
5870001 0.217174
5880001 0.21881
5890001 0.216978
5900001 0.213628
5910001 0.220294
5920001 0.217006
5930001 0.217446
5940001 0.213977
5950001 0.212649
5960001 0.214227
5970001 0.213503
5980001 0.215216
5990001 0.215185
6000001 0.21554
6010001 0.21407
6020001 0.224296
6030001 0.212648
6040001 0.216376
6050001 0.217202
6060001 0.216821
6070001 0.218304
6080001 0.218359
6090001 0.215986
6100001 0.216297
6110001 0.216457
6120001 0.212956
6130001 0.214031
6140001 0.213466
6150001 0.214886
6160001 0.214804
6170001 0.214457
6180001 0.213263
6190001 0.219745
6200001 0.211533
6210001 0.217696
6220001 0.215758
6230001 0.219122
6240001 0.218176
6250001 0.217448
6260001 0.214508
6270001 0.214017
6280001 0.214658
6290001 0.212976
6300001 0.213182
6310001 0.216825
6320001 0.217207
6330001 0.214982
6340001 0.218019
6350001 0.216387
6360001 0.217632
6370001 0.219254
6380001 0.217441
6390001 0.214101
6400001 0.220748
6410001 0.217444
6420001 0.217908
6430001 0.214443
6440001 0.21292
6450001 0.214683
6460001 0.213953
6470001 0.215674
6480001 0.215495
6490001 0.215998
6500001 0.214512
6510001 0.224691
6520001 0.21312
6530001 0.216802
6540001 0.217652
6550001 0.217222
6560001 0.218697
6570001 0.218804
6580001 0.21642
6590001 0.216756
6600001 0.216909
6610001 0.213412
6620001 0.214474
6630001 0.213926
6640001 0.215336
6650001 0.215251
6660001 0.214907
6670001 0.213723
6680001 0.22016
6690001 0.212023
6700001 0.218088
6710001 0.216193
6720001 0.219563
6730001 0.218574
6740001 0.217818
6750001 0.214955
6760001 0.214465
6770001 0.21523
6780001 0.213693
6790001 0.213659
6800001 0.217305
6810001 0.217569
6820001 0.215425
6830001 0.218438
6840001 0.216868
6850001 0.218069
6860001 0.219687
6870001 0.217876
6880001 0.214519
6890001 0.22117
6900001 0.21789
6910001 0.218335
6920001 0.214867
6930001 0.213356
6940001 0.215118
6950001 0.214375
6960001 0.216082
6970001 0.215873
6980001 0.216428
6990001 0.214946
7000001 0.225061
7010001 0.213549
7020001 0.217254
7030001 0.218051
7040001 0.217649
7050001 0.219116
7060001 0.220263
7070001 0.216795
7080001 0.21717
7090001 0.217312
7100001 0.213834
7110001 0.214884
7120001 0.214333
7130001 0.215781
7140001 0.215676
7150001 0.215283
7160001 0.214127
7170001 0.220563
7180001 0.212455
7190001 0.218504
7200001 0.216628
7210001 0.219961
7220001 0.218987
7230001 0.218166
7240001 0.215638
7250001 0.214842
7260001 0.215611
7270001 0.214121
7280001 0.214064
7290001 0.217702
7300001 0.217967
7310001 0.215831
7320001 0.218808
7330001 0.217267
7340001 0.218465
7350001 0.220051
7360001 0.218265
7370001 0.214961
7380001 0.22157
7390001 0.218297
7400001 0.218716
7410001 0.215191
7420001 0.213764
7430001 0.215538
7440001 0.214776
7450001 0.216472
7460001 0.216793
7470001 0.216828
7480001 0.215356
7490001 0.225454
7500001 0.213966
7510001 0.217641
7520001 0.218451
7530001 0.218024
7540001 0.219513
7550001 0.220648
7560001 0.217192
7570001 0.217551
7580001 0.217702
7590001 0.215005
7600001 0.215245
7610001 0.214823
7620001 0.216181
7630001 0.216053
7640001 0.215691
7650001 0.214514
7660001 0.22094
7670001 0.212773
7680001 0.218883
7690001 0.217015
7700001 0.220335
7710001 0.219362
7720001 0.218544
7730001 0.216049
7740001 0.215225
7750001 0.216007
7760001 0.214512
7770001 0.214455
7780001 0.21796
7790001 0.21834
7800001 0.21624
7810001 0.219192
7820001 0.217465
7830001 0.218827
7840001 0.220416
7850001 0.218627
7860001 0.21532
7870001 0.221943
7880001 0.218691
7890001 0.21913
7900001 0.215555
7910001 0.214152
7920001 0.21592
7930001 0.215149
7940001 0.216822
7950001 0.217173
7960001 0.217224
7970001 0.2157
7980001 0.225184
7990001 0.214339
8000001 0.217981
8010001 0.218809
8020001 0.218403
8030001 0.219879
8040001 0.220754
8050001 0.217567
8060001 0.21789
8070001 0.218073
8080001 0.215429
8090001 0.215616
8100001 0.215182
8110001 0.216541
8120001 0.216415
8130001 0.216046
8140001 0.214874
8150001 0.221279
8160001 0.213142
8170001 0.219247
8180001 0.217367
8190001 0.22058
8200001 0.219715
8210001 0.219693
8220001 0.216498
8230001 0.215589
8240001 0.216349
8250001 0.214896
8260001 0.214763
8270001 0.218214
8280001 0.218567
8290001 0.216507
8300001 0.219533
8310001 0.217572
8320001 0.219201
8330001 0.220663
8340001 0.218991
8350001 0.218001
8360001 0.222327
8370001 0.219046
8380001 0.219479
8390001 0.21588
8400001 0.214524
8410001 0.216274
8420001 0.215515
8430001 0.217193
8440001 0.21752
8450001 0.2179
8460001 0.216151
8470001 0.22553
8480001 0.214702
8490001 0.218334
8500001 0.219159
8510001 0.218753
8520001 0.220226
8530001 0.221094
8540001 0.21792
8550001 0.218247
8560001 0.218435
8570001 0.215787
8580001 0.216183
8590001 0.21553
8600001 0.217735
8610001 0.216731
8620001 0.216399
8630001 0.215237
8640001 0.221614
8650001 0.213481
8660001 0.219572
8670001 0.217713
8680001 0.220912
8690001 0.220067
8700001 0.219913
8710001 0.216849
8720001 0.215914
8730001 0.21667
8740001 0.215217
8750001 0.215024
8760001 0.218533
8770001 0.218906
8780001 0.216855
8790001 0.219862
8800001 0.217897
8810001 0.219578
8820001 0.220989
8830001 0.219313
8840001 0.2183
8850001 0.22263
8860001 0.219383
8870001 0.21979
8880001 0.216218
8890001 0.214875
8900001 0.216616
8910001 0.215884
8920001 0.217533
8930001 0.217856
8940001 0.218244
8950001 0.216475
8960001 0.225748
8970001 0.215039
8980001 0.218604
8990001 0.219448
9000001 0.219074
9010001 0.220292
9020001 0.221427
9030001 0.21826
9040001 0.218573
9050001 0.218748
9060001 0.216107
9070001 0.216508
9080001 0.216042
9090001 0.218072
9100001 0.217061
9110001 0.216716
9120001 0.215577
9130001 0.221766
9140001 0.213817
9150001 0.219898
9160001 0.218046
9170001 0.221253
9180001 0.22025
9190001 0.220241
9200001 0.217182
9210001 0.216219
9220001 0.216986
9230001 0.215542
9240001 0.215359
9250001 0.21886
9260001 0.219216
9270001 0.217178
9280001 0.220179
9290001 0.21819
9300001 0.21989
9310001 0.221302
9320001 0.220412
9330001 0.21862
9340001 0.223377
9350001 0.219646
9360001 0.220107
9370001 0.216528
9380001 0.215191
9390001 0.21694
9400001 0.216199
9410001 0.218059
9420001 0.21818
9430001 0.218506
9440001 0.216768
9450001 0.226045
9460001 0.215303
9470001 0.219533
9480001 0.219765
9490001 0.21939
9500001 0.220593
9510001 0.221702
9520001 0.218579
9530001 0.21889
9540001 0.219061
9550001 0.216429
9560001 0.216817
9570001 0.216358
9580001 0.218381
9590001 0.217377
9600001 0.217035
9610001 0.215895
9620001 0.222075
9630001 0.214126
9640001 0.220147
9650001 0.218355
9660001 0.22156
9670001 0.220638
9680001 0.220542
9690001 0.217499
9700001 0.216532
9710001 0.217294
9720001 0.215838
9730001 0.215668
9740001 0.219109
9750001 0.219642
9760001 0.217455
9770001 0.220479
9780001 0.218469
9790001 0.22023
9800001 0.221543
9810001 0.220729
9820001 0.218921
9830001 0.223661
9840001 0.219891
9850001 0.220403
9860001 0.216857
9870001 0.215496
9880001 0.217237
9890001 0.216482
9900001 0.218365
9910001 0.218484
9920001 0.218802
9930001 0.217066
9940001 0.226134
9950001 0.215621
9960001 0.219835
9970001 0.220069
9980001 0.219681
9990001 0.22149
10000001 0.221993
10010001 0.218867
10020001 0.219177
10030001 0.21937
10040001 0.216729
10050001 0.217109
10060001 0.216663
10070001 0.218687
10080001 0.217656
10090001 0.217298
10100001 0.216854
10110001 0.222302
10120001 0.214437
10130001 0.220444
10140001 0.218657
10150001 0.221814
10160001 0.22093
10170001 0.220833
10180001 0.217783
10190001 0.216845
10200001 0.217562
10210001 0.216131
10220001 0.215967
10230001 0.219409
10240001 0.219846
10250001 0.217748
10260001 0.220765
10270001 0.21876
10280001 0.220522
10290001 0.221572
10300001 0.221013
10310001 0.219216
10320001 0.223955
10330001 0.22016
10340001 0.220669
10350001 0.217128
10360001 0.21579
10370001 0.217527
10380001 0.216774
10390001 0.21863
10400001 0.218758
10410001 0.219081
10420001 0.217339
10430001 0.226386
10440001 0.215848
10450001 0.220091
10460001 0.220346
10470001 0.219964
10480001 0.221776
10490001 0.222273
10500001 0.219143
10510001 0.21944
10520001 0.219649
10530001 0.216973
10540001 0.217385
10550001 0.217124
10560001 0.218966
10570001 0.217938
10580001 0.217573
10590001 0.217142
10600001 0.222531
10610001 0.214706
10620001 0.220723
10630001 0.218936
10640001 0.222079
10650001 0.221208
10660001 0.221109
10670001 0.218064
10680001 0.217111
10690001 0.217843
10700001 0.21641
10710001 0.216027
10720001 0.219679
10730001 0.22008
10740001 0.217953
10750001 0.2205
10760001 0.218753
10770001 0.220788
10780001 0.22165
10790001 0.221255
10800001 0.219487
10810001 0.224219
10820001 0.220415
10830001 0.220952
10840001 0.217409
10850001 0.216102
10860001 0.217806
10870001 0.217048
10880001 0.218906
10890001 0.219029
10900001 0.219351
10910001 0.217618
10920001 0.226642
10930001 0.216122
10940001 0.220351
10950001 0.220607
10960001 0.220168
10970001 0.221988
10980001 0.222524
10990001 0.219389
11000001 0.219756
11010001 0.21992
11020001 0.21725
11030001 0.21762
11040001 0.217361
11050001 0.219227
11060001 0.218169
11070001 0.217838
11080001 0.21742
11090001 0.222779
11100001 0.214929
11110001 0.220935
11120001 0.219206
11130001 0.22233
11140001 0.221493
11150001 0.221368
11160001 0.218329
11170001 0.217381
11180001 0.218215
11190001 0.216636
11200001 0.216214
11210001 0.219924
11220001 0.220334
11230001 0.218212
11240001 0.220721
11250001 0.218972
11260001 0.221032
11270001 0.221737
11280001 0.221516
11290001 0.219756
11300001 0.224426
11310001 0.220679
11320001 0.22121
11330001 0.217669
11340001 0.21637
11350001 0.218073
11360001 0.217309
11370001 0.219169
11380001 0.219286
11390001 0.219597
11400001 0.217864
11410001 0.226878
11420001 0.21653
11430001 0.2206
11440001 0.220816
11450001 0.220405
11460001 0.222243
11470001 0.222781
11480001 0.219639
11490001 0.220032
11500001 0.220173
11510001 0.217504
11520001 0.217868
11530001 0.217704
11540001 0.219458
11550001 0.218355
11560001 0.218075
11570001 0.217679
11580001 0.223039
11590001 0.215192
11600001 0.221189
11610001 0.219436
11620001 0.222537
11630001 0.221739
11640001 0.221604
11650001 0.218582
11660001 0.217644
11670001 0.218467
11680001 0.216889
11690001 0.216464
11700001 0.220157
11710001 0.22059
11720001 0.218444
11730001 0.220972
11740001 0.219308
11750001 0.221278
11760001 0.222052
11770001 0.221835
11780001 0.219995
11790001 0.224665
11800001 0.220926
11810001 0.221432
11820001 0.218303
11830001 0.216614
11840001 0.218282
11850001 0.217559
11860001 0.219409
11870001 0.219522
11880001 0.219839
11890001 0.218069
11900001 0.227115
11910001 0.216758
11920001 0.220848
11930001 0.221022
11940001 0.220653
11950001 0.222466
11960001 0.223023
11970001 0.219869
11980001 0.220271
11990001 0.220428
12000001 0.21772
12010001 0.218111
12020001 0.217985
12030001 0.219699
12040001 0.218596
12050001 0.218319
12060001 0.217896
12070001 0.223277
12080001 0.215411
12090001 0.221428
12100001 0.21967
12110001 0.222779
12120001 0.221918
12130001 0.221847
12140001 0.218787
12150001 0.217893
12160001 0.218748
12170001 0.217041
12180001 0.216672
12190001 0.220384
12200001 0.220796
12210001 0.218687
12220001 0.221201
12230001 0.21949
12240001 0.221502
12250001 0.222201
12260001 0.222067
12270001 0.220216
12280001 0.224898
12290001 0.221161
12300001 0.221667
12310001 0.218482
12320001 0.216889
12330001 0.218522
12340001 0.217763
12350001 0.219646
12360001 0.219762
12370001 0.220074
12380001 0.218299
12390001 0.226973
12400001 0.216995
12410001 0.221085
12420001 0.221225
12430001 0.220932
12440001 0.222684
12450001 0.223338
12460001 0.220088
12470001 0.220495
12480001 0.220659
12490001 0.217975
12500001 0.218351
12510001 0.218221
12520001 0.219923
12530001 0.218829
12540001 0.218555
12550001 0.218133
12560001 0.223494
12570001 0.21565
12580001 0.221678
12590001 0.219884
12600001 0.223008
12610001 0.222098
12620001 0.222073
12630001 0.219008
12640001 0.218068
12650001 0.218949
12660001 0.217327
12670001 0.216883
12680001 0.220504
12690001 0.22099
12700001 0.218946
12710001 0.221419
12720001 0.219687
12730001 0.221727
12740001 0.222434
12750001 0.22226
12760001 0.220419
12770001 0.225109
12780001 0.221381
12790001 0.221689
12800001 0.218686
12810001 0.217107
12820001 0.218737
12830001 0.217993
12840001 0.219791
12850001 0.219961
12860001 0.220303
12870001 0.218517
12880001 0.227188
12890001 0.217135
12900001 0.221287
12910001 0.221446
12920001 0.221177
12930001 0.222914
12940001 0.223552
12950001 0.220311
12960001 0.220719
12970001 0.220868
12980001 0.218195
12990001 0.218565
13000001 0.218405
13010001 0.220147
13020001 0.219158
13030001 0.219102
13040001 0.21833
13050001 0.22365
13060001 0.215793
13070001 0.221881
13080001 0.22006
13090001 0.223216
13100001 0.222313
13110001 0.222288
13120001 0.219208
13130001 0.21825
13140001 0.219155
13150001 0.217542
13160001 0.217149
13170001 0.220694
13180001 0.221198
13190001 0.219097
13200001 0.221635
13210001 0.219888
13220001 0.221945
13230001 0.222639
13240001 0.222469
13250001 0.220632
13260001 0.225318
13270001 0.221593
13280001 0.221822
13290001 0.218882
13300001 0.217304
13310001 0.218925
13320001 0.21822
13330001 0.219796
13340001 0.220177
13350001 0.220486
13360001 0.218727
13370001 0.227376
13380001 0.217318
13390001 0.221462
13400001 0.221654
13410001 0.221314
13420001 0.223096
13430001 0.223744
13440001 0.220519
13450001 0.220934
13460001 0.221063
13470001 0.218558
13480001 0.218777
13490001 0.219721
13500001 0.220358
13510001 0.219368
13520001 0.219317
13530001 0.218538
13540001 0.223833
13550001 0.215992
13560001 0.222086
13570001 0.22024
13580001 0.223422
13590001 0.222521
13600001 0.222475
13610001 0.219416
13620001 0.218444
13630001 0.219343
13640001 0.217753
13650001 0.217345
13660001 0.220877
13670001 0.22141
13680001 0.219303
13690001 0.221841
13700001 0.220087
13710001 0.222154
13720001 0.222824
13730001 0.222675
13740001 0.220808
13750001 0.225519
13760001 0.221734
13770001 0.221948
13780001 0.219078
13790001 0.21749
13800001 0.219092
13810001 0.218424
13820001 0.220003
13830001 0.220386
13840001 0.220685
13850001 0.219021
13860001 0.227552
13870001 0.21753
13880001 0.221643
13890001 0.22181
13900001 0.2215
13910001 0.223293
13920001 0.223944
13930001 0.220719
13940001 0.221077
13950001 0.221264
13960001 0.218849
13970001 0.218973
13980001 0.219902
13990001 0.220535
14000001 0.219571
14010001 0.219501
14020001 0.218688
14030001 0.224016
14040001 0.216178
14050001 0.222273
14060001 0.220436
14070001 0.223604
14080001 0.222713
14090001 0.222662
14100001 0.219611
14110001 0.218643
14120001 0.219151
14130001 0.217888
14140001 0.217473
14150001 0.221069
14160001 0.221594
14170001 0.219495
14180001 0.221904
14190001 0.220279
14200001 0.222349
14210001 0.223014
14220001 0.222836
14230001 0.220967
14240001 0.225702
14250001 0.221929
14260001 0.222428
14270001 0.219267
14280001 0.217682
14290001 0.21927
14300001 0.21862
14310001 0.220195
14320001 0.220597
14330001 0.2208
14340001 0.2192
14350001 0.227739
14360001 0.217711
14370001 0.221835
14380001 0.222
14390001 0.221635
14400001 0.223578
14410001 0.224119
14420001 0.22087
14430001 0.221215
14440001 0.221448
14450001 0.219016
14460001 0.219174
14470001 0.220071
14480001 0.220726
14490001 0.219762
14500001 0.219692
14510001 0.218872
14520001 0.22418
14530001 0.216372
14540001 0.222457
14550001 0.220625
14560001 0.223816
14570001 0.222882
14580001 0.222838
14590001 0.219897
14600001 0.218885
14610001 0.219329
14620001 0.217975
14630001 0.217662
14640001 0.221258
14650001 0.221768
14660001 0.219679
14670001 0.222089
14680001 0.220388
14690001 0.222521
14700001 0.223172
14710001 0.223008
14720001 0.22115
14730001 0.225886
14740001 0.222116
14750001 0.222592
14760001 0.219444
14770001 0.217853
14780001 0.21946
14790001 0.218801
14800001 0.220372
14810001 0.220621
14820001 0.220982
14830001 0.219378
14840001 0.227903
14850001 0.217897
14860001 0.221868
14870001 0.222326
14880001 0.221811
14890001 0.22375
14900001 0.22428
14910001 0.221056
14920001 0.221396
14930001 0.22161
14940001 0.219188
14950001 0.219355
14960001 0.220207
14970001 0.220878
14980001 0.219902
14990001 0.219871
15000001 0.21906
15010001 0.22434
15020001 0.216556
15030001 0.222637
15040001 0.220803
15050001 0.22392
15060001 0.223043
15070001 0.222978
15080001 0.220065
15090001 0.219075
15100001 0.219473
15110001 0.218148
15120001 0.217832
15130001 0.221409
15140001 0.221991
15150001 0.219854
15160001 0.22227
15170001 0.220545
15180001 0.2227
15190001 0.223359
15200001 0.223186
15210001 0.221397
15220001 0.225855
15230001 0.222285
15240001 0.222716
15250001 0.219616
15260001 0.218036
15270001 0.21962
15280001 0.21898
15290001 0.220544
15300001 0.22079
15310001 0.221137
15320001 0.219544
15330001 0.228046
15340001 0.218001
15350001 0.222037
15360001 0.222438
15370001 0.221947
15380001 0.22387
15390001 0.224429
15400001 0.221222
15410001 0.221549
15420001 0.22178
15430001 0.219361
15440001 0.219483
15450001 0.220375
15460001 0.221032
15470001 0.220082
15480001 0.22003
15490001 0.219234
15500001 0.224471
15510001 0.216708
15520001 0.222778
15530001 0.220948
15540001 0.224089
15550001 0.223203
15560001 0.223118
15570001 0.220225
15580001 0.219251
15590001 0.219559
15600001 0.218312
15610001 0.217995
15620001 0.221449
15630001 0.222157
15640001 0.220025
15650001 0.222429
15660001 0.220694
15670001 0.222868
15680001 0.223521
15690001 0.223346
15700001 0.222591
15710001 0.225356
15720001 0.222429
15730001 0.222831
15740001 0.219757
15750001 0.218201
15760001 0.219786
15770001 0.219149
15780001 0.220706
15790001 0.220939
15800001 0.221292
15810001 0.219694
15820001 0.228198
15830001 0.218168
15840001 0.2222
15850001 0.222587
15860001 0.222112
15870001 0.224032
15880001 0.224627
15890001 0.221387
15900001 0.221631
15910001 0.221947
15920001 0.219528
15930001 0.219632
15940001 0.220513
15950001 0.221195
15960001 0.220231
15970001 0.220184
15980001 0.219778
15990001 0.224625
16000001 0.216852
16010001 0.222942
16020001 0.221106
16030001 0.224238
16040001 0.223335
16050001 0.223277
16060001 0.220334
16070001 0.219433
16080001 0.219677
16090001 0.218471
16100001 0.218153
16110001 0.221581
16120001 0.222201
16130001 0.220171
16140001 0.222502
16150001 0.220829
16160001 0.223012
16170001 0.223661
16180001 0.223495
16190001 0.222737
16200001 0.225511
16210001 0.222582
16220001 0.222949
16230001 0.219818
16240001 0.218357
16250001 0.219957
16260001 0.219305
16270001 0.220856
16280001 0.221082
16290001 0.221439
16300001 0.219862
16310001 0.228348
16320001 0.218325
16330001 0.222447
16340001 0.222728
16350001 0.222262
16360001 0.224179
16370001 0.224598
16380001 0.221539
16390001 0.221785
16400001 0.221907
16410001 0.219684
16420001 0.219788
16430001 0.220629
16440001 0.221346
16450001 0.220373
16460001 0.220252
16470001 0.220406
16480001 0.224755
16490001 0.216999
16500001 0.223105
16510001 0.221247
16520001 0.224379
16530001 0.223474
16540001 0.223441
16550001 0.220608
16560001 0.219592
16570001 0.219833
16580001 0.218585
16590001 0.218263
16600001 0.221726
16610001 0.22235
16620001 0.220324
16630001 0.222527
16640001 0.220976
16650001 0.223261
16660001 0.223765
16670001 0.223641
16680001 0.222888
16690001 0.225634
16700001 0.222653
16710001 0.223096
16720001 0.219969
16730001 0.218489
16740001 0.220066
16750001 0.219485
16760001 0.220986
16770001 0.221228
16780001 0.221583
16790001 0.220008
16800001 0.228496
16810001 0.218462
16820001 0.222551
16830001 0.222862
16840001 0.222394
16850001 0.224326
16860001 0.224738
16870001 0.221671
16880001 0.221956
16890001 0.222042
16900001 0.219825
16910001 0.219936
16920001 0.220772
16930001 0.22149
16940001 0.220507
16950001 0.220628
16960001 0.220539
16970001 0.224888
16980001 0.217148
16990001 0.223246
17000001 0.221377
17010001 0.224513
17020001 0.223709
17030001 0.223585
17040001 0.220714
17050001 0.219737
17060001 0.219941
17070001 0.218725
17080001 0.218396
17090001 0.221868
17100001 0.22249
17110001 0.220449
17120001 0.222671
17130001 0.221192
17140001 0.223395
17150001 0.223895
17160001 0.223771
17170001 0.223032
17180001 0.225638
17190001 0.222788
17200001 0.223193
17210001 0.220106
17220001 0.218603
17230001 0.220201
17240001 0.219626
17250001 0.221112
17260001 0.221373
17270001 0.221721
17280001 0.220143
17290001 0.228622
17300001 0.218589
17310001 0.222689
17320001 0.223002
17330001 0.222521
17340001 0.224464
17350001 0.224864
17360001 0.221807
17370001 0.222058
17380001 0.222176
17390001 0.219967
17400001 0.220071
17410001 0.220878
17420001 0.221623
17430001 0.220653
17440001 0.220927
17450001 0.220678
17460001 0.224926
17470001 0.217243
17480001 0.223363
17490001 0.221502
17500001 0.224597
17510001 0.223738
17520001 0.223715
17530001 0.220837
17540001 0.219493
17550001 0.220087
17560001 0.218963
17570001 0.218518
17580001 0.222002
17590001 0.222657
17600001 0.220585
17610001 0.222795
17620001 0.22133
17630001 0.223506
17640001 0.224098
17650001 0.223905
17660001 0.223134
17670001 0.225737
17680001 0.222815
17690001 0.223322
17700001 0.220241
17710001 0.218734
17720001 0.220397
17730001 0.219703
17740001 0.221221
17750001 0.221615
17760001 0.2218
17770001 0.220257
17780001 0.228717
17790001 0.218723
17800001 0.222803
17810001 0.223126
17820001 0.223028
17830001 0.22463
17840001 0.225012
17850001 0.221939
17860001 0.22219
17870001 0.222303
17880001 0.2201
17890001 0.220155
17900001 0.221007
17910001 0.221753
17920001 0.220716
17930001 0.221055
17940001 0.220804
17950001 0.225048
17960001 0.217347
17970001 0.223491
17980001 0.221616
17990001 0.224783
18000001 0.223853
18010001 0.223683
18020001 0.220967
18030001 0.219605
18040001 0.220195
18050001 0.219088
18060001 0.21863
18070001 0.222038
18080001 0.222764
18090001 0.22071
18100001 0.222917
18110001 0.221426
18120001 0.223566
18130001 0.224218
18140001 0.224024
18150001 0.223258
18160001 0.225856
18170001 0.222921
18180001 0.22342
18190001 0.220366
18200001 0.218858
18210001 0.220512
18220001 0.220171
18230001 0.221348
18240001 0.221741
18250001 0.221903
18260001 0.220366
18270001 0.228836
18280001 0.218851
18290001 0.222916
18300001 0.223251
18310001 0.223077
18320001 0.224751
18330001 0.225128
18340001 0.22205
18350001 0.22229
18360001 0.222364
18370001 0.220205
18380001 0.220244
18390001 0.221128
18400001 0.221876
18410001 0.220883
18420001 0.221181
18430001 0.220922
18440001 0.225151
18450001 0.21747
18460001 0.223612
18470001 0.221726
18480001 0.224897
18490001 0.223958
18500001 0.22373
18510001 0.221556
18520001 0.21973
18530001 0.220313
18540001 0.219208
18550001 0.218733
18560001 0.222151
18570001 0.222886
18580001 0.220801
18590001 0.223023
18600001 0.221466
18610001 0.223689
18620001 0.224322
18630001 0.224113
18640001 0.223562
18650001 0.225948
18660001 0.222991
18670001 0.223541
18680001 0.220486
18690001 0.218951
18700001 0.22063
18710001 0.220287
18720001 0.22147
18730001 0.221855
18740001 0.222028
18750001 0.220442
18760001 0.228947
18770001 0.218971
18780001 0.22314
18790001 0.223348
18800001 0.223184
18810001 0.224816
18820001 0.225239
18830001 0.222224
18840001 0.222386
18850001 0.222479
18860001 0.22032
18870001 0.220397
18880001 0.221225
18890001 0.222021
18900001 0.220547
18910001 0.221405
18920001 0.221039
18930001 0.225148
18940001 0.217544
18950001 0.223673
18960001 0.22184
18970001 0.224995
18980001 0.22406
18990001 0.223836
19000001 0.221655
19010001 0.219812
19020001 0.220339
19030001 0.219302
19040001 0.218845
19050001 0.222246
19060001 0.222978
19070001 0.220928
19080001 0.223108
19090001 0.221562
19100001 0.223802
19110001 0.224409
19120001 0.224229
19130001 0.223888
19140001 0.226052
19150001 0.223094
19160001 0.223649
19170001 0.220582
19180001 0.219066
19190001 0.220749
19200001 0.22037
19210001 0.221611
19220001 0.221926
19230001 0.22214
19240001 0.220559
19250001 0.229052
19260001 0.219064
19270001 0.223234
19280001 0.223462
19290001 0.223284
19300001 0.224924
19310001 0.225351
19320001 0.222298
19330001 0.22249
19340001 0.222592
19350001 0.220302
19360001 0.220469
19370001 0.221332
19380001 0.222135
19390001 0.220652
19400001 0.221521
19410001 0.221124
19420001 0.225237
19430001 0.217644
19440001 0.223776
19450001 0.221904
19460001 0.225065
19470001 0.224167
19480001 0.223946
19490001 0.221759
19500001 0.219922
19510001 0.220443
19520001 0.219375
19530001 0.218926
19540001 0.222348
19550001 0.223086
19560001 0.221006
19570001 0.223257
19580001 0.22167
19590001 0.223909
19600001 0.224443
19610001 0.224329
19620001 0.224085
19630001 0.226155
19640001 0.22316
19650001 0.22374
19660001 0.220701
19670001 0.218988
19680001 0.22085
19690001 0.220478
19700001 0.221713
19710001 0.221985
19720001 0.222248
19730001 0.220631
19740001 0.229189
19750001 0.219178
19760001 0.223337
19770001 0.223561
19780001 0.223373
19790001 0.22503
19800001 0.225456
19810001 0.222401
19820001 0.222576
19830001 0.222698
19840001 0.220407
19850001 0.220575
19860001 0.22143
19870001 0.222209
19880001 0.220765
19890001 0.222032
19900001 0.22123
19910001 0.225319
19920001 0.21767
19930001 0.223878
19940001 0.22201
19950001 0.225131
19960001 0.224238
19970001 0.224041
19980001 0.221865
19990001 0.220021
20000001 0.220545
20010001 0.219489
20020001 0.219019
20030001 0.22244
20040001 0.223185
20050001 0.221061
20060001 0.223299
20070001 0.221777
20080001 0.223985
20090001 0.224444
20100001 0.224406
20110001 0.224183
20120001 0.226215
20130001 0.221862
20140001 0.223792
20150001 0.220798
20160001 0.219094
20170001 0.220948
20180001 0.220535
20190001 0.221755
20200001 0.221993
20210001 0.222346
20220001 0.220688
20230001 0.229287
20240001 0.219339
20250001 0.223434
20260001 0.223662
20270001 0.223501
20280001 0.225129
20290001 0.225658
20300001 0.222515
20310001 0.222666
20320001 0.222787
20330001 0.220501
20340001 0.220687
20350001 0.221522
20360001 0.222307
20370001 0.220863
20380001 0.222118
20390001 0.221333
20400001 0.225429
20410001 0.217775
20420001 0.223947
20430001 0.222111
20440001 0.225221
20450001 0.224331
20460001 0.224135
20470001 0.221959
20480001 0.220114
20490001 0.220646
20500001 0.219534
20510001 0.219117
20520001 0.222537
20530001 0.22327
20540001 0.221148
20550001 0.223397
20560001 0.221876
20570001 0.224064
20580001 0.224542
20590001 0.224483
20600001 0.224268
20610001 0.226296
20620001 0.221921
20630001 0.22386
20640001 0.2209
20650001 0.219193
20660001 0.221041
20670001 0.220632
20680001 0.221835
20690001 0.222061
20700001 0.222426
20710001 0.220749
20720001 0.229365
20730001 0.219433
20740001 0.223511
20750001 0.223745
20760001 0.22359
20770001 0.225496
20780001 0.225721
20790001 0.222604
20800001 0.222762
20810001 0.222827
20820001 0.22058
20830001 0.220776
20840001 0.221623
20850001 0.222391
20860001 0.22107
20870001 0.222212
20880001 0.221427
20890001 0.22552
20900001 0.217826
20910001 0.224137
20920001 0.222202
20930001 0.225315
20940001 0.224412
20950001 0.224139
20960001 0.222046
20970001 0.220209
20980001 0.220726
20990001 0.219599
21000001 0.219179
21010001 0.222595
21020001 0.223362
21030001 0.221267
21040001 0.223488
21050001 0.22196
21060001 0.224155
21070001 0.224634
21080001 0.224563
21090001 0.224339
21100001 0.226372
21110001 0.222001
21120001 0.223938
21130001 0.220985
21140001 0.219282
21150001 0.221135
21160001 0.220703
21170001 0.221917
21180001 0.222147
21190001 0.222398
21200001 0.220616
21210001 0.229405
21220001 0.219513
21230001 0.223589
21240001 0.223821
21250001 0.224294
21260001 0.225563
21270001 0.225814
21280001 0.222682
21290001 0.222848
21300001 0.222919
21310001 0.220604
21320001 0.220867
21330001 0.221716
21340001 0.222397
21350001 0.22116
21360001 0.222286
21370001 0.221512
21380001 0.225586
21390001 0.217877
21400001 0.224232
21410001 0.222285
21420001 0.225386
21430001 0.224493
21440001 0.224221
21450001 0.222134
21460001 0.220285
21470001 0.220812
21480001 0.219684
21490001 0.219204
21500001 0.222654
21510001 0.223406
21520001 0.221348
21530001 0.223575
21540001 0.22203
21550001 0.224247
21560001 0.224711
21570001 0.224587
21580001 0.224418
21590001 0.226469
21600001 0.222043
21610001 0.224027
21620001 0.221044
21630001 0.219364
21640001 0.223015
21650001 0.220789
21660001 0.22199
21670001 0.222535
21680001 0.222425
21690001 0.220665
21700001 0.229482
21710001 0.219597
21720001 0.223666
21730001 0.223895
21740001 0.224373
21750001 0.225648
21760001 0.22589
21770001 0.222729
21780001 0.222925
21790001 0.222985
21800001 0.220679
21810001 0.220936
21820001 0.221771
21830001 0.222488
21840001 0.221217
21850001 0.222351
21860001 0.221543
21870001 0.225646
21880001 0.217965
21890001 0.224313
21900001 0.222348
21910001 0.225452
21920001 0.225057
21930001 0.22431
21940001 0.22218
21950001 0.220347
21960001 0.220868
21970001 0.21977
21980001 0.219296
21990001 0.222715
22000001 0.223486
22010001 0.221432
22020001 0.223648
22030001 0.222139
22040001 0.224331
22050001 0.224786
22060001 0.224669
22070001 0.224489
22080001 0.226539
22090001 0.222101
22100001 0.224106
22110001 0.221129
22120001 0.219459
22130001 0.22314
22140001 0.220873
22150001 0.222565
22160001 0.222615
22170001 0.222503
22180001 0.220728
22190001 0.229632
22200001 0.219674
22210001 0.223734
22220001 0.223968
22230001 0.224429
22240001 0.225724
22250001 0.225994
22260001 0.222639
22270001 0.222565
22280001 0.223084
22290001 0.220764
22300001 0.221009
22310001 0.221736
22320001 0.222567
22330001 0.22129
22340001 0.22242
22350001 0.221768
22360001 0.225724
22370001 0.218015
22380001 0.224355
22390001 0.222426
22400001 0.225427
22410001 0.225114
22420001 0.22437
22430001 0.222234
22440001 0.220404
22450001 0.220946
22460001 0.219883
22470001 0.219349
22480001 0.222683
22490001 0.22359
22500001 0.221494
22510001 0.223718
22520001 0.222216
22530001 0.22442
22540001 0.224866
22550001 0.224748
22560001 0.224494
22570001 0.226592
22580001 0.222173
22590001 0.224192
22600001 0.221195
22610001 0.219543
22620001 0.223213
22630001 0.220945
22640001 0.222643
22650001 0.22268
22660001 0.222586
22670001 0.220803
22680001 0.229675
22690001 0.219746
22700001 0.223822
22710001 0.224023
22720001 0.224501
22730001 0.225803
22740001 0.226064
22750001 0.222699
22760001 0.222631
22770001 0.223129
22780001 0.220799
22790001 0.221104
22800001 0.221696
22810001 0.222582
22820001 0.221295
22830001 0.222472
22840001 0.221842
22850001 0.225771
22860001 0.218095
22870001 0.224732
22880001 0.222509
22890001 0.225473
22900001 0.225168
22910001 0.224443
22920001 0.22229
22930001 0.220507
22940001 0.221011
22950001 0.21995
22960001 0.219396
22970001 0.223372
22980001 0.223662
22990001 0.221611
23000001 0.223791
23010001 0.22229
23020001 0.224482
23030001 0.224909
23040001 0.224759
23050001 0.224556
23060001 0.226653
23070001 0.222219
23080001 0.224266
23090001 0.221239
23100001 0.219641
23110001 0.223238
23120001 0.221019
23130001 0.222714
23140001 0.222728
23150001 0.222664
23160001 0.220875
23170001 0.229738
23180001 0.219813
23190001 0.223879
23200001 0.224321
23210001 0.224572
23220001 0.225819
23230001 0.226125
23240001 0.222755
23250001 0.222685
23260001 0.222786
23270001 0.220862
23280001 0.221172
23290001 0.221786
23300001 0.224488
23310001 0.221367
23320001 0.222488
23330001 0.221897
23340001 0.225846
23350001 0.218154
23360001 0.224806
23370001 0.222583
23380001 0.225534
23390001 0.225269
23400001 0.224504
23410001 0.22238
23420001 0.220568
23430001 0.221046
23440001 0.219966
23450001 0.219453
23460001 0.223439
23470001 0.223648
23480001 0.221607
23490001 0.223893
23500001 0.222345
23510001 0.224888
23520001 0.22498
23530001 0.224825
23540001 0.224615
23550001 0.226746
23560001 0.222258
23570001 0.224323
23580001 0.221277
23590001 0.219685
23600001 0.223378
23610001 0.221092
23620001 0.222778
23630001 0.222751
23640001 0.222721
23650001 0.220904
23660001 0.229785
23670001 0.219882
23680001 0.223935
23690001 0.22437
23700001 0.224624
23710001 0.225865
23720001 0.226195
23730001 0.222803
23740001 0.22275
23750001 0.222831
23760001 0.2209
23770001 0.221221
23780001 0.221802
23790001 0.224512
23800001 0.221434
23810001 0.222556
23820001 0.222023
23830001 0.225913
23840001 0.218222
23850001 0.224865
23860001 0.222644
23870001 0.225618
23880001 0.225339
23890001 0.224568
23900001 0.222409
23910001 0.220609
23920001 0.221113
23930001 0.220027
23940001 0.219464
23950001 0.223493
23960001 0.223747
23970001 0.221594
23980001 0.223949
23990001 0.222402
24000001 0.224949
24010001 0.225046
24020001 0.224886
24030001 0.224695
24040001 0.226804
24050001 0.222309
24060001 0.224384
24070001 0.221342
24080001 0.21971
24090001 0.223443
24100001 0.221155
24110001 0.222842
24120001 0.222819
24130001 0.222753
24140001 0.221028
24150001 0.229838
24160001 0.219885
24170001 0.223956
24180001 0.224433
24190001 0.22469
24200001 0.225914
24210001 0.226274
24220001 0.222837
24230001 0.222704
24240001 0.22271
24250001 0.220966
24260001 0.221267
24270001 0.221844
24280001 0.224571
24290001 0.221496
24300001 0.222574
24310001 0.22208
24320001 0.225975
24330001 0.218288
24340001 0.224929
24350001 0.222692
24360001 0.225656
24370001 0.225387
24380001 0.224526
24390001 0.222499
24400001 0.220689
24410001 0.221158
24420001 0.219924
24430001 0.219515
24440001 0.223558
24450001 0.223743
24460001 0.221657
24470001 0.22401
24480001 0.222467
24490001 0.225001
24500001 0.225082
24510001 0.224947
24520001 0.224752
24530001 0.226866
24540001 0.222359
24550001 0.224446
24560001 0.221359
24570001 0.219574
24580001 0.223495
24590001 0.221215
24600001 0.222906
24610001 0.22307
24620001 0.222817
24630001 0.221082
24640001 0.229888
24650001 0.219926
24660001 0.223927
24670001 0.224491
24680001 0.224734
24690001 0.225977
24700001 0.226332
24710001 0.222869
24720001 0.222763
24730001 0.222785
24740001 0.221029
24750001 0.22129
24760001 0.221909
24770001 0.224576
24780001 0.22156
24790001 0.222639
24800001 0.222148
24810001 0.226066
24820001 0.218307
24830001 0.224985
24840001 0.222808
24850001 0.225711
24860001 0.225413
24870001 0.224577
24880001 0.222558
24890001 0.220732
24900001 0.221203
24910001 0.221623
24920001 0.219563
24930001 0.223619
24940001 0.223779
24950001 0.221956
24960001 0.224064
24970001 0.222517
24980001 0.225065
24990001 0.225131
25000001 0.225015
25010001 0.2248
25020001 0.226919
25030001 0.222406
25040001 0.224502
25050001 0.221397
25060001 0.219617
25070001 0.223518
25080001 0.221288
25090001 0.222926
25100001 0.223114
25110001 0.222869
25120001 0.221143
25130001 0.229947
25140001 0.219967
25150001 0.22395
25160001 0.224357
25170001 0.224782
25180001 0.22602
25190001 0.226387
25200001 0.22291
25210001 0.222829
25220001 0.222852
25230001 0.221084
25240001 0.221392
25250001 0.221939
25260001 0.224577
25270001 0.221619
25280001 0.22268
25290001 0.222845
25300001 0.226106
25310001 0.218368
25320001 0.225041
25330001 0.222798
25340001 0.225747
25350001 0.225471
25360001 0.224635
25370001 0.222615
25380001 0.220622
25390001 0.221279
25400001 0.221676
25410001 0.219625
25420001 0.223643
25430001 0.223839
25440001 0.222009
25450001 0.224105
25460001 0.222565
25470001 0.225138
25480001 0.225177
25490001 0.225083
25500001 0.224846
25510001 0.226958
25520001 0.222434
25530001 0.22454
25540001 0.221459
25550001 0.219644
25560001 0.223598
25570001 0.221336
25580001 0.222992
25590001 0.223143
25600001 0.222921
25610001 0.221194
25620001 0.229991
25630001 0.219949
25640001 0.22396
25650001 0.224409
25660001 0.224836
25670001 0.225979
25680001 0.226426
25690001 0.222952
25700001 0.222837
25710001 0.222898
25720001 0.221124
25730001 0.221465
25740001 0.221977
25750001 0.224625
25760001 0.221674
25770001 0.222514
25780001 0.222899
25790001 0.22615
25800001 0.218423
25810001 0.22508
25820001 0.222848
25830001 0.225744
25840001 0.225526
25850001 0.224677
25860001 0.22267
25870001 0.220669
25880001 0.221312
25890001 0.221689
25900001 0.219634
25910001 0.22367
25920001 0.223889
25930001 0.222062
25940001 0.224128
25950001 0.22262
25960001 0.225189
25970001 0.225114
25980001 0.224349
25990001 0.224871
26000001 0.22701
26010001 0.222463
26020001 0.224591
26030001 0.221549
26040001 0.219691
26050001 0.223762
26060001 0.221385
26070001 0.223044
26080001 0.223203
26090001 0.222972
26100001 0.221235
26110001 0.229988
26120001 0.219959
26130001 0.223595
26140001 0.224465
26150001 0.224857
26160001 0.226032
26170001 0.226479
26180001 0.223004
26190001 0.222607
26200001 0.222938
26210001 0.221154
26220001 0.221523
26230001 0.222028
26240001 0.224666
26250001 0.221714
26260001 0.222567
26270001 0.222944
26280001 0.226177
26290001 0.218477
26300001 0.224768
26310001 0.222888
26320001 0.225785
26330001 0.225578
26340001 0.224684
26350001 0.222964
26360001 0.220708
26370001 0.221361
26380001 0.221729
26390001 0.219568
26400001 0.223766
26410001 0.223875
26420001 0.222114
26430001 0.224169
26440001 0.222681
26450001 0.225239
26460001 0.225095
26470001 0.224406
26480001 0.22491
26490001 0.227048
26500001 0.222537
26510001 0.224649
26520001 0.22413
26530001 0.219743
26540001 0.223695
26550001 0.221428
26560001 0.223079
26570001 0.223228
26580001 0.223024
26590001 0.221281
26600001 0.230032
26610001 0.219981
26620001 0.223635
26630001 0.224514
26640001 0.2248
26650001 0.22608
26660001 0.226503
26670001 0.223048
26680001 0.222637
26690001 0.222978
26700001 0.221175
26710001 0.221523
26720001 0.223462
26730001 0.224711
26740001 0.221762
26750001 0.222571
26760001 0.222986
26770001 0.226065
26780001 0.218528
26790001 0.224804
26800001 0.222915
26810001 0.225824
26820001 0.225608
26830001 0.224723
26840001 0.222988
26850001 0.220741
26860001 0.221391
26870001 0.221751
26880001 0.219554
26890001 0.223807
26900001 0.223917
26910001 0.222152
26920001 0.224208
26930001 0.222657
26940001 0.225274
26950001 0.225138
26960001 0.224454
26970001 0.224953
26980001 0.227104
26990001 0.222595
27000001 0.224687
27010001 0.224171
27020001 0.219627
27030001 0.223727
27040001 0.221477
27050001 0.223127
27060001 0.223266
27070001 0.22305
27080001 0.22133
27090001 0.229977
27100001 0.220015
27110001 0.223678
27120001 0.224551
27130001 0.224809
27140001 0.226124
27150001 0.226494
27160001 0.2231
27170001 0.222688
27180001 0.222854
27190001 0.221215
27200001 0.221559
27210001 0.22352
27220001 0.224755
27230001 0.221809
27240001 0.222624
27250001 0.223017
27260001 0.226099
27270001 0.218565
27280001 0.224847
27290001 0.222957
27300001 0.225815
27310001 0.225648
27320001 0.224755
27330001 0.223035
27340001 0.220778
27350001 0.22143
27360001 0.221787
27370001 0.219805
27380001 0.223852
27390001 0.22393
27400001 0.222174
27410001 0.224221
27420001 0.222699
27430001 0.225307
27440001 0.225138
27450001 0.224487
27460001 0.224995
27470001 0.227141
27480001 0.222622
27490001 0.22472
27500001 0.224271
27510001 0.219663
27520001 0.223771
27530001 0.221518
27540001 0.223163
27550001 0.223266
27560001 0.223098
27570001 0.221338
27580001 0.230016
27590001 0.220035
27600001 0.223739
27610001 0.224579
27620001 0.227469
27630001 0.226144
27640001 0.226502
27650001 0.223134
27660001 0.222725
27670001 0.222882
27680001 0.221257
27690001 0.221545
27700001 0.223563
27710001 0.224887
27720001 0.221849
27730001 0.222653
27740001 0.223067
27750001 0.226138
27760001 0.218607
27770001 0.224953
27780001 0.223004
27790001 0.228716
27800001 0.225688
27810001 0.224788
27820001 0.223061
27830001 0.220828
27840001 0.221474
27850001 0.22183
27860001 0.219818
27870001 0.223868
27880001 0.224049
27890001 0.2222
27900001 0.224209
27910001 0.222715
27920001 0.225317
27930001 0.225162
27940001 0.224528
27950001 0.225033
27960001 0.227176
27970001 0.222675
27980001 0.224756
27990001 0.224288
28000001 0.219723
28010001 0.223816
28020001 0.221554
28030001 0.223209
28040001 0.223289
28050001 0.223123
28060001 0.221376
28070001 0.230048
28080001 0.220045
28090001 0.22403
28100001 0.224592
28110001 0.227504
28120001 0.226175
28130001 0.226532
28140001 0.223174
28150001 0.22275
28160001 0.222891
28170001 0.221283
28180001 0.221589
28190001 0.223592
28200001 0.225064
28210001 0.221876
28220001 0.222679
28230001 0.22309
28240001 0.226166
28250001 0.21864
28260001 0.224934
28270001 0.223045
28280001 0.228741
28290001 0.225737
28300001 0.225904
28310001 0.223089
28320001 0.22084
28330001 0.221514
28340001 0.221804
28350001 0.219889
28360001 0.223899
28370001 0.224098
28380001 0.22223
28390001 0.22422
28400001 0.22264
28410001 0.225354
28420001 0.225198
28430001 0.224568
28440001 0.225042
28450001 0.227212
28460001 0.222691
28470001 0.224817
28480001 0.224343
28490001 0.219784
28500001 0.223846
28510001 0.221586
28520001 0.223237
28530001 0.223329
28540001 0.223161
28550001 0.221411
28560001 0.230081
28570001 0.220043
28580001 0.224057
28590001 0.224577
28600001 0.227629
28610001 0.226211
28620001 0.226541
28630001 0.223214
28640001 0.222792
28650001 0.222932
28660001 0.221319
28670001 0.221634
28680001 0.223585
28690001 0.225097
28700001 0.22193
28710001 0.222695
28720001 0.223089
28730001 0.22617
28740001 0.218663
28750001 0.225069
28760001 0.222849
28770001 0.228902
28780001 0.225751
28790001 0.225928
28800001 0.223111
28810001 0.220857
28820001 0.221554
28830001 0.221833
28840001 0.219888
28850001 0.223937
28860001 0.224201
28870001 0.222179
28880001 0.224219
28890001 0.222667
28900001 0.225228
28910001 0.22548
28920001 0.224617
28930001 0.225065
28940001 0.227249
28950001 0.222723
28960001 0.224848
28970001 0.224316
28980001 0.219808
28990001 0.22386
29000001 0.221613
29010001 0.223281
29020001 0.223366
29030001 0.223183
29040001 0.221497
29050001 0.230116
29060001 0.220066
29070001 0.224094
29080001 0.22461
29090001 0.227666
29100001 0.22624
29110001 0.226562
29120001 0.223232
29130001 0.22283
29140001 0.222964
29150001 0.221342
29160001 0.221669
29170001 0.223632
29180001 0.225139
29190001 0.221951
29200001 0.222732
29210001 0.223132
29220001 0.226207
29230001 0.218699
29240001 0.225105
29250001 0.22279
29260001 0.228928
29270001 0.225777
29280001 0.22596
29290001 0.22305
29300001 0.220856
29310001 0.221556
29320001 0.221866
29330001 0.219929
29340001 0.223945
29350001 0.224217
29360001 0.222204
29370001 0.224286
29380001 0.222672
29390001 0.225257
29400001 0.225504
29410001 0.224643
29420001 0.225098
29430001 0.227287
29440001 0.222719
29450001 0.224842
29460001 0.224338
29470001 0.219837
29480001 0.223937
29490001 0.221641
29500001 0.223315
29510001 0.223397
29520001 0.22319
29530001 0.221532
29540001 0.23014
29550001 0.220087
29560001 0.224129
29570001 0.224652
29580001 0.227705
29590001 0.226259
29600001 0.226629
29610001 0.223248
29620001 0.222809
29630001 0.222947
29640001 0.221378
29650001 0.221672
29660001 0.223651
29670001 0.224881
29680001 0.221988
29690001 0.222642
29700001 0.223179
29710001 0.226215
29720001 0.218553
29730001 0.225098
29740001 0.222749
29750001 0.228909
29760001 0.225736
29770001 0.225961
29780001 0.223072
29790001 0.220851
29800001 0.221576
29810001 0.222133
29820001 0.219926
29830001 0.223977
29840001 0.224247
29850001 0.222219
29860001 0.224312
29870001 0.222676
29880001 0.225268
29890001 0.225539
29900001 0.224701
29910001 0.225121
29920001 0.227316
29930001 0.222745
29940001 0.224855
29950001 0.224378
29960001 0.219825
29970001 0.223965
29980001 0.221669
29990001 0.223368
