1 7.89113
10001 1.19374
20001 0.622591
30001 0.4101
40001 0.298833
50001 0.233782
60001 0.191419
70001 0.162917
80001 0.142406
90001 0.126864
100001 0.114881
110001 0.104429
120001 0.0964511
130001 0.0887886
140001 0.0827336
150001 0.0770856
160001 0.0720094
170001 0.0676766
180001 0.0632736
190001 0.0597714
200001 0.0559915
210001 0.0530997
220001 0.0499297
230001 0.0473624
240001 0.0447935
250001 0.0424113
260001 0.0403625
270001 0.0381187
280001 0.0364142
290001 0.0343735
300001 0.0328631
310001 0.0311384
320001 0.0297349
330001 0.0283146
340001 0.0269712
350001 0.0258198
360001 0.0245117
370001 0.0235319
380001 0.0223408
390001 0.0214375
400001 0.0204179
410001 0.0195763
420001 0.0187575
430001 0.0179126
440001 0.0171962
450001 0.0164107
460001 0.0157971
470001 0.015068
480001 0.0144986
490001 0.0138933
500001 0.0133411
510001 0.0128139
520001 0.0122842
530001 0.0118206
540001 0.0113267
550001 0.0109247
560001 0.0104626
570001 0.0100915
580001 0.00970007
590001 0.00933658
600001 0.0089892
610001 0.00864718
620001 0.00834037
630001 0.0080141
640001 0.00774281
650001 0.00744351
660001 0.00718914
670001 0.0069262
680001 0.00668355
690001 0.00645123
700001 0.00621708
710001 0.00600598
720001 0.00578789
730001 0.00559709
740001 0.00539532
750001 0.00521784
760001 0.00503719
770001 0.00487148
780001 0.00470789
790001 0.00454673
800001 0.00440322
810001 0.00424854
820001 0.00411282
830001 0.00397386
840001 0.00384885
850001 0.00372326
860001 0.00360627
870001 0.00348773
880001 0.00337524
890001 0.00327189
900001 0.00316464
910001 0.00306536
920001 0.00296761
930001 0.00287738
940001 0.00278775
950001 0.00270277
960001 0.00261752
970001 0.00253753
980001 0.00246167
990001 0.00238527
1000001 0.0023133
1010001 0.00224328
1020001 0.00217694
1030001 0.0021106
1040001 0.00204878
1050001 0.00198587
1060001 0.00192692
1070001 0.00187053
1080001 0.00181462
1090001 0.00176131
1100001 0.00170934
1110001 0.00166022
1120001 0.00161053
1130001 0.00156469
1140001 0.00151778
1150001 0.00147331
1160001 0.00143081
1170001 0.00138924
1180001 0.00134912
1190001 0.00130979
1200001 0.00127373
1210001 0.00123602
1220001 0.00120273
1230001 0.00116597
1240001 0.00113217
1250001 0.00109948
1260001 0.00106802
1270001 0.00103766
1280001 0.00100783
1290001 0.00098075
1300001 0.000952337
1310001 0.000925106
1320001 0.000899065
1330001 0.000873198
1340001 0.000848494
1350001 0.000824628
1360001 0.000802037
1370001 0.000779467
1380001 0.000766385
1390001 0.000736177
1400001 0.000715871
1410001 0.000696121
1420001 0.000676881
1430001 0.000657607
1440001 0.000639357
1450001 0.00062221
1460001 0.000604916
1470001 0.000588302
1480001 0.000571392
1490001 0.000555602
1500001 0.000540496
1510001 0.000525443
1520001 0.000511283
1530001 0.000496809
1540001 0.000484044
1550001 0.000470687
1560001 0.000458886
1570001 0.000444351
1580001 0.000431892
1590001 0.000420413
1600001 0.000408715
1610001 0.000397987
1620001 0.00038668
1630001 0.000377361
1640001 0.000366941
1650001 0.000361742
1660001 0.000346122
1670001 0.000336221
1680001 0.000327588
1690001 0.000318392
1700001 0.000310494
1710001 0.000301376
1720001 0.000295118
1730001 0.000288686
1740001 0.000277592
1750001 0.000270187
1760001 0.000262255
1770001 0.000255901
1780001 0.000248418
1790001 0.00024303
1800001 0.000235539
1810001 0.000255464
1820001 0.000223023
1830001 0.00021645
1840001 0.000211469
1850001 0.00020508
1860001 0.000200723
1870001 0.000194522
1880001 0.000191175
1890001 0.000185478
1900001 0.00021383
1910001 0.000175204
1920001 0.000169715
1930001 0.000166454
1940001 0.000161901
1950001 0.000158728
1960001 0.000153192
1970001 0.000151825
1980001 0.000148314
1990001 0.000146504
2000001 0.000138544
2010001 0.000133867
2020001 0.000132017
2030001 0.000127622
2040001 0.000126721
2050001 0.00012187
2060001 0.000122217
2070001 0.000119511
2080001 0.000119962
2090001 0.000110859
2100001 0.000106594
2110001 0.000106035
2120001 0.000102247
2130001 0.000102652
2140001 9.82448e-05
2150001 0.000100777
2160001 0.000100411
2170001 0.000113252
2180001 9.01412e-05
2190001 8.60965e-05
2200001 8.68121e-05
2210001 8.28684e-05
2220001 8.50919e-05
2230001 8.0608e-05
2240001 8.48695e-05
2250001 8.55788e-05
2260001 7.57303e-05
2270001 7.49447e-05
2280001 7.09146e-05
2290001 7.29873e-05
2300001 6.90648e-05
2310001 7.28639e-05
2320001 6.831e-05
2330001 0.000131044
2340001 6.55545e-05
2350001 6.17525e-05
2360001 6.37973e-05
2370001 6.0214e-05
2380001 6.35863e-05
2390001 5.94231e-05
2400001 6.43891e-05
2410001 6.11184e-05
2420001 5.80825e-05
2430001 5.74598e-05
2440001 5.34471e-05
2450001 5.64773e-05
2460001 5.50137e-05
2470001 5.7609e-05
2480001 5.29352e-05
2490001 5.93068e-05
2500001 5.92749e-05
2510001 6.44527e-05
2520001 5.16705e-05
2530001 4.77571e-05
2540001 5.13479e-05
2550001 4.79886e-05
2560001 5.33204e-05
2570001 4.87499e-05
2580001 5.64571e-05
2590001 5.60033e-05
2600001 6.21365e-05
2610001 4.80919e-05
2620001 4.38564e-05
2630001 4.83077e-05
2640001 4.49196e-05
2650001 5.0783e-05
2660001 4.57184e-05
2670001 5.50518e-05
2680001 5.80001e-05
2690001 6.91032e-05
2700001 4.56037e-05
2710001 4.11334e-05
2720001 4.63342e-05
2730001 4.22411e-05
2740001 4.95455e-05
2750001 4.42943e-05
2760001 0.000119196
2770001 5.71685e-05
2780001 4.35196e-05
2790001 4.4182e-05
2800001 3.97265e-05
2810001 4.58716e-05
2820001 4.12695e-05
2830001 4.92749e-05
2840001 4.40023e-05
2850001 0.000122591
2860001 4.29913e-05
2870001 3.8735e-05
2880001 4.34405e-05
2890001 4.25653e-05
2900001 4.61983e-05
2910001 4.10695e-05
2920001 4.91322e-05
2930001 4.65e-05
2940001 5.50223e-05
2950001 4.272e-05
2960001 3.82857e-05
2970001 4.32659e-05
2980001 3.92817e-05
2990001 4.65807e-05
3000001 4.13763e-05
3010001 5.00228e-05
3020001 5.04219e-05
3030001 5.75263e-05
3040001 4.25113e-05
3050001 3.85585e-05
3060001 4.33128e-05
3070001 3.9917e-05
3080001 4.66296e-05
3090001 4.21604e-05
3100001 5.16293e-05
3110001 5.12641e-05
3120001 7.70416e-05
3130001 4.29051e-05
3140001 3.82802e-05
3150001 4.38538e-05
3160001 4.05424e-05
3170001 4.72374e-05
3180001 4.21353e-05
3190001 5.2648e-05
3200001 6.13491e-05
3210001 4.19635e-05
3220001 4.29313e-05
3230001 3.84688e-05
3240001 4.44556e-05
3250001 4.02177e-05
3260001 4.80869e-05
3270001 4.29625e-05
3280001 0.000120275
3290001 4.23527e-05
3300001 3.83047e-05
3310001 4.30981e-05
3320001 3.89338e-05
3330001 4.52959e-05
3340001 4.0802e-05
3350001 4.90141e-05
3360001 4.56604e-05
3370001 0.000123149
3380001 4.29676e-05
3390001 3.8681e-05
3400001 4.36696e-05
3410001 4.25956e-05
3420001 4.68057e-05
3430001 4.14697e-05
3440001 4.99912e-05
3450001 5.07534e-05
3460001 5.56936e-05
3470001 4.30579e-05
3480001 3.90792e-05
3490001 4.39358e-05
3500001 4.05192e-05
3510001 4.72751e-05
3520001 4.25276e-05
3530001 5.12979e-05
3540001 5.13379e-05
3550001 5.81768e-05
3560001 4.35293e-05
3570001 3.93749e-05
3580001 4.4371e-05
3590001 4.11114e-05
3600001 4.76719e-05
3610001 4.27884e-05
3620001 5.28537e-05
3630001 5.58164e-05
3640001 7.91463e-05
3650001 4.38988e-05
3660001 3.95295e-05
3670001 4.49408e-05
3680001 4.07305e-05
3690001 4.83479e-05
3700001 4.32588e-05
3710001 5.33536e-05
3720001 5.65914e-05
3730001 4.29859e-05
3740001 4.40991e-05
3750001 3.96732e-05
3760001 4.54796e-05
3770001 4.12713e-05
3780001 4.91552e-05
3790001 4.41254e-05
3800001 0.000120923
3810001 4.33421e-05
3820001 3.92411e-05
3830001 4.3876e-05
3840001 4.01387e-05
3850001 4.64963e-05
3860001 4.1833e-05
3870001 4.97543e-05
3880001 4.63544e-05
3890001 4.37711e-05
3900001 4.37247e-05
3910001 3.93864e-05
3920001 4.43409e-05
3930001 4.34396e-05
3940001 4.73816e-05
3950001 4.24693e-05
3960001 5.09394e-05
3970001 5.13952e-05
3980001 5.78648e-05
3990001 4.37612e-05
4000001 3.97374e-05
4010001 4.45176e-05
4020001 4.11969e-05
4030001 4.78697e-05
4040001 4.3188e-05
4050001 5.21411e-05
4060001 5.19175e-05
4070001 5.88734e-05
4080001 4.40812e-05
4090001 3.98269e-05
4100001 4.50464e-05
4110001 4.17807e-05
4120001 4.82906e-05
4130001 4.32096e-05
4140001 5.32523e-05
4150001 5.64418e-05
4160001 6.79685e-05
4170001 4.39742e-05
4180001 3.98021e-05
4190001 4.52263e-05
4200001 4.12128e-05
4210001 4.88936e-05
4220001 4.37789e-05
4230001 0.000119049
4240001 4.33745e-05
4250001 4.33787e-05
4260001 4.41171e-05
4270001 3.98788e-05
4280001 4.60454e-05
4290001 4.1612e-05
4300001 4.97475e-05
4310001 4.46363e-05
4320001 0.000122857
4330001 4.35923e-05
4340001 3.96174e-05
4350001 4.42266e-05
4360001 4.34357e-05
4370001 4.71846e-05
4380001 4.21201e-05
4390001 5.01415e-05
4400001 4.75053e-05
4410001 5.60252e-05
4420001 4.39226e-05
4430001 3.96362e-05
4440001 4.44886e-05
4450001 4.06523e-05
4460001 4.77236e-05
4470001 4.2699e-05
4480001 5.13435e-05
4490001 5.15642e-05
4500001 5.85509e-05
4510001 4.3868e-05
4520001 4.01053e-05
4530001 4.47182e-05
4540001 4.13867e-05
4550001 4.78966e-05
4560001 4.36725e-05
4570001 5.2715e-05
4580001 5.56837e-05
4590001 7.79639e-05
4600001 4.41859e-05
4610001 3.97979e-05
4620001 4.51951e-05
4630001 4.19976e-05
4640001 4.85269e-05
4650001 4.34425e-05
4660001 5.36888e-05
4670001 5.69215e-05
4680001 4.32531e-05
4690001 4.41888e-05
4700001 3.98253e-05
4710001 4.56076e-05
4720001 4.14502e-05
4730001 4.91773e-05
4740001 4.40921e-05
4750001 0.000120682
4760001 4.34537e-05
4770001 3.94498e-05
4780001 4.41283e-05
4790001 4.00683e-05
4800001 4.63498e-05
4810001 4.18285e-05
4820001 4.97974e-05
4830001 4.66135e-05
4840001 0.000123471
4850001 4.38597e-05
4860001 3.96393e-05
4870001 4.45174e-05
4880001 4.34165e-05
4890001 4.75299e-05
4900001 4.23214e-05
4910001 5.06517e-05
4920001 5.13722e-05
4930001 5.62672e-05
4940001 4.37566e-05
4950001 3.98156e-05
4960001 4.45639e-05
4970001 4.12317e-05
4980001 4.78508e-05
4990001 4.31319e-05
5000001 5.18961e-05
5010001 5.18454e-05
5020001 5.86452e-05
5030001 4.40713e-05
5040001 3.99158e-05
5050001 4.48818e-05
5060001 4.16377e-05
5070001 4.81008e-05
5080001 4.31971e-05
5090001 5.32283e-05
5100001 5.65646e-05
5110001 7.94494e-05
5120001 4.43633e-05
5130001 3.99676e-05
5140001 4.53633e-05
5150001 4.11472e-05
5160001 4.87812e-05
5170001 4.36502e-05
5180001 5.36771e-05
5190001 5.68751e-05
5200001 4.33136e-05
5210001 4.44092e-05
5220001 4.00436e-05
5230001 4.59043e-05
5240001 4.15801e-05
5250001 4.94753e-05
5260001 4.44297e-05
5270001 0.000121228
5280001 4.36489e-05
5290001 3.95529e-05
5300001 4.41027e-05
5310001 4.0397e-05
5320001 4.67198e-05
5330001 4.2028e-05
5340001 5.00604e-05
5350001 4.65649e-05
5360001 4.3925e-05
5370001 4.39261e-05
5380001 3.95793e-05
5390001 4.44723e-05
5400001 4.04984e-05
5410001 4.75667e-05
5420001 4.27579e-05
5430001 5.10437e-05
5440001 5.15194e-05
5450001 5.79729e-05
5460001 4.38644e-05
5470001 3.99971e-05
5480001 4.46493e-05
5490001 4.13475e-05
5500001 4.80074e-05
5510001 4.33599e-05
5520001 5.22492e-05
5530001 5.21259e-05
5540001 5.89754e-05
5550001 4.4151e-05
5560001 4.00359e-05
5570001 4.51993e-05
5580001 4.1925e-05
5590001 4.8374e-05
5600001 4.31992e-05
5610001 5.33506e-05
5620001 5.6669e-05
5630001 6.80385e-05
5640001 4.4131e-05
5650001 3.98774e-05
5660001 4.53886e-05
5670001 4.13257e-05
5680001 4.89739e-05
5690001 4.38778e-05
5700001 0.00011914
5710001 4.34185e-05
5720001 3.94733e-05
5730001 4.40852e-05
5740001 4.00039e-05
5750001 4.60883e-05
5760001 4.17031e-05
5770001 4.97793e-05
5780001 4.63243e-05
5790001 0.000123385
5800001 4.36686e-05
5810001 3.96819e-05
5820001 4.43552e-05
5830001 4.34949e-05
5840001 4.72859e-05
5850001 4.21258e-05
5860001 5.0186e-05
5870001 4.75561e-05
5880001 5.6055e-05
5890001 4.36881e-05
5900001 3.96857e-05
5910001 4.45207e-05
5920001 4.09858e-05
5930001 4.77526e-05
5940001 4.27729e-05
5950001 5.13907e-05
5960001 5.16926e-05
5970001 5.85635e-05
5980001 4.39103e-05
5990001 4.02023e-05
6000001 4.47238e-05
6010001 4.15173e-05
6020001 4.79258e-05
6030001 4.37118e-05
6040001 5.27058e-05
6050001 5.61256e-05
6060001 7.7981e-05
6070001 4.42391e-05
6080001 3.98481e-05
6090001 4.52332e-05
6100001 4.19845e-05
6110001 4.8562e-05
6120001 4.34803e-05
6130001 5.38103e-05
6140001 5.69816e-05
6150001 4.3293e-05
6160001 4.41704e-05
6170001 3.98252e-05
6180001 4.56426e-05
6190001 4.14717e-05
6200001 4.92231e-05
6210001 4.41238e-05
6220001 0.000120887
6230001 4.34863e-05
6240001 3.95468e-05
6250001 4.39876e-05
6260001 4.00919e-05
6270001 4.647e-05
6280001 4.18432e-05
6290001 4.98382e-05
6300001 4.65894e-05
6310001 4.36306e-05
6320001 4.38854e-05
6330001 3.96548e-05
6340001 4.45321e-05
6350001 4.34484e-05
6360001 4.75309e-05
6370001 4.23245e-05
6380001 5.06965e-05
6390001 5.13904e-05
6400001 5.62892e-05
6410001 4.37857e-05
6420001 3.98295e-05
6430001 4.45662e-05
6440001 4.1255e-05
6450001 4.78354e-05
6460001 4.31397e-05
6470001 5.19142e-05
6480001 5.18756e-05
6490001 5.86473e-05
6500001 4.40987e-05
6510001 3.99265e-05
6520001 4.49115e-05
6530001 4.16681e-05
6540001 4.81788e-05
6550001 4.32221e-05
6560001 5.32363e-05
6570001 5.63643e-05
6580001 7.947e-05
6590001 4.44945e-05
6600001 3.98918e-05
6610001 4.53345e-05
6620001 4.11641e-05
6630001 4.87646e-05
6640001 4.37139e-05
6650001 5.38377e-05
6660001 5.68924e-05
6670001 4.33267e-05
6680001 4.44516e-05
6690001 4.00484e-05
6700001 4.59232e-05
6710001 4.15987e-05
6720001 4.94671e-05
6730001 4.45076e-05
6740001 0.000121249
6750001 4.36513e-05
6760001 3.95555e-05
6770001 4.41548e-05
6780001 4.0572e-05
6790001 4.67321e-05
6800001 4.19492e-05
6810001 5.0072e-05
6820001 4.74394e-05
6830001 4.42009e-05
6840001 4.39284e-05
6850001 3.96291e-05
6860001 4.43948e-05
6870001 4.05385e-05
6880001 4.76368e-05
6890001 4.27921e-05
6900001 5.1085e-05
6910001 5.15514e-05
6920001 5.81871e-05
6930001 4.38891e-05
6940001 4.00256e-05
6950001 4.46729e-05
6960001 4.13501e-05
6970001 4.8005e-05
6980001 4.33843e-05
6990001 5.22511e-05
7000001 5.21285e-05
7010001 5.89774e-05
7020001 4.42185e-05
7030001 3.96538e-05
7040001 4.51297e-05
7050001 4.19553e-05
7060001 4.84141e-05
7070001 4.3237e-05
7080001 5.3668e-05
7090001 5.72621e-05
7100001 6.89917e-05
7110001 4.41539e-05
7120001 3.98968e-05
7130001 4.54513e-05
7140001 4.13285e-05
7150001 4.90608e-05
7160001 4.38715e-05
7170001 0.000119167
7180001 4.34608e-05
7190001 3.94724e-05
7200001 4.40921e-05
7210001 4.00326e-05
7220001 4.61078e-05
7230001 4.1732e-05
7240001 4.97674e-05
7250001 4.63426e-05
7260001 0.000123382
7270001 4.37643e-05
7280001 3.97415e-05
7290001 4.43592e-05
7300001 4.343e-05
7310001 4.73009e-05
7320001 4.21889e-05
7330001 5.02459e-05
7340001 4.77105e-05
7350001 5.61198e-05
7360001 4.36992e-05
7370001 3.97393e-05
7380001 4.45274e-05
7390001 4.1184e-05
7400001 4.77628e-05
7410001 4.28268e-05
7420001 5.13956e-05
7430001 5.17927e-05
7440001 5.8579e-05
7450001 4.39559e-05
7460001 3.9851e-05
7470001 4.47452e-05
7480001 4.15687e-05
7490001 4.79653e-05
7500001 4.37307e-05
7510001 5.28492e-05
7520001 5.62578e-05
7530001 7.91917e-05
7540001 4.42628e-05
7550001 3.98427e-05
7560001 4.52128e-05
7570001 4.20159e-05
7580001 4.86308e-05
7590001 4.35583e-05
7600001 5.38219e-05
7610001 5.68388e-05
7620001 4.33682e-05
7630001 4.41819e-05
7640001 3.98447e-05
7650001 4.56529e-05
7660001 4.14607e-05
7670001 4.92504e-05
7680001 4.41765e-05
7690001 0.000120918
7700001 4.3519e-05
7710001 3.95301e-05
7720001 4.39959e-05
7730001 4.0113e-05
7740001 4.65684e-05
7750001 4.18519e-05
7760001 4.99072e-05
7770001 4.66212e-05
7780001 4.36927e-05
7790001 4.3949e-05
7800001 3.96687e-05
7810001 4.44626e-05
7820001 4.34942e-05
7830001 4.75611e-05
7840001 4.24572e-05
7850001 5.07118e-05
7860001 5.14018e-05
7870001 5.63698e-05
7880001 4.38051e-05
7890001 3.98335e-05
7900001 4.46112e-05
7910001 4.12596e-05
7920001 4.78646e-05
7930001 4.31989e-05
7940001 5.20017e-05
7950001 5.1976e-05
7960001 5.86776e-05
7970001 4.41016e-05
7980001 3.99173e-05
7990001 4.49498e-05
8000001 4.16961e-05
8010001 4.82071e-05
8020001 4.32335e-05
8030001 5.32476e-05
8040001 5.63888e-05
8050001 8.56039e-05
8060001 4.45227e-05
8070001 3.99039e-05
8080001 4.53633e-05
8090001 4.12755e-05
8100001 4.88488e-05
8110001 4.36971e-05
8120001 5.39173e-05
8130001 5.68927e-05
8140001 4.33465e-05
8150001 4.45154e-05
8160001 4.01068e-05
8170001 4.59526e-05
8180001 4.16945e-05
8190001 4.9472e-05
8200001 4.43943e-05
8210001 0.000121331
8220001 4.36835e-05
8230001 3.95602e-05
8240001 4.42059e-05
8250001 4.3504e-05
8260001 4.70414e-05
8270001 4.19673e-05
8280001 5.00935e-05
8290001 4.74484e-05
8300001 4.42479e-05
8310001 4.394e-05
8320001 3.96408e-05
8330001 4.4398e-05
8340001 4.05491e-05
8350001 4.76889e-05
8360001 4.28058e-05
8370001 5.11177e-05
8380001 5.15517e-05
8390001 5.84327e-05
8400001 4.38894e-05
8410001 4.00692e-05
8420001 4.46297e-05
8430001 4.1376e-05
8440001 4.80568e-05
8450001 4.34846e-05
8460001 5.2658e-05
8470001 5.23767e-05
8480001 5.89782e-05
8490001 4.4214e-05
8500001 3.96699e-05
8510001 4.51704e-05
8520001 4.19683e-05
8530001 4.84348e-05
8540001 4.32669e-05
8550001 5.37029e-05
8560001 5.7302e-05
8570001 4.29668e-05
8580001 4.41468e-05
8590001 3.99009e-05
8600001 4.5485e-05
8610001 4.13319e-05
8620001 4.90629e-05
8630001 4.3893e-05
8640001 0.000119406
8650001 4.34692e-05
8660001 3.95242e-05
8670001 4.40767e-05
8680001 4.00399e-05
8690001 4.61851e-05
8700001 4.17772e-05
8710001 4.97883e-05
8720001 4.63282e-05
8730001 0.000123452
8740001 4.37851e-05
8750001 3.97924e-05
8760001 4.45127e-05
8770001 4.34402e-05
8780001 4.73284e-05
8790001 4.22201e-05
8800001 5.02405e-05
8810001 4.7671e-05
8820001 5.61862e-05
8830001 4.37875e-05
8840001 3.97955e-05
8850001 4.45423e-05
8860001 4.12334e-05
8870001 4.77633e-05
8880001 4.28291e-05
8890001 5.14864e-05
8900001 5.1821e-05
8910001 5.8519e-05
8920001 4.40263e-05
8930001 3.99057e-05
8940001 4.47663e-05
8950001 4.16009e-05
8960001 4.80033e-05
8970001 4.37801e-05
8980001 5.2922e-05
8990001 5.62738e-05
9000001 7.93375e-05
9010001 4.4259e-05
9020001 3.99568e-05
9030001 4.52394e-05
9040001 4.1053e-05
9050001 4.86454e-05
9060001 4.35663e-05
9070001 5.39244e-05
9080001 5.68355e-05
9090001 4.33802e-05
9100001 4.41931e-05
9110001 3.98688e-05
9120001 4.56588e-05
9130001 4.14975e-05
9140001 4.94027e-05
9150001 4.42524e-05
9160001 0.000120931
9170001 4.35304e-05
9180001 3.94464e-05
9190001 4.40366e-05
9200001 4.012e-05
9210001 4.65311e-05
9220001 4.18726e-05
9230001 4.99123e-05
9240001 4.65974e-05
9250001 4.37804e-05
9260001 4.39748e-05
9270001 3.96883e-05
9280001 4.44972e-05
9290001 4.35147e-05
9300001 4.75493e-05
9310001 4.24909e-05
9320001 5.07158e-05
9330001 5.15092e-05
9340001 5.76209e-05
9350001 4.3844e-05
9360001 3.98458e-05
9370001 4.46325e-05
9380001 4.12635e-05
9390001 4.78799e-05
9400001 4.32384e-05
9410001 5.21009e-05
9420001 5.19869e-05
9430001 5.86748e-05
9440001 4.4104e-05
9450001 3.99218e-05
9460001 4.49779e-05
9470001 4.1727e-05
9480001 4.82187e-05
9490001 4.32588e-05
9500001 5.32815e-05
9510001 5.64104e-05
9520001 8.5611e-05
9530001 4.40833e-05
9540001 3.97408e-05
9550001 4.53031e-05
9560001 4.13024e-05
9570001 4.89397e-05
9580001 4.37037e-05
9590001 5.41132e-05
9600001 5.69226e-05
9610001 4.33473e-05
9620001 4.42674e-05
9630001 3.98472e-05
9640001 4.59695e-05
9650001 4.16555e-05
9660001 4.95106e-05
9670001 4.44102e-05
9680001 0.000121374
9690001 4.36879e-05
9700001 3.96025e-05
9710001 4.42418e-05
9720001 4.35487e-05
9730001 4.70426e-05
9740001 4.1992e-05
9750001 5.00571e-05
9760001 4.7479e-05
9770001 4.55431e-05
9780001 4.38712e-05
9790001 3.96339e-05
9800001 4.44567e-05
9810001 4.06043e-05
9820001 4.76966e-05
9830001 4.27684e-05
9840001 5.11326e-05
9850001 5.15385e-05
9860001 5.8507e-05
9870001 4.38605e-05
9880001 4.01419e-05
9890001 4.46692e-05
9900001 4.1386e-05
9910001 4.79766e-05
9920001 4.34865e-05
9930001 5.26788e-05
9940001 5.24078e-05
9950001 7.76988e-05
9960001 4.42405e-05
9970001 3.9756e-05
9980001 4.51574e-05
9990001 4.19303e-05
