1 15.8474
10001 6.2877
20001 3.67782
30001 2.60004
40001 2.06919
50001 1.72206
60001 1.51348
70001 1.32017
80001 1.20681
90001 1.10614
100001 1.03204
110001 0.98781
120001 0.918823
130001 0.909958
140001 0.849508
150001 0.841362
160001 0.819415
170001 0.776905
180001 0.787964
190001 0.758913
200001 0.773781
210001 0.735281
220001 0.75917
230001 0.732885
240001 0.736522
250001 0.730364
260001 0.702466
270001 0.747775
280001 0.715447
290001 0.742909
300001 0.71495
310001 0.7268
320001 0.709879
330001 0.706981
340001 0.729312
350001 0.708065
360001 0.741699
370001 0.707298
380001 0.721642
390001 0.723184
400001 0.709553
410001 0.710296
420001 0.697696
430001 0.744058
440001 0.709032
450001 0.738541
460001 0.707047
470001 0.715974
480001 0.71736
490001 0.714033
500001 0.738275
510001 0.708329
520001 0.74824
530001 0.71089
540001 0.73265
550001 0.730734
560001 0.701271
570001 0.729501
580001 0.710855
590001 0.737424
600001 0.704538
610001 0.736384
620001 0.714434
630001 0.722309
640001 0.719991
650001 0.694966
660001 0.742663
670001 0.711827
680001 0.741052
690001 0.714548
700001 0.727319
710001 0.711103
720001 0.709219
730001 0.731534
740001 0.710633
750001 0.744781
760001 0.710732
770001 0.725522
780001 0.726634
790001 0.713659
800001 0.713808
810001 0.70156
820001 0.746395
830001 0.71252
840001 0.742149
850001 0.710324
860001 0.719279
870001 0.720891
880001 0.717664
890001 0.741144
900001 0.710957
910001 0.751238
920001 0.713911
930001 0.735661
940001 0.733668
950001 0.704383
960001 0.732081
970001 0.713943
980001 0.740122
990001 0.707308
1000001 0.738957
1010001 0.716857
1020001 0.724453
1030001 0.722334
1040001 0.694116
1050001 0.742891
1060001 0.714181
1070001 0.742362
1080001 0.716724
1090001 0.729299
1100001 0.714124
1110001 0.712292
1120001 0.733631
1130001 0.713914
1140001 0.746828
1150001 0.712619
1160001 0.727562
1170001 0.728525
1180001 0.715348
1190001 0.71569
1200001 0.704014
1210001 0.748197
1220001 0.7147
1230001 0.743821
1240001 0.709799
1250001 0.721023
1260001 0.722356
1270001 0.719606
1280001 0.742306
1290001 0.713261
1300001 0.753386
1310001 0.712231
1320001 0.73782
1330001 0.735382
1340001 0.706082
1350001 0.733582
1360001 0.715388
1370001 0.741618
1380001 0.709132
1390001 0.740735
1400001 0.718499
1410001 0.726118
1420001 0.723894
1430001 0.695583
1440001 0.744518
1450001 0.715836
1460001 0.744014
1470001 0.718208
1480001 0.730849
1490001 0.715388
1500001 0.714032
1510001 0.735093
1520001 0.715365
1530001 0.746598
1540001 0.713999
1550001 0.728862
1560001 0.730019
1570001 0.711975
1580001 0.717244
1590001 0.705237
1600001 0.749842
1610001 0.716583
1620001 0.745179
1630001 0.711091
1640001 0.722442
1650001 0.723432
1660001 0.721277
1670001 0.744035
1680001 0.714582
1690001 0.754715
1700001 0.713739
1710001 0.735227
1720001 0.736673
1730001 0.708085
1740001 0.734874
1750001 0.716716
1760001 0.743166
1770001 0.710293
1780001 0.742627
1790001 0.719978
1800001 0.724933
1810001 0.724895
1820001 0.696526
1830001 0.745613
1840001 0.717585
1850001 0.745297
1860001 0.719322
1870001 0.730624
1880001 0.716848
1890001 0.715115
1900001 0.736869
1910001 0.7166
1920001 0.747465
1930001 0.715309
1940001 0.729798
1950001 0.731143
1960001 0.713306
1970001 0.718375
1980001 0.706421
1990001 0.750951
2000001 0.716869
2010001 0.746133
2020001 0.71212
2030001 0.723676
2040001 0.72416
2050001 0.722359
2060001 0.745431
2070001 0.715459
2080001 0.755705
2090001 0.715906
2100001 0.736348
2110001 0.737795
2120001 0.709327
2130001 0.736042
2140001 0.717704
2150001 0.744105
2160001 0.711373
2170001 0.74394
2180001 0.720985
2190001 0.726075
2200001 0.726129
2210001 0.697489
2220001 0.746554
2230001 0.718534
2240001 0.746088
2250001 0.720985
2260001 0.731691
2270001 0.717915
2280001 0.715922
2290001 0.737783
2300001 0.707249
2310001 0.748392
2320001 0.714497
2330001 0.730917
2340001 0.732068
2350001 0.714451
2360001 0.719335
2370001 0.707415
2380001 0.75183
2390001 0.718212
2400001 0.74737
2410001 0.713027
2420001 0.724609
2430001 0.725407
2440001 0.723473
2450001 0.748122
2460001 0.715812
2470001 0.749216
2480001 0.717438
2490001 0.737496
2500001 0.738837
2510001 0.710286
2520001 0.736554
2530001 0.718299
2540001 0.744899
2550001 0.711328
2560001 0.744933
2570001 0.722073
2580001 0.727203
2590001 0.727343
2600001 0.698726
2610001 0.747744
2620001 0.719619
2630001 0.747152
2640001 0.720845
2650001 0.732803
2660001 0.718819
2670001 0.71661
2680001 0.738638
2690001 0.70808
2700001 0.749134
2710001 0.715597
2720001 0.731697
2730001 0.733238
2740001 0.716262
2750001 0.720003
2760001 0.708269
2770001 0.752676
2780001 0.719093
2790001 0.7482
2800001 0.713612
2810001 0.725671
2820001 0.726265
2830001 0.724211
2840001 0.748813
2850001 0.715693
2860001 0.750374
2870001 0.718492
2880001 0.73834
2890001 0.739722
2900001 0.711289
2910001 0.737548
2920001 0.717668
2930001 0.746504
2940001 0.711831
2950001 0.745616
2960001 0.722842
2970001 0.727777
2980001 0.727838
2990001 0.699636
3000001 0.748263
3010001 0.723075
3020001 0.74789
3030001 0.721852
3040001 0.733625
3050001 0.719603
3060001 0.717451
3070001 0.739728
3080001 0.70913
3090001 0.749941
3100001 0.716675
3110001 0.732536
3120001 0.734128
3130001 0.716983
3140001 0.722638
3150001 0.709218
3160001 0.752553
3170001 0.719917
3180001 0.74902
3190001 0.714333
3200001 0.727144
3210001 0.727058
3220001 0.725099
3230001 0.749349
3240001 0.716893
3250001 0.751252
3260001 0.717769
3270001 0.739188
3280001 0.740911
3290001 0.710477
3300001 0.738233
3310001 0.718525
3320001 0.747233
3330001 0.712532
3340001 0.746735
3350001 0.7235
3360001 0.728765
3370001 0.728384
3380001 0.70057
3390001 0.748968
3400001 0.723063
3410001 0.748897
3420001 0.72271
3430001 0.734606
3440001 0.720627
3450001 0.718799
3460001 0.7411
3470001 0.710441
3480001 0.750631
3490001 0.71761
3500001 0.733424
3510001 0.73481
3520001 0.717737
3530001 0.723483
3540001 0.709886
3550001 0.753434
3560001 0.720746
3570001 0.750367
3580001 0.715518
3590001 0.727114
3600001 0.728477
3610001 0.726704
3620001 0.750279
3630001 0.717464
3640001 0.751989
3650001 0.718642
3660001 0.739324
3670001 0.741689
3680001 0.711256
3690001 0.738949
3700001 0.71797
3710001 0.747882
3720001 0.713475
3730001 0.746664
3740001 0.725132
3750001 0.72972
3760001 0.728732
3770001 0.701386
3780001 0.749521
3790001 0.724321
3800001 0.749706
3810001 0.723533
3820001 0.735235
3830001 0.721396
3840001 0.719586
3850001 0.742036
3860001 0.711796
3870001 0.750984
3880001 0.718439
3890001 0.734155
3900001 0.735566
3910001 0.718489
3920001 0.724182
3930001 0.711018
3940001 0.753987
3950001 0.721317
3960001 0.751372
3970001 0.716314
3980001 0.727849
3990001 0.729265
4000001 0.727761
4010001 0.749904
4020001 0.718076
4030001 0.752766
4040001 0.720556
4050001 0.739827
4060001 0.742709
4070001 0.71184
4080001 0.739836
4090001 0.718587
4100001 0.748667
4110001 0.713916
4120001 0.74739
4130001 0.725897
4140001 0.730288
4150001 0.729485
4160001 0.702075
4170001 0.750058
4180001 0.725212
4190001 0.750457
4200001 0.726646
4210001 0.736077
4220001 0.721962
4230001 0.721077
4240001 0.742696
4250001 0.712476
4260001 0.751713
4270001 0.719175
4280001 0.735283
4290001 0.736127
4300001 0.719244
4310001 0.724178
4320001 0.711726
4330001 0.748107
4340001 0.72192
4350001 0.752318
4360001 0.717234
4370001 0.729329
4380001 0.729918
4390001 0.728456
4400001 0.742157
4410001 0.719088
4420001 0.753543
4430001 0.718555
4440001 0.740658
4450001 0.743267
4460001 0.712578
4470001 0.740672
4480001 0.719247
4490001 0.748505
4500001 0.714692
4510001 0.748117
4520001 0.726542
4530001 0.731038
4540001 0.730492
4550001 0.702733
4560001 0.750113
4570001 0.726125
4580001 0.751046
4590001 0.727212
4600001 0.732341
4610001 0.722654
4620001 0.721602
4630001 0.743372
4640001 0.71313
4650001 0.752308
4660001 0.719496
4670001 0.736407
4680001 0.736815
4690001 0.719687
4700001 0.726432
4710001 0.712317
4720001 0.750663
4730001 0.722692
4740001 0.739774
4750001 0.717543
4760001 0.730571
4770001 0.730602
4780001 0.729044
4790001 0.742942
4800001 0.720199
4810001 0.754104
4820001 0.719437
4830001 0.740405
4840001 0.743885
4850001 0.713176
4860001 0.741214
4870001 0.719753
4880001 0.748045
4890001 0.71536
4900001 0.748627
4910001 0.727311
4920001 0.731697
4930001 0.730981
4940001 0.703391
4950001 0.750551
4960001 0.726546
4970001 0.75217
4980001 0.727716
4990001 0.733196
5000001 0.723726
5010001 0.722143
5020001 0.743896
5030001 0.713733
5040001 0.752852
5050001 0.720039
5060001 0.737013
5070001 0.7374
5080001 0.720344
5090001 0.727877
5100001 0.712938
5110001 0.75191
5120001 0.723313
5130001 0.740212
5140001 0.718142
5150001 0.728227
5160001 0.731114
5170001 0.729579
5180001 0.743699
5190001 0.720316
5200001 0.754752
5210001 0.713092
5220001 0.741082
5230001 0.744629
5240001 0.713676
5250001 0.741712
5260001 0.720271
5270001 0.748736
5280001 0.715936
5290001 0.749414
5300001 0.727943
5310001 0.732256
5320001 0.731491
5330001 0.704643
5340001 0.751077
5350001 0.7272
5360001 0.752852
5370001 0.728636
5380001 0.733909
5390001 0.724484
5400001 0.722739
5410001 0.744716
5420001 0.71148
5430001 0.753638
5440001 0.721358
5450001 0.737674
5460001 0.73825
5470001 0.720969
5480001 0.72849
5490001 0.713712
5500001 0.752058
5510001 0.724472
5520001 0.740614
5530001 0.718782
5540001 0.72841
5550001 0.731614
5560001 0.730241
5570001 0.744473
5580001 0.721062
5590001 0.751275
5600001 0.716643
5610001 0.735431
5620001 0.745146
5630001 0.714411
5640001 0.741925
5650001 0.72091
5660001 0.749059
5670001 0.716637
5680001 0.749896
5690001 0.728608
5700001 0.732386
5710001 0.731805
5720001 0.706035
5730001 0.751605
5740001 0.727715
5750001 0.753371
5760001 0.729609
5770001 0.73288
5780001 0.725141
5790001 0.722693
5800001 0.74519
5810001 0.7118
5820001 0.754301
5830001 0.721576
5840001 0.738122
5850001 0.738108
5860001 0.721048
5870001 0.729209
5880001 0.714998
5890001 0.752403
5900001 0.725574
5910001 0.739137
5920001 0.719351
5930001 0.728581
5940001 0.732209
5950001 0.730986
5960001 0.745264
5970001 0.722311
5980001 0.751924
5990001 0.71725
6000001 0.73603
6010001 0.745312
6020001 0.714678
6030001 0.742604
6040001 0.721308
6050001 0.750078
6060001 0.716991
6070001 0.751112
6080001 0.729357
6090001 0.732964
6100001 0.732117
6110001 0.706627
6120001 0.751957
6130001 0.727471
6140001 0.753927
6150001 0.730352
6160001 0.733267
6170001 0.725583
6180001 0.723387
6190001 0.746254
6200001 0.712404
6210001 0.754842
6220001 0.722313
6230001 0.738896
6240001 0.738572
6250001 0.721619
6260001 0.730029
6270001 0.715854
6280001 0.753021
6290001 0.726156
6300001 0.739547
6310001 0.719993
6320001 0.729068
6330001 0.732487
6340001 0.731268
6350001 0.744602
6360001 0.719476
6370001 0.752391
6380001 0.71767
6390001 0.736568
6400001 0.745948
6410001 0.715207
6420001 0.743704
6430001 0.721844
6440001 0.750444
6450001 0.71772
6460001 0.75163
6470001 0.729926
6480001 0.733485
6490001 0.732429
6500001 0.707884
6510001 0.752367
6520001 0.728098
6530001 0.75457
6540001 0.730348
6550001 0.733705
6560001 0.726175
6570001 0.723805
6580001 0.747289
6590001 0.712836
6600001 0.755595
6610001 0.722725
6620001 0.739342
6630001 0.739283
6640001 0.72219
6650001 0.730596
6660001 0.716598
6670001 0.753739
6680001 0.726531
6690001 0.740002
6700001 0.720472
6710001 0.729571
6720001 0.728582
6730001 0.731179
6740001 0.745006
6750001 0.720005
6760001 0.755427
6770001 0.717886
6780001 0.737553
6790001 0.746343
6800001 0.715871
6810001 0.744607
6820001 0.722174
6830001 0.751093
6840001 0.71776
6850001 0.752124
6860001 0.730046
6870001 0.733986
6880001 0.733216
6890001 0.708172
6900001 0.752938
6910001 0.728875
6920001 0.751805
6930001 0.729091
6940001 0.733653
6950001 0.726862
6960001 0.724177
6970001 0.747024
6980001 0.713337
6990001 0.75611
7000001 0.723313
7010001 0.739358
7020001 0.739817
7030001 0.722685
7040001 0.730886
7050001 0.717751
7060001 0.754474
7070001 0.726896
7080001 0.740512
7090001 0.720829
7100001 0.730017
7110001 0.729215
7120001 0.731619
7130001 0.74535
7140001 0.720489
7150001 0.755839
7160001 0.719653
7170001 0.737993
7180001 0.746757
7190001 0.716187
7200001 0.745016
7210001 0.72133
7220001 0.751491
7230001 0.718374
7240001 0.754848
7250001 0.730502
7260001 0.734835
7270001 0.733693
7280001 0.708784
7290001 0.756063
7300001 0.729341
7310001 0.751821
7320001 0.729426
7330001 0.734097
7340001 0.727529
7350001 0.724643
7360001 0.747297
7370001 0.713722
7380001 0.75672
7390001 0.724101
7400001 0.739709
7410001 0.740999
7420001 0.72309
7430001 0.732016
7440001 0.71834
7450001 0.754826
7460001 0.727165
7470001 0.741166
7480001 0.721395
7490001 0.730433
7500001 0.729458
7510001 0.73156
7520001 0.745721
7530001 0.720899
7540001 0.756398
7550001 0.720142
7560001 0.738416
7570001 0.747012
7580001 0.716563
7590001 0.74546
7600001 0.721677
7610001 0.75206
7620001 0.718872
7630001 0.755471
7640001 0.730907
7650001 0.735223
7660001 0.734063
7670001 0.709695
7680001 0.756327
7690001 0.729938
7700001 0.752176
7710001 0.720234
7720001 0.734635
7730001 0.728607
7740001 0.724897
7750001 0.747673
7760001 0.712031
7770001 0.757306
7780001 0.724775
7790001 0.741123
7800001 0.741459
7810001 0.723564
7820001 0.732502
7830001 0.718874
7840001 0.755249
7850001 0.727592
7860001 0.741528
7870001 0.72177
7880001 0.730923
7890001 0.730335
7900001 0.730946
7910001 0.746266
7920001 0.721238
7930001 0.7564
7940001 0.720575
7950001 0.738314
7960001 0.747703
7970001 0.716941
7980001 0.745761
7990001 0.722243
8000001 0.752549
8010001 0.71945
8020001 0.75592
8030001 0.731284
8040001 0.733049
8050001 0.734474
8060001 0.709723
8070001 0.756785
8080001 0.730541
8090001 0.752434
8100001 0.720622
8110001 0.735101
8120001 0.728829
8130001 0.725484
8140001 0.748202
8150001 0.712676
8160001 0.755788
8170001 0.725177
8180001 0.741479
8190001 0.742874
8200001 0.723799
8210001 0.732943
8220001 0.718197
8230001 0.755811
8240001 0.727872
8250001 0.741499
8260001 0.722238
8270001 0.731879
8280001 0.731188
8290001 0.731155
8300001 0.746939
8310001 0.72211
8320001 0.750515
8330001 0.721426
8340001 0.738896
8350001 0.748423
8360001 0.717362
8370001 0.746225
8380001 0.722717
8390001 0.753144
8400001 0.719908
8410001 0.756305
8420001 0.731711
8430001 0.732283
8440001 0.734971
8450001 0.710061
8460001 0.755811
8470001 0.730975
8480001 0.752764
8490001 0.720962
8500001 0.735522
8510001 0.729205
8520001 0.725892
8530001 0.748516
8540001 0.713679
8550001 0.756384
8560001 0.725558
8570001 0.742346
8580001 0.742042
8590001 0.724267
8600001 0.733414
8610001 0.719326
8620001 0.756211
8630001 0.728422
8640001 0.741848
8650001 0.722857
8660001 0.732825
8670001 0.731731
8680001 0.731629
8690001 0.748252
8700001 0.722541
8710001 0.750915
8720001 0.722065
8730001 0.73938
8740001 0.748791
8750001 0.717776
8760001 0.746567
8770001 0.72321
8780001 0.753706
8790001 0.717739
8800001 0.755825
8810001 0.732327
8820001 0.732645
8830001 0.735375
8840001 0.71066
8850001 0.756256
8860001 0.731371
8870001 0.753057
8880001 0.721295
8890001 0.73577
8900001 0.729792
8910001 0.726131
8920001 0.747912
8930001 0.714157
8940001 0.756373
8950001 0.725919
8960001 0.742701
8970001 0.742582
8980001 0.724621
8990001 0.733829
9000001 0.719962
9010001 0.756666
9020001 0.728574
9030001 0.742668
9040001 0.723474
9050001 0.733243
9060001 0.732073
9070001 0.732862
9080001 0.748744
9090001 0.722919
9100001 0.751752
9110001 0.722401
9120001 0.739646
9130001 0.749166
9140001 0.718142
9150001 0.746991
9160001 0.723628
9170001 0.754071
9180001 0.719718
9190001 0.75608
9200001 0.732775
9210001 0.732978
9220001 0.735667
9230001 0.712556
9240001 0.756413
9250001 0.731506
9260001 0.753432
9270001 0.722026
9280001 0.736088
9290001 0.730139
9300001 0.726684
9310001 0.747748
9320001 0.714667
9330001 0.756973
9340001 0.72587
9350001 0.743246
9360001 0.742337
9370001 0.725006
9380001 0.734265
9390001 0.715889
9400001 0.751865
9410001 0.728794
9420001 0.743522
9430001 0.724042
9440001 0.733794
9450001 0.732649
9460001 0.733324
9470001 0.74949
9480001 0.723195
9490001 0.752287
9500001 0.722978
9510001 0.739543
9520001 0.749547
9530001 0.718978
9540001 0.747503
9550001 0.72392
9560001 0.753069
9570001 0.720018
9580001 0.756224
9590001 0.733208
9600001 0.73326
9610001 0.736375
9620001 0.71277
9630001 0.756836
9640001 0.731751
9650001 0.753876
9660001 0.72258
9670001 0.736695
9680001 0.730729
9690001 0.726925
9700001 0.748756
9710001 0.72088
9720001 0.757352
9730001 0.726839
9740001 0.743739
9750001 0.742655
9760001 0.725779
9770001 0.734459
9780001 0.716544
9790001 0.752546
9800001 0.728519
9810001 0.746577
9820001 0.724384
9830001 0.73403
9840001 0.732913
9850001 0.733863
9860001 0.749938
9870001 0.723819
9880001 0.752569
9890001 0.723741
9900001 0.739796
9910001 0.749851
9920001 0.719279
9930001 0.747827
9940001 0.724
9950001 0.753245
9960001 0.721756
9970001 0.755894
9980001 0.733698
9990001 0.733658
10000001 0.736867
10010001 0.712245
10020001 0.757915
10030001 0.732111
10040001 0.753046
10050001 0.722861
10060001 0.737019
10070001 0.730566
10080001 0.727416
10090001 0.749033
10100001 0.721147
10110001 0.757807
10120001 0.727637
10130001 0.744029
10140001 0.743135
10150001 0.726953
10160001 0.735092
10170001 0.716989
10180001 0.75334
10190001 0.729122
10200001 0.74687
10210001 0.72479
10220001 0.734261
10230001 0.733289
10240001 0.734024
10250001 0.749865
10260001 0.724579
10270001 0.752896
10280001 0.724114
10290001 0.738816
10300001 0.750162
10310001 0.719656
10320001 0.748599
10330001 0.723889
10340001 0.753874
10350001 0.722096
10360001 0.756179
10370001 0.732576
10380001 0.734004
10390001 0.737536
10400001 0.712855
10410001 0.75835
10420001 0.727071
10430001 0.753372
10440001 0.723123
10450001 0.737481
10460001 0.731229
10470001 0.727697
10480001 0.749278
10490001 0.72202
10500001 0.758022
10510001 0.727927
10520001 0.744285
10530001 0.743485
10540001 0.727749
10550001 0.735271
10560001 0.717465
10570001 0.753996
10580001 0.729163
10590001 0.746942
10600001 0.724945
10610001 0.734499
10620001 0.733705
10630001 0.734447
10640001 0.75016
10650001 0.724953
10660001 0.753104
10670001 0.724615
10680001 0.739117
10690001 0.75042
10700001 0.719761
10710001 0.749003
10720001 0.724186
10730001 0.753866
10740001 0.722389
10750001 0.756501
10760001 0.732859
10770001 0.726277
10780001 0.736688
10790001 0.71293
10800001 0.758596
10810001 0.727168
10820001 0.753955
10830001 0.723326
10840001 0.737752
10850001 0.731539
10860001 0.728039
10870001 0.75043
10880001 0.722101
10890001 0.75839
10900001 0.728802
10910001 0.744833
10920001 0.743802
10930001 0.728027
10940001 0.736243
10950001 0.717714
10960001 0.75429
10970001 0.729406
10980001 0.746144
10990001 0.725553
11000001 0.735199
11010001 0.734086
11020001 0.734868
11030001 0.750611
11040001 0.725615
11050001 0.75332
11060001 0.724735
11070001 0.739391
11080001 0.750788
11090001 0.720681
11100001 0.749307
11110001 0.724352
11120001 0.754504
11130001 0.722169
11140001 0.756645
11150001 0.733174
11160001 0.726491
11170001 0.736805
11180001 0.71258
11190001 0.758933
11200001 0.727708
11210001 0.754431
11220001 0.723838
11230001 0.738203
11240001 0.731995
11250001 0.728309
11260001 0.751061
11270001 0.722336
11280001 0.759512
11290001 0.729157
11300001 0.745063
11310001 0.744515
11320001 0.728429
11330001 0.736522
11340001 0.724771
11350001 0.754514
11360001 0.729805
11370001 0.746336
11380001 0.725715
11390001 0.735731
11400001 0.73438
11410001 0.735343
11420001 0.751851
11430001 0.726056
11440001 0.754066
11450001 0.724974
11460001 0.739847
11470001 0.751602
11480001 0.721028
11490001 0.749537
11500001 0.724643
11510001 0.754892
11520001 0.722409
11530001 0.756887
11540001 0.733617
11550001 0.726766
11560001 0.737168
11570001 0.712808
11580001 0.758403
11590001 0.727777
11600001 0.754753
11610001 0.72385
11620001 0.738662
11630001 0.732478
11640001 0.729218
11650001 0.751355
11660001 0.723066
11670001 0.759696
11680001 0.729542
11690001 0.745256
11700001 0.745211
11710001 0.728883
11720001 0.733709
11730001 0.72501
11740001 0.752533
11750001 0.729966
11760001 0.746787
11770001 0.726041
11780001 0.736088
11790001 0.731675
11800001 0.735741
11810001 0.752239
11820001 0.726364
11830001 0.754328
11840001 0.725494
11850001 0.740061
11860001 0.752127
11870001 0.721326
11880001 0.748702
11890001 0.724817
11900001 0.754848
11910001 0.7229
11920001 0.757691
11930001 0.735285
11940001 0.727062
11950001 0.73736
11960001 0.71309
11970001 0.758762
11980001 0.728451
11990001 0.753876
12000001 0.725054
12010001 0.738915
12020001 0.732892
12030001 0.729533
12040001 0.75185
12050001 0.723614
12060001 0.760451
12070001 0.729527
12080001 0.745589
12090001 0.745473
12100001 0.729166
12110001 0.733927
12120001 0.725584
12130001 0.752899
12140001 0.730528
12150001 0.747019
12160001 0.726388
12170001 0.73667
12180001 0.732504
12190001 0.736048
12200001 0.752681
12210001 0.726816
12220001 0.754491
12230001 0.725623
12240001 0.740307
12250001 0.735525
12260001 0.721731
12270001 0.744278
12280001 0.719126
12290001 0.755007
12300001 0.723402
12310001 0.75804
12320001 0.741469
12330001 0.727249
12340001 0.736768
12350001 0.713476
12360001 0.757414
12370001 0.728679
12380001 0.75428
12390001 0.725272
12400001 0.739786
12410001 0.733151
12420001 0.729963
12430001 0.752538
12440001 0.723877
12450001 0.761375
12460001 0.729644
12470001 0.745938
12480001 0.744561
12490001 0.729674
12500001 0.733931
12510001 0.725415
12520001 0.753593
12530001 0.732511
12540001 0.747802
12550001 0.726838
12560001 0.73688
12570001 0.732692
12580001 0.736474
12590001 0.752133
12600001 0.72717
12610001 0.754886
12620001 0.725836
12630001 0.740644
12640001 0.735844
12650001 0.722121
12660001 0.744317
12670001 0.719441
12680001 0.755325
12690001 0.723325
12700001 0.759419
12710001 0.741753
12720001 0.727417
12730001 0.737182
12740001 0.713753
12750001 0.757606
12760001 0.72917
12770001 0.754529
12780001 0.7259
12790001 0.74024
12800001 0.733452
12810001 0.730332
12820001 0.752879
12830001 0.72406
12840001 0.761779
12850001 0.729988
12860001 0.746108
12870001 0.74489
12880001 0.724499
12890001 0.734771
12900001 0.726067
12910001 0.754357
12920001 0.73309
12930001 0.748572
12940001 0.727016
12950001 0.737099
12960001 0.733233
12970001 0.732767
12980001 0.752225
12990001 0.727605
13000001 0.755256
13010001 0.725831
13020001 0.740881
13030001 0.736136
13040001 0.722026
13050001 0.74481
13060001 0.719885
13070001 0.755516
13080001 0.72351
13090001 0.759874
13100001 0.741876
13110001 0.727637
13120001 0.737281
13130001 0.713931
13140001 0.759437
13150001 0.729514
13160001 0.754755
13170001 0.726224
13180001 0.740259
13190001 0.733614
13200001 0.730727
13210001 0.753211
13220001 0.724316
13230001 0.762913
13240001 0.727892
13250001 0.746381
13260001 0.745264
13270001 0.725123
13280001 0.735029
13290001 0.726178
13300001 0.753988
13310001 0.733281
13320001 0.749129
13330001 0.727196
13340001 0.737332
13350001 0.733569
13360001 0.733128
13370001 0.752479
13380001 0.727869
13390001 0.755248
13400001 0.726187
13410001 0.741063
13420001 0.736729
13430001 0.72227
13440001 0.745183
13450001 0.720154
13460001 0.755798
13470001 0.723772
13480001 0.751225
13490001 0.742107
13500001 0.729085
13510001 0.736683
13520001 0.714897
13530001 0.759621
13540001 0.729862
13550001 0.75472
13560001 0.72622
13570001 0.73055
13580001 0.733428
13590001 0.730221
13600001 0.753379
13610001 0.72465
13620001 0.762983
13630001 0.728184
13640001 0.746672
13650001 0.745445
13660001 0.725413
13670001 0.735195
13680001 0.726376
13690001 0.753844
13700001 0.733546
13710001 0.749575
13720001 0.727392
13730001 0.737814
13740001 0.733792
13750001 0.733554
13760001 0.753123
13770001 0.727035
13780001 0.755535
13790001 0.726533
13800001 0.74162
13810001 0.736506
13820001 0.722503
13830001 0.745422
13840001 0.719823
13850001 0.756084
13860001 0.724113
13870001 0.751221
13880001 0.740784
13890001 0.729297
13900001 0.737271
13910001 0.715153
13920001 0.760114
13930001 0.730103
13940001 0.755157
13950001 0.725844
13960001 0.732336
13970001 0.733797
13980001 0.729622
13990001 0.753763
14000001 0.725049
14010001 0.763395
14020001 0.72674
14030001 0.746949
14040001 0.745801
14050001 0.725634
14060001 0.735488
14070001 0.727141
14080001 0.754051
14090001 0.73404
14100001 0.750913
14110001 0.726825
14120001 0.738109
14130001 0.734012
14140001 0.733793
14150001 0.754735
14160001 0.727213
14170001 0.755707
14180001 0.726715
14190001 0.741804
14200001 0.7368
14210001 0.723111
14220001 0.745721
14230001 0.720143
14240001 0.756231
14250001 0.72403
14260001 0.751492
14270001 0.7416
14280001 0.729597
14290001 0.737747
14300001 0.71532
14310001 0.760549
14320001 0.728524
14330001 0.755426
14340001 0.72624
14350001 0.732812
14360001 0.734281
14370001 0.729789
14380001 0.753926
14390001 0.725499
14400001 0.763639
14410001 0.727063
14420001 0.747492
14430001 0.745976
14440001 0.725981
14450001 0.735955
14460001 0.73222
14470001 0.755021
14480001 0.734228
14490001 0.751381
14500001 0.727152
14510001 0.73855
14520001 0.734169
14530001 0.715134
14540001 0.755845
14550001 0.727425
14560001 0.7559
14570001 0.727212
14580001 0.741689
14590001 0.737068
14600001 0.723423
14610001 0.746163
14620001 0.720202
14630001 0.756496
14640001 0.724832
14650001 0.75203
14660001 0.741316
14670001 0.727671
14680001 0.737991
14690001 0.715457
14700001 0.760832
14710001 0.724507
14720001 0.755713
14730001 0.726787
14740001 0.733809
14750001 0.734806
14760001 0.730387
14770001 0.754498
14780001 0.72583
14790001 0.761915
14800001 0.727212
14810001 0.748768
14820001 0.746933
14830001 0.726316
14840001 0.745702
14850001 0.732591
14860001 0.755232
14870001 0.736441
14880001 0.751722
14890001 0.727351
14900001 0.739024
14910001 0.734501
14920001 0.715516
14930001 0.75597
14940001 0.727387
14950001 0.756026
14960001 0.727508
14970001 0.741989
14980001 0.726151
14990001 0.723991
15000001 0.746794
15010001 0.721318
15020001 0.756021
15030001 0.725036
15040001 0.75223
15050001 0.741965
15060001 0.727907
15070001 0.73944
15080001 0.715671
15090001 0.760845
15100001 0.72518
15110001 0.755892
15120001 0.727013
15130001 0.73364
15140001 0.734805
15150001 0.730562
15160001 0.754838
15170001 0.725851
15180001 0.761995
15190001 0.727575
15200001 0.748985
15210001 0.747177
15220001 0.726558
15230001 0.745942
15240001 0.73211
15250001 0.755271
15260001 0.73662
15270001 0.751945
15280001 0.727467
15290001 0.738901
15300001 0.7346
15310001 0.715859
15320001 0.756295
15330001 0.727626
15340001 0.755963
15350001 0.729686
15360001 0.742066
15370001 0.726581
15380001 0.72415
15390001 0.746891
15400001 0.722074
15410001 0.756298
15420001 0.725475
15430001 0.74724
15440001 0.742077
15450001 0.727844
15460001 0.739462
15470001 0.716911
15480001 0.761015
15490001 0.726248
15500001 0.756092
15510001 0.724627
15520001 0.733329
15530001 0.734943
15540001 0.730791
15550001 0.755102
15560001 0.726098
15570001 0.762488
15580001 0.728132
15590001 0.7493
15600001 0.747577
15610001 0.718348
15620001 0.746199
15630001 0.733152
15640001 0.755469
15650001 0.720872
15660001 0.752161
15670001 0.727019
15680001 0.738923
15690001 0.734808
15700001 0.712046
15710001 0.756726
15720001 0.727874
15730001 0.756213
15740001 0.729957
15750001 0.74224
15760001 0.726554
15770001 0.724703
15780001 0.747314
15790001 0.722314
15800001 0.759182
15810001 0.725988
15820001 0.747372
15830001 0.742092
15840001 0.728489
15850001 0.739689
15860001 0.717143
15870001 0.761373
15880001 0.726618
15890001 0.756265
15900001 0.724914
15910001 0.733873
15920001 0.735141
15930001 0.731891
15940001 0.755377
15950001 0.726298
15960001 0.762796
15970001 0.728466
15980001 0.749557
15990001 0.747693
16000001 0.718604
16010001 0.745998
16020001 0.733462
16030001 0.754058
16040001 0.72101
16050001 0.752421
16060001 0.727393
16070001 0.738627
16080001 0.735895
16090001 0.712382
16100001 0.757965
16110001 0.728125
16120001 0.756405
16130001 0.730302
16140001 0.74252
16150001 0.72671
16160001 0.724629
16170001 0.746255
16180001 0.723768
16190001 0.759408
16200001 0.726119
16210001 0.749875
16220001 0.742127
16230001 0.728811
16240001 0.740115
16250001 0.717495
16260001 0.761748
16270001 0.727956
16280001 0.756377
16290001 0.725163
16300001 0.734106
16310001 0.7353
16320001 0.732685
16330001 0.755221
16340001 0.726517
16350001 0.762578
16360001 0.72868
16370001 0.749855
16380001 0.747971
16390001 0.718917
16400001 0.746058
16410001 0.728115
16420001 0.753435
16430001 0.721292
16440001 0.75262
16450001 0.731167
16460001 0.738956
16470001 0.736143
16480001 0.712919
16490001 0.75814
16500001 0.728458
16510001 0.756546
16520001 0.73042
16530001 0.743068
16540001 0.727204
16550001 0.724885
16560001 0.746708
16570001 0.72412
16580001 0.759657
16590001 0.726375
16600001 0.740745
16610001 0.741969
16620001 0.729026
16630001 0.740233
16640001 0.71764
16650001 0.761996
16660001 0.728096
16670001 0.756492
16680001 0.725873
16690001 0.734441
16700001 0.735566
16710001 0.732579
16720001 0.755565
16730001 0.72672
16740001 0.762829
16750001 0.7289
16760001 0.750118
16770001 0.748119
16780001 0.719213
16790001 0.746233
16800001 0.728459
16810001 0.753507
16820001 0.722043
16830001 0.752977
16840001 0.731324
16850001 0.739076
16860001 0.736319
16870001 0.7121
16880001 0.75832
16890001 0.728603
16900001 0.756704
16910001 0.73057
16920001 0.743337
16930001 0.727225
16940001 0.72562
16950001 0.746919
16960001 0.72691
16970001 0.759984
16980001 0.726683
16990001 0.741217
17000001 0.742073
17010001 0.729111
17020001 0.729347
17030001 0.71755
17040001 0.762135
17050001 0.728268
17060001 0.756846
17070001 0.725871
17080001 0.734514
17090001 0.735917
17100001 0.732811
17110001 0.755599
17120001 0.726313
17130001 0.76542
17140001 0.729062
17150001 0.750293
17160001 0.748134
17170001 0.71963
17180001 0.746436
17190001 0.728883
17200001 0.754285
17210001 0.722172
17220001 0.753214
17230001 0.731493
17240001 0.739276
17250001 0.736579
17260001 0.70911
17270001 0.756588
17280001 0.728727
17290001 0.756907
17300001 0.731066
17310001 0.743412
17320001 0.727419
17330001 0.725724
17340001 0.747418
17350001 0.727287
17360001 0.760373
17370001 0.726954
17380001 0.741337
17390001 0.742201
17400001 0.729677
17410001 0.729532
17420001 0.718239
17430001 0.761435
17440001 0.728396
17450001 0.757121
17460001 0.725951
17470001 0.734742
17480001 0.735662
17490001 0.733142
17500001 0.755421
17510001 0.726914
17520001 0.766038
17530001 0.725838
17540001 0.750912
17550001 0.748426
17560001 0.719822
17570001 0.746582
17580001 0.728995
17590001 0.754494
17600001 0.722545
17610001 0.753648
17620001 0.731669
17630001 0.739265
17640001 0.736884
17650001 0.709266
17660001 0.757022
17670001 0.729081
17680001 0.756332
17690001 0.731172
17700001 0.743545
17710001 0.728353
17720001 0.726791
17730001 0.747642
17740001 0.728226
17750001 0.76051
17760001 0.727049
17770001 0.741593
17780001 0.742573
17790001 0.724849
17800001 0.729938
17810001 0.718341
17820001 0.761648
17830001 0.728945
17840001 0.757289
17850001 0.723841
17860001 0.734971
17870001 0.73596
17880001 0.73364
17890001 0.755981
17900001 0.727177
17910001 0.766545
17920001 0.725986
17930001 0.751588
17940001 0.74862
17950001 0.720577
17960001 0.746597
17970001 0.729091
17980001 0.754874
17990001 0.722796
18000001 0.753997
18010001 0.731984
18020001 0.739687
18030001 0.73709
18040001 0.709019
18050001 0.757278
18060001 0.729162
18070001 0.756761
18080001 0.731391
18090001 0.743724
18100001 0.728778
18110001 0.727157
18120001 0.748434
18130001 0.728637
18140001 0.759087
18150001 0.727133
18160001 0.741792
18170001 0.742774
18180001 0.725208
18190001 0.730173
18200001 0.718696
18210001 0.762224
18220001 0.729637
18230001 0.757471
18240001 0.72417
18250001 0.735286
18260001 0.735737
18270001 0.733912
18280001 0.75656
18290001 0.727209
18300001 0.766707
18310001 0.726385
18320001 0.747465
18330001 0.748982
18340001 0.720855
18350001 0.747479
18360001 0.72926
18370001 0.755169
18380001 0.7229
18390001 0.754967
18400001 0.732272
18410001 0.737861
18420001 0.737371
18430001 0.709183
18440001 0.757432
18450001 0.729905
18460001 0.757045
18470001 0.732238
18480001 0.742717
18490001 0.728965
18500001 0.727291
18510001 0.74862
18520001 0.728275
18530001 0.759134
18540001 0.725711
18550001 0.741744
18560001 0.742965
18570001 0.72564
18580001 0.730246
18590001 0.718557
18600001 0.762317
18610001 0.729603
18620001 0.757967
18630001 0.724061
18640001 0.73545
18650001 0.735982
18660001 0.734187
18670001 0.756753
18680001 0.727474
18690001 0.759539
18700001 0.728348
18710001 0.747685
18720001 0.749236
18730001 0.721199
18740001 0.747353
18750001 0.729804
18760001 0.755279
18770001 0.722814
18780001 0.755314
18790001 0.732637
18800001 0.73758
18810001 0.737517
18820001 0.709426
18830001 0.75761
18840001 0.730098
18850001 0.75718
18860001 0.731353
18870001 0.743137
18880001 0.729317
18890001 0.727345
18900001 0.74876
18910001 0.71877
18920001 0.759236
18930001 0.72605
18940001 0.741991
18950001 0.74346
18960001 0.725743
18970001 0.730434
18980001 0.718827
18990001 0.762548
19000001 0.729482
19010001 0.758108
19020001 0.724047
19030001 0.735582
19040001 0.736403
19050001 0.734374
19060001 0.758718
19070001 0.725998
19080001 0.7601
19090001 0.728657
19100001 0.74818
19110001 0.74961
19120001 0.721502
19130001 0.747125
19140001 0.727603
19150001 0.756261
19160001 0.722279
19170001 0.75546
19180001 0.732811
19190001 0.737829
19200001 0.737907
19210001 0.70983
19220001 0.75783
19230001 0.732996
19240001 0.757481
19250001 0.73155
19260001 0.743331
19270001 0.729461
19280001 0.727291
19290001 0.749325
19300001 0.718998
19310001 0.759397
19320001 0.72619
19330001 0.742104
19340001 0.743703
19350001 0.726822
19360001 0.731997
19370001 0.719088
19380001 0.761776
19390001 0.729644
19400001 0.75831
19410001 0.724107
19420001 0.736686
19430001 0.736572
19440001 0.734648
19450001 0.758599
19460001 0.726541
19470001 0.760216
19480001 0.729068
19490001 0.748415
19500001 0.749923
19510001 0.720051
19520001 0.747488
19530001 0.727955
19540001 0.756384
19550001 0.722139
19560001 0.755455
19570001 0.732887
19580001 0.73779
19590001 0.737623
19600001 0.710166
19610001 0.757975
19620001 0.733108
19630001 0.757575
19640001 0.731957
19650001 0.743678
19660001 0.72973
19670001 0.72749
19680001 0.749391
19690001 0.719722
19700001 0.759499
19710001 0.726845
19720001 0.742392
19730001 0.743797
19740001 0.726919
19750001 0.732549
19760001 0.719196
19770001 0.762113
19780001 0.729798
19790001 0.758929
19800001 0.724202
19810001 0.736822
19820001 0.736915
19830001 0.735256
19840001 0.758715
19850001 0.72663
19860001 0.760532
19870001 0.727536
19880001 0.747932
19890001 0.750236
19900001 0.72031
19910001 0.747629
19920001 0.728258
19930001 0.756454
19940001 0.722337
19950001 0.755885
19960001 0.733324
19970001 0.738305
19980001 0.737433
19990001 0.710409
20000001 0.758044
20010001 0.732944
20020001 0.758049
20030001 0.732216
20040001 0.743784
20050001 0.730035
20060001 0.728285
20070001 0.750445
20080001 0.720286
20090001 0.759421
20100001 0.727132
20110001 0.742649
20120001 0.743918
20130001 0.727107
20140001 0.73269
20150001 0.71929
20160001 0.762354
20170001 0.730098
20180001 0.759549
20190001 0.724832
20200001 0.73615
20210001 0.737641
20220001 0.735977
20230001 0.759611
20240001 0.726683
20250001 0.760889
20260001 0.728528
20270001 0.748132
20280001 0.750543
20290001 0.720316
20300001 0.747739
20310001 0.72696
20320001 0.756732
20330001 0.722269
20340001 0.755359
20350001 0.734048
20360001 0.738486
20370001 0.737549
20380001 0.710527
20390001 0.758126
20400001 0.733284
20410001 0.758342
20420001 0.732655
20430001 0.744035
20440001 0.730187
20450001 0.729157
20460001 0.750601
20470001 0.720662
20480001 0.759432
20490001 0.727355
20500001 0.742914
20510001 0.744049
20520001 0.727224
20530001 0.732016
20540001 0.71985
20550001 0.758876
20560001 0.729944
20570001 0.760018
20580001 0.725169
20590001 0.736798
20600001 0.737737
20610001 0.736258
20620001 0.749776
20630001 0.727038
20640001 0.761037
20650001 0.726554
20660001 0.748296
20670001 0.750996
20680001 0.720399
20690001 0.748354
20700001 0.727103
20710001 0.756093
20720001 0.722474
20730001 0.75554
20740001 0.734293
20750001 0.738663
20760001 0.737741
20770001 0.71068
20780001 0.758084
20790001 0.733758
20800001 0.758485
20810001 0.734869
20820001 0.744211
20830001 0.729882
20840001 0.729321
20850001 0.750733
20860001 0.720851
20870001 0.75966
20880001 0.727125
20890001 0.743707
20900001 0.744231
20910001 0.72717
20920001 0.734064
20930001 0.720002
20940001 0.757941
20950001 0.730114
20960001 0.747068
20970001 0.72538
20980001 0.737946
20990001 0.737989
21000001 0.736454
21010001 0.750178
21020001 0.727427
21030001 0.761259
21040001 0.726709
21050001 0.748453
21060001 0.751059
21070001 0.720987
21080001 0.748452
21090001 0.727176
21100001 0.755119
21110001 0.722809
21120001 0.75578
21130001 0.734561
21140001 0.738918
21150001 0.738244
21160001 0.710885
21170001 0.757636
21180001 0.733829
21190001 0.75889
21200001 0.734965
21210001 0.740384
21220001 0.730774
21230001 0.729385
21240001 0.750892
21250001 0.720998
21260001 0.759754
21270001 0.727277
21280001 0.744004
21290001 0.744407
21300001 0.727538
21310001 0.734436
21320001 0.72008
21330001 0.758694
21340001 0.730401
21350001 0.747236
21360001 0.725235
21370001 0.738851
21380001 0.738091
21390001 0.736565
21400001 0.750407
21410001 0.72757
21420001 0.761493
21430001 0.727063
21440001 0.747781
21450001 0.751459
21460001 0.720764
21470001 0.748477
21480001 0.727235
21490001 0.755366
21500001 0.72301
21510001 0.756053
21520001 0.734708
21530001 0.739076
21540001 0.73836
21550001 0.711567
21560001 0.757689
21570001 0.733879
21580001 0.759464
21590001 0.73534
21600001 0.740647
21610001 0.731216
21620001 0.729506
21630001 0.750993
21640001 0.718401
21650001 0.760151
21660001 0.727605
21670001 0.744217
21680001 0.744704
21690001 0.727765
21700001 0.735167
21710001 0.720254
21720001 0.758832
21730001 0.731201
21740001 0.746878
21750001 0.725469
21760001 0.735036
21770001 0.738206
21780001 0.736804
21790001 0.750853
21800001 0.727593
21810001 0.757497
21820001 0.721129
21830001 0.748087
21840001 0.751512
21850001 0.720899
21860001 0.748606
21870001 0.727474
21880001 0.755365
21890001 0.72318
21900001 0.75623
21910001 0.734976
21920001 0.738833
21930001 0.738256
21940001 0.711836
21950001 0.757787
21960001 0.73418
21970001 0.759595
21980001 0.735782
21990001 0.739244
22000001 0.731452
22010001 0.728942
22020001 0.751414
22030001 0.718497
22040001 0.760486
22050001 0.727985
22060001 0.744405
22070001 0.744217
22080001 0.727449
22090001 0.735473
22100001 0.721221
22110001 0.758227
22120001 0.73183
22130001 0.747338
22140001 0.7256
22150001 0.734928
22160001 0.738315
22170001 0.736898
22180001 0.751423
22190001 0.728529
22200001 0.757946
22210001 0.723518
22220001 0.742003
22230001 0.751632
22240001 0.720965
22250001 0.74846
22260001 0.727577
22270001 0.755838
22280001 0.723408
22290001 0.756965
22300001 0.735219
22310001 0.738946
22320001 0.738237
22330001 0.712863
22340001 0.757876
22350001 0.73357
22360001 0.759811
22370001 0.736033
22380001 0.739381
22390001 0.731669
22400001 0.729441
22410001 0.752039
22420001 0.718403
22430001 0.760657
22440001 0.728327
22450001 0.744718
22460001 0.744426
22470001 0.727641
22480001 0.735959
22490001 0.721901
22500001 0.758647
22510001 0.731992
22520001 0.745423
22530001 0.725862
22540001 0.734956
22550001 0.738398
22560001 0.7374
22570001 0.750997
22580001 0.728751
22590001 0.758073
22600001 0.723619
22610001 0.742362
22620001 0.751566
22630001 0.721119
22640001 0.749446
22650001 0.727682
22660001 0.756123
22670001 0.723527
22680001 0.757276
22690001 0.735567
22700001 0.739262
22710001 0.738234
22720001 0.713354
22730001 0.757943
22740001 0.733894
22750001 0.759988
22760001 0.736089
22770001 0.739403
22780001 0.731919
22790001 0.729617
22800001 0.752205
22810001 0.718643
22820001 0.760774
22830001 0.728471
22840001 0.744964
22850001 0.744877
22860001 0.727876
22870001 0.73618
22880001 0.722305
22890001 0.758939
22900001 0.732239
22910001 0.745491
22920001 0.726178
22930001 0.735133
22940001 0.738497
22950001 0.736443
22960001 0.750525
22970001 0.725546
22980001 0.760723
22990001 0.72363
23000001 0.742998
23010001 0.751814
23020001 0.721447
23030001 0.749743
23040001 0.727697
23050001 0.756294
23060001 0.723374
23070001 0.757411
23080001 0.735548
23090001 0.739418
23100001 0.738756
23110001 0.713783
23120001 0.758084
23130001 0.734056
23140001 0.757197
23150001 0.734412
23160001 0.739047
23170001 0.732195
23180001 0.729596
23190001 0.752996
23200001 0.718825
23210001 0.761323
23220001 0.728635
23230001 0.745125
23240001 0.744995
23250001 0.727982
23260001 0.736255
23270001 0.722473
23280001 0.759381
23290001 0.732247
23300001 0.745769
23310001 0.726239
23320001 0.735316
23330001 0.734319
23340001 0.736894
23350001 0.750592
23360001 0.725881
23370001 0.760884
23380001 0.72369
23390001 0.74317
23400001 0.75185
23410001 0.721531
23420001 0.750157
23430001 0.726615
23440001 0.756572
23450001 0.723534
23460001 0.759916
23470001 0.73568
23480001 0.740132
23490001 0.738828
23500001 0.713967
23510001 0.758284
23520001 0.734535
23530001 0.757207
23540001 0.734622
23550001 0.73917
23560001 0.732384
23570001 0.729801
23580001 0.752419
23590001 0.718922
23600001 0.761613
23610001 0.729106
23620001 0.744783
23630001 0.745294
23640001 0.728155
23650001 0.736927
23660001 0.723478
23670001 0.759718
23680001 0.732262
23690001 0.746013
23700001 0.72636
23710001 0.735396
23720001 0.734236
23730001 0.737104
23740001 0.750622
23750001 0.725964
23760001 0.761241
23770001 0.725176
23780001 0.743361
23790001 0.751849
23800001 0.721611
23810001 0.750259
23820001 0.726697
23830001 0.756701
23840001 0.723875
23850001 0.760108
23860001 0.735838
23870001 0.740136
23880001 0.738942
23890001 0.71416
23900001 0.761122
23910001 0.734803
23920001 0.756942
23930001 0.734788
23940001 0.739315
23950001 0.733234
23960001 0.729761
23970001 0.752406
23980001 0.720057
23990001 0.762002
24000001 0.729665
24010001 0.744833
24020001 0.746081
24030001 0.728456
24040001 0.7372
24050001 0.72376
24060001 0.759853
24070001 0.732327
24080001 0.746241
24090001 0.726509
24100001 0.735625
24110001 0.734579
24120001 0.73655
24130001 0.750777
24140001 0.726038
24150001 0.760944
24160001 0.725355
24170001 0.743369
24180001 0.752169
24190001 0.721714
24200001 0.750332
24210001 0.727017
24220001 0.757047
24230001 0.724006
24240001 0.760433
24250001 0.735971
24260001 0.737586
24270001 0.739038
24280001 0.714481
24290001 0.761199
24300001 0.734997
24310001 0.757016
24320001 0.725508
24330001 0.739677
24340001 0.733645
24350001 0.730053
24360001 0.752508
24370001 0.717288
24380001 0.760168
24390001 0.729752
24400001 0.74598
24410001 0.747299
24420001 0.728506
24430001 0.73751
24440001 0.722768
24450001 0.760138
24460001 0.732534
24470001 0.746054
24480001 0.72678
24490001 0.736353
24500001 0.735588
24510001 0.735746
24520001 0.751032
24530001 0.726641
24540001 0.754845
24550001 0.725757
24560001 0.743072
24570001 0.752766
24580001 0.721803
24590001 0.750528
24600001 0.727144
24610001 0.757491
24620001 0.724336
24630001 0.760548
24640001 0.736095
24650001 0.737943
24660001 0.739239
24670001 0.714553
24680001 0.761434
24690001 0.735404
24700001 0.757059
24710001 0.725397
24720001 0.739891
24730001 0.733619
24740001 0.730265
24750001 0.752817
24760001 0.717968
24770001 0.760576
24780001 0.729925
24790001 0.746579
24800001 0.747453
24810001 0.72863
24820001 0.737659
24830001 0.723007
24840001 0.760374
24850001 0.732502
24860001 0.746037
24870001 0.727207
24880001 0.736468
24890001 0.735874
24900001 0.735888
24910001 0.751405
24920001 0.726863
24930001 0.755067
24940001 0.725999
24950001 0.743452
24960001 0.752874
24970001 0.72204
24980001 0.750721
24990001 0.727378
25000001 0.757541
25010001 0.722048
25020001 0.760732
25030001 0.736232
25040001 0.736789
25050001 0.739524
25060001 0.714959
25070001 0.760319
25080001 0.735576
25090001 0.757148
25100001 0.725547
25110001 0.739937
25120001 0.733978
25130001 0.730358
25140001 0.751878
25150001 0.718391
25160001 0.760375
25170001 0.730068
25180001 0.746779
25190001 0.746422
25200001 0.728789
25210001 0.737938
25220001 0.723807
25230001 0.760579
25240001 0.73254
25250001 0.746672
25260001 0.727321
25270001 0.737319
25280001 0.736118
25290001 0.73611
25300001 0.752585
25310001 0.727014
25320001 0.755261
25330001 0.726535
25340001 0.743574
25350001 0.753072
25360001 0.722199
25370001 0.75086
25380001 0.727613
25390001 0.757791
25400001 0.723733
25410001 0.759947
25420001 0.736766
25430001 0.73689
25440001 0.739619
25450001 0.715163
25460001 0.760434
25470001 0.735496
25480001 0.757207
25490001 0.725867
25500001 0.739996
25510001 0.734066
25520001 0.730817
25530001 0.752028
25540001 0.718713
25550001 0.760732
25560001 0.730224
25570001 0.746897
25580001 0.745851
25590001 0.72894
25600001 0.73812
25610001 0.721054
25620001 0.76078
25630001 0.732706
25640001 0.747348
25650001 0.727991
25660001 0.737602
25670001 0.73649
25680001 0.73708
25690001 0.752756
25700001 0.727104
25710001 0.755751
25720001 0.726559
25730001 0.743573
25740001 0.753268
25750001 0.722829
25760001 0.750995
25770001 0.727766
25780001 0.758019
25790001 0.723827
25800001 0.759874
25810001 0.736852
25820001 0.736969
25830001 0.740088
25840001 0.716704
25850001 0.76034
25860001 0.73552
25870001 0.757481
25880001 0.726389
25890001 0.740155
25900001 0.734448
25910001 0.730678
25920001 0.75245
25930001 0.724758
25940001 0.760908
25950001 0.729867
25960001 0.747326
25970001 0.746283
25980001 0.72938
25990001 0.738264
26000001 0.720053
26010001 0.756115
26020001 0.732175
26030001 0.750149
26040001 0.728072
26050001 0.737689
26060001 0.736565
26070001 0.737376
26080001 0.753544
26090001 0.727449
26100001 0.756152
26110001 0.727126
26120001 0.743391
26130001 0.753411
26140001 0.723042
26150001 0.751288
26160001 0.727828
26170001 0.756811
26180001 0.723835
26190001 0.759447
26200001 0.73715
26210001 0.737232
26220001 0.740309
26230001 0.715957
26240001 0.761296
26250001 0.735759
26260001 0.75766
26270001 0.726499
26280001 0.740441
26290001 0.733809
26300001 0.730738
26310001 0.752361
26320001 0.724715
26330001 0.761039
26340001 0.730943
26350001 0.74746
26360001 0.746535
26370001 0.729776
26380001 0.738392
26390001 0.720534
26400001 0.756391
26410001 0.732544
26420001 0.750304
26430001 0.728411
26440001 0.737617
26450001 0.736631
26460001 0.737607
26470001 0.753639
26480001 0.727996
26490001 0.756205
26500001 0.727561
26510001 0.74369
26520001 0.7535
26530001 0.723059
26540001 0.751906
26550001 0.727206
26560001 0.75713
26570001 0.725491
26580001 0.759461
26590001 0.735966
26600001 0.737331
26610001 0.740602
26620001 0.716082
26630001 0.761518
26640001 0.730328
26650001 0.756689
26660001 0.726528
26670001 0.740685
26680001 0.734501
26690001 0.73104
26700001 0.752581
26710001 0.725291
26720001 0.761283
26730001 0.731238
26740001 0.747558
26750001 0.746767
26760001 0.730943
26770001 0.738668
26780001 0.720677
26790001 0.757205
26800001 0.732784
26810001 0.750399
26820001 0.728269
26830001 0.737781
26840001 0.73687
26850001 0.73757
26860001 0.753328
26870001 0.728268
26880001 0.756285
26890001 0.727948
26900001 0.742354
26910001 0.753601
26920001 0.722996
26930001 0.752072
26940001 0.727494
26950001 0.756848
26960001 0.725649
26970001 0.759593
26980001 0.736094
26990001 0.72952
27000001 0.73989
27010001 0.716239
27020001 0.761682
27030001 0.730588
27040001 0.756709
27050001 0.726512
27060001 0.740905
27070001 0.734679
27080001 0.731242
27090001 0.753503
27100001 0.725511
27110001 0.761453
27120001 0.731618
27130001 0.747681
27140001 0.746863
27150001 0.731228
27160001 0.738799
27170001 0.720933
27180001 0.757282
27190001 0.732564
27200001 0.749455
27210001 0.728487
27220001 0.738255
27230001 0.737133
27240001 0.737778
27250001 0.753154
27260001 0.728382
27270001 0.756334
27280001 0.727894
27290001 0.742435
27300001 0.753823
27310001 0.723768
27320001 0.752276
27330001 0.727531
27340001 0.757404
27350001 0.725733
27360001 0.759736
27370001 0.736262
27380001 0.729583
27390001 0.739859
27400001 0.716286
27410001 0.761824
27420001 0.730614
27430001 0.757164
27440001 0.726925
27450001 0.741079
27460001 0.735057
27470001 0.731263
27480001 0.753985
27490001 0.725399
27500001 0.762304
27510001 0.732141
27520001 0.748079
27530001 0.747029
27540001 0.731343
27550001 0.739451
27560001 0.727775
27570001 0.757411
27580001 0.732732
27590001 0.749263
27600001 0.728846
27610001 0.73865
27620001 0.737367
27630001 0.738315
27640001 0.75372
27650001 0.729052
27660001 0.75693
27670001 0.727941
27680001 0.742608
27690001 0.754156
27700001 0.723898
27710001 0.752403
27720001 0.727684
27730001 0.757641
27740001 0.725401
27750001 0.759784
27760001 0.736522
27770001 0.729671
27780001 0.740032
27790001 0.715777
27800001 0.762011
27810001 0.73089
27820001 0.757559
27830001 0.726787
27840001 0.741506
27850001 0.735226
27860001 0.731663
27870001 0.754071
27880001 0.725986
27890001 0.762638
27900001 0.732482
27910001 0.748078
27920001 0.747878
27930001 0.731689
27940001 0.73616
27950001 0.727863
27960001 0.757578
27970001 0.732785
27980001 0.749577
27990001 0.728801
28000001 0.738842
28010001 0.737472
28020001 0.738476
28030001 0.754954
28040001 0.729121
28050001 0.757044
28060001 0.72828
28070001 0.742791
28080001 0.754563
28090001 0.724159
28100001 0.751392
28110001 0.727712
28120001 0.757454
28130001 0.725488
28140001 0.759858
28150001 0.736615
28160001 0.729785
28170001 0.740117
28180001 0.71589
28190001 0.761405
28200001 0.731004
28210001 0.756532
28220001 0.727823
28230001 0.741589
28240001 0.735539
28250001 0.732225
28260001 0.754496
28270001 0.726044
28280001 0.762598
28290001 0.732262
28300001 0.748172
28310001 0.748141
28320001 0.731928
28330001 0.736626
28340001 0.727962
28350001 0.755467
28360001 0.732963
28370001 0.749685
28380001 0.729124
28390001 0.739331
28400001 0.734923
28410001 0.738602
28420001 0.755164
28430001 0.729383
28440001 0.757082
28450001 0.728313
28460001 0.743055
28470001 0.739766
28480001 0.724297
28490001 0.746403
28500001 0.727675
28510001 0.757587
28520001 0.725683
28530001 0.760435
28540001 0.744075
28550001 0.729927
28560001 0.740166
28570001 0.716076
28580001 0.761388
28590001 0.7313
28600001 0.756612
28610001 0.727901
28620001 0.74183
28630001 0.735665
28640001 0.732477
28650001 0.754952
28660001 0.726448
28670001 0.763863
28680001 0.732197
28690001 0.748416
28700001 0.747052
28710001 0.732065
28720001 0.736954
28730001 0.727714
28740001 0.756172
28750001 0.733668
28760001 0.74981
28770001 0.72932
28780001 0.739336
28790001 0.735215
28800001 0.738896
28810001 0.755325
28820001 0.729615
28830001 0.757181
28840001 0.728418
28850001 0.743098
28860001 0.738355
28870001 0.724691
28880001 0.746793
28890001 0.722012
28900001 0.757696
28910001 0.726034
28920001 0.760606
28930001 0.744187
28940001 0.729934
28950001 0.739563
28960001 0.716249
28970001 0.760057
28980001 0.731361
28990001 0.756943
29000001 0.727941
29010001 0.74268
29020001 0.735926
29030001 0.732762
29040001 0.755189
29050001 0.726332
29060001 0.763978
29070001 0.732336
29080001 0.748519
29090001 0.747304
29100001 0.727007
29110001 0.736597
29120001 0.728452
29130001 0.75627
29140001 0.735422
29150001 0.750485
29160001 0.729519
29170001 0.739499
29180001 0.735437
29190001 0.735158
29200001 0.7547
29210001 0.729861
29220001 0.757574
29230001 0.728251
29240001 0.743189
29250001 0.738385
29260001 0.724454
29270001 0.747048
29280001 0.722197
29290001 0.757842
29300001 0.725916
29310001 0.761806
29320001 0.744282
29330001 0.73
29340001 0.739645
29350001 0.716255
29360001 0.760448
29370001 0.731984
29380001 0.75698
29390001 0.728476
29400001 0.742496
29410001 0.735909
29420001 0.733054
29430001 0.755326
29440001 0.726624
29450001 0.765126
29460001 0.732577
29470001 0.748635
29480001 0.747377
29490001 0.727478
29500001 0.737229
29510001 0.728473
29520001 0.756804
29530001 0.735596
29540001 0.751174
29550001 0.729511
29560001 0.739701
29570001 0.735847
29580001 0.735411
29590001 0.754701
29600001 0.730117
29610001 0.757492
29620001 0.728312
29630001 0.743304
29640001 0.738907
29650001 0.724384
29660001 0.747121
29670001 0.722454
29680001 0.757886
29690001 0.726043
29700001 0.753391
29710001 0.744336
29720001 0.731347
29730001 0.739695
29740001 0.717048
29750001 0.761777
29760001 0.731943
29770001 0.756859
29780001 0.728659
29790001 0.741797
29800001 0.736016
29810001 0.732435
29820001 0.755548
29830001 0.72679
29840001 0.765186
29850001 0.730351
29860001 0.748847
29870001 0.747545
29880001 0.72761
29890001 0.737384
29900001 0.728558
29910001 0.756318
29920001 0.735665
29930001 0.751683
29940001 0.729545
29950001 0.739959
29960001 0.735944
29970001 0.735499
29980001 0.755186
29990001 0.730284
