1 31.3153
10001 17.2216
20001 12.7036
30001 9.26538
40001 7.33064
50001 6.32695
60001 5.5745
70001 5.06007
80001 4.68945
90001 4.3786
100001 4.12756
110001 3.926
120001 3.74398
130001 3.58722
140001 3.45448
150001 3.32877
160001 3.21863
170001 3.12134
180001 3.02737
190001 2.94361
200001 2.86773
210001 2.79391
220001 2.72661
230001 2.66531
240001 2.60453
250001 2.54874
260001 2.49835
270001 2.44705
280001 2.39948
290001 2.35682
300001 2.31257
310001 2.27171
320001 2.23439
330001 2.19573
340001 2.16051
350001 2.12794
360001 2.09321
370001 2.06224
380001 2.03292
390001 2.00211
400001 1.9744
410001 1.94804
420001 1.92016
430001 1.89546
440001 1.87126
450001 1.84631
460001 1.82383
470001 1.80154
480001 1.77902
490001 1.75821
500001 1.73793
510001 1.71718
520001 1.69838
530001 1.6795
540001 1.66053
550001 1.64328
560001 1.62577
570001 1.608
580001 1.59217
590001 1.57577
600001 1.55912
610001 1.54442
620001 1.52936
630001 1.51365
640001 1.50085
650001 1.48602
660001 1.47117
670001 1.45948
680001 1.44552
690001 1.43159
700001 1.4205
710001 1.40782
720001 1.39454
730001 1.38455
740001 1.37206
750001 1.36002
760001 1.34998
770001 1.33853
780001 1.32742
790001 1.31773
800001 1.30682
810001 1.29636
820001 1.28717
830001 1.277
840001 1.26696
850001 1.25895
860001 1.24891
870001 1.23933
880001 1.23217
890001 1.22228
900001 1.21304
910001 1.20627
920001 1.19684
930001 1.18844
940001 1.18248
950001 1.17281
960001 1.16495
970001 1.15884
980001 1.15003
990001 1.14282
1000001 1.1368
1010001 1.1282
1020001 1.12187
1030001 1.11565
1040001 1.10775
1050001 1.10166
1060001 1.09555
1070001 1.08831
1080001 1.08228
1090001 1.0766
1100001 1.06955
1110001 1.06434
1120001 1.05881
1130001 1.0522
1140001 1.04749
1150001 1.04166
1160001 1.03528
1170001 1.03079
1180001 1.02521
1190001 1.01903
1200001 1.01462
1210001 1.00981
1220001 1.00349
1230001 1.00042
1240001 0.994729
1250001 0.98876
1260001 0.986236
1270001 0.980541
1280001 0.974639
1290001 0.972038
1300001 0.967291
1310001 0.961698
1320001 0.959386
1330001 0.954102
1340001 0.949119
1350001 0.946227
1360001 0.941731
1370001 0.937235
1380001 0.934225
1390001 0.929897
1400001 0.925456
1410001 0.92259
1420001 0.91833
1430001 0.914081
1440001 0.912066
1450001 0.907701
1460001 0.903374
1470001 0.902011
1480001 0.897269
1490001 0.892864
1500001 0.891714
1510001 0.887004
1520001 0.88334
1530001 0.882489
1540001 0.877337
1550001 0.874013
1560001 0.872642
1570001 0.868064
1580001 0.865196
1590001 0.863689
1600001 0.858781
1610001 0.856959
1620001 0.854777
1630001 0.850988
1640001 0.84861
1650001 0.846308
1660001 0.842664
1670001 0.840726
1680001 0.838676
1690001 0.834761
1700001 0.833165
1710001 0.83112
1720001 0.827737
1730001 0.82658
1740001 0.823841
1750001 0.820562
1760001 0.819356
1770001 0.816815
1780001 0.813624
1790001 0.812149
1800001 0.810383
1810001 0.806759
1820001 0.806886
1830001 0.803735
1840001 0.800368
1850001 0.800973
1860001 0.797656
1870001 0.794144
1880001 0.794441
1890001 0.792104
1900001 0.788841
1910001 0.789187
1920001 0.786185
1930001 0.783744
1940001 0.78308
1950001 0.780789
1960001 0.778479
1970001 0.777775
1980001 0.775564
1990001 0.773214
2000001 0.772558
2010001 0.770268
2020001 0.768119
2030001 0.768311
2040001 0.765771
2050001 0.763257
2060001 0.763975
2070001 0.761001
2080001 0.758884
2090001 0.759335
2100001 0.756185
2110001 0.754236
2120001 0.755435
2130001 0.751708
2140001 0.75009
2150001 0.750522
2160001 0.747386
2170001 0.746014
2180001 0.746427
2190001 0.743019
2200001 0.742749
2210001 0.742064
2220001 0.739657
2230001 0.738681
2240001 0.738024
2250001 0.735593
2260001 0.735552
2270001 0.734505
2280001 0.732191
2290001 0.731803
2300001 0.731467
2310001 0.729022
2320001 0.729241
2330001 0.727677
2340001 0.725586
2350001 0.725716
2360001 0.72432
2370001 0.722282
2380001 0.722446
2390001 0.721447
2400001 0.718882
2410001 0.720554
2420001 0.718203
2430001 0.71583
2440001 0.717773
2450001 0.715362
2460001 0.712797
2470001 0.714317
2480001 0.712937
2490001 0.71063
2500001 0.712097
2510001 0.709965
2520001 0.708539
2530001 0.708909
2540001 0.707503
2550001 0.70615
2560001 0.706398
2570001 0.704994
2580001 0.703596
2590001 0.70382
2600001 0.702295
2610001 0.70102
2620001 0.702928
2630001 0.700345
2640001 0.698618
2650001 0.700322
2660001 0.698001
2670001 0.696677
2680001 0.698027
2690001 0.695476
2700001 0.694274
2710001 0.696466
2720001 0.693213
2730001 0.692456
2740001 0.693568
2750001 0.691141
2760001 0.690376
2770001 0.691528
2780001 0.688726
2790001 0.689219
2800001 0.689169
2810001 0.687315
2820001 0.68715
2830001 0.687042
2840001 0.685207
2850001 0.685797
2860001 0.685315
2870001 0.683603
2880001 0.683868
2890001 0.6841
2900001 0.68216
2910001 0.682899
2920001 0.682073
2930001 0.680424
2940001 0.681179
2950001 0.680304
2960001 0.678761
2970001 0.679686
2980001 0.678892
2990001 0.676918
3000001 0.67919
3010001 0.677267
3020001 0.675348
3030001 0.677935
3040001 0.675867
3050001 0.673751
3060001 0.675857
3070001 0.67491
3080001 0.673064
3090001 0.675048
3100001 0.673489
3110001 0.672339
3120001 0.673134
3130001 0.672106
3140001 0.671191
3150001 0.67195
3160001 0.670916
3170001 0.669892
3180001 0.670562
3190001 0.66935
3200001 0.668489
3210001 0.670906
3220001 0.66855
3230001 0.667253
3240001 0.669423
3250001 0.667351
3260001 0.666438
3270001 0.669196
3280001 0.665971
3290001 0.665075
3300001 0.667334
3310001 0.664727
3320001 0.664343
3330001 0.665915
3340001 0.663604
3350001 0.663156
3360001 0.664732
3370001 0.662257
3380001 0.663033
3390001 0.663295
3400001 0.661708
3410001 0.661874
3420001 0.662085
3430001 0.660448
3440001 0.661443
3450001 0.661366
3460001 0.659776
3470001 0.660361
3480001 0.660853
3490001 0.659339
3500001 0.660241
3510001 0.659521
3520001 0.658219
3530001 0.659311
3540001 0.658674
3550001 0.657383
3560001 0.658553
3570001 0.658137
3580001 0.656284
3590001 0.65887
3600001 0.657132
3610001 0.655448
3620001 0.658311
3630001 0.656474
3640001 0.654783
3650001 0.65694
3660001 0.656102
3670001 0.654733
3680001 0.656744
3690001 0.655343
3700001 0.654522
3710001 0.655552
3720001 0.654725
3730001 0.654026
3740001 0.655007
3750001 0.654167
3760001 0.653351
3770001 0.654979
3780001 0.653148
3790001 0.652559
3800001 0.655199
3810001 0.652891
3820001 0.65185
3830001 0.654234
3840001 0.652426
3850001 0.651588
3860001 0.654589
3870001 0.651492
3880001 0.650731
3890001 0.653228
3900001 0.650705
3910001 0.650547
3920001 0.652304
3930001 0.650147
3940001 0.649849
3950001 0.651623
3960001 0.649287
3970001 0.650228
3980001 0.650616
3990001 0.649195
4000001 0.649553
4010001 0.649901
4020001 0.648422
4030001 0.649733
4040001 0.649634
4050001 0.648279
4060001 0.648901
4070001 0.649575
4080001 0.64819
4090001 0.649249
4100001 0.648638
4110001 0.647517
4120001 0.648726
4130001 0.648537
4140001 0.647002
4150001 0.649562
4160001 0.648047
4170001 0.646329
4180001 0.649089
4190001 0.647422
4200001 0.645881
4210001 0.648703
4220001 0.647147
4230001 0.645586
4240001 0.647872
4250001 0.647129
4260001 0.646499
4270001 0.647923
4280001 0.646733
4290001 0.646393
4300001 0.647196
4310001 0.646496
4320001 0.645873
4330001 0.647056
4340001 0.646237
4350001 0.645643
4360001 0.647271
4370001 0.645777
4380001 0.645132
4390001 0.647816
4400001 0.645582
4410001 0.644861
4420001 0.647172
4430001 0.645409
4440001 0.644648
4450001 0.647787
4460001 0.644746
4470001 0.644529
4480001 0.646764
4490001 0.644257
4500001 0.644213
4510001 0.646066
4520001 0.643968
4530001 0.643765
4540001 0.645691
4550001 0.643381
4560001 0.644383
4570001 0.644867
4580001 0.64354
4590001 0.644098
4600001 0.644366
4610001 0.643014
4620001 0.644387
4630001 0.644349
4640001 0.643095
4650001 0.643506
4660001 0.644406
4670001 0.643264
4680001 0.644409
4690001 0.643836
4700001 0.64281
4710001 0.644103
4720001 0.643977
4730001 0.642527
4740001 0.645308
4750001 0.64371
4760001 0.642066
4770001 0.644875
4780001 0.643352
4790001 0.641743
4800001 0.644737
4810001 0.643925
4820001 0.641633
4830001 0.64411
4840001 0.643412
4850001 0.642842
4860001 0.644304
4870001 0.643218
4880001 0.643068
4890001 0.643822
4900001 0.643133
4910001 0.642606
4920001 0.64371
4930001 0.643063
4940001 0.642273
4950001 0.644307
4960001 0.642762
4970001 0.642207
4980001 0.644715
4990001 0.642762
5000001 0.642264
5010001 0.644506
5020001 0.642721
5030001 0.642064
5040001 0.645342
5050001 0.642254
5060001 0.642117
5070001 0.644364
5080001 0.641923
5090001 0.641907
5100001 0.643859
5110001 0.641786
5120001 0.642496
5130001 0.643588
5140001 0.64136
5150001 0.642415
5160001 0.642943
5170001 0.641554
5180001 0.642237
5190001 0.64258
5200001 0.641287
5210001 0.642702
5220001 0.642689
5230001 0.641483
5240001 0.641953
5250001 0.6429
5260001 0.641783
5270001 0.642993
5280001 0.642457
5290001 0.641464
5300001 0.642829
5310001 0.642731
5320001 0.641323
5330001 0.644131
5340001 0.642506
5350001 0.640961
5360001 0.643835
5370001 0.642574
5380001 0.640496
5390001 0.643803
5400001 0.643117
5410001 0.640775
5420001 0.643396
5430001 0.642646
5440001 0.642121
5450001 0.643601
5460001 0.642543
5470001 0.642448
5480001 0.643243
5490001 0.642571
5500001 0.6421
5510001 0.643232
5520001 0.642569
5530001 0.641869
5540001 0.643901
5550001 0.642404
5560001 0.641898
5570001 0.644451
5580001 0.642459
5590001 0.642051
5600001 0.644323
5610001 0.642558
5620001 0.641953
5630001 0.645255
5640001 0.642189
5650001 0.642022
5660001 0.64436
5670001 0.641959
5680001 0.641973
5690001 0.644125
5700001 0.641909
5710001 0.642526
5720001 0.643989
5730001 0.641487
5740001 0.642658
5750001 0.643213
5760001 0.641846
5770001 0.642549
5780001 0.642931
5790001 0.641662
5800001 0.643069
5810001 0.643109
5820001 0.641964
5830001 0.642416
5840001 0.643308
5850001 0.642336
5860001 0.643413
5870001 0.643036
5880001 0.64201
5890001 0.643456
5900001 0.643369
5910001 0.642009
5920001 0.644932
5930001 0.64323
5940001 0.641748
5950001 0.645229
5960001 0.643369
5970001 0.64133
5980001 0.644646
5990001 0.643961
6000001 0.641662
6010001 0.644306
6020001 0.643549
6030001 0.642919
6040001 0.644579
6050001 0.643514
6060001 0.643493
6070001 0.644301
6080001 0.64362
6090001 0.643314
6100001 0.64434
6110001 0.643696
6120001 0.643027
6130001 0.645033
6140001 0.643572
6150001 0.643117
6160001 0.645981
6170001 0.643754
6180001 0.643238
6190001 0.645582
6200001 0.644058
6210001 0.64344
6220001 0.646546
6230001 0.643544
6240001 0.643373
6250001 0.645553
6260001 0.643375
6270001 0.643528
6280001 0.645526
6290001 0.643242
6300001 0.643982
6310001 0.645143
6320001 0.643009
6330001 0.644203
6340001 0.644744
6350001 0.64342
6360001 0.644131
6370001 0.64455
6380001 0.643461
6390001 0.644786
6400001 0.644751
6410001 0.643666
6420001 0.645488
6430001 0.645144
6440001 0.644057
6450001 0.64519
6460001 0.644796
6470001 0.643739
6480001 0.645048
6490001 0.64514
6500001 0.643818
6510001 0.646682
6520001 0.645049
6530001 0.643605
6540001 0.647076
6550001 0.64525
6560001 0.643215
6570001 0.646491
6580001 0.645883
6590001 0.643599
6600001 0.646262
6610001 0.64554
6620001 0.644884
6630001 0.646577
6640001 0.645692
6650001 0.645511
6660001 0.646333
6670001 0.645658
6680001 0.645367
6690001 0.64644
6700001 0.645754
6710001 0.645124
6720001 0.64709
6730001 0.646022
6740001 0.645436
6750001 0.64812
6760001 0.645879
6770001 0.645385
6780001 0.64773
6790001 0.646094
6800001 0.645678
6810001 0.648723
6820001 0.645774
6830001 0.646018
6840001 0.647783
6850001 0.645668
6860001 0.645951
6870001 0.647839
6880001 0.645492
6890001 0.646266
6900001 0.647456
6910001 0.645643
6920001 0.646521
6930001 0.647081
6940001 0.645766
6950001 0.646483
6960001 0.646987
6970001 0.645805
6980001 0.647152
6990001 0.647076
7000001 0.646064
7010001 0.647905
7020001 0.647568
7030001 0.646508
7040001 0.647608
7050001 0.647514
7060001 0.64622
7070001 0.647463
7080001 0.647656
7090001 0.646299
7100001 0.649038
7110001 0.647641
7120001 0.646131
7130001 0.649578
7140001 0.647784
7150001 0.64583
7160001 0.649043
7170001 0.648418
7180001 0.646178
7190001 0.649048
7200001 0.648134
7210001 0.647519
7220001 0.649155
7230001 0.648343
7240001 0.648124
7250001 0.64894
7260001 0.648252
7270001 0.648005
7280001 0.649073
7290001 0.648392
7300001 0.647781
7310001 0.649956
7320001 0.64867
7330001 0.648107
7340001 0.650796
7350001 0.648854
7360001 0.648081
7370001 0.650417
7380001 0.648716
7390001 0.648425
7400001 0.651414
7410001 0.648484
7420001 0.648785
7430001 0.650498
7440001 0.648384
7450001 0.648709
7460001 0.650576
7470001 0.648266
7480001 0.64903
7490001 0.650212
7500001 0.648443
7510001 0.649482
7520001 0.649873
7530001 0.648591
7540001 0.649296
7550001 0.649799
7560001 0.648632
7570001 0.649981
7580001 0.649927
7590001 0.649264
7600001 0.65075
7610001 0.650414
7620001 0.649417
7630001 0.650825
7640001 0.65038
7650001 0.649106
7660001 0.65029
7670001 0.650711
7680001 0.649164
7690001 0.651924
7700001 0.650538
7710001 0.649096
7720001 0.652489
7730001 0.650743
7740001 0.649028
7750001 0.651943
7760001 0.651344
7770001 0.649431
7780001 0.652685
7790001 0.651166
7800001 0.650443
7810001 0.652107
7820001 0.65131
7830001 0.65109
7840001 0.652182
7850001 0.651204
7860001 0.650999
7870001 0.652063
7880001 0.651383
7890001 0.650784
7900001 0.652947
7910001 0.651699
7920001 0.6511
7930001 0.653764
7940001 0.651862
7950001 0.651014
7960001 0.653392
7970001 0.651692
7980001 0.651319
7990001 0.654444
8000001 0.651533
8010001 0.651464
8020001 0.653543
8030001 0.651475
8040001 0.651782
8050001 0.65362
8060001 0.651257
8070001 0.65261
8080001 0.653289
8090001 0.651518
8100001 0.652554
8110001 0.652964
8120001 0.651716
8130001 0.652392
8140001 0.6529
8150001 0.651752
8160001 0.653011
8170001 0.653016
8180001 0.652366
8190001 0.654018
8200001 0.653512
8210001 0.652552
8220001 0.653896
8230001 0.653499
8240001 0.652328
8250001 0.653433
8260001 0.653807
8270001 0.652306
8280001 0.655055
8290001 0.653684
8300001 0.652255
8310001 0.655587
8320001 0.6539
8330001 0.652362
8340001 0.655066
8350001 0.654545
8360001 0.65269
8370001 0.655851
8380001 0.654332
8390001 0.653624
8400001 0.655261
8410001 0.654506
8420001 0.654215
8430001 0.655342
8440001 0.65464
8450001 0.654179
8460001 0.655226
8470001 0.654533
8480001 0.653991
8490001 0.656103
8500001 0.654925
8510001 0.654207
8520001 0.656926
8530001 0.655091
8540001 0.654082
8550001 0.656796
8560001 0.654862
8570001 0.654567
8580001 0.657398
8590001 0.654768
8600001 0.654705
8610001 0.656722
8620001 0.65476
8630001 0.65503
8640001 0.65683
8650001 0.654506
8660001 0.655783
8670001 0.656421
8680001 0.655207
8690001 0.655826
8700001 0.656214
8710001 0.65498
8720001 0.655647
8730001 0.656555
8740001 0.655016
8750001 0.656254
8760001 0.656626
8770001 0.655634
8780001 0.657281
8790001 0.656764
8800001 0.655803
8810001 0.657167
8820001 0.65674
8830001 0.65584
8840001 0.656719
8850001 0.657093
8860001 0.655635
8870001 0.65823
8880001 0.656949
8890001 0.655665
8900001 0.658869
8910001 0.657209
8920001 0.655664
8930001 0.658348
8940001 0.657807
8950001 0.65646
8960001 0.659031
8970001 0.657613
8980001 0.657213
8990001 0.658551
9000001 0.65781
9010001 0.657503
9020001 0.65876
9030001 0.657947
9040001 0.657503
9050001 0.658703
9060001 0.657771
9070001 0.65748
9080001 0.659536
9090001 0.658312
9100001 0.657583
9110001 0.660169
9120001 0.658414
9130001 0.657404
9140001 0.660117
9150001 0.658173
9160001 0.65783
9170001 0.66071
9180001 0.658107
9190001 0.658043
9200001 0.660042
9210001 0.658068
9220001 0.658212
9230001 0.66015
9240001 0.657854
9250001 0.659128
9260001 0.65976
9270001 0.658522
9280001 0.65916
9290001 0.659603
9300001 0.658272
9310001 0.659725
9320001 0.659756
9330001 0.658684
9340001 0.659602
9350001 0.659983
9360001 0.659074
9370001 0.660637
9380001 0.660096
9390001 0.659187
9400001 0.660466
9410001 0.660083
9420001 0.659188
9430001 0.660041
9440001 0.660445
9450001 0.658998
9460001 0.661868
9470001 0.660274
9480001 0.659065
9490001 0.662213
9500001 0.660568
9510001 0.659037
9520001 0.661673
9530001 0.661164
9540001 0.659841
9550001 0.662374
9560001 0.660909
9570001 0.660589
9580001 0.661907
9590001 0.661163
9600001 0.66086
9610001 0.662083
9620001 0.661315
9630001 0.660873
9640001 0.66204
9650001 0.661171
9660001 0.660856
9670001 0.662905
9680001 0.661734
9690001 0.660927
9700001 0.663457
9710001 0.661767
9720001 0.661381
9730001 0.663473
9740001 0.661551
9750001 0.661193
9760001 0.664163
9770001 0.661493
9780001 0.661438
9790001 0.663395
9800001 0.661454
9810001 0.661594
9820001 0.66341
9830001 0.66124
9840001 0.662525
9850001 0.663132
9860001 0.661895
9870001 0.662509
9880001 0.662974
9890001 0.661654
9900001 0.663099
9910001 0.663189
9920001 0.662065
9930001 0.662992
9940001 0.663797
9950001 0.662464
9960001 0.664118
9970001 0.663529
9980001 0.662586
9990001 0.663841
10000001 0.663469
10010001 0.662574
10020001 0.663851
10030001 0.663797
10040001 0.662397
10050001 0.665249
10060001 0.663697
10070001 0.662431
10080001 0.665567
10090001 0.663932
10100001 0.662425
10110001 0.665043
10120001 0.664502
10130001 0.66328
10140001 0.665678
10150001 0.664293
10160001 0.664013
10170001 0.665271
10180001 0.664566
10190001 0.664276
10200001 0.66547
10210001 0.664718
10220001 0.664319
10230001 0.665424
10240001 0.664529
10250001 0.664237
10260001 0.667075
10270001 0.665125
10280001 0.664307
10290001 0.666841
10300001 0.665076
10310001 0.664757
10320001 0.666847
10330001 0.664973
10340001 0.664577
10350001 0.667165
10360001 0.664875
10370001 0.664991
10380001 0.666901
10390001 0.664955
10400001 0.664942
10410001 0.666852
10420001 0.664661
10430001 0.665925
10440001 0.666512
10450001 0.665259
10460001 0.665856
10470001 0.666368
10480001 0.665072
10490001 0.666453
10500001 0.66652
10510001 0.665455
10520001 0.666375
10530001 0.667144
10540001 0.665845
10550001 0.66722
10560001 0.66677
10570001 0.66593
10580001 0.667222
10590001 0.666855
10600001 0.66597
10610001 0.667411
10620001 0.6672
10630001 0.665796
10640001 0.668597
10650001 0.667083
10660001 0.665828
10670001 0.668942
10680001 0.667289
10690001 0.665812
10700001 0.668396
10710001 0.667768
10720001 0.666811
10730001 0.669005
10740001 0.667915
10750001 0.667379
10760001 0.668651
10770001 0.667954
10780001 0.667659
10790001 0.668875
10800001 0.668138
10810001 0.667714
10820001 0.669555
10830001 0.667906
10840001 0.667675
10850001 0.670454
10860001 0.668402
10870001 0.667694
10880001 0.670195
10890001 0.668614
10900001 0.668126
10910001 0.671202
10920001 0.668385
10930001 0.667946
10940001 0.670517
10950001 0.668284
10960001 0.668372
10970001 0.670261
10980001 0.668333
10990001 0.668304
11000001 0.670219
11010001 0.668152
11020001 0.669293
11030001 0.669841
11040001 0.668633
11050001 0.669222
11060001 0.669727
11070001 0.668445
11080001 0.669821
11090001 0.670016
11100001 0.668832
11110001 0.669755
11120001 0.67049
11130001 0.669391
11140001 0.67059
11150001 0.670127
11160001 0.669264
11170001 0.670584
11180001 0.670455
11190001 0.669343
11200001 0.670748
11210001 0.670546
11220001 0.669151
11230001 0.671956
11240001 0.670428
11250001 0.669194
11260001 0.672067
11270001 0.67065
11280001 0.6694
11290001 0.671741
11300001 0.671119
11310001 0.67073
11320001 0.672219
11330001 0.671162
11340001 0.67074
11350001 0.672
11360001 0.671282
11370001 0.671036
11380001 0.672225
11390001 0.671523
11400001 0.67121
11410001 0.672885
11420001 0.671511
11430001 0.671026
11440001 0.673785
11450001 0.671727
11460001 0.671046
11470001 0.673545
11480001 0.671963
11490001 0.671454
11500001 0.674514
11510001 0.671713
11520001 0.671269
11530001 0.67385
11540001 0.671604
11550001 0.671722
11560001 0.673608
11570001 0.671692
11580001 0.671652
11590001 0.673595
11600001 0.671496
11610001 0.672605
11620001 0.673155
11630001 0.671973
11640001 0.672663
11650001 0.672999
11660001 0.671807
11670001 0.673297
11680001 0.673347
11690001 0.672258
11700001 0.672751
11710001 0.673823
11720001 0.672715
11730001 0.673925
11740001 0.673454
11750001 0.672603
11760001 0.673908
11770001 0.673842
11780001 0.672618
11790001 0.675362
11800001 0.673861
11810001 0.672475
11820001 0.675264
11830001 0.673741
11840001 0.672446
11850001 0.675379
11860001 0.67455
11870001 0.672727
11880001 0.675046
11890001 0.674418
11900001 0.674034
11910001 0.675529
11920001 0.67448
11930001 0.674394
11940001 0.675313
11950001 0.674674
11960001 0.674331
11970001 0.675459
11980001 0.67484
11990001 0.674518
12000001 0.676195
12010001 0.67477
12020001 0.674404
12030001 0.676865
12040001 0.675025
12050001 0.6747
12060001 0.676859
12070001 0.675256
12080001 0.674736
12090001 0.677806
12100001 0.675016
12110001 0.674993
12120001 0.677188
12130001 0.674905
12140001 0.674996
12150001 0.676896
12160001 0.674985
12170001 0.674949
12180001 0.676886
12190001 0.674795
12200001 0.67589
12210001 0.676435
12220001 0.675179
12230001 0.675923
12240001 0.676286
12250001 0.675107
12260001 0.676555
12270001 0.676586
12280001 0.67551
12290001 0.676044
12300001 0.676938
12310001 0.676
12320001 0.677197
12330001 0.676702
12340001 0.675873
12350001 0.677175
12360001 0.677124
12370001 0.675901
12380001 0.678623
12390001 0.677123
12400001 0.675742
12410001 0.678498
12420001 0.677144
12430001 0.675721
12440001 0.678642
12450001 0.677991
12460001 0.675902
12470001 0.678588
12480001 0.67769
12490001 0.677307
12500001 0.67877
12510001 0.677743
12520001 0.677777
12530001 0.678581
12540001 0.677924
12550001 0.677596
12560001 0.678701
12570001 0.678074
12580001 0.677502
12590001 0.679503
12600001 0.678044
12610001 0.677668
12620001 0.680125
12630001 0.678272
12640001 0.677955
12650001 0.680127
12660001 0.678463
12670001 0.677993
12680001 0.681115
12690001 0.678264
12700001 0.678244
12710001 0.680408
12720001 0.678151
12730001 0.678242
12740001 0.680305
12750001 0.678232
12760001 0.678883
12770001 0.680307
12780001 0.677982
12790001 0.679133
12800001 0.679673
12810001 0.678415
12820001 0.679153
12830001 0.679526
12840001 0.678356
12850001 0.679775
12860001 0.679795
12870001 0.678764
12880001 0.679279
12890001 0.680171
12900001 0.679243
12910001 0.680298
12920001 0.679933
12930001 0.679033
12940001 0.68043
12950001 0.680341
12960001 0.679132
12970001 0.681814
12980001 0.680302
12990001 0.678954
13000001 0.682379
13010001 0.680521
13020001 0.678689
13030001 0.681847
13040001 0.681196
13050001 0.679102
13060001 0.681608
13070001 0.680902
13080001 0.680373
13090001 0.681991
13100001 0.680957
13110001 0.681009
13120001 0.681792
13130001 0.681127
13140001 0.680928
13150001 0.681906
13160001 0.681262
13170001 0.680709
13180001 0.682677
13190001 0.681236
13200001 0.680869
13210001 0.683593
13220001 0.681487
13230001 0.681161
13240001 0.683291
13250001 0.681665
13260001 0.681195
13270001 0.684266
13280001 0.68144
13290001 0.681371
13300001 0.6834
13310001 0.681344
13320001 0.681576
13330001 0.683445
13340001 0.681441
13350001 0.682075
13360001 0.683141
13370001 0.681158
13380001 0.682317
13390001 0.682837
13400001 0.681598
13410001 0.682324
13420001 0.682718
13430001 0.681584
13440001 0.683007
13450001 0.682958
13460001 0.681947
13470001 0.682456
13480001 0.68326
13490001 0.68241
13500001 0.683456
13510001 0.68314
13520001 0.682184
13530001 0.683586
13540001 0.683501
13550001 0.682295
13560001 0.685008
13570001 0.683457
13580001 0.682151
13590001 0.685454
13600001 0.683691
13610001 0.681857
13620001 0.684986
13630001 0.684343
13640001 0.682256
13650001 0.684763
13660001 0.68404
13670001 0.683523
13680001 0.685131
13690001 0.684264
13700001 0.684152
13710001 0.684943
13720001 0.684269
13730001 0.684058
13740001 0.685085
13750001 0.684402
13760001 0.683863
13770001 0.685771
13780001 0.684704
13790001 0.684079
13800001 0.686718
13810001 0.684604
13820001 0.684216
13830001 0.68641
13840001 0.684938
13850001 0.684545
13860001 0.687376
13870001 0.684566
13880001 0.684477
13890001 0.686525
13900001 0.684481
13910001 0.684676
13920001 0.68656
13930001 0.684409
13940001 0.685166
13950001 0.686282
13960001 0.684369
13970001 0.685441
13980001 0.685959
13990001 0.684729
14000001 0.685435
14010001 0.685812
14020001 0.684804
14030001 0.686106
14040001 0.686019
14050001 0.68509
14060001 0.686841
14070001 0.686496
14080001 0.685537
14090001 0.686593
14100001 0.686476
14110001 0.685276
14120001 0.686514
14130001 0.686636
14140001 0.685394
14150001 0.687993
14160001 0.686644
14170001 0.68526
14180001 0.688514
14190001 0.686799
14200001 0.684951
14210001 0.688032
14220001 0.687441
14230001 0.685362
14240001 0.687859
14250001 0.687148
14260001 0.6866
14270001 0.688224
14280001 0.68739
14290001 0.687248
14300001 0.688024
14310001 0.687354
14320001 0.687142
14330001 0.688159
14340001 0.687482
14350001 0.686945
14360001 0.688803
14370001 0.687772
14380001 0.687274
14390001 0.689807
14400001 0.687675
14410001 0.687291
14420001 0.689459
14430001 0.687906
14440001 0.687579
14450001 0.690423
14460001 0.687656
14470001 0.687936
14480001 0.689558
14490001 0.687556
14500001 0.68789
14510001 0.689668
14520001 0.687459
14530001 0.68821
14540001 0.689333
14550001 0.687651
14560001 0.688494
14570001 0.689013
14580001 0.687797
14590001 0.688495
14600001 0.688956
14610001 0.687854
14620001 0.689145
14630001 0.689061
14640001 0.688131
14650001 0.68989
14660001 0.689569
14670001 0.688687
14680001 0.689584
14690001 0.689519
14700001 0.688348
14710001 0.689454
14720001 0.689815
14730001 0.688444
14740001 0.691007
14750001 0.689672
14760001 0.688308
14770001 0.69155
14780001 0.689875
14790001 0.688041
14800001 0.691068
14810001 0.690448
14820001 0.688405
14830001 0.691743
14840001 0.690288
14850001 0.68968
14860001 0.691227
14870001 0.690416
14880001 0.690254
14890001 0.691033
14900001 0.690337
14910001 0.69017
14920001 0.691174
14930001 0.690492
14940001 0.689966
14950001 0.692015
14960001 0.690771
14970001 0.690283
14980001 0.692767
14990001 0.690957
15000001 0.690184
15010001 0.692463
15020001 0.690852
15030001 0.690608
15040001 0.693399
15050001 0.690646
15060001 0.690697
15070001 0.692555
15080001 0.690561
15090001 0.690898
15100001 0.692638
15110001 0.690393
15120001 0.691209
15130001 0.692312
15140001 0.690646
15150001 0.691634
15160001 0.691996
15170001 0.690796
15180001 0.691478
15190001 0.691962
15200001 0.690849
15210001 0.692059
15220001 0.692051
15230001 0.691448
15240001 0.692868
15250001 0.692527
15260001 0.691616
15270001 0.692881
15280001 0.69249
15290001 0.69132
15300001 0.692434
15310001 0.692787
15320001 0.691377
15330001 0.693968
15340001 0.692643
15350001 0.691323
15360001 0.694462
15370001 0.692831
15380001 0.691431
15390001 0.69401
15400001 0.693438
15410001 0.691656
15420001 0.694696
15430001 0.69324
15440001 0.692598
15450001 0.694162
15460001 0.693385
15470001 0.693159
15480001 0.694236
15490001 0.693281
15500001 0.69311
15510001 0.694112
15520001 0.693416
15530001 0.692917
15540001 0.694973
15550001 0.693738
15560001 0.693193
15570001 0.695729
15580001 0.693893
15590001 0.693137
15600001 0.695529
15610001 0.693733
15620001 0.693459
15630001 0.696307
15640001 0.693585
15650001 0.693548
15660001 0.695443
15670001 0.693511
15680001 0.693834
15690001 0.695531
15700001 0.693326
15710001 0.694607
15720001 0.695151
15730001 0.693568
15740001 0.694553
15750001 0.694919
15760001 0.693748
15770001 0.694396
15780001 0.694874
15790001 0.69379
15800001 0.694969
15810001 0.694958
15820001 0.694359
15830001 0.695927
15840001 0.695405
15850001 0.694527
15860001 0.695787
15870001 0.695364
15880001 0.694444
15890001 0.69535
15900001 0.69567
15910001 0.694257
15920001 0.696872
15930001 0.695522
15940001 0.694344
15950001 0.697358
15960001 0.695763
15970001 0.694329
15980001 0.696866
15990001 0.69634
16000001 0.69507
16010001 0.697592
16020001 0.696113
16030001 0.695495
16040001 0.69703
16050001 0.696279
16060001 0.696034
16070001 0.697202
16080001 0.696392
16090001 0.695999
16100001 0.697106
16110001 0.69629
16120001 0.695833
16130001 0.697835
16140001 0.69672
16150001 0.696025
16160001 0.698577
16170001 0.696785
16180001 0.695869
16190001 0.698402
16200001 0.696558
16210001 0.696276
16220001 0.698952
16230001 0.696464
16240001 0.696426
16250001 0.698299
16260001 0.696414
16270001 0.696706
16280001 0.698392
16290001 0.695989
16300001 0.697405
16310001 0.697993
16320001 0.696815
16330001 0.69743
16340001 0.697771
16350001 0.696612
16360001 0.697662
16370001 0.698084
16380001 0.696631
16390001 0.697814
16400001 0.698148
16410001 0.697207
16420001 0.698769
16430001 0.698229
16440001 0.697362
16450001 0.698607
16460001 0.69821
16470001 0.697364
16480001 0.698168
16490001 0.69852
16500001 0.697169
16510001 0.699687
16520001 0.698352
16530001 0.697186
16540001 0.700191
16550001 0.698599
16560001 0.697171
16570001 0.699689
16580001 0.699144
16590001 0.697906
16600001 0.700283
16610001 0.69894
16620001 0.698594
16630001 0.699854
16640001 0.699106
16650001 0.698834
16660001 0.700031
16670001 0.699213
16680001 0.698815
16690001 0.699945
16700001 0.699062
16710001 0.698759
16720001 0.700712
16730001 0.699568
16740001 0.698839
16750001 0.701209
16760001 0.699583
16770001 0.69868
16780001 0.701197
16790001 0.699368
16800001 0.699042
16810001 0.701745
16820001 0.699281
16830001 0.699239
16840001 0.701101
16850001 0.699226
16860001 0.699368
16870001 0.701182
16880001 0.698996
16890001 0.700227
16900001 0.700786
16910001 0.699601
16920001 0.700054
16930001 0.70061
16940001 0.699344
16950001 0.700733
16960001 0.700766
16970001 0.699721
16980001 0.700598
16990001 0.70134
17000001 0.700121
17010001 0.70156
17020001 0.701016
17030001 0.700177
17040001 0.701368
17050001 0.700975
17060001 0.700149
17070001 0.701345
17080001 0.701287
17090001 0.699951
17100001 0.702647
17110001 0.701154
17120001 0.699972
17130001 0.702945
17140001 0.701361
17150001 0.699951
17160001 0.702409
17170001 0.701859
17180001 0.700675
17190001 0.702974
17200001 0.701666
17210001 0.701356
17220001 0.702603
17230001 0.701888
17240001 0.701646
17250001 0.702746
17260001 0.701971
17270001 0.701639
17280001 0.702671
17290001 0.701805
17300001 0.701524
17310001 0.704204
17320001 0.702306
17330001 0.701572
17340001 0.703948
17350001 0.702319
17360001 0.701987
17370001 0.703934
17380001 0.702104
17390001 0.701772
17400001 0.704556
17410001 0.702023
17420001 0.70209
17430001 0.703809
17440001 0.701971
17450001 0.702105
17460001 0.703868
17470001 0.701768
17480001 0.702972
17490001 0.703514
17500001 0.702317
17510001 0.702883
17520001 0.703342
17530001 0.702136
17540001 0.703416
17550001 0.703469
17560001 0.702454
17570001 0.703325
17580001 0.704053
17590001 0.70281
17600001 0.704099
17610001 0.703778
17620001 0.702863
17630001 0.704076
17640001 0.703698
17650001 0.702863
17660001 0.704227
17670001 0.703885
17680001 0.70267
17690001 0.705322
17700001 0.703854
17710001 0.702682
17720001 0.705618
17730001 0.704022
17740001 0.702643
17750001 0.705103
17760001 0.704555
17770001 0.703418
17780001 0.705678
17790001 0.704511
17800001 0.704072
17810001 0.705273
17820001 0.704574
17830001 0.704315
17840001 0.705456
17850001 0.704718
17860001 0.70432
17870001 0.705362
17880001 0.704475
17890001 0.704212
17900001 0.706878
17910001 0.704958
17920001 0.704256
17930001 0.70663
17940001 0.704978
17950001 0.704655
17960001 0.70752
17970001 0.704823
17980001 0.704457
17990001 0.706861
18000001 0.704734
18010001 0.704813
18020001 0.706598
18030001 0.704751
18040001 0.704732
18050001 0.70653
18060001 0.704547
18070001 0.705642
18080001 0.706175
18090001 0.704984
18100001 0.705543
18110001 0.706012
18120001 0.704773
18130001 0.706079
18140001 0.706243
18150001 0.705118
18160001 0.70599
18170001 0.706652
18180001 0.705615
18190001 0.706757
18200001 0.706301
18210001 0.705477
18220001 0.706725
18230001 0.706357
18240001 0.705525
18250001 0.706848
18260001 0.706644
18270001 0.705322
18280001 0.707967
18290001 0.7065
18300001 0.705337
18310001 0.708218
18320001 0.706692
18330001 0.7055
18340001 0.707721
18350001 0.707098
18360001 0.706207
18370001 0.708242
18380001 0.707101
18390001 0.706712
18400001 0.707903
18410001 0.707239
18420001 0.706962
18430001 0.708089
18440001 0.707384
18450001 0.706987
18460001 0.708698
18470001 0.707103
18480001 0.706897
18490001 0.709523
18500001 0.707544
18510001 0.706884
18520001 0.709241
18530001 0.707716
18540001 0.707269
18550001 0.710141
18560001 0.707478
18570001 0.707054
18580001 0.709477
18590001 0.707349
18600001 0.707436
18610001 0.709205
18620001 0.707361
18630001 0.707342
18640001 0.709138
18650001 0.707172
18660001 0.708249
18670001 0.708743
18680001 0.707587
18690001 0.708151
18700001 0.708604
18710001 0.707403
18720001 0.708685
18730001 0.70885
18740001 0.707842
18750001 0.708563
18760001 0.70926
18770001 0.708224
18780001 0.70936
18790001 0.708886
18800001 0.708095
18810001 0.709318
18820001 0.709248
18830001 0.708083
18840001 0.710528
18850001 0.709213
18860001 0.707909
18870001 0.710554
18880001 0.709073
18890001 0.70792
18900001 0.710622
18910001 0.709256
18920001 0.708088
18930001 0.710276
18940001 0.709653
18950001 0.709306
18960001 0.710756
18970001 0.709674
18980001 0.709606
18990001 0.710475
19000001 0.709841
19010001 0.709518
19020001 0.710712
19030001 0.709963
19040001 0.70966
19050001 0.711254
19060001 0.709905
19070001 0.709537
19080001 0.712075
19090001 0.710086
19100001 0.709645
19110001 0.711814
19120001 0.710273
19130001 0.70979
19140001 0.71268
19150001 0.710015
19160001 0.709999
19170001 0.712076
19180001 0.709879
19190001 0.710006
19200001 0.711763
19210001 0.709931
19220001 0.709892
19230001 0.711726
19240001 0.709728
19250001 0.71076
19260001 0.711267
19270001 0.710139
19280001 0.71079
19290001 0.711093
19300001 0.709951
19310001 0.711329
19320001 0.711341
19330001 0.710328
19340001 0.710824
19350001 0.711654
19360001 0.710758
19370001 0.71189
19380001 0.711416
19390001 0.710617
19400001 0.711842
19410001 0.711755
19420001 0.710599
19430001 0.713187
19440001 0.711742
19450001 0.710432
19460001 0.713032
19470001 0.71159
19480001 0.710372
19490001 0.713146
19500001 0.712325
19510001 0.710522
19520001 0.712801
19530001 0.712173
19540001 0.711811
19550001 0.713222
19560001 0.712202
19570001 0.712239
19580001 0.712995
19590001 0.712334
19600001 0.712025
19610001 0.713079
19620001 0.712464
19630001 0.711905
19640001 0.71381
19650001 0.712388
19660001 0.712034
19670001 0.714353
19680001 0.712585
19690001 0.712285
19700001 0.714333
19710001 0.712734
19720001 0.712291
19730001 0.715238
19740001 0.712507
19750001 0.712502
19760001 0.714549
19770001 0.712372
19780001 0.712462
19790001 0.714253
19800001 0.712422
19810001 0.712386
19820001 0.714211
19830001 0.712221
19840001 0.713245
19850001 0.713744
19860001 0.712536
19870001 0.713245
19880001 0.713576
19890001 0.712447
19900001 0.713815
19910001 0.713819
19920001 0.712793
19930001 0.7133
19940001 0.714128
19950001 0.713222
19960001 0.714364
19970001 0.713869
19980001 0.71308
19990001 0.714328
20000001 0.71423
20010001 0.713071
20020001 0.715626
20030001 0.714156
20040001 0.71288
20050001 0.715497
20060001 0.714331
20070001 0.712832
20080001 0.715598
20090001 0.714952
20100001 0.712973
20110001 0.715341
20120001 0.714652
20130001 0.714282
20140001 0.715669
20150001 0.714656
20160001 0.714698
20170001 0.715454
20180001 0.71479
20190001 0.714489
20200001 0.71553
20210001 0.714884
20220001 0.714367
20230001 0.716222
20240001 0.714833
20250001 0.714486
20260001 0.716803
20270001 0.714998
20280001 0.71473
20290001 0.716772
20300001 0.715175
20310001 0.714733
20320001 0.717674
20330001 0.714946
20340001 0.71488
20350001 0.716968
20360001 0.714821
20370001 0.714904
20380001 0.716845
20390001 0.71486
20400001 0.715483
20410001 0.716814
20420001 0.714589
20430001 0.715683
20440001 0.716178
20450001 0.71497
20460001 0.715667
20470001 0.716001
20480001 0.714887
20490001 0.716204
20500001 0.716223
20510001 0.715241
20520001 0.71571
20530001 0.716468
20540001 0.715661
20550001 0.716664
20560001 0.716283
20570001 0.715436
20580001 0.716738
20590001 0.716641
20600001 0.715492
20610001 0.718123
20620001 0.716563
20630001 0.715318
20640001 0.718458
20650001 0.716744
20660001 0.715013
20670001 0.717994
20680001 0.717341
20690001 0.71537
20700001 0.71774
20710001 0.717026
20720001 0.716538
20730001 0.718074
20740001 0.717039
20750001 0.717112
20760001 0.717858
20770001 0.717184
20780001 0.717006
20790001 0.717926
20800001 0.717285
20810001 0.716762
20820001 0.718583
20830001 0.71721
20840001 0.716881
20850001 0.719462
20860001 0.717423
20870001 0.717126
20880001 0.719134
20890001 0.717746
20900001 0.717262
20910001 0.720018
20920001 0.717329
20930001 0.717235
20940001 0.719169
20950001 0.717204
20960001 0.717399
20970001 0.71918
20980001 0.717258
20990001 0.717841
21000001 0.718868
21010001 0.716966
21020001 0.718057
21030001 0.718531
21040001 0.717347
21050001 0.718026
21060001 0.718382
21070001 0.717417
21080001 0.718642
21090001 0.718583
21100001 0.717639
21110001 0.719308
21120001 0.718961
21130001 0.718028
21140001 0.719058
21150001 0.71866
21160001 0.717766
21170001 0.719104
21180001 0.71899
21190001 0.717848
21200001 0.720416
21210001 0.71892
21220001 0.717682
21230001 0.720797
21240001 0.719103
21250001 0.717357
21260001 0.72029
21270001 0.7197
21280001 0.717724
21290001 0.720094
21300001 0.71941
21310001 0.718877
21320001 0.720418
21330001 0.71955
21340001 0.719456
21350001 0.720208
21360001 0.719528
21370001 0.719327
21380001 0.720296
21390001 0.719617
21400001 0.71911
21410001 0.720886
21420001 0.719862
21430001 0.719391
21440001 0.721796
21450001 0.719744
21460001 0.719368
21470001 0.721444
21480001 0.71996
21490001 0.719626
21500001 0.722336
21510001 0.719666
21520001 0.719938
21530001 0.721491
21540001 0.719574
21550001 0.719864
21560001 0.721502
21570001 0.719419
21580001 0.720152
21590001 0.721201
21600001 0.719575
21610001 0.720381
21620001 0.720856
21630001 0.719672
21640001 0.720344
21650001 0.720767
21660001 0.719715
21670001 0.720942
21680001 0.720841
21690001 0.719946
21700001 0.721625
21710001 0.721285
21720001 0.720361
21730001 0.721345
21740001 0.721209
21750001 0.720074
21760001 0.721192
21770001 0.721322
21780001 0.720152
21790001 0.722606
21800001 0.721305
21810001 0.719999
21820001 0.723083
21830001 0.721419
21840001 0.719734
21850001 0.722599
21860001 0.721989
21870001 0.720033
21880001 0.722587
21890001 0.721723
21900001 0.721215
21910001 0.722699
21920001 0.721893
21930001 0.721757
21940001 0.722487
21950001 0.721815
21960001 0.721619
21970001 0.722574
21980001 0.721907
21990001 0.721394
22000001 0.723348
22010001 0.722144
22020001 0.721668
22030001 0.724074
22040001 0.722283
22050001 0.721642
22060001 0.723712
22070001 0.722158
22080001 0.721926
22090001 0.724578
22100001 0.721929
22110001 0.722237
22120001 0.723743
22130001 0.721818
22140001 0.722138
22150001 0.723814
22160001 0.721691
22170001 0.72241
22180001 0.723445
22190001 0.721848
22200001 0.722787
22210001 0.723111
22220001 0.721951
22230001 0.722605
22240001 0.723022
22250001 0.721973
22260001 0.723195
22270001 0.7231
22280001 0.722526
22290001 0.723878
22300001 0.723528
22310001 0.722709
22320001 0.723911
22330001 0.723464
22340001 0.72235
22350001 0.723397
22360001 0.723727
22370001 0.722386
22380001 0.724842
22390001 0.723544
22400001 0.722292
22410001 0.725333
22420001 0.723701
22430001 0.722214
22440001 0.724822
22450001 0.724223
22460001 0.722282
22470001 0.725449
22480001 0.724041
22490001 0.72342
22500001 0.724925
22510001 0.724133
22520001 0.723977
22530001 0.72496
22540001 0.724008
22550001 0.723861
22560001 0.724813
22570001 0.724141
22580001 0.723631
22590001 0.725573
22600001 0.724386
22610001 0.72388
22620001 0.726267
22630001 0.724504
22640001 0.723787
22650001 0.725889
22660001 0.724333
22670001 0.724022
22680001 0.726797
22690001 0.724156
22700001 0.724135
22710001 0.725959
22720001 0.724068
22730001 0.724366
22740001 0.726006
22750001 0.723843
22760001 0.725078
22770001 0.725667
22780001 0.724065
22790001 0.724996
22800001 0.725329
22810001 0.724198
22820001 0.724817
22830001 0.725238
22840001 0.724203
22850001 0.725341
22860001 0.725303
22870001 0.724726
22880001 0.726224
22890001 0.725723
22900001 0.72487
22910001 0.726068
22920001 0.725668
22930001 0.724631
22940001 0.725605
22950001 0.725894
22960001 0.724577
22970001 0.72704
22980001 0.725748
22990001 0.724495
23000001 0.727479
23010001 0.725901
23020001 0.724561
23030001 0.726975
23040001 0.726455
23050001 0.724741
23060001 0.727639
23070001 0.726222
23080001 0.725616
23090001 0.727087
23100001 0.726336
23110001 0.726109
23120001 0.727124
23130001 0.726421
23140001 0.726042
23150001 0.72697
23160001 0.726295
23170001 0.725818
23180001 0.727714
23190001 0.726588
23200001 0.725969
23210001 0.728419
23220001 0.7267
23230001 0.725833
23240001 0.728236
23250001 0.726464
23260001 0.726217
23270001 0.728733
23280001 0.726339
23290001 0.7263
23300001 0.728093
23310001 0.726225
23320001 0.726544
23330001 0.728145
23340001 0.72602
23350001 0.727181
23360001 0.727728
23370001 0.726622
23380001 0.727177
23390001 0.727491
23400001 0.726367
23410001 0.72698
23420001 0.727757
23430001 0.726369
23440001 0.727491
23450001 0.727774
23460001 0.726885
23470001 0.728374
23480001 0.72786
23490001 0.727005
23500001 0.728222
23510001 0.727786
23520001 0.726992
23530001 0.727765
23540001 0.728053
23550001 0.726766
23560001 0.729088
23570001 0.727887
23580001 0.726749
23590001 0.729633
23600001 0.728073
23610001 0.72671
23620001 0.729115
23630001 0.728589
23640001 0.727381
23650001 0.729736
23660001 0.728349
23670001 0.72776
23680001 0.729217
23690001 0.728481
23700001 0.72823
23710001 0.729356
23720001 0.728552
23730001 0.728176
23740001 0.729252
23750001 0.728345
23760001 0.728108
23770001 0.729913
23780001 0.728796
23790001 0.728146
23800001 0.730463
23810001 0.728832
23820001 0.727956
23830001 0.730365
23840001 0.728584
23850001 0.728318
23860001 0.73085
23870001 0.728473
23880001 0.728433
23890001 0.730203
23900001 0.728388
23910001 0.728525
23920001 0.73026
23930001 0.72815
23940001 0.729303
23950001 0.729848
23960001 0.728714
23970001 0.729286
23980001 0.729656
23990001 0.728433
24000001 0.729749
24010001 0.729745
24020001 0.728474
24030001 0.729597
24040001 0.729896
24050001 0.729005
24060001 0.73049
24070001 0.729954
24080001 0.729142
24090001 0.730278
24100001 0.729882
24110001 0.72909
24120001 0.729843
24130001 0.730159
24140001 0.728873
24150001 0.731257
24160001 0.729957
24170001 0.728862
24180001 0.731712
24190001 0.730177
24200001 0.728816
24210001 0.731177
24220001 0.730664
24230001 0.729488
24240001 0.731752
24250001 0.730389
24260001 0.730116
24270001 0.731304
24280001 0.730561
24290001 0.73031
24300001 0.731409
24310001 0.730648
24320001 0.730265
24330001 0.73131
24340001 0.730461
24350001 0.730198
24360001 0.732035
24370001 0.730916
24380001 0.730211
24390001 0.732475
24400001 0.730907
24410001 0.73058
24420001 0.732432
24430001 0.730666
24440001 0.730353
24450001 0.733004
24460001 0.730559
24470001 0.73052
24480001 0.73226
24490001 0.730472
24500001 0.730603
24510001 0.732226
24520001 0.730228
24530001 0.731392
24540001 0.731913
24550001 0.730776
24560001 0.731207
24570001 0.73172
24580001 0.7305
24590001 0.731812
24600001 0.731859
24610001 0.730832
24620001 0.73167
24630001 0.732346
24640001 0.731179
24650001 0.732645
24660001 0.73206
24670001 0.731214
24680001 0.732333
24690001 0.731944
24700001 0.731146
24710001 0.732286
24720001 0.732187
24730001 0.730938
24740001 0.733503
24750001 0.732056
24760001 0.730916
24770001 0.733757
24780001 0.732207
24790001 0.730865
24800001 0.733217
24810001 0.732675
24820001 0.731537
24830001 0.733732
24840001 0.732471
24850001 0.732193
24860001 0.733328
24870001 0.732623
24880001 0.732375
24890001 0.733452
24900001 0.732676
24910001 0.732363
24920001 0.733351
24930001 0.732477
24940001 0.732228
24950001 0.734787
24960001 0.732962
24970001 0.732235
24980001 0.734514
24990001 0.732936
25000001 0.732601
25010001 0.734459
25020001 0.73273
25030001 0.732385
25040001 0.734695
25050001 0.732587
25060001 0.732657
25070001 0.734402
25080001 0.732606
25090001 0.732635
25100001 0.734309
25110001 0.73229
25120001 0.733433
25130001 0.733936
25140001 0.732782
25150001 0.733316
25160001 0.733749
25170001 0.732554
25180001 0.733802
25190001 0.733834
25200001 0.732861
25210001 0.733689
25220001 0.734334
25230001 0.733167
25240001 0.734407
25250001 0.734073
25260001 0.733191
25270001 0.734348
25280001 0.733963
25290001 0.733172
25300001 0.734459
25310001 0.73422
25320001 0.732959
25330001 0.735488
25340001 0.734058
25350001 0.732935
25360001 0.735741
25370001 0.734195
25380001 0.732875
25390001 0.735197
25400001 0.734578
25410001 0.733721
25420001 0.735734
25430001 0.734659
25440001 0.734176
25450001 0.735329
25460001 0.734637
25470001 0.734383
25480001 0.735474
25490001 0.734749
25500001 0.734368
25510001 0.736041
25520001 0.73448
25530001 0.734285
25540001 0.736794
25550001 0.73489
25560001 0.73424
25570001 0.736491
25580001 0.734906
25590001 0.734586
25600001 0.737326
25610001 0.734757
25620001 0.734366
25630001 0.73667
25640001 0.734611
25650001 0.734698
25660001 0.736383
25670001 0.734598
25680001 0.734573
25690001 0.73629
25700001 0.734384
25710001 0.735415
25720001 0.735883
25730001 0.734767
25740001 0.735296
25750001 0.735723
25760001 0.734538
25770001 0.735783
25780001 0.735927
25790001 0.734841
25800001 0.735667
25810001 0.736293
25820001 0.735299
25830001 0.736387
25840001 0.735922
25850001 0.735123
25860001 0.736316
25870001 0.736154
25880001 0.735151
25890001 0.73641
25900001 0.73618
25910001 0.734924
25920001 0.737456
25930001 0.736013
25940001 0.734905
25950001 0.737508
25960001 0.736167
25970001 0.735046
25980001 0.73715
25990001 0.736538
26000001 0.736191
26010001 0.737529
26020001 0.73652
26030001 0.736143
26040001 0.737286
26050001 0.736575
26060001 0.73636
26070001 0.73743
26080001 0.736736
26090001 0.736351
26100001 0.737988
26110001 0.73643
26120001 0.736235
26130001 0.738731
26140001 0.736807
26150001 0.736195
26160001 0.738449
26170001 0.736967
26180001 0.73652
26190001 0.739276
26200001 0.736694
26210001 0.736295
26220001 0.738616
26230001 0.736534
26240001 0.736649
26250001 0.738335
26260001 0.736562
26270001 0.736522
26280001 0.738268
26290001 0.736338
26300001 0.737348
26310001 0.737826
26320001 0.736708
26330001 0.737332
26340001 0.737605
26350001 0.736501
26360001 0.737857
26370001 0.737863
26380001 0.736866
26390001 0.737316
26400001 0.738235
26410001 0.737229
26420001 0.738327
26430001 0.737848
26440001 0.737087
26450001 0.738253
26460001 0.738146
26470001 0.73703
26480001 0.739384
26490001 0.738104
26500001 0.736847
26510001 0.739374
26520001 0.737933
26530001 0.736766
26540001 0.739424
26550001 0.738619
26560001 0.736971
26570001 0.739065
26580001 0.738444
26590001 0.738099
26600001 0.739462
26610001 0.738444
26620001 0.738372
26630001 0.739205
26640001 0.738567
26650001 0.738258
26660001 0.739394
26670001 0.738664
26680001 0.738371
26690001 0.739895
26700001 0.738534
26710001 0.73821
26720001 0.740446
26730001 0.738718
26740001 0.738283
26750001 0.740372
26760001 0.738873
26770001 0.738407
26780001 0.741177
26790001 0.738602
26800001 0.738588
26810001 0.740557
26820001 0.738443
26830001 0.73853
26840001 0.740235
26850001 0.73846
26860001 0.738424
26870001 0.740172
26880001 0.738247
26890001 0.739227
26900001 0.739694
26910001 0.738547
26920001 0.739204
26930001 0.739505
26940001 0.738407
26950001 0.739727
26960001 0.739716
26970001 0.738725
26980001 0.739217
26990001 0.739992
27000001 0.739133
27010001 0.740212
27020001 0.73971
27030001 0.738956
27040001 0.740125
27050001 0.740036
27060001 0.738922
27070001 0.741393
27080001 0.739977
27090001 0.738728
27100001 0.741225
27110001 0.739941
27120001 0.73865
27130001 0.741303
27140001 0.740588
27150001 0.738765
27160001 0.740949
27170001 0.740331
27180001 0.739985
27190001 0.741318
27200001 0.740323
27210001 0.740363
27220001 0.741088
27230001 0.740434
27240001 0.740135
27250001 0.741133
27260001 0.740514
27270001 0.739995
27280001 0.741816
27290001 0.740429
27300001 0.740089
27310001 0.742309
27320001 0.740582
27330001 0.740303
27340001 0.742261
27350001 0.740702
27360001 0.740282
27370001 0.743105
27380001 0.740469
27390001 0.740455
27400001 0.742401
27410001 0.740307
27420001 0.740396
27430001 0.742253
27440001 0.74033
27450001 0.741026
27460001 0.742214
27470001 0.74006
27480001 0.741092
27490001 0.741556
27500001 0.740387
27510001 0.74106
27520001 0.741367
27530001 0.740279
27540001 0.741576
27550001 0.741559
27560001 0.740601
27570001 0.741076
27580001 0.741848
27590001 0.740971
27600001 0.741948
27610001 0.741567
27620001 0.740744
27630001 0.742004
27640001 0.741882
27650001 0.740775
27660001 0.743219
27670001 0.741791
27680001 0.740562
27690001 0.743683
27700001 0.741938
27710001 0.740268
27720001 0.74314
27730001 0.742506
27740001 0.740601
27750001 0.742865
27760001 0.74218
27770001 0.741693
27780001 0.743171
27790001 0.742171
27800001 0.742225
27810001 0.742934
27820001 0.742271
27830001 0.742093
27840001 0.742971
27850001 0.742339
27860001 0.741833
27870001 0.743629
27880001 0.742255
27890001 0.741927
27900001 0.744407
27910001 0.742435
27920001 0.742137
27930001 0.744068
27940001 0.742539
27950001 0.742116
27960001 0.744932
27970001 0.742285
27980001 0.742225
27990001 0.744115
28000001 0.742145
28010001 0.74236
28020001 0.744041
28030001 0.742173
28040001 0.742756
28050001 0.743701
28060001 0.741873
28070001 0.742919
28080001 0.743347
28090001 0.742212
28100001 0.74287
28110001 0.743201
28120001 0.742147
28130001 0.743444
28140001 0.743364
28150001 0.742426
28160001 0.742898
28170001 0.743587
28180001 0.742802
28190001 0.743753
28200001 0.743379
28210001 0.742561
28220001 0.743811
28230001 0.743689
28240001 0.742586
28250001 0.745064
28260001 0.743594
28270001 0.742404
28280001 0.745419
28290001 0.743755
28300001 0.742081
28310001 0.744936
28320001 0.744304
28330001 0.742399
28340001 0.744674
28350001 0.743971
28360001 0.743502
28370001 0.744968
28380001 0.74412
28390001 0.74402
28400001 0.74474
28410001 0.744058
28420001 0.743878
28430001 0.744807
28440001 0.744137
28450001 0.743643
28460001 0.745387
28470001 0.744355
28480001 0.743782
28490001 0.746202
28500001 0.744224
28510001 0.743859
28520001 0.74585
28530001 0.744467
28540001 0.744054
28550001 0.746684
28560001 0.74407
28570001 0.743992
28580001 0.745845
28590001 0.743939
28600001 0.744117
28610001 0.745823
28620001 0.743823
28630001 0.744517
28640001 0.745508
28650001 0.743658
28660001 0.744708
28670001 0.745153
28680001 0.744008
28690001 0.744648
28700001 0.744965
28710001 0.744025
28720001 0.745216
28730001 0.745101
28740001 0.744233
28750001 0.745843
28760001 0.745486
28770001 0.744598
28780001 0.745562
28790001 0.745405
28800001 0.744305
28810001 0.745423
28820001 0.74545
28830001 0.74436
28840001 0.746736
28850001 0.745455
28860001 0.744184
28870001 0.747176
28880001 0.745539
28890001 0.743847
28900001 0.746664
28910001 0.746081
28920001 0.744174
28930001 0.746449
28940001 0.745758
28950001 0.745253
28960001 0.746743
28970001 0.745881
28980001 0.745795
28990001 0.746501
29000001 0.745838
29010001 0.745644
29020001 0.746565
29030001 0.745901
29040001 0.745407
29050001 0.747114
29060001 0.746109
29070001 0.745652
29080001 0.747972
29090001 0.745968
29100001 0.745619
29110001 0.74759
29120001 0.746141
29130001 0.745832
29140001 0.748423
29150001 0.745847
29160001 0.74611
29170001 0.747594
29180001 0.7457
29190001 0.74601
29200001 0.747613
29210001 0.745559
29220001 0.746251
29230001 0.747261
29240001 0.745693
29250001 0.746454
29260001 0.746902
29270001 0.745771
29280001 0.746404
29290001 0.746797
29300001 0.745776
29310001 0.746951
29320001 0.746841
29330001 0.745973
29340001 0.747593
29350001 0.747275
29360001 0.746441
29370001 0.747256
29380001 0.747151
29390001 0.746074
29400001 0.747075
29410001 0.747228
29420001 0.74611
29430001 0.748462
29440001 0.747184
29450001 0.745937
29460001 0.748904
29470001 0.747318
29480001 0.74564
29490001 0.74841
29500001 0.747801
29510001 0.745918
29520001 0.748977
29530001 0.747521
29540001 0.747036
29550001 0.748456
29560001 0.74766
29570001 0.747513
29580001 0.748223
29590001 0.747544
29600001 0.747382
29610001 0.748294
29620001 0.747626
29630001 0.747138
29640001 0.749018
29650001 0.747824
29660001 0.747376
29670001 0.749656
29680001 0.747945
29690001 0.747306
29700001 0.749315
29710001 0.747801
29720001 0.747582
29730001 0.750127
29740001 0.747557
29750001 0.747859
29760001 0.749291
29770001 0.747426
29780001 0.747737
29790001 0.749318
29800001 0.747221
29810001 0.747974
29820001 0.74896
29830001 0.747412
29840001 0.748309
29850001 0.748613
29860001 0.74749
29870001 0.748117
29880001 0.748529
29890001 0.747491
29900001 0.7486
29910001 0.748558
29920001 0.747992
29930001 0.749301
29940001 0.748948
29950001 0.748102
29960001 0.749295
29970001 0.748854
29980001 0.747784
29990001 0.748786
