1 2192.84
10001 146.754
20001 108.999
30001 50.0644
40001 40.5055
50001 27.935
60001 24.1151
70001 20.2046
80001 18.2642
90001 16.301
100001 15.5746
110001 14.2073
120001 13.9869
130001 13.0364
140001 12.9315
150001 12.7959
160001 12.285
170001 12.3202
180001 11.6615
190001 11.7862
200001 11.4075
210001 11.7215
220001 11.1413
230001 11.3023
240001 10.871
250001 11.0578
260001 10.8716
270001 11.0986
280001 11.4363
290001 10.9029
300001 10.6807
310001 10.6641
320001 10.9093
330001 10.4452
340001 10.7541
350001 10.549
360001 10.9359
370001 10.6209
380001 10.8396
390001 10.5304
400001 10.68
410001 10.3456
420001 10.4836
430001 10.6156
440001 10.3832
450001 10.6644
460001 10.349
470001 10.4294
480001 10.2471
490001 10.4097
500001 10.4924
510001 10.6737
520001 10.212
530001 10.5534
540001 10.3239
550001 10.592
560001 10.4449
570001 10.6814
580001 10.3325
590001 10.5678
600001 11.1252
610001 10.434
620001 10.6193
630001 10.2441
640001 10.4804
650001 10.3479
660001 10.6596
670001 10.1859
680001 10.3673
690001 10.171
700001 10.4915
710001 10.2046
720001 10.4475
730001 10.3328
740001 10.3951
750001 10.3204
760001 10.4213
770001 10.5143
780001 10.1192
790001 10.355
800001 10.1663
810001 10.6122
820001 10.5016
830001 10.3295
840001 10.3314
850001 10.3159
860001 10.1493
870001 10.2306
880001 10.2831
890001 10.1504
900001 10.4365
910001 10.0779
920001 10.2209
930001 10.2259
940001 10.2848
950001 10.1323
960001 10.5254
970001 9.99456
980001 10.6422
990001 10.1045
1000001 10.9823
1010001 10.1217
1020001 10.8052
1030001 10.5194
1040001 10.374
1050001 10.8782
1060001 10.2358
1070001 10.5898
1080001 10.1871
1090001 10.4081
1100001 10.1614
1110001 10.4318
1120001 10.1804
1130001 10.4306
1140001 10.2409
1150001 10.371
1160001 10.2004
1170001 10.309
1180001 10.3413
1190001 10.228
1200001 10.7457
1210001 10.3564
1220001 10.5163
1230001 10.0909
1240001 10.3873
1250001 10.1421
1260001 10.495
1270001 10.3416
1280001 10.4161
1290001 10.1501
1300001 10.2581
1310001 10.0078
1320001 10.1646
1330001 10.2023
1340001 10.2205
1350001 10.3691
1360001 10.0609
1370001 10.1076
1380001 10.2318
1390001 10.3866
1400001 10.0059
1410001 10.4269
1420001 10.0072
1430001 10.6171
1440001 10.1573
1450001 10.6637
1460001 10.0381
1470001 10.6227
1480001 10.5476
1490001 10.3537
1500001 10.5782
1510001 10.1264
1520001 10.4868
1530001 10.2468
1540001 10.3959
1550001 10.119
1560001 10.3064
1570001 10.1948
1580001 10.467
1590001 10.1065
1600001 10.3348
1610001 10.6679
1620001 10.2848
1630001 10.063
1640001 10.2584
1650001 10.4266
1660001 10.0888
1670001 10.2984
1680001 10.0874
1690001 10.621
1700001 10.1935
1710001 10.353
1720001 10.1413
1730001 10.2904
1740001 10.0212
1750001 10.2847
1760001 10.1549
1770001 10.0813
1780001 10.215
1790001 10.0166
1800001 10.1704
1810001 9.98278
1820001 10.2499
1830001 10.3
1840001 10.4217
1850001 9.94912
1860001 10.4109
1870001 10.0449
1880001 10.4463
1890001 10.1483
1900001 10.9471
1910001 10.5646
1920001 10.3718
1930001 10.9433
1940001 10.2731
1950001 10.4513
1960001 10.0918
1970001 10.264
1980001 10.1667
1990001 10.4715
2000001 10.0781
2010001 10.2832
2020001 10.0082
2030001 10.3965
2040001 10.0153
2050001 10.3316
2060001 10.1528
2070001 10.3391
2080001 10.2648
2090001 10.4734
2100001 10.4478
2110001 10.0203
2120001 10.245
2130001 10.1022
2140001 10.4271
2150001 10.4927
2160001 10.2775
2170001 10.2009
2180001 10.2124
2190001 10.0676
2200001 10.1215
2210001 10.1805
2220001 10.0877
2230001 10.3789
2240001 10.0173
2250001 10.1705
2260001 10.2388
2270001 10.1805
2280001 10.0286
2290001 10.466
2300001 9.99361
2310001 10.5192
2320001 10.0967
2330001 10.9806
2340001 10.1436
2350001 10.6229
2360001 10.5059
2370001 10.3589
2380001 10.789
2390001 10.168
2400001 10.4607
2410001 10.2304
2420001 10.412
2430001 10.148
2440001 10.3444
2450001 9.98833
2460001 10.3632
2470001 10.2001
2480001 10.3982
2490001 10.1758
2500001 10.3266
2510001 10.1282
2520001 10.2065
2530001 10.5126
2540001 10.0624
2550001 10.395
2560001 10.0857
2570001 10.3854
2580001 10.1297
2590001 10.4343
2600001 10.2553
2610001 10.3684
2620001 10.0788
2630001 10.2563
2640001 10.0534
2650001 10.0904
2660001 10.1349
2670001 10.1106
2680001 10.2352
2690001 9.96746
2700001 10.072
2710001 10.2051
2720001 10.4172
2730001 9.95429
2740001 10.3814
2750001 10.1189
2760001 10.5121
2770001 10.1329
2780001 10.6801
2790001 9.97531
2800001 10.5512
2810001 10.7907
2820001 10.3076
2830001 10.5158
2840001 10.0918
2850001 10.4171
2860001 10.1414
2870001 10.6755
2880001 10.0711
2890001 10.2635
2900001 10.2412
2910001 10.5409
2920001 10.1523
2930001 10.3398
2940001 10.3726
2950001 10.3381
2960001 10.221
2970001 10.2357
2980001 10.6196
2990001 10.056
3000001 10.2988
3010001 10.1613
3020001 10.5789
3030001 10.1568
3040001 10.2527
3050001 10.1447
3060001 10.2425
3070001 9.9908
3080001 10.2152
3090001 10.0835
3100001 10.0417
3110001 10.3564
3120001 10.0092
3130001 10.1634
3140001 10.0347
3150001 10.2878
3160001 10.1345
3170001 10.4013
3180001 9.9405
3190001 10.6854
3200001 10.0799
3210001 10.8426
3220001 10.1111
3230001 10.8723
3240001 10.4383
3250001 10.3496
3260001 10.8871
3270001 10.2421
3280001 10.4875
3290001 10.2003
3300001 10.3488
3310001 10.1284
3320001 10.3918
3330001 10.1122
3340001 10.3288
3350001 10.0174
3360001 10.3798
3370001 10.0447
3380001 10.2461
3390001 10.1674
3400001 10.2169
3410001 10.3549
3420001 10.3791
3430001 10.5595
3440001 10.0309
3450001 10.3604
3460001 10.1408
3470001 10.4216
3480001 10.3784
3490001 10.2042
3500001 10.1192
3510001 10.2771
3520001 10.0035
3530001 10.1112
3540001 10.115
3550001 10.1453
3560001 10.3007
3570001 10.0037
3580001 10.093
3590001 10.1643
3600001 10.124
3610001 10.0461
3620001 10.3895
3630001 10.0474
3640001 10.6043
3650001 10.0728
3660001 10.7904
3670001 10.0852
3680001 10.5665
3690001 10.6071
3700001 10.3526
3710001 10.6574
3720001 10.0837
3730001 10.3709
3740001 10.2702
3750001 10.4527
3760001 10.1091
3770001 10.3041
3780001 10.0066
3790001 10.3806
3800001 10.1053
3810001 10.4188
3820001 10.6689
3830001 10.2391
3840001 9.99488
3850001 10.1117
3860001 10.3934
3870001 10.069
3880001 10.2855
3890001 10.084
3900001 10.5179
3910001 10.1691
3920001 10.5036
3930001 10.1368
3940001 10.3411
3950001 9.98378
3960001 10.195
3970001 10.2017
3980001 10.0953
3990001 10.1027
4000001 10.0541
4010001 10.3116
4020001 9.98734
4030001 10.198
4040001 10.2208
4050001 10.4834
4060001 9.9578
4070001 10.3605
4080001 10.0995
4090001 10.4326
4100001 10.2064
4110001 10.545
4120001 10.1761
4130001 10.3866
4140001 10.8846
4150001 10.2744
4160001 10.5001
4170001 10.089
4180001 10.3174
4190001 10.2103
4200001 10.4654
4210001 10.0354
4220001 10.2216
4230001 10.0059
4240001 10.3695
4250001 10.0789
4260001 10.3305
4270001 10.1977
4280001 10.2844
4290001 10.254
4300001 10.3112
4310001 10.4373
4320001 10.0329
4330001 10.2612
4340001 10.0901
4350001 10.5241
4360001 10.4151
4370001 10.2405
4380001 10.2468
4390001 10.2612
4400001 10.0607
4410001 10.1595
4420001 10.1855
4430001 10.0612
4440001 10.3212
4450001 10.0044
4460001 10.2323
4470001 10.1683
4480001 10.2303
4490001 10.033
4500001 10.4912
4510001 9.93503
4520001 10.6001
4530001 10.0256
4540001 10.9597
4550001 10.0469
4560001 10.7845
4570001 10.4462
4580001 10.3129
4590001 10.8033
4600001 10.1796
4610001 10.5514
4620001 10.15
4630001 10.3163
4640001 10.1253
4650001 10.356
4660001 10.0985
4670001 10.3476
4680001 10.1763
4690001 10.3473
4700001 10.1381
4710001 10.2481
4720001 10.2719
4730001 10.1746
4740001 10.6885
4750001 10.3394
4760001 10.4585
4770001 10.059
4780001 10.3503
4790001 10.096
4800001 10.4618
4810001 10.28
4820001 10.3705
4830001 10.103
4840001 10.2239
4850001 9.95813
4860001 10.1299
4870001 10.1518
4880001 10.2011
4890001 10.3856
4900001 10.0365
4910001 10.0682
4920001 10.1773
4930001 10.3754
4940001 9.96079
4950001 10.4044
4960001 9.97688
4970001 10.5873
4980001 10.1134
4990001 10.6824
5000001 10.0089
5010001 10.5871
5020001 10.5162
5030001 10.3336
5040001 10.5436
5050001 10.1
5060001 10.4508
5070001 10.2302
5080001 10.3644
5090001 10.0751
5100001 10.2789
5110001 10.1521
5120001 10.4526
5130001 10.0764
5140001 10.3181
5150001 10.6311
5160001 10.2571
5170001 10.057
5180001 10.262
5190001 10.4127
5200001 10.0712
5210001 10.2853
5220001 10.0658
5230001 10.6298
5240001 10.1776
5250001 10.3292
5260001 10.1064
5270001 10.2578
5280001 9.99811
5290001 10.2718
5300001 10.1195
5310001 10.0555
5320001 10.1785
5330001 9.99917
5340001 10.1822
5350001 9.95837
5360001 10.2509
5370001 10.2499
5380001 10.4072
5390001 9.93411
5400001 10.3952
5410001 10.0201
5420001 10.4263
5430001 10.1108
5440001 10.9476
5450001 10.5379
5460001 10.3528
5470001 10.9142
5480001 10.254
5490001 10.4384
5500001 10.0805
5510001 10.2326
5520001 10.1641
5530001 10.4427
5540001 10.0479
5550001 10.2693
5560001 9.98663
5570001 10.3916
5580001 9.99321
5590001 10.3184
5600001 10.0873
5610001 10.2892
5620001 10.2463
5630001 10.4529
5640001 10.4472
5650001 10.0298
5660001 10.2294
5670001 10.0964
5680001 10.4175
5690001 10.4716
5700001 10.2607
5710001 10.1772
5720001 10.1946
5730001 10.0431
5740001 10.1043
5750001 10.1604
5760001 10.0906
5770001 10.372
5780001 10.0116
5790001 10.1536
5800001 10.213
5810001 10.1641
5820001 10.0114
5830001 10.4594
5840001 9.97859
5850001 10.5067
5860001 10.0772
5870001 10.9635
5880001 10.124
5890001 10.6145
5900001 10.4922
5910001 10.349
5920001 10.7643
5930001 10.1548
5940001 10.4906
5950001 10.2341
5960001 10.3911
5970001 10.1312
5980001 10.3276
5990001 9.97611
6000001 10.3505
6010001 10.1855
6020001 10.3921
6030001 10.26
6040001 10.3283
6050001 10.1066
6060001 10.2015
6070001 10.5099
6080001 10.0623
6090001 10.3871
6100001 10.0837
6110001 10.3822
6120001 10.1253
6130001 10.4204
6140001 10.2346
6150001 10.3423
6160001 10.0691
6170001 10.2487
6180001 10.0398
6190001 10.0823
6200001 10.1183
6210001 10.1051
6220001 10.2322
6230001 9.9549
6240001 10.0726
6250001 10.1948
6260001 10.4105
6270001 9.96356
6280001 10.3791
6290001 10.0989
6300001 10.5017
6310001 10.123
6320001 10.6998
6330001 9.96163
6340001 10.5216
6350001 10.7713
6360001 10.3084
6370001 10.5209
6380001 10.0858
6390001 10.4234
6400001 10.1381
6410001 10.6957
6420001 10.0794
6430001 10.2583
6440001 10.2379
6450001 10.5275
6460001 10.1354
6470001 10.3373
6480001 10.3649
6490001 10.3279
6500001 10.2234
6510001 10.2275
6520001 10.628
6530001 10.0486
6540001 10.2911
6550001 10.1464
6560001 10.572
6570001 10.1513
6580001 10.2411
6590001 10.1363
6600001 10.2404
6610001 9.98343
6620001 10.2072
6630001 10.0828
6640001 10.015
6650001 10.3487
6660001 9.99864
6670001 10.1707
6680001 10.0044
6690001 10.2873
6700001 10.1245
6710001 10.4032
6720001 9.93245
6730001 10.682
6740001 10.0585
6750001 10.8312
6760001 10.0981
6770001 10.8925
6780001 10.4256
6790001 10.3404
6800001 10.8865
6810001 10.2336
6820001 10.4943
6830001 10.1839
6840001 10.3315
6850001 10.118
6860001 10.3781
6870001 10.0968
6880001 10.3327
6890001 9.9863
6900001 10.3836
6910001 10.0407
6920001 10.2236
6930001 10.1501
6940001 10.2063
6950001 10.3173
6960001 10.3783
6970001 10.5698
6980001 10.0852
6990001 10.3531
7000001 10.1311
7010001 10.4217
7020001 10.3634
7030001 10.1974
7040001 10.1117
7050001 10.2593
7060001 9.99306
7070001 10.1025
7080001 10.1105
7090001 10.1366
7100001 10.301
7110001 9.99498
7120001 10.0925
7130001 10.1533
7140001 10.1416
7150001 10.0356
7160001 10.3914
7170001 10.037
7180001 10.5997
7190001 10.0536
7200001 10.7735
7210001 10.0809
7220001 10.5661
7230001 10.604
7240001 10.3422
7250001 10.6513
7260001 10.08
7270001 10.4074
7280001 10.2775
7290001 10.4371
7300001 10.103
7310001 10.3046
7320001 10.0027
7330001 10.38
7340001 10.0954
7350001 10.4262
7360001 10.6963
7370001 10.2385
7380001 9.99665
7390001 10.1503
7400001 10.3945
7410001 10.0813
7420001 10.2798
7430001 10.0816
7440001 10.5275
7450001 10.1684
7460001 10.5223
7470001 10.122
7480001 10.3248
7490001 9.98206
7500001 10.1894
7510001 10.1958
7520001 10.0911
7530001 10.0918
7540001 10.0495
7550001 10.3143
7560001 9.97613
7570001 10.1923
7580001 10.208
7590001 10.4701
7600001 9.9546
7610001 10.3613
7620001 10.0249
7630001 10.4299
7640001 10.1947
7650001 10.55
7660001 10.1741
7670001 10.3807
7680001 10.8723
7690001 10.2712
7700001 10.4939
7710001 10.0895
7720001 10.2946
7730001 10.1948
7740001 10.4537
7750001 10.0272
7760001 10.2202
7770001 10.0096
7780001 10.361
7790001 10.0671
7800001 10.3231
7810001 10.1801
7820001 10.2771
7830001 10.2656
7840001 10.3127
7850001 10.4455
7860001 10.0348
7870001 10.2574
7880001 10.0896
7890001 10.5327
7900001 10.45
7910001 10.2359
7920001 10.2401
7930001 10.2519
7940001 10.1426
7950001 10.1532
7960001 10.175
7970001 10.0563
7980001 10.3103
7990001 9.99814
8000001 10.2311
8010001 10.1575
8020001 10.212
8030001 10.0241
8040001 10.4889
8050001 9.93226
8060001 10.6085
8070001 10.018
8080001 10.9344
8090001 10.0396
8100001 10.7698
8110001 10.4362
8120001 10.3154
8130001 10.7884
8140001 10.1786
8150001 10.5469
8160001 10.1448
8170001 10.3296
8180001 10.1239
8190001 10.3541
8200001 10.0993
8210001 10.3435
8220001 10.1799
8230001 10.3424
8240001 10.1382
8250001 10.2353
8260001 10.2724
8270001 10.1637
8280001 10.7001
8290001 10.342
8300001 10.4577
8310001 10.0603
8320001 10.3488
8330001 10.0946
8340001 10.4686
8350001 10.2766
8360001 10.3758
8370001 10.1054
8380001 10.2152
8390001 9.95051
8400001 10.1248
8410001 10.1573
8420001 10.1997
8430001 10.3988
8440001 10.0341
8450001 10.0709
8460001 10.1818
8470001 10.3728
8480001 9.94872
8490001 10.4023
8500001 9.97137
8510001 10.5828
8520001 10.1108
8530001 10.6794
8540001 10.0075
8550001 10.5802
8560001 10.5116
8570001 10.3369
8580001 10.5289
8590001 10.0995
8600001 10.4573
8610001 10.2302
8620001 10.3681
8630001 10.0555
8640001 10.2785
8650001 10.1455
8660001 10.4568
8670001 10.0787
8680001 10.3156
8690001 10.6243
8700001 10.2804
8710001 10.0567
8720001 10.271
8730001 10.4674
8740001 10.0701
8750001 10.2829
8760001 10.0735
8770001 10.6372
8780001 10.1778
8790001 10.3108
8800001 10.1085
8810001 10.2463
8820001 9.99622
8830001 10.266
8840001 10.1222
8850001 10.0525
8860001 10.1644
8870001 9.99393
8880001 10.2244
8890001 9.9628
8900001 10.2689
8910001 10.1951
8920001 10.4039
8930001 9.93377
8940001 10.397
8950001 10.0127
8960001 10.4359
8970001 10.1093
8980001 10.9167
8990001 10.5269
9000001 10.3501
9010001 10.9081
9020001 10.248
9030001 10.3999
9040001 10.0817
9050001 10.2269
9060001 10.1651
9070001 10.4386
9080001 10.1
9090001 10.2681
9100001 9.98167
9110001 10.3912
9120001 9.99056
9130001 10.3191
9140001 10.1016
9150001 10.3093
9160001 10.2651
9170001 10.4441
9180001 10.4393
9190001 10.0135
9200001 10.2507
9210001 10.1137
9220001 10.4148
9230001 10.4557
9240001 10.2536
9250001 10.177
9260001 10.1836
9270001 10.0376
9280001 10.0848
9290001 10.1567
9300001 10.091
9310001 10.3829
9320001 10.01
9330001 10.1471
9340001 10.2001
9350001 10.1604
9360001 10.0144
9370001 10.464
9380001 9.97595
9390001 10.5082
9400001 10.0732
9410001 10.9613
9420001 10.1122
9430001 10.6221
9440001 10.4882
9450001 10.3741
9460001 10.7631
9470001 10.1698
9480001 10.6528
9490001 10.2337
9500001 10.4169
9510001 10.1319
9520001 10.326
9530001 9.97506
9540001 10.3506
9550001 10.1503
9560001 10.394
9570001 10.2579
9580001 10.3259
9590001 10.1112
9600001 10.2005
9610001 10.4938
9620001 10.0714
9630001 10.376
9640001 10.0855
9650001 10.3861
9660001 10.1219
9670001 10.4224
9680001 10.233
9690001 10.3346
9700001 10.064
9710001 10.2415
9720001 10.0251
9730001 10.0796
9740001 10.1113
9750001 10.1039
9760001 10.2644
9770001 9.95015
9780001 10.07
9790001 10.179
9800001 10.4119
9810001 9.96284
9820001 10.38
9830001 10.0901
9840001 10.4968
9850001 10.1442
9860001 10.7018
9870001 9.95776
9880001 10.5123
9890001 10.7685
9900001 10.3278
9910001 10.5232
9920001 10.0691
9930001 10.4277
9940001 10.1345
9950001 10.6948
9960001 10.0691
9970001 10.2654
9980001 10.256
9990001 10.5292
